sn ebv e_ebv sbv e_sbv 
ZTF18aauhxce 0.182140 0.019131 1.203023 0.027713 
ZTF18aavrzxp 0.048281 0.009947 0.825408 0.010229 
ZTF18abckujq 0.008263 0.012123 1.037151 0.026442 
ZTF18aaxsioa 0.150005 0.005636 0.795653 0.003822 
ZTF18abimsyv 0.032537 0.008883 1.123786 0.014084 
ZTF18abssdpi 0.322650 0.016159 1.193959 0.025680 
ZTF18abklljv -0.041577 0.018949 1.106165 0.030972 
ZTF18aaqcqkv 0.041984 0.019074 0.795760 0.027020 
ZTF18abrzeym 0.331429 0.007493 1.024925 0.013675 
ZTF18abxygvv 0.019793 0.007148 1.035174 0.012091 
ZTF18aaqcozd -0.029604 0.009338 0.829141 0.009640 
ZTF18abixjey -0.000297 0.030223 1.119300 0.055719 
ZTF18abjdjge 0.084297 0.024752 1.289229 0.035087 
ZTF18abkhcrj 0.310421 0.009928 1.095606 0.014439 
ZTF18aazabmh 0.244980 0.010928 0.963373 0.011276 
ZTF18abdfazk 0.048179 0.010588 0.946288 0.014614 
ZTF18abjvhec 0.052460 0.012011 1.057648 0.017879 
ZTF18abgmcmv 0.769542 0.006181 1.196055 0.005578 
ZTF18abetehf -0.068934 0.016628 0.852382 0.013358 
ZTF18abfhaji 0.056025 0.005586 0.967400 0.006135 
ZTF18abptsco 0.168339 0.022243 0.817661 0.035565 
ZTF18abkifng 0.049295 0.020263 1.064224 0.031853 
ZTF18aawurud 0.235645 0.021726 1.084408 0.034522 
ZTF18aazjztm 0.191436 0.012150 0.799660 0.009991 
ZTF18abetewu 0.171867 0.019023 1.118686 0.037157 
ZTF18abdkimx 0.078508 0.009113 0.932292 0.009938 
ZTF18aaxcntm 0.212892 0.008836 0.810757 0.006467 
ZTF18aailmnv 0.028127 0.010353 1.025840 0.017827 
ZTF18abgxvra 0.002523 0.009381 1.173380 0.017276 
ZTF18abtnlik 0.133540 0.009174 0.830423 0.011752 
ZTF18abcysdx 0.277505 0.010273 1.058223 0.017776 
ZTF18abauprj 0.028857 0.006589 1.136847 0.009324 
ZTF18abpamut 0.185272 0.016410 1.189040 0.028072 
ZTF18abjtgdo 0.101772 0.012507 0.873968 0.010704 
ZTF18aaxrvzj 0.024311 0.011027 1.120108 0.022829 
ZTF18abpaywm 0.308540 0.005747 1.118099 0.010129 
ZTF18abwnsoc 0.098487 0.010522 1.100396 0.024144 
ZTF18abdbuty 0.137533 0.008176 0.882792 0.007517 
ZTF18abjstcm 0.086572 0.034984 0.901866 0.030773 
ZTF18aapsedq 0.011178 0.005868 0.973174 0.006815 
ZTF18aaxdrjn -0.016491 0.013197 0.748627 0.008562 
ZTF18aazblzy 0.015653 0.005954 0.781932 0.004575 
ZTF18abdpvnd 0.073986 0.009665 1.421574 0.009058 
ZTF18abaxlpi 0.159967 0.006028 1.022677 0.008971 
ZTF18abrzrnb 0.059714 0.017157 1.064958 0.091735 
ZTF18aaqqoqs 0.044325 0.008063 1.101181 0.015554 
ZTF18aaumeys 0.081977 0.007235 1.087604 0.011091 
ZTF18aaxwjmp 0.099638 0.005011 1.069381 0.008893 
ZTF18abssuxz 0.149955 0.014520 1.189398 0.062159 
ZTF18abfzkno 0.049652 0.014325 0.915684 0.017009 
ZTF18abkhdxe 0.167039 0.024226 1.109118 0.037682 
ZTF18abatffv 0.117500 0.036474 1.190639 0.048279 
ZTF18abkudjo 0.050250 0.017255 1.106322 0.039299 
ZTF18abwmuua 0.057986 0.037901 0.857415 0.097556 
ZTF18abcrxoj 0.161365 0.011377 0.834730 0.008744 
ZTF18aaxakhh 0.018313 0.011478 1.060946 0.017780 
ZTF18abealop 0.428170 0.009625 1.003360 0.011862 
ZTF18abpttky 0.073280 0.013103 0.759773 0.013653 
ZTF18aaqnrum 0.063450 0.007834 1.010183 0.008430 
ZTF18aaslhxt -0.018030 0.003148 1.028193 0.004524 
ZTF18abcflnz 0.049806 0.004792 1.040290 0.006905 
ZTF18absdgon 0.294982 0.004731 0.982522 0.008538 
ZTF18abmmkaz 0.027967 0.007106 1.061066 0.013863 
ZTF18aaumlfl 0.027089 0.012444 0.841339 0.009084 
ZTF18abddmrf 0.008201 0.031023 1.347172 0.040338 
ZTF18aaytovs 0.092181 0.013146 1.295385 0.013238 
ZTF18abukmty 0.085180 0.013362 1.065648 0.032105 
ZTF18aazixbw 0.146876 0.005735 0.772245 0.004690 
ZTF18abfhryc 0.084180 0.005274 1.087292 0.007901 
ZTF18abvbayb 0.047712 0.013772 1.006181 0.031183 
ZTF18aawpcel 0.083365 0.029229 1.385892 0.036039 
ZTF18abdmgab 0.113281 0.019094 0.620940 0.020157 
ZTF18aarqnje -0.075798 0.009552 1.001838 0.014410 
ZTF18abuqugw 0.006670 0.005543 0.948960 0.022392 
ZTF18abwdcdv 0.456579 0.009976 0.962931 0.014091 
ZTF18aansqun 0.330249 0.031240 0.813462 0.026358 
ZTF18aazcoob 0.105462 0.009761 1.189191 0.011508 
ZTF18aarldnh 0.140860 0.029758 0.806219 0.023501 
ZTF18abtcdfv 0.038042 0.010069 1.164599 0.029756 
ZTF18abbpeqo 0.127862 0.004611 1.000015 0.006055 
ZTF18abclalx 0.032567 0.010367 0.851831 0.011029 
ZTF18abcsgvj 0.136711 0.011365 0.799624 0.008330 
ZTF18abucvbf 0.014931 0.003587 1.005002 0.007299 
ZTF18aaoxryq 0.155038 0.015101 0.938932 0.013435 
ZTF18abckujg 0.077834 0.010287 1.075383 0.018662 
ZTF18abnvoel 0.049783 0.007915 1.064946 0.015063 
ZTF18abfwuwn 0.058512 0.010508 1.062345 0.015530 
ZTF18abmxdhb 0.026267 0.010515 1.103198 0.019676 
ZTF18abqbavl 0.026786 0.018361 1.160617 0.030183 
ZTF18abfgygp 0.036703 0.004216 0.989262 0.004615 
ZTF18aazsabq 0.123181 0.007335 0.847381 0.006095 
ZTF18aatzygk 0.132739 0.016087 1.125901 0.023054 
ZTF18abxxssh 0.000228 0.009937 1.242541 0.011604 
ZTF18abbvsiv 0.084617 0.008712 0.762088 0.007276 
ZTF18aasdted 0.257045 0.006197 1.115750 0.008207 
ZTF18abkigee 0.014447 0.022446 1.110553 0.034954 
ZTF18aaqcugm 0.005147 0.010388 0.877775 0.008065 
ZTF18abdfydj 0.053703 0.007303 1.017550 0.010863 
ZTF18abeegsl 0.108688 0.011281 0.605831 0.009482 
ZTF18aawjywv 0.089541 0.013459 0.789961 0.008480 
ZTF18abdefet 0.265446 0.009393 0.988484 0.013718 
ZTF18aaqffyp 0.125367 0.008782 1.189148 0.011419 
ZTF18abkhcwl 0.027447 0.007626 0.985563 0.009032 
ZTF18abpmmpo 0.033848 0.007930 1.102655 0.019943 
ZTF18aaqcqvr 0.084810 0.009631 1.017615 0.012700 
ZTF18aasesgl 0.521398 0.047549 0.938613 0.037289 
ZTF18abokpvh -0.028484 0.009969 1.075375 0.024045 
ZTF18aavrwhu 0.044228 0.006324 1.128050 0.012238 
ZTF18abclfee 0.087442 0.020399 0.547854 0.013931 
ZTF18aboaeqy 0.031339 0.024325 1.131483 0.040615 
ZTF18abcecfi 0.172220 0.019073 1.036422 0.025654 
ZTF18aaykjei -0.177228 0.034378 1.987697 0.020535 
ZTF18abqjvyl 0.035182 0.013040 1.100557 0.040015 
ZTF18abtogdl 0.018039 0.008412 0.985892 0.016420 
ZTF18aauocnw 0.130657 0.010921 0.999154 0.016654 
ZTF18aaydmkh 0.273972 0.008741 1.058391 0.015363 
ZTF18abslxhz 0.010687 0.009170 1.093030 0.021181 
ZTF18abwtops 0.015350 0.015808 0.824007 0.024099 
ZTF18aaxqyki 0.025361 0.007906 1.086330 0.016955 
ZTF18aaunfqq 0.158044 0.009789 0.879899 0.008369 
ZTF18abeecwe 0.135339 0.004813 0.937145 0.004162 
ZTF18abjtger 0.069056 0.020795 1.107907 0.029819 
ZTF18aapqwyv 0.258586 0.017817 0.754928 0.014480 
ZTF18abdfwur 0.139383 0.010984 0.873795 0.010659 
ZTF18aaxvpsw 0.082799 0.009514 1.008637 0.012096 
ZTF18aayjvve 0.163777 0.007471 0.974754 0.008683 
ZTF18abhpgje -0.044362 0.018203 1.298375 0.022324 
