t mag mag_unc fid
-16.274229181951195 -16.12360191345215 0.33418789505958557 1
-14.493774102055587 -16.621492385864258 0.23103414475917816 1
-12.655540055692278 -17.443096160888672 0.20947915315628052 1
-11.748703500882593 -17.843599319458008 0.07816990464925766 1
-10.832856474167297 -18.033248901367188 0.04432829096913338 1
-9.872201138148325 -18.40709114074707 0.024595940485596657 1
-8.890000403058961 -18.59573745727539 0.02475830540060997 1
-8.046283364143624 -18.840946197509766 0.03041895478963852 1
-6.15015390310021 -19.06362533569336 0.012649799697101116 1
-5.219674349388585 -19.175161361694336 0.013692059554159641 1
-4.216754646732932 -19.2430477142334 0.011737789958715439 1
-3.345258766785264 -19.339153289794922 0.011183545924723148 1
-2.40720303592421 -19.367549896240234 0.01237461157143116 1
-0.4781619888006754 -19.411571502685547 0.019946051761507988 1
0.3533104090989467 -19.444028854370117 0.01883104257285595 1
1.3836181231819398 -19.366222381591797 0.022068288177251816 1
5.125453950124048 -19.23270606994629 0.01782313920557499 1
6.032071840173831 -19.21119499206543 0.02409530058503151 1
6.998162778946103 -19.122217178344727 0.01932932250201702 1
7.792299163707819 -19.019790649414062 0.023370465263724327 1
8.738307590028581 -18.985641479492188 0.02294107712805271 1
9.743686942435579 -18.929086685180664 0.016166744753718376 1
10.53828410812927 -18.861398696899414 0.026754140853881836 1
11.613941542825014 -18.83289337158203 0.031048430129885674 1
12.46852088775001 -18.70342445373535 0.038061607629060745 1
13.317763197346551 -18.63866424560547 0.05835587903857231 1
14.24767983277574 -18.679615020751953 0.05227052420377731 1
15.18114792402889 -18.577346801757812 0.04663483798503876 1
16.101774442369692 -18.45391273498535 0.07079824060201645 1
17.029152509278607 -18.290273666381836 0.07478055357933044 1
17.954618564450275 -18.200502395629883 0.028247155249118805 1
18.969842874562733 -18.13412857055664 0.04736563190817833 1
19.842781876923592 -18.05558967590332 0.03886767104268074 1
20.739847955598623 -17.75055694580078 0.07408934086561203 1
23.58751115259337 -17.715171813964844 0.0853787362575531 1
27.38749702611668 -17.221755981445312 0.30392763018608093 1
30.03523856934617 -16.999919891357422 0.15327969193458557 1
32.80122713774415 -16.78984832763672 0.28525510430336 1
35.613632992907085 -17.05870246887207 0.0925171822309494 1
36.64136003723652 -16.909469604492188 0.11410282552242279 1
37.55075669177499 -16.872745513916016 0.14249254763126373 1
38.40039516747219 -16.817768096923828 0.15671567618846893 1
45.80867927535316 -16.367794036865234 0.18795013427734375 1
46.76812626966743 -16.56821632385254 0.11572755128145218 1
47.729294331221524 -16.475690841674805 0.1396486461162567 1
48.6262491640209 -16.22557258605957 0.18396496772766113 1
49.58862555775874 -16.5345458984375 0.11813625693321228 1
50.55457939173971 -16.467966079711914 0.110227070748806 1
51.45069615885989 -16.293121337890625 0.12478708475828171 1
52.39932561989139 -16.223520278930664 0.1969444453716278 1
53.308127997148794 -16.32018280029297 0.12379860132932663 1
54.26513949854015 -16.298316955566406 0.14023295044898987 1
55.150997212163574 -16.167667388916016 0.16516999900341034 1
56.10904316928542 -16.142087936401367 0.13956241309642792 1
57.0327774167137 -16.383991241455078 0.1295778900384903 1
57.95508915719448 -16.091033935546875 0.20583343505859375 1
58.88549251902543 -16.139434814453125 0.1562003195285797 1
59.84187122091623 -16.420677185058594 0.15072286128997803 1
60.752938708401246 -15.703264236450195 0.3585101068019867 1
61.66949026506449 -16.2315731048584 0.16351917386054993 1
62.56847636346605 -16.049558639526367 0.22655482590198517 1
63.48956180312307 -16.373998641967773 0.17133919894695282 1
69.03226688317261 -16.836238861083984 0.24035687744617462 1
69.96129783126612 -16.460220336914062 0.3007053732872009 1
71.81936341379405 -15.98324966430664 0.2668102979660034 1
73.6578430302725 -15.659588813781738 0.2958599925041199 1
-14.473827819333005 -16.378700256347656 0.22647534310817719 2
-12.590664474390529 -17.437231063842773 0.11855441331863403 2
-11.669671375020561 -17.7927188873291 0.1037285327911377 2
-10.684379863338094 -18.013784408569336 0.07855098694562912 2
-9.777578275969258 -18.287744522094727 0.03719716891646385 2
-8.823047893218778 -18.557018280029297 0.032438259571790695 2
-7.920899349662949 -18.583345413208008 0.044753897935152054 2
-7.005243308558284 -18.851301193237305 0.01768587902188301 2
-6.053671003648229 -18.968582153320312 0.01915976218879223 2
-5.09764460957571 -19.032432556152344 0.023743217810988426 2
-4.2422154739145945 -19.002939224243164 0.020787708461284637 2
-3.353096746846507 -19.182668685913086 0.015107032842934132 2
-2.373043742449781 -19.23910140991211 0.018518026918172836 2
0.3176380418843441 -19.262582778930664 0.016491366550326347 2
1.2687415431589442 -19.332590103149414 0.017288124188780785 2
4.9964180765812 -19.23606300354004 0.018873920664191246 2
7.800140706770343 -19.083480834960938 0.02112400531768799 2
8.775665179815933 -19.04501724243164 0.018038053065538406 2
9.658865985065892 -18.984880447387695 0.02063671313226223 2
10.596251269702048 -18.924821853637695 0.019756993278861046 2
11.512815381043684 -18.7912540435791 0.03685807064175606 2
12.406475185485881 -18.83782196044922 0.04556642100214958 2
13.367295446528681 -18.7125244140625 0.03662635758519173 2
14.359284665342074 -18.661056518554688 0.045025214552879333 2
15.296669029042151 -18.705230712890625 0.04216549172997475 2
16.196668866440156 -18.54815101623535 0.07009914517402649 2
17.154982853178833 -18.635568618774414 0.04282177984714508 2
18.106022722877174 -18.59308624267578 0.030398527160286903 2
18.902764870303933 -18.556377410888672 0.022393817082047462 2
19.908626455654385 -18.55544090270996 0.02960626408457756 2
20.880888104542645 -18.572973251342773 0.048275455832481384 2
23.56537416374802 -18.472307205200195 0.0435236431658268 2
27.247790613758713 -18.331478118896484 0.07038402557373047 2
30.016038011150176 -18.27566146850586 0.057797033339738846 2
32.82326728678533 -17.980955123901367 0.05926685780286789 2
35.68428217954449 -17.781999588012695 0.04656609147787094 2
36.54784237927857 -17.944368362426758 0.049734458327293396 2
37.47032261470879 -17.78493309020996 0.05243228003382683 2
38.454893378360836 -17.739614486694336 0.05514335259795189 2
39.37154357255779 -17.664459228515625 0.04692762345075607 2
40.29632208792693 -17.56022071838379 0.09819995611906052 2
41.25837397763374 -17.561643600463867 0.10252629220485687 2
42.18473554879676 -17.48999786376953 0.09637822210788727 2
43.106501371094254 -17.361114501953125 0.12253227829933167 2
44.012729337328146 -17.47640037536621 0.11001436412334442 2
44.9722329925808 -17.55066680908203 0.11132252216339111 2
45.90967273838181 -17.492942810058594 0.08860806375741959 2
46.834001347481454 -17.464101791381836 0.09692635387182236 2
47.683639839191166 -17.253376007080078 0.06893990188837051 2
48.68111846324568 -17.038753509521484 0.14170923829078674 2
49.53398934321402 -17.183868408203125 0.07564563304185867 2
50.45987314156855 -17.11343765258789 0.06675770878791809 2
52.33834302970329 -17.125452041625977 0.08586090803146362 2
53.24881624120554 -17.264347076416016 0.05655713006854057 2
54.18049959685708 -17.034587860107422 0.07712588459253311 2
55.135877044753734 -17.0127010345459 0.11185946315526962 2
56.03748503734866 -17.152503967285156 0.061301980167627335 2
56.970514776877586 -17.046571731567383 0.08168856799602509 2
57.89718652433165 -17.04715919494629 0.09332361817359924 2
58.82757374554609 -16.915922164916992 0.08402159065008163 2
59.78645511200049 -16.814605712890625 0.1336338073015213 2
60.713182388697525 -17.03603744506836 0.11268769949674606 2
61.615645539250956 -17.032489776611328 0.0791739672422409 2
62.58406979551185 -16.72133445739746 0.13005313277244568 2
63.54807400868229 -16.73209571838379 0.14293265342712402 2
67.17373519187245 -16.872323989868164 0.18559876084327698 2
68.11402290912352 -16.781835556030273 0.22719302773475647 2
72.7304919145925 -16.658527374267578 0.2349364012479782 2
83.0092843557919 -16.303211212158203 0.20039820671081543 2
106.1677875150459 -16.283966064453125 0.3411988317966461 2
