t mag mag_unc fid
-14.368305807692247 -15.813626289367676 0.336152046918869 1
-13.362672898876179 -16.48830795288086 0.18399757146835327 1
-12.469900849805592 -16.97915267944336 0.13269449770450592 1
-11.553636387103115 -17.455352783203125 0.09961540997028351 1
-9.685893390042756 -17.968345642089844 0.11144726723432541 1
-8.764499496770592 -18.1872501373291 0.04564206674695015 1
-7.833950487567892 -18.389982223510742 0.027117351070046425 1
-6.857873866645878 -18.59941291809082 0.018145671114325523 1
-5.859905980946013 -18.753833770751953 0.021471500396728516 1
-5.002644853587276 -18.862228393554688 0.047440581023693085 1
-3.076077053698028 -18.995929718017578 0.013386990875005722 1
-2.1306606232979255 -19.03545570373535 0.014538643881678581 1
-1.1200475918939927 -19.04196548461914 0.02272234670817852 1
-0.22615527213534395 -19.099807739257812 0.015499575063586235 1
0.7269589548773987 -19.09851837158203 0.01739928498864174 1
2.686966666591207 -19.02651023864746 0.0346711091697216 1
3.531786591180436 -19.152931213378906 0.035174597054719925 1
4.57863371143851 -18.947391510009766 0.0341876745223999 1
5.482723040733139 -18.901399612426758 0.018853673711419106 1
6.429089400372042 -18.841442108154297 0.017851270735263824 1
7.4720211517034105 -18.761898040771484 0.041057053953409195 1
8.380536780172891 -18.65974235534668 0.02633664198219776 1
9.301708498485985 -18.57513999938965 0.05006631836295128 1
10.283307979240437 -18.48629379272461 0.024784982204437256 1
11.090192540150358 -18.444580078125 0.031200747936964035 1
12.0513871262893 -18.32190704345703 0.029850004240870476 1
13.072905712870915 -18.208354949951172 0.025631675496697426 1
13.880258451573853 -18.100675582885742 0.035904668271541595 1
14.973183286071134 -18.026464462280273 0.048229068517684937 1
15.841481090735247 -17.91771125793457 0.05374974384903908 1
16.70435618528282 -17.7991943359375 0.09898284822702408 1
17.649200660940807 -17.687044143676758 0.09588602185249329 1
18.597653603517188 -17.712800979614258 0.08137122541666031 1
19.53305882895128 -17.335304260253906 0.12935271859169006 1
20.475323984752972 -16.93166732788086 0.17519958317279816 1
21.415646435522298 -17.29277801513672 0.04565783217549324 1
22.447168019734768 -17.357358932495117 0.06642937660217285 1
23.33412020721379 -17.039419174194336 0.06907065957784653 1
24.245586780069626 -16.931737899780273 0.11178229004144669 1
27.138963172861267 -16.574731826782227 0.14574119448661804 1
33.69019518459499 -16.342924118041992 0.19724392890930176 1
36.50058583577179 -16.251140594482422 0.2475132942199707 1
39.35813890485141 -16.189165115356445 0.14259164035320282 1
40.402363928173855 -16.27171516418457 0.1550658643245697 1
41.326359018148736 -16.548479080200195 0.18200954794883728 1
42.18963663840387 -16.167680740356445 0.21276913583278656 1
50.69169392448703 -16.05051040649414 0.14231550693511963 1
51.668442681526756 -15.957416534423828 0.15144036710262299 1
52.579645042829185 -16.071943283081055 0.15707503259181976 1
53.55747034940324 -15.98241901397705 0.16355851292610168 1
54.53893052443961 -16.26019287109375 0.1278834044933319 1
55.449432546556054 -15.932281494140625 0.15853840112686157 1
57.33668151539351 -15.609403610229492 0.20248746871948242 1
58.30905580764762 -15.87691879272461 0.1865997314453125 1
59.20913408891183 -15.792073249816895 0.20236118137836456 1
60.18255944289021 -15.713671684265137 0.1769237369298935 1
61.12112228541413 -15.601005554199219 0.2371673882007599 1
62.05823978565711 -15.487387657165527 0.2934524714946747 1
63.003578801077424 -15.469460487365723 0.2409793883562088 1
63.97531013557647 -15.776113510131836 0.2198561131954193 1
64.90100288017881 -15.662153244018555 0.2996771037578583 1
65.83226772906423 -15.877227783203125 0.19362984597682953 1
66.745685143493 -15.50633430480957 0.2941160202026367 1
67.68155665725217 -15.424673080444336 0.3587784767150879 1
68.60343333310865 -16.133399963378906 0.2481101006269455 1
69.59451395205669 -15.918134689331055 0.2946178615093231 1
76.14507557423232 -15.583949089050293 0.350411593914032 1
78.02011564372212 -15.631654739379883 0.22282032668590546 1
-14.370402392014032 -15.996232986450195 0.24194423854351044 2
-13.430207459444253 -16.46014404296875 0.17836882174015045 2
-12.480553226392432 -16.87702751159668 0.1522470861673355 2
-11.533369909096034 -17.363651275634766 0.09125418961048126 2
-9.61997636881454 -17.899911880493164 0.08201291412115097 2
-8.684198677669983 -18.23647689819336 0.07522018998861313 2
-7.683090399511025 -18.434736251831055 0.06117629259824753 2
-6.761732035007845 -18.617733001708984 0.03241286799311638 2
-5.79187869049461 -18.795053482055664 0.030963918194174767 2
-3.944893106835788 -18.92300033569336 0.022141320630908012 2
-2.978045325831803 -18.984472274780273 0.023420017212629318 2
-2.0066719547061846 -18.970808029174805 0.025297176092863083 2
-1.2270048633569586 -19.004051208496094 0.027641022577881813 2
-0.23411907435054483 -19.068485260009766 0.02536582015454769 2
0.7616666033934376 -19.074443817138672 0.027249110862612724 2
3.4867799810087265 -19.02515411376953 0.03577055409550667 2
4.461913031452917 -18.966548919677734 0.029998259618878365 2
5.401835693758794 -18.952272415161133 0.0611288845539093 2
6.326687795297367 -18.9909725189209 0.025176845490932465 2
7.370364557198892 -18.853769302368164 0.025919485837221146 2
8.249429509226617 -18.876100540161133 0.03232358768582344 2
11.098159962563273 -18.663471221923828 0.03278523311018944 2
12.089344412985419 -18.57858657836914 0.02967490628361702 2
12.986723134844679 -18.56538200378418 0.03087790682911873 2
13.93915615303968 -18.497753143310547 0.0322924442589283 2
14.870433758142228 -18.462127685546875 0.04392942041158676 2
15.772733404243944 -18.507003784179688 0.056012436747550964 2
16.754683569720942 -18.41874885559082 0.04645005241036415 2
17.762597072500178 -18.335634231567383 0.06076529994606972 2
18.715029154975422 -18.335691452026367 0.0578019954264164 2
19.63543852683899 -18.2347354888916 0.0688902735710144 2
20.603174268073694 -18.318334579467773 0.060049865394830704 2
21.56948106674736 -18.327392578125 0.04179972782731056 2
22.379013220317894 -18.227558135986328 0.032549288123846054 2
23.391597119808143 -18.190465927124023 0.05031225085258484 2
24.388891029610484 -18.254051208496094 0.08550281077623367 2
27.116470821588756 -18.006473541259766 0.059151921421289444 2
30.858000661259673 -17.554973602294922 0.11553648859262466 2
33.670686402140895 -17.19782066345215 0.15354719758033752 2
36.52297979268238 -16.97151756286621 0.17286191880702972 2
39.42992221440934 -17.18117332458496 0.08861642330884933 2
40.307345042467766 -17.085355758666992 0.09298952668905258 2
41.244633742489405 -17.185487747192383 0.08163976669311523 2
42.245009702536244 -17.188188552856445 0.09667062759399414 2
43.176374772371865 -17.143413543701172 0.0739065483212471 2
44.10285897055206 -17.330354690551758 0.0994044840335846 2
45.093494239663386 -16.826322555541992 0.20425313711166382 2
46.03472658203488 -17.097993850708008 0.1384047269821167 2
46.97128940053545 -16.986783981323242 0.16867662966251373 2
47.8920649356324 -17.091955184936523 0.1582746058702469 2
48.866971387994866 -17.003332138061523 0.16385656595230103 2
49.83422516496031 -16.92977523803711 0.18026623129844666 2
50.75862648702518 -16.773542404174805 0.181257963180542 2
51.621904123549875 -16.544797897338867 0.1409330517053604 2
52.635395152334254 -16.85845375061035 0.18088632822036743 2
53.50195706625864 -16.77696990966797 0.11173531413078308 2
54.442703966192056 -16.584144592285156 0.11136157065629959 2
56.351328706166534 -16.592479705810547 0.15075576305389404 2
57.27641763494503 -16.53907012939453 0.10641302913427353 2
58.22305719177322 -16.371675491333008 0.14741761982440948 2
59.193771199267836 -16.28561782836914 0.20847170054912567 2
60.10985259684304 -16.466758728027344 0.1157275065779686 2
61.057860150887535 -16.270305633544922 0.16610553860664368 2
61.99940764877288 -16.63434600830078 0.1390393227338791 2
62.94473026447329 -16.482624053955078 0.12846247851848602 2
63.91900443851005 -16.781606674194336 0.149955153465271 2
64.86060835704264 -16.404645919799805 0.21412639319896698 2
65.7775586403245 -16.279542922973633 0.1578536182641983 2
66.76152889503341 -16.14385223388672 0.21588784456253052 2
67.74100815223018 -16.38714599609375 0.20275990664958954 2
69.54053165725273 -16.394420623779297 0.18714328110218048 2
70.4796956249665 -15.950654983520508 0.3017013967037201 2
71.42487163958866 -16.36720848083496 0.2810574769973755 2
72.38908268808545 -16.140094757080078 0.3282944858074188 2
75.20075118067174 -16.1004581451416 0.294633686542511 2
76.20238854283356 -16.33365821838379 0.34073957800865173 2
78.09723696888648 -16.519006729125977 0.18962036073207855 2
87.51462697516688 -16.00916290283203 0.3413426876068115 2
