# 2022-06-14T22:59:59.551 59744.958328
# MJD = 59744.958328
4020.0 4.3784277782033124e-16
4029.2 5.792541935238652e-17
4038.4 -4.492204574847422e-16
4047.6 2.35877298340793e-16
4056.8 3.376997505515497e-16
4066.0 -7.73443138165594e-17
4075.2 5.671646925931903e-16
4084.4 1.1596523989531052e-16
4093.6 1.8533673635879747e-16
4102.8 1.5738487324256415e-16
4112.0 1.4358331228893196e-16
4121.2 1.6631510429142201e-16
4130.4 1.949312065304745e-16
4139.6 -2.7328253267300507e-17
4148.8 1.0749367900082228e-16
4158.0 1.6452667400066644e-16
4167.2 9.654400616816316e-17
4176.4 -6.516536499420506e-17
4185.6 6.713302957022567e-17
4194.8 -4.7605171424699465e-17
4204.0 7.133294907019835e-18
4213.2 1.5221236171869483e-16
4222.4 8.114935975141373e-17
4231.6 1.0596461021184191e-16
4240.8 5.733573667816918e-17
4250.0 1.405600763909414e-16
4259.2 -1.1206246199369786e-18
4268.4 4.0575418772275734e-17
4277.6 8.207701873844383e-17
4286.8 4.746811840405059e-17
4296.0 9.499289681120725e-17
4305.2 3.792014588720753e-17
4314.4 1.078469584920725e-16
4323.6 6.735641353360455e-17
4332.8 -4.582197974817683e-17
4342.0 9.310386883897367e-17
4351.2 1.0992800340356928e-16
4360.4 7.20317399944295e-17
4369.6 1.4691172780479923e-16
4378.8 5.593901522686813e-17
4388.0 7.81823168619585e-17
4397.2 1.2107534367051424e-16
4406.4 5.954106845202397e-17
4415.6 2.120371413354355e-17
4424.8 2.4812025534402328e-17
4434.0 9.527264649014025e-17
4443.2 1.0691630759408746e-16
4452.4 7.248321710792964e-17
4461.6 -6.547668278792061e-18
4470.8 4.858031954584135e-17
4480.0 1.33952868245899e-16
4489.2 7.709155789806636e-17
4498.4 2.03936524326545e-17
4507.6 9.895571224539671e-17
4516.8 1.0024416679659588e-16
4526.0 7.877778463138877e-17
4535.2 1.271688928909538e-16
4544.4 1.4074316369009786e-16
4553.6 1.3693161021023014e-16
4562.8 1.0349519796586417e-16
4572.0 1.1602716275575078e-16
4581.2 4.4642414350042487e-17
4590.4 1.555026805896466e-16
4599.6 1.6830790961830255e-16
4608.8 8.421346050862078e-17
4618.0 1.1769849778675655e-16
4627.2 1.4596017531912402e-16
4636.4 1.4413382197026268e-16
4645.6 1.4187811252907896e-16
4654.8 1.6957084605532218e-16
4664.0 2.0155546075152934e-16
4673.2 1.8806265802939334e-16
4682.4 1.5159347085683954e-16
4691.6 1.7634122278250647e-16
4700.8 1.856053027851112e-16
4710.0 2.07638044950101e-16
4719.2 1.7004123096170252e-16
4728.4 1.5053652540513173e-16
4737.6 1.4655901005224174e-16
4746.8 1.2758552469141774e-16
4756.0 1.862865981779528e-16
4765.2 1.9642490775764658e-16
4774.4 1.5183134204870037e-16
4783.6 1.7306047437670166e-16
4792.8 1.365518838983567e-16
4802.0 1.1084791170228865e-16
4811.2 1.2102950446025105e-16
4820.4 1.1194914179451307e-16
4829.6 1.2168488869960196e-16
4838.8 9.11114748778573e-17
4848.0 1.160172542460464e-16
4857.2 1.1686155790934013e-16
4866.4 1.2135483188698283e-16
4875.6 8.564284125016813e-17
4884.8 9.892048635789177e-17
4894.0 1.310286094269464e-16
4903.2 1.0826215066820495e-16
4912.4 1.33078019707991e-16
4921.6 1.1741394251209965e-16
4930.8 1.5635376540231756e-16
4940.0 1.5535546161249613e-16
4949.2 1.8873825651260458e-16
4958.4 1.4765954097761952e-16
4967.6 1.3772516464568993e-16
4976.8 1.754941328974397e-16
4986.0 1.1657932701090226e-16
4995.2 1.139567247066298e-16
5004.4 1.5586016989371342e-16
5013.6 1.5807817392682259e-16
5022.8 1.7226819134473442e-16
5032.0 1.6160815983106308e-16
5041.2 1.315364351533967e-16
5050.4 1.382588707372256e-16
5059.6 1.3290469667536925e-16
5068.8 1.3055090271422408e-16
5078.0 1.8194089433702068e-16
5087.2 1.265599894205871e-16
5096.4 1.534653193423635e-16
5105.6 1.2427921046054118e-16
5114.8 1.8521721643922297e-16
5124.0 1.3509792561297758e-16
5133.2 8.348254047187959e-17
5142.4 1.3274125526707353e-16
5151.6 1.251206665465704e-16
5160.8 1.3784552735203112e-16
5170.0 1.0456649443514911e-16
5179.2 1.1353292616096712e-16
5188.4 1.1715093049660694e-16
5197.6 1.0340755943192343e-16
5206.8 1.0068611972153327e-16
5216.0 1.0750720965564886e-16
5225.2 1.1129590177754985e-16
5234.4 9.947827092139896e-17
5243.6 9.81878891378134e-17
5252.8 1.0650438504518058e-16
5262.0 9.221611564520552e-17
5271.2 1.3489756123427702e-16
5280.4 1.1382256756373612e-16
5289.6 9.9160397063442e-17
5298.8 1.3177969843049122e-16
5308.0 1.3521363433838112e-16
5317.2 1.0942941637891743e-16
5326.4 1.2198173170283414e-16
5335.6 1.215764812328549e-16
5344.8 1.524184841260947e-16
5354.0 1.5767515862261042e-16
5363.2 1.4124117303760335e-16
5372.4 1.8654973196167005e-16
5381.6 1.3395408260040572e-16
5390.8 1.422886332745146e-16
5400.0 1.7191192744076608e-16
5409.2 1.8768697549598853e-16
5418.4 1.858310223768072e-16
5427.6 2.1050806976650745e-16
5436.8 2.0851433519442684e-16
5446.0 1.578655327194578e-16
5455.2 2.0496925892624668e-16
5464.4 1.7583769519876426e-16
5473.6 1.6826095208419472e-16
5482.8 1.7191513576785007e-16
5492.0 1.6679308661839825e-16
5501.2 1.8303336692556823e-16
5510.4 1.835111879885968e-16
5519.6 2.18408820118911e-16
5528.8 1.9888113054084102e-16
5538.0 2.0659256657167973e-16
5547.2 1.9833295974524548e-16
5556.4 2.0835986008086448e-16
5565.6 2.048189609432151e-16
5574.8 2.0583693126680182e-16
5584.0 1.9332880685845692e-16
5593.2 2.1952634383105187e-16
5602.4 2.157055832049929e-16
5611.6 2.37394908695832e-16
5620.8 1.834829715656994e-16
5630.0 1.8766759718202495e-16
5639.2 2.0377564555798634e-16
5648.4 1.909410415634091e-16
5657.6 2.139258220680265e-16
5666.8 1.794067528303448e-16
5676.0 2.035708773490344e-16
5685.2 1.6609539240897363e-16
5694.4 1.84128686567371e-16
5703.6 1.8817829786209962e-16
5712.8 1.591169191712813e-16
5722.0 1.4332978331872133e-16
5731.2 1.6547105649573294e-16
5740.4 1.820811835537388e-16
5749.6 1.6902356389363467e-16
5758.8 1.3708176175742857e-16
5768.0 1.4485602214639554e-16
5777.2 1.607323893384817e-16
5786.4 1.4019473949974783e-16
5795.6 1.5856348465504135e-16
5804.8 1.2567566478055136e-16
5814.0 1.1775617700207983e-16
5823.2 1.2883638421006802e-16
5832.4 1.2618451533083252e-16
5841.6 1.1157893702974618e-16
5850.8 1.1545018671703876e-16
5860.0 1.116865425083334e-16
5869.2 1.0867046526612181e-16
5878.4 1.319578071042149e-16
5887.6 1.1506559382693102e-16
5896.8 1.3761743319499496e-16
5906.0 1.6253637329871823e-16
5915.2 1.7075061763081197e-16
5924.4 1.7746427564560721e-16
5933.6 1.7241506113977952e-16
5942.8 1.7176012197886873e-16
5952.0 2.0785098672926392e-16
5961.2 1.8034651328751143e-16
5970.4 1.999425577432563e-16
5979.6 1.8294501326238662e-16
5988.8 1.8223981891197258e-16
5998.0 2.0194425614524584e-16
6007.2 1.927768714024318e-16
6016.4 1.9170161971418933e-16
6025.6 1.8207717647320085e-16
6034.8 1.8101888414540954e-16
6044.0 1.7618169931814472e-16
6053.2 1.6284405739582444e-16
6062.4 1.755944062753516e-16
6071.6 1.872615388116398e-16
6080.8 1.693189676867119e-16
6090.0 1.970393020853014e-16
6099.2 1.5375492085949022e-16
6108.4 1.4385369577479977e-16
6117.6 1.718023091893784e-16
6126.8 1.6373434636002823e-16
6136.0 1.6555624943579705e-16
6145.2 1.733637967179063e-16
6154.4 1.7548317862924866e-16
6163.6 1.6879212495137248e-16
6172.8 1.744461191812483e-16
6182.0 1.664277556017419e-16
6191.2 1.540040478695795e-16
6200.4 1.6067564579291932e-16
6209.6 1.4755091113373037e-16
6218.8 1.453460651438586e-16
6228.0 1.5603458385503543e-16
6237.2 1.8530691599048257e-16
6246.4 1.581468898680781e-16
6255.6 1.6632470781419898e-16
6264.8 1.7076868561383686e-16
6274.0 1.5630111029070078e-16
6283.2 1.7239495300969572e-16
6292.4 1.5497365199379731e-16
6301.6 1.534384617018264e-16
6310.8 1.5502406581782757e-16
6320.0 1.5884973763891755e-16
6329.2 1.4244329933222261e-16
6338.4 1.3554317825422441e-16
6347.6 1.5157701394774168e-16
6356.8 1.3425250296991552e-16
6366.0 1.5204988310148225e-16
6375.2 1.4195642914812335e-16
6384.4 1.4711643004745187e-16
6393.6 1.3496707739909994e-16
6402.8 1.5221549306018907e-16
6412.0 1.2852665347173006e-16
6421.2 1.43900486983218e-16
6430.4 1.2691561897832612e-16
6439.6 1.3230720333764708e-16
6448.8 1.5020892611926595e-16
6458.0 1.4402867576684618e-16
6467.2 1.3660040429366225e-16
6476.4 1.382996712092417e-16
6485.6 1.4912193665579682e-16
6494.8 1.472326386517805e-16
6504.0 1.5617061603108518e-16
6513.2 1.4588207429134062e-16
6522.4 1.3278067363362486e-16
6531.6 1.6065057577190227e-16
6540.8 1.4460778526537744e-16
6550.0 1.5574188924036688e-16
6559.2 1.2704221075502029e-16
6568.4 1.5631653960795358e-16
6577.6 1.5051584084008296e-16
6586.8 1.450163100002954e-16
6596.0 1.5377810955414994e-16
6605.2 1.639155900259565e-16
6614.4 1.5030869248017677e-16
6623.6 1.556237681209483e-16
6632.8 1.5478512701523934e-16
6642.0 1.3751461501203195e-16
6651.2 1.4351007758377119e-16
6660.4 1.3675837811764168e-16
6669.6 1.3669627853828917e-16
6678.8 1.5738125124129988e-16
6688.0 1.3558338786061254e-16
6697.2 1.4718905368778607e-16
6706.4 1.4263259634585246e-16
6715.6 1.5429518604964446e-16
6724.8 1.3805012633778791e-16
6734.0 1.5149327967145018e-16
6743.2 1.2585935904872132e-16
6752.4 1.3488916022412925e-16
6761.6 1.0538110467060695e-16
6770.8 1.264116078069259e-16
6780.0 1.141159139878098e-16
6789.2 1.1795225212236567e-16
6798.4 1.128838280938526e-16
6807.6 1.1407370610663217e-16
6816.8 1.1435600142740267e-16
6826.0 1.1320359732980727e-16
6835.2 1.1536460177653877e-16
6844.4 1.1823704959448422e-16
6853.6 1.02195398266328e-16
6862.8 1.0970519937305712e-16
6872.0 9.974426070142274e-17
6881.2 1.05032845823684e-16
6890.4 1.0001092389147804e-16
6899.6 9.060693509371366e-17
6908.8 8.039073141012767e-17
6918.0 1.1291548887076804e-16
6927.2 8.526001229885434e-17
6936.4 9.612247687636529e-17
6945.6 8.574164809265881e-17
6954.8 7.346074507166161e-17
6964.0 9.51140154127551e-17
6973.2 8.439370048363481e-17
6982.4 9.048351047371901e-17
6991.6 9.28236417136102e-17
7000.8 9.449570970454687e-17
7010.0 9.788155864722427e-17
7019.2 8.909281573716768e-17
7028.4 8.161150671245162e-17
7037.6 6.585934776035008e-17
7046.8 8.106870958253227e-17
7056.0 8.619617555316838e-17
7065.2 8.097953334880426e-17
7074.4 7.108503620727106e-17
7083.6 7.10851944118423e-17
7092.8 7.693494293887168e-17
7102.0 7.802776620328245e-17
7111.2 7.825433152897387e-17
7120.4 7.995003445859992e-17
7129.6 7.641333170684664e-17
7138.8 7.926240113071943e-17
7148.0 6.801972130441642e-17
7157.2 9.244869519165865e-17
7166.4 7.904919132598934e-17
7175.6 7.545474293954238e-17
7184.8 9.103938011201031e-17
7194.0 8.274836018094397e-17
7203.2 8.49233645235695e-17
7212.4 8.590729117315752e-17
7221.6 8.692072322641235e-17
7230.8 6.96330442040145e-17
7240.0 8.318685656598916e-17
7249.2 7.997736704745425e-17
7258.4 9.182121604756844e-17
7267.6 8.325330844103034e-17
7276.8 8.648424383263644e-17
7286.0 1.0483484157414612e-16
7295.2 8.633508990143543e-17
7304.4 8.023879916368129e-17
7313.6 8.40615650556413e-17
7322.8 8.611563453939799e-17
7332.0 9.976649394951577e-17
7341.2 6.172840718546496e-17
7350.4 7.411059189450895e-17
7359.6 8.260761937245792e-17
7368.8 8.067303558539511e-17
7378.0 8.592237200096118e-17
7387.2 9.031816093510908e-17
7396.4 8.650812327198439e-17
7405.6 8.194097310357311e-17
7414.8 7.879969955672179e-17
7424.0 9.112461233459312e-17
7433.2 9.45291463027287e-17
7442.4 8.296921940118576e-17
7451.6 9.858182061450372e-17
7460.8 8.909209266754001e-17
7470.0 8.769149960578684e-17
7479.2 8.972355024741071e-17
7488.4 1.0855448370087301e-16
7497.6 1.0283365942566391e-16
7506.8 9.299303204299585e-17
7516.0 9.648977639321969e-17
7525.2 8.308572336699494e-17
7534.4 1.0692200654806989e-16
7543.6 9.198364402911771e-17
7552.8 7.923665880122974e-17
7562.0 6.687396348379406e-17
7571.2 9.547075583210701e-17
7580.4 8.004495967906509e-17
7589.6 7.450688223713511e-17
7598.8 8.520875561361592e-17
7608.0 9.231035381051522e-17
7617.2 8.68353852033139e-17
7626.4 8.09239780069008e-17
7635.6 7.430723349680538e-17
7644.8 8.875810892830427e-17
7654.0 8.29949881674153e-17
7663.2 6.970668968000171e-17
7672.4 9.860040905747353e-17
7681.6 6.192289349479279e-17
7690.8 7.93327978342369e-17
7700.0 7.673043847831024e-17
7709.2 1.0845720406744434e-16
7718.4 6.110039050679565e-17
7727.6 8.465916071352637e-17
7736.8 6.320060109019439e-17
7746.0 7.267441166335738e-17
7755.2 7.792192414856888e-17
7764.4 9.247735394475887e-17
7773.6 6.422819640649684e-17
7782.8 5.395418554028343e-17
7792.0 8.035963473758734e-17
7801.2 8.64376554546003e-17
7810.4 9.453849237638122e-17
7819.6 8.570292169744502e-17
7828.8 9.501858790637844e-17
7838.0 5.405013516623818e-17
7847.2 8.79758088663952e-17
7856.4 4.349435422012136e-17
7865.6 3.1587773927931946e-17
7874.8 7.800453252076985e-17
7884.0 9.81563513639091e-17
7893.2 9.483850850672247e-17
7902.4 8.753197210814262e-17
7911.6 7.282757732420043e-17
7920.8 2.651349404831865e-17
7930.0 8.489728985425169e-17
7939.2 7.636637938713086e-17
7948.4 7.279998104398839e-17
7957.6 9.803882287267922e-17
7966.8 6.946118264493104e-17
7976.0 7.784443666276377e-17
7985.2 9.07439771439778e-17
7994.4 8.204391391591387e-17
