# 2022-06-29T22:10:56.668 59759.924267
# MJD = 59759.924267
4020.0 1.3205383110923009e-16
4029.2 2.099359867894195e-17
4038.4 -2.75145871635443e-16
4047.6 2.2550685266623367e-16
4056.8 1.0094080247131022e-16
4066.0 -3.210035265505596e-17
4075.2 1.4590530773287578e-16
4084.4 9.025739045522913e-17
4093.6 8.177235016855416e-17
4102.8 1.1256087912569923e-16
4112.0 5.830547411072428e-17
4121.2 2.3572450794860274e-18
4130.4 7.471533072761214e-17
4139.6 4.573924965173866e-17
4148.8 1.0545606945034844e-17
4158.0 5.82491120112915e-17
4167.2 1.1457136584917589e-16
4176.4 1.6914716853889797e-17
4185.6 3.4078420079821327e-17
4194.8 3.655428253016697e-17
4204.0 6.831925443383891e-17
4213.2 2.848391192002944e-18
4222.4 4.364287353792878e-17
4231.6 1.1745470097719914e-17
4240.8 9.498742906856153e-17
4250.0 1.4693243817952894e-17
4259.2 5.0544333784914035e-17
4268.4 3.317766588039517e-17
4277.6 3.3781971603465514e-18
4286.8 9.701122501145527e-18
4296.0 3.65749331592955e-17
4305.2 3.9458266343785204e-17
4314.4 5.612350136273355e-17
4323.6 5.2514392041143406e-17
4332.8 8.975653644000389e-17
4342.0 3.688579121974729e-17
4351.2 1.344433214244144e-17
4360.4 2.2365582012815992e-17
4369.6 3.099934107771923e-17
4378.8 3.3079729698254453e-17
4388.0 4.335001496758934e-17
4397.2 3.688966090182731e-17
4406.4 1.4333712688299595e-17
4415.6 2.733600057891316e-17
4424.8 2.985287857007547e-17
4434.0 -8.273032274350098e-18
4443.2 5.78725587770633e-17
4452.4 2.572177263418182e-17
4461.6 4.1511869007323806e-17
4470.8 3.8629617672584197e-17
4480.0 3.6350904385854133e-17
4489.2 4.082174786778669e-17
4498.4 4.438983898702976e-17
4507.6 5.2141782168735724e-17
4516.8 3.4398006663132585e-17
4526.0 1.5978343559226916e-17
4535.2 3.642075448550161e-17
4544.4 3.079908160671158e-17
4553.6 2.92238396275886e-17
4562.8 4.765045549240196e-17
4572.0 4.4071102056678616e-17
4581.2 4.190511366763937e-17
4590.4 5.4678905686137276e-17
4599.6 4.691412524792405e-17
4608.8 5.456253973370004e-17
4618.0 3.015521443348382e-17
4627.2 6.435530914480933e-17
4636.4 4.761321717143544e-17
4645.6 4.757753436272583e-17
4654.8 5.823405059389787e-17
4664.0 6.83356402121175e-17
4673.2 6.453853561855014e-17
4682.4 6.86133210111088e-17
4691.6 7.74032608529407e-17
4700.8 8.112945781500208e-17
4710.0 6.272932499373958e-17
4719.2 8.160824105762836e-17
4728.4 6.557114356645675e-17
4737.6 7.394260363691146e-17
4746.8 7.548648915089205e-17
4756.0 7.440591906013197e-17
4765.2 6.300130310211012e-17
4774.4 5.601610187257636e-17
4783.6 6.832844579181905e-17
4792.8 5.89945870243602e-17
4802.0 5.098942952855292e-17
4811.2 5.64791757040532e-17
4820.4 5.610827848172113e-17
4829.6 4.004234728225332e-17
4838.8 4.892290652386569e-17
4848.0 4.062227525029075e-17
4857.2 4.8777308996619796e-17
4866.4 5.645753551374131e-17
4875.6 5.210018461792589e-17
4884.8 5.92546161948411e-17
4894.0 4.478648781593066e-17
4903.2 4.6730811682986706e-17
4912.4 5.654338622733255e-17
4921.6 5.558912281165532e-17
4930.8 6.601942838088825e-17
4940.0 6.688037163011393e-17
4949.2 5.696084464244403e-17
4958.4 6.847137151928352e-17
4967.6 7.432672030032741e-17
4976.8 6.122933673877568e-17
4986.0 6.915389780070551e-17
4995.2 6.982510298360737e-17
5004.4 6.948826109283355e-17
5013.6 7.269625745436557e-17
5022.8 7.064503235413808e-17
5032.0 7.697716080816685e-17
5041.2 7.781830686721479e-17
5050.4 7.722928371185531e-17
5059.6 8.120998733595207e-17
5068.8 7.573075020711595e-17
5078.0 7.90068325785741e-17
5087.2 6.919560354125259e-17
5096.4 7.130936723169277e-17
5105.6 6.10117357002407e-17
5114.8 5.926415522856893e-17
5124.0 5.860594434468345e-17
5133.2 5.969885101493367e-17
5142.4 5.5494953188883834e-17
5151.6 5.676985228785408e-17
5160.8 5.431313919644447e-17
5170.0 4.035179897709413e-17
5179.2 5.288590988770656e-17
5188.4 4.8187436723378616e-17
5197.6 4.3124167561502715e-17
5206.8 5.584065598960249e-17
5216.0 4.960488783032276e-17
5225.2 4.840116129071089e-17
5234.4 4.510240159223943e-17
5243.6 4.2354259524947745e-17
5252.8 4.818448971470043e-17
5262.0 4.7423007867712753e-17
5271.2 4.481983510552869e-17
5280.4 5.105233705653387e-17
5289.6 4.2721214286554707e-17
5298.8 5.289468009058132e-17
5308.0 5.499685768552335e-17
5317.2 5.120555789692067e-17
5326.4 5.327222263966977e-17
5335.6 5.0482535314220754e-17
5344.8 5.5072268748032426e-17
5354.0 5.1450279451965025e-17
5363.2 6.171316718679087e-17
5372.4 6.619526762669852e-17
5381.6 5.971355890759212e-17
5390.8 6.181515008798927e-17
5400.0 7.190225818526761e-17
5409.2 6.956730198463406e-17
5418.4 7.722951916725995e-17
5427.6 7.923443081168698e-17
5436.8 7.515373692470805e-17
5446.0 7.101074807413228e-17
5455.2 7.728251421231559e-17
5464.4 6.992109892440252e-17
5473.6 6.857287257140233e-17
5482.8 7.021204796862567e-17
5492.0 7.719977547983646e-17
5501.2 7.665632151821723e-17
5510.4 9.222277743778718e-17
5519.6 8.523685291328764e-17
5528.8 8.653644286158137e-17
5538.0 9.67317184625328e-17
5547.2 1.002508021060745e-16
5556.4 9.919134803219553e-17
5565.6 1.0757211118001302e-16
5574.8 1.1548090109872474e-16
5584.0 1.1481222829856363e-16
5593.2 1.165294270413091e-16
5602.4 1.0007582824163766e-16
5611.6 1.1378372360272328e-16
5620.8 1.1123661155224885e-16
5630.0 1.1667629529601705e-16
5639.2 1.148797346717228e-16
5648.4 1.1734685022633534e-16
5657.6 1.1341597219116817e-16
5666.8 1.2217691059934583e-16
5676.0 1.1994574531117487e-16
5685.2 1.1924704825733342e-16
5694.4 1.139794406347165e-16
5703.6 1.2071909712948252e-16
5712.8 1.056266737385811e-16
5722.0 1.0038426050136926e-16
5731.2 1.0346189517602694e-16
5740.4 9.973938135263251e-17
5749.6 9.399915025529568e-17
5758.8 8.674588324578849e-17
5768.0 8.062315727363797e-17
5777.2 8.188140433181948e-17
5786.4 7.6723642392124e-17
5795.6 7.512452510510133e-17
5804.8 6.403888761671418e-17
5814.0 5.902451669362752e-17
5823.2 5.916463772316712e-17
5832.4 6.057597903879928e-17
5841.6 5.529738550684166e-17
5850.8 6.355329207109325e-17
5860.0 6.501688434307939e-17
5869.2 6.391352330320181e-17
5878.4 6.419742092446125e-17
5887.6 6.742414124977281e-17
5896.8 7.674198268573458e-17
5906.0 7.672931106608087e-17
5915.2 8.675870568996463e-17
5924.4 8.171460111708192e-17
5933.6 8.977137119143471e-17
5942.8 8.771760802863058e-17
5952.0 9.315333024066923e-17
5961.2 8.710813734646781e-17
5970.4 8.680893981799754e-17
5979.6 9.173080077929061e-17
5988.8 8.940280653200453e-17
5998.0 8.456292788522736e-17
6007.2 8.264954575230457e-17
6016.4 8.82479269486332e-17
6025.6 7.556114759932217e-17
6034.8 8.069684115848868e-17
6044.0 7.738398478837197e-17
6053.2 7.338550056466234e-17
6062.4 8.293667000488203e-17
6071.6 7.438510036817057e-17
6080.8 7.492488623023752e-17
6090.0 7.196474743828743e-17
6099.2 7.188338763087025e-17
6108.4 7.286527831922681e-17
6117.6 6.581200351539511e-17
6126.8 6.040672280224555e-17
6136.0 6.542769821485644e-17
6145.2 7.210015901440691e-17
6154.4 6.694195029163912e-17
6163.6 6.987129802263908e-17
6172.8 7.066560471589415e-17
6182.0 6.384092247816811e-17
6191.2 6.74551760421863e-17
6200.4 6.808225789054381e-17
6209.6 6.439366981143962e-17
6218.8 7.25034264396915e-17
6228.0 6.798907503793661e-17
6237.2 7.009994753218229e-17
6246.4 6.7998958361159e-17
6255.6 7.272773318085069e-17
6264.8 6.993886989708518e-17
6274.0 7.076142909417288e-17
6283.2 7.392237958439757e-17
6292.4 7.519634224674054e-17
6301.6 7.403608715438603e-17
6310.8 6.95770357721997e-17
6320.0 6.904121383125248e-17
6329.2 7.060930427568388e-17
6338.4 6.996621577823919e-17
6347.6 7.409597474756454e-17
6356.8 8.16981124085948e-17
6366.0 7.744368510016822e-17
6375.2 7.77206716126449e-17
6384.4 7.089769789394361e-17
6393.6 6.616722952426702e-17
6402.8 6.740927046215476e-17
6412.0 6.906729494377268e-17
6421.2 6.11782968598818e-17
6430.4 6.073897375826847e-17
6439.6 6.042283719347196e-17
6448.8 5.898377707905574e-17
6458.0 6.845979307238968e-17
6467.2 6.670427496279353e-17
6476.4 6.265075725003703e-17
6485.6 6.209068119924988e-17
6494.8 6.481036016185883e-17
6504.0 6.742460773549963e-17
6513.2 6.605288901270729e-17
6522.4 6.505881763528127e-17
6531.6 7.080840219047851e-17
6540.8 7.954835524171792e-17
6550.0 7.671704903275355e-17
6559.2 7.668303524889871e-17
6568.4 8.308624214707619e-17
6577.6 8.746385149791493e-17
6586.8 8.733088180726005e-17
6596.0 8.458962193225719e-17
6605.2 8.969111634962303e-17
6614.4 8.500989638912148e-17
6623.6 9.247328359965823e-17
6632.8 9.064902699717732e-17
6642.0 9.078778678226496e-17
6651.2 9.209468672519767e-17
6660.4 8.949947145210585e-17
6669.6 9.02077657687526e-17
6678.8 9.184900122200273e-17
6688.0 8.72442621322556e-17
6697.2 9.38140101348043e-17
6706.4 9.864610435153097e-17
6715.6 9.747863592573545e-17
6724.8 9.204589132464999e-17
6734.0 8.50187229965579e-17
6743.2 8.401419283999871e-17
6752.4 8.64663360239462e-17
6761.6 7.992561385239079e-17
6770.8 7.575659965619157e-17
6780.0 7.151530221837196e-17
6789.2 6.914529358469943e-17
6798.4 6.949175088322016e-17
6807.6 5.910411746407794e-17
6816.8 6.16186110145956e-17
6826.0 5.683440342035358e-17
6835.2 6.829765708200601e-17
6844.4 6.119390784228866e-17
6853.6 5.3527696222074496e-17
6862.8 4.803399781088522e-17
6872.0 5.420812374065803e-17
6881.2 5.001926379313905e-17
6890.4 4.322417749401467e-17
6899.6 4.5563169864833624e-17
6908.8 4.896928622213537e-17
6918.0 4.9013024026008254e-17
6927.2 4.7590020460836446e-17
6936.4 4.1006898810560134e-17
6945.6 4.086139076764743e-17
6954.8 3.9408550570354426e-17
6964.0 3.774659352567612e-17
6973.2 3.65446453393124e-17
6982.4 4.3864519528787447e-17
6991.6 4.0341899574196256e-17
7000.8 4.2560808920658234e-17
7010.0 4.0766322263032006e-17
7019.2 3.974852631594167e-17
7028.4 3.665069623978571e-17
7037.6 3.4416796673130326e-17
7046.8 3.937622194431892e-17
7056.0 3.843445223437177e-17
7065.2 3.305979169512722e-17
7074.4 3.5264547255377536e-17
7083.6 3.7381332530103194e-17
7092.8 4.637572295752043e-17
7102.0 3.9797236562033684e-17
7111.2 3.8068009690982805e-17
7120.4 4.281734290977199e-17
7129.6 4.109672273165904e-17
7138.8 3.730902905284931e-17
7148.0 3.295079031331664e-17
7157.2 3.5788572212943916e-17
7166.4 3.99655325638366e-17
7175.6 4.1426115159858723e-17
7184.8 3.317758859289872e-17
7194.0 4.22148281801938e-17
7203.2 3.3424782988225267e-17
7212.4 4.5305382352434504e-17
7221.6 4.575482101585057e-17
7230.8 4.409261644249434e-17
7240.0 4.9010047160773816e-17
7249.2 4.480735446408375e-17
7258.4 4.175364311335198e-17
7267.6 4.2487406291128e-17
7276.8 4.5838783287792036e-17
7286.0 4.871242660587266e-17
7295.2 4.815543597416078e-17
7304.4 4.367770970730985e-17
7313.6 5.362572761045385e-17
7322.8 5.397044747693068e-17
7332.0 5.679957570876443e-17
7341.2 5.868174029482977e-17
7350.4 5.33880217051567e-17
7359.6 5.917956139979335e-17
7368.8 5.757536944886444e-17
7378.0 5.810775288245857e-17
7387.2 5.67966664958304e-17
7396.4 6.204191856054304e-17
7405.6 5.51533886782586e-17
7414.8 5.799504588937882e-17
7424.0 5.346907296625282e-17
7433.2 5.5425095726999084e-17
7442.4 5.946026681358735e-17
7451.6 5.70251510300401e-17
7460.8 5.3697543353288594e-17
7470.0 5.0379022698333525e-17
7479.2 6.192124015793454e-17
7488.4 5.0451990281040244e-17
7497.6 5.575094244495735e-17
7506.8 5.235615431814653e-17
7516.0 5.962292670939763e-17
7525.2 4.7938421576863977e-17
7534.4 5.436552132898276e-17
7543.6 6.226975806063916e-17
7552.8 5.70693176445097e-17
7562.0 7.514068663215194e-17
7571.2 6.094528196270922e-17
7580.4 6.917995666828543e-17
7589.6 6.669046899672052e-17
7598.8 6.191925447318013e-17
7608.0 6.523055013566739e-17
7617.2 7.366478598701257e-17
7626.4 7.039461631167108e-17
7635.6 7.185558301497661e-17
7644.8 7.168883102364828e-17
7654.0 5.2954634252899955e-17
7663.2 5.905899950061109e-17
7672.4 5.379404604007057e-17
7681.6 4.877801957836605e-17
7690.8 5.2854538137439795e-17
7700.0 4.71228770672316e-17
7709.2 5.016676900897209e-17
7718.4 4.3624129513827356e-17
7727.6 6.132712814134455e-17
7736.8 6.069127159533124e-17
7746.0 5.568878484590674e-17
7755.2 6.680752670409486e-17
7764.4 5.903284798557081e-17
7773.6 6.217811318773484e-17
7782.8 8.190426415947935e-17
7792.0 7.4710480124096e-17
7801.2 5.781335453971212e-17
7810.4 4.9211595674725605e-17
7819.6 5.90947923681024e-17
7828.8 7.240871902819448e-17
7838.0 6.008036450333313e-17
7847.2 3.791720531035075e-17
7856.4 4.66964148093403e-17
7865.6 7.243373387075095e-17
7874.8 6.492677761147979e-17
7884.0 7.117184164785691e-17
7893.2 7.036174466426072e-17
7902.4 4.6247887729505304e-17
7911.6 4.482588626580922e-17
7920.8 7.216180031040042e-17
7930.0 6.446808740403018e-17
7939.2 6.205315160660783e-17
7948.4 4.6846880415803505e-17
7957.6 8.177016482190847e-17
7966.8 7.26480024332268e-17
7976.0 3.9840434021208746e-17
7985.2 3.8514731782850434e-17
7994.4 2.926454434680851e-17
