# time_explosion = 16.625
# 
3082.6523 2.8880e-02
3085.7351 1.9634e-02
3088.8208 2.4336e-02
3091.9092 2.9283e-02
3095.0017 2.3202e-02
3098.0964 2.7471e-02
3101.1943 2.3264e-02
3104.2959 2.8220e-02
3107.4001 2.7084e-02
3110.5076 3.4914e-02
3113.6182 2.8190e-02
3116.7317 2.8650e-02
3119.8484 2.4610e-02
3122.9680 2.6669e-02
3126.0913 2.5086e-02
3129.2170 3.7057e-02
3132.3462 3.4649e-02
3135.4788 3.2031e-02
3138.6143 3.6393e-02
3141.7527 2.5663e-02
3144.8945 4.3919e-02
3148.0396 3.0979e-02
3151.1880 3.9091e-02
3154.3386 3.4740e-02
3157.4929 3.5222e-02
3160.6504 4.0262e-02
3163.8113 3.3773e-02
3166.9751 3.3112e-02
3170.1418 3.4681e-02
3173.3120 3.2756e-02
3176.4854 3.1232e-02
3179.6619 3.4571e-02
3182.8418 2.7921e-02
3186.0247 3.6171e-02
3189.2104 3.3164e-02
3192.3997 3.8537e-02
3195.5920 3.5104e-02
3198.7876 3.1474e-02
3201.9866 3.2627e-02
3205.1885 3.0230e-02
3208.3938 2.7057e-02
3211.6021 3.0247e-02
3214.8137 3.1376e-02
3218.0286 3.2456e-02
3221.2463 2.9164e-02
3224.4678 3.0637e-02
3227.6924 2.8491e-02
3230.9202 3.1045e-02
3234.1506 2.9926e-02
3237.3850 3.1792e-02
3240.6223 2.9083e-02
3243.8630 2.7692e-02
3247.1067 2.8981e-02
3250.3540 3.0046e-02
3253.6040 2.9031e-02
3256.8577 2.8217e-02
3260.1150 2.9474e-02
3263.3748 3.1251e-02
3266.6384 3.2613e-02
3269.9050 3.0737e-02
3273.1750 3.2149e-02
3276.4480 3.6216e-02
3279.7244 3.8278e-02
3283.0039 3.5049e-02
3286.2874 3.4913e-02
3289.5732 3.9529e-02
3292.8630 3.1241e-02
3296.1560 4.4439e-02
3299.4521 4.3650e-02
3302.7512 5.0546e-02
3306.0540 4.6707e-02
3309.3601 4.8044e-02
3312.6697 5.3901e-02
3315.9822 5.2021e-02
3319.2981 5.2994e-02
3322.6177 5.6789e-02
3325.9402 4.8161e-02
3329.2661 5.5921e-02
3332.5957 5.6448e-02
3335.9277 4.7314e-02
3339.2637 5.8763e-02
3342.6035 4.6970e-02
3345.9458 6.3669e-02
3349.2917 6.3517e-02
3352.6411 5.2088e-02
3355.9937 6.0311e-02
3359.3496 6.2549e-02
3362.7092 5.9896e-02
3366.0718 7.1277e-02
3369.4380 6.4859e-02
3372.8071 6.7379e-02
3376.1799 6.3904e-02
3379.5564 7.7178e-02
3382.9358 7.7321e-02
3386.3188 7.5115e-02
3389.7053 8.9116e-02
3393.0945 8.4491e-02
3396.4878 7.8993e-02
3399.8845 8.1214e-02
3403.2844 8.5509e-02
3406.6875 8.6795e-02
3410.0942 8.4974e-02
3413.5044 8.6977e-02
3416.9177 7.2845e-02
3420.3347 9.6281e-02
3423.7551 8.6317e-02
3427.1790 1.0203e-01
3430.6060 8.8100e-02
3434.0364 9.3326e-02
3437.4709 8.9472e-02
3440.9082 9.9698e-02
3444.3489 8.8301e-02
3447.7935 9.2720e-02
3451.2412 8.5381e-02
3454.6926 9.2338e-02
3458.1470 9.3239e-02
3461.6055 1.0275e-01
3465.0669 9.2873e-02
3468.5320 1.0049e-01
3472.0007 9.2711e-02
3475.4724 1.0606e-01
3478.9478 1.0492e-01
3482.4268 1.0280e-01
3485.9094 9.2222e-02
3489.3950 1.0227e-01
3492.8845 1.0795e-01
3496.3774 1.0108e-01
3499.8738 9.2777e-02
3503.3738 9.2358e-02
3506.8770 1.0266e-01
3510.3838 9.2325e-02
3513.8945 7.7426e-02
3517.4084 9.6276e-02
3520.9255 7.8487e-02
3524.4465 9.3136e-02
3527.9709 8.9044e-02
3531.4993 9.7549e-02
3535.0305 9.6316e-02
3538.5657 1.0765e-01
3542.1040 1.0775e-01
3545.6462 1.1905e-01
3549.1919 1.2752e-01
3552.7410 1.0558e-01
3556.2937 1.0167e-01
3559.8501 1.0524e-01
3563.4099 1.0827e-01
3566.9734 7.8615e-02
3570.5403 9.8222e-02
3574.1108 9.1892e-02
3577.6848 8.4998e-02
3581.2627 7.2220e-02
3584.8440 7.0005e-02
3588.4287 7.9959e-02
3592.0173 7.4363e-02
3595.6091 9.4026e-02
3599.2046 9.0580e-02
3602.8042 1.1346e-01
3606.4070 1.1516e-01
3610.0132 1.3660e-01
3613.6230 1.5546e-01
3617.2368 1.6149e-01
3620.8540 1.7657e-01
3624.4751 1.6722e-01
3628.0996 1.9435e-01
3631.7275 1.8699e-01
3635.3591 1.9004e-01
3638.9949 1.9707e-01
3642.6338 2.2435e-01
3646.2761 2.2461e-01
3649.9226 2.2446e-01
3653.5725 2.3172e-01
3657.2258 2.2835e-01
3660.8833 2.3621e-01
3664.5442 2.6365e-01
3668.2085 2.4332e-01
3671.8767 2.2686e-01
3675.5488 2.4006e-01
3679.2244 2.4145e-01
3682.9033 2.4838e-01
3686.5867 2.6155e-01
3690.2729 2.5053e-01
3693.9634 2.4460e-01
3697.6575 2.3062e-01
3701.3550 2.3605e-01
3705.0564 2.3502e-01
3708.7615 2.3181e-01
3712.4700 2.3194e-01
3716.1824 2.3725e-01
3719.8989 2.1752e-01
3723.6189 2.2775e-01
3727.3423 2.0783e-01
3731.0696 2.0276e-01
3734.8005 2.0792e-01
3738.5356 1.7849e-01
3742.2737 1.7999e-01
3746.0164 1.7203e-01
3749.7622 1.7264e-01
3753.5120 1.7465e-01
3757.2656 1.5142e-01
3761.0227 1.5543e-01
3764.7837 1.4205e-01
3768.5486 1.4476e-01
3772.3171 1.2880e-01
3776.0896 1.3464e-01
3779.8657 1.3510e-01
3783.6455 1.3594e-01
3787.4290 1.2295e-01
3791.2166 1.5494e-01
3795.0076 1.4493e-01
3798.8030 1.2990e-01
3802.6013 1.4248e-01
3806.4041 1.4102e-01
3810.2107 1.2587e-01
3814.0210 1.2740e-01
3817.8347 1.3273e-01
3821.6523 1.4473e-01
3825.4741 1.4967e-01
3829.2993 1.3274e-01
3833.1292 1.3527e-01
3836.9622 1.4256e-01
3840.7991 1.3558e-01
3844.6396 1.4164e-01
3848.4846 1.4676e-01
3852.3328 1.4956e-01
3856.1853 1.3959e-01
3860.0417 1.4660e-01
3863.9019 1.5441e-01
3867.7654 1.4801e-01
3871.6333 1.5240e-01
3875.5049 1.5512e-01
3879.3804 1.5347e-01
3883.2598 1.6120e-01
3887.1431 1.5635e-01
3891.0303 1.6174e-01
3894.9214 1.4749e-01
3898.8164 1.5219e-01
3902.7148 1.6634e-01
3906.6174 1.5401e-01
3910.5242 1.6777e-01
3914.4348 1.5670e-01
3918.3494 1.7485e-01
3922.2673 1.6427e-01
3926.1897 1.6268e-01
3930.1162 1.7610e-01
3934.0461 1.7623e-01
3937.9800 2.0023e-01
3941.9182 1.9104e-01
3945.8601 2.1761e-01
3949.8059 1.9326e-01
3953.7556 2.1630e-01
3957.7097 2.0815e-01
3961.6672 2.3108e-01
3965.6289 2.2581e-01
3969.5945 2.2614e-01
3973.5640 2.2909e-01
3977.5376 2.4425e-01
3981.5151 2.4410e-01
3985.4968 2.5471e-01
3989.4819 2.4286e-01
3993.4719 2.6273e-01
3997.4653 2.5632e-01
4001.4624 2.6271e-01
4005.4641 2.6511e-01
4009.4697 2.8897e-01
4013.4790 2.4406e-01
4017.4927 2.7114e-01
4021.5100 2.5445e-01
4025.5315 2.3487e-01
4029.5574 2.1822e-01
4033.5867 2.1571e-01
4037.6204 2.1824e-01
4041.6577 2.0275e-01
4045.6997 2.0302e-01
4049.7454 1.9575e-01
4053.7949 1.8956e-01
4057.8484 1.8731e-01
4061.9067 1.9102e-01
4065.9685 1.8496e-01
4070.0344 1.8718e-01
4074.1045 1.7247e-01
4078.1790 1.9220e-01
4082.2566 1.7495e-01
4086.3391 1.8819e-01
4090.4258 1.7015e-01
4094.5156 1.7849e-01
4098.6104 1.7582e-01
4102.7090 1.8156e-01
4106.8115 1.7915e-01
4110.9185 1.8507e-01
4115.0298 1.8671e-01
4119.1445 1.9629e-01
4123.2637 1.9271e-01
4127.3867 2.2834e-01
4131.5142 2.0123e-01
4135.6460 1.9740e-01
4139.7812 2.3037e-01
4143.9209 2.0624e-01
4148.0654 2.4693e-01
4152.2134 2.4862e-01
4156.3657 2.4864e-01
4160.5215 2.6585e-01
4164.6826 2.6102e-01
4168.8472 2.5103e-01
4173.0156 2.6483e-01
4177.1885 2.8001e-01
4181.3662 2.6620e-01
4185.5474 2.8265e-01
4189.7329 2.8072e-01
4193.9229 2.7689e-01
4198.1167 2.7792e-01
4202.3149 2.7120e-01
4206.5166 2.8289e-01
4210.7236 2.8049e-01
4214.9346 2.8551e-01
4219.1489 2.7899e-01
4223.3687 2.8085e-01
4227.5918 2.9784e-01
4231.8188 2.6750e-01
4236.0508 2.7172e-01
4240.2871 2.7307e-01
4244.5273 2.5680e-01
4248.7720 2.7366e-01
4253.0205 2.9033e-01
4257.2739 2.5932e-01
4261.5312 2.6584e-01
4265.7920 2.6913e-01
4270.0581 2.5723e-01
4274.3286 2.4712e-01
4278.6025 2.6885e-01
4282.8809 2.6494e-01
4287.1641 2.7639e-01
4291.4517 2.6667e-01
4295.7427 2.3530e-01
4300.0386 2.4473e-01
4304.3389 2.3896e-01
4308.6431 2.5193e-01
4312.9517 2.3552e-01
4317.2646 2.1163e-01
4321.5815 2.2971e-01
4325.9038 2.0166e-01
4330.2290 1.9474e-01
4334.5596 2.0414e-01
4338.8940 1.9090e-01
4343.2329 1.8108e-01
4347.5762 1.8423e-01
4351.9238 1.8348e-01
4356.2754 1.7756e-01
4360.6318 1.7802e-01
4364.9927 1.7968e-01
4369.3574 1.8360e-01
4373.7271 1.7528e-01
4378.1011 1.7081e-01
4382.4790 1.6759e-01
4386.8613 1.7938e-01
4391.2480 1.9493e-01
4395.6392 1.8216e-01
4400.0352 1.9461e-01
4404.4351 2.1255e-01
4408.8394 2.1638e-01
4413.2485 2.2294e-01
4417.6616 2.1239e-01
4422.0791 2.2071e-01
4426.5015 2.1796e-01
4430.9277 2.2108e-01
4435.3589 2.2231e-01
4439.7944 2.4261e-01
4444.2344 2.2082e-01
4448.6777 2.4737e-01
4453.1270 2.5869e-01
4457.5796 2.3076e-01
4462.0376 2.5561e-01
4466.4995 2.5650e-01
4470.9658 2.5617e-01
4475.4370 2.5738e-01
4479.9126 2.6475e-01
4484.3921 2.4806e-01
4488.8770 2.6107e-01
4493.3652 2.4633e-01
4497.8594 2.5080e-01
4502.3564 2.4682e-01
4506.8594 2.4672e-01
4511.3657 2.4906e-01
4515.8774 2.4491e-01
4520.3936 2.5671e-01
4524.9136 2.6361e-01
4529.4385 2.5519e-01
4533.9683 2.4438e-01
4538.5020 2.5027e-01
4543.0405 2.3379e-01
4547.5840 2.3296e-01
4552.1313 2.3317e-01
4556.6836 2.2073e-01
4561.2397 2.3491e-01
4565.8013 2.2316e-01
4570.3667 2.2532e-01
4574.9370 2.0759e-01
4579.5122 2.0651e-01
4584.0918 2.2375e-01
4588.6763 2.1611e-01
4593.2642 2.0793e-01
4597.8579 2.0436e-01
4602.4556 2.1202e-01
4607.0581 2.0741e-01
4611.6655 2.0785e-01
4616.2769 1.8241e-01
4620.8931 2.0768e-01
4625.5142 2.0168e-01
4630.1392 2.0440e-01
4634.7695 1.9839e-01
4639.4048 1.9406e-01
4644.0439 1.9753e-01
4648.6880 2.1920e-01
4653.3369 2.1945e-01
4657.9897 2.2734e-01
4662.6479 2.0766e-01
4667.3105 2.1715e-01
4671.9775 2.0992e-01
4676.6499 2.1454e-01
4681.3267 2.0685e-01
4686.0078 2.1774e-01
4690.6938 1.9810e-01
4695.3848 2.1179e-01
4700.0801 2.2327e-01
4704.7798 1.9624e-01
4709.4849 2.3146e-01
4714.1948 2.3461e-01
4718.9087 2.3999e-01
4723.6270 2.2111e-01
4728.3511 2.3106e-01
4733.0796 2.3596e-01
4737.8125 2.2133e-01
4742.5503 2.4753e-01
4747.2930 2.1073e-01
4752.0405 2.2025e-01
4756.7920 2.1591e-01
4761.5488 2.0393e-01
4766.3105 2.0250e-01
4771.0767 2.0388e-01
4775.8477 2.0194e-01
4780.6240 2.0205e-01
4785.4048 1.9194e-01
4790.1904 1.9237e-01
4794.9800 1.7982e-01
4799.7749 1.7638e-01
4804.5747 1.7577e-01
4809.3794 2.0352e-01
4814.1880 1.9563e-01
4819.0029 1.9269e-01
4823.8218 2.0753e-01
4828.6460 2.0348e-01
4833.4741 2.1063e-01
4838.3081 2.0345e-01
4843.1460 2.0650e-01
4847.9893 2.0759e-01
4852.8369 2.0958e-01
4857.6899 2.0199e-01
4862.5474 2.0591e-01
4867.4097 2.0371e-01
4872.2778 2.0703e-01
4877.1499 1.9916e-01
4882.0269 1.9241e-01
4886.9092 1.7419e-01
4891.7959 1.6785e-01
4896.6880 1.7631e-01
4901.5845 1.8313e-01
4906.4858 1.7909e-01
4911.3926 1.6546e-01
4916.3042 1.7223e-01
4921.2207 1.5774e-01
4926.1416 1.5308e-01
4931.0679 1.5630e-01
4935.9990 1.4128e-01
4940.9346 1.4080e-01
4945.8760 1.3371e-01
4950.8218 1.2627e-01
4955.7729 1.2722e-01
4960.7280 1.2502e-01
4965.6885 1.2175e-01
4970.6543 1.1688e-01
4975.6250 1.0070e-01
4980.6006 1.0727e-01
4985.5815 1.1170e-01
4990.5664 1.0598e-01
4995.5576 1.0280e-01
5000.5527 1.0224e-01
5005.5537 9.9625e-02
5010.5596 1.0460e-01
5015.5693 1.0446e-01
5020.5859 1.0996e-01
5025.6064 1.1748e-01
5030.6313 1.1573e-01
5035.6626 1.2887e-01
5040.6987 1.2738e-01
5045.7378 1.3059e-01
5050.7847 1.2651e-01
5055.8354 1.4618e-01
5060.8911 1.3402e-01
5065.9521 1.4953e-01
5071.0176 1.4127e-01
5076.0889 1.4154e-01
5081.1655 1.5079e-01
5086.2461 1.4989e-01
5091.3320 1.5206e-01
5096.4243 1.5766e-01
5101.5200 1.7105e-01
5106.6216 1.7959e-01
5111.7290 1.8357e-01
5116.8394 1.8308e-01
5121.9565 1.8090e-01
5127.0786 1.8515e-01
5132.2056 1.8259e-01
5137.3379 1.8143e-01
5142.4751 1.6484e-01
5147.6177 1.8549e-01
5152.7656 1.8013e-01
5157.9185 1.8648e-01
5163.0762 1.7016e-01
5168.2393 1.7170e-01
5173.4072 1.7060e-01
5178.5811 1.6315e-01
5183.7593 1.6969e-01
5188.9434 1.6741e-01
5194.1323 1.6013e-01
5199.3262 1.6561e-01
5204.5254 1.7207e-01
5209.7305 1.7621e-01
5214.9395 1.7158e-01
5220.1543 1.6741e-01
5225.3750 1.9163e-01
5230.6001 1.8032e-01
5235.8311 1.9048e-01
5241.0664 1.8370e-01
5246.3081 1.7926e-01
5251.5537 1.8122e-01
5256.8052 2.0233e-01
5262.0625 1.8565e-01
5267.3247 1.7263e-01
5272.5918 1.7690e-01
5277.8647 1.6786e-01
5283.1421 1.7546e-01
5288.4258 1.7933e-01
5293.7139 1.6925e-01
5299.0078 1.6172e-01
5304.3066 1.4214e-01
5309.6108 1.5556e-01
5314.9204 1.4948e-01
5320.2358 1.5043e-01
5325.5552 1.5428e-01
5330.8809 1.3773e-01
5336.2119 1.4342e-01
5341.5483 1.5688e-01
5346.8901 1.5461e-01
5352.2368 1.5209e-01
5357.5889 1.4423e-01
5362.9468 1.4274e-01
5368.3096 1.3327e-01
5373.6782 1.3727e-01
5379.0518 1.3277e-01
5384.4307 1.2720e-01
5389.8149 1.3046e-01
5395.2051 1.2519e-01
5400.6001 1.1301e-01
5406.0005 1.1174e-01
5411.4062 1.1636e-01
5416.8188 1.1680e-01
5422.2349 9.8552e-02
5427.6567 1.0920e-01
5433.0850 1.1263e-01
5438.5181 1.1152e-01
5443.9565 1.1430e-01
5449.4004 1.1581e-01
5454.8501 1.1344e-01
5460.3047 1.1653e-01
5465.7646 1.2291e-01
5471.2305 1.2402e-01
5476.7021 1.1505e-01
5482.1787 1.1944e-01
5487.6606 1.2745e-01
5493.1484 1.3013e-01
5498.6411 1.3186e-01
5504.1401 1.1936e-01
5509.6440 1.2382e-01
5515.1543 1.2609e-01
5520.6689 1.2121e-01
5526.1899 1.2179e-01
5531.7158 1.2264e-01
5537.2476 1.2760e-01
5542.7852 1.3029e-01
5548.3276 1.2038e-01
5553.8760 1.2256e-01
5559.4297 1.1596e-01
5564.9893 1.2693e-01
5570.5542 1.2438e-01
5576.1245 1.2072e-01
5581.7012 1.0903e-01
5587.2832 1.0673e-01
5592.8701 1.1473e-01
5598.4629 1.0773e-01
5604.0615 1.1586e-01
5609.6655 1.0307e-01
5615.2754 1.1282e-01
5620.8901 1.0997e-01
5626.5112 1.0888e-01
5632.1377 1.1117e-01
5637.7695 1.0819e-01
5643.4077 1.1087e-01
5649.0513 1.2056e-01
5654.7002 1.2542e-01
5660.3545 1.3128e-01
5666.0146 1.3481e-01
5671.6812 1.3953e-01
5677.3525 1.3962e-01
5683.0303 1.3805e-01
5688.7134 1.4051e-01
5694.4019 1.5334e-01
5700.0962 1.4607e-01
5705.7969 1.4448e-01
5711.5020 1.4576e-01
5717.2134 1.3628e-01
5722.9307 1.3784e-01
5728.6538 1.4686e-01
5734.3828 1.5664e-01
5740.1172 1.5480e-01
5745.8569 1.5292e-01
5751.6025 1.4706e-01
5757.3545 1.5114e-01
5763.1123 1.4372e-01
5768.8745 1.5258e-01
5774.6440 1.3965e-01
5780.4185 1.3888e-01
5786.1987 1.4634e-01
5791.9854 1.4665e-01
5797.7773 1.4592e-01
5803.5752 1.2837e-01
5809.3784 1.4492e-01
5815.1880 1.3298e-01
5821.0029 1.4141e-01
5826.8237 1.2564e-01
5832.6504 1.2338e-01
5838.4839 1.1769e-01
5844.3223 1.2851e-01
5850.1665 1.2271e-01
5856.0166 1.1115e-01
5861.8726 1.0872e-01
5867.7344 1.1802e-01
5873.6021 1.0704e-01
5879.4751 1.0953e-01
5885.3555 1.0687e-01
5891.2402 9.8820e-02
5897.1313 1.0059e-01
5903.0288 1.0489e-01
5908.9321 1.0063e-01
5914.8408 1.0793e-01
5920.7563 9.6243e-02
5926.6768 1.0726e-01
5932.6030 1.0431e-01
5938.5356 1.0844e-01
5944.4741 1.0820e-01
5950.4194 1.1542e-01
5956.3691 1.1508e-01
5962.3257 1.1127e-01
5968.2881 1.2133e-01
5974.2563 1.2002e-01
5980.2310 1.3309e-01
5986.2104 1.1914e-01
5992.1968 1.3135e-01
5998.1895 1.3206e-01
6004.1875 1.3236e-01
6010.1914 1.3694e-01
6016.2017 1.3967e-01
6022.2183 1.2656e-01
6028.2402 1.3379e-01
6034.2686 1.3875e-01
6040.3022 1.4652e-01
6046.3428 1.3453e-01
6052.3892 1.3857e-01
6058.4414 1.4059e-01
6064.5000 1.4124e-01
6070.5645 1.3579e-01
6076.6353 1.3832e-01
6082.7114 1.2319e-01
6088.7944 1.3176e-01
6094.8833 1.3223e-01
6100.9785 1.3276e-01
6107.0796 1.3524e-01
6113.1860 1.4084e-01
6119.2993 1.2971e-01
6125.4189 1.3017e-01
6131.5439 1.2545e-01
6137.6758 1.2216e-01
6143.8130 1.3164e-01
6149.9570 1.2107e-01
6156.1074 1.1288e-01
6162.2632 1.1795e-01
6168.4253 1.0162e-01
6174.5933 9.5024e-02
6180.7686 8.9297e-02
6186.9492 8.0053e-02
6193.1362 7.7927e-02
6199.3291 7.2594e-02
6205.5288 7.1312e-02
6211.7344 6.9856e-02
6217.9458 7.5962e-02
6224.1636 6.4261e-02
6230.3882 6.6140e-02
6236.6187 6.1764e-02
6242.8550 6.2099e-02
6249.0981 5.7440e-02
6255.3472 6.1596e-02
6261.6025 6.6300e-02
6267.8643 6.2345e-02
6274.1323 5.0613e-02
6280.4058 5.8737e-02
6286.6860 6.1600e-02
6292.9736 6.2377e-02
6299.2656 6.5347e-02
6305.5654 6.0898e-02
6311.8711 6.8285e-02
6318.1826 6.9657e-02
6324.5005 6.9416e-02
6330.8247 7.6558e-02
6337.1562 7.3432e-02
6343.4932 7.4212e-02
6349.8364 7.6393e-02
6356.1865 7.6645e-02
6362.5430 8.9770e-02
6368.9058 9.0998e-02
6375.2744 8.8720e-02
6381.6494 9.2392e-02
6388.0312 9.6150e-02
6394.4189 1.0737e-01
6400.8145 1.0344e-01
6407.2148 1.0678e-01
6413.6216 1.2232e-01
6420.0356 1.0257e-01
6426.4551 1.0851e-01
6432.8823 1.0872e-01
6439.3145 1.1771e-01
6445.7539 1.1510e-01
6452.2002 1.1495e-01
6458.6514 1.1117e-01
6465.1104 1.0895e-01
6471.5757 1.1845e-01
6478.0474 1.1105e-01
6484.5249 1.1576e-01
6491.0098 1.1966e-01
6497.5005 1.2173e-01
6503.9985 1.2084e-01
6510.5024 1.0850e-01
6517.0127 1.1121e-01
6523.5303 1.0861e-01
6530.0532 1.1508e-01
6536.5840 1.1319e-01
6543.1201 1.2446e-01
6549.6631 1.0907e-01
6556.2129 1.0558e-01
6562.7690 1.0735e-01
6569.3325 1.0026e-01
6575.9009 1.0871e-01
6582.4775 9.9409e-02
6589.0596 1.0178e-01
6595.6484 1.0694e-01
6602.2446 1.0014e-01
6608.8467 9.9653e-02
6615.4551 9.5950e-02
6622.0708 9.3189e-02
6628.6924 9.1972e-02
6635.3218 9.1332e-02
6641.9570 9.7010e-02
6648.5991 9.0673e-02
6655.2471 8.9968e-02
6661.9028 8.8481e-02
6668.5645 9.1038e-02
6675.2334 8.2594e-02
6681.9087 7.9947e-02
6688.5903 8.8575e-02
6695.2788 7.7294e-02
6701.9741 7.8473e-02
6708.6763 7.2619e-02
6715.3853 8.0252e-02
6722.1001 8.0939e-02
6728.8223 7.4985e-02
6735.5508 6.3206e-02
6742.2871 7.0663e-02
6749.0293 7.7825e-02
6755.7783 7.3026e-02
6762.5342 7.2123e-02
6769.2964 6.5972e-02
6776.0654 6.5179e-02
6782.8418 6.2899e-02
6789.6245 6.4280e-02
6796.4141 6.3337e-02
6803.2109 6.1434e-02
6810.0142 5.8483e-02
6816.8237 5.4112e-02
6823.6401 5.8206e-02
6830.4648 5.9900e-02
6837.2949 6.0529e-02
6844.1323 5.1265e-02
6850.9761 4.9694e-02
6857.8276 5.6598e-02
6864.6855 5.7476e-02
6871.5498 5.0967e-02
6878.4214 5.5183e-02
6885.2998 5.1334e-02
6892.1851 5.3054e-02
6899.0771 4.7926e-02
6905.9766 4.8965e-02
6912.8818 5.0250e-02
6919.7944 5.1539e-02
6926.7153 4.7706e-02
6933.6421 4.8792e-02
6940.5747 4.7721e-02
6947.5151 4.4732e-02
6954.4629 4.2773e-02
6961.4175 4.3624e-02
6968.3794 4.6900e-02
6975.3477 4.4619e-02
6982.3228 4.6978e-02
6989.3052 5.1940e-02
6996.2944 5.1929e-02
7003.2905 4.5304e-02
7010.2939 5.1326e-02
7017.3042 4.1038e-02
7024.3213 4.3845e-02
7031.3457 5.5066e-02
7038.3774 4.8916e-02
7045.4155 4.6966e-02
7052.4614 4.1244e-02
7059.5137 4.3913e-02
7066.5732 4.7868e-02
7073.6396 4.8147e-02
7080.7134 5.2457e-02
7087.7939 4.4302e-02
7094.8818 3.9340e-02
7101.9771 4.5984e-02
7109.0786 4.4114e-02
7116.1880 4.1021e-02
7123.3042 4.3117e-02
7130.4268 4.2002e-02
7137.5571 4.6678e-02
7144.6953 4.3485e-02
7151.8398 4.0278e-02
7158.9912 4.5059e-02
7166.1509 4.6620e-02
7173.3169 4.3211e-02
7180.4897 4.3456e-02
7187.6714 4.5018e-02
7194.8584 4.4014e-02
7202.0532 4.0225e-02
7209.2554 3.8613e-02
7216.4648 4.4037e-02
7223.6816 4.1597e-02
7230.9053 3.8654e-02
7238.1357 4.2991e-02
7245.3740 3.6973e-02
7252.6191 4.1168e-02
7259.8716 3.9861e-02
7267.1318 4.2067e-02
7274.3984 4.0520e-02
7281.6729 4.4258e-02
7288.9551 4.3454e-02
7296.2437 4.0664e-02
7303.5400 4.7425e-02
7310.8433 3.7536e-02
7318.1543 4.2951e-02
7325.4727 4.3542e-02
7332.7983 4.4560e-02
7340.1309 4.0247e-02
7347.4707 4.1257e-02
7354.8188 4.6666e-02
7362.1733 3.7960e-02
7369.5356 4.5883e-02
7376.9053 3.9056e-02
7384.2817 4.2467e-02
7391.6660 4.2937e-02
7399.0581 4.1186e-02
7406.4570 4.8670e-02
7413.8638 4.0677e-02
7421.2769 4.0339e-02
7428.6978 3.4540e-02
7436.1274 4.2650e-02
7443.5630 3.9248e-02
7451.0068 4.5654e-02
7458.4575 4.0191e-02
7465.9165 3.9747e-02
7473.3823 3.7604e-02
7480.8555 3.6686e-02
7488.3364 4.0393e-02
7495.8252 4.4757e-02
7503.3203 4.3357e-02
7510.8237 4.3115e-02
7518.3345 3.9161e-02
7525.8535 3.9988e-02
7533.3789 3.6874e-02
7540.9126 3.9618e-02
7548.4536 3.7862e-02
7556.0020 3.8997e-02
7563.5576 4.4975e-02
7571.1206 4.2338e-02
7578.6919 3.4834e-02
7586.2710 3.7640e-02
7593.8574 3.5730e-02
7601.4512 3.6262e-02
7609.0522 3.9800e-02
7616.6611 3.5148e-02
7624.2788 3.6413e-02
7631.9023 3.7623e-02
7639.5352 3.7928e-02
7647.1743 3.1088e-02
7654.8213 3.4159e-02
7662.4761 3.5024e-02
7670.1387 3.3720e-02
7677.8086 3.1317e-02
7685.4868 2.9847e-02
7693.1724 3.0851e-02
7700.8652 3.5120e-02
7708.5664 3.0432e-02
7716.2749 3.3345e-02
7723.9912 2.4953e-02
7731.7148 2.8974e-02
7739.4468 3.6567e-02
7747.1865 3.5277e-02
7754.9331 3.3699e-02
7762.6885 3.2312e-02
7770.4507 3.5717e-02
7778.2212 3.0160e-02
7785.9990 3.4568e-02
7793.7856 2.9839e-02
7801.5796 3.5811e-02
7809.3809 3.5067e-02
7817.1904 3.3730e-02
7825.0068 3.3698e-02
7832.8325 3.5895e-02
7840.6650 3.3916e-02
7848.5063 3.0808e-02
7856.3545 3.5654e-02
7864.2109 3.4690e-02
7872.0747 3.6759e-02
7879.9473 3.6315e-02
7887.8267 3.5402e-02
7895.7153 3.0677e-02
7903.6108 2.9882e-02
7911.5146 2.9968e-02
7919.4263 3.9399e-02
7927.3457 3.4744e-02
7935.2725 3.5130e-02
7943.2075 3.5792e-02
7951.1509 3.7047e-02
7959.1025 3.5392e-02
7967.0610 3.4056e-02
7975.0283 3.5164e-02
7983.0029 3.9142e-02
7990.9858 3.6594e-02
7998.9775 3.6731e-02
8006.9761 3.7136e-02
8014.9834 3.6767e-02
8022.9985 3.4494e-02
8031.0215 3.8903e-02
8039.0522 3.1478e-02
8047.0913 3.8509e-02
8055.1382 3.6195e-02
8063.1934 4.0831e-02
8071.2568 4.1619e-02
8079.3276 3.4029e-02
8087.4077 3.4691e-02
8095.4946 4.1118e-02
8103.5898 4.1113e-02
8111.6938 4.2203e-02
8119.8052 3.7098e-02
8127.9258 3.7901e-02
8136.0527 3.8288e-02
8144.1890 3.7732e-02
8152.3335 3.4951e-02
8160.4858 3.9514e-02
8168.6465 3.4945e-02
8176.8149 4.2051e-02
8184.9917 3.5816e-02
8193.1768 3.5725e-02
8201.3691 3.5409e-02
8209.5713 3.7880e-02
8217.7812 3.3756e-02
8225.9980 3.2220e-02
8234.2256 3.4906e-02
8242.4590 3.4732e-02
8250.7021 2.9232e-02
8258.9521 2.9869e-02
8267.2109 2.9392e-02
8275.4775 3.6326e-02
8283.7539 3.1756e-02
8292.0371 3.4375e-02
8300.3291 3.6789e-02
8308.6299 2.8909e-02
8316.9375 2.8993e-02
8325.2559 3.3261e-02
8333.5811 2.8984e-02
8341.9141 3.0901e-02
8350.2568 2.9295e-02
8358.6064 2.7961e-02
8366.9658 2.9971e-02
8375.3311 2.6182e-02
8383.7080 2.9222e-02
8392.0908 2.4961e-02
8400.4824 2.8392e-02
8408.8828 2.8122e-02
8417.2930 3.0335e-02
8425.7100 2.9655e-02
8434.1357 3.0909e-02
8442.5693 3.2481e-02
8451.0127 3.4484e-02
8459.4629 3.4314e-02
8467.9219 3.0691e-02
8476.3906 3.2519e-02
8484.8662 3.0509e-02
8493.3516 3.3692e-02
8501.8447 2.7803e-02
8510.3467 3.2327e-02
8518.8574 3.7227e-02
8527.3770 3.5536e-02
8535.9033 3.4482e-02
8544.4395 3.7324e-02
8552.9844 3.5950e-02
8561.5361 3.8442e-02
8570.0986 3.7844e-02
8578.6680 3.7933e-02
8587.2461 3.9659e-02
8595.8350 4.2661e-02
8604.4297 3.9822e-02
8613.0352 4.5354e-02
8621.6475 4.5595e-02
8630.2705 4.5671e-02
8638.8994 4.8892e-02
8647.5391 4.4948e-02
8656.1855 4.8042e-02
8664.8408 4.6419e-02
8673.5068 4.3327e-02
8682.1797 4.9196e-02
8690.8633 4.8681e-02
8699.5537 4.9687e-02
8708.2529 4.8614e-02
8716.9619 4.4302e-02
8725.6777 4.9741e-02
8734.4033 4.6695e-02
8743.1396 5.3302e-02
8751.8818 5.3700e-02
8760.6338 5.1102e-02
8769.3945 5.1930e-02
8778.1641 4.7185e-02
8786.9424 4.3834e-02
8795.7285 5.0812e-02
8804.5254 4.8747e-02
8813.3291 4.3458e-02
8822.1416 4.8327e-02
8830.9648 4.5687e-02
8839.7949 4.1728e-02
8848.6357 4.4623e-02
8857.4834 4.4556e-02
8866.3408 4.5919e-02
8875.2070 4.1008e-02
8884.0830 4.2093e-02
8892.9658 4.6043e-02
8901.8604 4.0601e-02
8910.7617 4.7891e-02
8919.6729 3.9529e-02
8928.5918 4.0758e-02
8937.5215 4.1962e-02
8946.4580 3.3217e-02
8955.4043 3.8652e-02
8964.3594 4.1278e-02
8973.3242 3.6057e-02
8982.2979 3.7542e-02
8991.2803 3.8346e-02
9000.2715 3.9927e-02
9009.2725 3.6136e-02
9018.2812 3.8304e-02
9027.2998 3.5749e-02
9036.3271 3.7693e-02
9045.3623 3.3748e-02
9054.4082 3.3045e-02
9063.4629 3.0483e-02
9072.5264 3.1234e-02
9081.5996 3.1121e-02
9090.6807 2.9907e-02
9099.7705 2.7853e-02
9108.8701 3.0824e-02
9117.9795 2.8971e-02
9127.0977 2.8653e-02
9136.2246 2.8250e-02
9145.3604 2.8800e-02
9154.5068 2.5484e-02
9163.6602 2.8018e-02
9172.8242 2.9391e-02
9181.9980 2.4113e-02
9191.1797 2.4402e-02
9200.3711 2.1742e-02
9209.5703 2.6022e-02
9218.7812 2.1832e-02
9227.9990 2.2260e-02
9237.2275 2.3600e-02
9246.4648 2.1814e-02
9255.7109 2.1986e-02
9264.9668 2.0491e-02
9274.2314 1.9885e-02
9283.5059 2.0042e-02
9292.7891 2.2249e-02
9302.0820 1.9758e-02
9311.3838 2.0751e-02
9320.6953 1.9728e-02
9330.0156 1.6043e-02
9339.3477 2.4077e-02
9348.6855 2.1871e-02
9358.0342 2.5605e-02
9367.3926 2.2585e-02
9376.7598 2.1447e-02
9386.1357 2.4051e-02
9395.5215 1.9822e-02
9404.9180 2.5966e-02
9414.3232 2.2006e-02
9423.7373 2.2256e-02
9433.1611 1.9603e-02
9442.5947 2.1604e-02
9452.0371 2.1135e-02
9461.4883 2.1261e-02
9470.9502 2.6487e-02
9480.4219 2.1364e-02
9489.9014 2.0173e-02
9499.3916 2.6617e-02
9508.8906 2.1692e-02
9518.3994 2.3250e-02
9527.9180 2.1948e-02
9537.4463 2.0150e-02
9546.9834 2.5837e-02
9556.5303 2.0978e-02
9566.0869 1.8157e-02
9575.6533 2.0671e-02
9585.2295 2.1476e-02
9594.8135 2.2016e-02
9604.4092 2.2333e-02
9614.0137 1.8687e-02
9623.6270 1.8616e-02
9633.2500 2.1493e-02
9642.8838 2.1044e-02
9652.5273 2.2080e-02
9662.1797 1.8872e-02
9671.8418 2.1376e-02
9681.5146 1.6954e-02
9691.1953 1.8158e-02
9700.8867 1.7059e-02
9710.5869 1.7607e-02
9720.2979 1.8290e-02
9730.0186 1.5667e-02
9739.7490 1.8127e-02
9749.4883 1.7287e-02
9759.2373 1.5981e-02
