# time_explosion = 3.875
# 
3082.6523 1.2120e-02
3085.7351 1.1696e-02
3088.8208 1.2368e-02
3091.9092 1.0853e-02
3095.0017 1.8120e-02
3098.0964 1.5015e-02
3101.1943 1.3039e-02
3104.2959 1.1779e-02
3107.4001 1.4076e-02
3110.5076 1.2434e-02
3113.6182 9.5188e-03
3116.7317 1.3891e-02
3119.8484 1.5596e-02
3122.9680 1.3613e-02
3126.0913 1.8830e-02
3129.2170 1.7672e-02
3132.3462 1.0640e-02
3135.4788 1.4654e-02
3138.6143 1.5712e-02
3141.7527 1.3661e-02
3144.8945 1.3525e-02
3148.0396 8.7601e-03
3151.1880 1.1747e-02
3154.3386 1.3031e-02
3157.4929 1.0939e-02
3160.6504 1.3012e-02
3163.8113 1.4326e-02
3166.9751 1.2433e-02
3170.1418 1.2266e-02
3173.3120 1.3418e-02
3176.4854 1.2278e-02
3179.6619 1.0303e-02
3182.8418 1.3113e-02
3186.0247 1.5770e-02
3189.2104 1.3094e-02
3192.3997 1.0155e-02
3195.5920 1.3150e-02
3198.7876 7.2677e-03
3201.9866 8.2181e-03
3205.1885 1.0630e-02
3208.3938 1.1422e-02
3211.6021 9.6388e-03
3214.8137 8.8623e-03
3218.0286 1.3347e-02
3221.2463 1.0902e-02
3224.4678 1.4921e-02
3227.6924 9.7430e-03
3230.9202 1.1239e-02
3234.1506 7.9142e-03
3237.3850 9.2475e-03
3240.6223 1.2233e-02
3243.8630 1.3490e-02
3247.1067 9.1024e-03
3250.3540 1.1456e-02
3253.6040 7.6715e-03
3256.8577 9.5647e-03
3260.1150 8.9700e-03
3263.3748 1.0302e-02
3266.6384 1.0001e-02
3269.9050 1.4785e-02
3273.1750 1.0046e-02
3276.4480 1.1376e-02
3279.7244 8.8896e-03
3283.0039 1.0057e-02
3286.2874 1.0031e-02
3289.5732 1.1043e-02
3292.8630 1.5338e-02
3296.1560 1.3261e-02
3299.4521 8.5222e-03
3302.7512 1.2137e-02
3306.0540 1.2252e-02
3309.3601 1.3700e-02
3312.6697 1.1952e-02
3315.9822 1.4712e-02
3319.2981 1.3705e-02
3322.6177 1.2479e-02
3325.9402 1.4924e-02
3329.2661 1.2304e-02
3332.5957 9.6974e-03
3335.9277 1.6511e-02
3339.2637 1.6683e-02
3342.6035 1.9202e-02
3345.9458 1.5436e-02
3349.2917 1.5295e-02
3352.6411 1.5554e-02
3355.9937 1.8450e-02
3359.3496 1.5579e-02
3362.7092 1.0768e-02
3366.0718 1.3836e-02
3369.4380 1.8062e-02
3372.8071 1.7788e-02
3376.1799 1.7596e-02
3379.5564 1.4667e-02
3382.9358 1.5264e-02
3386.3188 1.8163e-02
3389.7053 1.8998e-02
3393.0945 2.0458e-02
3396.4878 1.5550e-02
3399.8845 1.6637e-02
3403.2844 1.9000e-02
3406.6875 1.7430e-02
3410.0942 1.6766e-02
3413.5044 1.6262e-02
3416.9177 2.0548e-02
3420.3347 1.5883e-02
3423.7551 1.8903e-02
3427.1790 1.7100e-02
3430.6060 1.8502e-02
3434.0364 2.0545e-02
3437.4709 1.9217e-02
3440.9082 2.0237e-02
3444.3489 1.9748e-02
3447.7935 2.2076e-02
3451.2412 2.0986e-02
3454.6926 2.2350e-02
3458.1470 2.0539e-02
3461.6055 2.1055e-02
3465.0669 1.8374e-02
3468.5320 2.3127e-02
3472.0007 1.6474e-02
3475.4724 2.1507e-02
3478.9478 2.6404e-02
3482.4268 2.5282e-02
3485.9094 2.6101e-02
3489.3950 2.7739e-02
3492.8845 2.4368e-02
3496.3774 1.9461e-02
3499.8738 2.6535e-02
3503.3738 2.0549e-02
3506.8770 2.8489e-02
3510.3838 2.7448e-02
3513.8945 3.2488e-02
3517.4084 2.3473e-02
3520.9255 2.6632e-02
3524.4465 2.5442e-02
3527.9709 2.3526e-02
3531.4993 2.2792e-02
3535.0305 2.5745e-02
3538.5657 2.3064e-02
3542.1040 2.0911e-02
3545.6462 2.5271e-02
3549.1919 2.1047e-02
3552.7410 2.6015e-02
3556.2937 2.1283e-02
3559.8501 2.4864e-02
3563.4099 2.5090e-02
3566.9734 2.4689e-02
3570.5403 2.1315e-02
3574.1108 3.0670e-02
3577.6848 3.0305e-02
3581.2627 2.5489e-02
3584.8440 2.6078e-02
3588.4287 3.1185e-02
3592.0173 3.3146e-02
3595.6091 3.2464e-02
3599.2046 3.7933e-02
3602.8042 3.2366e-02
3606.4070 4.4893e-02
3610.0132 3.6093e-02
3613.6230 2.9448e-02
3617.2368 4.1248e-02
3620.8540 3.2297e-02
3624.4751 4.4791e-02
3628.0996 4.2989e-02
3631.7275 4.4302e-02
3635.3591 4.0900e-02
3638.9949 3.7299e-02
3642.6338 5.1631e-02
3646.2761 4.6324e-02
3649.9226 4.4756e-02
3653.5725 4.9523e-02
3657.2258 5.8504e-02
3660.8833 4.9801e-02
3664.5442 5.0019e-02
3668.2085 5.5870e-02
3671.8767 5.0655e-02
3675.5488 5.3573e-02
3679.2244 5.2846e-02
3682.9033 4.8945e-02
3686.5867 5.7907e-02
3690.2729 4.7357e-02
3693.9634 4.9703e-02
3697.6575 5.0603e-02
3701.3550 4.9030e-02
3705.0564 4.6494e-02
3708.7615 5.2214e-02
3712.4700 5.2119e-02
3716.1824 5.1352e-02
3719.8989 4.3849e-02
3723.6189 4.3448e-02
3727.3423 4.0981e-02
3731.0696 4.2931e-02
3734.8005 4.3452e-02
3738.5356 4.7912e-02
3742.2737 4.0769e-02
3746.0164 4.1990e-02
3749.7622 4.4318e-02
3753.5120 4.7256e-02
3757.2656 5.0149e-02
3761.0227 4.7334e-02
3764.7837 4.5830e-02
3768.5486 4.6019e-02
3772.3171 4.9891e-02
3776.0896 4.8329e-02
3779.8657 5.2861e-02
3783.6455 4.7511e-02
3787.4290 5.0722e-02
3791.2166 5.2494e-02
3795.0076 5.7767e-02
3798.8030 5.2866e-02
3802.6013 5.2377e-02
3806.4041 4.7123e-02
3810.2107 4.9181e-02
3814.0210 4.4776e-02
3817.8347 4.8049e-02
3821.6523 4.8186e-02
3825.4741 4.5599e-02
3829.2993 4.1017e-02
3833.1292 4.7571e-02
3836.9622 4.2032e-02
3840.7991 3.8862e-02
3844.6396 4.5990e-02
3848.4846 4.5124e-02
3852.3328 4.2678e-02
3856.1853 4.2081e-02
3860.0417 4.1788e-02
3863.9019 5.1673e-02
3867.7654 4.3395e-02
3871.6333 4.6478e-02
3875.5049 4.8537e-02
3879.3804 4.5380e-02
3883.2598 4.7596e-02
3887.1431 5.0425e-02
3891.0303 5.6234e-02
3894.9214 4.6614e-02
3898.8164 5.3136e-02
3902.7148 5.9736e-02
3906.6174 5.6902e-02
3910.5242 5.5410e-02
3914.4348 5.2166e-02
3918.3494 5.0356e-02
3922.2673 5.0107e-02
3926.1897 5.8542e-02
3930.1162 6.1554e-02
3934.0461 5.3422e-02
3937.9800 6.0721e-02
3941.9182 5.4669e-02
3945.8601 5.3001e-02
3949.8059 5.3659e-02
3953.7556 6.0822e-02
3957.7097 6.2671e-02
3961.6672 5.7766e-02
3965.6289 6.2718e-02
3969.5945 5.8319e-02
3973.5640 5.5934e-02
3977.5376 7.1837e-02
3981.5151 6.4584e-02
3985.4968 6.2299e-02
3989.4819 6.4534e-02
3993.4719 6.1207e-02
3997.4653 6.7610e-02
4001.4624 6.9496e-02
4005.4641 6.3940e-02
4009.4697 6.2271e-02
4013.4790 6.0491e-02
4017.4927 6.4887e-02
4021.5100 5.8531e-02
4025.5315 6.7585e-02
4029.5574 6.3678e-02
4033.5867 6.1570e-02
4037.6204 5.7635e-02
4041.6577 6.3276e-02
4045.6997 6.2284e-02
4049.7454 6.8042e-02
4053.7949 6.3059e-02
4057.8484 5.4818e-02
4061.9067 6.2742e-02
4065.9685 6.9709e-02
4070.0344 6.6614e-02
4074.1045 6.4855e-02
4078.1790 7.7961e-02
4082.2566 6.0772e-02
4086.3391 6.4114e-02
4090.4258 6.9862e-02
4094.5156 7.1356e-02
4098.6104 6.5037e-02
4102.7090 7.4395e-02
4106.8115 8.2140e-02
4110.9185 6.8610e-02
4115.0298 7.5709e-02
4119.1445 7.6715e-02
4123.2637 7.2076e-02
4127.3867 7.3832e-02
4131.5142 6.7433e-02
4135.6460 7.0846e-02
4139.7812 7.0928e-02
4143.9209 6.8550e-02
4148.0654 6.6812e-02
4152.2134 6.4846e-02
4156.3657 7.2671e-02
4160.5215 6.8917e-02
4164.6826 6.6544e-02
4168.8472 6.5143e-02
4173.0156 6.5436e-02
4177.1885 6.5075e-02
4181.3662 6.8997e-02
4185.5474 6.5226e-02
4189.7329 7.9357e-02
4193.9229 7.1820e-02
4198.1167 6.3645e-02
4202.3149 6.3309e-02
4206.5166 6.5073e-02
4210.7236 6.1212e-02
4214.9346 6.3297e-02
4219.1489 6.0595e-02
4223.3687 6.4974e-02
4227.5918 6.3464e-02
4231.8188 6.6013e-02
4236.0508 6.8318e-02
4240.2871 7.3353e-02
4244.5273 5.6423e-02
4248.7720 5.7352e-02
4253.0205 6.1406e-02
4257.2739 6.3675e-02
4261.5312 5.8924e-02
4265.7920 6.1490e-02
4270.0581 6.1761e-02
4274.3286 6.3038e-02
4278.6025 6.2079e-02
4282.8809 6.2041e-02
4287.1641 6.0538e-02
4291.4517 5.1649e-02
4295.7427 5.7293e-02
4300.0386 5.8638e-02
4304.3389 5.1659e-02
4308.6431 5.6332e-02
4312.9517 5.3740e-02
4317.2646 5.5708e-02
4321.5815 5.7482e-02
4325.9038 5.5332e-02
4330.2290 5.8079e-02
4334.5596 5.3472e-02
4338.8940 4.8101e-02
4343.2329 5.6320e-02
4347.5762 5.1384e-02
4351.9238 5.7800e-02
4356.2754 4.6691e-02
4360.6318 5.2904e-02
4364.9927 5.6588e-02
4369.3574 4.9641e-02
4373.7271 5.2319e-02
4378.1011 5.2124e-02
4382.4790 5.1959e-02
4386.8613 5.5337e-02
4391.2480 5.2983e-02
4395.6392 5.2814e-02
4400.0352 5.1828e-02
4404.4351 5.4407e-02
4408.8394 5.6241e-02
4413.2485 5.5139e-02
4417.6616 5.0971e-02
4422.0791 6.0549e-02
4426.5015 6.1864e-02
4430.9277 5.2708e-02
4435.3589 5.4083e-02
4439.7944 5.3269e-02
4444.2344 5.4733e-02
4448.6777 6.1586e-02
4453.1270 5.1957e-02
4457.5796 6.4728e-02
4462.0376 5.4622e-02
4466.4995 5.2503e-02
4470.9658 5.7614e-02
4475.4370 6.1387e-02
4479.9126 5.8853e-02
4484.3921 5.7998e-02
4488.8770 5.5121e-02
4493.3652 5.8477e-02
4497.8594 5.9693e-02
4502.3564 6.0919e-02
4506.8594 5.9407e-02
4511.3657 5.8717e-02
4515.8774 5.9987e-02
4520.3936 5.6773e-02
4524.9136 6.5489e-02
4529.4385 5.8517e-02
4533.9683 6.0010e-02
4538.5020 6.2484e-02
4543.0405 5.9409e-02
4547.5840 4.8329e-02
4552.1313 5.6268e-02
4556.6836 5.5481e-02
4561.2397 6.0855e-02
4565.8013 6.7136e-02
4570.3667 5.6200e-02
4574.9370 5.3771e-02
4579.5122 5.4761e-02
4584.0918 5.5119e-02
4588.6763 5.0475e-02
4593.2642 5.4391e-02
4597.8579 5.9935e-02
4602.4556 6.0233e-02
4607.0581 4.8349e-02
4611.6655 5.4989e-02
4616.2769 5.3699e-02
4620.8931 5.4933e-02
4625.5142 5.0709e-02
4630.1392 5.9336e-02
4634.7695 5.2471e-02
4639.4048 5.6004e-02
4644.0439 5.2046e-02
4648.6880 5.0867e-02
4653.3369 4.9082e-02
4657.9897 5.6498e-02
4662.6479 5.7792e-02
4667.3105 5.8713e-02
4671.9775 5.1832e-02
4676.6499 6.0226e-02
4681.3267 5.9046e-02
4686.0078 5.8010e-02
4690.6938 4.7283e-02
4695.3848 5.6362e-02
4700.0801 5.2055e-02
4704.7798 5.1057e-02
4709.4849 4.7851e-02
4714.1948 5.4563e-02
4718.9087 4.7074e-02
4723.6270 5.2806e-02
4728.3511 5.5061e-02
4733.0796 5.1001e-02
4737.8125 5.5560e-02
4742.5503 4.8595e-02
4747.2930 4.7337e-02
4752.0405 4.8085e-02
4756.7920 5.5590e-02
4761.5488 5.4497e-02
4766.3105 5.0323e-02
4771.0767 4.9362e-02
4775.8477 4.5641e-02
4780.6240 5.2115e-02
4785.4048 4.8470e-02
4790.1904 5.2707e-02
4794.9800 5.2623e-02
4799.7749 4.8710e-02
4804.5747 5.0072e-02
4809.3794 5.4361e-02
4814.1880 4.9776e-02
4819.0029 4.7065e-02
4823.8218 5.1052e-02
4828.6460 5.2055e-02
4833.4741 5.1200e-02
4838.3081 5.0863e-02
4843.1460 5.1827e-02
4847.9893 4.7674e-02
4852.8369 4.7172e-02
4857.6899 4.8914e-02
4862.5474 4.2513e-02
4867.4097 4.8711e-02
4872.2778 5.0800e-02
4877.1499 4.7156e-02
4882.0269 4.9483e-02
4886.9092 4.7444e-02
4891.7959 4.5519e-02
4896.6880 5.1743e-02
4901.5845 4.8636e-02
4906.4858 4.7105e-02
4911.3926 5.0677e-02
4916.3042 4.1961e-02
4921.2207 4.7922e-02
4926.1416 4.5040e-02
4931.0679 4.8461e-02
4935.9990 4.2530e-02
4940.9346 4.5786e-02
4945.8760 4.1747e-02
4950.8218 4.0821e-02
4955.7729 4.5954e-02
4960.7280 4.0804e-02
4965.6885 4.2243e-02
4970.6543 4.4593e-02
4975.6250 4.5209e-02
4980.6006 4.6305e-02
4985.5815 4.1530e-02
4990.5664 4.3649e-02
4995.5576 4.7968e-02
5000.5527 4.3956e-02
5005.5537 4.3345e-02
5010.5596 4.8335e-02
5015.5693 3.9362e-02
5020.5859 4.1916e-02
5025.6064 4.3320e-02
5030.6313 4.1620e-02
5035.6626 4.5396e-02
5040.6987 4.3708e-02
5045.7378 4.2906e-02
5050.7847 4.3973e-02
5055.8354 4.1158e-02
5060.8911 4.0390e-02
5065.9521 3.8032e-02
5071.0176 4.0307e-02
5076.0889 4.3072e-02
5081.1655 4.2375e-02
5086.2461 3.8416e-02
5091.3320 3.7445e-02
5096.4243 4.6593e-02
5101.5200 4.2726e-02
5106.6216 4.2703e-02
5111.7290 4.8020e-02
5116.8394 4.3441e-02
5121.9565 4.1208e-02
5127.0786 3.9378e-02
5132.2056 4.7429e-02
5137.3379 4.4842e-02
5142.4751 4.7335e-02
5147.6177 4.0485e-02
5152.7656 4.5694e-02
5157.9185 4.7155e-02
5163.0762 4.3888e-02
5168.2393 4.4566e-02
5173.4072 4.5994e-02
5178.5811 3.4676e-02
5183.7593 4.2239e-02
5188.9434 4.5551e-02
5194.1323 4.2882e-02
5199.3262 3.5905e-02
5204.5254 3.9166e-02
5209.7305 3.6594e-02
5214.9395 4.2447e-02
5220.1543 3.9589e-02
5225.3750 3.6314e-02
5230.6001 3.8303e-02
5235.8311 3.9628e-02
5241.0664 4.6410e-02
5246.3081 3.4247e-02
5251.5537 3.7113e-02
5256.8052 3.6033e-02
5262.0625 3.8291e-02
5267.3247 3.8552e-02
5272.5918 3.9218e-02
5277.8647 3.5564e-02
5283.1421 3.7070e-02
5288.4258 3.6718e-02
5293.7139 3.7183e-02
5299.0078 3.6937e-02
5304.3066 3.6096e-02
5309.6108 3.6758e-02
5314.9204 3.9971e-02
5320.2358 4.0201e-02
5325.5552 2.8743e-02
5330.8809 3.7920e-02
5336.2119 3.7646e-02
5341.5483 3.6457e-02
5346.8901 3.1176e-02
5352.2368 3.5428e-02
5357.5889 3.6786e-02
5362.9468 3.8448e-02
5368.3096 3.4489e-02
5373.6782 3.2317e-02
5379.0518 4.0403e-02
5384.4307 3.9210e-02
5389.8149 3.4671e-02
5395.2051 3.5962e-02
5400.6001 3.8013e-02
5406.0005 3.8387e-02
5411.4062 3.9174e-02
5416.8188 4.3168e-02
5422.2349 3.8458e-02
5427.6567 3.6150e-02
5433.0850 4.4087e-02
5438.5181 3.5563e-02
5443.9565 4.2025e-02
5449.4004 4.1310e-02
5454.8501 3.6885e-02
5460.3047 3.6808e-02
5465.7646 3.5362e-02
5471.2305 3.8223e-02
5476.7021 3.2816e-02
5482.1787 3.5920e-02
5487.6606 3.6557e-02
5493.1484 3.7719e-02
5498.6411 3.5101e-02
5504.1401 3.4236e-02
5509.6440 3.8116e-02
5515.1543 3.1671e-02
5520.6689 3.5327e-02
5526.1899 3.7676e-02
5531.7158 3.7273e-02
5537.2476 4.0319e-02
5542.7852 3.7140e-02
5548.3276 3.5738e-02
5553.8760 3.5059e-02
5559.4297 3.6453e-02
5564.9893 3.4226e-02
5570.5542 2.9258e-02
5576.1245 3.3058e-02
5581.7012 3.0298e-02
5587.2832 3.1203e-02
5592.8701 3.0571e-02
5598.4629 3.3579e-02
5604.0615 3.6707e-02
5609.6655 2.9793e-02
5615.2754 3.5085e-02
5620.8901 3.1427e-02
5626.5112 2.9916e-02
5632.1377 3.4146e-02
5637.7695 3.2339e-02
5643.4077 3.1804e-02
5649.0513 3.2868e-02
5654.7002 3.5392e-02
5660.3545 2.9129e-02
5666.0146 3.5773e-02
5671.6812 2.8990e-02
5677.3525 2.9421e-02
5683.0303 3.3024e-02
5688.7134 3.3709e-02
5694.4019 2.8537e-02
5700.0962 3.1354e-02
5705.7969 2.6925e-02
5711.5020 2.9871e-02
5717.2134 3.3678e-02
5722.9307 3.0786e-02
5728.6538 2.9554e-02
5734.3828 2.8779e-02
5740.1172 3.5283e-02
5745.8569 2.7090e-02
5751.6025 2.6006e-02
5757.3545 3.0723e-02
5763.1123 3.2397e-02
5768.8745 3.0700e-02
5774.6440 3.1815e-02
5780.4185 3.3671e-02
5786.1987 3.1014e-02
5791.9854 2.7821e-02
5797.7773 2.6448e-02
5803.5752 2.3321e-02
5809.3784 2.1156e-02
5815.1880 2.7748e-02
5821.0029 2.4956e-02
5826.8237 3.2612e-02
5832.6504 2.8613e-02
5838.4839 2.4974e-02
5844.3223 2.8051e-02
5850.1665 2.6938e-02
5856.0166 2.8629e-02
5861.8726 2.5923e-02
5867.7344 2.7666e-02
5873.6021 2.4301e-02
5879.4751 2.6968e-02
5885.3555 2.6196e-02
5891.2402 2.6779e-02
5897.1313 2.3987e-02
5903.0288 2.9143e-02
5908.9321 3.0003e-02
5914.8408 2.7065e-02
5920.7563 2.8359e-02
5926.6768 2.5812e-02
5932.6030 3.1920e-02
5938.5356 2.7001e-02
5944.4741 2.9197e-02
5950.4194 2.7447e-02
5956.3691 2.5316e-02
5962.3257 2.6001e-02
5968.2881 2.7294e-02
5974.2563 2.8058e-02
5980.2310 2.4058e-02
5986.2104 2.6305e-02
5992.1968 2.7502e-02
5998.1895 2.9241e-02
6004.1875 2.2776e-02
6010.1914 2.2361e-02
6016.2017 2.7180e-02
6022.2183 2.6318e-02
6028.2402 2.5439e-02
6034.2686 2.6638e-02
6040.3022 2.4491e-02
6046.3428 2.7060e-02
6052.3892 2.5011e-02
6058.4414 2.6433e-02
6064.5000 2.7817e-02
6070.5645 1.9496e-02
6076.6353 2.4162e-02
6082.7114 2.7405e-02
6088.7944 2.3948e-02
6094.8833 1.8746e-02
6100.9785 2.3292e-02
6107.0796 2.4979e-02
6113.1860 2.1214e-02
6119.2993 2.5808e-02
6125.4189 2.1411e-02
6131.5439 2.7606e-02
6137.6758 2.2061e-02
6143.8130 2.5855e-02
6149.9570 2.1969e-02
6156.1074 2.3149e-02
6162.2632 2.2853e-02
6168.4253 2.2410e-02
6174.5933 2.2936e-02
6180.7686 2.1260e-02
6186.9492 2.2078e-02
6193.1362 1.9795e-02
6199.3291 2.3675e-02
6205.5288 2.1684e-02
6211.7344 2.2090e-02
6217.9458 1.7902e-02
6224.1636 1.8147e-02
6230.3882 2.4587e-02
6236.6187 2.2655e-02
6242.8550 1.9935e-02
6249.0981 2.3571e-02
6255.3472 2.2627e-02
6261.6025 2.2041e-02
6267.8643 2.1825e-02
6274.1323 2.1984e-02
6280.4058 2.1399e-02
6286.6860 2.6088e-02
6292.9736 2.2909e-02
6299.2656 2.3271e-02
6305.5654 2.0839e-02
6311.8711 2.3260e-02
6318.1826 2.1766e-02
6324.5005 1.8634e-02
6330.8247 2.2062e-02
6337.1562 2.2680e-02
6343.4932 1.7581e-02
6349.8364 1.9453e-02
6356.1865 2.3552e-02
6362.5430 2.0229e-02
6368.9058 2.1916e-02
6375.2744 2.3705e-02
6381.6494 1.8741e-02
6388.0312 2.0178e-02
6394.4189 2.2958e-02
6400.8145 2.0814e-02
6407.2148 1.9826e-02
6413.6216 1.7806e-02
6420.0356 2.5148e-02
6426.4551 2.0625e-02
6432.8823 2.3690e-02
6439.3145 1.7668e-02
6445.7539 1.8843e-02
6452.2002 2.2852e-02
6458.6514 2.3078e-02
6465.1104 1.9825e-02
6471.5757 2.0584e-02
6478.0474 2.1817e-02
6484.5249 1.8102e-02
6491.0098 2.2152e-02
6497.5005 2.4535e-02
6503.9985 1.6802e-02
6510.5024 2.0086e-02
6517.0127 1.9115e-02
6523.5303 2.1838e-02
6530.0532 1.7378e-02
6536.5840 2.0768e-02
6543.1201 1.9580e-02
6549.6631 2.3866e-02
6556.2129 1.9092e-02
6562.7690 2.2287e-02
6569.3325 2.1936e-02
6575.9009 1.6291e-02
6582.4775 1.9576e-02
6589.0596 1.7252e-02
6595.6484 1.7876e-02
6602.2446 1.9441e-02
6608.8467 1.9222e-02
6615.4551 1.6187e-02
6622.0708 1.7342e-02
6628.6924 1.4303e-02
6635.3218 1.5110e-02
6641.9570 1.6140e-02
6648.5991 1.6147e-02
6655.2471 1.9287e-02
6661.9028 1.7647e-02
6668.5645 1.8469e-02
6675.2334 2.0710e-02
6681.9087 1.6608e-02
6688.5903 1.7177e-02
6695.2788 1.4993e-02
6701.9741 1.8654e-02
6708.6763 1.9680e-02
6715.3853 1.7398e-02
6722.1001 1.7608e-02
6728.8223 1.9617e-02
6735.5508 1.5408e-02
6742.2871 1.4208e-02
6749.0293 1.5826e-02
6755.7783 1.8230e-02
6762.5342 1.5932e-02
6769.2964 1.4601e-02
6776.0654 1.8159e-02
6782.8418 1.6073e-02
6789.6245 1.8937e-02
6796.4141 1.5297e-02
6803.2109 1.3498e-02
6810.0142 1.5363e-02
6816.8237 1.4949e-02
6823.6401 1.7799e-02
6830.4648 1.8959e-02
6837.2949 1.5734e-02
6844.1323 1.6808e-02
6850.9761 1.6299e-02
6857.8276 1.6103e-02
6864.6855 1.5059e-02
6871.5498 1.6538e-02
6878.4214 1.8117e-02
6885.2998 1.4727e-02
6892.1851 1.5726e-02
6899.0771 1.6319e-02
6905.9766 1.3246e-02
6912.8818 1.6091e-02
6919.7944 1.6921e-02
6926.7153 1.5684e-02
6933.6421 1.3112e-02
6940.5747 1.7406e-02
6947.5151 1.4077e-02
6954.4629 1.2726e-02
6961.4175 1.8902e-02
6968.3794 1.1833e-02
6975.3477 1.6056e-02
6982.3228 1.4604e-02
6989.3052 1.5588e-02
6996.2944 1.0866e-02
7003.2905 1.1849e-02
7010.2939 1.2150e-02
7017.3042 1.3889e-02
7024.3213 1.2111e-02
7031.3457 1.4313e-02
7038.3774 1.4261e-02
7045.4155 1.5155e-02
7052.4614 1.3610e-02
7059.5137 1.1094e-02
7066.5732 1.2235e-02
7073.6396 1.3476e-02
7080.7134 1.1482e-02
7087.7939 1.1663e-02
7094.8818 1.4444e-02
7101.9771 1.3637e-02
7109.0786 1.2258e-02
7116.1880 9.5124e-03
7123.3042 1.4939e-02
7130.4268 1.2696e-02
7137.5571 1.3297e-02
7144.6953 1.1543e-02
7151.8398 1.0893e-02
7158.9912 1.1538e-02
7166.1509 1.3473e-02
7173.3169 1.6620e-02
7180.4897 1.4384e-02
7187.6714 1.3250e-02
7194.8584 1.2754e-02
7202.0532 1.1886e-02
7209.2554 1.2733e-02
7216.4648 1.0513e-02
7223.6816 1.1770e-02
7230.9053 1.2942e-02
7238.1357 1.1795e-02
7245.3740 1.1145e-02
7252.6191 1.1836e-02
7259.8716 1.0580e-02
7267.1318 1.2036e-02
7274.3984 1.0655e-02
7281.6729 1.1803e-02
7288.9551 1.0056e-02
7296.2437 1.2613e-02
7303.5400 1.0359e-02
7310.8433 9.4553e-03
7318.1543 1.0978e-02
7325.4727 8.3193e-03
7332.7983 1.1547e-02
7340.1309 1.2163e-02
7347.4707 1.1911e-02
7354.8188 1.0468e-02
7362.1733 1.0973e-02
7369.5356 9.8792e-03
7376.9053 8.0176e-03
7384.2817 1.1074e-02
7391.6660 9.5801e-03
7399.0581 1.0253e-02
7406.4570 1.1222e-02
7413.8638 1.3000e-02
7421.2769 9.8023e-03
7428.6978 9.5461e-03
7436.1274 8.8864e-03
7443.5630 1.0671e-02
7451.0068 1.1282e-02
7458.4575 9.0290e-03
7465.9165 1.2356e-02
7473.3823 1.0943e-02
7480.8555 1.0427e-02
7488.3364 1.0670e-02
7495.8252 1.0539e-02
7503.3203 1.0577e-02
7510.8237 9.8184e-03
7518.3345 1.1623e-02
7525.8535 9.8332e-03
7533.3789 1.1817e-02
7540.9126 1.1771e-02
7548.4536 1.0891e-02
7556.0020 1.1251e-02
7563.5576 1.0457e-02
7571.1206 1.0255e-02
7578.6919 8.8004e-03
7586.2710 8.9499e-03
7593.8574 9.9453e-03
7601.4512 1.0883e-02
7609.0522 9.3124e-03
7616.6611 8.8061e-03
7624.2788 1.0589e-02
7631.9023 1.1415e-02
7639.5352 9.7635e-03
7647.1743 9.9350e-03
7654.8213 8.3308e-03
7662.4761 1.3528e-02
7670.1387 9.6173e-03
7677.8086 1.0614e-02
7685.4868 8.9545e-03
7693.1724 9.3080e-03
7700.8652 9.4607e-03
7708.5664 1.4130e-02
7716.2749 1.0643e-02
7723.9912 1.0413e-02
7731.7148 1.0027e-02
7739.4468 1.0427e-02
7747.1865 9.3293e-03
7754.9331 9.0422e-03
7762.6885 1.1892e-02
7770.4507 1.0244e-02
7778.2212 8.1880e-03
7785.9990 9.8058e-03
7793.7856 9.1461e-03
7801.5796 9.7776e-03
7809.3809 8.2580e-03
7817.1904 9.5108e-03
7825.0068 1.0506e-02
7832.8325 9.4605e-03
7840.6650 1.0222e-02
7848.5063 1.2906e-02
7856.3545 1.0010e-02
7864.2109 1.1055e-02
7872.0747 9.9967e-03
7879.9473 9.9683e-03
7887.8267 8.2872e-03
7895.7153 9.9650e-03
7903.6108 1.0074e-02
7911.5146 9.5105e-03
7919.4263 1.0859e-02
7927.3457 7.9455e-03
7935.2725 1.1147e-02
7943.2075 1.0041e-02
7951.1509 9.7185e-03
7959.1025 8.8773e-03
7967.0610 9.8379e-03
7975.0283 1.0607e-02
7983.0029 9.9739e-03
7990.9858 8.5136e-03
7998.9775 7.8991e-03
8006.9761 9.3356e-03
8014.9834 7.9500e-03
8022.9985 1.1003e-02
8031.0215 7.6085e-03
8039.0522 9.7656e-03
8047.0913 9.0478e-03
8055.1382 1.0735e-02
8063.1934 9.0094e-03
8071.2568 1.0771e-02
8079.3276 1.1127e-02
8087.4077 1.0192e-02
8095.4946 6.7677e-03
8103.5898 8.7839e-03
8111.6938 8.0416e-03
8119.8052 8.0977e-03
8127.9258 1.0543e-02
8136.0527 7.9576e-03
8144.1890 8.7639e-03
8152.3335 1.0056e-02
8160.4858 1.1475e-02
8168.6465 9.7798e-03
8176.8149 9.2127e-03
8184.9917 1.1361e-02
8193.1768 8.0642e-03
8201.3691 8.4094e-03
8209.5713 9.8354e-03
8217.7812 7.9018e-03
8225.9980 9.7852e-03
8234.2256 9.7471e-03
8242.4590 9.3478e-03
8250.7021 1.1107e-02
8258.9521 1.0476e-02
8267.2109 1.0773e-02
8275.4775 1.0266e-02
8283.7539 1.1250e-02
8292.0371 1.0955e-02
8300.3291 7.3928e-03
8308.6299 1.1207e-02
8316.9375 1.1819e-02
8325.2559 1.1859e-02
8333.5811 1.0208e-02
8341.9141 1.0032e-02
8350.2568 7.1838e-03
8358.6064 8.5939e-03
8366.9658 9.6495e-03
8375.3311 1.0202e-02
8383.7080 1.0700e-02
8392.0908 7.9033e-03
8400.4824 9.1410e-03
8408.8828 8.8290e-03
8417.2930 1.1340e-02
8425.7100 1.1714e-02
8434.1357 9.4496e-03
8442.5693 1.0683e-02
8451.0127 1.0116e-02
8459.4629 1.3245e-02
8467.9219 9.5280e-03
8476.3906 9.9019e-03
8484.8662 9.6703e-03
8493.3516 9.0319e-03
8501.8447 7.8095e-03
8510.3467 1.2060e-02
8518.8574 1.1890e-02
8527.3770 8.9282e-03
8535.9033 9.7021e-03
8544.4395 8.8268e-03
8552.9844 1.0460e-02
8561.5361 8.9878e-03
8570.0986 8.7247e-03
8578.6680 1.0581e-02
8587.2461 8.1063e-03
8595.8350 8.5531e-03
8604.4297 8.7732e-03
8613.0352 9.3506e-03
8621.6475 1.1124e-02
8630.2705 7.4504e-03
8638.8994 1.0267e-02
8647.5391 6.8951e-03
8656.1855 9.1439e-03
8664.8408 9.8903e-03
8673.5068 7.7780e-03
8682.1797 1.0594e-02
8690.8633 7.7040e-03
8699.5537 1.0894e-02
8708.2529 7.4955e-03
8716.9619 1.0830e-02
8725.6777 9.5643e-03
8734.4033 8.4835e-03
8743.1396 9.4442e-03
8751.8818 1.0065e-02
8760.6338 8.0892e-03
8769.3945 8.3249e-03
8778.1641 9.8401e-03
8786.9424 6.8942e-03
8795.7285 8.8184e-03
8804.5254 1.0514e-02
8813.3291 6.9022e-03
8822.1416 8.3436e-03
8830.9648 6.9362e-03
8839.7949 7.3074e-03
8848.6357 9.0755e-03
8857.4834 6.4986e-03
8866.3408 7.2305e-03
8875.2070 8.2873e-03
8884.0830 1.0420e-02
8892.9658 7.0829e-03
8901.8604 6.3054e-03
8910.7617 7.0000e-03
8919.6729 6.4482e-03
8928.5918 7.2769e-03
8937.5215 9.7569e-03
8946.4580 6.3489e-03
8955.4043 8.7447e-03
8964.3594 7.6112e-03
8973.3242 6.6814e-03
8982.2979 8.0843e-03
8991.2803 6.3820e-03
9000.2715 6.5272e-03
9009.2725 7.7586e-03
9018.2812 6.9537e-03
9027.2998 8.0339e-03
9036.3271 7.0819e-03
9045.3623 6.5464e-03
9054.4082 6.4627e-03
9063.4629 7.3467e-03
9072.5264 7.6207e-03
9081.5996 5.6581e-03
9090.6807 7.3102e-03
9099.7705 8.6126e-03
9108.8701 6.1973e-03
9117.9795 7.0867e-03
9127.0977 6.8073e-03
9136.2246 5.9675e-03
9145.3604 5.9817e-03
9154.5068 6.1257e-03
9163.6602 6.1020e-03
9172.8242 5.1502e-03
9181.9980 5.8309e-03
9191.1797 6.2776e-03
9200.3711 6.4888e-03
9209.5703 5.5821e-03
9218.7812 4.9411e-03
9227.9990 4.8614e-03
9237.2275 4.9666e-03
9246.4648 7.1132e-03
9255.7109 5.8194e-03
9264.9668 4.7657e-03
9274.2314 4.3657e-03
9283.5059 4.8116e-03
9292.7891 5.6215e-03
9302.0820 3.5222e-03
9311.3838 5.2945e-03
9320.6953 7.3332e-03
9330.0156 6.1944e-03
9339.3477 4.0098e-03
9348.6855 6.4122e-03
9358.0342 6.0456e-03
9367.3926 6.6133e-03
9376.7598 5.8571e-03
9386.1357 6.8063e-03
9395.5215 4.4181e-03
9404.9180 7.3653e-03
9414.3232 3.8271e-03
9423.7373 5.0582e-03
9433.1611 7.0743e-03
9442.5947 7.2226e-03
9452.0371 5.4068e-03
9461.4883 6.7186e-03
9470.9502 6.0126e-03
9480.4219 4.6129e-03
9489.9014 5.9537e-03
9499.3916 5.5139e-03
9508.8906 5.1207e-03
9518.3994 6.1668e-03
9527.9180 7.1449e-03
9537.4463 5.8689e-03
9546.9834 5.1162e-03
9556.5303 5.7612e-03
9566.0869 6.3943e-03
9575.6533 5.8575e-03
9585.2295 4.0576e-03
9594.8135 7.3672e-03
9604.4092 6.4000e-03
9614.0137 4.3604e-03
9623.6270 5.3319e-03
9633.2500 5.0450e-03
9642.8838 5.2847e-03
9652.5273 5.0659e-03
9662.1797 5.6141e-03
9671.8418 3.8316e-03
9681.5146 4.6431e-03
9691.1953 5.2506e-03
9700.8867 4.6418e-03
9710.5869 4.9733e-03
9720.2979 6.9545e-03
9730.0186 3.0610e-03
9739.7490 4.8659e-03
9749.4883 4.7045e-03
9759.2373 4.9556e-03
