# time_explosion = 18.875
# 
3082.6523 3.5134e-02
3085.7351 3.9676e-02
3088.8208 3.4315e-02
3091.9092 4.1599e-02
3095.0017 3.7658e-02
3098.0964 3.4473e-02
3101.1943 4.3278e-02
3104.2959 4.4558e-02
3107.4001 4.4493e-02
3110.5076 5.7565e-02
3113.6182 4.1465e-02
3116.7317 5.3861e-02
3119.8484 6.0757e-02
3122.9680 5.3236e-02
3126.0913 5.0425e-02
3129.2170 5.6584e-02
3132.3462 4.6260e-02
3135.4788 5.7953e-02
3138.6143 4.3262e-02
3141.7527 5.1574e-02
3144.8945 4.6795e-02
3148.0396 5.5653e-02
3151.1880 4.8401e-02
3154.3386 4.3584e-02
3157.4929 4.0080e-02
3160.6504 4.7003e-02
3163.8113 3.2403e-02
3166.9751 4.8982e-02
3170.1418 5.0942e-02
3173.3120 6.0775e-02
3176.4854 4.5873e-02
3179.6619 4.5006e-02
3182.8418 3.4360e-02
3186.0247 4.1035e-02
3189.2104 4.0135e-02
3192.3997 5.2488e-02
3195.5920 3.8098e-02
3198.7876 3.4141e-02
3201.9866 3.6851e-02
3205.1885 3.1378e-02
3208.3938 4.2094e-02
3211.6021 4.1518e-02
3214.8137 5.0710e-02
3218.0286 3.5505e-02
3221.2463 4.8189e-02
3224.4678 3.9942e-02
3227.6924 4.9605e-02
3230.9202 4.3322e-02
3234.1506 3.1199e-02
3237.3850 4.4938e-02
3240.6223 4.0645e-02
3243.8630 4.2759e-02
3247.1067 3.0565e-02
3250.3540 3.7673e-02
3253.6040 4.8080e-02
3256.8577 4.8332e-02
3260.1150 3.3532e-02
3263.3748 3.6658e-02
3266.6384 4.7069e-02
3269.9050 4.1955e-02
3273.1750 4.6172e-02
3276.4480 5.1620e-02
3279.7244 5.3577e-02
3283.0039 5.3138e-02
3286.2874 4.7917e-02
3289.5732 4.4897e-02
3292.8630 4.3448e-02
3296.1560 4.7307e-02
3299.4521 4.8323e-02
3302.7512 5.1870e-02
3306.0540 5.2590e-02
3309.3601 4.9187e-02
3312.6697 6.0005e-02
3315.9822 4.4589e-02
3319.2981 5.0238e-02
3322.6177 5.5039e-02
3325.9402 5.8961e-02
3329.2661 5.3661e-02
3332.5957 4.7770e-02
3335.9277 5.8921e-02
3339.2637 4.8650e-02
3342.6035 5.7820e-02
3345.9458 6.5563e-02
3349.2917 5.2083e-02
3352.6411 5.6618e-02
3355.9937 4.8729e-02
3359.3496 6.0863e-02
3362.7092 5.9795e-02
3366.0718 5.1989e-02
3369.4380 5.9904e-02
3372.8071 5.7927e-02
3376.1799 5.9096e-02
3379.5564 5.9048e-02
3382.9358 6.9348e-02
3386.3188 6.2892e-02
3389.7053 7.0324e-02
3393.0945 6.4999e-02
3396.4878 7.3190e-02
3399.8845 6.0591e-02
3403.2844 6.1918e-02
3406.6875 6.1740e-02
3410.0942 7.0767e-02
3413.5044 6.2660e-02
3416.9177 5.1404e-02
3420.3347 6.2917e-02
3423.7551 6.0466e-02
3427.1790 6.1093e-02
3430.6060 8.4199e-02
3434.0364 8.3420e-02
3437.4709 7.2218e-02
3440.9082 7.5594e-02
3444.3489 7.9279e-02
3447.7935 8.3979e-02
3451.2412 7.0490e-02
3454.6926 7.4507e-02
3458.1470 8.3706e-02
3461.6055 7.9764e-02
3465.0669 7.1408e-02
3468.5320 8.3216e-02
3472.0007 8.2593e-02
3475.4724 8.1469e-02
3478.9478 7.8731e-02
3482.4268 9.4278e-02
3485.9094 8.6322e-02
3489.3950 9.2925e-02
3492.8845 8.2679e-02
3496.3774 9.1827e-02
3499.8738 1.0057e-01
3503.3738 1.0600e-01
3506.8770 1.2646e-01
3510.3838 1.2931e-01
3513.8945 1.3857e-01
3517.4084 1.1854e-01
3520.9255 1.2503e-01
3524.4465 1.2726e-01
3527.9709 1.1837e-01
3531.4993 1.2010e-01
3535.0305 1.0804e-01
3538.5657 1.1081e-01
3542.1040 1.0106e-01
3545.6462 1.1376e-01
3549.1919 1.1256e-01
3552.7410 1.2038e-01
3556.2937 1.0955e-01
3559.8501 1.2581e-01
3563.4099 1.1849e-01
3566.9734 1.2074e-01
3570.5403 1.2681e-01
3574.1108 1.4737e-01
3577.6848 1.7341e-01
3581.2627 2.0030e-01
3584.8440 2.0250e-01
3588.4287 2.2480e-01
3592.0173 2.5085e-01
3595.6091 2.3683e-01
3599.2046 2.4844e-01
3602.8042 2.4564e-01
3606.4070 2.5979e-01
3610.0132 3.0234e-01
3613.6230 2.6018e-01
3617.2368 2.9212e-01
3620.8540 2.8788e-01
3624.4751 3.2499e-01
3628.0996 2.9678e-01
3631.7275 3.0916e-01
3635.3591 3.3012e-01
3638.9949 3.0745e-01
3642.6338 3.2917e-01
3646.2761 3.1284e-01
3649.9226 3.5505e-01
3653.5725 3.4688e-01
3657.2258 3.4272e-01
3660.8833 3.7953e-01
3664.5442 3.6470e-01
3668.2085 3.4807e-01
3671.8767 4.0313e-01
3675.5488 3.8367e-01
3679.2244 3.6672e-01
3682.9033 3.6952e-01
3686.5867 3.7497e-01
3690.2729 3.7091e-01
3693.9634 3.6503e-01
3697.6575 3.6225e-01
3701.3550 3.5776e-01
3705.0564 3.3310e-01
3708.7615 3.4041e-01
3712.4700 3.5313e-01
3716.1824 3.3532e-01
3719.8989 3.4012e-01
3723.6189 3.2982e-01
3727.3423 3.2641e-01
3731.0696 3.2837e-01
3734.8005 3.4147e-01
3738.5356 3.2857e-01
3742.2737 3.1182e-01
3746.0164 3.0141e-01
3749.7622 2.8616e-01
3753.5120 2.8644e-01
3757.2656 2.5292e-01
3761.0227 2.6787e-01
3764.7837 2.7099e-01
3768.5486 2.5087e-01
3772.3171 2.3971e-01
3776.0896 2.4732e-01
3779.8657 2.8320e-01
3783.6455 2.6837e-01
3787.4290 2.3430e-01
3791.2166 2.7192e-01
3795.0076 2.6383e-01
3798.8030 2.8521e-01
3802.6013 2.6756e-01
3806.4041 2.7080e-01
3810.2107 2.6381e-01
3814.0210 2.7698e-01
3817.8347 2.7579e-01
3821.6523 2.7255e-01
3825.4741 2.7775e-01
3829.2993 2.7433e-01
3833.1292 2.8521e-01
3836.9622 2.7482e-01
3840.7991 2.6811e-01
3844.6396 2.7386e-01
3848.4846 2.6651e-01
3852.3328 2.7188e-01
3856.1853 2.3717e-01
3860.0417 2.5649e-01
3863.9019 2.6330e-01
3867.7654 2.5880e-01
3871.6333 2.5415e-01
3875.5049 2.2634e-01
3879.3804 2.5724e-01
3883.2598 2.6794e-01
3887.1431 2.4981e-01
3891.0303 2.6639e-01
3894.9214 2.7479e-01
3898.8164 2.5925e-01
3902.7148 2.5549e-01
3906.6174 2.7296e-01
3910.5242 2.6050e-01
3914.4348 2.5087e-01
3918.3494 2.5791e-01
3922.2673 2.6006e-01
3926.1897 2.8499e-01
3930.1162 3.0579e-01
3934.0461 2.8912e-01
3937.9800 2.9766e-01
3941.9182 3.2990e-01
3945.8601 3.1673e-01
3949.8059 3.4787e-01
3953.7556 3.4532e-01
3957.7097 3.4371e-01
3961.6672 3.6153e-01
3965.6289 3.7796e-01
3969.5945 3.7581e-01
3973.5640 3.9151e-01
3977.5376 4.0142e-01
3981.5151 4.0968e-01
3985.4968 3.6190e-01
3989.4819 4.0743e-01
3993.4719 3.8484e-01
3997.4653 4.1190e-01
4001.4624 4.1425e-01
4005.4641 3.9597e-01
4009.4697 3.7105e-01
4013.4790 3.9372e-01
4017.4927 3.7541e-01
4021.5100 3.7633e-01
4025.5315 3.6940e-01
4029.5574 3.5538e-01
4033.5867 3.3032e-01
4037.6204 3.4545e-01
4041.6577 3.2119e-01
4045.6997 3.5130e-01
4049.7454 3.4039e-01
4053.7949 3.3915e-01
4057.8484 3.5150e-01
4061.9067 3.5350e-01
4065.9685 3.3612e-01
4070.0344 3.4137e-01
4074.1045 3.2667e-01
4078.1790 3.6931e-01
4082.2566 3.5181e-01
4086.3391 3.8585e-01
4090.4258 3.7539e-01
4094.5156 4.0282e-01
4098.6104 3.7919e-01
4102.7090 3.9264e-01
4106.8115 4.2013e-01
4110.9185 4.0046e-01
4115.0298 4.0109e-01
4119.1445 4.3709e-01
4123.2637 4.3261e-01
4127.3867 4.2213e-01
4131.5142 4.2052e-01
4135.6460 3.9986e-01
4139.7812 4.2502e-01
4143.9209 4.1802e-01
4148.0654 4.2998e-01
4152.2134 4.3782e-01
4156.3657 4.3225e-01
4160.5215 4.4749e-01
4164.6826 4.4171e-01
4168.8472 4.6125e-01
4173.0156 4.0433e-01
4177.1885 4.4674e-01
4181.3662 4.4821e-01
4185.5474 4.2562e-01
4189.7329 4.5871e-01
4193.9229 4.5407e-01
4198.1167 4.4218e-01
4202.3149 4.3083e-01
4206.5166 4.5205e-01
4210.7236 4.3789e-01
4214.9346 4.2598e-01
4219.1489 4.3019e-01
4223.3687 4.3004e-01
4227.5918 4.1720e-01
4231.8188 3.9082e-01
4236.0508 4.1092e-01
4240.2871 4.0321e-01
4244.5273 3.8829e-01
4248.7720 4.2005e-01
4253.0205 4.1611e-01
4257.2739 3.9563e-01
4261.5312 4.0726e-01
4265.7920 3.8254e-01
4270.0581 3.9040e-01
4274.3286 3.8253e-01
4278.6025 4.1548e-01
4282.8809 3.5346e-01
4287.1641 3.4455e-01
4291.4517 3.4510e-01
4295.7427 3.3207e-01
4300.0386 3.3191e-01
4304.3389 3.3916e-01
4308.6431 3.1687e-01
4312.9517 3.1735e-01
4317.2646 3.2304e-01
4321.5815 3.0746e-01
4325.9038 3.1524e-01
4330.2290 3.2328e-01
4334.5596 3.2465e-01
4338.8940 3.2064e-01
4343.2329 3.1495e-01
4347.5762 3.0240e-01
4351.9238 3.2562e-01
4356.2754 3.2987e-01
4360.6318 3.2305e-01
4364.9927 3.0261e-01
4369.3574 3.5547e-01
4373.7271 3.1694e-01
4378.1011 3.3523e-01
4382.4790 3.1740e-01
4386.8613 3.4021e-01
4391.2480 3.2864e-01
4395.6392 3.1524e-01
4400.0352 3.3675e-01
4404.4351 3.5739e-01
4408.8394 3.2769e-01
4413.2485 3.4506e-01
4417.6616 3.0405e-01
4422.0791 3.3909e-01
4426.5015 3.3161e-01
4430.9277 3.7035e-01
4435.3589 3.5629e-01
4439.7944 3.7497e-01
4444.2344 3.5447e-01
4448.6777 3.3735e-01
4453.1270 3.8585e-01
4457.5796 3.8774e-01
4462.0376 4.0218e-01
4466.4995 3.9452e-01
4470.9658 3.5915e-01
4475.4370 3.9115e-01
4479.9126 3.4851e-01
4484.3921 3.8233e-01
4488.8770 4.1952e-01
4493.3652 4.0181e-01
4497.8594 4.0250e-01
4502.3564 4.2470e-01
4506.8594 3.8021e-01
4511.3657 4.1997e-01
4515.8774 4.1316e-01
4520.3936 3.9364e-01
4524.9136 4.1660e-01
4529.4385 4.2088e-01
4533.9683 3.7444e-01
4538.5020 3.7369e-01
4543.0405 3.7686e-01
4547.5840 3.9203e-01
4552.1313 3.8043e-01
4556.6836 3.8437e-01
4561.2397 3.7210e-01
4565.8013 3.8138e-01
4570.3667 3.8313e-01
4574.9370 3.6046e-01
4579.5122 3.5077e-01
4584.0918 3.6077e-01
4588.6763 3.5575e-01
4593.2642 3.6652e-01
4597.8579 3.8849e-01
4602.4556 3.5256e-01
4607.0581 3.7452e-01
4611.6655 3.7275e-01
4616.2769 3.6919e-01
4620.8931 3.5169e-01
4625.5142 3.6719e-01
4630.1392 3.6714e-01
4634.7695 3.8439e-01
4639.4048 3.5042e-01
4644.0439 3.9359e-01
4648.6880 3.7238e-01
4653.3369 3.7247e-01
4657.9897 3.7797e-01
4662.6479 3.5253e-01
4667.3105 3.4900e-01
4671.9775 3.6278e-01
4676.6499 3.6520e-01
4681.3267 3.7056e-01
4686.0078 3.8736e-01
4690.6938 3.6955e-01
4695.3848 3.9719e-01
4700.0801 3.5948e-01
4704.7798 3.6967e-01
4709.4849 3.5731e-01
4714.1948 3.6977e-01
4718.9087 3.5174e-01
4723.6270 3.6334e-01
4728.3511 3.4735e-01
4733.0796 3.3614e-01
4737.8125 3.3322e-01
4742.5503 3.3729e-01
4747.2930 3.4197e-01
4752.0405 3.1474e-01
4756.7920 3.2226e-01
4761.5488 3.4031e-01
4766.3105 3.2494e-01
4771.0767 3.2870e-01
4775.8477 3.2305e-01
4780.6240 3.0133e-01
4785.4048 3.2096e-01
4790.1904 3.3480e-01
4794.9800 3.3261e-01
4799.7749 3.3337e-01
4804.5747 3.6363e-01
4809.3794 3.4998e-01
4814.1880 3.3935e-01
4819.0029 3.4110e-01
4823.8218 3.5002e-01
4828.6460 3.3096e-01
4833.4741 3.5238e-01
4838.3081 3.4137e-01
4843.1460 3.5254e-01
4847.9893 3.2266e-01
4852.8369 3.5207e-01
4857.6899 2.8445e-01
4862.5474 2.9052e-01
4867.4097 3.3109e-01
4872.2778 2.9751e-01
4877.1499 3.1581e-01
4882.0269 3.0996e-01
4886.9092 3.0174e-01
4891.7959 2.9487e-01
4896.6880 3.0586e-01
4901.5845 2.8603e-01
4906.4858 2.9844e-01
4911.3926 2.8063e-01
4916.3042 3.0389e-01
4921.2207 2.8707e-01
4926.1416 2.5768e-01
4931.0679 2.4790e-01
4935.9990 2.5376e-01
4940.9346 2.4653e-01
4945.8760 2.3912e-01
4950.8218 2.2757e-01
4955.7729 2.1874e-01
4960.7280 2.1052e-01
4965.6885 2.2373e-01
4970.6543 2.2247e-01
4975.6250 2.2699e-01
4980.6006 2.2107e-01
4985.5815 2.2798e-01
4990.5664 2.2026e-01
4995.5576 2.2935e-01
5000.5527 2.3513e-01
5005.5537 2.3083e-01
5010.5596 2.4455e-01
5015.5693 2.5684e-01
5020.5859 2.7406e-01
5025.6064 2.6051e-01
5030.6313 2.6438e-01
5035.6626 2.6938e-01
5040.6987 2.7679e-01
5045.7378 2.8889e-01
5050.7847 2.9360e-01
5055.8354 2.7281e-01
5060.8911 2.7958e-01
5065.9521 2.9696e-01
5071.0176 2.9109e-01
5076.0889 3.0321e-01
5081.1655 2.7738e-01
5086.2461 3.0459e-01
5091.3320 2.8828e-01
5096.4243 2.9061e-01
5101.5200 2.9155e-01
5106.6216 2.8887e-01
5111.7290 2.8681e-01
5116.8394 2.7775e-01
5121.9565 3.1013e-01
5127.0786 2.9599e-01
5132.2056 2.8611e-01
5137.3379 2.7472e-01
5142.4751 2.9016e-01
5147.6177 2.8938e-01
5152.7656 2.7971e-01
5157.9185 2.7185e-01
5163.0762 2.9109e-01
5168.2393 2.6512e-01
5173.4072 2.8645e-01
5178.5811 2.8941e-01
5183.7593 3.0455e-01
5188.9434 2.8849e-01
5194.1323 3.2090e-01
5199.3262 2.9650e-01
5204.5254 3.0482e-01
5209.7305 3.0143e-01
5214.9395 3.3333e-01
5220.1543 3.1054e-01
5225.3750 3.0396e-01
5230.6001 3.0600e-01
5235.8311 3.2307e-01
5241.0664 3.2919e-01
5246.3081 3.1213e-01
5251.5537 3.1712e-01
5256.8052 3.3402e-01
5262.0625 3.1731e-01
5267.3247 3.1309e-01
5272.5918 2.9068e-01
5277.8647 3.1490e-01
5283.1421 3.1595e-01
5288.4258 2.8512e-01
5293.7139 3.0588e-01
5299.0078 2.8481e-01
5304.3066 3.0482e-01
5309.6108 2.9448e-01
5314.9204 2.9998e-01
5320.2358 2.8733e-01
5325.5552 2.9379e-01
5330.8809 2.7962e-01
5336.2119 2.8737e-01
5341.5483 2.7212e-01
5346.8901 2.5510e-01
5352.2368 2.6663e-01
5357.5889 2.7009e-01
5362.9468 2.5495e-01
5368.3096 2.3712e-01
5373.6782 2.1580e-01
5379.0518 2.5964e-01
5384.4307 2.3987e-01
5389.8149 2.6340e-01
5395.2051 2.2659e-01
5400.6001 2.3634e-01
5406.0005 2.3524e-01
5411.4062 2.4098e-01
5416.8188 2.4283e-01
5422.2349 2.2560e-01
5427.6567 2.5550e-01
5433.0850 2.5072e-01
5438.5181 2.4368e-01
5443.9565 2.5831e-01
5449.4004 2.2678e-01
5454.8501 2.4300e-01
5460.3047 2.4453e-01
5465.7646 2.3925e-01
5471.2305 2.1706e-01
5476.7021 2.3815e-01
5482.1787 2.2988e-01
5487.6606 2.3753e-01
5493.1484 2.5643e-01
5498.6411 2.6114e-01
5504.1401 2.4947e-01
5509.6440 2.3811e-01
5515.1543 2.3712e-01
5520.6689 2.3304e-01
5526.1899 2.4479e-01
5531.7158 2.5302e-01
5537.2476 2.3101e-01
5542.7852 2.3273e-01
5548.3276 2.0308e-01
5553.8760 2.2158e-01
5559.4297 2.0909e-01
5564.9893 2.2369e-01
5570.5542 2.2898e-01
5576.1245 2.1878e-01
5581.7012 2.1050e-01
5587.2832 2.0035e-01
5592.8701 2.1562e-01
5598.4629 2.2676e-01
5604.0615 2.1949e-01
5609.6655 2.4207e-01
5615.2754 2.5090e-01
5620.8901 2.5109e-01
5626.5112 2.4561e-01
5632.1377 2.2813e-01
5637.7695 2.5062e-01
5643.4077 2.4169e-01
5649.0513 2.5327e-01
5654.7002 2.5575e-01
5660.3545 2.5079e-01
5666.0146 2.3568e-01
5671.6812 2.4607e-01
5677.3525 2.5613e-01
5683.0303 2.6181e-01
5688.7134 2.7607e-01
5694.4019 2.8389e-01
5700.0962 2.5782e-01
5705.7969 2.5456e-01
5711.5020 2.6242e-01
5717.2134 2.4848e-01
5722.9307 2.9143e-01
5728.6538 2.6511e-01
5734.3828 2.5728e-01
5740.1172 2.5643e-01
5745.8569 2.6427e-01
5751.6025 2.4994e-01
5757.3545 2.6893e-01
5763.1123 2.6409e-01
5768.8745 2.4825e-01
5774.6440 2.7135e-01
5780.4185 2.5893e-01
5786.1987 2.6893e-01
5791.9854 2.6619e-01
5797.7773 2.5860e-01
5803.5752 2.5109e-01
5809.3784 2.5243e-01
5815.1880 2.5069e-01
5821.0029 2.3203e-01
5826.8237 2.3441e-01
5832.6504 2.3639e-01
5838.4839 2.1321e-01
5844.3223 2.1837e-01
5850.1665 2.1536e-01
5856.0166 2.2424e-01
5861.8726 1.9985e-01
5867.7344 1.9533e-01
5873.6021 2.1520e-01
5879.4751 2.0855e-01
5885.3555 1.9507e-01
5891.2402 1.9083e-01
5897.1313 1.9287e-01
5903.0288 2.0153e-01
5908.9321 2.0681e-01
5914.8408 2.0577e-01
5920.7563 1.8578e-01
5926.6768 2.0223e-01
5932.6030 2.0107e-01
5938.5356 2.1799e-01
5944.4741 2.1354e-01
5950.4194 2.0929e-01
5956.3691 2.0144e-01
5962.3257 1.9622e-01
5968.2881 2.0620e-01
5974.2563 2.2764e-01
5980.2310 2.1730e-01
5986.2104 2.0247e-01
5992.1968 2.1975e-01
5998.1895 2.2865e-01
6004.1875 2.0691e-01
6010.1914 2.0170e-01
6016.2017 2.2175e-01
6022.2183 2.1410e-01
6028.2402 2.1390e-01
6034.2686 2.1933e-01
6040.3022 2.1473e-01
6046.3428 2.1662e-01
6052.3892 1.9191e-01
6058.4414 2.0020e-01
6064.5000 1.9236e-01
6070.5645 1.9183e-01
6076.6353 1.9699e-01
6082.7114 1.8910e-01
6088.7944 1.9609e-01
6094.8833 2.0178e-01
6100.9785 1.9465e-01
6107.0796 1.9765e-01
6113.1860 1.9518e-01
6119.2993 1.8708e-01
6125.4189 1.9394e-01
6131.5439 1.8539e-01
6137.6758 1.8615e-01
6143.8130 1.7599e-01
6149.9570 1.7234e-01
6156.1074 1.6317e-01
6162.2632 1.4552e-01
6168.4253 1.3463e-01
6174.5933 1.3667e-01
6180.7686 1.1485e-01
6186.9492 1.2243e-01
6193.1362 1.0765e-01
6199.3291 1.0117e-01
6205.5288 1.1602e-01
6211.7344 1.0319e-01
6217.9458 9.6722e-02
6224.1636 7.5118e-02
6230.3882 8.8713e-02
6236.6187 9.0658e-02
6242.8550 9.3377e-02
6249.0981 9.3101e-02
6255.3472 8.3860e-02
6261.6025 8.4494e-02
6267.8643 9.3394e-02
6274.1323 9.9487e-02
6280.4058 9.7147e-02
6286.6860 1.0350e-01
6292.9736 1.0968e-01
6299.2656 1.0878e-01
6305.5654 1.3347e-01
6311.8711 1.2729e-01
6318.1826 1.2526e-01
6324.5005 1.4108e-01
6330.8247 1.3861e-01
6337.1562 1.5179e-01
6343.4932 1.4340e-01
6349.8364 1.5146e-01
6356.1865 1.4430e-01
6362.5430 1.4308e-01
6368.9058 1.6229e-01
6375.2744 1.5786e-01
6381.6494 1.5822e-01
6388.0312 1.7455e-01
6394.4189 1.6095e-01
6400.8145 1.6494e-01
6407.2148 1.6578e-01
6413.6216 1.7015e-01
6420.0356 1.6527e-01
6426.4551 1.6476e-01
6432.8823 1.5966e-01
6439.3145 1.6522e-01
6445.7539 1.6215e-01
6452.2002 1.6226e-01
6458.6514 1.5474e-01
6465.1104 1.5975e-01
6471.5757 1.6277e-01
6478.0474 1.5228e-01
6484.5249 1.5418e-01
6491.0098 1.6549e-01
6497.5005 1.5083e-01
6503.9985 1.5565e-01
6510.5024 1.5257e-01
6517.0127 1.5325e-01
6523.5303 1.4999e-01
6530.0532 1.5088e-01
6536.5840 1.4932e-01
6543.1201 1.5791e-01
6549.6631 1.5136e-01
6556.2129 1.5333e-01
6562.7690 1.3968e-01
6569.3325 1.3525e-01
6575.9009 1.4665e-01
6582.4775 1.4138e-01
6589.0596 1.3450e-01
6595.6484 1.3255e-01
6602.2446 1.4803e-01
6608.8467 1.2800e-01
6615.4551 1.3525e-01
6622.0708 1.4650e-01
6628.6924 1.2734e-01
6635.3218 1.2951e-01
6641.9570 1.1588e-01
6648.5991 1.2360e-01
6655.2471 1.2865e-01
6661.9028 1.1826e-01
6668.5645 1.1431e-01
6675.2334 1.2173e-01
6681.9087 1.1323e-01
6688.5903 1.1643e-01
6695.2788 1.0417e-01
6701.9741 1.0482e-01
6708.6763 1.0613e-01
6715.3853 9.3353e-02
6722.1001 1.0170e-01
6728.8223 1.1570e-01
6735.5508 9.6428e-02
6742.2871 9.5605e-02
6749.0293 8.0825e-02
6755.7783 8.7390e-02
6762.5342 9.5228e-02
6769.2964 8.5008e-02
6776.0654 9.4103e-02
6782.8418 7.8435e-02
6789.6245 8.6273e-02
6796.4141 7.5442e-02
6803.2109 7.2355e-02
6810.0142 8.5366e-02
6816.8237 7.9494e-02
6823.6401 7.1327e-02
6830.4648 7.4860e-02
6837.2949 6.7704e-02
6844.1323 7.3466e-02
6850.9761 7.1925e-02
6857.8276 7.2182e-02
6864.6855 6.9851e-02
6871.5498 6.5489e-02
6878.4214 6.7543e-02
6885.2998 6.7762e-02
6892.1851 6.2302e-02
6899.0771 6.8101e-02
6905.9766 6.0283e-02
6912.8818 6.8337e-02
6919.7944 5.9405e-02
6926.7153 7.0023e-02
6933.6421 5.7266e-02
6940.5747 6.2206e-02
6947.5151 5.9652e-02
6954.4629 6.5754e-02
6961.4175 7.3214e-02
6968.3794 5.8459e-02
6975.3477 6.6870e-02
6982.3228 6.4838e-02
6989.3052 6.3342e-02
6996.2944 5.4828e-02
7003.2905 6.9304e-02
7010.2939 5.8422e-02
7017.3042 5.5627e-02
7024.3213 6.6767e-02
7031.3457 7.7621e-02
7038.3774 6.3717e-02
7045.4155 5.5164e-02
7052.4614 5.6442e-02
7059.5137 5.9363e-02
7066.5732 6.2264e-02
7073.6396 5.6623e-02
7080.7134 6.0221e-02
7087.7939 5.9967e-02
7094.8818 6.5224e-02
7101.9771 6.5236e-02
7109.0786 6.3938e-02
7116.1880 6.6618e-02
7123.3042 5.8765e-02
7130.4268 5.7551e-02
7137.5571 5.4545e-02
7144.6953 5.6174e-02
7151.8398 5.9772e-02
7158.9912 5.5376e-02
7166.1509 5.4723e-02
7173.3169 4.6058e-02
7180.4897 5.7145e-02
7187.6714 5.8968e-02
7194.8584 5.6276e-02
7202.0532 5.4885e-02
7209.2554 5.5276e-02
7216.4648 5.2620e-02
7223.6816 5.7945e-02
7230.9053 5.6818e-02
7238.1357 5.1994e-02
7245.3740 5.6848e-02
7252.6191 5.0810e-02
7259.8716 5.4004e-02
7267.1318 5.6032e-02
7274.3984 5.1057e-02
7281.6729 5.2827e-02
7288.9551 5.5312e-02
7296.2437 4.8968e-02
7303.5400 4.0439e-02
7310.8433 5.0907e-02
7318.1543 5.5558e-02
7325.4727 4.8225e-02
7332.7983 4.7937e-02
7340.1309 5.1464e-02
7347.4707 4.9422e-02
7354.8188 5.2850e-02
7362.1733 4.4339e-02
7369.5356 4.3009e-02
7376.9053 4.3352e-02
7384.2817 4.9762e-02
7391.6660 5.0687e-02
7399.0581 4.0749e-02
7406.4570 4.9382e-02
7413.8638 4.3232e-02
7421.2769 4.3461e-02
7428.6978 4.4800e-02
7436.1274 4.7861e-02
7443.5630 4.3441e-02
7451.0068 4.0920e-02
7458.4575 4.7595e-02
7465.9165 4.0496e-02
7473.3823 3.7805e-02
7480.8555 4.6341e-02
7488.3364 4.0022e-02
7495.8252 4.2820e-02
7503.3203 4.1555e-02
7510.8237 4.5834e-02
7518.3345 4.0039e-02
7525.8535 4.0651e-02
7533.3789 4.0259e-02
7540.9126 3.6358e-02
7548.4536 4.0005e-02
7556.0020 3.8487e-02
7563.5576 3.4913e-02
7571.1206 3.5403e-02
7578.6919 3.0280e-02
7586.2710 3.5821e-02
7593.8574 3.8885e-02
7601.4512 3.4373e-02
7609.0522 4.0633e-02
7616.6611 3.4156e-02
7624.2788 3.0717e-02
7631.9023 3.1357e-02
7639.5352 3.1220e-02
7647.1743 3.6009e-02
7654.8213 3.4969e-02
7662.4761 3.7396e-02
7670.1387 3.6299e-02
7677.8086 3.8999e-02
7685.4868 2.7845e-02
7693.1724 3.2401e-02
7700.8652 3.6449e-02
7708.5664 3.4129e-02
7716.2749 3.5004e-02
7723.9912 3.3757e-02
7731.7148 3.2771e-02
7739.4468 3.3915e-02
7747.1865 3.5445e-02
7754.9331 3.3387e-02
7762.6885 3.1304e-02
7770.4507 3.6940e-02
7778.2212 3.2862e-02
7785.9990 3.5499e-02
7793.7856 3.0002e-02
7801.5796 2.8746e-02
7809.3809 3.6840e-02
7817.1904 3.6535e-02
7825.0068 3.9166e-02
7832.8325 3.6062e-02
7840.6650 3.4197e-02
7848.5063 3.5484e-02
7856.3545 2.6693e-02
7864.2109 3.1370e-02
7872.0747 2.7490e-02
7879.9473 2.8529e-02
7887.8267 2.8332e-02
7895.7153 3.3325e-02
7903.6108 3.0285e-02
7911.5146 3.5319e-02
7919.4263 3.3628e-02
7927.3457 3.0161e-02
7935.2725 3.6886e-02
7943.2075 4.0940e-02
7951.1509 3.4645e-02
7959.1025 3.7731e-02
7967.0610 3.6422e-02
7975.0283 4.0036e-02
7983.0029 3.6229e-02
7990.9858 3.5181e-02
7998.9775 3.1543e-02
8006.9761 3.6152e-02
8014.9834 3.9380e-02
8022.9985 4.1224e-02
8031.0215 4.5708e-02
8039.0522 4.6357e-02
8047.0913 4.1393e-02
8055.1382 4.4290e-02
8063.1934 4.1509e-02
8071.2568 3.9295e-02
8079.3276 3.6888e-02
8087.4077 3.7756e-02
8095.4946 4.3859e-02
8103.5898 4.2724e-02
8111.6938 4.5919e-02
8119.8052 3.9113e-02
8127.9258 3.8934e-02
8136.0527 4.1485e-02
8144.1890 4.2790e-02
8152.3335 3.5739e-02
8160.4858 4.0048e-02
8168.6465 3.5830e-02
8176.8149 3.5188e-02
8184.9917 3.9605e-02
8193.1768 3.6103e-02
8201.3691 4.3162e-02
8209.5713 4.0700e-02
8217.7812 3.7704e-02
8225.9980 3.7203e-02
8234.2256 4.5685e-02
8242.4590 3.9472e-02
8250.7021 4.3772e-02
8258.9521 4.2036e-02
8267.2109 4.1958e-02
8275.4775 4.7418e-02
8283.7539 3.8969e-02
8292.0371 3.6212e-02
8300.3291 4.0929e-02
8308.6299 3.0293e-02
8316.9375 3.5114e-02
8325.2559 3.6679e-02
8333.5811 3.7897e-02
8341.9141 3.5601e-02
8350.2568 3.3428e-02
8358.6064 3.8730e-02
8366.9658 3.6829e-02
8375.3311 3.2929e-02
8383.7080 3.6181e-02
8392.0908 3.9840e-02
8400.4824 3.4162e-02
8408.8828 3.9799e-02
8417.2930 4.0446e-02
8425.7100 4.1803e-02
8434.1357 3.9610e-02
8442.5693 4.2602e-02
8451.0127 4.0191e-02
8459.4629 4.4299e-02
8467.9219 4.7406e-02
8476.3906 4.3649e-02
8484.8662 4.5529e-02
8493.3516 4.7156e-02
8501.8447 4.0564e-02
8510.3467 4.5676e-02
8518.8574 4.7691e-02
8527.3770 5.9726e-02
8535.9033 6.2611e-02
8544.4395 4.7138e-02
8552.9844 5.0032e-02
8561.5361 5.2855e-02
8570.0986 6.0549e-02
8578.6680 6.0486e-02
8587.2461 5.8592e-02
8595.8350 5.3021e-02
8604.4297 5.6182e-02
8613.0352 5.8672e-02
8621.6475 5.2027e-02
8630.2705 5.6708e-02
8638.8994 5.8573e-02
8647.5391 6.3550e-02
8656.1855 6.7000e-02
8664.8408 6.6317e-02
8673.5068 6.7695e-02
8682.1797 6.0010e-02
8690.8633 5.9604e-02
8699.5537 6.0445e-02
8708.2529 5.9797e-02
8716.9619 6.6263e-02
8725.6777 6.1047e-02
8734.4033 5.9296e-02
8743.1396 5.8971e-02
8751.8818 5.9536e-02
8760.6338 4.9923e-02
8769.3945 5.9941e-02
8778.1641 5.6776e-02
8786.9424 5.7376e-02
8795.7285 6.4021e-02
8804.5254 5.7977e-02
8813.3291 5.2273e-02
8822.1416 6.5843e-02
8830.9648 4.9794e-02
8839.7949 5.8688e-02
8848.6357 6.1156e-02
8857.4834 5.1616e-02
8866.3408 5.8464e-02
8875.2070 4.9421e-02
8884.0830 5.4796e-02
8892.9658 6.4210e-02
8901.8604 5.2493e-02
8910.7617 5.1380e-02
8919.6729 5.3971e-02
8928.5918 5.4390e-02
8937.5215 5.1854e-02
8946.4580 4.5067e-02
8955.4043 4.6276e-02
8964.3594 4.9522e-02
8973.3242 4.6996e-02
8982.2979 4.2581e-02
8991.2803 4.8105e-02
9000.2715 4.4844e-02
9009.2725 5.0295e-02
9018.2812 4.0209e-02
9027.2998 4.7423e-02
9036.3271 4.3111e-02
9045.3623 4.6760e-02
9054.4082 3.9145e-02
9063.4629 3.2837e-02
9072.5264 4.5351e-02
9081.5996 3.9688e-02
9090.6807 4.0152e-02
9099.7705 3.1580e-02
9108.8701 3.5461e-02
9117.9795 3.7434e-02
9127.0977 3.8092e-02
9136.2246 3.4309e-02
9145.3604 3.4626e-02
9154.5068 2.9452e-02
9163.6602 3.2513e-02
9172.8242 2.5578e-02
9181.9980 3.2674e-02
9191.1797 3.5075e-02
9200.3711 2.8681e-02
9209.5703 2.7993e-02
9218.7812 3.0976e-02
9227.9990 2.8265e-02
9237.2275 2.7840e-02
9246.4648 2.8731e-02
9255.7109 1.9285e-02
9264.9668 2.6241e-02
9274.2314 2.1721e-02
9283.5059 2.2006e-02
9292.7891 1.9977e-02
9302.0820 2.6519e-02
9311.3838 1.9828e-02
9320.6953 1.7818e-02
9330.0156 2.4784e-02
9339.3477 2.0178e-02
9348.6855 2.1102e-02
9358.0342 1.7685e-02
9367.3926 2.0821e-02
9376.7598 1.8820e-02
9386.1357 2.0746e-02
9395.5215 1.8523e-02
9404.9180 2.1399e-02
9414.3232 1.6744e-02
9423.7373 1.5000e-02
9433.1611 1.4176e-02
9442.5947 2.2047e-02
9452.0371 1.4953e-02
9461.4883 1.7770e-02
9470.9502 1.8171e-02
9480.4219 1.5231e-02
9489.9014 1.6593e-02
9499.3916 1.2706e-02
9508.8906 1.7548e-02
9518.3994 1.3174e-02
9527.9180 1.8734e-02
9537.4463 1.4546e-02
9546.9834 1.2225e-02
9556.5303 1.7336e-02
9566.0869 1.5491e-02
9575.6533 1.9507e-02
9585.2295 1.1473e-02
9594.8135 1.4294e-02
9604.4092 1.4576e-02
9614.0137 1.3899e-02
9623.6270 1.6670e-02
9633.2500 1.2311e-02
9642.8838 1.3683e-02
9652.5273 1.3934e-02
9662.1797 1.7366e-02
9671.8418 1.6295e-02
9681.5146 1.4587e-02
9691.1953 1.0927e-02
9700.8867 1.6217e-02
9710.5869 1.3915e-02
9720.2979 1.2386e-02
9730.0186 1.2712e-02
9739.7490 1.3750e-02
9749.4883 1.2763e-02
9759.2373 1.4230e-02
