# time_explosion = 15.875
# 
3082.6523 1.4244e-02
3085.7351 1.3054e-02
3088.8208 9.5156e-03
3091.9092 1.0454e-02
3095.0017 2.0650e-02
3098.0964 1.6114e-02
3101.1943 1.0965e-02
3104.2959 1.3962e-02
3107.4001 1.3122e-02
3110.5076 1.2899e-02
3113.6182 1.3111e-02
3116.7317 1.3701e-02
3119.8484 1.1290e-02
3122.9680 1.5868e-02
3126.0913 1.2716e-02
3129.2170 1.2037e-02
3132.3462 1.3780e-02
3135.4788 1.4281e-02
3138.6143 1.0140e-02
3141.7527 1.5454e-02
3144.8945 1.3558e-02
3148.0396 1.8114e-02
3151.1880 1.4142e-02
3154.3386 1.2780e-02
3157.4929 1.3639e-02
3160.6504 1.1117e-02
3163.8113 1.0841e-02
3166.9751 1.2223e-02
3170.1418 1.6191e-02
3173.3120 1.2283e-02
3176.4854 9.5754e-03
3179.6619 1.2577e-02
3182.8418 1.2481e-02
3186.0247 1.3673e-02
3189.2104 1.4805e-02
3192.3997 1.5576e-02
3195.5920 1.8197e-02
3198.7876 1.1518e-02
3201.9866 1.1223e-02
3205.1885 1.1198e-02
3208.3938 1.6936e-02
3211.6021 1.5281e-02
3214.8137 1.5666e-02
3218.0286 1.5619e-02
3221.2463 1.2219e-02
3224.4678 1.0439e-02
3227.6924 1.4503e-02
3230.9202 1.3306e-02
3234.1506 1.6757e-02
3237.3850 1.7297e-02
3240.6223 1.8302e-02
3243.8630 1.8919e-02
3247.1067 1.8705e-02
3250.3540 1.8920e-02
3253.6040 1.9600e-02
3256.8577 2.2101e-02
3260.1150 2.3388e-02
3263.3748 2.2505e-02
3266.6384 2.7548e-02
3269.9050 2.2500e-02
3273.1750 1.9832e-02
3276.4480 2.4017e-02
3279.7244 1.9467e-02
3283.0039 2.4285e-02
3286.2874 2.2325e-02
3289.5732 1.8092e-02
3292.8630 1.6456e-02
3296.1560 2.5797e-02
3299.4521 2.8683e-02
3302.7512 2.2694e-02
3306.0540 1.7990e-02
3309.3601 2.2664e-02
3312.6697 1.7512e-02
3315.9822 2.3142e-02
3319.2981 1.9380e-02
3322.6177 2.6330e-02
3325.9402 2.2481e-02
3329.2661 2.5536e-02
3332.5957 2.2979e-02
3335.9277 2.2201e-02
3339.2637 1.9717e-02
3342.6035 2.3121e-02
3345.9458 2.2268e-02
3349.2917 2.3556e-02
3352.6411 2.6792e-02
3355.9937 2.3379e-02
3359.3496 2.5445e-02
3362.7092 2.6662e-02
3366.0718 2.3853e-02
3369.4380 3.0667e-02
3372.8071 2.4016e-02
3376.1799 3.4558e-02
3379.5564 2.8461e-02
3382.9358 2.8892e-02
3386.3188 3.5494e-02
3389.7053 3.2003e-02
3393.0945 2.8300e-02
3396.4878 2.5005e-02
3399.8845 2.7140e-02
3403.2844 3.0358e-02
3406.6875 3.2694e-02
3410.0942 2.5286e-02
3413.5044 3.0134e-02
3416.9177 3.2394e-02
3420.3347 3.6302e-02
3423.7551 3.0813e-02
3427.1790 3.4777e-02
3430.6060 3.1872e-02
3434.0364 3.9961e-02
3437.4709 3.8309e-02
3440.9082 3.9551e-02
3444.3489 3.3805e-02
3447.7935 3.1090e-02
3451.2412 3.7131e-02
3454.6926 3.5394e-02
3458.1470 3.7148e-02
3461.6055 3.5726e-02
3465.0669 4.0343e-02
3468.5320 2.9707e-02
3472.0007 3.4902e-02
3475.4724 4.1046e-02
3478.9478 3.1684e-02
3482.4268 3.9918e-02
3485.9094 3.2299e-02
3489.3950 3.7226e-02
3492.8845 3.9120e-02
3496.3774 3.6107e-02
3499.8738 3.6237e-02
3503.3738 3.1878e-02
3506.8770 3.1303e-02
3510.3838 3.5858e-02
3513.8945 3.6368e-02
3517.4084 3.2295e-02
3520.9255 3.5024e-02
3524.4465 3.4980e-02
3527.9709 3.7024e-02
3531.4993 2.7931e-02
3535.0305 3.0703e-02
3538.5657 2.9610e-02
3542.1040 3.0061e-02
3545.6462 3.9160e-02
3549.1919 3.1207e-02
3552.7410 3.1491e-02
3556.2937 3.1101e-02
3559.8501 3.0442e-02
3563.4099 2.7453e-02
3566.9734 2.8656e-02
3570.5403 3.1575e-02
3574.1108 2.5715e-02
3577.6848 3.1220e-02
3581.2627 2.8609e-02
3584.8440 2.8485e-02
3588.4287 2.5681e-02
3592.0173 2.9134e-02
3595.6091 3.2960e-02
3599.2046 3.7620e-02
3602.8042 3.1418e-02
3606.4070 2.7976e-02
3610.0132 2.6784e-02
3613.6230 3.9037e-02
3617.2368 3.3213e-02
3620.8540 3.9445e-02
3624.4751 4.0106e-02
3628.0996 4.0158e-02
3631.7275 4.1952e-02
3635.3591 3.5817e-02
3638.9949 4.3677e-02
3642.6338 4.5590e-02
3646.2761 5.3844e-02
3649.9226 5.4245e-02
3653.5725 6.5040e-02
3657.2258 8.1428e-02
3660.8833 7.5491e-02
3664.5442 7.7971e-02
3668.2085 8.9740e-02
3671.8767 9.5239e-02
3675.5488 9.6050e-02
3679.2244 9.7223e-02
3682.9033 9.6021e-02
3686.5867 8.8110e-02
3690.2729 8.4680e-02
3693.9634 8.6035e-02
3697.6575 7.3044e-02
3701.3550 7.4164e-02
3705.0564 6.8476e-02
3708.7615 6.8764e-02
3712.4700 6.3038e-02
3716.1824 5.7360e-02
3719.8989 6.4294e-02
3723.6189 6.1003e-02
3727.3423 5.3875e-02
3731.0696 5.8768e-02
3734.8005 5.9300e-02
3738.5356 5.9667e-02
3742.2737 5.8965e-02
3746.0164 5.4646e-02
3749.7622 5.9800e-02
3753.5120 5.7920e-02
3757.2656 5.2118e-02
3761.0227 5.1599e-02
3764.7837 5.6273e-02
3768.5486 6.3300e-02
3772.3171 5.8788e-02
3776.0896 4.6677e-02
3779.8657 5.7850e-02
3783.6455 5.6208e-02
3787.4290 5.7438e-02
3791.2166 6.7187e-02
3795.0076 5.6077e-02
3798.8030 5.3759e-02
3802.6013 5.5507e-02
3806.4041 5.9491e-02
3810.2107 6.1333e-02
3814.0210 5.8776e-02
3817.8347 5.9963e-02
3821.6523 7.2137e-02
3825.4741 5.1223e-02
3829.2993 5.4324e-02
3833.1292 5.6942e-02
3836.9622 6.4854e-02
3840.7991 7.5382e-02
3844.6396 6.8444e-02
3848.4846 6.1076e-02
3852.3328 7.3978e-02
3856.1853 7.3373e-02
3860.0417 7.5035e-02
3863.9019 8.0449e-02
3867.7654 8.9220e-02
3871.6333 8.8189e-02
3875.5049 9.9571e-02
3879.3804 1.0911e-01
3883.2598 1.0460e-01
3887.1431 1.0157e-01
3891.0303 1.0739e-01
3894.9214 1.0944e-01
3898.8164 1.0794e-01
3902.7148 1.3135e-01
3906.6174 1.3861e-01
3910.5242 1.2101e-01
3914.4348 1.4955e-01
3918.3494 1.3485e-01
3922.2673 1.4151e-01
3926.1897 1.3663e-01
3930.1162 1.5751e-01
3934.0461 1.5718e-01
3937.9800 1.5184e-01
3941.9182 1.5929e-01
3945.8601 1.4998e-01
3949.8059 1.5083e-01
3953.7556 1.3814e-01
3957.7097 1.4097e-01
3961.6672 1.3917e-01
3965.6289 1.3814e-01
3969.5945 1.4623e-01
3973.5640 1.4198e-01
3977.5376 1.5037e-01
3981.5151 1.5170e-01
3985.4968 1.5151e-01
3989.4819 1.5495e-01
3993.4719 1.7279e-01
3997.4653 1.6012e-01
4001.4624 1.9147e-01
4005.4641 1.7672e-01
4009.4697 1.8434e-01
4013.4790 1.9968e-01
4017.4927 2.1014e-01
4021.5100 2.0970e-01
4025.5315 1.9667e-01
4029.5574 1.9174e-01
4033.5867 1.9088e-01
4037.6204 1.9870e-01
4041.6577 1.8994e-01
4045.6997 1.7921e-01
4049.7454 1.7907e-01
4053.7949 1.6955e-01
4057.8484 1.4793e-01
4061.9067 1.4292e-01
4065.9685 1.4291e-01
4070.0344 1.1902e-01
4074.1045 1.1803e-01
4078.1790 1.1221e-01
4082.2566 1.0161e-01
4086.3391 1.0575e-01
4090.4258 9.3617e-02
4094.5156 8.7592e-02
4098.6104 9.4920e-02
4102.7090 8.9272e-02
4106.8115 8.9135e-02
4110.9185 8.0007e-02
4115.0298 8.2438e-02
4119.1445 7.9308e-02
4123.2637 8.3433e-02
4127.3867 1.0577e-01
4131.5142 8.9099e-02
4135.6460 8.5462e-02
4139.7812 1.0204e-01
4143.9209 9.3564e-02
4148.0654 9.6317e-02
4152.2134 8.4970e-02
4156.3657 8.5293e-02
4160.5215 8.3977e-02
4164.6826 8.0005e-02
4168.8472 7.7341e-02
4173.0156 7.9631e-02
4177.1885 6.3421e-02
4181.3662 7.6506e-02
4185.5474 7.0151e-02
4189.7329 7.3312e-02
4193.9229 6.9694e-02
4198.1167 7.5452e-02
4202.3149 6.6770e-02
4206.5166 6.9350e-02
4210.7236 6.5575e-02
4214.9346 6.8318e-02
4219.1489 6.2929e-02
4223.3687 6.5574e-02
4227.5918 5.9091e-02
4231.8188 5.2609e-02
4236.0508 6.2652e-02
4240.2871 6.5236e-02
4244.5273 6.3164e-02
4248.7720 6.7267e-02
4253.0205 6.7476e-02
4257.2739 5.7920e-02
4261.5312 6.9434e-02
4265.7920 7.4615e-02
4270.0581 6.7992e-02
4274.3286 6.9042e-02
4278.6025 6.6117e-02
4282.8809 6.4322e-02
4287.1641 6.0778e-02
4291.4517 6.0550e-02
4295.7427 6.0671e-02
4300.0386 6.1953e-02
4304.3389 5.8053e-02
4308.6431 5.3616e-02
4312.9517 5.1400e-02
4317.2646 5.8231e-02
4321.5815 4.8207e-02
4325.9038 5.3485e-02
4330.2290 5.0661e-02
4334.5596 5.0475e-02
4338.8940 6.2929e-02
4343.2329 5.0981e-02
4347.5762 5.6499e-02
4351.9238 5.2828e-02
4356.2754 5.3761e-02
4360.6318 6.2748e-02
4364.9927 6.7638e-02
4369.3574 6.7536e-02
4373.7271 7.9472e-02
4378.1011 8.0419e-02
4382.4790 8.7803e-02
4386.8613 8.1719e-02
4391.2480 8.9714e-02
4395.6392 1.0200e-01
4400.0352 1.0193e-01
4404.4351 1.1559e-01
4408.8394 1.2119e-01
4413.2485 1.2527e-01
4417.6616 1.1903e-01
4422.0791 1.4283e-01
4426.5015 1.5814e-01
4430.9277 1.4106e-01
4435.3589 1.6034e-01
4439.7944 1.8053e-01
4444.2344 1.7589e-01
4448.6777 1.8825e-01
4453.1270 2.0429e-01
4457.5796 2.0965e-01
4462.0376 2.2346e-01
4466.4995 2.2257e-01
4470.9658 2.1580e-01
4475.4370 2.5096e-01
4479.9126 2.3959e-01
4484.3921 2.5041e-01
4488.8770 2.4756e-01
4493.3652 2.6471e-01
4497.8594 2.5906e-01
4502.3564 2.4612e-01
4506.8594 2.5468e-01
4511.3657 2.3120e-01
4515.8774 2.5435e-01
4520.3936 2.4747e-01
4524.9136 2.3906e-01
4529.4385 2.3106e-01
4533.9683 2.1982e-01
4538.5020 2.1762e-01
4543.0405 2.2471e-01
4547.5840 2.3733e-01
4552.1313 2.2263e-01
4556.6836 2.1234e-01
4561.2397 2.1541e-01
4565.8013 2.0690e-01
4570.3667 2.3299e-01
4574.9370 2.1092e-01
4579.5122 2.1561e-01
4584.0918 2.2792e-01
4588.6763 2.3258e-01
4593.2642 2.4507e-01
4597.8579 2.5614e-01
4602.4556 2.5343e-01
4607.0581 2.6593e-01
4611.6655 2.4908e-01
4616.2769 2.5983e-01
4620.8931 2.6105e-01
4625.5142 2.6032e-01
4630.1392 2.6672e-01
4634.7695 2.7346e-01
4639.4048 2.6008e-01
4644.0439 2.3593e-01
4648.6880 2.5678e-01
4653.3369 2.5075e-01
4657.9897 2.5036e-01
4662.6479 2.4382e-01
4667.3105 2.6329e-01
4671.9775 2.2588e-01
4676.6499 2.5480e-01
4681.3267 2.1968e-01
4686.0078 2.2670e-01
4690.6938 2.5341e-01
4695.3848 2.4652e-01
4700.0801 2.4381e-01
4704.7798 2.3444e-01
4709.4849 2.3996e-01
4714.1948 2.4383e-01
4718.9087 2.5542e-01
4723.6270 2.4979e-01
4728.3511 2.5373e-01
4733.0796 2.5094e-01
4737.8125 2.5816e-01
4742.5503 2.5744e-01
4747.2930 2.7196e-01
4752.0405 2.3494e-01
4756.7920 2.3335e-01
4761.5488 2.0153e-01
4766.3105 2.2527e-01
4771.0767 2.1758e-01
4775.8477 2.0545e-01
4780.6240 2.0201e-01
4785.4048 2.1687e-01
4790.1904 2.0049e-01
4794.9800 2.2320e-01
4799.7749 1.9841e-01
4804.5747 2.0616e-01
4809.3794 2.1255e-01
4814.1880 2.1716e-01
4819.0029 2.2525e-01
4823.8218 2.2903e-01
4828.6460 2.3859e-01
4833.4741 2.2328e-01
4838.3081 2.4842e-01
4843.1460 2.0858e-01
4847.9893 2.3086e-01
4852.8369 2.1104e-01
4857.6899 2.1891e-01
4862.5474 2.0070e-01
4867.4097 1.9590e-01
4872.2778 2.0266e-01
4877.1499 1.8362e-01
4882.0269 1.8557e-01
4886.9092 1.7945e-01
4891.7959 1.8547e-01
4896.6880 1.5266e-01
4901.5845 1.6604e-01
4906.4858 1.4246e-01
4911.3926 1.6473e-01
4916.3042 1.5154e-01
4921.2207 1.3441e-01
4926.1416 1.3763e-01
4931.0679 1.1948e-01
4935.9990 1.2052e-01
4940.9346 1.1906e-01
4945.8760 1.0768e-01
4950.8218 1.0999e-01
4955.7729 1.0648e-01
4960.7280 1.1085e-01
4965.6885 1.0241e-01
4970.6543 9.1428e-02
4975.6250 9.0382e-02
4980.6006 9.4105e-02
4985.5815 1.0757e-01
4990.5664 9.6942e-02
4995.5576 9.7364e-02
5000.5527 9.3314e-02
5005.5537 1.0060e-01
5010.5596 9.8945e-02
5015.5693 1.0506e-01
5020.5859 1.0670e-01
5025.6064 1.2463e-01
5030.6313 1.2816e-01
5035.6626 1.1429e-01
5040.6987 1.1593e-01
5045.7378 1.3058e-01
5050.7847 1.3994e-01
5055.8354 1.4168e-01
5060.8911 1.3370e-01
5065.9521 1.3964e-01
5071.0176 1.5331e-01
5076.0889 1.3388e-01
5081.1655 1.3553e-01
5086.2461 1.4600e-01
5091.3320 1.4132e-01
5096.4243 1.4973e-01
5101.5200 1.7308e-01
5106.6216 1.6264e-01
5111.7290 1.5626e-01
5116.8394 1.5599e-01
5121.9565 1.6371e-01
5127.0786 1.5756e-01
5132.2056 1.5974e-01
5137.3379 1.4760e-01
5142.4751 1.6575e-01
5147.6177 1.6028e-01
5152.7656 1.7584e-01
5157.9185 1.5274e-01
5163.0762 1.5588e-01
5168.2393 1.3782e-01
5173.4072 1.6738e-01
5178.5811 1.6209e-01
5183.7593 1.5598e-01
5188.9434 1.5145e-01
5194.1323 1.5808e-01
5199.3262 1.5241e-01
5204.5254 1.6077e-01
5209.7305 1.6862e-01
5214.9395 1.8331e-01
5220.1543 1.6906e-01
5225.3750 1.8200e-01
5230.6001 1.8527e-01
5235.8311 1.8236e-01
5241.0664 1.9493e-01
5246.3081 1.8564e-01
5251.5537 1.9524e-01
5256.8052 2.0362e-01
5262.0625 1.8450e-01
5267.3247 1.7647e-01
5272.5918 1.8584e-01
5277.8647 1.8957e-01
5283.1421 1.7583e-01
5288.4258 1.6739e-01
5293.7139 1.7250e-01
5299.0078 1.7549e-01
5304.3066 1.6261e-01
5309.6108 1.7540e-01
5314.9204 1.5488e-01
5320.2358 1.5308e-01
5325.5552 1.5616e-01
5330.8809 1.5696e-01
5336.2119 1.5977e-01
5341.5483 1.5649e-01
5346.8901 1.6248e-01
5352.2368 1.6628e-01
5357.5889 1.5328e-01
5362.9468 1.6907e-01
5368.3096 1.5043e-01
5373.6782 1.3503e-01
5379.0518 1.5034e-01
5384.4307 1.3810e-01
5389.8149 1.2346e-01
5395.2051 1.3256e-01
5400.6001 1.3956e-01
5406.0005 1.3040e-01
5411.4062 1.2758e-01
5416.8188 1.2442e-01
5422.2349 1.3339e-01
5427.6567 1.2283e-01
5433.0850 1.2568e-01
5438.5181 1.2292e-01
5443.9565 1.1893e-01
5449.4004 1.3726e-01
5454.8501 1.2311e-01
5460.3047 1.2589e-01
5465.7646 1.2337e-01
5471.2305 1.2189e-01
5476.7021 1.2328e-01
5482.1787 1.3024e-01
5487.6606 1.3553e-01
5493.1484 1.3025e-01
5498.6411 1.3794e-01
5504.1401 1.2917e-01
5509.6440 1.2156e-01
5515.1543 1.2854e-01
5520.6689 1.4232e-01
5526.1899 1.4450e-01
5531.7158 1.2988e-01
5537.2476 1.3670e-01
5542.7852 1.3393e-01
5548.3276 1.3643e-01
5553.8760 1.2771e-01
5559.4297 1.2641e-01
5564.9893 1.2281e-01
5570.5542 1.2696e-01
5576.1245 1.1198e-01
5581.7012 1.1542e-01
5587.2832 1.3878e-01
5592.8701 1.1946e-01
5598.4629 1.1250e-01
5604.0615 1.1855e-01
5609.6655 1.1794e-01
5615.2754 1.0891e-01
5620.8901 1.1587e-01
5626.5112 1.1410e-01
5632.1377 1.1293e-01
5637.7695 1.2177e-01
5643.4077 1.1865e-01
5649.0513 1.3146e-01
5654.7002 1.1821e-01
5660.3545 1.1759e-01
5666.0146 1.3184e-01
5671.6812 1.3451e-01
5677.3525 1.2485e-01
5683.0303 1.4177e-01
5688.7134 1.3802e-01
5694.4019 1.3534e-01
5700.0962 1.3444e-01
5705.7969 1.4152e-01
5711.5020 1.3380e-01
5717.2134 1.5351e-01
5722.9307 1.3387e-01
5728.6538 1.4543e-01
5734.3828 1.3919e-01
5740.1172 1.3529e-01
5745.8569 1.3934e-01
5751.6025 1.3472e-01
5757.3545 1.4915e-01
5763.1123 1.4405e-01
5768.8745 1.3666e-01
5774.6440 1.3844e-01
5780.4185 1.3663e-01
5786.1987 1.5169e-01
5791.9854 1.4780e-01
5797.7773 1.5195e-01
5803.5752 1.3745e-01
5809.3784 1.3127e-01
5815.1880 1.4819e-01
5821.0029 1.3433e-01
5826.8237 1.3644e-01
5832.6504 1.3200e-01
5838.4839 1.4036e-01
5844.3223 1.2740e-01
5850.1665 1.3225e-01
5856.0166 1.1764e-01
5861.8726 1.0854e-01
5867.7344 1.1056e-01
5873.6021 1.1186e-01
5879.4751 1.0547e-01
5885.3555 9.8970e-02
5891.2402 1.0525e-01
5897.1313 9.9625e-02
5903.0288 9.5264e-02
5908.9321 9.8284e-02
5914.8408 9.8713e-02
5920.7563 9.6215e-02
5926.6768 9.9498e-02
5932.6030 9.9274e-02
5938.5356 9.4971e-02
5944.4741 9.4907e-02
5950.4194 1.0807e-01
5956.3691 1.1605e-01
5962.3257 1.1652e-01
5968.2881 1.1043e-01
5974.2563 1.1694e-01
5980.2310 1.1640e-01
5986.2104 1.4003e-01
5992.1968 1.3163e-01
5998.1895 1.1964e-01
6004.1875 1.3166e-01
6010.1914 1.3203e-01
6016.2017 1.3711e-01
6022.2183 1.4105e-01
6028.2402 1.2619e-01
6034.2686 1.3421e-01
6040.3022 1.3244e-01
6046.3428 1.3526e-01
6052.3892 1.3853e-01
6058.4414 1.3192e-01
6064.5000 1.3281e-01
6070.5645 1.3852e-01
6076.6353 1.1959e-01
6082.7114 1.2924e-01
6088.7944 1.2058e-01
6094.8833 1.3505e-01
6100.9785 1.3206e-01
6107.0796 1.2758e-01
6113.1860 1.2678e-01
6119.2993 1.3408e-01
6125.4189 1.3594e-01
6131.5439 1.2947e-01
6137.6758 1.2936e-01
6143.8130 1.2490e-01
6149.9570 1.1554e-01
6156.1074 1.2443e-01
6162.2632 1.2916e-01
6168.4253 1.2748e-01
6174.5933 1.0671e-01
6180.7686 1.2019e-01
6186.9492 9.7866e-02
6193.1362 8.6567e-02
6199.3291 8.3557e-02
6205.5288 8.5018e-02
6211.7344 7.2336e-02
6217.9458 8.0760e-02
6224.1636 6.6523e-02
6230.3882 6.6652e-02
6236.6187 6.0486e-02
6242.8550 5.8125e-02
6249.0981 6.0301e-02
6255.3472 6.1741e-02
6261.6025 6.5037e-02
6267.8643 5.7795e-02
6274.1323 6.3821e-02
6280.4058 5.4175e-02
6286.6860 5.8738e-02
6292.9736 5.9072e-02
6299.2656 6.4082e-02
6305.5654 6.2213e-02
6311.8711 6.6102e-02
6318.1826 5.8533e-02
6324.5005 6.4482e-02
6330.8247 7.5228e-02
6337.1562 7.1331e-02
6343.4932 7.8450e-02
6349.8364 7.5929e-02
6356.1865 7.2955e-02
6362.5430 8.4005e-02
6368.9058 8.6982e-02
6375.2744 9.6367e-02
6381.6494 8.3216e-02
6388.0312 1.0587e-01
6394.4189 8.9361e-02
6400.8145 8.9045e-02
6407.2148 9.1751e-02
6413.6216 1.0321e-01
6420.0356 9.8118e-02
6426.4551 9.4657e-02
6432.8823 1.1347e-01
6439.3145 1.0575e-01
6445.7539 1.1313e-01
6452.2002 1.1053e-01
6458.6514 1.0538e-01
6465.1104 9.4780e-02
6471.5757 1.0444e-01
6478.0474 1.0894e-01
6484.5249 1.0049e-01
6491.0098 1.0092e-01
6497.5005 1.1681e-01
6503.9985 1.0648e-01
6510.5024 1.0560e-01
6517.0127 9.7979e-02
6523.5303 1.1137e-01
6530.0532 1.1424e-01
6536.5840 1.0688e-01
6543.1201 9.9049e-02
6549.6631 1.0294e-01
6556.2129 1.0176e-01
6562.7690 9.9909e-02
6569.3325 1.0306e-01
6575.9009 1.0243e-01
6582.4775 1.0213e-01
6589.0596 9.0656e-02
6595.6484 9.3775e-02
6602.2446 1.0378e-01
6608.8467 9.8259e-02
6615.4551 8.7039e-02
6622.0708 8.8124e-02
6628.6924 8.3921e-02
6635.3218 8.5837e-02
6641.9570 8.7318e-02
6648.5991 8.2688e-02
6655.2471 9.1944e-02
6661.9028 9.4150e-02
6668.5645 9.1989e-02
6675.2334 7.9729e-02
6681.9087 8.0090e-02
6688.5903 7.8485e-02
6695.2788 7.3503e-02
6701.9741 9.2989e-02
6708.6763 7.7483e-02
6715.3853 7.3241e-02
6722.1001 7.3837e-02
6728.8223 7.2468e-02
6735.5508 7.4665e-02
6742.2871 7.3980e-02
6749.0293 6.4584e-02
6755.7783 7.2240e-02
6762.5342 6.2864e-02
6769.2964 6.0296e-02
6776.0654 5.7691e-02
6782.8418 6.7631e-02
6789.6245 7.3867e-02
6796.4141 6.3658e-02
6803.2109 6.2767e-02
6810.0142 6.1558e-02
6816.8237 6.3824e-02
6823.6401 6.3202e-02
6830.4648 6.2155e-02
6837.2949 5.9029e-02
6844.1323 6.1912e-02
6850.9761 6.0431e-02
6857.8276 6.4341e-02
6864.6855 5.8830e-02
6871.5498 5.3079e-02
6878.4214 5.2289e-02
6885.2998 5.6072e-02
6892.1851 5.6671e-02
6899.0771 5.4590e-02
6905.9766 5.2437e-02
6912.8818 5.1325e-02
6919.7944 5.7708e-02
6926.7153 5.3833e-02
6933.6421 5.3562e-02
6940.5747 5.6091e-02
6947.5151 5.2905e-02
6954.4629 4.8140e-02
6961.4175 5.8700e-02
6968.3794 4.3363e-02
6975.3477 5.3668e-02
6982.3228 5.5978e-02
6989.3052 5.5755e-02
6996.2944 4.9766e-02
7003.2905 5.4778e-02
7010.2939 5.5547e-02
7017.3042 4.7580e-02
7024.3213 4.8504e-02
7031.3457 4.5183e-02
7038.3774 5.7117e-02
7045.4155 5.2974e-02
7052.4614 5.0304e-02
7059.5137 5.3818e-02
7066.5732 5.7013e-02
7073.6396 5.2991e-02
7080.7134 4.7795e-02
7087.7939 5.0335e-02
7094.8818 5.2694e-02
7101.9771 5.2229e-02
7109.0786 4.5867e-02
7116.1880 5.6744e-02
7123.3042 4.4410e-02
7130.4268 4.9567e-02
7137.5571 5.0404e-02
7144.6953 5.5024e-02
7151.8398 5.0656e-02
7158.9912 4.6123e-02
7166.1509 4.2082e-02
7173.3169 4.7926e-02
7180.4897 4.7881e-02
7187.6714 4.8418e-02
7194.8584 4.6522e-02
7202.0532 4.8561e-02
7209.2554 4.4050e-02
7216.4648 5.1051e-02
7223.6816 5.1937e-02
7230.9053 5.0505e-02
7238.1357 4.6898e-02
7245.3740 5.1120e-02
7252.6191 4.3759e-02
7259.8716 4.8431e-02
7267.1318 4.8702e-02
7274.3984 4.6312e-02
7281.6729 5.2723e-02
7288.9551 4.5058e-02
7296.2437 4.8778e-02
7303.5400 5.0616e-02
7310.8433 5.3946e-02
7318.1543 4.0542e-02
7325.4727 4.7254e-02
7332.7983 5.1612e-02
7340.1309 4.7389e-02
7347.4707 4.2240e-02
7354.8188 4.7745e-02
7362.1733 4.2836e-02
7369.5356 3.9938e-02
7376.9053 4.4338e-02
7384.2817 4.8564e-02
7391.6660 4.4439e-02
7399.0581 4.5830e-02
7406.4570 4.6565e-02
7413.8638 4.2434e-02
7421.2769 4.8178e-02
7428.6978 4.9961e-02
7436.1274 4.3212e-02
7443.5630 4.5762e-02
7451.0068 4.2707e-02
7458.4575 4.2476e-02
7465.9165 4.7315e-02
7473.3823 3.7948e-02
7480.8555 3.9983e-02
7488.3364 4.2341e-02
7495.8252 4.8690e-02
7503.3203 4.3169e-02
7510.8237 3.7570e-02
7518.3345 4.5221e-02
7525.8535 4.1496e-02
7533.3789 3.8431e-02
7540.9126 3.8080e-02
7548.4536 4.2306e-02
7556.0020 3.8382e-02
7563.5576 3.7847e-02
7571.1206 4.2417e-02
7578.6919 3.2417e-02
7586.2710 4.0262e-02
7593.8574 3.8806e-02
7601.4512 3.8230e-02
7609.0522 3.2833e-02
7616.6611 3.7945e-02
7624.2788 4.1194e-02
7631.9023 3.7028e-02
7639.5352 4.1323e-02
7647.1743 3.8937e-02
7654.8213 3.5054e-02
7662.4761 3.7102e-02
7670.1387 3.8331e-02
7677.8086 3.7131e-02
7685.4868 3.6180e-02
7693.1724 3.9753e-02
7700.8652 4.2028e-02
7708.5664 3.8656e-02
7716.2749 3.7766e-02
7723.9912 4.1172e-02
7731.7148 3.4125e-02
7739.4468 3.8289e-02
7747.1865 3.3038e-02
7754.9331 3.9244e-02
7762.6885 4.2678e-02
7770.4507 3.6064e-02
7778.2212 3.7796e-02
7785.9990 3.2896e-02
7793.7856 3.5669e-02
7801.5796 3.5160e-02
7809.3809 3.6616e-02
7817.1904 3.7370e-02
7825.0068 3.9877e-02
7832.8325 3.2284e-02
7840.6650 3.7359e-02
7848.5063 3.6115e-02
7856.3545 4.3103e-02
7864.2109 3.7609e-02
7872.0747 3.5587e-02
7879.9473 3.4722e-02
7887.8267 3.8850e-02
7895.7153 4.2503e-02
7903.6108 3.6120e-02
7911.5146 3.8068e-02
7919.4263 3.9381e-02
7927.3457 3.9314e-02
7935.2725 3.8765e-02
7943.2075 3.7334e-02
7951.1509 3.8106e-02
7959.1025 3.9127e-02
7967.0610 4.1606e-02
7975.0283 3.9395e-02
7983.0029 3.7900e-02
7990.9858 4.3364e-02
7998.9775 4.3931e-02
8006.9761 3.7390e-02
8014.9834 3.1063e-02
8022.9985 3.1543e-02
8031.0215 3.3367e-02
8039.0522 3.4402e-02
8047.0913 2.4897e-02
8055.1382 2.5007e-02
8063.1934 2.3703e-02
8071.2568 2.2880e-02
8079.3276 2.4120e-02
8087.4077 2.4388e-02
8095.4946 2.4213e-02
8103.5898 2.5942e-02
8111.6938 2.5185e-02
8119.8052 2.8772e-02
8127.9258 2.4335e-02
8136.0527 3.0087e-02
8144.1890 3.0372e-02
8152.3335 2.9857e-02
8160.4858 3.6613e-02
8168.6465 3.8068e-02
8176.8149 3.0504e-02
8184.9917 3.2728e-02
8193.1768 3.4758e-02
8201.3691 3.2704e-02
8209.5713 2.7383e-02
8217.7812 2.9986e-02
8225.9980 2.8791e-02
8234.2256 2.7064e-02
8242.4590 3.3170e-02
8250.7021 2.6978e-02
8258.9521 2.9864e-02
8267.2109 3.3296e-02
8275.4775 3.6140e-02
8283.7539 4.5809e-02
8292.0371 3.8308e-02
8300.3291 4.5814e-02
8308.6299 4.5067e-02
8316.9375 4.5485e-02
8325.2559 4.9513e-02
8333.5811 4.4580e-02
8341.9141 4.9255e-02
8350.2568 4.2324e-02
8358.6064 5.0431e-02
8366.9658 4.4421e-02
8375.3311 3.8678e-02
8383.7080 4.7561e-02
8392.0908 4.2671e-02
8400.4824 3.9039e-02
8408.8828 4.1061e-02
8417.2930 3.7578e-02
8425.7100 4.4735e-02
8434.1357 4.1242e-02
8442.5693 3.6795e-02
8451.0127 3.9264e-02
8459.4629 3.9862e-02
8467.9219 3.4384e-02
8476.3906 4.3022e-02
8484.8662 4.2777e-02
8493.3516 4.2559e-02
8501.8447 3.9269e-02
8510.3467 4.3618e-02
8518.8574 4.4606e-02
8527.3770 4.6378e-02
8535.9033 4.3279e-02
8544.4395 4.5148e-02
8552.9844 4.6095e-02
8561.5361 4.6151e-02
8570.0986 5.0797e-02
8578.6680 4.1736e-02
8587.2461 4.8732e-02
8595.8350 4.7562e-02
8604.4297 4.9335e-02
8613.0352 4.5930e-02
8621.6475 5.1825e-02
8630.2705 4.7702e-02
8638.8994 4.4509e-02
8647.5391 4.8982e-02
8656.1855 5.0309e-02
8664.8408 4.8877e-02
8673.5068 5.1556e-02
8682.1797 5.6302e-02
8690.8633 5.4378e-02
8699.5537 4.9835e-02
8708.2529 5.4121e-02
8716.9619 5.0222e-02
8725.6777 4.5869e-02
8734.4033 5.3075e-02
8743.1396 5.2896e-02
8751.8818 5.2288e-02
8760.6338 5.3731e-02
8769.3945 4.9892e-02
8778.1641 5.9917e-02
8786.9424 5.1636e-02
8795.7285 5.1406e-02
8804.5254 5.9858e-02
8813.3291 5.4019e-02
8822.1416 4.9859e-02
8830.9648 5.3533e-02
8839.7949 5.3956e-02
8848.6357 5.5719e-02
8857.4834 5.0076e-02
8866.3408 5.6379e-02
8875.2070 5.5638e-02
8884.0830 5.1538e-02
8892.9658 4.9481e-02
8901.8604 5.1437e-02
8910.7617 4.8686e-02
8919.6729 5.0020e-02
8928.5918 4.9670e-02
8937.5215 4.6748e-02
8946.4580 4.2556e-02
8955.4043 5.1390e-02
8964.3594 4.4344e-02
8973.3242 4.0261e-02
8982.2979 4.4942e-02
8991.2803 4.6567e-02
9000.2715 4.5610e-02
9009.2725 4.2274e-02
9018.2812 4.7326e-02
9027.2998 4.2368e-02
9036.3271 4.5269e-02
9045.3623 4.2418e-02
9054.4082 4.4031e-02
9063.4629 4.0221e-02
9072.5264 3.7388e-02
9081.5996 3.8030e-02
9090.6807 4.0442e-02
9099.7705 3.9791e-02
9108.8701 3.8549e-02
9117.9795 4.0827e-02
9127.0977 3.6088e-02
9136.2246 4.5341e-02
9145.3604 3.2086e-02
9154.5068 3.6309e-02
9163.6602 4.1711e-02
9172.8242 3.7489e-02
9181.9980 4.0965e-02
9191.1797 3.5898e-02
9200.3711 4.0382e-02
9209.5703 3.3856e-02
9218.7812 3.6906e-02
9227.9990 2.8348e-02
9237.2275 2.8929e-02
9246.4648 3.6806e-02
9255.7109 3.3520e-02
9264.9668 2.9683e-02
9274.2314 3.2008e-02
9283.5059 3.2586e-02
9292.7891 3.1004e-02
9302.0820 3.1354e-02
9311.3838 2.9607e-02
9320.6953 3.0274e-02
9330.0156 2.3875e-02
9339.3477 2.6015e-02
9348.6855 2.6617e-02
9358.0342 3.1746e-02
9367.3926 2.9663e-02
9376.7598 2.4252e-02
9386.1357 3.2323e-02
9395.5215 3.1275e-02
9404.9180 3.0769e-02
9414.3232 2.3231e-02
9423.7373 2.9030e-02
9433.1611 2.9072e-02
9442.5947 3.2618e-02
9452.0371 2.7376e-02
9461.4883 2.4407e-02
9470.9502 2.7836e-02
9480.4219 2.7043e-02
9489.9014 2.6737e-02
9499.3916 2.8062e-02
9508.8906 2.4690e-02
9518.3994 2.3027e-02
9527.9180 2.4923e-02
9537.4463 3.0976e-02
9546.9834 2.5940e-02
9556.5303 2.5045e-02
9566.0869 2.1360e-02
9575.6533 2.8230e-02
9585.2295 2.5200e-02
9594.8135 2.8298e-02
9604.4092 2.5763e-02
9614.0137 2.9275e-02
9623.6270 3.0312e-02
9633.2500 3.2153e-02
9642.8838 2.5023e-02
9652.5273 3.5806e-02
9662.1797 3.2550e-02
9671.8418 3.0726e-02
9681.5146 3.1128e-02
9691.1953 3.0493e-02
9700.8867 3.2896e-02
9710.5869 3.0692e-02
9720.2979 3.6290e-02
9730.0186 3.1303e-02
9739.7490 3.3501e-02
9749.4883 3.3437e-02
9759.2373 3.9215e-02
