# time_explosion = 17.875
# 
3082.6523 5.5262e-02
3085.7351 5.9931e-02
3088.8208 5.7415e-02
3091.9092 4.6638e-02
3095.0017 5.5623e-02
3098.0964 7.5812e-02
3101.1943 6.0984e-02
3104.2959 6.7155e-02
3107.4001 6.9345e-02
3110.5076 6.6568e-02
3113.6182 8.2846e-02
3116.7317 9.0326e-02
3119.8484 7.0132e-02
3122.9680 9.0383e-02
3126.0913 9.7597e-02
3129.2170 8.1413e-02
3132.3462 8.6149e-02
3135.4788 9.0580e-02
3138.6143 7.3182e-02
3141.7527 6.7835e-02
3144.8945 7.8379e-02
3148.0396 7.7906e-02
3151.1880 6.6952e-02
3154.3386 6.4467e-02
3157.4929 6.8581e-02
3160.6504 6.4319e-02
3163.8113 6.4110e-02
3166.9751 7.3185e-02
3170.1418 6.3295e-02
3173.3120 6.3986e-02
3176.4854 5.3854e-02
3179.6619 8.7854e-02
3182.8418 5.1462e-02
3186.0247 5.1458e-02
3189.2104 6.1051e-02
3192.3997 5.8734e-02
3195.5920 4.7422e-02
3198.7876 5.3427e-02
3201.9866 5.6502e-02
3205.1885 4.5916e-02
3208.3938 7.6303e-02
3211.6021 5.9080e-02
3214.8137 5.2009e-02
3218.0286 5.6222e-02
3221.2463 5.6162e-02
3224.4678 6.7004e-02
3227.6924 4.2412e-02
3230.9202 5.6110e-02
3234.1506 5.6802e-02
3237.3850 4.9636e-02
3240.6223 5.8893e-02
3243.8630 4.7559e-02
3247.1067 4.7013e-02
3250.3540 5.6782e-02
3253.6040 6.2573e-02
3256.8577 5.5549e-02
3260.1150 5.6463e-02
3263.3748 5.1115e-02
3266.6384 4.7896e-02
3269.9050 5.7542e-02
3273.1750 5.4406e-02
3276.4480 6.5760e-02
3279.7244 6.4526e-02
3283.0039 6.8884e-02
3286.2874 5.8028e-02
3289.5732 5.9557e-02
3292.8630 6.0620e-02
3296.1560 5.6819e-02
3299.4521 7.5331e-02
3302.7512 5.9933e-02
3306.0540 6.9835e-02
3309.3601 7.6955e-02
3312.6697 6.5306e-02
3315.9822 6.1425e-02
3319.2981 6.5474e-02
3322.6177 6.8673e-02
3325.9402 6.9173e-02
3329.2661 7.3123e-02
3332.5957 7.2510e-02
3335.9277 6.7717e-02
3339.2637 8.5893e-02
3342.6035 7.4994e-02
3345.9458 9.2885e-02
3349.2917 7.1470e-02
3352.6411 7.2309e-02
3355.9937 6.3541e-02
3359.3496 8.0870e-02
3362.7092 7.2345e-02
3366.0718 6.5849e-02
3369.4380 7.0661e-02
3372.8071 8.6025e-02
3376.1799 8.0832e-02
3379.5564 6.8622e-02
3382.9358 8.6058e-02
3386.3188 8.8882e-02
3389.7053 7.9518e-02
3393.0945 9.8417e-02
3396.4878 8.7319e-02
3399.8845 1.0001e-01
3403.2844 8.3809e-02
3406.6875 8.9967e-02
3410.0942 8.6358e-02
3413.5044 7.6650e-02
3416.9177 9.6256e-02
3420.3347 8.5859e-02
3423.7551 9.0235e-02
3427.1790 9.5212e-02
3430.6060 8.0541e-02
3434.0364 8.8541e-02
3437.4709 1.0961e-01
3440.9082 1.1198e-01
3444.3489 1.3054e-01
3447.7935 1.0372e-01
3451.2412 1.0862e-01
3454.6926 9.8488e-02
3458.1470 1.1790e-01
3461.6055 1.2742e-01
3465.0669 1.2116e-01
3468.5320 1.2732e-01
3472.0007 1.3275e-01
3475.4724 1.1677e-01
3478.9478 1.3104e-01
3482.4268 1.3008e-01
3485.9094 1.4289e-01
3489.3950 1.4501e-01
3492.8845 1.4695e-01
3496.3774 1.4948e-01
3499.8738 1.5092e-01
3503.3738 1.8473e-01
3506.8770 1.8026e-01
3510.3838 2.0071e-01
3513.8945 1.8274e-01
3517.4084 2.1264e-01
3520.9255 2.1135e-01
3524.4465 2.1905e-01
3527.9709 2.0865e-01
3531.4993 1.8958e-01
3535.0305 1.9569e-01
3538.5657 1.9874e-01
3542.1040 1.7420e-01
3545.6462 1.9338e-01
3549.1919 1.8869e-01
3552.7410 1.9329e-01
3556.2937 1.8520e-01
3559.8501 2.1015e-01
3563.4099 1.7236e-01
3566.9734 1.9086e-01
3570.5403 2.0416e-01
3574.1108 2.3594e-01
3577.6848 2.1812e-01
3581.2627 2.6925e-01
3584.8440 2.8605e-01
3588.4287 2.6706e-01
3592.0173 3.0083e-01
3595.6091 3.3154e-01
3599.2046 3.2781e-01
3602.8042 3.4357e-01
3606.4070 3.4368e-01
3610.0132 3.4683e-01
3613.6230 3.7106e-01
3617.2368 3.4712e-01
3620.8540 3.6422e-01
3624.4751 3.5077e-01
3628.0996 3.6558e-01
3631.7275 3.8893e-01
3635.3591 3.6851e-01
3638.9949 3.7536e-01
3642.6338 3.8077e-01
3646.2761 3.8022e-01
3649.9226 3.9339e-01
3653.5725 4.3352e-01
3657.2258 4.1062e-01
3660.8833 4.4013e-01
3664.5442 4.1818e-01
3668.2085 4.1157e-01
3671.8767 4.2745e-01
3675.5488 4.7068e-01
3679.2244 4.3876e-01
3682.9033 4.4462e-01
3686.5867 4.3133e-01
3690.2729 4.4409e-01
3693.9634 4.4311e-01
3697.6575 4.3923e-01
3701.3550 4.3590e-01
3705.0564 4.1963e-01
3708.7615 4.2879e-01
3712.4700 4.2348e-01
3716.1824 4.1702e-01
3719.8989 4.0020e-01
3723.6189 4.2086e-01
3727.3423 3.7853e-01
3731.0696 4.1631e-01
3734.8005 3.8920e-01
3738.5356 3.7179e-01
3742.2737 3.9428e-01
3746.0164 3.5167e-01
3749.7622 3.2710e-01
3753.5120 3.4186e-01
3757.2656 3.1561e-01
3761.0227 3.0521e-01
3764.7837 2.9371e-01
3768.5486 3.2738e-01
3772.3171 3.3039e-01
3776.0896 2.9667e-01
3779.8657 2.9619e-01
3783.6455 2.8762e-01
3787.4290 2.8132e-01
3791.2166 2.9154e-01
3795.0076 2.9169e-01
3798.8030 3.1028e-01
3802.6013 3.2622e-01
3806.4041 3.0733e-01
3810.2107 2.9891e-01
3814.0210 2.6300e-01
3817.8347 3.1817e-01
3821.6523 3.0687e-01
3825.4741 3.0176e-01
3829.2993 3.0676e-01
3833.1292 2.9241e-01
3836.9622 3.0476e-01
3840.7991 3.2210e-01
3844.6396 2.7054e-01
3848.4846 2.8957e-01
3852.3328 2.6688e-01
3856.1853 2.8476e-01
3860.0417 2.8091e-01
3863.9019 2.8581e-01
3867.7654 2.6728e-01
3871.6333 2.5561e-01
3875.5049 2.6686e-01
3879.3804 2.6279e-01
3883.2598 2.7422e-01
3887.1431 2.5660e-01
3891.0303 2.8346e-01
3894.9214 2.9385e-01
3898.8164 2.7164e-01
3902.7148 2.7350e-01
3906.6174 2.9513e-01
3910.5242 2.8032e-01
3914.4348 2.8929e-01
3918.3494 2.9036e-01
3922.2673 3.0065e-01
3926.1897 3.1114e-01
3930.1162 3.2524e-01
3934.0461 3.1857e-01
3937.9800 3.2208e-01
3941.9182 3.4044e-01
3945.8601 3.4866e-01
3949.8059 3.7887e-01
3953.7556 3.9254e-01
3957.7097 3.9856e-01
3961.6672 3.8491e-01
3965.6289 4.2504e-01
3969.5945 4.1658e-01
3973.5640 4.2887e-01
3977.5376 4.3334e-01
3981.5151 4.4265e-01
3985.4968 4.3513e-01
3989.4819 4.3921e-01
3993.4719 4.3981e-01
3997.4653 4.2124e-01
4001.4624 4.4204e-01
4005.4641 4.2138e-01
4009.4697 4.2909e-01
4013.4790 4.3129e-01
4017.4927 3.7700e-01
4021.5100 4.0058e-01
4025.5315 4.0215e-01
4029.5574 3.5608e-01
4033.5867 3.8356e-01
4037.6204 3.7980e-01
4041.6577 3.6196e-01
4045.6997 3.7304e-01
4049.7454 3.7131e-01
4053.7949 3.4292e-01
4057.8484 3.5953e-01
4061.9067 3.7023e-01
4065.9685 3.8423e-01
4070.0344 3.5559e-01
4074.1045 3.7951e-01
4078.1790 3.6455e-01
4082.2566 3.8905e-01
4086.3391 4.3750e-01
4090.4258 3.8402e-01
4094.5156 4.1140e-01
4098.6104 4.0392e-01
4102.7090 4.1376e-01
4106.8115 4.0185e-01
4110.9185 4.0809e-01
4115.0298 4.2154e-01
4119.1445 4.4385e-01
4123.2637 4.2661e-01
4127.3867 4.6405e-01
4131.5142 4.5118e-01
4135.6460 4.4069e-01
4139.7812 4.3974e-01
4143.9209 4.5055e-01
4148.0654 4.4978e-01
4152.2134 4.6412e-01
4156.3657 4.2913e-01
4160.5215 4.5131e-01
4164.6826 4.8100e-01
4168.8472 4.2899e-01
4173.0156 4.4605e-01
4177.1885 4.4505e-01
4181.3662 4.4975e-01
4185.5474 4.2718e-01
4189.7329 4.6973e-01
4193.9229 4.4315e-01
4198.1167 4.1709e-01
4202.3149 4.0977e-01
4206.5166 4.7069e-01
4210.7236 4.7119e-01
4214.9346 4.5998e-01
4219.1489 4.3850e-01
4223.3687 4.2852e-01
4227.5918 4.2700e-01
4231.8188 4.1600e-01
4236.0508 4.2968e-01
4240.2871 4.1825e-01
4244.5273 4.3712e-01
4248.7720 4.2609e-01
4253.0205 4.2706e-01
4257.2739 4.2416e-01
4261.5312 4.2661e-01
4265.7920 4.1193e-01
4270.0581 4.5232e-01
4274.3286 4.0574e-01
4278.6025 3.8790e-01
4282.8809 4.0736e-01
4287.1641 3.8026e-01
4291.4517 3.9254e-01
4295.7427 3.7830e-01
4300.0386 3.7145e-01
4304.3389 3.6531e-01
4308.6431 3.6921e-01
4312.9517 3.4516e-01
4317.2646 3.3550e-01
4321.5815 3.5203e-01
4325.9038 3.3910e-01
4330.2290 3.3767e-01
4334.5596 3.5229e-01
4338.8940 3.4754e-01
4343.2329 3.3211e-01
4347.5762 3.5066e-01
4351.9238 3.6305e-01
4356.2754 3.3001e-01
4360.6318 3.3518e-01
4364.9927 3.2835e-01
4369.3574 3.4428e-01
4373.7271 3.1555e-01
4378.1011 3.3340e-01
4382.4790 3.6731e-01
4386.8613 3.4319e-01
4391.2480 3.4245e-01
4395.6392 3.0466e-01
4400.0352 3.4502e-01
4404.4351 3.6032e-01
4408.8394 3.3699e-01
4413.2485 3.4034e-01
4417.6616 3.4652e-01
4422.0791 3.2891e-01
4426.5015 3.6985e-01
4430.9277 3.6037e-01
4435.3589 3.9247e-01
4439.7944 3.6524e-01
4444.2344 3.6523e-01
4448.6777 3.8367e-01
4453.1270 3.6348e-01
4457.5796 3.8526e-01
4462.0376 3.9286e-01
4466.4995 3.7870e-01
4470.9658 3.8072e-01
4475.4370 3.9234e-01
4479.9126 4.0204e-01
4484.3921 4.1102e-01
4488.8770 3.6384e-01
4493.3652 3.9819e-01
4497.8594 4.2028e-01
4502.3564 4.0594e-01
4506.8594 3.9272e-01
4511.3657 3.8400e-01
4515.8774 4.1792e-01
4520.3936 4.3822e-01
4524.9136 3.8100e-01
4529.4385 4.1484e-01
4533.9683 3.8665e-01
4538.5020 4.0746e-01
4543.0405 3.9885e-01
4547.5840 4.0553e-01
4552.1313 3.9293e-01
4556.6836 4.1149e-01
4561.2397 3.9224e-01
4565.8013 4.0669e-01
4570.3667 4.0890e-01
4574.9370 3.9215e-01
4579.5122 3.8231e-01
4584.0918 3.7910e-01
4588.6763 3.6697e-01
4593.2642 3.7166e-01
4597.8579 4.0417e-01
4602.4556 3.8635e-01
4607.0581 3.8295e-01
4611.6655 3.6427e-01
4616.2769 3.8273e-01
4620.8931 3.8038e-01
4625.5142 3.7111e-01
4630.1392 3.5893e-01
4634.7695 3.9521e-01
4639.4048 3.6289e-01
4644.0439 3.7571e-01
4648.6880 3.3588e-01
4653.3369 3.8251e-01
4657.9897 3.3416e-01
4662.6479 3.8090e-01
4667.3105 3.4512e-01
4671.9775 3.5658e-01
4676.6499 3.3599e-01
4681.3267 3.4444e-01
4686.0078 3.7714e-01
4690.6938 3.8845e-01
4695.3848 3.8001e-01
4700.0801 3.7253e-01
4704.7798 3.5814e-01
4709.4849 3.5583e-01
4714.1948 3.7294e-01
4718.9087 3.7399e-01
4723.6270 3.4217e-01
4728.3511 3.4750e-01
4733.0796 3.3838e-01
4737.8125 3.3589e-01
4742.5503 3.0861e-01
4747.2930 3.2546e-01
4752.0405 3.3271e-01
4756.7920 2.9065e-01
4761.5488 3.0585e-01
4766.3105 3.1646e-01
4771.0767 3.0562e-01
4775.8477 3.1846e-01
4780.6240 3.0932e-01
4785.4048 3.4947e-01
4790.1904 3.2437e-01
4794.9800 3.5971e-01
4799.7749 3.4398e-01
4804.5747 3.5539e-01
4809.3794 3.4019e-01
4814.1880 3.4958e-01
4819.0029 3.4215e-01
4823.8218 3.4654e-01
4828.6460 3.2818e-01
4833.4741 3.3993e-01
4838.3081 3.5359e-01
4843.1460 3.1420e-01
4847.9893 3.1658e-01
4852.8369 3.0693e-01
4857.6899 3.1090e-01
4862.5474 3.2065e-01
4867.4097 3.0599e-01
4872.2778 3.2535e-01
4877.1499 2.9956e-01
4882.0269 3.1260e-01
4886.9092 3.1660e-01
4891.7959 3.1388e-01
4896.6880 3.0745e-01
4901.5845 3.1807e-01
4906.4858 2.8234e-01
4911.3926 2.9767e-01
4916.3042 2.8399e-01
4921.2207 2.8335e-01
4926.1416 2.5433e-01
4931.0679 2.6255e-01
4935.9990 2.4270e-01
4940.9346 2.1761e-01
4945.8760 2.4116e-01
4950.8218 2.4020e-01
4955.7729 2.4650e-01
4960.7280 2.2422e-01
4965.6885 2.3222e-01
4970.6543 2.2863e-01
4975.6250 2.3020e-01
4980.6006 2.2445e-01
4985.5815 2.2291e-01
4990.5664 2.4019e-01
4995.5576 2.4356e-01
5000.5527 2.2507e-01
5005.5537 2.4339e-01
5010.5596 2.5436e-01
5015.5693 2.4600e-01
5020.5859 2.6125e-01
5025.6064 2.6223e-01
5030.6313 2.4969e-01
5035.6626 2.4821e-01
5040.6987 2.6274e-01
5045.7378 2.5947e-01
5050.7847 2.6886e-01
5055.8354 2.7786e-01
5060.8911 2.6589e-01
5065.9521 2.9107e-01
5071.0176 2.8901e-01
5076.0889 2.8983e-01
5081.1655 2.8659e-01
5086.2461 2.8084e-01
5091.3320 2.8303e-01
5096.4243 2.9183e-01
5101.5200 2.8068e-01
5106.6216 2.8393e-01
5111.7290 2.8004e-01
5116.8394 2.5260e-01
5121.9565 2.8821e-01
5127.0786 2.6122e-01
5132.2056 2.6926e-01
5137.3379 2.6709e-01
5142.4751 2.3362e-01
5147.6177 2.6897e-01
5152.7656 2.6732e-01
5157.9185 2.7560e-01
5163.0762 2.7693e-01
5168.2393 2.6913e-01
5173.4072 2.9088e-01
5178.5811 3.0439e-01
5183.7593 2.7674e-01
5188.9434 3.2080e-01
5194.1323 3.1026e-01
5199.3262 2.8901e-01
5204.5254 3.0228e-01
5209.7305 3.1250e-01
5214.9395 3.2153e-01
5220.1543 3.1296e-01
5225.3750 3.2649e-01
5230.6001 3.3132e-01
5235.8311 3.2463e-01
5241.0664 3.0552e-01
5246.3081 3.3167e-01
5251.5537 2.9629e-01
5256.8052 3.2097e-01
5262.0625 2.9919e-01
5267.3247 2.9984e-01
5272.5918 3.1171e-01
5277.8647 3.0373e-01
5283.1421 3.0055e-01
5288.4258 2.9880e-01
5293.7139 2.8775e-01
5299.0078 2.9934e-01
5304.3066 2.9314e-01
5309.6108 3.0264e-01
5314.9204 2.8941e-01
5320.2358 2.8836e-01
5325.5552 3.1249e-01
5330.8809 2.9128e-01
5336.2119 2.4187e-01
5341.5483 2.7196e-01
5346.8901 2.6735e-01
5352.2368 2.5252e-01
5357.5889 2.5476e-01
5362.9468 2.4214e-01
5368.3096 2.5012e-01
5373.6782 2.3573e-01
5379.0518 2.3039e-01
5384.4307 2.3156e-01
5389.8149 2.3172e-01
5395.2051 2.2135e-01
5400.6001 2.2494e-01
5406.0005 2.1796e-01
5411.4062 2.1507e-01
5416.8188 2.3096e-01
5422.2349 2.1018e-01
5427.6567 2.0646e-01
5433.0850 2.2533e-01
5438.5181 2.2864e-01
5443.9565 2.2165e-01
5449.4004 2.2661e-01
5454.8501 2.3158e-01
5460.3047 2.4379e-01
5465.7646 2.2514e-01
5471.2305 2.3588e-01
5476.7021 2.4288e-01
5482.1787 2.2694e-01
5487.6606 2.3858e-01
5493.1484 2.4080e-01
5498.6411 2.5052e-01
5504.1401 2.4609e-01
5509.6440 2.2946e-01
5515.1543 2.0706e-01
5520.6689 2.3166e-01
5526.1899 2.4578e-01
5531.7158 2.3375e-01
5537.2476 2.2819e-01
5542.7852 2.0728e-01
5548.3276 2.3068e-01
5553.8760 2.0635e-01
5559.4297 1.8173e-01
5564.9893 2.1889e-01
5570.5542 1.9614e-01
5576.1245 2.0251e-01
5581.7012 2.0812e-01
5587.2832 2.1457e-01
5592.8701 2.3273e-01
5598.4629 2.0183e-01
5604.0615 2.1699e-01
5609.6655 2.4292e-01
5615.2754 2.4729e-01
5620.8901 2.1477e-01
5626.5112 2.3758e-01
5632.1377 2.3396e-01
5637.7695 2.2798e-01
5643.4077 2.4087e-01
5649.0513 2.6336e-01
5654.7002 2.6750e-01
5660.3545 2.3989e-01
5666.0146 2.5023e-01
5671.6812 2.4982e-01
5677.3525 2.4743e-01
5683.0303 2.6544e-01
5688.7134 2.4771e-01
5694.4019 2.5136e-01
5700.0962 2.5494e-01
5705.7969 2.3038e-01
5711.5020 2.7001e-01
5717.2134 2.6738e-01
5722.9307 2.7067e-01
5728.6538 2.6569e-01
5734.3828 2.8068e-01
5740.1172 2.7304e-01
5745.8569 2.7870e-01
5751.6025 2.9940e-01
5757.3545 2.7398e-01
5763.1123 2.7481e-01
5768.8745 2.8571e-01
5774.6440 2.6112e-01
5780.4185 2.4652e-01
5786.1987 2.6045e-01
5791.9854 2.7190e-01
5797.7773 2.8045e-01
5803.5752 2.4643e-01
5809.3784 2.2940e-01
5815.1880 2.3862e-01
5821.0029 2.4235e-01
5826.8237 2.4456e-01
5832.6504 2.2793e-01
5838.4839 2.1526e-01
5844.3223 2.0636e-01
5850.1665 2.1116e-01
5856.0166 1.9868e-01
5861.8726 2.0950e-01
5867.7344 2.1329e-01
5873.6021 2.2174e-01
5879.4751 2.0311e-01
5885.3555 2.0142e-01
5891.2402 2.1531e-01
5897.1313 2.1223e-01
5903.0288 1.8517e-01
5908.9321 1.9757e-01
5914.8408 1.9741e-01
5920.7563 2.1229e-01
5926.6768 1.9783e-01
5932.6030 2.0196e-01
5938.5356 2.1151e-01
5944.4741 2.3079e-01
5950.4194 2.1063e-01
5956.3691 2.1148e-01
5962.3257 2.0101e-01
5968.2881 2.0119e-01
5974.2563 2.2547e-01
5980.2310 2.0789e-01
5986.2104 2.0439e-01
5992.1968 2.2055e-01
5998.1895 2.2989e-01
6004.1875 2.1379e-01
6010.1914 2.3118e-01
6016.2017 2.2443e-01
6022.2183 2.0391e-01
6028.2402 2.1233e-01
6034.2686 2.0035e-01
6040.3022 2.1659e-01
6046.3428 2.1710e-01
6052.3892 2.0135e-01
6058.4414 2.1112e-01
6064.5000 2.2056e-01
6070.5645 1.9793e-01
6076.6353 2.0278e-01
6082.7114 2.0238e-01
6088.7944 2.1416e-01
6094.8833 2.0017e-01
6100.9785 1.9113e-01
6107.0796 2.1015e-01
6113.1860 2.0043e-01
6119.2993 2.0400e-01
6125.4189 2.0174e-01
6131.5439 1.9821e-01
6137.6758 1.9625e-01
6143.8130 1.9011e-01
6149.9570 1.6444e-01
6156.1074 1.5644e-01
6162.2632 1.5566e-01
6168.4253 1.4857e-01
6174.5933 1.4079e-01
6180.7686 1.3239e-01
6186.9492 1.2975e-01
6193.1362 1.2059e-01
6199.3291 1.1003e-01
6205.5288 9.5653e-02
6211.7344 1.0233e-01
6217.9458 9.5443e-02
6224.1636 8.5904e-02
6230.3882 8.4710e-02
6236.6187 8.4065e-02
6242.8550 8.8505e-02
6249.0981 9.4397e-02
6255.3472 7.6186e-02
6261.6025 8.0161e-02
6267.8643 1.0583e-01
6274.1323 9.5076e-02
6280.4058 1.0137e-01
6286.6860 1.0308e-01
6292.9736 9.7721e-02
6299.2656 1.1647e-01
6305.5654 1.1817e-01
6311.8711 1.2686e-01
6318.1826 1.2467e-01
6324.5005 1.2798e-01
6330.8247 1.2938e-01
6337.1562 1.5177e-01
6343.4932 1.4612e-01
6349.8364 1.4267e-01
6356.1865 1.3981e-01
6362.5430 1.4952e-01
6368.9058 1.5219e-01
6375.2744 1.5855e-01
6381.6494 1.7707e-01
6388.0312 1.5401e-01
6394.4189 1.5619e-01
6400.8145 1.6952e-01
6407.2148 1.5928e-01
6413.6216 1.6951e-01
6420.0356 1.5491e-01
6426.4551 1.6295e-01
6432.8823 1.6537e-01
6439.3145 1.5955e-01
6445.7539 1.7145e-01
6452.2002 1.6211e-01
6458.6514 1.6248e-01
6465.1104 1.5027e-01
6471.5757 1.5131e-01
6478.0474 1.6884e-01
6484.5249 1.6947e-01
6491.0098 1.4879e-01
6497.5005 1.6102e-01
6503.9985 1.4695e-01
6510.5024 1.5311e-01
6517.0127 1.6320e-01
6523.5303 1.5636e-01
6530.0532 1.4894e-01
6536.5840 1.4173e-01
6543.1201 1.5300e-01
6549.6631 1.4137e-01
6556.2129 1.4368e-01
6562.7690 1.4664e-01
6569.3325 1.4484e-01
6575.9009 1.4406e-01
6582.4775 1.4279e-01
6589.0596 1.4243e-01
6595.6484 1.4052e-01
6602.2446 1.3227e-01
6608.8467 1.2366e-01
6615.4551 1.3180e-01
6622.0708 1.3632e-01
6628.6924 1.2107e-01
6635.3218 1.2290e-01
6641.9570 1.1697e-01
6648.5991 1.1434e-01
6655.2471 1.2622e-01
6661.9028 1.1625e-01
6668.5645 1.2664e-01
6675.2334 1.2369e-01
6681.9087 1.0943e-01
6688.5903 1.1546e-01
6695.2788 1.0455e-01
6701.9741 1.0380e-01
6708.6763 1.0916e-01
6715.3853 1.0637e-01
6722.1001 9.7949e-02
6728.8223 9.8998e-02
6735.5508 9.8264e-02
6742.2871 8.9459e-02
6749.0293 9.9116e-02
6755.7783 9.2938e-02
6762.5342 8.8576e-02
6769.2964 8.5288e-02
6776.0654 8.4547e-02
6782.8418 7.8957e-02
6789.6245 7.1498e-02
6796.4141 8.2384e-02
6803.2109 9.1770e-02
6810.0142 8.5391e-02
6816.8237 7.2696e-02
6823.6401 6.8599e-02
6830.4648 8.1438e-02
6837.2949 6.8360e-02
6844.1323 7.3457e-02
6850.9761 7.7924e-02
6857.8276 8.2837e-02
6864.6855 6.2896e-02
6871.5498 5.7467e-02
6878.4214 6.7774e-02
6885.2998 6.4028e-02
6892.1851 6.2557e-02
6899.0771 6.3457e-02
6905.9766 4.9563e-02
6912.8818 6.8805e-02
6919.7944 7.2559e-02
6926.7153 6.7456e-02
6933.6421 6.7462e-02
6940.5747 6.9390e-02
6947.5151 6.2155e-02
6954.4629 6.4607e-02
6961.4175 6.8467e-02
6968.3794 5.6208e-02
6975.3477 6.2188e-02
6982.3228 7.5785e-02
6989.3052 5.8066e-02
6996.2944 6.5163e-02
7003.2905 6.1147e-02
7010.2939 6.1466e-02
7017.3042 6.8050e-02
7024.3213 7.1674e-02
7031.3457 6.6263e-02
7038.3774 6.3560e-02
7045.4155 5.9595e-02
7052.4614 5.7351e-02
7059.5137 6.6049e-02
7066.5732 6.4893e-02
7073.6396 5.7060e-02
7080.7134 5.9278e-02
7087.7939 6.0717e-02
7094.8818 7.0003e-02
7101.9771 5.5682e-02
7109.0786 5.5844e-02
7116.1880 5.9311e-02
7123.3042 6.1162e-02
7130.4268 5.6685e-02
7137.5571 5.7058e-02
7144.6953 5.7851e-02
7151.8398 5.4610e-02
7158.9912 5.7580e-02
7166.1509 4.7534e-02
7173.3169 5.2857e-02
7180.4897 5.1842e-02
7187.6714 6.6198e-02
7194.8584 5.9795e-02
7202.0532 5.2061e-02
7209.2554 5.7528e-02
7216.4648 5.0879e-02
7223.6816 5.4755e-02
7230.9053 4.5872e-02
7238.1357 5.3431e-02
7245.3740 4.6741e-02
7252.6191 4.8643e-02
7259.8716 5.7501e-02
7267.1318 6.1061e-02
7274.3984 4.4801e-02
7281.6729 5.5444e-02
7288.9551 5.0062e-02
7296.2437 5.1027e-02
7303.5400 4.5046e-02
7310.8433 4.5832e-02
7318.1543 5.1457e-02
7325.4727 4.5613e-02
7332.7983 5.6405e-02
7340.1309 5.0644e-02
7347.4707 4.4572e-02
7354.8188 4.6396e-02
7362.1733 4.9128e-02
7369.5356 5.4533e-02
7376.9053 3.9458e-02
7384.2817 4.9389e-02
7391.6660 4.5673e-02
7399.0581 5.1322e-02
7406.4570 5.4896e-02
7413.8638 4.6533e-02
7421.2769 4.5462e-02
7428.6978 5.3328e-02
7436.1274 4.6642e-02
7443.5630 3.9917e-02
7451.0068 4.4037e-02
7458.4575 4.0405e-02
7465.9165 4.7804e-02
7473.3823 4.8498e-02
7480.8555 4.2844e-02
7488.3364 4.2692e-02
7495.8252 3.5494e-02
7503.3203 4.4267e-02
7510.8237 4.6226e-02
7518.3345 3.7751e-02
7525.8535 4.7118e-02
7533.3789 4.0421e-02
7540.9126 4.1974e-02
7548.4536 3.7392e-02
7556.0020 4.2578e-02
7563.5576 4.0438e-02
7571.1206 3.5571e-02
7578.6919 3.9781e-02
7586.2710 4.1464e-02
7593.8574 3.4869e-02
7601.4512 3.4585e-02
7609.0522 3.2826e-02
7616.6611 3.6465e-02
7624.2788 2.9882e-02
7631.9023 3.5174e-02
7639.5352 3.3309e-02
7647.1743 4.2381e-02
7654.8213 4.2207e-02
7662.4761 4.0015e-02
7670.1387 3.9301e-02
7677.8086 3.9296e-02
7685.4868 3.8248e-02
7693.1724 3.2097e-02
7700.8652 4.4370e-02
7708.5664 3.6792e-02
7716.2749 3.5654e-02
7723.9912 3.0894e-02
7731.7148 3.6298e-02
7739.4468 3.6892e-02
7747.1865 3.5918e-02
7754.9331 3.5450e-02
7762.6885 3.5367e-02
7770.4507 3.5732e-02
7778.2212 3.7735e-02
7785.9990 3.5950e-02
7793.7856 3.2268e-02
7801.5796 3.6744e-02
7809.3809 2.7120e-02
7817.1904 3.4736e-02
7825.0068 3.0381e-02
7832.8325 3.9184e-02
7840.6650 3.8387e-02
7848.5063 2.7477e-02
7856.3545 2.8724e-02
7864.2109 3.2113e-02
7872.0747 3.3780e-02
7879.9473 3.3581e-02
7887.8267 3.6907e-02
7895.7153 3.6902e-02
7903.6108 3.1736e-02
7911.5146 3.4583e-02
7919.4263 3.0018e-02
7927.3457 3.3783e-02
7935.2725 3.6292e-02
7943.2075 3.7172e-02
7951.1509 4.0984e-02
7959.1025 3.8132e-02
7967.0610 3.5476e-02
7975.0283 3.2843e-02
7983.0029 4.2480e-02
7990.9858 4.2810e-02
7998.9775 4.0269e-02
8006.9761 4.8325e-02
8014.9834 4.2237e-02
8022.9985 4.1469e-02
8031.0215 4.0674e-02
8039.0522 3.5451e-02
8047.0913 4.0800e-02
8055.1382 4.1137e-02
8063.1934 4.4946e-02
8071.2568 4.3426e-02
8079.3276 4.4656e-02
8087.4077 4.1834e-02
8095.4946 4.7828e-02
8103.5898 4.2068e-02
8111.6938 4.1762e-02
8119.8052 4.8371e-02
8127.9258 4.6298e-02
8136.0527 3.9049e-02
8144.1890 4.7513e-02
8152.3335 4.4259e-02
8160.4858 4.1678e-02
8168.6465 4.3258e-02
8176.8149 4.0654e-02
8184.9917 4.3883e-02
8193.1768 4.0871e-02
8201.3691 4.0395e-02
8209.5713 3.9920e-02
8217.7812 3.3684e-02
8225.9980 4.2045e-02
8234.2256 4.1210e-02
8242.4590 4.2265e-02
8250.7021 4.1576e-02
8258.9521 4.4150e-02
8267.2109 4.5297e-02
8275.4775 3.7521e-02
8283.7539 4.2165e-02
8292.0371 3.8796e-02
8300.3291 4.4055e-02
8308.6299 3.5725e-02
8316.9375 3.5477e-02
8325.2559 3.3676e-02
8333.5811 3.7472e-02
8341.9141 3.7309e-02
8350.2568 3.2678e-02
8358.6064 3.4398e-02
8366.9658 4.1614e-02
8375.3311 4.4461e-02
8383.7080 3.7026e-02
8392.0908 3.5849e-02
8400.4824 3.5946e-02
8408.8828 4.5392e-02
8417.2930 3.4505e-02
8425.7100 3.7489e-02
8434.1357 4.4422e-02
8442.5693 4.0970e-02
8451.0127 3.4627e-02
8459.4629 3.9293e-02
8467.9219 4.7441e-02
8476.3906 4.5770e-02
8484.8662 4.2262e-02
8493.3516 4.4957e-02
8501.8447 4.5384e-02
8510.3467 4.8701e-02
8518.8574 4.6377e-02
8527.3770 4.6638e-02
8535.9033 5.0021e-02
8544.4395 4.1198e-02
8552.9844 5.2217e-02
8561.5361 5.5332e-02
8570.0986 5.4359e-02
8578.6680 4.8787e-02
8587.2461 5.7612e-02
8595.8350 5.2218e-02
8604.4297 5.0866e-02
8613.0352 5.2934e-02
8621.6475 4.9374e-02
8630.2705 6.5550e-02
8638.8994 6.1703e-02
8647.5391 5.8238e-02
8656.1855 4.5587e-02
8664.8408 5.6995e-02
8673.5068 5.9768e-02
8682.1797 6.6177e-02
8690.8633 5.7507e-02
8699.5537 5.4018e-02
8708.2529 6.2541e-02
8716.9619 5.6153e-02
8725.6777 5.7850e-02
8734.4033 5.8420e-02
8743.1396 5.6351e-02
8751.8818 6.0197e-02
8760.6338 5.4672e-02
8769.3945 5.9801e-02
8778.1641 5.8465e-02
8786.9424 6.1457e-02
8795.7285 5.7232e-02
8804.5254 5.1061e-02
8813.3291 5.7415e-02
8822.1416 5.3281e-02
8830.9648 5.5655e-02
8839.7949 5.9941e-02
8848.6357 5.8510e-02
8857.4834 5.7584e-02
8866.3408 5.8188e-02
8875.2070 4.8575e-02
8884.0830 5.2138e-02
8892.9658 5.4506e-02
8901.8604 5.2405e-02
8910.7617 5.3012e-02
8919.6729 4.7514e-02
8928.5918 5.0434e-02
8937.5215 4.5177e-02
8946.4580 5.1089e-02
8955.4043 5.2741e-02
8964.3594 4.5306e-02
8973.3242 4.8367e-02
8982.2979 4.3485e-02
8991.2803 4.0075e-02
9000.2715 4.3108e-02
9009.2725 4.2382e-02
9018.2812 4.7101e-02
9027.2998 3.7561e-02
9036.3271 4.0233e-02
9045.3623 4.0996e-02
9054.4082 4.4191e-02
9063.4629 3.3796e-02
9072.5264 3.5080e-02
9081.5996 3.9520e-02
9090.6807 4.2019e-02
9099.7705 3.6206e-02
9108.8701 3.1663e-02
9117.9795 3.1119e-02
9127.0977 3.0851e-02
9136.2246 2.8214e-02
9145.3604 2.8088e-02
9154.5068 2.9275e-02
9163.6602 2.9449e-02
9172.8242 3.0218e-02
9181.9980 3.2409e-02
9191.1797 2.6928e-02
9200.3711 2.5106e-02
9209.5703 2.4995e-02
9218.7812 3.0232e-02
9227.9990 2.9492e-02
9237.2275 2.5711e-02
9246.4648 2.7203e-02
9255.7109 2.0989e-02
9264.9668 2.2484e-02
9274.2314 2.2694e-02
9283.5059 2.7185e-02
9292.7891 2.4382e-02
9302.0820 2.1646e-02
9311.3838 2.0194e-02
9320.6953 1.7541e-02
9330.0156 2.1628e-02
9339.3477 2.2374e-02
9348.6855 1.9552e-02
9358.0342 2.2425e-02
9367.3926 1.8184e-02
9376.7598 1.5757e-02
9386.1357 1.9728e-02
9395.5215 1.5156e-02
9404.9180 1.5303e-02
9414.3232 1.7381e-02
9423.7373 2.0119e-02
9433.1611 1.8699e-02
9442.5947 1.3662e-02
9452.0371 1.7724e-02
9461.4883 1.7240e-02
9470.9502 2.0717e-02
9480.4219 1.6298e-02
9489.9014 1.3501e-02
9499.3916 1.7687e-02
9508.8906 1.5955e-02
9518.3994 1.5716e-02
9527.9180 1.3889e-02
9537.4463 1.4613e-02
9546.9834 1.7119e-02
9556.5303 1.5032e-02
9566.0869 1.4858e-02
9575.6533 1.8739e-02
9585.2295 1.4428e-02
9594.8135 1.7381e-02
9604.4092 1.3656e-02
9614.0137 1.6667e-02
9623.6270 1.6266e-02
9633.2500 1.6014e-02
9642.8838 1.4441e-02
9652.5273 1.6005e-02
9662.1797 1.5657e-02
9671.8418 1.1378e-02
9681.5146 1.5634e-02
9691.1953 1.4503e-02
9700.8867 1.6040e-02
9710.5869 1.4030e-02
9720.2979 1.1655e-02
9730.0186 1.5477e-02
9739.7490 9.4999e-03
9749.4883 1.2181e-02
9759.2373 1.3100e-02
