# time_explosion = 14.875
# 
3082.6523 1.5384e-02
3085.7351 1.0447e-02
3088.8208 1.3674e-02
3091.9092 1.6282e-02
3095.0017 1.2847e-02
3098.0964 1.4608e-02
3101.1943 1.1082e-02
3104.2959 9.6501e-03
3107.4001 1.7518e-02
3110.5076 1.1965e-02
3113.6182 1.2653e-02
3116.7317 1.8201e-02
3119.8484 1.5737e-02
3122.9680 1.7882e-02
3126.0913 1.4036e-02
3129.2170 2.0386e-02
3132.3462 2.2169e-02
3135.4788 1.8206e-02
3138.6143 2.0492e-02
3141.7527 1.4495e-02
3144.8945 1.7410e-02
3148.0396 1.8970e-02
3151.1880 1.7867e-02
3154.3386 1.0594e-02
3157.4929 1.6348e-02
3160.6504 1.5499e-02
3163.8113 1.7574e-02
3166.9751 1.5157e-02
3170.1418 1.6883e-02
3173.3120 1.8604e-02
3176.4854 1.6567e-02
3179.6619 1.4016e-02
3182.8418 1.5625e-02
3186.0247 1.7424e-02
3189.2104 1.3489e-02
3192.3997 1.7830e-02
3195.5920 1.6294e-02
3198.7876 1.3267e-02
3201.9866 1.3582e-02
3205.1885 1.6079e-02
3208.3938 1.5571e-02
3211.6021 1.6716e-02
3214.8137 1.3951e-02
3218.0286 1.4343e-02
3221.2463 1.5408e-02
3224.4678 1.7975e-02
3227.6924 1.2943e-02
3230.9202 2.5087e-02
3234.1506 1.8494e-02
3237.3850 1.5406e-02
3240.6223 2.1737e-02
3243.8630 1.8889e-02
3247.1067 2.0633e-02
3250.3540 2.4537e-02
3253.6040 2.7666e-02
3256.8577 2.4213e-02
3260.1150 2.8493e-02
3263.3748 2.7016e-02
3266.6384 2.4008e-02
3269.9050 2.2737e-02
3273.1750 2.3291e-02
3276.4480 2.7389e-02
3279.7244 2.8683e-02
3283.0039 2.3262e-02
3286.2874 2.8768e-02
3289.5732 2.4666e-02
3292.8630 2.1883e-02
3296.1560 2.7683e-02
3299.4521 2.4855e-02
3302.7512 2.5504e-02
3306.0540 1.7599e-02
3309.3601 2.7083e-02
3312.6697 2.7676e-02
3315.9822 2.2784e-02
3319.2981 2.5992e-02
3322.6177 2.8992e-02
3325.9402 2.4531e-02
3329.2661 2.7747e-02
3332.5957 2.1740e-02
3335.9277 2.1751e-02
3339.2637 2.6303e-02
3342.6035 3.3176e-02
3345.9458 2.6502e-02
3349.2917 3.3523e-02
3352.6411 2.5536e-02
3355.9937 2.9666e-02
3359.3496 3.1242e-02
3362.7092 3.0468e-02
3366.0718 3.1335e-02
3369.4380 2.7210e-02
3372.8071 3.4545e-02
3376.1799 3.4533e-02
3379.5564 3.4570e-02
3382.9358 3.4990e-02
3386.3188 3.1780e-02
3389.7053 4.4842e-02
3393.0945 3.9800e-02
3396.4878 3.2725e-02
3399.8845 3.4490e-02
3403.2844 3.6666e-02
3406.6875 3.9506e-02
3410.0942 3.4919e-02
3413.5044 3.2322e-02
3416.9177 3.9428e-02
3420.3347 3.9292e-02
3423.7551 4.7847e-02
3427.1790 4.5879e-02
3430.6060 5.6427e-02
3434.0364 4.1156e-02
3437.4709 4.6690e-02
3440.9082 4.3944e-02
3444.3489 4.3937e-02
3447.7935 3.5626e-02
3451.2412 4.4159e-02
3454.6926 4.1592e-02
3458.1470 4.3866e-02
3461.6055 4.8521e-02
3465.0669 4.6353e-02
3468.5320 4.6552e-02
3472.0007 4.6147e-02
3475.4724 5.5492e-02
3478.9478 5.1658e-02
3482.4268 4.2993e-02
3485.9094 5.2593e-02
3489.3950 4.9979e-02
3492.8845 3.9218e-02
3496.3774 4.2556e-02
3499.8738 3.8339e-02
3503.3738 4.3424e-02
3506.8770 4.0345e-02
3510.3838 4.4939e-02
3513.8945 3.5485e-02
3517.4084 3.4287e-02
3520.9255 3.9249e-02
3524.4465 3.2386e-02
3527.9709 4.1381e-02
3531.4993 3.2880e-02
3535.0305 2.7453e-02
3538.5657 3.9064e-02
3542.1040 2.9819e-02
3545.6462 4.1396e-02
3549.1919 2.8060e-02
3552.7410 3.5213e-02
3556.2937 3.9493e-02
3559.8501 3.5716e-02
3563.4099 3.3519e-02
3566.9734 2.8137e-02
3570.5403 3.3208e-02
3574.1108 3.4038e-02
3577.6848 3.5880e-02
3581.2627 2.9936e-02
3584.8440 2.8714e-02
3588.4287 3.5088e-02
3592.0173 3.0611e-02
3595.6091 2.8818e-02
3599.2046 3.8534e-02
3602.8042 3.4186e-02
3606.4070 3.9916e-02
3610.0132 4.3581e-02
3613.6230 3.8648e-02
3617.2368 4.0012e-02
3620.8540 4.3388e-02
3624.4751 3.9714e-02
3628.0996 4.5975e-02
3631.7275 5.3901e-02
3635.3591 4.7952e-02
3638.9949 5.4959e-02
3642.6338 5.9022e-02
3646.2761 5.8533e-02
3649.9226 7.5054e-02
3653.5725 7.6144e-02
3657.2258 8.1415e-02
3660.8833 9.5197e-02
3664.5442 9.6980e-02
3668.2085 9.2364e-02
3671.8767 1.1849e-01
3675.5488 1.0610e-01
3679.2244 9.7942e-02
3682.9033 9.9535e-02
3686.5867 1.0129e-01
3690.2729 9.8371e-02
3693.9634 8.9921e-02
3697.6575 9.3907e-02
3701.3550 8.9362e-02
3705.0564 7.9543e-02
3708.7615 5.9776e-02
3712.4700 7.0191e-02
3716.1824 7.5196e-02
3719.8989 7.4315e-02
3723.6189 6.0716e-02
3727.3423 6.8803e-02
3731.0696 7.3704e-02
3734.8005 6.5097e-02
3738.5356 6.5373e-02
3742.2737 6.1253e-02
3746.0164 5.8786e-02
3749.7622 6.7393e-02
3753.5120 6.7048e-02
3757.2656 6.4563e-02
3761.0227 6.8756e-02
3764.7837 7.0848e-02
3768.5486 5.5894e-02
3772.3171 7.0360e-02
3776.0896 5.9384e-02
3779.8657 7.0414e-02
3783.6455 5.3753e-02
3787.4290 6.3441e-02
3791.2166 7.0112e-02
3795.0076 7.2060e-02
3798.8030 6.1385e-02
3802.6013 7.4442e-02
3806.4041 6.6896e-02
3810.2107 7.0707e-02
3814.0210 6.3742e-02
3817.8347 6.2038e-02
3821.6523 6.9691e-02
3825.4741 6.6620e-02
3829.2993 7.5566e-02
3833.1292 7.9995e-02
3836.9622 7.6091e-02
3840.7991 6.9001e-02
3844.6396 7.4519e-02
3848.4846 8.2808e-02
3852.3328 8.2910e-02
3856.1853 8.9873e-02
3860.0417 9.4689e-02
3863.9019 9.0598e-02
3867.7654 9.2890e-02
3871.6333 9.5395e-02
3875.5049 9.8093e-02
3879.3804 1.1472e-01
3883.2598 1.1398e-01
3887.1431 1.1899e-01
3891.0303 1.2700e-01
3894.9214 1.1585e-01
3898.8164 1.2724e-01
3902.7148 1.1391e-01
3906.6174 1.3303e-01
3910.5242 1.3045e-01
3914.4348 1.3117e-01
3918.3494 1.4461e-01
3922.2673 1.6085e-01
3926.1897 1.5470e-01
3930.1162 1.4024e-01
3934.0461 1.5892e-01
3937.9800 1.6918e-01
3941.9182 1.6326e-01
3945.8601 1.5503e-01
3949.8059 1.5520e-01
3953.7556 1.5364e-01
3957.7097 1.6583e-01
3961.6672 1.6612e-01
3965.6289 1.5670e-01
3969.5945 1.6282e-01
3973.5640 1.5924e-01
3977.5376 1.6331e-01
3981.5151 1.7576e-01
3985.4968 1.7021e-01
3989.4819 1.8844e-01
3993.4719 1.7087e-01
3997.4653 1.9823e-01
4001.4624 1.9546e-01
4005.4641 2.1438e-01
4009.4697 2.2844e-01
4013.4790 2.2078e-01
4017.4927 2.2612e-01
4021.5100 2.1871e-01
4025.5315 2.1557e-01
4029.5574 2.0880e-01
4033.5867 2.2167e-01
4037.6204 2.0155e-01
4041.6577 2.1327e-01
4045.6997 1.9146e-01
4049.7454 1.8992e-01
4053.7949 1.7400e-01
4057.8484 1.6838e-01
4061.9067 1.5837e-01
4065.9685 1.4504e-01
4070.0344 1.2748e-01
4074.1045 1.3634e-01
4078.1790 1.2202e-01
4082.2566 1.2307e-01
4086.3391 1.0602e-01
4090.4258 8.5125e-02
4094.5156 1.0761e-01
4098.6104 9.0108e-02
4102.7090 9.7334e-02
4106.8115 9.2666e-02
4110.9185 9.6857e-02
4115.0298 9.0542e-02
4119.1445 9.4115e-02
4123.2637 9.2423e-02
4127.3867 1.0076e-01
4131.5142 9.8704e-02
4135.6460 9.4580e-02
4139.7812 1.0143e-01
4143.9209 9.9362e-02
4148.0654 9.5631e-02
4152.2134 9.8774e-02
4156.3657 1.0345e-01
4160.5215 8.4983e-02
4164.6826 9.0354e-02
4168.8472 8.9497e-02
4173.0156 9.4411e-02
4177.1885 9.2536e-02
4181.3662 8.0969e-02
4185.5474 9.3228e-02
4189.7329 8.2840e-02
4193.9229 7.7397e-02
4198.1167 7.8318e-02
4202.3149 8.4403e-02
4206.5166 7.6578e-02
4210.7236 8.0665e-02
4214.9346 6.9201e-02
4219.1489 8.0717e-02
4223.3687 7.5718e-02
4227.5918 6.6438e-02
4231.8188 7.2000e-02
4236.0508 6.6436e-02
4240.2871 6.4343e-02
4244.5273 7.1438e-02
4248.7720 5.7556e-02
4253.0205 7.2153e-02
4257.2739 7.0371e-02
4261.5312 7.1515e-02
4265.7920 6.5002e-02
4270.0581 8.0940e-02
4274.3286 7.8850e-02
4278.6025 7.6292e-02
4282.8809 7.7856e-02
4287.1641 7.3639e-02
4291.4517 7.3742e-02
4295.7427 7.3910e-02
4300.0386 7.3146e-02
4304.3389 7.1115e-02
4308.6431 6.4896e-02
4312.9517 6.4190e-02
4317.2646 6.1128e-02
4321.5815 5.4830e-02
4325.9038 6.3911e-02
4330.2290 5.9058e-02
4334.5596 5.6319e-02
4338.8940 5.3682e-02
4343.2329 5.9363e-02
4347.5762 5.7344e-02
4351.9238 5.4935e-02
4356.2754 6.8679e-02
4360.6318 7.4240e-02
4364.9927 8.2429e-02
4369.3574 8.6843e-02
4373.7271 1.0248e-01
4378.1011 8.7327e-02
4382.4790 9.9286e-02
4386.8613 1.0303e-01
4391.2480 1.1417e-01
4395.6392 1.1747e-01
4400.0352 1.2342e-01
4404.4351 1.3157e-01
4408.8394 1.3331e-01
4413.2485 1.3623e-01
4417.6616 1.4096e-01
4422.0791 1.5533e-01
4426.5015 1.6743e-01
4430.9277 1.5951e-01
4435.3589 1.6971e-01
4439.7944 1.6910e-01
4444.2344 1.9715e-01
4448.6777 2.0087e-01
4453.1270 2.1695e-01
4457.5796 2.1629e-01
4462.0376 2.2732e-01
4466.4995 2.3318e-01
4470.9658 2.4315e-01
4475.4370 2.2993e-01
4479.9126 2.4855e-01
4484.3921 2.4873e-01
4488.8770 2.4426e-01
4493.3652 2.4888e-01
4497.8594 2.4911e-01
4502.3564 2.3756e-01
4506.8594 2.4880e-01
4511.3657 2.4886e-01
4515.8774 2.4089e-01
4520.3936 2.1874e-01
4524.9136 2.5266e-01
4529.4385 2.4001e-01
4533.9683 2.3597e-01
4538.5020 2.2480e-01
4543.0405 2.1225e-01
4547.5840 2.2385e-01
4552.1313 2.0275e-01
4556.6836 1.9822e-01
4561.2397 2.1813e-01
4565.8013 2.1446e-01
4570.3667 2.0784e-01
4574.9370 2.1805e-01
4579.5122 2.1554e-01
4584.0918 2.2474e-01
4588.6763 2.2465e-01
4593.2642 2.4398e-01
4597.8579 2.4791e-01
4602.4556 2.3777e-01
4607.0581 2.5545e-01
4611.6655 2.3691e-01
4616.2769 2.6525e-01
4620.8931 2.4229e-01
4625.5142 2.2923e-01
4630.1392 2.6092e-01
4634.7695 2.5056e-01
4639.4048 2.4631e-01
4644.0439 2.4764e-01
4648.6880 2.7574e-01
4653.3369 2.4195e-01
4657.9897 2.5354e-01
4662.6479 2.5331e-01
4667.3105 2.4329e-01
4671.9775 2.4668e-01
4676.6499 2.3415e-01
4681.3267 2.4308e-01
4686.0078 2.3000e-01
4690.6938 2.4556e-01
4695.3848 2.4303e-01
4700.0801 2.4249e-01
4704.7798 2.4117e-01
4709.4849 2.4594e-01
4714.1948 2.4206e-01
4718.9087 2.4603e-01
4723.6270 2.3476e-01
4728.3511 2.6006e-01
4733.0796 2.3718e-01
4737.8125 2.3950e-01
4742.5503 2.2797e-01
4747.2930 2.3997e-01
4752.0405 2.2987e-01
4756.7920 2.1308e-01
4761.5488 2.0880e-01
4766.3105 2.0738e-01
4771.0767 2.0222e-01
4775.8477 2.0176e-01
4780.6240 1.9477e-01
4785.4048 2.0651e-01
4790.1904 1.8777e-01
4794.9800 2.0753e-01
4799.7749 1.9233e-01
4804.5747 2.0745e-01
4809.3794 1.9326e-01
4814.1880 2.1941e-01
4819.0029 2.2004e-01
4823.8218 1.9630e-01
4828.6460 2.1916e-01
4833.4741 1.9723e-01
4838.3081 2.0956e-01
4843.1460 2.0117e-01
4847.9893 2.1428e-01
4852.8369 1.9710e-01
4857.6899 1.9595e-01
4862.5474 1.8735e-01
4867.4097 2.0374e-01
4872.2778 1.8106e-01
4877.1499 1.7542e-01
4882.0269 1.7706e-01
4886.9092 1.8814e-01
4891.7959 1.5947e-01
4896.6880 1.6017e-01
4901.5845 1.6346e-01
4906.4858 1.5458e-01
4911.3926 1.5302e-01
4916.3042 1.4718e-01
4921.2207 1.3408e-01
4926.1416 1.2958e-01
4931.0679 1.3028e-01
4935.9990 1.2754e-01
4940.9346 1.1940e-01
4945.8760 1.0620e-01
4950.8218 1.0291e-01
4955.7729 9.4556e-02
4960.7280 1.0950e-01
4965.6885 1.0389e-01
4970.6543 9.0803e-02
4975.6250 9.4555e-02
4980.6006 9.4045e-02
4985.5815 8.9394e-02
4990.5664 9.6490e-02
4995.5576 9.5996e-02
5000.5527 1.0657e-01
5005.5537 1.0282e-01
5010.5596 9.5605e-02
5015.5693 1.1145e-01
5020.5859 1.1419e-01
5025.6064 1.1717e-01
5030.6313 1.2530e-01
5035.6626 1.3007e-01
5040.6987 1.2914e-01
5045.7378 1.1614e-01
5050.7847 1.2989e-01
5055.8354 1.3541e-01
5060.8911 1.3028e-01
5065.9521 1.3122e-01
5071.0176 1.2643e-01
5076.0889 1.2771e-01
5081.1655 1.2801e-01
5086.2461 1.4316e-01
5091.3320 1.4818e-01
5096.4243 1.5317e-01
5101.5200 1.5884e-01
5106.6216 1.4589e-01
5111.7290 1.6137e-01
5116.8394 1.6151e-01
5121.9565 1.4819e-01
5127.0786 1.5304e-01
5132.2056 1.5998e-01
5137.3379 1.5951e-01
5142.4751 1.6724e-01
5147.6177 1.4981e-01
5152.7656 1.5060e-01
5157.9185 1.3835e-01
5163.0762 1.3023e-01
5168.2393 1.3722e-01
5173.4072 1.6214e-01
5178.5811 1.6298e-01
5183.7593 1.3207e-01
5188.9434 1.5343e-01
5194.1323 1.3759e-01
5199.3262 1.5737e-01
5204.5254 1.5895e-01
5209.7305 1.6166e-01
5214.9395 1.6411e-01
5220.1543 1.5455e-01
5225.3750 1.7936e-01
5230.6001 1.7458e-01
5235.8311 1.8665e-01
5241.0664 1.7134e-01
5246.3081 1.6830e-01
5251.5537 1.7566e-01
5256.8052 1.7545e-01
5262.0625 1.7337e-01
5267.3247 1.7280e-01
5272.5918 1.7504e-01
5277.8647 1.5800e-01
5283.1421 1.5831e-01
5288.4258 1.5398e-01
5293.7139 1.5136e-01
5299.0078 1.4499e-01
5304.3066 1.4581e-01
5309.6108 1.4209e-01
5314.9204 1.4931e-01
5320.2358 1.4367e-01
5325.5552 1.4332e-01
5330.8809 1.4730e-01
5336.2119 1.5087e-01
5341.5483 1.5205e-01
5346.8901 1.3625e-01
5352.2368 1.4383e-01
5357.5889 1.2789e-01
5362.9468 1.4160e-01
5368.3096 1.2931e-01
5373.6782 1.3396e-01
5379.0518 1.3656e-01
5384.4307 1.2353e-01
5389.8149 1.1212e-01
5395.2051 1.1929e-01
5400.6001 1.1702e-01
5406.0005 1.1886e-01
5411.4062 1.1440e-01
5416.8188 1.1338e-01
5422.2349 1.1703e-01
5427.6567 1.2093e-01
5433.0850 1.0683e-01
5438.5181 1.0597e-01
5443.9565 1.0972e-01
5449.4004 1.2062e-01
5454.8501 1.1023e-01
5460.3047 1.2271e-01
5465.7646 1.1556e-01
5471.2305 1.2632e-01
5476.7021 1.1396e-01
5482.1787 1.1035e-01
5487.6606 1.2087e-01
5493.1484 1.2428e-01
5498.6411 1.1797e-01
5504.1401 1.2422e-01
5509.6440 1.2391e-01
5515.1543 1.2369e-01
5520.6689 1.2222e-01
5526.1899 1.2256e-01
5531.7158 1.2736e-01
5537.2476 1.2072e-01
5542.7852 1.1750e-01
5548.3276 1.2576e-01
5553.8760 1.1287e-01
5559.4297 1.1696e-01
5564.9893 1.1829e-01
5570.5542 1.1970e-01
5576.1245 1.0742e-01
5581.7012 1.1069e-01
5587.2832 1.1392e-01
5592.8701 1.0711e-01
5598.4629 1.1777e-01
5604.0615 1.0848e-01
5609.6655 1.0635e-01
5615.2754 9.5326e-02
5620.8901 1.0236e-01
5626.5112 1.0454e-01
5632.1377 1.1459e-01
5637.7695 1.0524e-01
5643.4077 1.1348e-01
5649.0513 1.2123e-01
5654.7002 1.2160e-01
5660.3545 1.1697e-01
5666.0146 1.2649e-01
5671.6812 1.2534e-01
5677.3525 1.2448e-01
5683.0303 1.2831e-01
5688.7134 1.3350e-01
5694.4019 1.2854e-01
5700.0962 1.2899e-01
5705.7969 1.2776e-01
5711.5020 1.5131e-01
5717.2134 1.2213e-01
5722.9307 1.3111e-01
5728.6538 1.2634e-01
5734.3828 1.2398e-01
5740.1172 1.2209e-01
5745.8569 1.2508e-01
5751.6025 1.2942e-01
5757.3545 1.2002e-01
5763.1123 1.4081e-01
5768.8745 1.2695e-01
5774.6440 1.2102e-01
5780.4185 1.3890e-01
5786.1987 1.2617e-01
5791.9854 1.3000e-01
5797.7773 1.2324e-01
5803.5752 1.2359e-01
5809.3784 1.1929e-01
5815.1880 1.2562e-01
5821.0029 1.2184e-01
5826.8237 1.2012e-01
5832.6504 1.2507e-01
5838.4839 1.1790e-01
5844.3223 1.1673e-01
5850.1665 1.0976e-01
5856.0166 1.0365e-01
5861.8726 1.1268e-01
5867.7344 9.9610e-02
5873.6021 1.0610e-01
5879.4751 9.8317e-02
5885.3555 9.0517e-02
5891.2402 8.5882e-02
5897.1313 9.0341e-02
5903.0288 9.3538e-02
5908.9321 9.4673e-02
5914.8408 9.1626e-02
5920.7563 8.4756e-02
5926.6768 8.5002e-02
5932.6030 9.0443e-02
5938.5356 9.6278e-02
5944.4741 9.8542e-02
5950.4194 9.9922e-02
5956.3691 1.0612e-01
5962.3257 1.0292e-01
5968.2881 9.9860e-02
5974.2563 1.0767e-01
5980.2310 1.2587e-01
5986.2104 1.1384e-01
5992.1968 1.1207e-01
5998.1895 1.0678e-01
6004.1875 1.1783e-01
6010.1914 1.2566e-01
6016.2017 1.2511e-01
6022.2183 1.2477e-01
6028.2402 1.1696e-01
6034.2686 1.1420e-01
6040.3022 1.1352e-01
6046.3428 1.1754e-01
6052.3892 1.2235e-01
6058.4414 1.2855e-01
6064.5000 1.2765e-01
6070.5645 1.3253e-01
6076.6353 1.1791e-01
6082.7114 1.1982e-01
6088.7944 1.2803e-01
6094.8833 1.2876e-01
6100.9785 1.2559e-01
6107.0796 1.2729e-01
6113.1860 1.2067e-01
6119.2993 1.2688e-01
6125.4189 1.3860e-01
6131.5439 1.1025e-01
6137.6758 1.2120e-01
6143.8130 1.2104e-01
6149.9570 1.1992e-01
6156.1074 1.2176e-01
6162.2632 1.1553e-01
6168.4253 1.1409e-01
6174.5933 1.0390e-01
6180.7686 1.0394e-01
6186.9492 9.2289e-02
6193.1362 8.4315e-02
6199.3291 9.0130e-02
6205.5288 8.5076e-02
6211.7344 7.5993e-02
6217.9458 7.1700e-02
6224.1636 6.6390e-02
6230.3882 7.2735e-02
6236.6187 5.9263e-02
6242.8550 6.3389e-02
6249.0981 5.7710e-02
6255.3472 5.8853e-02
6261.6025 5.2853e-02
6267.8643 6.1498e-02
6274.1323 5.6151e-02
6280.4058 5.6703e-02
6286.6860 5.3337e-02
6292.9736 5.3124e-02
6299.2656 5.5447e-02
6305.5654 5.3119e-02
6311.8711 6.5761e-02
6318.1826 6.3233e-02
6324.5005 7.2022e-02
6330.8247 7.5397e-02
6337.1562 7.2378e-02
6343.4932 6.8255e-02
6349.8364 7.6747e-02
6356.1865 7.8108e-02
6362.5430 7.9067e-02
6368.9058 8.0123e-02
6375.2744 8.2550e-02
6381.6494 9.2687e-02
6388.0312 9.2071e-02
6394.4189 9.1102e-02
6400.8145 9.3024e-02
6407.2148 9.6774e-02
6413.6216 9.9491e-02
6420.0356 9.7980e-02
6426.4551 1.0092e-01
6432.8823 9.9669e-02
6439.3145 9.9737e-02
6445.7539 9.7319e-02
6452.2002 1.0233e-01
6458.6514 1.0614e-01
6465.1104 9.8771e-02
6471.5757 1.0113e-01
6478.0474 9.8683e-02
6484.5249 9.2828e-02
6491.0098 9.3606e-02
6497.5005 9.9739e-02
6503.9985 1.0506e-01
6510.5024 1.0513e-01
6517.0127 9.7052e-02
6523.5303 9.8271e-02
6530.0532 9.4388e-02
6536.5840 9.5326e-02
6543.1201 9.3508e-02
6549.6631 9.2347e-02
6556.2129 9.8148e-02
6562.7690 9.8427e-02
6569.3325 1.0187e-01
6575.9009 9.2975e-02
6582.4775 8.7692e-02
6589.0596 9.1578e-02
6595.6484 9.7472e-02
6602.2446 8.6812e-02
6608.8467 8.4255e-02
6615.4551 8.9698e-02
6622.0708 8.5011e-02
6628.6924 8.0752e-02
6635.3218 9.3998e-02
6641.9570 7.7582e-02
6648.5991 7.6238e-02
6655.2471 8.8521e-02
6661.9028 6.9075e-02
6668.5645 7.5902e-02
6675.2334 7.4904e-02
6681.9087 8.5399e-02
6688.5903 7.1809e-02
6695.2788 6.4228e-02
6701.9741 7.2330e-02
6708.6763 6.8679e-02
6715.3853 7.0765e-02
6722.1001 7.1977e-02
6728.8223 7.1106e-02
6735.5508 7.0346e-02
6742.2871 7.9036e-02
6749.0293 6.8268e-02
6755.7783 7.3198e-02
6762.5342 6.2507e-02
6769.2964 6.6731e-02
6776.0654 5.8719e-02
6782.8418 6.4377e-02
6789.6245 6.4069e-02
6796.4141 6.1287e-02
6803.2109 6.4065e-02
6810.0142 6.5395e-02
6816.8237 5.9670e-02
6823.6401 6.6462e-02
6830.4648 6.0211e-02
6837.2949 5.7501e-02
6844.1323 5.4596e-02
6850.9761 6.3955e-02
6857.8276 6.0639e-02
6864.6855 5.4464e-02
6871.5498 6.0724e-02
6878.4214 6.3971e-02
6885.2998 5.4891e-02
6892.1851 5.6608e-02
6899.0771 5.3973e-02
6905.9766 5.2275e-02
6912.8818 5.4093e-02
6919.7944 5.3856e-02
6926.7153 5.0319e-02
6933.6421 5.4173e-02
6940.5747 5.2967e-02
6947.5151 4.8794e-02
6954.4629 6.0366e-02
6961.4175 5.0300e-02
6968.3794 5.2850e-02
6975.3477 4.8360e-02
6982.3228 5.3529e-02
6989.3052 5.4224e-02
6996.2944 4.9861e-02
7003.2905 5.3110e-02
7010.2939 5.1639e-02
7017.3042 5.0138e-02
7024.3213 5.5141e-02
7031.3457 5.5620e-02
7038.3774 5.3783e-02
7045.4155 4.6730e-02
7052.4614 5.7124e-02
7059.5137 5.6245e-02
7066.5732 5.6894e-02
7073.6396 5.5987e-02
7080.7134 4.9630e-02
7087.7939 4.8825e-02
7094.8818 5.4030e-02
7101.9771 4.8661e-02
7109.0786 5.1606e-02
7116.1880 5.6394e-02
7123.3042 5.0850e-02
7130.4268 5.3204e-02
7137.5571 4.6771e-02
7144.6953 5.5399e-02
7151.8398 5.2443e-02
7158.9912 4.6940e-02
7166.1509 5.3808e-02
7173.3169 5.1724e-02
7180.4897 4.4958e-02
7187.6714 4.3696e-02
7194.8584 4.3458e-02
7202.0532 4.6772e-02
7209.2554 4.6187e-02
7216.4648 5.0266e-02
7223.6816 5.1488e-02
7230.9053 4.8543e-02
7238.1357 4.0953e-02
7245.3740 4.5498e-02
7252.6191 4.9900e-02
7259.8716 4.6567e-02
7267.1318 4.3116e-02
7274.3984 4.9661e-02
7281.6729 4.8479e-02
7288.9551 4.4064e-02
7296.2437 4.4419e-02
7303.5400 4.9480e-02
7310.8433 4.8977e-02
7318.1543 4.6526e-02
7325.4727 4.8352e-02
7332.7983 5.2784e-02
7340.1309 4.4510e-02
7347.4707 5.0609e-02
7354.8188 4.7405e-02
7362.1733 4.6944e-02
7369.5356 4.7465e-02
7376.9053 4.5035e-02
7384.2817 4.5715e-02
7391.6660 4.2441e-02
7399.0581 4.6177e-02
7406.4570 4.7524e-02
7413.8638 4.8528e-02
7421.2769 4.4733e-02
7428.6978 4.6585e-02
7436.1274 4.8441e-02
7443.5630 4.9769e-02
7451.0068 4.0148e-02
7458.4575 4.4811e-02
7465.9165 4.1032e-02
7473.3823 3.9319e-02
7480.8555 4.3014e-02
7488.3364 4.4309e-02
7495.8252 4.5046e-02
7503.3203 4.4409e-02
7510.8237 4.5735e-02
7518.3345 3.9701e-02
7525.8535 4.0804e-02
7533.3789 4.0425e-02
7540.9126 4.6860e-02
7548.4536 3.8856e-02
7556.0020 3.7805e-02
7563.5576 4.0847e-02
7571.1206 4.3109e-02
7578.6919 4.2289e-02
7586.2710 3.8977e-02
7593.8574 4.4908e-02
7601.4512 3.8975e-02
7609.0522 4.0887e-02
7616.6611 3.8772e-02
7624.2788 3.5071e-02
7631.9023 4.1699e-02
7639.5352 4.2471e-02
7647.1743 4.2965e-02
7654.8213 4.0009e-02
7662.4761 4.1699e-02
7670.1387 4.0913e-02
7677.8086 3.7679e-02
7685.4868 3.8994e-02
7693.1724 4.2694e-02
7700.8652 3.6127e-02
7708.5664 4.1975e-02
7716.2749 4.2650e-02
7723.9912 3.6590e-02
7731.7148 3.6911e-02
7739.4468 4.0613e-02
7747.1865 3.9340e-02
7754.9331 4.1722e-02
7762.6885 3.5638e-02
7770.4507 3.8222e-02
7778.2212 3.7486e-02
7785.9990 3.7304e-02
7793.7856 3.9209e-02
7801.5796 4.0782e-02
7809.3809 3.8956e-02
7817.1904 3.9440e-02
7825.0068 3.5298e-02
7832.8325 4.2047e-02
7840.6650 4.0130e-02
7848.5063 4.0692e-02
7856.3545 3.5410e-02
7864.2109 4.0224e-02
7872.0747 4.0941e-02
7879.9473 3.5199e-02
7887.8267 3.6399e-02
7895.7153 3.6800e-02
7903.6108 3.6678e-02
7911.5146 3.9899e-02
7919.4263 4.0658e-02
7927.3457 4.4399e-02
7935.2725 4.4171e-02
7943.2075 3.7700e-02
7951.1509 4.3087e-02
7959.1025 3.8440e-02
7967.0610 3.8148e-02
7975.0283 4.1545e-02
7983.0029 4.3868e-02
7990.9858 4.3160e-02
7998.9775 3.9908e-02
8006.9761 4.3902e-02
8014.9834 4.0920e-02
8022.9985 3.0532e-02
8031.0215 3.3515e-02
8039.0522 3.6212e-02
8047.0913 3.5148e-02
8055.1382 2.3226e-02
8063.1934 2.6554e-02
8071.2568 1.9230e-02
8079.3276 2.6025e-02
8087.4077 2.7441e-02
8095.4946 2.8673e-02
8103.5898 2.2354e-02
8111.6938 2.9296e-02
8119.8052 2.4126e-02
8127.9258 2.6041e-02
8136.0527 2.3022e-02
8144.1890 2.8504e-02
8152.3335 3.0258e-02
8160.4858 3.6770e-02
8168.6465 3.3528e-02
8176.8149 3.0392e-02
8184.9917 3.2946e-02
8193.1768 3.1178e-02
8201.3691 3.1684e-02
8209.5713 2.7377e-02
8217.7812 2.6053e-02
8225.9980 2.7360e-02
8234.2256 3.1472e-02
8242.4590 3.1400e-02
8250.7021 3.0646e-02
8258.9521 3.0545e-02
8267.2109 3.7591e-02
8275.4775 3.6894e-02
8283.7539 4.1366e-02
8292.0371 4.4027e-02
8300.3291 4.7285e-02
8308.6299 4.6067e-02
8316.9375 4.4065e-02
8325.2559 3.8024e-02
8333.5811 4.4923e-02
8341.9141 4.4930e-02
8350.2568 5.0799e-02
8358.6064 4.4931e-02
8366.9658 4.8438e-02
8375.3311 3.6859e-02
8383.7080 4.2118e-02
8392.0908 4.5737e-02
8400.4824 4.1795e-02
8408.8828 4.0893e-02
8417.2930 4.4331e-02
8425.7100 4.1919e-02
8434.1357 4.1253e-02
8442.5693 3.9484e-02
8451.0127 3.9601e-02
8459.4629 4.1174e-02
8467.9219 3.9876e-02
8476.3906 4.0440e-02
8484.8662 3.7806e-02
8493.3516 4.0268e-02
8501.8447 3.8668e-02
8510.3467 4.0930e-02
8518.8574 3.8950e-02
8527.3770 4.3303e-02
8535.9033 4.4790e-02
8544.4395 3.8857e-02
8552.9844 4.7494e-02
8561.5361 4.1546e-02
8570.0986 4.0215e-02
8578.6680 4.1238e-02
8587.2461 4.6020e-02
8595.8350 4.0456e-02
8604.4297 4.6814e-02
8613.0352 4.3859e-02
8621.6475 4.2333e-02
8630.2705 4.9398e-02
8638.8994 4.2829e-02
8647.5391 4.6032e-02
8656.1855 4.7138e-02
8664.8408 4.3899e-02
8673.5068 4.9035e-02
8682.1797 5.1654e-02
8690.8633 5.3787e-02
8699.5537 5.2838e-02
8708.2529 4.8375e-02
8716.9619 4.5729e-02
8725.6777 5.4759e-02
8734.4033 4.6352e-02
8743.1396 4.9226e-02
8751.8818 5.2756e-02
8760.6338 4.9302e-02
8769.3945 4.6832e-02
8778.1641 5.0913e-02
8786.9424 5.2671e-02
8795.7285 4.8545e-02
8804.5254 4.8533e-02
8813.3291 5.3431e-02
8822.1416 5.3106e-02
8830.9648 5.0571e-02
8839.7949 5.0526e-02
8848.6357 4.8284e-02
8857.4834 5.0679e-02
8866.3408 5.4128e-02
8875.2070 4.9447e-02
8884.0830 4.9174e-02
8892.9658 5.1390e-02
8901.8604 4.1285e-02
8910.7617 4.5778e-02
8919.6729 4.6525e-02
8928.5918 5.0292e-02
8937.5215 4.7151e-02
8946.4580 4.7150e-02
8955.4043 4.0833e-02
8964.3594 4.1804e-02
8973.3242 4.4000e-02
8982.2979 3.7107e-02
8991.2803 3.8370e-02
9000.2715 4.2902e-02
9009.2725 3.6999e-02
9018.2812 4.3320e-02
9027.2998 4.4960e-02
9036.3271 4.0728e-02
9045.3623 4.0661e-02
9054.4082 3.8284e-02
9063.4629 4.0013e-02
9072.5264 3.8374e-02
9081.5996 3.9046e-02
9090.6807 3.7974e-02
9099.7705 3.8541e-02
9108.8701 3.6286e-02
9117.9795 3.8352e-02
9127.0977 3.9327e-02
9136.2246 3.8289e-02
9145.3604 4.0467e-02
9154.5068 3.6459e-02
9163.6602 3.1905e-02
9172.8242 3.9236e-02
9181.9980 3.0420e-02
9191.1797 3.1671e-02
9200.3711 3.5478e-02
9209.5703 3.3817e-02
9218.7812 3.5681e-02
9227.9990 3.2272e-02
9237.2275 3.5648e-02
9246.4648 3.4980e-02
9255.7109 2.8898e-02
9264.9668 2.7753e-02
9274.2314 2.6777e-02
9283.5059 2.8256e-02
9292.7891 3.0402e-02
9302.0820 2.8312e-02
9311.3838 2.8793e-02
9320.6953 2.9843e-02
9330.0156 2.6334e-02
9339.3477 2.6032e-02
9348.6855 3.0188e-02
9358.0342 2.6062e-02
9367.3926 3.1851e-02
9376.7598 2.7928e-02
9386.1357 2.6733e-02
9395.5215 2.7637e-02
9404.9180 2.6983e-02
9414.3232 2.8293e-02
9423.7373 2.1485e-02
9433.1611 2.9664e-02
9442.5947 2.6600e-02
9452.0371 2.9956e-02
9461.4883 2.6586e-02
9470.9502 2.7700e-02
9480.4219 2.8010e-02
9489.9014 2.9239e-02
9499.3916 2.1176e-02
9508.8906 2.5258e-02
9518.3994 2.8123e-02
9527.9180 2.7725e-02
9537.4463 2.5165e-02
9546.9834 2.3757e-02
9556.5303 2.6147e-02
9566.0869 2.6539e-02
9575.6533 2.8643e-02
9585.2295 2.4604e-02
9594.8135 2.1511e-02
9604.4092 2.6944e-02
9614.0137 2.8024e-02
9623.6270 2.4297e-02
9633.2500 2.6307e-02
9642.8838 3.2185e-02
9652.5273 3.2226e-02
9662.1797 3.2507e-02
9671.8418 3.2430e-02
9681.5146 2.9785e-02
9691.1953 3.5275e-02
9700.8867 2.6559e-02
9710.5869 3.4222e-02
9720.2979 3.3032e-02
9730.0186 4.1067e-02
9739.7490 3.6130e-02
9749.4883 3.7387e-02
9759.2373 4.3027e-02
