# time_explosion = 17.875
# 
3082.6523 5.1624e-03
3085.7351 1.2209e-02
3088.8208 5.9582e-03
3091.9092 1.3192e-02
3095.0017 3.2857e-03
3098.0964 1.0957e-02
3101.1943 1.0090e-02
3104.2959 7.6408e-03
3107.4001 9.6451e-03
3110.5076 9.2459e-03
3113.6182 7.7790e-03
3116.7317 1.4506e-02
3119.8484 1.1229e-02
3122.9680 7.3645e-03
3126.0913 1.4818e-02
3129.2170 1.4165e-02
3132.3462 7.9150e-03
3135.4788 6.8566e-03
3138.6143 9.4048e-03
3141.7527 1.1099e-02
3144.8945 1.3051e-02
3148.0396 9.0681e-03
3151.1880 1.1984e-02
3154.3386 9.2196e-03
3157.4929 9.7074e-03
3160.6504 1.1777e-02
3163.8113 7.5283e-03
3166.9751 4.0059e-03
3170.1418 1.4606e-02
3173.3120 9.6422e-03
3176.4854 1.2208e-02
3179.6619 1.2493e-02
3182.8418 1.2203e-02
3186.0247 9.1906e-03
3189.2104 1.1224e-02
3192.3997 9.6300e-03
3195.5920 8.0388e-03
3198.7876 1.1752e-02
3201.9866 1.1373e-02
3205.1885 1.1268e-02
3208.3938 7.5186e-03
3211.6021 1.1030e-02
3214.8137 9.2252e-03
3218.0286 7.7155e-03
3221.2463 1.3000e-02
3224.4678 1.2497e-02
3227.6924 8.9135e-03
3230.9202 8.2402e-03
3234.1506 7.6405e-03
3237.3850 7.8626e-03
3240.6223 1.2096e-02
3243.8630 1.1967e-02
3247.1067 1.4288e-02
3250.3540 1.2113e-02
3253.6040 1.7492e-02
3256.8577 1.0403e-02
3260.1150 1.8554e-02
3263.3748 1.4180e-02
3266.6384 1.4416e-02
3269.9050 1.2827e-02
3273.1750 1.3093e-02
3276.4480 1.6461e-02
3279.7244 1.7026e-02
3283.0039 1.6663e-02
3286.2874 1.2204e-02
3289.5732 1.5212e-02
3292.8630 1.2445e-02
3296.1560 1.4936e-02
3299.4521 1.2916e-02
3302.7512 1.3675e-02
3306.0540 1.5667e-02
3309.3601 1.1960e-02
3312.6697 1.3537e-02
3315.9822 1.5561e-02
3319.2981 1.5589e-02
3322.6177 1.8683e-02
3325.9402 1.6551e-02
3329.2661 1.1882e-02
3332.5957 1.4594e-02
3335.9277 1.5446e-02
3339.2637 1.1786e-02
3342.6035 2.0751e-02
3345.9458 1.6239e-02
3349.2917 1.4965e-02
3352.6411 1.8052e-02
3355.9937 1.7446e-02
3359.3496 1.9583e-02
3362.7092 2.1603e-02
3366.0718 2.5044e-02
3369.4380 1.5390e-02
3372.8071 1.5071e-02
3376.1799 1.8589e-02
3379.5564 2.2289e-02
3382.9358 1.8548e-02
3386.3188 2.0141e-02
3389.7053 1.8276e-02
3393.0945 2.1805e-02
3396.4878 2.3881e-02
3399.8845 2.0398e-02
3403.2844 2.6208e-02
3406.6875 2.3431e-02
3410.0942 2.6881e-02
3413.5044 2.9775e-02
3416.9177 2.3131e-02
3420.3347 1.8905e-02
3423.7551 2.1033e-02
3427.1790 2.4273e-02
3430.6060 1.8860e-02
3434.0364 3.0396e-02
3437.4709 2.1416e-02
3440.9082 2.8720e-02
3444.3489 2.2675e-02
3447.7935 2.3156e-02
3451.2412 2.6386e-02
3454.6926 2.5869e-02
3458.1470 2.0675e-02
3461.6055 2.7050e-02
3465.0669 2.0555e-02
3468.5320 2.8022e-02
3472.0007 2.6696e-02
3475.4724 2.2899e-02
3478.9478 2.7562e-02
3482.4268 2.9265e-02
3485.9094 2.1715e-02
3489.3950 2.0886e-02
3492.8845 2.5764e-02
3496.3774 2.5338e-02
3499.8738 2.1754e-02
3503.3738 2.0045e-02
3506.8770 2.1486e-02
3510.3838 2.0122e-02
3513.8945 2.1423e-02
3517.4084 1.7873e-02
3520.9255 1.8474e-02
3524.4465 2.5514e-02
3527.9709 2.2136e-02
3531.4993 1.9253e-02
3535.0305 2.2562e-02
3538.5657 1.8119e-02
3542.1040 2.3855e-02
3545.6462 2.4906e-02
3549.1919 2.4919e-02
3552.7410 2.0026e-02
3556.2937 1.6602e-02
3559.8501 1.9620e-02
3563.4099 2.1419e-02
3566.9734 2.5621e-02
3570.5403 1.7381e-02
3574.1108 1.3935e-02
3577.6848 2.0826e-02
3581.2627 2.1123e-02
3584.8440 2.3322e-02
3588.4287 2.2874e-02
3592.0173 1.9402e-02
3595.6091 2.0878e-02
3599.2046 2.1907e-02
3602.8042 2.0275e-02
3606.4070 2.0630e-02
3610.0132 2.1411e-02
3613.6230 2.4105e-02
3617.2368 2.5473e-02
3620.8540 2.1346e-02
3624.4751 2.2366e-02
3628.0996 2.5234e-02
3631.7275 2.6983e-02
3635.3591 2.1169e-02
3638.9949 2.3468e-02
3642.6338 3.1277e-02
3646.2761 3.0121e-02
3649.9226 3.5272e-02
3653.5725 3.7130e-02
3657.2258 4.1093e-02
3660.8833 4.4145e-02
3664.5442 4.8950e-02
3668.2085 5.1640e-02
3671.8767 4.9560e-02
3675.5488 5.4345e-02
3679.2244 5.0512e-02
3682.9033 4.2600e-02
3686.5867 5.3661e-02
3690.2729 5.4749e-02
3693.9634 4.5065e-02
3697.6575 4.6819e-02
3701.3550 3.8534e-02
3705.0564 4.1283e-02
3708.7615 3.9436e-02
3712.4700 4.1014e-02
3716.1824 4.4544e-02
3719.8989 4.0204e-02
3723.6189 4.5273e-02
3727.3423 4.4425e-02
3731.0696 3.6248e-02
3734.8005 3.9492e-02
3738.5356 4.7949e-02
3742.2737 3.5669e-02
3746.0164 3.6455e-02
3749.7622 4.0536e-02
3753.5120 3.4584e-02
3757.2656 4.4230e-02
3761.0227 4.1186e-02
3764.7837 4.1076e-02
3768.5486 3.9350e-02
3772.3171 3.9472e-02
3776.0896 3.2678e-02
3779.8657 4.0626e-02
3783.6455 4.8623e-02
3787.4290 4.6701e-02
3791.2166 4.0685e-02
3795.0076 4.0848e-02
3798.8030 4.4949e-02
3802.6013 3.8372e-02
3806.4041 3.7856e-02
3810.2107 3.6050e-02
3814.0210 4.3933e-02
3817.8347 4.3751e-02
3821.6523 4.3319e-02
3825.4741 3.2633e-02
3829.2993 4.0750e-02
3833.1292 4.4048e-02
3836.9622 4.7700e-02
3840.7991 4.0051e-02
3844.6396 4.6632e-02
3848.4846 3.7675e-02
3852.3328 4.2686e-02
3856.1853 4.5857e-02
3860.0417 5.5928e-02
3863.9019 5.4706e-02
3867.7654 5.2122e-02
3871.6333 6.2620e-02
3875.5049 6.3183e-02
3879.3804 6.7011e-02
3883.2598 7.2728e-02
3887.1431 7.3066e-02
3891.0303 7.8595e-02
3894.9214 9.7524e-02
3898.8164 8.8621e-02
3902.7148 9.5229e-02
3906.6174 1.0483e-01
3910.5242 9.7631e-02
3914.4348 1.0992e-01
3918.3494 1.2387e-01
3922.2673 1.2310e-01
3926.1897 1.2087e-01
3930.1162 1.0355e-01
3934.0461 1.2119e-01
3937.9800 1.1619e-01
3941.9182 1.0904e-01
3945.8601 1.1173e-01
3949.8059 1.0993e-01
3953.7556 9.9734e-02
3957.7097 1.1078e-01
3961.6672 9.7333e-02
3965.6289 9.2914e-02
3969.5945 8.2902e-02
3973.5640 9.5520e-02
3977.5376 7.9489e-02
3981.5151 1.0337e-01
3985.4968 9.8588e-02
3989.4819 9.9214e-02
3993.4719 1.0337e-01
3997.4653 1.0930e-01
4001.4624 1.1089e-01
4005.4641 1.0855e-01
4009.4697 1.2373e-01
4013.4790 1.1896e-01
4017.4927 1.3552e-01
4021.5100 1.2735e-01
4025.5315 1.3135e-01
4029.5574 1.2819e-01
4033.5867 1.3311e-01
4037.6204 1.2139e-01
4041.6577 1.4568e-01
4045.6997 1.3621e-01
4049.7454 1.2090e-01
4053.7949 1.3277e-01
4057.8484 1.1217e-01
4061.9067 1.0285e-01
4065.9685 1.0684e-01
4070.0344 9.0180e-02
4074.1045 8.5405e-02
4078.1790 8.0238e-02
4082.2566 8.2434e-02
4086.3391 8.1657e-02
4090.4258 7.7463e-02
4094.5156 6.8422e-02
4098.6104 7.4321e-02
4102.7090 6.4520e-02
4106.8115 7.7127e-02
4110.9185 6.8724e-02
4115.0298 6.1091e-02
4119.1445 5.2309e-02
4123.2637 6.2615e-02
4127.3867 6.5837e-02
4131.5142 6.5751e-02
4135.6460 5.6028e-02
4139.7812 5.6631e-02
4143.9209 7.0730e-02
4148.0654 6.9754e-02
4152.2134 5.7262e-02
4156.3657 6.3808e-02
4160.5215 4.7667e-02
4164.6826 5.4505e-02
4168.8472 5.6809e-02
4173.0156 5.4318e-02
4177.1885 5.6592e-02
4181.3662 5.7004e-02
4185.5474 4.9741e-02
4189.7329 4.4960e-02
4193.9229 4.8405e-02
4198.1167 4.6320e-02
4202.3149 4.0716e-02
4206.5166 4.9264e-02
4210.7236 4.0073e-02
4214.9346 4.7149e-02
4219.1489 4.5736e-02
4223.3687 4.5071e-02
4227.5918 4.6487e-02
4231.8188 3.7154e-02
4236.0508 3.9684e-02
4240.2871 4.5936e-02
4244.5273 4.2561e-02
4248.7720 4.2931e-02
4253.0205 4.5923e-02
4257.2739 4.3665e-02
4261.5312 4.2349e-02
4265.7920 4.6318e-02
4270.0581 3.8346e-02
4274.3286 3.4072e-02
4278.6025 4.5070e-02
4282.8809 3.5591e-02
4287.1641 4.4408e-02
4291.4517 3.9352e-02
4295.7427 4.5415e-02
4300.0386 4.0414e-02
4304.3389 3.5293e-02
4308.6431 4.5587e-02
4312.9517 4.4393e-02
4317.2646 4.0192e-02
4321.5815 4.2321e-02
4325.9038 4.1944e-02
4330.2290 3.0988e-02
4334.5596 4.4287e-02
4338.8940 3.8573e-02
4343.2329 4.1279e-02
4347.5762 4.4353e-02
4351.9238 4.1410e-02
4356.2754 4.4817e-02
4360.6318 5.2882e-02
4364.9927 4.6418e-02
4369.3574 4.2676e-02
4373.7271 5.7687e-02
4378.1011 5.5662e-02
4382.4790 5.4712e-02
4386.8613 6.6291e-02
4391.2480 5.8996e-02
4395.6392 6.4841e-02
4400.0352 6.4352e-02
4404.4351 6.9179e-02
4408.8394 7.1483e-02
4413.2485 7.9334e-02
4417.6616 8.8287e-02
4422.0791 9.0087e-02
4426.5015 1.0780e-01
4430.9277 1.0884e-01
4435.3589 1.1021e-01
4439.7944 1.3418e-01
4444.2344 1.3686e-01
4448.6777 1.6113e-01
4453.1270 1.5266e-01
4457.5796 1.7333e-01
4462.0376 1.8435e-01
4466.4995 1.9215e-01
4470.9658 1.9165e-01
4475.4370 2.0890e-01
4479.9126 2.0384e-01
4484.3921 2.1203e-01
4488.8770 2.3367e-01
4493.3652 2.3294e-01
4497.8594 2.1846e-01
4502.3564 2.1835e-01
4506.8594 2.1632e-01
4511.3657 2.1890e-01
4515.8774 2.2135e-01
4520.3936 2.0717e-01
4524.9136 1.9763e-01
4529.4385 1.8475e-01
4533.9683 1.8832e-01
4538.5020 1.7554e-01
4543.0405 1.8165e-01
4547.5840 1.7375e-01
4552.1313 1.7114e-01
4556.6836 1.7521e-01
4561.2397 1.7068e-01
4565.8013 1.8162e-01
4570.3667 1.8861e-01
4574.9370 1.8010e-01
4579.5122 1.9334e-01
4584.0918 2.0686e-01
4588.6763 2.1406e-01
4593.2642 2.0711e-01
4597.8579 2.1981e-01
4602.4556 2.1990e-01
4607.0581 2.4043e-01
4611.6655 2.3168e-01
4616.2769 2.2267e-01
4620.8931 2.2378e-01
4625.5142 2.2274e-01
4630.1392 2.2149e-01
4634.7695 2.3617e-01
4639.4048 2.3211e-01
4644.0439 2.1895e-01
4648.6880 2.1954e-01
4653.3369 2.2831e-01
4657.9897 2.3366e-01
4662.6479 2.3342e-01
4667.3105 2.3739e-01
4671.9775 2.2492e-01
4676.6499 2.2729e-01
4681.3267 2.3505e-01
4686.0078 2.2114e-01
4690.6938 2.4960e-01
4695.3848 2.4027e-01
4700.0801 2.4834e-01
4704.7798 2.5087e-01
4709.4849 2.6092e-01
4714.1948 2.6053e-01
4718.9087 2.7413e-01
4723.6270 2.7086e-01
4728.3511 2.5936e-01
4733.0796 2.6809e-01
4737.8125 2.5406e-01
4742.5503 2.4638e-01
4747.2930 2.5074e-01
4752.0405 2.3817e-01
4756.7920 2.3671e-01
4761.5488 2.3519e-01
4766.3105 2.2820e-01
4771.0767 2.1800e-01
4775.8477 2.0875e-01
4780.6240 2.2961e-01
4785.4048 2.3504e-01
4790.1904 2.0633e-01
4794.9800 2.1484e-01
4799.7749 2.2717e-01
4804.5747 2.3097e-01
4809.3794 2.1615e-01
4814.1880 2.2055e-01
4819.0029 2.1737e-01
4823.8218 2.3530e-01
4828.6460 2.4152e-01
4833.4741 2.2247e-01
4838.3081 2.2350e-01
4843.1460 2.3154e-01
4847.9893 2.2235e-01
4852.8369 2.4821e-01
4857.6899 2.1809e-01
4862.5474 2.1397e-01
4867.4097 2.1510e-01
4872.2778 2.0219e-01
4877.1499 2.0919e-01
4882.0269 1.8628e-01
4886.9092 1.7516e-01
4891.7959 1.7617e-01
4896.6880 1.7951e-01
4901.5845 1.5229e-01
4906.4858 1.4259e-01
4911.3926 1.4290e-01
4916.3042 1.3551e-01
4921.2207 1.3057e-01
4926.1416 1.1823e-01
4931.0679 1.0347e-01
4935.9990 1.0766e-01
4940.9346 1.0966e-01
4945.8760 8.8009e-02
4950.8218 1.0571e-01
4955.7729 9.1117e-02
4960.7280 8.5860e-02
4965.6885 9.3367e-02
4970.6543 8.1985e-02
4975.6250 9.1934e-02
4980.6006 8.7714e-02
4985.5815 9.1427e-02
4990.5664 9.6143e-02
4995.5576 8.8850e-02
5000.5527 9.8566e-02
5005.5537 9.6096e-02
5010.5596 9.4893e-02
5015.5693 1.0515e-01
5020.5859 1.0291e-01
5025.6064 1.1189e-01
5030.6313 1.1572e-01
5035.6626 1.1395e-01
5040.6987 1.3021e-01
5045.7378 1.2559e-01
5050.7847 1.3436e-01
5055.8354 1.4306e-01
5060.8911 1.2940e-01
5065.9521 1.3538e-01
5071.0176 1.3094e-01
5076.0889 1.3941e-01
5081.1655 1.4320e-01
5086.2461 1.3460e-01
5091.3320 1.3010e-01
5096.4243 1.4671e-01
5101.5200 1.5927e-01
5106.6216 1.6259e-01
5111.7290 1.5246e-01
5116.8394 1.5004e-01
5121.9565 1.5952e-01
5127.0786 1.4751e-01
5132.2056 1.5892e-01
5137.3379 1.6042e-01
5142.4751 1.4764e-01
5147.6177 1.5007e-01
5152.7656 1.5239e-01
5157.9185 1.5492e-01
5163.0762 1.5477e-01
5168.2393 1.6504e-01
5173.4072 1.6370e-01
5178.5811 1.6906e-01
5183.7593 1.7262e-01
5188.9434 1.6604e-01
5194.1323 1.7142e-01
5199.3262 1.6914e-01
5204.5254 1.8083e-01
5209.7305 1.9494e-01
5214.9395 1.8629e-01
5220.1543 1.8121e-01
5225.3750 1.8663e-01
5230.6001 1.8502e-01
5235.8311 1.8582e-01
5241.0664 2.0157e-01
5246.3081 2.1167e-01
5251.5537 2.1665e-01
5256.8052 2.0839e-01
5262.0625 2.0822e-01
5267.3247 2.0818e-01
5272.5918 2.0584e-01
5277.8647 2.0623e-01
5283.1421 2.1244e-01
5288.4258 2.2736e-01
5293.7139 1.9080e-01
5299.0078 1.9379e-01
5304.3066 2.0155e-01
5309.6108 1.9375e-01
5314.9204 2.0525e-01
5320.2358 1.8123e-01
5325.5552 1.7927e-01
5330.8809 1.8554e-01
5336.2119 1.9431e-01
5341.5483 1.9138e-01
5346.8901 1.8633e-01
5352.2368 2.0148e-01
5357.5889 1.9183e-01
5362.9468 1.7962e-01
5368.3096 1.9213e-01
5373.6782 1.9824e-01
5379.0518 1.9013e-01
5384.4307 1.6952e-01
5389.8149 1.6493e-01
5395.2051 1.6812e-01
5400.6001 1.5463e-01
5406.0005 1.4174e-01
5411.4062 1.5930e-01
5416.8188 1.5651e-01
5422.2349 1.5630e-01
5427.6567 1.3730e-01
5433.0850 1.4702e-01
5438.5181 1.4958e-01
5443.9565 1.4864e-01
5449.4004 1.4363e-01
5454.8501 1.6460e-01
5460.3047 1.4701e-01
5465.7646 1.6705e-01
5471.2305 1.5057e-01
5476.7021 1.4633e-01
5482.1787 1.5405e-01
5487.6606 1.5282e-01
5493.1484 1.5075e-01
5498.6411 1.5073e-01
5504.1401 1.6471e-01
5509.6440 1.5048e-01
5515.1543 1.5165e-01
5520.6689 1.6441e-01
5526.1899 1.5598e-01
5531.7158 1.4178e-01
5537.2476 1.5296e-01
5542.7852 1.5997e-01
5548.3276 1.4823e-01
5553.8760 1.5567e-01
5559.4297 1.5279e-01
5564.9893 1.5621e-01
5570.5542 1.4352e-01
5576.1245 1.4756e-01
5581.7012 1.4895e-01
5587.2832 1.4888e-01
5592.8701 1.4250e-01
5598.4629 1.3784e-01
5604.0615 1.5389e-01
5609.6655 1.3775e-01
5615.2754 1.2914e-01
5620.8901 1.2872e-01
5626.5112 1.2958e-01
5632.1377 1.2894e-01
5637.7695 1.2379e-01
5643.4077 1.3280e-01
5649.0513 1.4164e-01
5654.7002 1.2594e-01
5660.3545 1.4270e-01
5666.0146 1.5056e-01
5671.6812 1.4542e-01
5677.3525 1.5702e-01
5683.0303 1.4149e-01
5688.7134 1.5416e-01
5694.4019 1.5045e-01
5700.0962 1.5018e-01
5705.7969 1.5107e-01
5711.5020 1.5748e-01
5717.2134 1.6805e-01
5722.9307 1.5672e-01
5728.6538 1.6120e-01
5734.3828 1.4736e-01
5740.1172 1.5110e-01
5745.8569 1.5962e-01
5751.6025 1.5336e-01
5757.3545 1.5797e-01
5763.1123 1.5838e-01
5768.8745 1.4978e-01
5774.6440 1.5763e-01
5780.4185 1.6092e-01
5786.1987 1.5464e-01
5791.9854 1.6533e-01
5797.7773 1.6758e-01
5803.5752 1.5026e-01
5809.3784 1.5482e-01
5815.1880 1.4082e-01
5821.0029 1.4948e-01
5826.8237 1.4009e-01
5832.6504 1.4896e-01
5838.4839 1.4571e-01
5844.3223 1.3924e-01
5850.1665 1.2977e-01
5856.0166 1.3463e-01
5861.8726 1.2485e-01
5867.7344 1.2063e-01
5873.6021 1.1876e-01
5879.4751 1.1870e-01
5885.3555 1.0773e-01
5891.2402 1.0908e-01
5897.1313 1.0420e-01
5903.0288 9.9836e-02
5908.9321 9.8605e-02
5914.8408 9.3791e-02
5920.7563 1.0199e-01
5926.6768 9.3807e-02
5932.6030 9.7955e-02
5938.5356 1.0887e-01
5944.4741 1.1148e-01
5950.4194 1.1670e-01
5956.3691 1.1592e-01
5962.3257 1.1759e-01
5968.2881 1.0966e-01
5974.2563 1.2772e-01
5980.2310 1.3609e-01
5986.2104 1.3823e-01
5992.1968 1.4865e-01
5998.1895 1.3490e-01
6004.1875 1.3709e-01
6010.1914 1.4144e-01
6016.2017 1.4841e-01
6022.2183 1.3493e-01
6028.2402 1.4435e-01
6034.2686 1.4843e-01
6040.3022 1.4674e-01
6046.3428 1.5509e-01
6052.3892 1.4057e-01
6058.4414 1.5592e-01
6064.5000 1.5644e-01
6070.5645 1.5248e-01
6076.6353 1.4006e-01
6082.7114 1.4586e-01
6088.7944 1.5011e-01
6094.8833 1.4757e-01
6100.9785 1.2978e-01
6107.0796 1.4550e-01
6113.1860 1.4739e-01
6119.2993 1.5365e-01
6125.4189 1.3077e-01
6131.5439 1.3154e-01
6137.6758 1.2902e-01
6143.8130 1.2744e-01
6149.9570 1.4196e-01
6156.1074 1.3705e-01
6162.2632 1.2799e-01
6168.4253 1.2539e-01
6174.5933 1.1861e-01
6180.7686 1.0566e-01
6186.9492 9.8614e-02
6193.1362 9.8586e-02
6199.3291 9.1413e-02
6205.5288 7.8578e-02
6211.7344 8.1914e-02
6217.9458 8.0928e-02
6224.1636 7.6757e-02
6230.3882 7.1402e-02
6236.6187 6.9233e-02
6242.8550 6.5412e-02
6249.0981 6.8792e-02
6255.3472 6.6524e-02
6261.6025 5.7196e-02
6267.8643 6.4508e-02
6274.1323 6.3542e-02
6280.4058 5.5326e-02
6286.6860 7.3040e-02
6292.9736 6.5675e-02
6299.2656 6.7415e-02
6305.5654 7.1541e-02
6311.8711 7.2850e-02
6318.1826 7.4056e-02
6324.5005 7.7510e-02
6330.8247 7.8928e-02
6337.1562 7.3050e-02
6343.4932 8.1255e-02
6349.8364 8.7756e-02
6356.1865 8.1698e-02
6362.5430 8.9313e-02
6368.9058 9.3228e-02
6375.2744 1.0230e-01
6381.6494 1.0338e-01
6388.0312 1.0568e-01
6394.4189 9.6280e-02
6400.8145 1.1426e-01
6407.2148 9.8999e-02
6413.6216 1.0478e-01
6420.0356 1.1667e-01
6426.4551 1.1946e-01
6432.8823 1.1702e-01
6439.3145 1.0988e-01
6445.7539 1.2112e-01
6452.2002 1.1746e-01
6458.6514 1.1998e-01
6465.1104 1.1536e-01
6471.5757 1.1667e-01
6478.0474 1.2693e-01
6484.5249 1.1619e-01
6491.0098 1.1713e-01
6497.5005 1.1501e-01
6503.9985 1.1106e-01
6510.5024 1.1690e-01
6517.0127 1.0849e-01
6523.5303 1.1662e-01
6530.0532 1.1393e-01
6536.5840 1.1276e-01
6543.1201 1.1694e-01
6549.6631 1.1791e-01
6556.2129 1.0855e-01
6562.7690 1.2805e-01
6569.3325 1.0878e-01
6575.9009 1.1117e-01
6582.4775 1.0810e-01
6589.0596 1.1169e-01
6595.6484 1.0713e-01
6602.2446 9.6546e-02
6608.8467 1.0306e-01
6615.4551 1.0106e-01
6622.0708 9.9457e-02
6628.6924 1.0821e-01
6635.3218 1.0206e-01
6641.9570 9.7839e-02
6648.5991 8.7989e-02
6655.2471 9.4557e-02
6661.9028 9.2295e-02
6668.5645 8.3474e-02
6675.2334 8.6846e-02
6681.9087 9.4769e-02
6688.5903 8.9271e-02
6695.2788 8.8788e-02
6701.9741 8.4694e-02
6708.6763 7.7242e-02
6715.3853 7.6158e-02
6722.1001 8.4265e-02
6728.8223 8.3823e-02
6735.5508 8.6823e-02
6742.2871 7.9248e-02
6749.0293 7.2320e-02
6755.7783 7.0829e-02
6762.5342 6.5727e-02
6769.2964 7.4294e-02
6776.0654 6.6227e-02
6782.8418 7.6425e-02
6789.6245 7.4656e-02
6796.4141 6.0310e-02
6803.2109 6.8980e-02
6810.0142 6.8262e-02
6816.8237 7.1230e-02
6823.6401 5.5596e-02
6830.4648 6.7480e-02
6837.2949 6.5095e-02
6844.1323 5.9368e-02
6850.9761 5.6405e-02
6857.8276 5.7703e-02
6864.6855 5.6298e-02
6871.5498 6.2096e-02
6878.4214 6.2148e-02
6885.2998 5.9568e-02
6892.1851 5.5518e-02
6899.0771 4.9196e-02
6905.9766 5.9677e-02
6912.8818 5.5201e-02
6919.7944 6.0074e-02
6926.7153 5.5330e-02
6933.6421 6.0606e-02
6940.5747 5.1575e-02
6947.5151 5.9725e-02
6954.4629 5.4941e-02
6961.4175 5.6289e-02
6968.3794 5.6879e-02
6975.3477 5.6423e-02
6982.3228 5.6885e-02
6989.3052 5.8263e-02
6996.2944 6.0696e-02
7003.2905 4.9916e-02
7010.2939 5.5912e-02
7017.3042 5.2274e-02
7024.3213 5.6610e-02
7031.3457 5.1671e-02
7038.3774 5.6164e-02
7045.4155 5.8090e-02
7052.4614 5.2840e-02
7059.5137 5.0544e-02
7066.5732 5.6377e-02
7073.6396 5.4602e-02
7080.7134 5.1665e-02
7087.7939 4.9768e-02
7094.8818 5.2198e-02
7101.9771 5.2896e-02
7109.0786 5.2197e-02
7116.1880 5.6707e-02
7123.3042 5.0867e-02
7130.4268 5.1862e-02
7137.5571 5.4181e-02
7144.6953 5.9616e-02
7151.8398 4.6948e-02
7158.9912 4.7769e-02
7166.1509 4.9776e-02
7173.3169 4.8173e-02
7180.4897 4.9703e-02
7187.6714 4.8643e-02
7194.8584 4.4415e-02
7202.0532 4.6595e-02
7209.2554 4.8057e-02
7216.4648 4.7922e-02
7223.6816 4.8155e-02
7230.9053 4.2531e-02
7238.1357 4.7342e-02
7245.3740 4.9790e-02
7252.6191 4.8214e-02
7259.8716 4.4800e-02
7267.1318 4.8441e-02
7274.3984 5.1610e-02
7281.6729 4.7482e-02
7288.9551 4.7143e-02
7296.2437 4.8048e-02
7303.5400 4.7634e-02
7310.8433 4.8225e-02
7318.1543 5.2335e-02
7325.4727 4.1389e-02
7332.7983 5.1645e-02
7340.1309 5.1780e-02
7347.4707 4.4993e-02
7354.8188 4.1100e-02
7362.1733 4.6190e-02
7369.5356 4.7932e-02
7376.9053 4.6235e-02
7384.2817 5.0703e-02
7391.6660 4.8912e-02
7399.0581 4.2853e-02
7406.4570 4.6926e-02
7413.8638 4.4978e-02
7421.2769 4.4908e-02
7428.6978 4.9611e-02
7436.1274 4.2664e-02
7443.5630 3.7810e-02
7451.0068 3.9167e-02
7458.4575 4.8089e-02
7465.9165 4.5487e-02
7473.3823 3.7982e-02
7480.8555 4.8994e-02
7488.3364 4.0787e-02
7495.8252 3.7557e-02
7503.3203 3.9874e-02
7510.8237 4.6019e-02
7518.3345 3.9704e-02
7525.8535 5.0031e-02
7533.3789 4.0612e-02
7540.9126 3.9220e-02
7548.4536 4.1456e-02
7556.0020 4.1752e-02
7563.5576 4.0258e-02
7571.1206 4.5165e-02
7578.6919 4.2641e-02
7586.2710 3.1675e-02
7593.8574 4.3584e-02
7601.4512 3.8353e-02
7609.0522 3.8345e-02
7616.6611 3.5800e-02
7624.2788 4.1271e-02
7631.9023 3.6698e-02
7639.5352 4.0836e-02
7647.1743 4.2203e-02
7654.8213 3.7450e-02
7662.4761 3.7802e-02
7670.1387 3.3185e-02
7677.8086 3.7531e-02
7685.4868 3.2382e-02
7693.1724 3.6606e-02
7700.8652 3.7648e-02
7708.5664 3.6870e-02
7716.2749 3.3861e-02
7723.9912 3.6483e-02
7731.7148 3.7387e-02
7739.4468 4.0455e-02
7747.1865 3.7403e-02
7754.9331 3.7966e-02
7762.6885 3.5371e-02
7770.4507 3.6669e-02
7778.2212 3.8851e-02
7785.9990 3.6051e-02
7793.7856 3.6092e-02
7801.5796 3.8093e-02
7809.3809 3.3821e-02
7817.1904 3.7378e-02
7825.0068 3.1857e-02
7832.8325 3.3835e-02
7840.6650 3.4008e-02
7848.5063 3.6442e-02
7856.3545 4.2988e-02
7864.2109 3.5851e-02
7872.0747 3.2887e-02
7879.9473 3.6973e-02
7887.8267 3.1874e-02
7895.7153 3.5714e-02
7903.6108 3.5779e-02
7911.5146 3.8328e-02
7919.4263 3.2711e-02
7927.3457 3.5241e-02
7935.2725 3.7029e-02
7943.2075 3.9997e-02
7951.1509 3.2998e-02
7959.1025 3.7279e-02
7967.0610 3.2747e-02
7975.0283 3.6743e-02
7983.0029 3.6242e-02
7990.9858 4.1702e-02
7998.9775 4.2026e-02
8006.9761 3.7539e-02
8014.9834 3.8128e-02
8022.9985 3.3610e-02
8031.0215 2.7345e-02
8039.0522 2.6780e-02
8047.0913 2.1716e-02
8055.1382 2.7684e-02
8063.1934 2.5448e-02
8071.2568 2.3355e-02
8079.3276 2.4285e-02
8087.4077 2.5856e-02
8095.4946 2.3616e-02
8103.5898 2.1138e-02
8111.6938 2.4251e-02
8119.8052 2.3950e-02
8127.9258 2.3845e-02
8136.0527 2.3713e-02
8144.1890 2.7300e-02
8152.3335 3.5123e-02
8160.4858 3.4824e-02
8168.6465 4.0077e-02
8176.8149 3.2641e-02
8184.9917 2.8298e-02
8193.1768 3.2302e-02
8201.3691 3.3010e-02
8209.5713 2.5336e-02
8217.7812 2.8489e-02
8225.9980 3.2194e-02
8234.2256 3.3145e-02
8242.4590 3.2680e-02
8250.7021 2.9356e-02
8258.9521 3.6727e-02
8267.2109 3.3818e-02
8275.4775 3.6144e-02
8283.7539 4.0912e-02
8292.0371 4.2928e-02
8300.3291 3.8601e-02
8308.6299 4.3130e-02
8316.9375 4.8237e-02
8325.2559 4.7976e-02
8333.5811 4.1952e-02
8341.9141 4.9914e-02
8350.2568 4.4468e-02
8358.6064 4.6893e-02
8366.9658 4.3326e-02
8375.3311 4.1396e-02
8383.7080 5.2629e-02
8392.0908 4.2010e-02
8400.4824 4.1269e-02
8408.8828 4.9687e-02
8417.2930 4.0615e-02
8425.7100 4.8276e-02
8434.1357 4.4771e-02
8442.5693 4.5080e-02
8451.0127 4.6178e-02
8459.4629 4.6576e-02
8467.9219 4.0571e-02
8476.3906 4.5464e-02
8484.8662 4.5901e-02
8493.3516 4.1879e-02
8501.8447 4.5835e-02
8510.3467 4.8688e-02
8518.8574 4.5442e-02
8527.3770 5.0673e-02
8535.9033 4.0416e-02
8544.4395 4.4693e-02
8552.9844 4.7997e-02
8561.5361 5.5371e-02
8570.0986 4.3254e-02
8578.6680 5.1780e-02
8587.2461 5.2671e-02
8595.8350 4.7382e-02
8604.4297 5.4551e-02
8613.0352 5.0313e-02
8621.6475 5.2521e-02
8630.2705 4.5363e-02
8638.8994 5.3181e-02
8647.5391 5.2904e-02
8656.1855 5.4836e-02
8664.8408 5.3845e-02
8673.5068 6.1704e-02
8682.1797 5.8692e-02
8690.8633 5.4535e-02
8699.5537 5.7831e-02
8708.2529 5.6007e-02
8716.9619 5.7306e-02
8725.6777 6.2993e-02
8734.4033 5.8840e-02
8743.1396 5.4683e-02
8751.8818 6.1626e-02
8760.6338 5.2659e-02
8769.3945 6.0180e-02
8778.1641 5.9286e-02
8786.9424 6.0762e-02
8795.7285 6.1011e-02
8804.5254 6.1027e-02
8813.3291 5.7418e-02
8822.1416 5.3016e-02
8830.9648 6.0875e-02
8839.7949 5.4477e-02
8848.6357 5.7813e-02
8857.4834 6.3207e-02
8866.3408 5.8622e-02
8875.2070 5.4576e-02
8884.0830 5.9343e-02
8892.9658 6.1052e-02
8901.8604 5.5837e-02
8910.7617 6.1226e-02
8919.6729 5.3161e-02
8928.5918 5.6440e-02
8937.5215 5.4673e-02
8946.4580 5.1989e-02
8955.4043 5.1725e-02
8964.3594 4.9996e-02
8973.3242 4.9341e-02
8982.2979 4.8271e-02
8991.2803 4.5565e-02
9000.2715 4.6060e-02
9009.2725 5.0174e-02
9018.2812 4.1619e-02
9027.2998 4.5398e-02
9036.3271 4.4731e-02
9045.3623 4.6265e-02
9054.4082 4.6004e-02
9063.4629 4.4372e-02
9072.5264 4.4476e-02
9081.5996 4.4672e-02
9090.6807 4.8702e-02
9099.7705 4.0224e-02
9108.8701 4.6697e-02
9117.9795 4.3613e-02
9127.0977 4.1963e-02
9136.2246 3.7879e-02
9145.3604 4.1995e-02
9154.5068 3.9837e-02
9163.6602 3.9613e-02
9172.8242 4.3975e-02
9181.9980 4.2727e-02
9191.1797 4.2419e-02
9200.3711 3.5078e-02
9209.5703 3.7661e-02
9218.7812 4.1642e-02
9227.9990 3.2065e-02
9237.2275 3.3955e-02
9246.4648 3.4461e-02
9255.7109 3.4333e-02
9264.9668 3.5315e-02
9274.2314 3.3861e-02
9283.5059 3.4372e-02
9292.7891 3.6136e-02
9302.0820 3.4637e-02
9311.3838 3.0289e-02
9320.6953 3.4787e-02
9330.0156 3.1781e-02
9339.3477 3.2905e-02
9348.6855 3.0852e-02
9358.0342 3.0976e-02
9367.3926 2.8415e-02
9376.7598 2.8564e-02
9386.1357 2.7093e-02
9395.5215 3.2408e-02
9404.9180 2.8637e-02
9414.3232 2.7325e-02
9423.7373 3.2285e-02
9433.1611 2.8947e-02
9442.5947 2.6866e-02
9452.0371 2.8494e-02
9461.4883 2.5667e-02
9470.9502 2.6330e-02
9480.4219 2.7804e-02
9489.9014 2.5901e-02
9499.3916 2.4454e-02
9508.8906 2.6910e-02
9518.3994 2.6289e-02
9527.9180 2.6738e-02
9537.4463 2.2733e-02
9546.9834 2.6497e-02
9556.5303 2.5637e-02
9566.0869 2.7595e-02
9575.6533 2.9600e-02
9585.2295 2.4773e-02
9594.8135 2.5902e-02
9604.4092 2.9354e-02
9614.0137 3.2776e-02
9623.6270 2.9709e-02
9633.2500 2.6708e-02
9642.8838 3.0841e-02
9652.5273 3.1441e-02
9662.1797 3.1634e-02
9671.8418 3.2170e-02
9681.5146 3.8875e-02
9691.1953 3.1900e-02
9700.8867 3.4227e-02
9710.5869 3.2976e-02
9720.2979 3.7698e-02
9730.0186 3.1004e-02
9739.7490 3.2946e-02
9749.4883 3.0575e-02
9759.2373 3.8944e-02
