# time_explosion = 18.75
# log_Lsun = 9.48
3000.7913 4.0128e-16
3001.6917 3.8680e-16
3002.5923 4.5280e-16
3003.4929 4.2581e-16
3004.3938 3.4046e-16
3005.2952 4.0335e-16
3006.1968 3.4285e-16
3007.0986 4.3405e-16
3008.0007 4.5620e-16
3008.9033 4.8491e-16
3009.8059 1.7372e-16
3010.7087 4.5597e-16
3011.6121 5.1401e-16
3012.5156 3.6356e-16
3013.4194 4.7046e-16
3014.3235 3.2844e-16
3015.2275 3.7228e-16
3016.1323 4.7825e-16
3017.0369 4.5012e-16
3017.9421 4.2974e-16
3018.8477 3.8411e-16
3019.7532 3.7105e-16
3020.6592 3.8313e-16
3021.5654 3.7589e-16
3022.4717 3.8547e-16
3023.3787 5.1724e-16
3024.2856 4.8156e-16
3025.1929 3.2423e-16
3026.1003 3.3814e-16
3027.0081 2.8167e-16
3027.9163 3.5820e-16
3028.8245 4.2826e-16
3029.7332 4.2012e-16
3030.6423 3.7785e-16
3031.5513 2.6946e-16
3032.4609 4.3312e-16
3033.3706 3.9014e-16
3034.2808 4.0070e-16
3035.1909 3.7403e-16
3036.1013 3.0544e-16
3037.0122 4.0108e-16
3037.9236 3.4366e-16
3038.8350 3.9190e-16
3039.7463 3.4549e-16
3040.6584 3.6323e-16
3041.5706 5.2705e-16
3042.4829 3.6047e-16
3043.3958 4.3180e-16
3044.3086 4.3833e-16
3045.2222 2.9885e-16
3046.1357 4.3936e-16
3047.0498 4.2044e-16
3047.9636 4.7323e-16
3048.8782 4.4204e-16
3049.7927 2.9600e-16
3050.7075 3.4549e-16
3051.6228 5.5093e-16
3052.5386 3.9086e-16
3053.4543 3.4068e-16
3054.3704 3.9608e-16
3055.2864 4.7551e-16
3056.2029 3.9655e-16
3057.1199 3.3520e-16
3058.0369 4.1457e-16
3058.9543 4.6107e-16
3059.8721 5.1479e-16
3060.7903 3.4530e-16
3061.7083 2.4765e-16
3062.6267 4.8481e-16
3063.5457 3.8407e-16
3064.4648 2.1524e-16
3065.3840 4.2761e-16
3066.3035 3.5719e-16
3067.2234 3.7121e-16
3068.1438 4.2709e-16
3069.0642 5.0398e-16
3069.9849 4.2142e-16
3070.9058 3.6477e-16
3071.8271 4.2851e-16
3072.7485 4.2295e-16
3073.6707 3.3304e-16
3074.5925 3.8733e-16
3075.5149 5.0820e-16
3076.4375 3.9194e-16
3077.3606 3.2911e-16
3078.2837 4.0240e-16
3079.2070 4.0268e-16
3080.1309 3.8638e-16
3081.0552 4.7127e-16
3081.9795 4.1167e-16
3082.9041 4.7847e-16
3083.8289 3.0526e-16
3084.7539 3.2328e-16
3085.6794 3.2009e-16
3086.6050 3.6962e-16
3087.5312 4.4768e-16
3088.4573 3.6760e-16
3089.3838 3.4879e-16
3090.3105 4.4322e-16
3091.2378 4.2595e-16
3092.1653 5.9039e-16
3093.0928 4.2684e-16
3094.0205 5.5489e-16
3094.9490 4.4043e-16
3095.8777 3.3475e-16
3096.8062 4.7676e-16
3097.7354 3.8202e-16
3098.6646 4.4147e-16
3099.5940 4.6367e-16
3100.5239 3.8101e-16
3101.4543 2.9844e-16
3102.3848 5.7805e-16
3103.3152 3.6862e-16
3104.2463 3.3448e-16
3105.1775 2.9541e-16
3106.1091 4.2759e-16
3107.0408 4.3133e-16
3107.9731 4.4513e-16
3108.9055 4.6567e-16
3109.8384 2.8249e-16
3110.7712 3.7718e-16
3111.7046 3.2416e-16
3112.6379 4.9274e-16
3113.5718 5.2461e-16
3114.5059 3.3709e-16
3115.4399 3.0659e-16
3116.3748 3.4559e-16
3117.3096 4.0452e-16
3118.2449 3.6555e-16
3119.1802 3.5150e-16
3120.1162 3.2408e-16
3121.0522 4.7809e-16
3121.9883 3.5700e-16
3122.9250 4.2782e-16
3123.8618 4.5969e-16
3124.7991 3.7781e-16
3125.7363 3.3329e-16
3126.6743 3.4378e-16
3127.6121 3.7198e-16
3128.5503 5.6731e-16
3129.4890 3.5672e-16
3130.4280 2.9853e-16
3131.3672 4.6852e-16
3132.3064 3.8471e-16
3133.2458 3.7019e-16
3134.1860 2.9827e-16
3135.1262 5.4390e-16
3136.0671 4.2500e-16
3137.0078 3.1184e-16
3137.9487 4.5786e-16
3138.8901 3.5452e-16
3139.8318 4.5591e-16
3140.7739 2.9016e-16
3141.7158 4.0172e-16
3142.6587 3.5083e-16
3143.6013 3.5096e-16
3144.5444 4.4975e-16
3145.4878 5.0154e-16
3146.4316 3.8640e-16
3147.3755 3.8037e-16
3148.3196 4.7122e-16
3149.2642 3.7619e-16
3150.2087 4.1725e-16
3151.1538 3.8187e-16
3152.0991 3.1085e-16
3153.0449 3.5048e-16
3153.9910 4.4857e-16
3154.9370 3.9230e-16
3155.8835 3.3514e-16
3156.8303 5.6357e-16
3157.7776 3.3725e-16
3158.7246 5.8923e-16
3159.6724 5.1089e-16
3160.6204 4.0166e-16
3161.5684 4.4821e-16
3162.5168 3.1869e-16
3163.4656 2.5241e-16
3164.4146 4.4204e-16
3165.3638 4.0162e-16
3166.3137 4.5091e-16
3167.2632 4.6191e-16
3168.2136 3.7542e-16
3169.1641 4.1940e-16
3170.1147 2.2724e-16
3171.0659 3.8610e-16
3172.0171 5.3163e-16
3172.9688 4.7770e-16
3173.9209 4.5349e-16
3174.8728 4.9822e-16
3175.8254 3.9003e-16
3176.7781 4.5367e-16
3177.7310 5.6101e-16
3178.6843 4.9849e-16
3179.6382 4.9488e-16
3180.5920 5.3859e-16
3181.5461 4.1735e-16
3182.5005 4.8833e-16
3183.4553 4.9747e-16
3184.4104 4.9297e-16
3185.3657 3.3370e-16
3186.3213 6.0283e-16
3187.2773 5.8582e-16
3188.2334 4.7355e-16
3189.1897 6.4270e-16
3190.1465 4.9487e-16
3191.1038 4.4645e-16
3192.0610 5.1104e-16
3193.0186 4.4513e-16
3193.9766 3.9582e-16
3194.9346 4.2379e-16
3195.8931 5.9611e-16
3196.8521 5.8852e-16
3197.8110 5.0842e-16
3198.7705 4.6510e-16
3199.7300 6.3828e-16
3200.6897 7.7430e-16
3201.6501 5.9471e-16
3202.6106 6.1316e-16
3203.5715 5.9481e-16
3204.5325 5.0183e-16
3205.4937 4.5349e-16
3206.4553 4.5955e-16
3207.4175 5.8631e-16
3208.3796 4.5008e-16
3209.3423 6.4853e-16
3210.3049 7.6490e-16
3211.2681 4.9156e-16
3212.2312 7.6619e-16
3213.1951 6.1794e-16
3214.1592 6.3834e-16
3215.1233 5.4164e-16
3216.0879 4.2262e-16
3217.0527 5.6007e-16
3218.0178 5.3001e-16
3218.9832 6.9670e-16
3219.9490 6.6654e-16
3220.9150 5.2450e-16
3221.8811 8.0638e-16
3222.8477 5.8647e-16
3223.8145 6.7309e-16
3224.7817 5.9488e-16
3225.7490 7.7349e-16
3226.7170 6.3584e-16
3227.6848 7.7758e-16
3228.6531 7.3686e-16
3229.6216 8.0179e-16
3230.5906 5.7874e-16
3231.5598 8.1001e-16
3232.5293 6.5316e-16
3233.4993 8.9135e-16
3234.4690 8.1911e-16
3235.4392 6.6062e-16
3236.4099 8.6313e-16
3237.3811 4.7664e-16
3238.3523 7.3516e-16
3239.3237 6.7174e-16
3240.2954 7.8052e-16
3241.2673 8.1299e-16
3242.2400 7.0571e-16
3243.2126 5.9015e-16
3244.1855 7.7202e-16
3245.1589 8.0280e-16
3246.1323 6.3836e-16
3247.1064 6.5404e-16
3248.0803 7.2154e-16
3249.0547 9.5470e-16
3250.0295 6.8805e-16
3251.0044 7.0942e-16
3251.9795 7.2541e-16
3252.9553 7.6721e-16
3253.9314 8.5902e-16
3254.9072 7.8894e-16
3255.8843 6.7942e-16
3256.8608 7.9456e-16
3257.8379 6.4187e-16
3258.8152 8.0959e-16
3259.7927 8.4300e-16
3260.7708 7.2478e-16
3261.7490 8.1120e-16
3262.7275 8.1343e-16
3263.7061 6.8420e-16
3264.6855 7.2634e-16
3265.6646 7.5049e-16
3266.6445 7.4524e-16
3267.6243 6.9812e-16
3268.6045 6.8153e-16
3269.5852 9.2418e-16
3270.5662 7.9283e-16
3271.5474 9.1534e-16
3272.5291 8.5485e-16
3273.5107 8.4292e-16
3274.4927 8.2378e-16
3275.4749 7.8221e-16
3276.4575 8.2892e-16
3277.4407 9.2122e-16
3278.4238 6.8031e-16
3279.4075 9.4646e-16
3280.3911 9.0655e-16
3281.3752 7.7700e-16
3282.3599 9.2263e-16
3283.3445 1.0240e-15
3284.3293 8.8256e-16
3285.3145 8.9499e-16
3286.3003 8.1947e-16
3287.2861 8.8181e-16
3288.2725 7.9062e-16
3289.2590 8.8111e-16
3290.2454 8.5127e-16
3291.2324 8.2716e-16
3292.2202 7.8014e-16
3293.2078 7.3666e-16
3294.1958 7.5470e-16
3295.1841 7.8783e-16
3296.1726 9.8202e-16
3297.1614 9.6069e-16
3298.1506 8.5291e-16
3299.1401 1.1359e-15
3300.1296 9.9626e-16
3301.1199 8.9925e-16
3302.1101 9.7172e-16
3303.1008 9.9246e-16
3304.0916 1.0318e-15
3305.0830 9.9045e-16
3306.0745 1.1631e-15
3307.0662 9.3978e-16
3308.0583 1.0529e-15
3309.0508 1.0574e-15
3310.0435 9.4662e-16
3311.0364 1.1290e-15
3312.0298 1.1812e-15
3313.0234 9.3649e-16
3314.0173 1.1095e-15
3315.0115 9.5169e-16
3316.0061 1.1231e-15
3317.0010 1.0545e-15
3317.9961 1.0336e-15
3318.9915 1.0551e-15
3319.9871 9.4460e-16
3320.9829 1.1675e-15
3321.9795 8.5887e-16
3322.9758 9.8320e-16
3323.9729 1.0215e-15
3324.9702 1.0629e-15
3325.9675 1.0315e-15
3326.9651 9.8136e-16
3327.9634 9.8438e-16
3328.9617 1.1110e-15
3329.9604 9.8350e-16
3330.9595 9.6767e-16
3331.9585 1.2197e-15
3332.9583 1.0770e-15
3333.9583 1.1566e-15
3334.9585 1.0765e-15
3335.9590 1.0446e-15
3336.9597 9.6584e-16
3337.9607 1.0845e-15
3338.9622 1.1740e-15
3339.9639 9.7815e-16
3340.9661 8.7768e-16
3341.9680 1.3219e-15
3342.9709 1.1084e-15
3343.9736 1.2294e-15
3344.9768 1.1113e-15
3345.9802 1.0852e-15
3346.9844 1.1236e-15
3347.9885 9.4411e-16
3348.9924 1.1359e-15
3349.9973 1.4140e-15
3351.0022 1.2275e-15
3352.0076 1.1249e-15
3353.0132 1.0084e-15
3354.0193 1.4679e-15
3355.0251 1.1898e-15
3356.0317 1.0433e-15
3357.0388 1.0731e-15
3358.0457 1.2688e-15
3359.0532 1.1190e-15
3360.0608 1.4417e-15
3361.0688 1.2140e-15
3362.0774 1.2689e-15
3363.0859 1.2066e-15
3364.0947 1.3556e-15
3365.1040 1.2610e-15
3366.1135 1.2622e-15
3367.1233 1.3638e-15
3368.1335 1.1531e-15
3369.1438 1.0791e-15
3370.1548 1.1816e-15
3371.1655 1.1596e-15
3372.1772 1.3282e-15
3373.1887 1.0893e-15
3374.2007 1.1152e-15
3375.2129 1.4570e-15
3376.2256 1.2032e-15
3377.2383 1.4647e-15
3378.2515 1.2970e-15
3379.2651 1.2543e-15
3380.2786 1.0834e-15
3381.2930 1.4768e-15
3382.3071 1.3847e-15
3383.3218 1.2377e-15
3384.3369 1.2709e-15
3385.3521 1.3678e-15
3386.3679 1.2642e-15
3387.3838 1.1753e-15
3388.3999 1.2708e-15
3389.4165 1.2698e-15
3390.4333 1.4339e-15
3391.4507 1.3183e-15
3392.4678 1.1714e-15
3393.4856 1.2121e-15
3394.5037 1.2620e-15
3395.5220 1.1486e-15
3396.5405 1.2215e-15
3397.5598 1.1868e-15
3398.5789 1.1993e-15
3399.5986 1.2121e-15
3400.6184 1.2541e-15
3401.6387 1.3498e-15
3402.6589 1.2360e-15
3403.6799 1.2588e-15
3404.7009 1.2525e-15
3405.7222 1.3001e-15
3406.7441 1.1194e-15
3407.7661 1.1731e-15
3408.7883 1.3001e-15
3409.8110 1.2503e-15
3410.8340 1.3843e-15
3411.8574 1.3344e-15
3412.8809 1.3819e-15
3413.9045 1.4094e-15
3414.9290 1.3397e-15
3415.9531 1.3889e-15
3416.9780 1.2980e-15
3418.0029 1.3164e-15
3419.0286 1.2031e-15
3420.0544 1.0892e-15
3421.0803 9.9278e-16
3422.1064 1.1111e-15
3423.1331 1.2227e-15
3424.1604 1.2260e-15
3425.1875 1.2389e-15
3426.2148 1.2264e-15
3427.2429 1.3375e-15
3428.2712 1.1024e-15
3429.2996 9.8755e-16
3430.3284 1.3897e-15
3431.3572 1.1711e-15
3432.3870 1.0184e-15
3433.4165 1.0198e-15
3434.4463 1.1564e-15
3435.4768 1.1914e-15
3436.5076 1.0895e-15
3437.5383 8.9625e-16
3438.5696 1.0384e-15
3439.6016 1.0387e-15
3440.6333 9.3106e-16
3441.6655 9.7996e-16
3442.6980 1.3495e-15
3443.7307 1.2786e-15
3444.7637 1.0314e-15
3445.7971 9.1751e-16
3446.8308 1.0850e-15
3447.8652 1.0413e-15
3448.8994 9.1588e-16
3449.9343 1.1539e-15
3450.9690 1.0362e-15
3452.0042 1.1461e-15
3453.0403 1.1356e-15
3454.0759 1.1059e-15
3455.1121 1.0918e-15
3456.1487 8.4525e-16
3457.1855 1.1016e-15
3458.2227 9.3391e-16
3459.2600 1.0383e-15
3460.2979 1.0638e-15
3461.3359 1.1724e-15
3462.3745 9.4413e-16
3463.4128 9.2417e-16
3464.4521 8.4763e-16
3465.4915 1.2118e-15
3466.5310 9.0025e-16
3467.5710 8.9654e-16
3468.6113 8.9175e-16
3469.6519 1.0828e-15
3470.6926 9.7037e-16
3471.7339 9.4971e-16
3472.7756 1.2812e-15
3473.8176 8.5969e-16
3474.8596 1.0934e-15
3475.9021 8.6110e-16
3476.9446 9.1535e-16
3477.9878 9.0116e-16
3479.0312 8.6676e-16
3480.0750 9.4409e-16
3481.1191 1.0665e-15
3482.1631 9.7575e-16
3483.2078 8.0348e-16
3484.2529 9.2865e-16
3485.2983 1.0462e-15
3486.3438 8.8337e-16
3487.3899 9.0624e-16
3488.4358 7.7473e-16
3489.4824 9.0272e-16
3490.5291 8.8156e-16
3491.5767 1.1966e-15
3492.6240 8.2039e-16
3493.6716 9.6043e-16
3494.7197 1.0963e-15
3495.7683 8.4476e-16
3496.8169 1.0623e-15
3497.8657 7.8500e-16
3498.9153 9.0710e-16
3499.9651 1.0883e-15
3501.0149 1.0842e-15
3502.0654 1.0726e-15
3503.1157 1.2533e-15
3504.1667 1.0247e-15
3505.2178 8.7681e-16
3506.2695 1.2186e-15
3507.3215 1.0871e-15
3508.3735 1.0815e-15
3509.4263 1.2041e-15
3510.4790 9.6574e-16
3511.5320 1.0638e-15
3512.5857 1.0021e-15
3513.6394 1.0280e-15
3514.6934 1.1656e-15
3515.7478 9.5292e-16
3516.8027 1.0047e-15
3517.8577 1.0681e-15
3518.9131 1.0822e-15
3519.9688 1.2283e-15
3521.0247 9.4249e-16
3522.0811 1.0897e-15
3523.1375 1.1897e-15
3524.1946 9.1790e-16
3525.2517 1.0762e-15
3526.3093 1.0612e-15
3527.3674 1.0160e-15
3528.4255 1.0353e-15
3529.4841 1.1438e-15
3530.5427 1.0971e-15
3531.6021 1.0200e-15
3532.6616 1.0427e-15
3533.7214 1.0633e-15
3534.7812 1.0833e-15
3535.8420 1.0424e-15
3536.9026 1.0809e-15
3537.9636 1.1244e-15
3539.0251 1.0382e-15
3540.0867 1.2784e-15
3541.1489 1.1788e-15
3542.2109 1.2639e-15
3543.2739 9.8207e-16
3544.3369 1.3270e-15
3545.4001 1.0939e-15
3546.4636 1.3274e-15
3547.5278 1.1261e-15
3548.5920 1.0377e-15
3549.6567 1.2647e-15
3550.7214 9.9473e-16
3551.7866 1.2451e-15
3552.8523 1.3326e-15
3553.9182 1.0883e-15
3554.9839 1.2755e-15
3556.0508 1.3150e-15
3557.1177 1.2751e-15
3558.1846 1.2618e-15
3559.2522 1.1686e-15
3560.3198 1.1969e-15
3561.3879 1.3012e-15
3562.4563 1.0823e-15
3563.5254 1.3911e-15
3564.5942 1.2908e-15
3565.6638 1.4939e-15
3566.7332 1.2147e-15
3567.8032 1.4718e-15
3568.8738 1.4177e-15
3569.9443 1.5097e-15
3571.0154 1.2984e-15
3572.0864 1.4324e-15
3573.1582 1.5831e-15
3574.2302 1.4078e-15
3575.3025 1.4498e-15
3576.3748 1.4064e-15
3577.4480 1.5143e-15
3578.5212 1.2760e-15
3579.5950 1.6486e-15
3580.6685 1.6838e-15
3581.7427 1.5798e-15
3582.8174 1.3018e-15
3583.8921 1.4163e-15
3584.9673 1.4734e-15
3586.0430 1.4680e-15
3587.1187 1.6291e-15
3588.1948 1.6827e-15
3589.2715 1.5493e-15
3590.3479 1.6035e-15
3591.4253 1.6494e-15
3592.5024 1.7103e-15
3593.5803 1.4866e-15
3594.6584 1.3858e-15
3595.7368 1.4800e-15
3596.8154 1.5301e-15
3597.8945 1.6687e-15
3598.9739 1.9007e-15
3600.0535 1.6241e-15
3601.1338 1.8092e-15
3602.2139 1.7395e-15
3603.2947 1.6359e-15
3604.3755 1.6475e-15
3605.4570 1.7660e-15
3606.5388 1.8260e-15
3607.6204 1.8469e-15
3608.7031 1.8691e-15
3609.7854 1.4495e-15
3610.8684 1.9698e-15
3611.9517 1.9038e-15
3613.0352 1.5582e-15
3614.1191 1.6244e-15
3615.2034 1.7529e-15
3616.2878 1.5941e-15
3617.3728 1.6131e-15
3618.4580 1.5737e-15
3619.5437 1.5916e-15
3620.6294 1.5484e-15
3621.7156 1.8270e-15
3622.8022 1.7042e-15
3623.8889 1.5455e-15
3624.9761 1.5063e-15
3626.0635 1.5444e-15
3627.1516 1.5724e-15
3628.2395 1.9638e-15
3629.3281 1.8287e-15
3630.4170 1.6453e-15
3631.5061 1.7001e-15
3632.5955 1.8403e-15
3633.6853 1.5792e-15
3634.7754 1.6216e-15
3635.8657 1.5638e-15
3636.9565 1.5940e-15
3638.0474 1.6088e-15
3639.1389 1.5398e-15
3640.2310 1.7330e-15
3641.3225 1.5738e-15
3642.4155 1.8365e-15
3643.5081 1.5949e-15
3644.6011 1.1127e-15
3645.6943 1.6491e-15
3646.7881 1.4750e-15
3647.8821 1.4759e-15
3648.9766 1.4627e-15
3650.0710 1.4361e-15
3651.1663 1.2960e-15
3652.2615 1.3925e-15
3653.3572 1.4402e-15
3654.4531 1.5624e-15
3655.5496 1.3641e-15
3656.6462 1.2105e-15
3657.7432 1.3435e-15
3658.8406 1.3029e-15
3659.9380 1.3888e-15
3661.0361 1.4797e-15
3662.1348 1.3724e-15
3663.2332 1.1058e-15
3664.3320 1.2262e-15
3665.4314 1.4506e-15
3666.5310 1.0841e-15
3667.6309 1.2316e-15
3668.7314 1.2584e-15
3669.8318 1.2737e-15
3670.9329 1.2932e-15
3672.0339 1.1098e-15
3673.1360 1.0711e-15
3674.2375 1.2598e-15
3675.3401 1.2581e-15
3676.4424 8.9933e-16
3677.5454 1.2830e-15
3678.6487 9.9900e-16
3679.7522 1.2311e-15
3680.8562 9.8276e-16
3681.9604 1.3124e-15
3683.0649 9.6570e-16
3684.1702 1.1585e-15
3685.2751 1.0077e-15
3686.3809 1.0235e-15
3687.4868 9.9938e-16
3688.5928 9.3986e-16
3689.6997 1.3329e-15
3690.8066 1.1631e-15
3691.9138 9.5820e-16
3693.0215 9.7465e-16
3694.1294 1.0961e-15
3695.2375 1.0577e-15
3696.3459 9.5244e-16
3697.4548 9.8755e-16
3698.5642 9.8270e-16
3699.6738 9.7733e-16
3700.7837 9.4620e-16
3701.8938 9.2183e-16
3703.0042 9.4962e-16
3704.1152 9.7245e-16
3705.2266 9.2273e-16
3706.3381 9.0346e-16
3707.4500 1.0852e-15
3708.5625 1.0363e-15
3709.6748 1.0050e-15
3710.7878 1.0006e-15
3711.9009 1.0254e-15
3713.0146 9.0946e-16
3714.1284 1.0032e-15
3715.2427 9.5669e-16
3716.3574 1.1635e-15
3717.4724 1.1596e-15
3718.5876 1.1020e-15
3719.7031 1.0056e-15
3720.8186 1.1220e-15
3721.9351 9.6104e-16
3723.0518 1.0459e-15
3724.1685 1.1881e-15
3725.2861 1.2147e-15
3726.4033 9.8361e-16
3727.5215 1.2071e-15
3728.6399 1.2598e-15
3729.7583 1.1037e-15
3730.8772 1.1140e-15
3731.9963 1.2785e-15
3733.1160 1.3117e-15
3734.2361 1.1549e-15
3735.3562 1.2659e-15
3736.4768 1.3251e-15
3737.5977 1.5366e-15
3738.7190 1.3713e-15
3739.8408 1.3581e-15
3740.9626 1.5650e-15
3742.0850 1.4244e-15
3743.2075 1.6861e-15
3744.3306 1.3594e-15
3745.4539 1.4545e-15
3746.5774 1.7427e-15
3747.7014 1.6448e-15
3748.8257 1.5349e-15
3749.9504 1.8136e-15
3751.0757 1.7342e-15
3752.2004 1.6076e-15
3753.3264 1.6654e-15
3754.4524 2.0048e-15
3755.5789 1.5037e-15
3756.7051 1.9190e-15
3757.8323 1.7943e-15
3758.9597 1.9505e-15
3760.0874 1.7666e-15
3761.2153 2.0416e-15
3762.3440 1.8109e-15
3763.4727 2.1849e-15
3764.6018 2.0491e-15
3765.7307 1.9138e-15
3766.8604 1.9369e-15
3767.9907 2.1424e-15
3769.1211 1.8562e-15
3770.2517 2.1581e-15
3771.3828 2.3050e-15
3772.5144 2.2705e-15
3773.6462 2.0128e-15
3774.7781 2.1955e-15
3775.9104 2.2719e-15
3777.0432 2.2295e-15
3778.1765 2.1422e-15
3779.3101 2.2107e-15
3780.4438 2.2419e-15
3781.5781 2.0780e-15
3782.7124 2.5080e-15
3783.8469 2.2086e-15
3784.9822 2.2320e-15
3786.1179 2.0792e-15
3787.2539 2.1125e-15
3788.3899 2.2219e-15
3789.5264 2.2112e-15
3790.6631 2.2296e-15
3791.8005 2.3959e-15
3792.9380 2.4428e-15
3794.0757 2.3087e-15
3795.2139 2.4319e-15
3796.3528 1.9300e-15
3797.4917 2.4986e-15
3798.6309 2.5260e-15
3799.7705 2.4528e-15
3800.9104 2.1100e-15
3802.0508 2.4076e-15
3803.1912 2.3157e-15
3804.3323 2.5042e-15
3805.4734 2.5169e-15
3806.6152 2.2136e-15
3807.7571 2.4315e-15
3808.8997 2.2632e-15
3810.0422 2.5589e-15
3811.1853 2.3325e-15
3812.3284 2.6132e-15
3813.4722 2.3610e-15
3814.6162 2.3570e-15
3815.7605 2.6368e-15
3816.9055 2.4946e-15
3818.0503 2.5239e-15
3819.1956 2.5147e-15
3820.3416 2.6387e-15
3821.4875 2.6967e-15
3822.6340 2.5530e-15
3823.7810 2.7016e-15
3824.9280 2.6093e-15
3826.0754 2.3242e-15
3827.2234 2.2403e-15
3828.3716 2.6761e-15
3829.5198 2.3778e-15
3830.6689 2.6897e-15
3831.8179 2.9165e-15
3832.9675 3.0690e-15
3834.1172 2.5365e-15
3835.2676 3.0003e-15
3836.4182 2.7392e-15
3837.5691 3.2093e-15
3838.7205 2.8180e-15
3839.8718 2.9632e-15
3841.0244 2.9036e-15
3842.1765 2.7767e-15
3843.3291 2.8119e-15
3844.4822 3.0042e-15
3845.6355 3.0674e-15
3846.7888 2.9266e-15
3847.9431 3.2510e-15
3849.0977 3.1678e-15
3850.2522 3.2250e-15
3851.4070 3.3089e-15
3852.5627 2.9911e-15
3853.7185 3.3988e-15
3854.8745 3.1014e-15
3856.0310 2.9128e-15
3857.1877 3.1766e-15
3858.3452 3.5170e-15
3859.5024 3.1230e-15
3860.6606 3.0640e-15
3861.8186 3.2192e-15
3862.9771 3.2471e-15
3864.1357 3.1491e-15
3865.2954 2.9630e-15
3866.4551 3.3898e-15
3867.6147 3.3902e-15
3868.7751 3.5702e-15
3869.9358 3.3239e-15
3871.0964 3.6817e-15
3872.2581 3.4743e-15
3873.4197 3.2421e-15
3874.5818 3.3821e-15
3875.7441 3.4632e-15
3876.9070 3.4975e-15
3878.0698 3.6302e-15
3879.2334 3.4198e-15
3880.3972 3.6123e-15
3881.5610 3.1918e-15
3882.7256 3.4788e-15
3883.8906 3.3897e-15
3885.0557 3.7151e-15
3886.2212 3.2850e-15
3887.3870 3.5937e-15
3888.5535 3.4756e-15
3889.7197 3.6130e-15
3890.8867 3.7957e-15
3892.0542 3.5092e-15
3893.2214 3.0915e-15
3894.3899 3.7270e-15
3895.5579 3.6729e-15
3896.7266 3.6808e-15
3897.8953 3.5563e-15
3899.0652 3.3098e-15
3900.2346 3.4586e-15
3901.4048 3.5500e-15
3902.5752 3.7233e-15
3903.7458 3.6255e-15
3904.9172 3.6959e-15
3906.0884 3.3718e-15
3907.2603 3.8491e-15
3908.4326 3.4271e-15
3909.6050 3.3511e-15
3910.7781 3.3884e-15
3911.9509 3.5293e-15
3913.1245 3.4766e-15
3914.2986 3.6011e-15
3915.4731 3.8424e-15
3916.6477 3.5745e-15
3917.8228 3.4802e-15
3918.9978 3.6567e-15
3920.1736 3.8117e-15
3921.3496 3.4536e-15
3922.5261 3.7653e-15
3923.7031 3.7968e-15
3924.8801 3.6442e-15
3926.0576 3.7875e-15
3927.2354 3.1705e-15
3928.4133 3.7414e-15
3929.5918 3.7358e-15
3930.7710 3.9729e-15
3931.9500 3.7041e-15
3933.1294 3.4825e-15
3934.3098 3.5808e-15
3935.4900 3.5836e-15
3936.6704 3.6591e-15
3937.8518 3.5732e-15
3939.0330 3.5398e-15
3940.2144 3.6768e-15
3941.3967 3.5197e-15
3942.5791 3.1386e-15
3943.7617 3.0322e-15
3944.9448 3.3113e-15
3946.1284 3.3265e-15
3947.3125 3.8875e-15
3948.4966 3.4613e-15
3949.6812 3.2331e-15
3950.8660 3.6668e-15
3952.0513 3.5530e-15
3953.2366 3.3766e-15
3954.4226 3.3206e-15
3955.6091 3.4678e-15
3956.7957 2.9316e-15
3957.9829 3.4105e-15
3959.1702 3.4569e-15
3960.3579 2.9735e-15
3961.5461 2.9550e-15
3962.7346 3.0098e-15
3963.9233 3.0835e-15
3965.1128 3.4071e-15
3966.3022 2.8974e-15
3967.4922 3.1027e-15
3968.6824 3.0490e-15
3969.8730 2.9283e-15
3971.0637 3.1636e-15
3972.2551 2.9796e-15
3973.4468 2.8281e-15
3974.6387 3.2568e-15
3975.8313 2.9155e-15
3977.0242 2.9581e-15
3978.2170 3.1211e-15
3979.4104 2.9162e-15
3980.6045 2.9344e-15
3981.7988 2.9616e-15
3982.9932 3.1227e-15
3984.1880 3.2107e-15
3985.3833 3.0063e-15
3986.5791 3.2646e-15
3987.7747 3.0669e-15
3988.9712 3.0558e-15
3990.1677 2.6861e-15
3991.3647 2.9048e-15
3992.5623 2.6913e-15
3993.7600 2.6497e-15
3994.9580 2.8409e-15
3996.1565 3.1126e-15
3997.3557 2.8250e-15
3998.5544 2.8552e-15
3999.7542 2.8473e-15
4000.9543 2.7263e-15
4002.1543 2.8476e-15
4003.3552 2.9019e-15
4004.5564 2.6948e-15
4005.7573 2.6044e-15
4006.9595 2.7807e-15
4008.1614 2.9802e-15
4009.3638 2.6199e-15
4010.5667 2.7685e-15
4011.7698 2.5591e-15
4012.9734 2.7202e-15
4014.1772 2.9750e-15
4015.3813 2.2619e-15
4016.5862 2.8084e-15
4017.7910 2.7458e-15
4018.9966 2.8488e-15
4020.2021 2.8357e-15
4021.4082 2.7992e-15
4022.6147 3.0423e-15
4023.8210 2.7627e-15
4025.0286 2.9861e-15
4026.2361 2.7428e-15
4027.4438 2.5861e-15
4028.6523 2.6808e-15
4029.8604 2.7739e-15
4031.0698 2.8741e-15
4032.2791 2.5946e-15
4033.4885 2.9137e-15
4034.6987 2.9272e-15
4035.9092 2.7334e-15
4037.1199 2.8811e-15
4038.3311 2.8169e-15
4039.5422 2.9547e-15
4040.7544 2.7352e-15
4041.9668 2.5398e-15
4043.1792 2.4961e-15
4044.3921 2.5971e-15
4045.6055 2.5390e-15
4046.8191 2.7290e-15
4048.0332 2.6768e-15
4049.2478 2.7977e-15
4050.4624 2.9746e-15
4051.6775 2.5551e-15
4052.8931 2.7472e-15
4054.1091 2.5577e-15
4055.3250 2.6915e-15
4056.5417 2.6258e-15
4057.7585 2.4180e-15
4058.9763 2.7733e-15
4060.1936 2.5779e-15
4061.4116 2.4398e-15
4062.6301 2.8760e-15
4063.8491 2.6689e-15
4065.0684 2.7136e-15
4066.2874 2.3821e-15
4067.5076 2.4863e-15
4068.7278 2.3657e-15
4069.9485 2.5915e-15
4071.1694 2.5396e-15
4072.3911 2.7539e-15
4073.6125 2.4170e-15
4074.8347 2.3676e-15
4076.0569 2.5505e-15
4077.2798 2.8841e-15
4078.5027 2.7280e-15
4079.7263 2.8054e-15
4080.9504 2.7202e-15
4082.1746 2.6151e-15
4083.3992 2.7366e-15
4084.6243 2.5488e-15
4085.8499 2.8427e-15
4087.0754 2.6624e-15
4088.3020 2.6018e-15
4089.5283 2.5395e-15
4090.7551 2.3158e-15
4091.9824 2.7094e-15
4093.2100 3.0180e-15
4094.4377 2.5849e-15
4095.6660 2.7672e-15
4096.8950 3.0300e-15
4098.1240 2.6944e-15
4099.3530 2.7429e-15
4100.5830 2.8107e-15
4101.8135 2.7645e-15
4103.0439 2.6614e-15
4104.2749 2.4149e-15
4105.5063 2.9065e-15
4106.7378 2.7493e-15
4107.9697 2.5996e-15
4109.2021 2.6341e-15
4110.4351 2.7109e-15
4111.6685 2.8979e-15
4112.9014 2.8747e-15
4114.1353 2.8855e-15
4115.3696 2.8958e-15
4116.6045 2.4474e-15
4117.8394 2.5371e-15
4119.0747 2.8359e-15
4120.3101 2.5116e-15
4121.5464 2.8803e-15
4122.7832 2.7054e-15
4124.0195 2.5957e-15
4125.2568 2.5391e-15
4126.4946 2.4274e-15
4127.7324 2.6789e-15
4128.9707 2.6868e-15
4130.2095 2.4360e-15
4131.4482 2.6436e-15
4132.6880 2.9147e-15
4133.9277 2.4058e-15
4135.1680 2.6702e-15
4136.4087 2.8399e-15
4137.6494 2.5292e-15
4138.8911 2.4955e-15
4140.1323 2.6166e-15
4141.3745 2.6922e-15
4142.6172 2.2357e-15
4143.8599 2.3315e-15
4145.1030 2.6660e-15
4146.3462 3.0114e-15
4147.5898 2.9023e-15
4148.8345 2.4413e-15
4150.0791 2.7192e-15
4151.3242 2.7109e-15
4152.5698 2.6485e-15
4153.8154 2.5677e-15
4155.0610 2.6813e-15
4156.3081 2.7273e-15
4157.5547 2.6640e-15
4158.8022 2.7052e-15
4160.0493 2.4071e-15
4161.2979 3.0000e-15
4162.5464 2.4051e-15
4163.7949 2.6443e-15
4165.0439 2.3696e-15
4166.2939 2.4790e-15
4167.5435 2.7005e-15
4168.7939 2.7144e-15
4170.0444 2.7482e-15
4171.2954 2.4392e-15
4172.5469 2.6999e-15
4173.7988 2.7280e-15
4175.0508 2.5109e-15
4176.3032 2.5233e-15
4177.5562 2.8986e-15
4178.8096 2.5543e-15
4180.0630 2.6265e-15
4181.3174 2.5077e-15
4182.5713 2.8286e-15
4183.8262 2.4849e-15
4185.0815 2.6394e-15
4186.3369 2.5287e-15
4187.5928 2.3999e-15
4188.8491 2.6018e-15
4190.1060 2.7262e-15
4191.3628 2.6445e-15
4192.6201 2.4155e-15
4193.8779 2.3655e-15
4195.1362 2.5446e-15
4196.3945 2.5206e-15
4197.6538 2.3499e-15
4198.9126 2.3806e-15
4200.1724 2.8433e-15
4201.4326 2.3111e-15
4202.6934 2.6871e-15
4203.9541 2.3927e-15
4205.2153 2.5752e-15
4206.4766 2.4750e-15
4207.7388 2.2371e-15
4209.0010 2.3113e-15
4210.2637 2.7588e-15
4211.5269 2.4665e-15
4212.7900 2.5738e-15
4214.0537 2.5340e-15
4215.3184 2.3083e-15
4216.5825 2.1185e-15
4217.8477 2.3932e-15
4219.1133 2.5394e-15
4220.3784 2.2488e-15
4221.6450 2.2311e-15
4222.9116 2.3874e-15
4224.1782 2.3465e-15
4225.4458 2.1039e-15
4226.7134 2.3372e-15
4227.9810 2.4941e-15
4229.2495 2.1964e-15
4230.5181 2.3118e-15
4231.7876 2.1138e-15
4233.0571 2.1772e-15
4234.3271 2.2764e-15
4235.5972 2.2180e-15
4236.8682 2.5750e-15
4238.1387 2.2735e-15
4239.4106 2.0367e-15
4240.6821 2.3915e-15
4241.9541 2.5076e-15
4243.2271 2.2798e-15
4244.5000 2.4123e-15
4245.7734 2.3986e-15
4247.0469 2.2671e-15
4248.3213 2.4237e-15
4249.5957 2.6909e-15
4250.8706 2.1594e-15
4252.1460 2.3141e-15
4253.4219 2.4338e-15
4254.6978 2.5033e-15
4255.9736 2.1929e-15
4257.2505 2.1629e-15
4258.5283 2.0878e-15
4259.8057 2.3381e-15
4261.0835 2.2443e-15
4262.3618 2.1892e-15
4263.6406 1.9283e-15
4264.9194 2.1763e-15
4266.1987 2.0145e-15
4267.4785 2.3836e-15
4268.7593 2.0621e-15
4270.0396 2.3455e-15
4271.3208 2.2861e-15
4272.6025 2.1289e-15
4273.8838 2.4549e-15
4275.1660 2.5258e-15
4276.4487 2.2677e-15
4277.7314 2.2034e-15
4279.0146 2.4833e-15
4280.2988 2.1467e-15
4281.5825 1.9991e-15
4282.8672 2.3288e-15
4284.1523 2.2553e-15
4285.4375 2.0051e-15
4286.7227 2.1849e-15
4288.0093 2.2590e-15
4289.2954 1.9909e-15
4290.5820 2.1741e-15
4291.8691 2.3243e-15
4293.1567 2.2028e-15
4294.4448 2.3268e-15
4295.7329 2.0380e-15
4297.0215 1.8370e-15
4298.3110 2.0964e-15
4299.6006 1.9952e-15
4300.8901 1.8942e-15
4302.1807 1.9911e-15
4303.4712 2.1283e-15
4304.7622 1.9176e-15
4306.0537 2.1276e-15
4307.3452 2.2911e-15
4308.6377 2.1377e-15
4309.9302 1.9391e-15
4311.2236 2.0758e-15
4312.5161 1.9307e-15
4313.8105 2.2972e-15
4315.1045 1.9199e-15
4316.3989 2.1248e-15
4317.6943 2.0016e-15
4318.9893 1.8950e-15
4320.2852 2.0275e-15
4321.5811 2.3770e-15
4322.8774 2.2770e-15
4324.1743 1.9144e-15
4325.4717 2.4071e-15
4326.7690 2.4131e-15
4328.0674 1.9290e-15
4329.3657 2.2718e-15
4330.6646 2.3674e-15
4331.9639 2.1005e-15
4333.2632 2.1929e-15
4334.5635 2.6194e-15
4335.8638 2.2891e-15
4337.1646 2.3012e-15
4338.4658 2.0234e-15
4339.7671 2.5361e-15
4341.0688 2.5781e-15
4342.3716 2.3339e-15
4343.6743 2.4191e-15
4344.9771 2.4713e-15
4346.2808 2.3760e-15
4347.5850 2.7391e-15
4348.8887 2.6430e-15
4350.1934 2.4802e-15
4351.4985 2.4502e-15
4352.8042 2.6106e-15
4354.1099 2.7396e-15
4355.4165 2.5833e-15
4356.7231 2.6366e-15
4358.0298 2.5298e-15
4359.3369 2.6715e-15
4360.6450 2.8218e-15
4361.9531 2.4972e-15
4363.2617 2.7559e-15
4364.5708 2.6770e-15
4365.8804 2.6291e-15
4367.1899 2.6223e-15
4368.5000 2.8329e-15
4369.8105 2.8536e-15
4371.1216 2.7210e-15
4372.4326 2.8943e-15
4373.7446 2.8443e-15
4375.0566 2.8638e-15
4376.3696 3.0513e-15
4377.6821 3.1293e-15
4378.9956 2.7284e-15
4380.3091 2.6917e-15
4381.6235 3.0260e-15
4382.9380 2.6690e-15
4384.2524 3.1947e-15
4385.5679 3.2227e-15
4386.8833 2.6296e-15
4388.1997 2.9935e-15
4389.5161 3.0850e-15
4390.8330 2.9768e-15
4392.1504 2.8276e-15
4393.4678 3.0820e-15
4394.7861 3.0437e-15
4396.1045 3.0432e-15
4397.4229 3.2536e-15
4398.7422 2.9846e-15
4400.0615 3.2263e-15
4401.3818 2.8196e-15
4402.7026 3.1428e-15
4404.0229 3.2367e-15
4405.3447 3.0951e-15
4406.6660 3.5325e-15
4407.9878 3.2104e-15
4409.3105 3.2020e-15
4410.6333 3.2341e-15
4411.9565 3.2521e-15
4413.2798 3.1457e-15
4414.6040 2.7732e-15
4415.9282 2.9298e-15
4417.2534 3.4569e-15
4418.5781 3.2700e-15
4419.9038 3.1106e-15
4421.2295 3.1430e-15
4422.5566 3.7178e-15
4423.8828 3.3533e-15
4425.2104 3.0745e-15
4426.5376 3.1872e-15
4427.8657 3.2726e-15
4429.1943 3.6829e-15
4430.5229 3.5542e-15
4431.8521 3.7242e-15
4433.1816 3.3262e-15
4434.5117 3.0969e-15
4435.8418 3.0608e-15
4437.1724 3.6096e-15
4438.5039 3.4121e-15
4439.8350 3.3900e-15
4441.1670 3.3143e-15
4442.4995 3.0771e-15
4443.8320 3.6992e-15
4445.1655 3.4181e-15
4446.4990 3.2666e-15
4447.8325 3.7736e-15
4449.1675 3.3081e-15
4450.5020 3.6978e-15
4451.8369 3.0890e-15
4453.1729 3.3193e-15
4454.5088 3.3667e-15
4455.8452 3.1298e-15
4457.1821 3.5408e-15
4458.5190 3.5724e-15
4459.8569 3.3525e-15
4461.1943 3.5247e-15
4462.5327 3.2781e-15
4463.8716 3.5748e-15
4465.2109 3.3980e-15
4466.5503 3.2583e-15
4467.8906 3.5062e-15
4469.2305 3.5605e-15
4470.5713 3.6146e-15
4471.9126 3.4461e-15
4473.2544 3.5303e-15
4474.5962 3.5045e-15
4475.9385 3.4622e-15
4477.2817 3.3777e-15
4478.6245 3.2956e-15
4479.9678 3.3225e-15
4481.3120 3.5137e-15
4482.6567 3.2300e-15
4484.0015 3.3879e-15
4485.3462 3.4209e-15
4486.6919 3.3074e-15
4488.0381 3.6307e-15
4489.3848 3.7490e-15
4490.7314 3.3547e-15
4492.0786 3.5115e-15
4493.4263 3.6933e-15
4494.7744 3.3494e-15
4496.1226 3.3767e-15
4497.4717 3.4971e-15
4498.8208 3.2883e-15
4500.1704 3.5187e-15
4501.5200 3.0827e-15
4502.8711 3.1828e-15
4504.2217 3.2246e-15
4505.5732 3.1694e-15
4506.9243 3.4241e-15
4508.2769 3.6436e-15
4509.6294 3.4558e-15
4510.9824 3.0927e-15
4512.3359 3.4808e-15
4513.6890 3.1770e-15
4515.0430 3.1494e-15
4516.3975 3.6062e-15
4517.7524 3.6306e-15
4519.1079 3.4860e-15
4520.4639 3.2957e-15
4521.8203 3.3430e-15
4523.1768 3.3152e-15
4524.5337 3.4145e-15
4525.8906 3.4443e-15
4527.2485 3.3990e-15
4528.6069 3.6748e-15
4529.9653 3.4560e-15
4531.3247 3.3548e-15
4532.6836 3.2678e-15
4534.0435 3.2180e-15
4535.4038 2.7065e-15
4536.7642 3.1105e-15
4538.1255 3.2735e-15
4539.4863 3.4520e-15
4540.8486 2.9315e-15
4542.2104 3.0847e-15
4543.5732 2.8496e-15
4544.9370 2.9488e-15
4546.3003 3.4849e-15
4547.6636 3.2989e-15
4549.0283 3.1750e-15
4550.3931 3.1600e-15
4551.7583 3.2611e-15
4553.1235 3.1337e-15
4554.4897 3.3117e-15
4555.8560 3.2345e-15
4557.2227 3.3927e-15
4558.5898 3.3681e-15
4559.9570 3.3153e-15
4561.3252 3.3777e-15
4562.6938 3.6217e-15
4564.0625 3.2921e-15
4565.4321 3.3733e-15
4566.8013 3.2952e-15
4568.1714 3.1121e-15
4569.5420 3.2285e-15
4570.9131 3.0958e-15
4572.2842 3.2064e-15
4573.6558 3.1285e-15
4575.0278 3.4151e-15
4576.4004 3.4949e-15
4577.7729 2.9855e-15
4579.1465 3.2856e-15
4580.5205 3.0614e-15
4581.8945 3.3293e-15
4583.2690 2.9717e-15
4584.6440 3.0021e-15
4586.0195 3.3173e-15
4587.3950 3.3771e-15
4588.7715 3.2986e-15
4590.1479 3.3951e-15
4591.5254 3.3587e-15
4592.9028 3.2487e-15
4594.2808 3.2618e-15
4595.6587 3.3328e-15
4597.0371 3.2151e-15
4598.4165 3.1177e-15
4599.7959 3.4619e-15
4601.1763 3.4931e-15
4602.5566 3.1402e-15
4603.9370 3.2166e-15
4605.3184 3.1357e-15
4606.6997 3.3838e-15
4608.0815 3.0568e-15
4609.4644 3.2349e-15
4610.8472 2.9687e-15
4612.2305 3.3105e-15
4613.6143 3.1210e-15
4614.9985 2.9077e-15
4616.3828 2.9644e-15
4617.7676 3.1517e-15
4619.1528 3.0157e-15
4620.5386 3.0937e-15
4621.9248 2.8685e-15
4623.3115 3.3956e-15
4624.6982 3.1353e-15
4626.0854 2.8293e-15
4627.4736 2.5830e-15
4628.8623 2.7921e-15
4630.2505 2.8305e-15
4631.6392 2.9257e-15
4633.0293 3.0615e-15
4634.4194 2.9716e-15
4635.8091 3.1305e-15
4637.2002 2.7975e-15
4638.5913 3.0837e-15
4639.9829 3.2979e-15
4641.3750 3.1120e-15
4642.7671 2.8621e-15
4644.1597 2.9133e-15
4645.5532 2.5616e-15
4646.9468 2.8430e-15
4648.3408 3.0312e-15
4649.7354 2.7392e-15
4651.1304 2.7219e-15
4652.5254 2.8370e-15
4653.9214 2.6820e-15
4655.3179 2.7339e-15
4656.7148 2.6045e-15
4658.1113 2.9215e-15
4659.5088 3.0635e-15
4660.9067 2.6667e-15
4662.3047 2.8800e-15
4663.7036 2.7445e-15
4665.1025 2.7613e-15
4666.5024 2.9252e-15
4667.9019 2.6878e-15
4669.3022 2.6424e-15
4670.7036 2.7162e-15
4672.1045 2.8423e-15
4673.5063 2.7149e-15
4674.9087 2.6312e-15
4676.3105 3.0524e-15
4677.7139 2.9047e-15
4679.1172 2.8430e-15
4680.5205 2.7150e-15
4681.9248 2.6272e-15
4683.3296 2.7080e-15
4684.7344 2.5922e-15
4686.1401 2.8765e-15
4687.5459 2.9172e-15
4688.9521 2.7657e-15
4690.3584 2.9081e-15
4691.7661 2.3612e-15
4693.1733 3.0606e-15
4694.5815 3.0210e-15
4695.9897 2.6335e-15
4697.3984 3.0225e-15
4698.8076 2.7586e-15
4700.2173 2.8911e-15
4701.6274 2.8028e-15
4703.0376 2.9695e-15
4704.4487 2.6141e-15
4705.8599 2.8424e-15
4707.2715 2.9262e-15
4708.6841 2.9984e-15
4710.0962 2.8826e-15
4711.5098 2.6151e-15
4712.9233 2.9746e-15
4714.3369 2.9213e-15
4715.7510 2.7280e-15
4717.1660 3.1568e-15
4718.5811 3.0813e-15
4719.9966 2.5538e-15
4721.4126 2.6212e-15
4722.8291 2.4398e-15
4724.2461 2.8178e-15
4725.6636 2.7168e-15
4727.0811 2.6319e-15
4728.4990 2.4919e-15
4729.9180 2.8200e-15
4731.3369 2.7974e-15
4732.7559 2.5481e-15
4734.1758 2.4850e-15
4735.5962 2.3841e-15
4737.0166 2.4074e-15
4738.4380 2.5684e-15
4739.8594 2.3064e-15
4741.2812 2.5022e-15
4742.7036 2.4607e-15
4744.1270 2.3967e-15
4745.5498 2.2174e-15
4746.9736 2.4538e-15
4748.3975 2.2839e-15
4749.8223 2.0738e-15
4751.2471 2.5653e-15
4752.6724 2.4964e-15
4754.0986 2.4335e-15
4755.5249 2.2187e-15
4756.9512 2.1641e-15
4758.3784 2.3595e-15
4759.8057 2.4817e-15
4761.2339 2.2314e-15
4762.6621 2.3901e-15
4764.0908 2.2528e-15
4765.5200 2.2752e-15
4766.9497 2.0489e-15
4768.3794 2.2470e-15
4769.8101 2.4245e-15
4771.2417 2.4597e-15
4772.6729 2.5645e-15
4774.1040 2.2876e-15
4775.5366 2.5403e-15
4776.9697 2.5527e-15
4778.4023 2.4930e-15
4779.8359 2.3929e-15
4781.2700 2.4222e-15
4782.7041 2.1409e-15
4784.1392 2.4834e-15
4785.5742 2.2590e-15
4787.0098 2.4607e-15
4788.4458 2.3633e-15
4789.8823 2.4651e-15
4791.3193 2.2881e-15
4792.7573 2.4262e-15
4794.1948 2.6111e-15
4795.6333 2.6784e-15
4797.0713 2.2499e-15
4798.5107 2.5421e-15
4799.9502 2.3305e-15
4801.3906 2.5526e-15
4802.8306 2.4371e-15
4804.2720 2.3024e-15
4805.7124 2.4316e-15
4807.1548 2.5710e-15
4808.5967 2.0145e-15
4810.0391 2.3120e-15
4811.4829 2.3592e-15
4812.9253 2.6376e-15
4814.3696 2.2391e-15
4815.8145 2.2332e-15
4817.2588 2.3594e-15
4818.7041 2.3689e-15
4820.1489 2.3883e-15
4821.5957 2.0896e-15
4823.0425 2.4090e-15
4824.4893 2.2974e-15
4825.9365 2.1643e-15
4827.3843 2.3693e-15
4828.8325 2.2165e-15
4830.2808 2.3170e-15
4831.7300 2.2334e-15
4833.1792 2.3402e-15
4834.6294 2.2025e-15
4836.0796 2.2966e-15
4837.5308 2.2172e-15
4838.9819 2.1532e-15
4840.4336 2.3634e-15
4841.8862 1.8771e-15
4843.3384 2.3740e-15
4844.7915 2.1090e-15
4846.2446 2.0561e-15
4847.6987 2.0361e-15
4849.1528 2.0348e-15
4850.6079 2.2271e-15
4852.0635 2.0816e-15
4853.5186 2.0145e-15
4854.9746 1.9746e-15
4856.4312 1.9188e-15
4857.8882 2.0284e-15
4859.3457 1.9829e-15
4860.8027 2.0905e-15
4862.2617 2.0959e-15
4863.7202 2.3675e-15
4865.1792 2.1995e-15
4866.6387 2.1108e-15
4868.0986 2.4256e-15
4869.5591 2.5505e-15
4871.0205 2.0838e-15
4872.4814 1.9586e-15
4873.9434 2.2077e-15
4875.4053 1.9589e-15
4876.8682 2.1972e-15
4878.3311 2.1579e-15
4879.7944 1.9531e-15
4881.2588 2.0321e-15
4882.7231 2.0266e-15
4884.1870 2.2423e-15
4885.6533 1.9449e-15
4887.1187 2.1114e-15
4888.5845 2.0523e-15
4890.0513 2.2844e-15
4891.5181 2.1538e-15
4892.9858 1.9898e-15
4894.4536 1.8061e-15
4895.9219 2.0339e-15
4897.3906 2.0775e-15
4898.8599 2.0214e-15
4900.3296 2.0669e-15
4901.7998 2.2662e-15
4903.2700 2.1145e-15
4904.7412 2.2528e-15
4906.2124 2.0760e-15
4907.6846 1.9153e-15
4909.1567 2.0592e-15
4910.6294 2.1069e-15
4912.1030 2.0359e-15
4913.5762 2.0786e-15
4915.0503 1.9854e-15
4916.5254 2.1037e-15
4918.0000 1.9638e-15
4919.4756 2.0978e-15
4920.9512 2.1232e-15
4922.4272 1.9312e-15
4923.9043 2.0484e-15
4925.3818 1.9031e-15
4926.8589 1.9274e-15
4928.3369 2.0858e-15
4929.8159 1.8123e-15
4931.2944 1.9984e-15
4932.7734 1.8779e-15
4934.2539 1.9318e-15
4935.7344 2.0071e-15
4937.2148 2.0212e-15
4938.6963 1.9643e-15
4940.1772 1.9266e-15
4941.6592 1.9555e-15
4943.1426 2.1042e-15
4944.6250 1.8439e-15
4946.1084 1.9474e-15
4947.5923 1.9765e-15
4949.0762 1.7603e-15
4950.5610 1.9765e-15
4952.0464 2.0240e-15
4953.5322 2.0309e-15
4955.0181 2.0184e-15
4956.5044 2.0997e-15
4957.9917 1.9494e-15
4959.4790 2.0255e-15
4960.9668 1.8868e-15
4962.4551 1.8560e-15
4963.9438 1.9416e-15
4965.4331 1.9833e-15
4966.9229 2.2591e-15
4968.4126 1.8406e-15
4969.9033 1.9168e-15
4971.3940 2.2749e-15
4972.8857 1.8875e-15
4974.3774 2.2683e-15
4975.8696 2.1657e-15
4977.3628 2.1989e-15
4978.8560 2.0982e-15
4980.3496 1.8456e-15
4981.8438 1.8732e-15
4983.3379 1.9894e-15
4984.8335 1.8307e-15
4986.3286 1.8914e-15
4987.8242 1.9162e-15
4989.3208 2.0088e-15
4990.8179 1.9725e-15
4992.3149 2.0720e-15
4993.8125 2.0357e-15
4995.3110 1.8980e-15
4996.8096 1.9904e-15
4998.3081 2.0308e-15
4999.8076 1.8544e-15
5001.3081 1.8351e-15
5002.8081 2.0094e-15
5004.3091 1.8947e-15
5005.8101 2.0957e-15
5007.3125 1.9362e-15
5008.8140 2.2084e-15
5010.3169 2.1047e-15
5011.8198 1.7909e-15
5013.3237 2.1904e-15
5014.8276 1.9737e-15
5016.3315 1.9825e-15
5017.8369 2.0926e-15
5019.3423 2.1701e-15
5020.8477 2.0598e-15
5022.3540 1.7839e-15
5023.8604 1.9554e-15
5025.3682 2.1251e-15
5026.8755 1.9374e-15
5028.3843 2.0612e-15
5029.8921 2.0735e-15
5031.4014 2.1095e-15
5032.9106 2.1720e-15
5034.4204 2.2720e-15
5035.9312 1.9715e-15
5037.4414 2.2845e-15
5038.9531 2.0585e-15
5040.4644 2.1463e-15
5041.9771 2.0202e-15
5043.4893 2.1138e-15
5045.0024 2.3697e-15
5046.5161 2.0624e-15
5048.0298 2.2217e-15
5049.5439 2.3920e-15
5051.0591 2.1999e-15
5052.5747 2.0812e-15
5054.0898 2.0681e-15
5055.6064 2.4162e-15
5057.1230 2.2916e-15
5058.6396 2.4389e-15
5060.1577 2.2650e-15
5061.6763 2.0189e-15
5063.1943 2.1822e-15
5064.7134 2.3975e-15
5066.2329 2.3253e-15
5067.7524 2.2287e-15
5069.2729 2.3509e-15
5070.7935 2.4178e-15
5072.3149 2.6666e-15
5073.8369 2.2955e-15
5075.3584 2.3275e-15
5076.8813 2.1377e-15
5078.4048 2.3861e-15
5079.9282 2.2731e-15
5081.4517 2.5935e-15
5082.9766 2.4792e-15
5084.5010 2.3810e-15
5086.0269 2.2976e-15
5087.5527 2.3024e-15
5089.0786 2.4376e-15
5090.6055 2.5764e-15
5092.1323 2.5123e-15
5093.6602 2.4074e-15
5095.1885 2.5206e-15
5096.7168 2.3830e-15
5098.2461 2.3441e-15
5099.7754 2.3124e-15
5101.3057 2.3825e-15
5102.8359 2.4671e-15
5104.3667 2.7812e-15
5105.8975 2.4726e-15
5107.4297 2.4786e-15
5108.9614 2.5468e-15
5110.4946 2.6130e-15
5112.0273 2.4212e-15
5113.5610 2.3826e-15
5115.0952 2.5858e-15
5116.6304 2.6569e-15
5118.1650 2.4249e-15
5119.7002 2.3029e-15
5121.2363 2.4903e-15
5122.7725 2.4387e-15
5124.3091 2.5442e-15
5125.8467 2.2734e-15
5127.3843 2.4264e-15
5128.9224 2.3102e-15
5130.4619 2.4946e-15
5132.0005 2.3489e-15
5133.5405 2.1358e-15
5135.0801 2.4148e-15
5136.6211 2.4420e-15
5138.1621 2.4262e-15
5139.7031 2.4334e-15
5141.2451 2.3241e-15
5142.7871 2.4226e-15
5144.3301 2.1792e-15
5145.8730 2.5981e-15
5147.4170 2.4508e-15
5148.9614 2.3760e-15
5150.5063 2.4168e-15
5152.0518 2.5831e-15
5153.5972 2.4144e-15
5155.1426 2.3286e-15
5156.6895 2.6249e-15
5158.2368 2.5005e-15
5159.7847 2.3089e-15
5161.3320 2.3349e-15
5162.8804 2.3140e-15
5164.4292 2.1855e-15
5165.9780 2.3923e-15
5167.5283 2.7495e-15
5169.0786 2.4158e-15
5170.6294 2.4194e-15
5172.1812 2.8137e-15
5173.7324 2.5062e-15
5175.2842 2.5136e-15
5176.8369 2.4275e-15
5178.3901 2.4497e-15
5179.9434 2.3476e-15
5181.4976 2.4517e-15
5183.0522 2.3582e-15
5184.6069 2.2941e-15
5186.1626 2.6319e-15
5187.7178 2.6300e-15
5189.2749 2.5870e-15
5190.8306 2.4475e-15
5192.3882 2.4448e-15
5193.9463 2.2677e-15
5195.5044 2.3027e-15
5197.0630 2.2714e-15
5198.6221 2.4693e-15
5200.1816 2.3626e-15
5201.7412 2.5687e-15
5203.3022 2.3866e-15
5204.8633 2.3143e-15
5206.4248 2.2679e-15
5207.9868 2.2688e-15
5209.5493 2.3318e-15
5211.1118 2.5937e-15
5212.6758 2.3315e-15
5214.2393 2.2760e-15
5215.8032 2.4548e-15
5217.3682 2.2605e-15
5218.9336 2.0413e-15
5220.4990 2.0738e-15
5222.0649 2.1729e-15
5223.6318 2.3889e-15
5225.1987 2.4501e-15
5226.7666 2.0849e-15
5228.3345 2.0242e-15
5229.9033 2.1777e-15
5231.4722 1.9789e-15
5233.0415 2.0050e-15
5234.6113 2.2026e-15
5236.1816 2.2673e-15
5237.7529 2.1166e-15
5239.3237 2.0084e-15
5240.8955 1.7947e-15
5242.4678 1.9491e-15
5244.0405 1.9441e-15
5245.6143 2.1680e-15
5247.1875 2.0965e-15
5248.7617 1.8728e-15
5250.3369 1.8407e-15
5251.9116 2.0218e-15
5253.4868 2.0127e-15
5255.0630 2.0558e-15
5256.6396 1.9828e-15
5258.2163 2.1718e-15
5259.7939 1.8960e-15
5261.3716 2.1214e-15
5262.9507 1.9952e-15
5264.5288 2.1405e-15
5266.1084 1.8419e-15
5267.6880 1.8939e-15
5269.2690 2.0069e-15
5270.8491 1.8473e-15
5272.4307 2.1377e-15
5274.0127 2.0352e-15
5275.5952 1.9843e-15
5277.1772 2.1205e-15
5278.7607 2.1446e-15
5280.3442 1.9002e-15
5281.9282 1.8840e-15
5283.5127 2.0547e-15
5285.0981 1.9914e-15
5286.6836 1.9688e-15
5288.2695 1.9554e-15
5289.8555 2.0185e-15
5291.4429 2.0420e-15
5293.0303 1.9827e-15
5294.6182 1.9147e-15
5296.2065 1.9211e-15
5297.7954 2.1070e-15
5299.3848 1.9615e-15
5300.9751 1.9651e-15
5302.5649 1.9656e-15
5304.1562 1.9038e-15
5305.7471 1.9112e-15
5307.3389 1.8076e-15
5308.9307 1.8323e-15
5310.5234 1.8853e-15
5312.1172 2.0878e-15
5313.7104 1.8582e-15
5315.3042 1.9763e-15
5316.8994 2.0843e-15
5318.4937 1.8408e-15
5320.0898 2.1469e-15
5321.6860 1.9941e-15
5323.2822 2.0523e-15
5324.8789 2.0420e-15
5326.4766 1.9248e-15
5328.0747 2.1680e-15
5329.6729 1.8973e-15
5331.2720 2.0530e-15
5332.8711 1.6862e-15
5334.4712 2.0012e-15
5336.0713 2.0049e-15
5337.6719 1.8921e-15
5339.2734 1.9393e-15
5340.8750 2.0327e-15
5342.4775 1.9784e-15
5344.0806 2.0642e-15
5345.6836 2.0973e-15
5347.2871 2.1066e-15
5348.8911 1.9234e-15
5350.4966 1.9921e-15
5352.1011 2.1854e-15
5353.7070 1.9945e-15
5355.3130 1.9742e-15
5356.9199 1.9827e-15
5358.5269 1.8374e-15
5360.1343 1.9276e-15
5361.7422 2.0366e-15
5363.3511 1.8688e-15
5364.9600 1.9741e-15
5366.5693 1.8895e-15
5368.1792 1.9421e-15
5369.7896 2.1834e-15
5371.4009 1.9934e-15
5373.0122 1.8990e-15
5374.6240 1.9543e-15
5376.2363 1.9393e-15
5377.8491 2.0506e-15
5379.4629 1.9827e-15
5381.0767 1.8079e-15
5382.6909 1.9552e-15
5384.3057 1.9965e-15
5385.9209 1.4972e-15
5387.5366 1.7402e-15
5389.1528 1.8008e-15
5390.7695 1.6234e-15
5392.3872 1.7841e-15
5394.0044 1.8511e-15
5395.6226 1.9360e-15
5397.2417 1.9757e-15
5398.8604 1.6034e-15
5400.4805 1.8994e-15
5402.1006 1.8408e-15
5403.7207 1.7240e-15
5405.3423 1.8127e-15
5406.9639 1.9398e-15
5408.5859 1.9814e-15
5410.2080 1.8710e-15
5411.8315 1.9831e-15
5413.4551 1.6979e-15
5415.0791 1.7374e-15
5416.7036 1.7781e-15
5418.3281 1.7127e-15
5419.9541 1.8105e-15
5421.5806 1.8484e-15
5423.2065 1.7414e-15
5424.8335 1.8606e-15
5426.4609 1.7379e-15
5428.0889 1.6542e-15
5429.7173 1.7501e-15
5431.3467 1.8216e-15
5432.9756 1.5694e-15
5434.6055 1.8041e-15
5436.2363 1.7862e-15
5437.8672 1.6973e-15
5439.4980 1.7164e-15
5441.1299 1.6716e-15
5442.7627 1.6675e-15
5444.3950 1.4673e-15
5446.0288 1.6757e-15
5447.6626 1.7015e-15
5449.2964 1.6642e-15
5450.9316 1.5998e-15
5452.5669 1.8628e-15
5454.2026 1.7062e-15
5455.8389 1.5879e-15
5457.4751 1.8183e-15
5459.1128 1.6987e-15
5460.7505 1.6359e-15
5462.3887 1.6826e-15
5464.0278 1.7367e-15
5465.6670 1.6205e-15
5467.3062 1.8459e-15
5468.9463 1.5933e-15
5470.5874 1.7832e-15
5472.2285 1.6983e-15
5473.8701 1.8363e-15
5475.5122 1.7399e-15
5477.1548 1.8007e-15
5478.7983 1.7106e-15
5480.4419 1.7671e-15
5482.0859 1.6017e-15
5483.7305 1.7553e-15
5485.3755 1.7125e-15
5487.0215 1.6969e-15
5488.6670 1.9156e-15
5490.3135 1.8233e-15
5491.9609 1.8473e-15
5493.6089 1.9593e-15
5495.2568 1.8151e-15
5496.9053 1.8726e-15
5498.5542 1.8175e-15
5500.2041 1.9847e-15
5501.8540 1.8783e-15
5503.5044 1.7825e-15
5505.1553 1.9686e-15
5506.8076 1.9589e-15
5508.4595 1.8832e-15
5510.1118 1.7585e-15
5511.7646 2.0053e-15
5513.4185 1.9071e-15
5515.0723 1.7783e-15
5516.7266 2.1641e-15
5518.3818 1.9367e-15
5520.0371 2.0295e-15
5521.6934 1.9146e-15
5523.3501 1.7679e-15
5525.0068 1.8407e-15
5526.6646 1.5881e-15
5528.3223 1.8130e-15
5529.9810 1.9865e-15
5531.6401 1.7136e-15
5533.2993 1.8898e-15
5534.9590 1.7308e-15
5536.6201 1.8937e-15
5538.2803 1.9312e-15
5539.9419 1.8315e-15
5541.6040 1.9107e-15
5543.2666 1.7463e-15
5544.9292 1.7244e-15
5546.5933 1.8264e-15
5548.2568 1.8135e-15
5549.9214 1.7429e-15
5551.5864 1.9668e-15
5553.2520 1.9889e-15
5554.9180 1.6212e-15
5556.5845 1.6277e-15
5558.2515 1.8004e-15
5559.9189 1.9991e-15
5561.5874 1.6874e-15
5563.2559 1.7425e-15
5564.9248 1.8533e-15
5566.5938 1.8773e-15
5568.2642 1.7074e-15
5569.9341 1.8525e-15
5571.6055 1.9918e-15
5573.2769 1.8169e-15
5574.9492 1.7319e-15
5576.6211 1.8737e-15
5578.2944 1.9157e-15
5579.9678 1.9267e-15
5581.6416 1.7400e-15
5583.3164 1.7607e-15
5584.9917 1.9781e-15
5586.6665 1.8354e-15
5588.3428 1.8059e-15
5590.0195 1.6579e-15
5591.6963 1.8665e-15
5593.3735 1.7544e-15
5595.0518 1.7360e-15
5596.7305 1.5758e-15
5598.4092 2.0518e-15
5600.0894 1.6691e-15
5601.7690 1.7584e-15
5603.4492 2.1069e-15
5605.1304 1.8911e-15
5606.8120 1.8833e-15
5608.4941 1.6320e-15
5610.1768 1.9386e-15
5611.8599 1.5948e-15
5613.5430 1.8075e-15
5615.2271 1.6473e-15
5616.9121 1.7468e-15
5618.5967 1.9091e-15
5620.2822 1.7880e-15
5621.9688 1.9139e-15
5623.6553 1.7782e-15
5625.3423 1.5908e-15
5627.0293 1.8011e-15
5628.7178 1.6849e-15
5630.4067 1.6334e-15
5632.0962 1.7291e-15
5633.7852 1.7678e-15
5635.4761 1.6149e-15
5637.1660 1.8155e-15
5638.8574 1.8747e-15
5640.5493 1.7033e-15
5642.2407 1.8010e-15
5643.9336 1.3570e-15
5645.6270 1.7622e-15
5647.3203 1.7100e-15
5649.0146 1.6339e-15
5650.7095 1.7650e-15
5652.4043 1.6206e-15
5654.1006 1.7172e-15
5655.7969 1.6347e-15
5657.4937 1.8128e-15
5659.1904 1.5986e-15
5660.8882 1.7991e-15
5662.5869 1.5159e-15
5664.2852 1.7969e-15
5665.9849 1.6389e-15
5667.6846 1.6849e-15
5669.3848 1.6045e-15
5671.0854 1.5890e-15
5672.7866 1.6818e-15
5674.4888 1.4291e-15
5676.1909 1.7396e-15
5677.8936 1.5661e-15
5679.5977 1.5844e-15
5681.3013 1.5565e-15
5683.0054 1.7400e-15
5684.7109 1.5925e-15
5686.4160 1.4725e-15
5688.1221 1.6267e-15
5689.8286 1.5979e-15
5691.5356 1.5590e-15
5693.2432 1.5262e-15
5694.9507 1.4378e-15
5696.6592 1.5356e-15
5698.3682 1.3894e-15
5700.0776 1.3613e-15
5701.7876 1.5391e-15
5703.4980 1.5411e-15
5705.2090 1.5797e-15
5706.9214 1.2905e-15
5708.6328 1.3306e-15
5710.3457 1.4260e-15
5712.0586 1.5160e-15
5713.7720 1.5447e-15
5715.4863 1.3338e-15
5717.2007 1.4093e-15
5718.9165 1.3980e-15
5720.6318 1.2974e-15
5722.3481 1.4561e-15
5724.0645 1.3595e-15
5725.7817 1.3831e-15
5727.4995 1.5116e-15
5729.2183 1.4079e-15
5730.9365 1.3199e-15
5732.6558 1.3767e-15
5734.3755 1.4190e-15
5736.0962 1.4291e-15
5737.8169 1.2410e-15
5739.5381 1.5622e-15
5741.2603 1.2985e-15
5742.9829 1.4213e-15
5744.7056 1.3739e-15
5746.4287 1.2169e-15
5748.1528 1.3169e-15
5749.8774 1.5159e-15
5751.6025 1.3737e-15
5753.3276 1.4265e-15
5755.0532 1.3237e-15
5756.7803 1.4837e-15
5758.5073 1.4941e-15
5760.2349 1.3362e-15
5761.9629 1.3740e-15
5763.6914 1.4670e-15
5765.4204 1.4769e-15
5767.1504 1.4695e-15
5768.8799 1.3177e-15
5770.6108 1.1718e-15
5772.3418 1.2700e-15
5774.0737 1.3432e-15
5775.8057 1.5824e-15
5777.5391 1.5289e-15
5779.2720 1.3541e-15
5781.0059 1.2280e-15
5782.7402 1.5029e-15
5784.4751 1.3614e-15
5786.2104 1.3822e-15
5787.9463 1.4925e-15
5789.6826 1.3085e-15
5791.4194 1.5091e-15
5793.1567 1.5383e-15
5794.8950 1.5161e-15
5796.6333 1.3498e-15
5798.3721 1.2820e-15
5800.1113 1.2230e-15
5801.8521 1.3474e-15
5803.5928 1.3373e-15
5805.3335 1.4147e-15
5807.0747 1.5085e-15
5808.8174 1.3975e-15
5810.5601 1.4779e-15
5812.3032 1.4004e-15
5814.0464 1.4206e-15
5815.7910 1.3953e-15
5817.5356 1.4447e-15
5819.2808 1.6536e-15
5821.0269 1.3594e-15
5822.7734 1.5482e-15
5824.5200 1.5065e-15
5826.2666 1.5313e-15
5828.0151 1.3379e-15
5829.7632 1.3713e-15
5831.5122 1.4015e-15
5833.2612 1.3314e-15
5835.0117 1.7553e-15
5836.7622 1.4910e-15
5838.5132 1.5744e-15
5840.2651 1.2880e-15
5842.0171 1.5902e-15
5843.7695 1.5652e-15
5845.5229 1.4802e-15
5847.2764 1.4966e-15
5849.0303 1.5347e-15
5850.7852 1.2886e-15
5852.5405 1.4099e-15
5854.2964 1.6686e-15
5856.0527 1.5987e-15
5857.8091 1.4398e-15
5859.5669 1.5279e-15
5861.3252 1.4407e-15
5863.0830 1.4082e-15
5864.8418 1.4626e-15
5866.6011 1.6644e-15
5868.3618 1.5866e-15
5870.1221 1.5078e-15
5871.8823 1.5065e-15
5873.6445 1.4155e-15
5875.4067 1.5654e-15
5877.1689 1.4195e-15
5878.9321 1.4927e-15
5880.6963 1.2607e-15
5882.4600 1.5633e-15
5884.2251 1.5050e-15
5885.9907 1.4566e-15
5887.7559 1.2290e-15
5889.5220 1.4737e-15
5891.2896 1.4532e-15
5893.0566 1.4119e-15
5894.8247 1.3682e-15
5896.5928 1.4920e-15
5898.3618 1.4869e-15
5900.1313 1.5021e-15
5901.9014 1.3207e-15
5903.6724 1.5252e-15
5905.4434 1.3566e-15
5907.2148 1.3163e-15
5908.9873 1.5880e-15
5910.7603 1.4480e-15
5912.5332 1.3959e-15
5914.3066 1.3103e-15
5916.0811 1.3504e-15
5917.8560 1.3054e-15
5919.6309 1.3041e-15
5921.4067 1.3299e-15
5923.1836 1.4663e-15
5924.9600 1.1347e-15
5926.7383 1.4048e-15
5928.5156 1.4105e-15
5930.2944 1.4662e-15
5932.0732 1.3551e-15
5933.8530 1.3619e-15
5935.6338 1.4026e-15
5937.4141 1.3711e-15
5939.1953 1.2337e-15
5940.9771 1.3008e-15
5942.7593 1.4725e-15
5944.5420 1.3588e-15
5946.3257 1.4347e-15
5948.1094 1.2729e-15
5949.8940 1.4230e-15
5951.6787 1.2773e-15
5953.4644 1.4420e-15
5955.2500 1.4736e-15
5957.0366 1.2883e-15
5958.8242 1.3124e-15
5960.6118 1.5564e-15
5962.3999 1.3554e-15
5964.1885 1.4556e-15
5965.9775 1.3521e-15
5967.7676 1.3322e-15
5969.5576 1.1669e-15
5971.3486 1.4307e-15
5973.1401 1.4262e-15
5974.9321 1.4423e-15
5976.7246 1.2848e-15
5978.5176 1.2775e-15
5980.3105 1.1966e-15
5982.1055 1.2496e-15
5983.8999 1.3237e-15
5985.6948 1.3412e-15
5987.4907 1.5171e-15
5989.2871 1.2210e-15
5991.0840 1.3764e-15
5992.8813 1.2342e-15
5994.6792 1.1714e-15
5996.4775 1.3965e-15
5998.2764 1.1723e-15
6000.0757 1.3394e-15
6001.8760 1.2286e-15
6003.6768 1.4263e-15
6005.4775 1.4822e-15
6007.2798 1.5494e-15
6009.0815 1.2449e-15
6010.8838 1.5189e-15
6012.6870 1.4350e-15
6014.4912 1.2878e-15
6016.2954 1.1515e-15
6018.1001 1.4059e-15
6019.9058 1.2220e-15
6021.7114 1.2330e-15
6023.5181 1.2972e-15
6025.3257 1.3331e-15
6027.1333 1.4140e-15
6028.9414 1.1785e-15
6030.7495 1.2011e-15
6032.5591 1.4097e-15
6034.3687 1.2722e-15
6036.1787 1.3231e-15
6037.9902 1.2514e-15
6039.8013 1.1360e-15
6041.6138 1.3964e-15
6043.4258 1.1537e-15
6045.2393 1.3091e-15
6047.0522 1.2507e-15
6048.8667 1.2588e-15
6050.6812 1.3534e-15
6052.4961 1.1341e-15
6054.3120 1.1569e-15
6056.1284 1.1542e-15
6057.9453 1.2542e-15
6059.7627 1.2654e-15
6061.5811 1.2193e-15
6063.3989 1.3570e-15
6065.2178 1.0882e-15
6067.0376 1.1541e-15
6068.8579 1.1332e-15
6070.6782 1.1421e-15
6072.4995 1.1684e-15
6074.3213 1.1319e-15
6076.1436 1.0518e-15
6077.9668 1.1461e-15
6079.7896 1.1300e-15
6081.6138 1.0889e-15
6083.4385 1.1676e-15
6085.2632 1.1957e-15
6087.0889 1.0439e-15
6088.9150 9.0717e-16
6090.7417 9.7115e-16
6092.5693 9.7107e-16
6094.3965 9.4811e-16
6096.2251 1.1601e-15
6098.0542 8.7542e-16
6099.8833 9.8561e-16
6101.7134 9.5258e-16
6103.5435 8.5175e-16
6105.3750 9.7895e-16
6107.2065 1.0392e-15
6109.0386 1.0084e-15
6110.8711 8.5984e-16
6112.7046 8.0704e-16
6114.5386 8.8913e-16
6116.3730 7.8007e-16
6118.2080 7.8500e-16
6120.0425 7.9003e-16
6121.8794 8.2482e-16
6123.7158 8.2038e-16
6125.5527 7.8494e-16
6127.3901 8.3486e-16
6129.2285 8.0032e-16
6131.0674 7.9954e-16
6132.9067 9.4647e-16
6134.7466 8.6571e-16
6136.5869 8.2653e-16
6138.4282 9.1659e-16
6140.2700 9.1001e-16
6142.1118 8.7332e-16
6143.9546 9.3237e-16
6145.7979 9.1436e-16
6147.6406 9.0320e-16
6149.4854 1.0225e-15
6151.3301 8.9396e-16
6153.1763 8.9828e-16
6155.0220 9.0138e-16
6156.8682 8.6008e-16
6158.7153 9.7163e-16
6160.5630 8.4291e-16
6162.4111 1.0142e-15
6164.2593 9.6163e-16
6166.1094 8.9707e-16
6167.9590 8.8915e-16
6169.8091 8.1099e-16
6171.6602 9.2499e-16
6173.5117 1.0312e-15
6175.3638 9.0432e-16
6177.2163 9.9118e-16
6179.0693 1.0281e-15
6180.9233 8.2911e-16
6182.7773 9.6802e-16
6184.6328 9.7939e-16
6186.4878 9.6156e-16
6188.3442 1.0737e-15
6190.2007 1.1217e-15
6192.0571 9.8439e-16
6193.9150 1.1522e-15
6195.7729 1.0102e-15
6197.6318 9.8720e-16
6199.4912 8.9672e-16
6201.3511 1.0400e-15
6203.2114 1.1056e-15
6205.0723 9.4975e-16
6206.9336 9.0313e-16
6208.7959 1.0390e-15
6210.6587 1.0748e-15
6212.5220 9.3891e-16
6214.3857 1.0585e-15
6216.2495 1.0488e-15
6218.1147 1.1185e-15
6219.9805 1.0091e-15
6221.8457 9.0760e-16
6223.7124 1.1302e-15
6225.5801 1.0231e-15
6227.4473 1.0750e-15
6229.3154 1.0950e-15
6231.1846 1.0131e-15
6233.0537 1.1685e-15
6234.9238 1.0586e-15
6236.7944 1.1126e-15
6238.6650 1.0527e-15
6240.5371 9.8246e-16
6242.4092 1.1509e-15
6244.2817 1.1143e-15
6246.1548 1.1558e-15
6248.0283 1.0905e-15
6249.9033 1.0639e-15
6251.7778 9.5434e-16
6253.6538 1.1033e-15
6255.5303 9.2314e-16
6257.4067 1.0892e-15
6259.2842 1.1362e-15
6261.1616 1.1534e-15
6263.0396 1.1005e-15
6264.9189 1.1989e-15
6266.7983 1.1037e-15
6268.6787 1.1293e-15
6270.5591 1.1153e-15
6272.4399 1.0033e-15
6274.3218 1.0605e-15
6276.2041 1.1026e-15
6278.0869 1.0257e-15
6279.9707 1.0646e-15
6281.8545 1.0481e-15
6283.7393 8.9619e-16
6285.6240 1.1271e-15
6287.5098 1.0615e-15
6289.3965 1.0998e-15
6291.2827 8.3280e-16
6293.1699 1.0176e-15
6295.0581 1.1113e-15
6296.9468 1.1025e-15
6298.8359 1.0956e-15
6300.7251 8.8756e-16
6302.6157 1.0850e-15
6304.5063 1.0725e-15
6306.3979 9.4881e-16
6308.2900 1.1313e-15
6310.1821 9.9227e-16
6312.0757 1.0318e-15
6313.9692 8.8429e-16
6315.8633 1.0093e-15
6317.7578 1.1607e-15
6319.6528 8.7440e-16
6321.5488 1.0070e-15
6323.4453 9.7184e-16
6325.3428 9.3702e-16
6327.2402 1.1349e-15
6329.1382 9.5261e-16
6331.0371 1.0422e-15
6332.9365 1.1423e-15
6334.8364 9.9478e-16
6336.7368 1.0023e-15
6338.6377 1.1584e-15
6340.5396 9.9613e-16
6342.4414 1.0384e-15
6344.3447 9.7119e-16
6346.2476 1.1537e-15
6348.1514 9.9269e-16
6350.0557 9.4249e-16
6351.9609 9.7690e-16
6353.8662 8.3984e-16
6355.7729 1.0120e-15
6357.6797 9.3524e-16
6359.5864 1.0470e-15
6361.4946 1.0485e-15
6363.4028 1.0234e-15
6365.3120 9.0391e-16
6367.2212 9.9279e-16
6369.1318 9.3225e-16
6371.0430 9.2038e-16
6372.9541 1.1228e-15
6374.8657 8.9280e-16
6376.7783 9.0595e-16
6378.6914 1.0252e-15
6380.6045 1.0272e-15
6382.5190 9.7225e-16
6384.4336 9.7972e-16
6386.3491 1.0799e-15
6388.2651 9.7513e-16
6390.1816 9.5878e-16
6392.0986 9.2339e-16
6394.0161 1.0517e-15
6395.9341 9.2447e-16
6397.8530 9.4769e-16
6399.7725 1.0680e-15
6401.6924 9.3981e-16
6403.6128 1.0630e-15
6405.5342 1.1622e-15
6407.4556 8.9652e-16
6409.3779 7.9867e-16
6411.3008 8.5701e-16
6413.2241 8.9041e-16
6415.1479 8.2444e-16
6417.0723 7.4661e-16
6418.9976 9.5495e-16
6420.9233 1.0255e-15
6422.8501 1.0030e-15
6424.7764 8.2788e-16
6426.7041 8.8151e-16
6428.6318 7.5548e-16
6430.5605 8.9024e-16
6432.4897 1.0304e-15
6434.4194 9.8227e-16
6436.3501 9.3490e-16
6438.2812 8.8677e-16
6440.2119 8.3606e-16
6442.1440 8.1372e-16
6444.0771 8.4328e-16
6446.0103 8.3886e-16
6447.9438 8.3205e-16
6449.8784 8.7284e-16
6451.8135 9.3570e-16
6453.7490 7.1647e-16
6455.6851 9.6558e-16
6457.6221 9.5057e-16
6459.5586 8.7332e-16
6461.4966 8.5254e-16
6463.4351 9.2128e-16
6465.3745 9.2050e-16
6467.3140 9.6208e-16
6469.2544 7.3787e-16
6471.1953 8.4717e-16
6473.1362 7.8811e-16
6475.0781 7.4092e-16
6477.0205 7.9502e-16
6478.9639 8.4105e-16
6480.9077 7.3295e-16
6482.8516 8.8978e-16
6484.7969 7.7362e-16
6486.7427 6.9004e-16
6488.6875 7.6406e-16
6490.6343 8.2157e-16
6492.5820 8.2133e-16
6494.5293 7.3691e-16
6496.4780 8.1060e-16
6498.4272 9.4416e-16
6500.3765 7.8185e-16
6502.3267 8.5918e-16
6504.2769 7.1586e-16
6506.2285 6.5739e-16
6508.1812 7.6799e-16
6510.1328 8.5206e-16
6512.0859 7.2982e-16
6514.0391 7.6471e-16
6515.9941 7.6745e-16
6517.9482 7.3211e-16
6519.9038 6.6870e-16
6521.8599 7.8840e-16
6523.8169 6.6833e-16
6525.7739 7.1260e-16
6527.7314 6.8186e-16
6529.6899 5.2158e-16
6531.6489 6.2749e-16
6533.6079 8.1768e-16
6535.5679 6.7243e-16
6537.5288 7.9594e-16
6539.4902 6.7337e-16
6541.4521 7.1282e-16
6543.4146 7.3369e-16
6545.3774 6.2847e-16
6547.3408 8.6740e-16
6549.3057 5.9422e-16
6551.2700 7.3143e-16
6553.2349 7.9597e-16
6555.2012 6.8099e-16
6557.1680 8.1067e-16
6559.1348 7.0348e-16
6561.1035 6.6163e-16
6563.0713 6.6231e-16
6565.0396 5.6511e-16
6567.0098 7.2550e-16
6568.9795 7.4997e-16
6570.9502 5.8204e-16
6572.9214 6.1114e-16
6574.8936 6.8230e-16
6576.8662 5.5924e-16
6578.8394 6.6055e-16
6580.8125 6.4078e-16
6582.7866 6.7868e-16
6584.7622 6.8286e-16
6586.7373 5.4436e-16
6588.7134 6.5236e-16
6590.6899 5.9945e-16
6592.6675 6.0563e-16
6594.6450 6.0885e-16
6596.6230 5.7785e-16
6598.6025 5.5993e-16
6600.5815 7.1836e-16
6602.5620 5.4972e-16
6604.5425 6.6149e-16
6606.5239 5.2082e-16
6608.5063 5.4569e-16
6610.4888 6.5032e-16
6612.4717 6.5733e-16
6614.4561 4.5375e-16
6616.4399 7.9985e-16
6618.4248 6.2339e-16
6620.4102 5.5868e-16
6622.3970 5.4043e-16
6624.3833 5.9391e-16
6626.3711 6.0467e-16
6628.3584 5.0477e-16
6630.3472 6.0551e-16
6632.3359 6.2068e-16
6634.3257 5.2064e-16
6636.3159 4.5594e-16
6638.3071 5.2917e-16
6640.2988 5.9597e-16
6642.2905 5.7853e-16
6644.2832 6.3248e-16
6646.2764 5.1776e-16
6648.2705 5.2564e-16
6650.2651 5.8132e-16
6652.2598 5.9459e-16
6654.2554 5.3642e-16
6656.2520 5.4655e-16
6658.2485 5.3388e-16
6660.2461 6.0361e-16
6662.2441 5.5700e-16
6664.2427 6.2099e-16
6666.2422 5.7413e-16
6668.2422 4.8889e-16
6670.2427 6.1890e-16
6672.2437 4.1750e-16
6674.2456 5.4184e-16
6676.2476 5.5840e-16
6678.2500 4.9411e-16
6680.2539 5.4372e-16
6682.2583 5.4442e-16
6684.2627 6.1933e-16
6686.2681 5.0969e-16
6688.2739 5.4321e-16
6690.2798 5.1323e-16
6692.2876 5.6633e-16
6694.2954 4.8831e-16
6696.3032 5.0795e-16
6698.3125 5.3926e-16
6700.3218 5.1330e-16
6702.3320 5.4987e-16
6704.3423 6.1016e-16
6706.3540 5.1190e-16
6708.3657 5.4371e-16
6710.3789 4.9756e-16
6712.3916 6.0225e-16
6714.4053 5.9964e-16
6716.4194 5.9744e-16
6718.4346 5.1221e-16
6720.4502 5.2418e-16
6722.4663 4.7038e-16
6724.4834 4.6969e-16
6726.5000 4.7958e-16
6728.5181 4.4295e-16
6730.5366 5.4698e-16
6732.5562 5.5243e-16
6734.5757 4.5728e-16
6736.5962 5.3570e-16
6738.6167 4.5114e-16
6740.6382 4.9036e-16
6742.6611 4.9382e-16
6744.6836 5.3766e-16
6746.7065 5.8598e-16
6748.7310 5.5540e-16
6750.7559 5.2859e-16
6752.7812 5.7018e-16
6754.8071 4.5970e-16
6756.8335 5.2815e-16
6758.8599 4.4686e-16
6760.8882 5.7229e-16
6762.9155 4.3659e-16
6764.9448 4.9169e-16
6766.9741 5.2960e-16
6769.0049 4.6826e-16
6771.0352 6.9550e-16
6773.0669 4.6954e-16
6775.0981 5.8831e-16
6777.1309 4.3611e-16
6779.1646 4.5330e-16
6781.1982 5.4360e-16
6783.2319 4.8346e-16
6785.2671 4.8222e-16
6787.3027 4.4128e-16
6789.3389 5.1624e-16
6791.3760 5.1075e-16
6793.4126 4.3982e-16
6795.4512 4.4196e-16
6797.4902 4.7016e-16
6799.5288 4.6788e-16
6801.5693 4.2680e-16
6803.6094 4.6022e-16
6805.6504 4.9000e-16
6807.6924 5.5527e-16
6809.7349 4.0918e-16
6811.7778 4.9659e-16
6813.8213 5.7139e-16
6815.8647 4.9047e-16
6817.9092 4.7413e-16
6819.9551 6.1360e-16
6822.0015 5.9870e-16
6824.0474 4.7657e-16
6826.0947 5.2416e-16
6828.1431 5.1924e-16
6830.1914 4.8124e-16
6832.2402 4.6307e-16
6834.2900 4.3678e-16
6836.3403 6.8268e-16
6838.3911 5.0053e-16
6840.4434 5.1688e-16
6842.4946 3.8464e-16
6844.5479 5.8438e-16
6846.6011 5.3975e-16
6848.6548 5.2398e-16
6850.7100 4.0778e-16
6852.7646 4.3752e-16
6854.8208 5.8375e-16
6856.8765 4.1314e-16
6858.9336 4.6646e-16
6860.9917 4.0618e-16
6863.0498 5.4811e-16
6865.1094 5.6092e-16
6867.1689 3.8844e-16
6869.2285 4.4063e-16
6871.2900 5.1813e-16
6873.3506 4.4368e-16
6875.4126 5.0057e-16
6877.4756 5.4590e-16
6879.5386 5.4968e-16
6881.6025 4.8178e-16
6883.6670 4.8074e-16
6885.7319 4.7430e-16
6887.7979 4.9313e-16
6889.8643 4.6029e-16
6891.9307 4.8392e-16
6893.9990 5.0566e-16
6896.0669 3.9599e-16
6898.1357 4.7207e-16
6900.2051 4.8391e-16
6902.2754 3.9278e-16
6904.3462 5.7913e-16
6906.4170 5.7747e-16
6908.4888 4.6447e-16
6910.5620 4.2258e-16
6912.6348 6.4447e-16
6914.7085 4.1125e-16
6916.7832 5.2239e-16
6918.8584 4.3700e-16
6920.9341 4.1204e-16
6923.0098 4.4758e-16
6925.0869 5.0558e-16
6927.1646 4.6268e-16
6929.2422 5.0526e-16
6931.3213 4.1543e-16
6933.4009 4.3573e-16
6935.4810 4.3332e-16
6937.5615 5.1543e-16
6939.6431 4.5893e-16
6941.7246 4.3298e-16
6943.8071 4.8277e-16
6945.8901 5.1223e-16
6947.9741 4.3895e-16
6950.0586 5.0151e-16
6952.1436 5.1666e-16
6954.2290 5.7084e-16
6956.3149 4.9767e-16
6958.4023 4.8235e-16
6960.4897 4.7092e-16
6962.5781 5.6436e-16
6964.6665 5.1698e-16
6966.7563 4.8829e-16
6968.8462 4.5361e-16
6970.9370 4.8024e-16
6973.0283 5.0243e-16
6975.1201 4.2561e-16
6977.2124 5.0110e-16
6979.3057 4.6535e-16
6981.3994 4.6942e-16
6983.4941 4.4283e-16
6985.5889 4.3154e-16
6987.6846 4.9479e-16
6989.7808 4.6321e-16
6991.8779 4.9757e-16
6993.9756 4.5761e-16
6996.0737 5.0547e-16
6998.1724 4.4519e-16
7000.2715 4.8645e-16
7002.3721 4.7179e-16
7004.4727 4.0485e-16
7006.5737 4.4088e-16
7008.6763 4.2874e-16
7010.7783 4.3474e-16
7012.8818 4.3320e-16
7014.9858 4.8908e-16
7017.0898 4.5412e-16
7019.1953 4.3088e-16
7021.3008 4.3370e-16
7023.4072 4.7338e-16
7025.5146 4.0885e-16
7027.6226 5.4870e-16
7029.7305 4.4850e-16
7031.8394 4.1129e-16
7033.9492 4.4831e-16
7036.0591 3.8442e-16
7038.1694 4.1034e-16
7040.2812 3.4523e-16
7042.3931 4.6926e-16
7044.5059 4.6120e-16
7046.6196 4.9725e-16
7048.7334 3.7231e-16
7050.8481 4.0864e-16
7052.9634 4.4308e-16
7055.0791 4.0757e-16
7057.1958 4.0151e-16
7059.3125 4.1961e-16
7061.4307 4.3620e-16
7063.5493 4.7907e-16
7065.6685 4.4658e-16
7067.7881 4.2629e-16
7069.9082 3.2873e-16
7072.0298 4.7499e-16
7074.1509 3.8653e-16
7076.2734 4.0743e-16
7078.3960 4.6126e-16
7080.5195 5.3841e-16
7082.6436 4.3602e-16
7084.7681 5.2345e-16
7086.8940 4.2176e-16
7089.0200 3.4932e-16
7091.1465 4.0922e-16
7093.2734 4.0202e-16
7095.4019 3.4703e-16
7097.5308 4.4089e-16
7099.6602 4.2298e-16
7101.7900 4.3399e-16
7103.9204 3.9768e-16
7106.0513 4.4765e-16
7108.1836 4.2077e-16
7110.3159 3.7224e-16
7112.4492 4.8109e-16
7114.5825 4.7397e-16
7116.7163 3.9567e-16
7118.8521 3.8287e-16
7120.9878 3.8565e-16
7123.1240 3.8021e-16
7125.2607 3.9717e-16
7127.3984 4.2401e-16
7129.5361 4.1849e-16
7131.6753 3.8101e-16
7133.8149 3.5600e-16
7135.9551 4.0589e-16
7138.0957 3.7997e-16
7140.2373 4.5038e-16
7142.3794 3.6577e-16
7144.5220 5.4359e-16
7146.6655 3.5246e-16
7148.8091 3.4145e-16
7150.9536 3.2246e-16
7153.0996 4.6227e-16
7155.2456 4.3119e-16
7157.3921 4.3156e-16
7159.5391 3.5523e-16
7161.6870 3.3161e-16
7163.8350 4.3454e-16
7165.9849 3.4535e-16
7168.1348 3.3160e-16
7170.2847 3.6401e-16
7172.4360 3.9073e-16
7174.5874 3.0447e-16
7176.7402 3.2458e-16
7178.8931 2.6969e-16
7181.0469 4.1444e-16
7183.2012 4.0003e-16
7185.3560 3.0152e-16
7187.5117 3.8122e-16
7189.6680 3.9097e-16
7191.8247 3.3585e-16
7193.9824 4.2086e-16
7196.1401 2.8521e-16
7198.2993 3.3703e-16
7200.4595 2.8610e-16
7202.6191 3.8109e-16
7204.7798 4.5338e-16
7206.9414 3.3690e-16
7209.1030 3.5733e-16
7211.2656 2.7410e-16
7213.4292 3.6230e-16
7215.5938 3.0022e-16
7217.7578 3.3832e-16
7219.9238 3.3973e-16
7222.0894 4.0836e-16
7224.2563 3.2029e-16
7226.4233 3.5559e-16
7228.5913 2.8731e-16
7230.7598 3.3099e-16
7232.9292 3.1572e-16
7235.0991 4.0445e-16
7237.2695 3.0074e-16
7239.4409 3.3263e-16
7241.6128 3.6743e-16
7243.7847 2.9836e-16
7245.9580 3.1704e-16
7248.1318 3.3515e-16
7250.3066 3.9164e-16
7252.4819 2.3610e-16
7254.6567 3.0237e-16
7256.8340 2.7732e-16
7259.0103 3.3673e-16
7261.1885 3.2626e-16
7263.3667 2.6636e-16
7265.5454 3.4847e-16
7267.7251 4.4485e-16
7269.9053 3.0666e-16
7272.0864 4.2010e-16
7274.2681 3.1916e-16
7276.4507 3.9788e-16
7278.6338 3.7889e-16
7280.8174 3.3538e-16
7283.0010 4.0595e-16
7285.1865 3.1818e-16
7287.3716 4.1093e-16
7289.5581 3.7074e-16
7291.7451 2.9764e-16
7293.9321 3.0418e-16
7296.1206 3.1752e-16
7298.3096 3.9865e-16
7300.4990 2.7682e-16
7302.6890 3.8015e-16
7304.8799 3.3727e-16
7307.0713 3.4057e-16
7309.2632 2.8960e-16
7311.4565 3.0663e-16
7313.6499 3.1137e-16
7315.8433 3.2997e-16
7318.0381 3.2539e-16
7320.2339 3.4349e-16
7322.4302 4.2814e-16
7324.6270 3.2283e-16
7326.8247 3.3843e-16
7329.0220 3.1707e-16
7331.2207 3.7489e-16
7333.4199 3.5147e-16
7335.6206 2.7933e-16
7337.8208 3.8570e-16
7340.0220 3.7164e-16
7342.2246 2.7897e-16
7344.4272 2.5636e-16
7346.6304 3.4219e-16
7348.8345 2.8306e-16
7351.0386 3.1660e-16
7353.2446 3.3261e-16
7355.4502 3.3103e-16
7357.6567 3.6040e-16
7359.8638 2.8259e-16
7362.0718 3.4018e-16
7364.2808 3.1522e-16
7366.4897 2.8560e-16
7368.6997 3.3012e-16
7370.9106 2.5575e-16
7373.1226 3.8475e-16
7375.3340 2.4311e-16
7377.5464 3.0646e-16
7379.7593 2.7469e-16
7381.9736 3.0379e-16
7384.1880 3.0657e-16
7386.4038 3.7566e-16
7388.6191 2.6486e-16
7390.8359 3.7230e-16
7393.0527 2.5899e-16
7395.2715 3.1823e-16
7397.4893 3.2789e-16
7399.7085 2.9149e-16
7401.9282 3.1248e-16
7404.1499 3.1245e-16
7406.3711 2.7930e-16
7408.5923 2.5005e-16
7410.8154 2.6374e-16
7413.0386 3.3623e-16
7415.2627 3.2909e-16
7417.4868 2.7024e-16
7419.7124 2.4352e-16
7421.9380 2.2049e-16
7424.1646 2.5155e-16
7426.3921 3.1059e-16
7428.6196 2.3929e-16
7430.8486 2.5645e-16
7433.0781 2.1952e-16
7435.3081 2.6005e-16
7437.5381 2.5978e-16
7439.7695 3.7043e-16
7442.0010 3.1044e-16
7444.2334 3.7366e-16
7446.4673 3.2944e-16
7448.7007 3.2527e-16
7450.9360 3.2457e-16
7453.1709 2.3034e-16
7455.4072 2.8836e-16
7457.6436 2.1794e-16
7459.8809 2.3199e-16
7462.1187 3.5359e-16
7464.3579 2.8844e-16
7466.5967 2.9116e-16
7468.8369 2.5158e-16
7471.0771 1.8940e-16
7473.3193 2.9299e-16
7475.5605 2.2307e-16
7477.8037 3.2531e-16
7480.0464 2.4640e-16
7482.2905 3.4198e-16
7484.5356 2.4883e-16
7486.7812 2.6019e-16
7489.0273 2.6895e-16
7491.2734 2.8729e-16
7493.5205 2.9136e-16
7495.7690 2.6920e-16
7498.0176 2.3200e-16
7500.2676 2.7971e-16
7502.5171 2.9394e-16
7504.7681 2.7486e-16
7507.0195 3.3524e-16
7509.2715 2.1838e-16
7511.5239 3.7005e-16
7513.7773 2.8524e-16
7516.0317 2.9340e-16
7518.2866 2.1817e-16
7520.5425 2.5395e-16
7522.7983 2.0854e-16
7525.0557 2.9130e-16
7527.3125 2.3975e-16
7529.5708 2.5930e-16
7531.8296 2.7194e-16
7534.0894 3.0826e-16
7536.3491 2.6434e-16
7538.6104 2.5589e-16
7540.8716 2.6381e-16
7543.1343 2.6357e-16
7545.3975 2.6379e-16
7547.6611 2.5854e-16
7549.9253 2.8523e-16
7552.1899 2.4015e-16
7554.4556 3.0538e-16
7556.7222 3.4264e-16
7558.9888 2.6578e-16
7561.2568 3.4855e-16
7563.5254 2.8986e-16
7565.7944 2.2051e-16
7568.0640 2.4222e-16
7570.3345 3.0624e-16
7572.6055 3.1419e-16
7574.8774 2.4418e-16
7577.1499 3.4356e-16
7579.4229 2.6069e-16
7581.6968 2.2155e-16
7583.9712 2.2768e-16
7586.2466 2.4555e-16
7588.5220 2.3372e-16
7590.7983 3.0766e-16
7593.0757 2.8558e-16
7595.3540 2.1934e-16
7597.6323 2.3446e-16
7599.9116 2.8972e-16
7602.1924 3.1322e-16
7604.4722 3.1324e-16
7606.7539 2.9169e-16
7609.0361 3.0333e-16
7611.3184 2.2009e-16
7613.6025 2.3211e-16
7615.8857 3.3755e-16
7618.1709 3.1155e-16
7620.4565 2.9157e-16
7622.7422 3.1202e-16
7625.0293 3.0679e-16
7627.3164 2.5147e-16
7629.6055 2.8858e-16
7631.8940 3.4183e-16
7634.1836 2.8168e-16
7636.4741 2.9402e-16
7638.7642 2.2998e-16
7641.0562 2.9129e-16
7643.3486 2.7363e-16
7645.6416 2.9098e-16
7647.9351 2.2893e-16
7650.2295 2.2761e-16
7652.5249 2.9304e-16
7654.8203 2.6416e-16
7657.1172 2.9301e-16
7659.4141 3.6891e-16
7661.7119 3.0646e-16
7664.0107 2.4444e-16
7666.3101 2.3866e-16
7668.6094 2.4496e-16
7670.9097 2.9227e-16
7673.2119 2.5838e-16
7675.5132 3.3328e-16
7677.8159 2.7041e-16
7680.1196 2.8151e-16
7682.4238 3.7368e-16
7684.7275 4.2096e-16
7687.0332 3.5114e-16
7689.3394 3.2007e-16
7691.6465 2.7672e-16
7693.9541 3.3967e-16
7696.2617 2.4320e-16
7698.5708 3.4965e-16
7700.8809 2.3278e-16
7703.1909 2.9581e-16
7705.5024 2.9039e-16
7707.8135 3.1354e-16
7710.1255 3.2102e-16
7712.4390 3.1204e-16
7714.7524 2.7654e-16
7717.0664 3.0129e-16
7719.3823 3.4664e-16
7721.6982 2.3556e-16
7724.0146 3.5020e-16
7726.3315 3.0749e-16
7728.6494 2.9359e-16
7730.9683 4.0156e-16
7733.2876 3.0963e-16
7735.6069 3.1988e-16
7737.9282 2.8679e-16
7740.2495 2.8585e-16
7742.5718 3.1200e-16
7744.8950 2.9581e-16
7747.2173 3.1268e-16
7749.5415 2.5037e-16
7751.8672 3.2603e-16
7754.1919 2.6038e-16
7756.5186 3.2458e-16
7758.8457 2.5558e-16
7761.1729 3.2514e-16
7763.5020 2.7383e-16
7765.8306 2.1644e-16
7768.1606 3.0406e-16
7770.4907 2.9282e-16
7772.8218 2.7228e-16
7775.1543 4.0530e-16
7777.4863 2.8907e-16
7779.8193 3.2498e-16
7782.1533 3.0527e-16
7784.4883 3.1745e-16
7786.8237 2.9125e-16
7789.1597 3.2200e-16
7791.4961 2.3944e-16
7793.8335 2.7175e-16
7796.1719 2.9741e-16
7798.5107 3.4831e-16
7800.8501 2.5067e-16
7803.1904 2.9953e-16
7805.5312 2.9413e-16
7807.8735 2.9045e-16
7810.2158 2.9086e-16
7812.5591 3.3736e-16
7814.9019 3.4598e-16
7817.2466 2.9168e-16
7819.5923 2.8673e-16
7821.9380 2.1574e-16
7824.2847 2.7934e-16
7826.6318 3.7508e-16
7828.9800 2.9638e-16
7831.3286 3.9957e-16
7833.6777 3.0039e-16
7836.0278 2.6284e-16
7838.3789 2.6334e-16
7840.7300 3.1065e-16
7843.0825 3.0816e-16
7845.4355 3.0703e-16
7847.7896 2.9391e-16
7850.1431 3.4317e-16
7852.4980 3.3710e-16
7854.8545 3.9543e-16
7857.2104 3.5673e-16
7859.5674 2.9898e-16
7861.9258 2.7124e-16
7864.2842 3.0883e-16
7866.6436 2.4560e-16
7869.0034 2.9993e-16
7871.3647 2.7653e-16
7873.7261 2.9373e-16
7876.0879 2.5394e-16
7878.4507 3.6379e-16
7880.8145 3.2985e-16
7883.1782 2.7814e-16
7885.5430 2.5322e-16
7887.9087 3.2325e-16
7890.2754 3.1041e-16
7892.6421 3.3730e-16
7895.0098 2.5706e-16
7897.3784 3.0680e-16
7899.7476 3.3248e-16
7902.1172 3.2266e-16
7904.4883 2.5173e-16
7906.8599 2.6871e-16
7909.2319 3.2038e-16
7911.6045 3.1496e-16
7913.9785 3.0981e-16
7916.3525 2.6708e-16
7918.7271 2.7364e-16
7921.1025 3.3470e-16
7923.4790 1.8137e-16
7925.8564 3.1468e-16
7928.2344 3.1881e-16
7930.6123 2.6724e-16
7932.9912 2.4090e-16
7935.3721 3.1891e-16
7937.7524 2.3214e-16
7940.1333 2.3025e-16
7942.5156 3.3781e-16
7944.8984 2.2439e-16
7947.2817 3.0963e-16
7949.6660 3.0297e-16
7952.0508 3.1392e-16
7954.4360 2.4477e-16
7956.8228 3.4608e-16
7959.2100 3.5148e-16
7961.5977 3.7288e-16
7963.9863 2.8446e-16
7966.3750 2.6607e-16
7968.7651 2.7690e-16
7971.1553 2.5720e-16
7973.5474 3.0491e-16
7975.9390 2.4515e-16
7978.3320 3.2757e-16
7980.7256 2.9398e-16
7983.1196 2.2623e-16
7985.5151 3.4194e-16
7987.9102 3.2803e-16
7990.3071 2.9889e-16
7992.7036 2.6779e-16
7995.1021 2.6172e-16
7997.5000 2.6068e-16
7999.8994 3.0083e-16
8002.2993 2.5934e-16
8004.7007 3.6344e-16
8007.1016 3.0433e-16
8009.5034 2.8375e-16
8011.9067 2.5779e-16
8014.3101 3.2644e-16
8016.7144 3.0098e-16
8019.1191 3.1080e-16
8021.5249 3.2017e-16
8023.9312 2.1231e-16
8026.3389 2.8699e-16
8028.7466 2.3432e-16
8031.1553 3.3907e-16
8033.5645 3.0548e-16
8035.9746 3.3674e-16
8038.3853 2.6827e-16
8040.7964 2.5632e-16
8043.2095 2.8688e-16
8045.6221 2.8256e-16
8048.0361 3.2784e-16
8050.4502 3.2176e-16
8052.8657 3.8212e-16
8055.2812 3.2360e-16
8057.6973 3.5398e-16
8060.1152 3.6099e-16
8062.5332 3.0703e-16
8064.9521 2.9183e-16
8067.3716 2.8966e-16
8069.7920 2.5954e-16
8072.2124 2.6034e-16
8074.6343 2.6721e-16
8077.0566 2.6929e-16
8079.4805 3.6166e-16
8081.9033 3.0488e-16
8084.3286 3.0237e-16
8086.7534 3.2899e-16
8089.1802 3.0090e-16
8091.6060 3.1503e-16
8094.0337 2.0931e-16
8096.4619 3.3779e-16
8098.8911 4.0043e-16
8101.3203 3.2096e-16
8103.7515 2.4976e-16
8106.1821 2.7862e-16
8108.6143 3.2484e-16
8111.0459 3.5820e-16
8113.4800 2.7759e-16
8115.9141 3.5407e-16
8118.3486 3.9406e-16
8120.7842 3.1896e-16
8123.2202 2.7308e-16
8125.6572 3.0052e-16
8128.0952 3.0392e-16
8130.5332 3.3983e-16
8132.9727 2.7658e-16
8135.4126 2.8463e-16
8137.8525 2.7209e-16
8140.2944 2.9409e-16
8142.7368 3.0655e-16
8145.1797 3.5376e-16
8147.6230 3.9373e-16
8150.0674 3.3982e-16
8152.5127 3.0287e-16
8154.9580 2.8460e-16
8157.4043 2.7196e-16
8159.8516 3.1412e-16
8162.2993 3.3017e-16
8164.7480 3.3145e-16
8167.1982 3.1087e-16
8169.6479 2.6719e-16
8172.0986 3.0520e-16
8174.5503 3.5619e-16
8177.0024 3.4003e-16
8179.4561 3.5670e-16
8181.9097 2.8038e-16
8184.3643 2.2628e-16
8186.8193 2.4836e-16
8189.2754 3.3746e-16
8191.7324 2.4419e-16
8194.1895 3.2607e-16
8196.6484 3.5695e-16
8199.1074 3.4181e-16
8201.5664 2.8417e-16
8204.0273 3.1819e-16
8206.4893 3.6092e-16
8208.9512 3.6342e-16
8211.4131 2.5495e-16
8213.8760 3.5441e-16
8216.3408 2.9980e-16
8218.8066 3.6581e-16
8221.2715 3.7704e-16
8223.7373 3.8027e-16
8226.2051 3.4167e-16
8228.6729 3.1962e-16
8231.1416 3.1276e-16
8233.6113 3.2599e-16
8236.0811 2.8499e-16
8238.5518 2.9347e-16
8241.0234 3.4072e-16
8243.4951 3.1641e-16
8245.9688 3.8671e-16
8248.4424 3.7919e-16
8250.9170 3.7489e-16
8253.3926 3.4772e-16
8255.8682 3.5147e-16
8258.3447 3.5416e-16
8260.8223 3.9071e-16
8263.3008 3.2452e-16
8265.7803 3.7568e-16
8268.2598 3.4317e-16
8270.7393 3.9895e-16
8273.2207 2.8347e-16
8275.7031 3.5293e-16
8278.1865 3.9105e-16
8280.6699 3.9415e-16
8283.1533 3.1293e-16
8285.6387 3.8768e-16
8288.1230 3.8329e-16
8290.6104 3.7308e-16
8293.0977 3.4885e-16
8295.5859 3.4016e-16
8298.0742 4.3235e-16
8300.5635 3.5653e-16
8303.0537 3.6389e-16
8305.5449 3.4211e-16
8308.0361 3.7604e-16
8310.5293 3.3797e-16
8313.0225 3.4370e-16
8315.5156 4.1271e-16
8318.0107 4.0413e-16
8320.5059 3.9708e-16
8323.0020 4.1021e-16
8325.4990 3.6857e-16
8327.9961 3.3103e-16
8330.4951 3.7707e-16
8332.9941 3.9492e-16
8335.4941 4.7251e-16
8337.9951 3.9635e-16
8340.4961 3.1624e-16
8342.9980 3.1475e-16
8345.5020 3.5314e-16
8348.0049 3.5877e-16
8350.5088 3.9926e-16
8353.0146 4.5587e-16
8355.5205 3.6760e-16
8358.0273 3.8177e-16
8360.5342 4.0729e-16
8363.0430 3.9362e-16
8365.5518 4.2497e-16
8368.0615 3.6713e-16
8370.5713 3.4059e-16
8373.0830 4.4764e-16
8375.5938 4.5972e-16
8378.1074 4.4012e-16
8380.6211 4.4543e-16
8383.1348 3.5892e-16
8385.6504 3.9856e-16
8388.1660 4.0517e-16
8390.6816 3.7186e-16
8393.1992 4.1094e-16
8395.7168 4.3656e-16
8398.2363 3.7937e-16
8400.7559 3.9700e-16
8403.2754 3.4964e-16
8405.7969 4.8152e-16
8408.3193 4.2917e-16
8410.8408 4.4137e-16
8413.3633 2.8606e-16
8415.8877 3.7738e-16
8418.4121 4.4938e-16
8420.9385 4.0171e-16
8423.4648 4.1849e-16
8425.9912 4.4871e-16
8428.5195 3.2194e-16
8431.0479 3.4308e-16
8433.5781 3.8785e-16
8436.1074 4.0307e-16
8438.6377 4.2372e-16
8441.1699 3.8150e-16
8443.7021 3.9505e-16
8446.2354 4.3958e-16
8448.7695 3.6014e-16
8451.3037 3.3636e-16
8453.8398 3.3618e-16
8456.3750 4.1138e-16
8458.9121 3.6258e-16
8461.4502 3.9910e-16
8463.9883 4.4461e-16
8466.5273 4.5447e-16
8469.0674 4.2828e-16
8471.6084 4.6519e-16
8474.1494 4.1619e-16
8476.6914 3.8112e-16
8479.2354 3.9566e-16
8481.7783 4.0952e-16
8484.3232 3.7041e-16
8486.8682 4.4829e-16
8489.4141 4.5073e-16
8491.9619 3.6798e-16
8494.5098 3.8301e-16
8497.0576 3.6235e-16
8499.6064 3.8979e-16
8502.1562 4.3121e-16
8504.7070 4.0093e-16
8507.2588 3.8722e-16
8509.8105 3.3446e-16
8512.3633 3.8705e-16
8514.9170 3.7204e-16
8517.4717 4.1300e-16
8520.0273 3.8721e-16
8522.5830 4.1239e-16
8525.1396 4.5211e-16
8527.6973 3.8148e-16
8530.2559 3.4537e-16
8532.8145 3.9750e-16
8535.3750 3.6380e-16
8537.9346 3.4779e-16
8540.4961 4.1222e-16
8543.0586 3.8207e-16
8545.6211 4.0376e-16
8548.1855 4.3154e-16
8550.7500 4.0302e-16
8553.3145 3.4767e-16
8555.8809 3.4552e-16
8558.4482 3.6201e-16
8561.0156 4.5727e-16
8563.5840 4.1087e-16
8566.1533 3.9309e-16
8568.7227 3.5614e-16
8571.2930 4.0222e-16
8573.8643 3.2985e-16
8576.4365 3.0716e-16
8579.0098 3.6323e-16
8581.5830 3.2825e-16
8584.1582 4.5927e-16
8586.7334 3.7766e-16
8589.3096 4.1610e-16
8591.8857 4.2472e-16
8594.4639 3.7237e-16
8597.0420 3.7725e-16
8599.6211 2.9959e-16
8602.2002 2.8435e-16
8604.7812 4.3314e-16
8607.3623 3.5740e-16
8609.9453 3.7288e-16
8612.5283 3.9191e-16
8615.1123 3.5481e-16
8617.6963 3.0518e-16
8620.2822 3.5250e-16
8622.8672 3.4131e-16
8625.4541 3.4345e-16
8628.0420 3.5620e-16
8630.6309 3.1682e-16
8633.2197 3.6076e-16
8635.8096 3.8240e-16
8638.4004 4.0601e-16
8640.9922 3.0929e-16
8643.5850 3.4797e-16
8646.1777 3.1943e-16
8648.7715 3.1587e-16
8651.3662 3.7568e-16
8653.9609 4.2918e-16
8656.5576 3.1945e-16
8659.1543 2.7609e-16
8661.7520 3.5207e-16
8664.3506 3.3109e-16
8666.9502 3.7578e-16
8669.5498 3.4030e-16
8672.1504 3.2231e-16
8674.7529 2.8930e-16
8677.3555 2.7526e-16
8679.9580 3.6027e-16
8682.5625 2.6699e-16
8685.1670 2.9891e-16
8687.7725 3.3233e-16
8690.3789 3.2004e-16
8692.9863 3.3487e-16
8695.5938 3.8988e-16
8698.2031 3.2884e-16
8700.8115 3.2972e-16
8703.4219 3.0439e-16
8706.0332 3.2050e-16
8708.6455 2.9060e-16
8711.2578 3.6919e-16
8713.8711 3.3798e-16
8716.4854 3.3469e-16
8719.1006 3.7260e-16
8721.7158 3.3219e-16
8724.3320 3.2537e-16
8726.9492 3.0510e-16
8729.5674 3.1241e-16
8732.1865 3.5950e-16
8734.8066 3.7493e-16
8737.4268 3.3449e-16
8740.0479 2.8957e-16
8742.6699 3.0596e-16
8745.2930 2.9593e-16
8747.9160 3.0202e-16
8750.5410 2.9752e-16
8753.1660 3.1784e-16
8755.7920 3.9370e-16
8758.4189 3.8600e-16
8761.0459 2.7257e-16
8763.6748 2.6295e-16
8766.3037 3.2989e-16
8768.9336 2.9146e-16
8771.5645 3.2659e-16
8774.1963 2.9103e-16
8776.8271 3.1461e-16
8779.4600 3.4916e-16
8782.0947 2.6554e-16
8784.7295 3.3946e-16
8787.3652 3.0577e-16
8790.0010 2.8306e-16
8792.6387 2.9437e-16
8795.2764 3.9780e-16
8797.9150 2.7946e-16
8800.5537 2.3600e-16
8803.1943 2.6077e-16
8805.8350 2.8180e-16
8808.4766 2.3796e-16
8811.1191 3.1626e-16
8813.7627 3.9242e-16
8816.4072 2.6272e-16
8819.0508 3.3238e-16
8821.6973 3.2808e-16
8824.3438 2.4123e-16
8826.9912 2.7978e-16
8829.6387 2.9700e-16
8832.2881 2.9855e-16
8834.9375 3.5276e-16
8837.5889 3.4777e-16
8840.2393 2.5675e-16
8842.8916 2.8673e-16
8845.5439 2.8119e-16
8848.1973 3.2029e-16
8850.8525 3.5004e-16
8853.5078 2.3414e-16
8856.1641 3.1920e-16
8858.8203 2.9754e-16
8861.4785 2.6412e-16
8864.1367 2.6738e-16
8866.7959 2.8402e-16
8869.4570 3.4165e-16
8872.1172 2.2564e-16
8874.7793 2.4711e-16
8877.4404 2.2643e-16
8880.1045 2.4356e-16
8882.7686 2.5686e-16
8885.4336 3.7138e-16
8888.0986 2.9603e-16
8890.7646 3.1822e-16
8893.4326 2.7727e-16
8896.1006 3.9348e-16
8898.7686 2.8775e-16
8901.4385 3.2349e-16
8904.1104 2.8926e-16
8906.7812 2.8394e-16
8909.4531 3.2002e-16
8912.1260 2.0783e-16
8914.7988 2.2274e-16
8917.4736 2.3921e-16
8920.1494 2.7281e-16
8922.8252 2.7735e-16
8925.5020 2.4160e-16
8928.1797 2.3966e-16
8930.8574 2.8816e-16
8933.5371 3.4427e-16
8936.2168 2.2705e-16
8938.8984 2.2024e-16
8941.5791 2.2971e-16
8944.2617 2.3526e-16
8946.9453 2.8015e-16
8949.6299 2.1957e-16
8952.3145 2.8378e-16
8955.0000 2.1253e-16
8957.6865 2.4259e-16
8960.3740 2.4752e-16
8963.0625 1.9736e-16
8965.7500 2.2034e-16
8968.4404 2.1958e-16
8971.1309 2.8212e-16
8973.8232 2.1735e-16
8976.5146 3.0342e-16
8979.2080 2.5654e-16
8981.9014 2.7714e-16
8984.5957 2.0951e-16
8987.2920 2.4828e-16
8989.9873 1.7825e-16
8992.6855 2.4525e-16
8995.3818 2.0866e-16
8998.0811 2.8195e-16
9000.7803 2.3483e-16
9003.4805 1.9288e-16
9006.1816 2.0897e-16
9008.8828 2.0476e-16
9011.5859 1.8990e-16
9014.2900 2.7786e-16
9016.9941 2.2913e-16
9019.6992 2.0486e-16
9022.4043 2.0791e-16
9025.1113 2.2621e-16
9027.8193 2.1198e-16
9030.5273 2.2918e-16
9033.2363 2.7044e-16
9035.9473 2.2383e-16
9038.6572 2.4751e-16
9041.3691 2.4569e-16
9044.0811 1.9425e-16
9046.7939 2.8433e-16
9049.5088 1.8721e-16
9052.2236 1.8165e-16
9054.9385 2.2123e-16
9057.6553 2.1891e-16
9060.3730 1.5982e-16
9063.0908 2.2976e-16
9065.8105 2.0413e-16
9068.5293 2.6563e-16
9071.2500 2.3801e-16
9073.9717 2.6412e-16
9076.6943 2.3990e-16
9079.4170 1.9925e-16
9082.1406 2.3358e-16
9084.8662 2.4223e-16
9087.5908 2.2313e-16
9090.3174 2.3722e-16
9093.0439 2.2804e-16
9095.7715 2.0590e-16
9098.5010 2.1621e-16
9101.2305 2.8090e-16
9103.9609 2.5601e-16
9106.6924 1.7361e-16
9109.4238 2.4508e-16
9112.1572 2.3124e-16
9114.8906 2.1588e-16
9117.6250 1.9401e-16
9120.3604 1.6502e-16
9123.0967 1.9261e-16
9125.8330 2.2093e-16
9128.5713 1.5740e-16
9131.3096 2.1907e-16
9134.0488 1.8651e-16
9136.7891 1.9385e-16
9139.5303 2.1538e-16
9142.2725 1.9594e-16
9145.0146 1.8900e-16
9147.7578 2.1363e-16
9150.5020 2.3288e-16
9153.2480 1.7578e-16
9155.9941 2.2223e-16
9158.7412 2.1923e-16
9161.4883 2.2739e-16
9164.2373 1.8618e-16
9166.9854 1.7634e-16
9169.7363 2.1654e-16
9172.4863 1.7478e-16
9175.2383 2.0846e-16
9177.9912 2.3412e-16
9180.7441 2.3303e-16
9183.4990 2.2480e-16
9186.2539 1.5814e-16
9189.0098 1.5203e-16
9191.7666 1.7684e-16
9194.5244 2.1850e-16
9197.2822 1.4207e-16
9200.0420 1.7023e-16
9202.8008 2.2600e-16
9205.5625 2.4246e-16
9208.3242 2.0973e-16
9211.0869 1.7755e-16
9213.8506 1.5982e-16
9216.6143 1.4039e-16
9219.3789 1.6666e-16
9222.1455 2.0276e-16
9224.9111 2.5072e-16
9227.6797 1.9368e-16
9230.4473 1.9022e-16
9233.2168 1.7191e-16
9235.9873 1.3089e-16
9238.7578 1.7089e-16
9241.5283 1.4390e-16
9244.3018 1.8621e-16
9247.0742 1.4487e-16
9249.8486 1.8892e-16
9252.6240 1.4903e-16
9255.3994 1.6660e-16
9258.1768 1.5653e-16
9260.9531 1.4572e-16
9263.7324 1.8242e-16
9266.5107 1.6032e-16
9269.2910 2.1253e-16
9272.0723 1.0495e-16
9274.8535 1.7606e-16
9277.6357 1.8342e-16
9280.4189 1.4491e-16
9283.2031 1.8009e-16
9285.9873 2.0369e-16
9288.7744 1.6675e-16
9291.5605 1.6056e-16
9294.3486 1.8756e-16
9297.1367 1.9143e-16
9299.9258 1.4061e-16
9302.7158 1.4058e-16
9305.5059 1.3358e-16
9308.2979 1.4581e-16
9311.0908 1.3445e-16
9313.8838 1.2510e-16
9316.6777 1.3737e-16
9319.4727 1.5263e-16
9322.2686 1.4740e-16
9325.0654 1.4974e-16
9327.8623 1.4959e-16
9330.6611 1.6592e-16
9333.4609 1.3263e-16
9336.2607 1.8432e-16
9339.0615 1.0692e-16
9341.8633 1.8046e-16
9344.6650 1.4322e-16
9347.4697 9.7054e-17
9350.2725 1.5636e-16
9353.0781 1.7112e-16
9355.8848 1.6834e-16
9358.6904 1.3790e-16
9361.4980 1.6131e-16
9364.3066 1.2727e-16
9367.1172 1.2040e-16
9369.9268 1.4800e-16
9372.7373 1.0724e-16
9375.5498 1.3778e-16
9378.3623 1.0126e-16
9381.1748 1.7471e-16
9383.9902 1.1703e-16
9386.8047 1.4641e-16
9389.6221 1.2967e-16
9392.4375 1.0182e-16
9395.2549 1.3957e-16
9398.0742 1.2124e-16
9400.8936 1.3725e-16
9403.7139 1.2254e-16
9406.5352 1.0994e-16
9409.3574 1.1783e-16
9412.1807 9.1042e-17
9415.0029 1.0319e-16
9417.8281 1.0356e-16
9420.6533 1.2282e-16
9423.4795 1.1400e-16
9426.3076 8.3482e-17
9429.1348 1.4746e-16
9431.9629 1.3108e-16
9434.7930 1.5025e-16
9437.6240 1.1369e-16
9440.4541 1.4395e-16
9443.2871 1.5102e-16
9446.1191 1.4479e-16
9448.9541 1.3390e-16
9451.7881 1.1023e-16
9454.6230 1.3516e-16
9457.4600 9.6347e-17
9460.2969 1.1523e-16
9463.1348 1.3116e-16
9465.9746 1.3212e-16
9468.8145 9.9265e-17
9471.6543 1.0052e-16
9474.4961 9.5899e-17
9477.3389 1.4297e-16
9480.1816 1.1762e-16
9483.0254 1.5982e-16
9485.8701 1.2790e-16
9488.7168 8.8809e-17
9491.5635 1.2292e-16
9494.4111 1.2765e-16
9497.2588 9.0781e-17
