! -0.067 < cos(theta) < 0.067 wedge from the 1.0 Msol, 14e5 g/cc shell base
! density model from Boos et al. 2021 with decayed and compressed isotopes.
! line 0: SEDONA header
! line 1: N_zones, radius at left boundary of first cell, t_expansion, N_isotopes
! line 2: isotopes (Z.A)
! lines 3-62: velocity at right boundary of cell, rho, T, X_1, X_2, ...
!
1D_sphere SNR
90	0.0	98.53508960277526	27
1.1 2.4 6.12 7.14 8.16 10.20 11.23 12.24 13.27 14.28 16.32 18.36 20.40 21.45 22.48 23.51 24.52 25.55 26.56 27.59 28.58 28.56 27.56 26.52 24.48 23.48 25.52
5.0000e+07 5.3360e-01 6.4531e+05 4.6878e-12 1.3296e-02 5.9192e-06 8.1221e-21 1.8255e-08 3.3913e-08 1.8159e-13 5.1010e-08 3.4103e-09 6.4432e-07 3.0046e-06 4.1384e-06 4.2171e-05 2.9643e-08 1.9389e-05 6.4450e-08 2.3260e-07 9.1656e-08 5.6221e-04 2.1958e-02 6.2819e-02 9.0106e-01 1.1996e-04 6.7282e-05 3.6796e-05 2.9355e-08 0.0000e+00
1.0000e+08 5.5099e-01 6.5298e+05 4.7537e-12 1.3307e-02 5.9669e-06 8.2640e-21 1.8487e-08 3.4337e-08 1.8335e-13 5.1655e-08 3.4470e-09 6.5132e-07 3.0406e-06 4.2055e-06 4.2656e-05 2.9934e-08 1.9522e-05 6.4716e-08 2.3494e-07 9.2412e-08 5.6145e-04 2.1929e-02 6.2671e-02 9.0123e-01 1.2003e-04 6.8301e-05 3.6868e-05 2.9394e-08 0.0000e+00
1.5000e+08 5.5868e-01 6.5548e+05 5.1195e-12 1.3527e-02 6.0524e-06 9.2413e-21 1.9000e-08 3.5151e-08 1.8998e-13 5.2815e-08 3.5380e-09 6.6610e-07 3.1205e-06 4.3270e-06 4.3901e-05 3.0730e-08 2.0064e-05 6.6319e-08 2.4075e-07 9.4495e-08 5.6169e-04 2.1939e-02 6.2407e-02 9.0126e-01 1.1975e-04 7.0014e-05 3.7947e-05 3.0123e-08 0.0000e+00
2.0000e+08 5.5043e-01 6.5082e+05 5.3968e-12 1.3706e-02 6.1479e-06 1.0292e-20 1.9490e-08 3.5941e-08 1.9686e-13 5.3963e-08 3.6272e-09 6.8092e-07 3.1863e-06 4.4142e-06 4.5017e-05 3.1666e-08 2.0687e-05 6.8140e-08 2.4601e-07 9.6359e-08 5.6111e-04 2.1916e-02 6.2478e-02 9.0103e-01 1.1956e-04 7.1422e-05 3.8909e-05 3.0829e-08 0.0000e+00
2.5000e+08 5.3763e-01 6.4432e+05 5.8289e-12 1.3968e-02 6.2713e-06 1.2058e-20 2.0186e-08 3.7045e-08 2.0606e-13 5.5542e-08 3.7517e-09 7.0068e-07 3.2820e-06 4.5558e-06 4.6537e-05 3.2683e-08 2.1410e-05 7.0605e-08 2.5453e-07 9.9398e-08 5.6079e-04 2.1904e-02 6.2442e-02 9.0081e-01 1.1934e-04 7.3796e-05 4.0399e-05 3.1940e-08 0.0000e+00
3.0000e+08 5.1819e-01 6.3553e+05 6.2802e-12 1.4208e-02 6.3168e-06 1.3716e-20 2.0615e-08 3.7604e-08 2.1224e-13 5.6249e-08 3.8343e-09 7.1000e-07 3.3452e-06 4.6531e-06 4.7590e-05 3.3284e-08 2.1874e-05 7.1709e-08 2.5978e-07 1.0147e-07 5.6047e-04 2.1891e-02 6.2069e-02 9.0095e-01 1.1913e-04 7.5745e-05 4.1267e-05 3.2567e-08 0.0000e+00
3.5000e+08 4.9008e-01 6.2254e+05 6.8500e-12 1.4571e-02 6.4168e-06 1.5752e-20 2.1314e-08 3.8653e-08 2.1879e-13 5.7676e-08 3.9475e-09 7.2579e-07 3.4336e-06 4.7918e-06 4.9235e-05 3.4271e-08 2.2637e-05 7.3772e-08 2.6773e-07 1.0455e-07 5.6035e-04 2.1887e-02 6.1715e-02 9.0094e-01 1.1885e-04 7.8328e-05 4.2728e-05 3.3638e-08 0.0000e+00
4.0000e+08 4.5756e-01 6.0669e+05 7.4408e-12 1.4963e-02 6.5120e-06 1.7625e-20 2.1945e-08 3.9651e-08 2.2276e-13 5.9063e-08 4.0335e-09 7.3867e-07 3.4984e-06 4.8889e-06 5.0677e-05 3.5123e-08 2.3332e-05 7.5321e-08 2.7366e-07 1.0698e-07 5.5964e-04 2.1859e-02 6.1239e-02 9.0105e-01 1.1854e-04 8.0379e-05 4.3984e-05 3.4541e-08 0.0000e+00
4.5000e+08 4.1996e-01 5.8804e+05 8.2237e-12 1.5451e-02 6.6883e-06 2.0458e-20 2.2975e-08 4.1326e-08 2.3072e-13 6.1478e-08 4.1692e-09 7.6289e-07 3.5887e-06 5.0093e-06 5.2348e-05 3.6048e-08 2.4107e-05 7.7342e-08 2.8240e-07 1.1066e-07 5.5941e-04 2.1850e-02 6.0779e-02 9.0102e-01 1.1822e-04 8.3454e-05 4.5644e-05 3.5758e-08 0.0000e+00
5.0000e+08 3.8195e-01 5.6762e+05 9.4682e-12 1.6196e-02 7.1517e-06 2.6294e-20 2.5549e-08 4.5740e-08 2.5280e-13 6.7990e-08 4.5609e-09 8.3576e-07 3.8753e-06 5.3615e-06 5.5785e-05 3.8364e-08 2.5737e-05 8.2415e-08 3.0211e-07 1.1853e-07 5.5970e-04 2.1861e-02 6.0593e-02 9.0043e-01 1.1793e-04 8.9787e-05 4.8886e-05 3.8243e-08 0.0000e+00
5.5000e+08 3.4732e-01 5.4769e+05 1.1376e-11 1.7472e-02 8.2710e-06 3.9104e-20 3.1825e-08 5.7031e-08 3.0388e-13 8.4899e-08 5.5679e-09 1.0235e-06 4.5978e-06 6.2844e-06 6.4178e-05 4.4484e-08 2.9576e-05 9.6060e-08 3.5109e-07 1.3735e-07 5.6130e-04 2.1923e-02 6.1099e-02 8.9855e-01 1.1766e-04 1.0399e-04 5.6378e-05 4.4013e-08 0.0000e+00
6.0000e+08 3.1243e-01 5.3015e+05 1.3858e-11 1.9101e-02 9.7252e-06 5.8768e-20 4.0655e-08 7.3064e-08 3.7565e-13 1.0906e-07 6.9948e-09 1.2888e-06 5.6223e-06 7.6157e-06 7.6452e-05 5.3857e-08 3.5179e-05 1.1551e-07 4.1867e-07 1.6393e-07 5.6338e-04 2.2003e-02 6.1888e-02 8.9600e-01 1.1741e-04 1.2337e-04 6.6612e-05 5.1915e-08 0.0000e+00
6.5000e+08 2.8199e-01 5.1823e+05 1.6650e-11 2.0678e-02 1.0990e-05 8.1013e-20 4.9062e-08 8.8216e-08 4.4702e-13 1.3189e-07 8.3586e-09 1.5353e-06 6.5723e-06 8.8862e-06 8.8317e-05 6.2948e-08 4.0282e-05 1.3205e-07 4.7387e-07 1.8590e-07 5.6581e-04 2.2098e-02 6.2139e-02 8.9403e-01 1.1712e-04 1.3880e-04 7.5008e-05 5.8218e-08 0.0000e+00
7.0000e+08 2.4889e-01 5.4594e+05 2.0314e-11 2.2009e-02 1.1535e-05 1.0793e-19 5.4180e-08 9.6192e-08 4.9587e-13 1.4314e-07 9.0977e-09 1.6535e-06 7.0587e-06 9.5705e-06 9.5777e-05 6.8056e-08 4.3685e-05 1.4148e-07 5.0375e-07 1.9925e-07 5.6886e-04 2.2217e-02 6.1765e-02 8.9293e-01 1.1657e-04 1.4753e-04 8.0805e-05 6.2235e-08 0.0000e+00
7.5000e+08 2.1494e-01 5.6842e+05 1.9505e-11 2.0339e-02 8.8899e-06 8.2515e-20 3.9922e-08 6.9566e-08 3.9439e-13 1.0289e-07 6.8306e-09 1.2146e-06 5.3926e-06 7.3893e-06 7.4763e-05 5.0901e-08 3.3734e-05 1.0399e-07 3.7410e-07 1.5230e-07 5.7044e-04 2.2279e-02 5.7361e-02 8.9903e-01 1.1605e-04 1.1139e-04 6.1911e-05 4.7339e-08 0.0000e+00
8.0000e+08 1.9213e-01 5.6976e+05 1.2110e-11 1.3742e-02 4.6749e-06 4.6397e-20 2.0166e-08 3.4189e-08 2.1614e-13 4.9993e-08 3.4808e-09 6.0215e-07 2.7846e-06 3.8460e-06 3.9163e-05 2.5375e-08 1.7491e-05 5.1321e-08 1.9031e-07 2.5693e-07 5.6023e-04 2.1860e-02 4.7406e-02 9.1616e-01 1.1695e-04 5.8541e-05 3.2057e-05 2.4354e-08 0.0000e+00
8.5000e+08 1.7545e-01 5.7030e+05 2.8228e-12 5.2713e-03 8.9038e-07 1.1658e-14 7.9224e-09 4.4258e-09 4.6876e-14 1.8970e-08 6.1405e-10 2.3224e-03 3.5809e-03 1.7460e-03 3.8284e-03 2.1047e-08 9.2072e-06 2.4510e-05 9.2088e-05 7.9280e-04 1.7060e-02 1.4487e-02 2.3372e-02 9.1550e-01 1.2416e-04 1.1473e-02 3.1771e-04 2.5022e-07 0.0000e+00
9.0000e+08 1.5927e-01 5.6854e+05 3.0930e-14 1.3953e-04 6.5765e-09 7.8476e-14 3.3244e-08 5.7098e-12 7.3679e-15 8.8185e-08 1.2285e-10 1.2436e-02 1.5516e-02 6.1618e-03 1.1046e-02 4.0310e-08 1.4708e-05 4.6733e-05 1.6907e-04 1.3451e-03 2.7681e-02 9.2016e-03 8.5453e-03 8.8683e-01 1.2571e-04 2.0096e-02 6.4476e-04 5.0839e-07 0.0000e+00
9.5000e+08 1.4457e-01 5.4650e+05 7.3388e-26 2.6590e-12 2.1330e-08 2.7174e-13 1.1818e-07 4.5430e-12 5.7677e-14 3.4297e-07 4.0302e-10 4.0805e-02 4.4486e-02 1.5465e-02 2.4217e-02 7.4144e-08 2.7242e-05 7.4750e-05 2.6014e-04 1.7978e-03 3.3817e-02 6.0805e-03 3.4069e-03 8.0008e-01 1.1518e-04 2.8275e-02 1.0883e-03 8.6081e-07 0.0000e+00
1.0000e+09 1.3959e-01 4.6034e+05 8.6149e-26 5.1732e-13 6.9500e-08 7.4448e-13 3.7280e-07 1.2601e-11 5.0004e-13 1.2194e-06 1.0438e-09 1.1518e-01 1.0563e-01 3.0941e-02 4.0737e-02 1.1118e-07 3.8015e-05 8.9661e-05 3.0930e-04 1.7927e-03 3.4148e-02 4.9677e-03 2.9629e-03 6.3461e-01 9.3012e-05 2.7217e-02 1.2773e-03 1.0159e-06 0.0000e+00
1.0500e+09 1.4494e-01 4.2276e+05 1.0938e-25 1.5236e-13 1.7399e-07 1.3243e-12 1.0582e-06 3.0674e-11 3.2483e-12 3.4938e-06 1.6487e-09 2.4738e-01 1.8472e-01 4.4671e-02 4.9162e-02 1.3942e-07 3.8947e-05 9.1191e-05 3.5345e-04 1.5263e-03 3.4226e-02 3.6325e-03 2.6539e-03 4.1019e-01 6.3169e-05 2.0190e-02 1.1050e-03 8.8110e-07 0.0000e+00
1.1000e+09 1.4157e-01 5.0907e+05 1.6115e-25 4.9540e-14 3.5261e-07 1.9290e-12 2.6980e-06 6.9585e-11 1.1610e-11 7.5762e-06 1.9381e-09 4.1372e-01 2.5420e-01 5.0788e-02 4.6291e-02 1.5146e-07 3.1206e-05 8.0103e-05 4.1736e-04 1.0742e-03 3.4191e-02 2.1447e-03 2.3375e-03 1.8319e-01 3.3443e-05 1.0778e-02 7.0960e-04 5.6573e-07 0.0000e+00
1.1500e+09 1.2580e-01 6.3454e+05 2.0174e-25 2.9027e-14 5.3528e-07 2.2934e-12 4.7254e-06 1.1513e-10 2.3402e-11 1.1418e-05 1.8237e-09 5.2992e-01 2.8145e-01 4.7708e-02 3.6192e-02 1.4439e-07 2.1051e-05 6.5214e-05 4.7851e-04 7.0077e-04 3.4111e-02 1.1837e-03 2.1139e-03 6.1175e-02 1.7698e-05 4.4921e-03 3.6146e-04 2.8705e-07 0.0000e+00
1.2000e+09 1.0813e-01 6.6351e+05 2.0935e-25 3.3642e-14 1.4266e-06 9.2152e-12 4.5316e-05 1.5478e-09 4.0501e-10 1.2451e-05 2.9022e-09 5.5934e-01 2.8848e-01 4.7140e-02 3.4172e-02 1.9558e-07 1.9168e-05 5.0454e-05 4.9006e-04 4.9604e-04 3.3915e-02 8.3087e-04 2.1349e-03 3.0267e-02 1.4968e-05 2.3901e-03 2.0464e-04 1.6160e-07 0.0000e+00
1.2500e+09 1.0227e-01 5.5349e+05 1.1821e-25 1.9334e-14 6.5528e-06 1.8242e-10 1.2046e-01 5.4399e-06 1.0668e-08 6.6770e-04 2.4920e-05 5.0977e-01 2.5631e-01 4.3420e-02 2.9069e-02 7.6574e-07 4.6222e-05 2.6951e-05 4.0852e-04 2.6630e-04 2.3337e-02 4.1774e-04 1.6918e-03 1.2910e-02 9.3424e-06 1.0506e-03 9.2670e-05 1.3622e-07 0.0000e+00
1.3000e+09 1.2053e-01 5.5155e+05 3.2428e-26 1.0037e-14 3.9276e-04 1.4105e-09 4.3831e-01 1.4672e-03 9.9776e-06 2.7057e-02 2.3414e-03 3.3610e-01 1.4319e-01 2.3771e-02 1.5680e-02 7.1723e-07 3.2261e-05 5.2048e-06 1.7642e-04 4.8107e-05 9.0802e-03 8.3853e-05 1.2183e-03 9.5717e-04 4.0946e-06 6.6328e-05 6.4478e-06 5.9979e-08 0.0000e+00
1.3500e+09 1.2031e-01 1.9027e+06 6.1461e-05 1.3558e-02 7.2602e-03 1.6935e-07 5.2901e-01 2.1923e-02 8.5408e-05 3.5609e-02 2.7190e-03 2.3697e-01 7.6093e-02 1.1177e-02 5.5267e-03 5.7463e-07 2.2836e-04 2.4383e-06 6.9271e-05 1.3079e-05 1.5082e-03 3.2826e-03 5.9723e-03 4.7652e-02 5.9276e-06 8.3551e-04 4.4048e-04 2.7651e-07 0.0000e+00
1.4000e+09 8.3076e-02 4.0641e+06 1.9802e-04 4.2621e-02 2.8974e-02 6.3223e-07 4.8673e-01 8.6436e-02 3.3417e-04 6.3238e-02 5.4993e-03 9.6453e-02 1.7149e-02 1.1456e-03 1.3618e-03 6.9209e-07 6.8351e-04 3.5194e-06 1.2165e-05 7.7817e-06 3.6230e-04 1.0535e-02 1.5726e-02 1.3865e-01 1.6018e-05 2.4356e-03 1.4240e-03 7.2509e-07 0.0000e+00
1.4500e+09 1.6566e-02 5.6556e+06 1.0438e-03 2.1544e-01 1.0185e-07 9.9224e-09 3.6606e-05 2.8689e-05 2.5087e-06 9.4268e-05 2.2739e-05 2.9773e-04 9.4188e-04 9.5586e-04 7.1803e-03 7.2224e-08 3.5678e-03 9.1770e-07 1.8765e-05 2.4351e-05 1.4132e-03 5.5256e-02 6.7843e-02 6.2794e-01 7.2517e-05 1.1063e-02 6.7540e-03 3.2974e-06 0.0000e+00
1.5000e+09 1.8451e-02 5.6848e+06 1.1364e-03 2.2845e-01 1.1197e-07 1.3540e-08 4.0638e-05 3.3033e-05 3.0578e-06 9.7034e-05 2.4799e-05 2.9807e-04 1.0414e-03 1.0655e-03 7.7292e-03 7.7866e-08 3.6393e-03 9.7946e-07 1.9109e-05 2.6775e-05 1.5419e-03 6.0286e-02 6.5975e-02 6.1055e-01 7.0521e-05 1.1232e-02 6.7318e-03 3.2991e-06 0.0000e+00
1.5500e+09 1.7325e-02 5.8106e+06 1.2302e-03 2.4802e-01 1.4842e-07 2.5054e-08 4.4599e-05 3.2798e-05 3.2869e-06 1.0249e-04 2.8309e-05 3.5187e-04 1.1896e-03 1.2040e-03 8.3190e-03 9.0559e-08 3.7308e-03 1.1539e-06 2.1518e-05 3.5807e-05 1.6681e-03 6.5220e-02 6.4593e-02 5.8461e-01 6.7495e-05 1.2633e-02 6.8898e-03 3.3549e-06 0.0000e+00
1.6000e+09 1.4538e-02 6.0490e+06 1.2480e-03 2.6737e-01 1.8857e-07 3.8311e-08 4.9074e-05 3.6615e-05 3.7574e-06 1.1557e-04 3.0973e-05 4.1219e-04 1.3049e-03 1.2933e-03 8.8593e-03 1.1426e-07 3.9308e-03 1.5455e-06 2.6014e-05 5.5639e-05 1.6730e-03 6.5408e-02 6.5136e-02 5.5999e-01 6.4642e-05 1.5321e-02 7.6635e-03 3.7085e-06 0.0000e+00
1.6500e+09 1.2329e-02 6.0762e+06 1.1871e-03 2.9260e-01 2.3776e-07 4.1905e-08 5.6283e-05 4.2322e-05 3.9074e-06 1.3741e-04 2.8011e-05 4.8572e-04 1.4053e-03 1.3681e-03 9.8427e-03 1.7023e-07 4.4830e-03 2.6404e-06 3.5125e-05 1.1624e-04 1.5405e-03 6.0225e-02 6.7222e-02 5.2914e-01 6.1104e-05 2.0733e-02 9.2796e-03 4.4836e-06 0.0000e+00
1.7000e+09 1.0718e-02 6.0281e+06 1.0615e-03 3.1882e-01 2.7388e-07 2.7134e-08 6.4024e-05 4.8881e-05 3.3044e-06 1.5963e-04 2.1162e-05 5.3209e-04 1.5221e-03 1.4931e-03 1.1237e-02 2.9255e-07 5.2785e-03 5.3868e-06 6.2605e-05 5.9389e-04 1.3512e-03 5.2822e-02 6.7227e-02 4.8895e-01 5.6502e-05 3.6992e-02 1.1692e-02 5.7082e-06 0.0000e+00
1.7500e+09 8.8944e-03 5.9293e+06 8.8672e-04 3.4834e-01 3.2305e-07 1.0606e-08 7.2920e-05 5.6977e-05 2.2536e-06 1.8124e-04 1.6765e-05 5.9236e-04 1.7005e-03 1.6960e-03 1.3193e-02 6.0378e-07 6.5011e-03 1.4744e-05 1.5669e-04 3.4913e-03 1.1151e-03 4.3577e-02 5.7685e-02 4.1234e-01 4.7719e-05 9.2581e-02 1.5742e-02 7.8048e-06 0.0000e+00
1.8000e+09 7.5053e-03 5.8206e+06 6.3218e-04 3.9016e-01 4.1006e-07 4.5986e-09 8.7958e-05 7.1400e-05 1.6873e-06 2.1340e-04 1.5139e-05 7.1438e-04 2.0423e-03 2.0412e-03 1.6985e-02 1.9481e-06 9.1506e-03 2.8697e-04 3.4515e-04 1.0967e-02 7.3090e-04 2.8523e-02 3.3062e-02 2.5893e-01 3.0064e-05 2.0254e-01 4.2452e-02 2.1662e-05 0.0000e+00
1.8500e+09 5.9528e-03 5.6206e+06 4.2261e-04 4.3479e-01 5.5143e-07 2.4594e-09 1.0758e-04 9.2570e-05 1.3568e-06 2.5576e-04 1.4010e-05 8.7582e-04 2.4602e-03 2.4798e-03 2.6259e-02 3.6416e-05 2.2865e-02 2.1511e-03 4.0070e-04 1.5108e-02 3.7501e-04 1.4591e-02 1.1770e-02 1.1991e-01 1.4011e-05 2.3388e-01 1.1109e-01 5.8134e-05 0.0000e+00
1.9000e+09 4.4229e-03 5.3384e+06 2.0530e-04 5.0046e-01 5.5683e-06 9.1202e-10 1.3822e-04 1.3221e-04 8.1013e-07 3.0051e-04 1.0826e-05 1.1350e-03 3.1540e-03 3.2720e-03 7.6004e-02 6.3908e-04 6.7631e-02 4.4461e-03 2.5768e-04 1.1631e-02 8.7703e-05 3.2983e-03 2.0235e-03 2.2934e-02 2.7845e-06 1.4741e-01 1.5473e-01 8.4567e-05 0.0000e+00
1.9500e+09 3.0843e-03 4.6644e+06 8.8006e-05 5.4827e-01 3.3010e-05 3.0750e-10 1.4742e-04 1.5510e-04 4.0607e-07 3.0899e-04 7.9258e-06 1.3131e-03 3.6505e-03 3.8541e-03 1.3381e-01 1.2223e-03 1.0194e-01 5.5592e-03 9.3305e-05 5.0964e-03 2.0287e-05 5.3146e-04 1.2542e-03 3.1784e-03 4.9673e-07 4.8276e-02 1.4110e-01 8.0191e-05 0.0000e+00
2.0000e+09 1.9062e-03 3.7036e+06 1.4805e-05 5.9538e-01 1.2305e-04 3.0268e-11 1.3289e-04 1.5862e-04 7.3897e-08 2.7212e-04 4.4526e-06 1.4015e-03 3.9794e-03 4.2964e-03 2.1626e-01 1.9049e-03 1.1311e-01 3.6238e-03 2.6993e-05 8.4357e-04 1.4433e-05 7.3323e-05 1.2532e-03 3.6991e-04 7.1471e-07 4.6232e-03 5.2097e-02 3.4566e-05 0.0000e+00
2.0500e+09 5.5042e-04 1.2980e+06 1.1028e-07 6.2978e-01 3.4410e-04 3.7109e-14 6.6126e-05 1.0815e-04 5.6843e-10 1.6598e-04 3.3397e-06 1.2182e-03 3.7338e-03 4.5648e-03 2.8167e-01 1.4965e-03 6.5558e-02 9.9768e-04 3.2480e-05 1.0743e-04 1.9562e-05 4.5274e-05 1.2983e-03 1.1752e-04 1.9807e-06 4.6372e-04 8.1881e-03 1.1950e-05 0.0000e+00
2.1000e+09 1.9101e-04 4.4427e+05 1.7012e-09 6.5161e-01 5.6213e-04 9.7906e-18 1.8144e-05 4.2949e-05 2.9724e-10 7.3884e-05 5.2756e-06 8.6073e-04 2.9592e-03 7.0062e-03 3.0606e-01 4.7401e-04 2.7994e-02 1.1859e-04 2.2369e-05 3.3965e-06 1.3138e-05 3.7721e-05 1.3287e-03 7.3529e-05 3.3668e-06 6.5129e-06 7.1894e-04 1.0749e-05 0.0000e+00
2.1500e+09 6.6285e-05 1.5206e+05 4.1968e-09 6.6324e-01 4.5220e-04 3.4276e-17 1.9693e-05 4.2739e-05 3.0016e-10 7.0850e-05 4.8916e-06 7.8776e-04 3.3749e-03 2.3769e-02 2.9453e-01 6.8223e-05 1.2039e-02 5.2990e-06 3.8063e-07 1.1256e-06 1.6324e-05 3.2922e-05 1.3446e-03 7.2931e-05 1.0386e-06 2.6410e-06 1.2879e-04 8.1657e-07 0.0000e+00
2.2000e+09 2.3003e-05 5.2044e+04 3.8337e-08 6.8419e-01 2.2961e-04 8.1738e-16 3.9958e-05 6.6694e-05 1.7453e-10 9.7107e-05 3.6668e-06 8.6958e-04 2.0820e-02 1.0942e-01 1.7928e-01 1.1938e-05 3.4726e-03 8.5128e-07 1.1916e-07 1.1819e-06 2.6271e-05 3.0149e-05 1.3637e-03 4.3599e-05 4.2551e-07 2.4797e-06 2.3790e-05 5.3201e-08 0.0000e+00
2.2500e+09 7.9825e-06 1.7813e+04 5.6413e-08 6.8983e-01 1.9146e-04 1.3231e-15 4.4473e-05 7.0181e-05 1.3605e-10 9.9907e-05 3.3164e-06 8.5578e-04 2.8848e-02 1.2756e-01 1.4885e-01 6.7035e-06 2.1657e-03 5.7837e-07 1.4429e-07 1.2051e-06 2.8354e-05 3.0387e-05 1.3675e-03 3.5157e-05 4.8105e-07 2.3846e-06 1.1920e-05 1.6698e-08 0.0000e+00
2.3000e+09 2.7701e-06 6.0966e+03 6.7387e-08 6.9331e-01 1.7040e-04 1.6398e-15 4.7381e-05 7.2580e-05 1.0749e-10 1.0162e-04 2.9845e-06 8.4375e-04 3.2638e-02 1.4202e-01 1.2786e-01 4.7240e-06 1.4547e-03 5.0371e-07 1.4966e-07 1.2207e-06 2.8458e-05 2.9673e-05 1.3726e-03 2.9035e-05 4.2961e-07 2.3155e-06 7.0840e-06 8.6521e-09 0.0000e+00
2.3500e+09 9.6130e-07 2.0866e+03 7.1901e-08 7.1210e-01 1.5248e-04 1.3896e-15 4.0536e-05 6.2735e-05 1.5035e-10 8.9213e-05 2.9539e-06 2.1801e-03 1.0907e-01 1.0760e-01 6.6508e-02 2.6435e-06 7.4192e-04 6.4923e-07 1.3200e-06 2.5398e-06 1.8155e-04 2.5799e-04 9.8230e-04 1.5028e-05 6.1703e-06 1.3653e-06 4.2255e-06 1.2384e-08 0.0000e+00
2.4000e+09 3.3360e-07 7.1417e+02 7.6409e-08 7.3087e-01 1.3459e-04 1.1398e-15 3.3699e-05 5.2904e-05 1.9314e-10 7.6819e-05 2.9233e-06 3.5146e-03 1.8539e-01 7.3219e-02 5.2385e-03 5.6578e-07 3.0085e-05 7.9455e-07 2.4887e-06 3.8571e-06 3.3443e-04 4.8600e-04 5.9255e-04 1.0411e-06 1.1903e-05 4.1641e-07 1.3710e-06 1.6111e-08 0.0000e+00
2.4500e+09 1.1577e-07 2.4443e+02 6.1563e-08 7.3084e-01 1.4341e-04 8.8584e-16 3.4371e-05 5.5180e-05 1.9227e-10 8.0148e-05 3.0686e-06 3.2292e-03 1.8812e-01 7.1492e-02 4.5498e-03 4.8562e-07 2.4777e-05 8.0161e-07 2.6544e-06 4.2219e-06 3.7216e-04 5.1098e-04 5.2777e-04 9.4170e-07 1.2003e-05 3.7438e-07 1.3339e-06 1.6390e-08 0.0000e+00
2.5000e+09 4.0174e-08 8.3660e+01 6.1563e-08 7.3084e-01 1.4341e-04 8.8584e-16 3.4371e-05 5.5180e-05 1.9227e-10 8.0148e-05 3.0686e-06 3.2292e-03 1.8812e-01 7.1492e-02 4.5498e-03 4.8562e-07 2.4777e-05 8.0161e-07 2.6544e-06 4.2219e-06 3.7216e-04 5.1098e-04 5.2777e-04 9.4170e-07 1.2003e-05 3.7438e-07 1.3339e-06 1.6390e-08 0.0000e+00
2.5500e+09 1.3941e-08 2.8634e+01 6.1563e-08 7.3084e-01 1.4341e-04 8.8584e-16 3.4371e-05 5.5180e-05 1.9227e-10 8.0148e-05 3.0686e-06 3.2292e-03 1.8812e-01 7.1492e-02 4.5498e-03 4.8562e-07 2.4777e-05 8.0161e-07 2.6544e-06 4.2219e-06 3.7216e-04 5.1098e-04 5.2777e-04 9.4170e-07 1.2003e-05 3.7438e-07 1.3339e-06 1.6390e-08 0.0000e+00
2.6000e+09 4.8379e-09 9.8003e+00 6.1563e-08 7.3084e-01 1.4341e-04 8.8584e-16 3.4371e-05 5.5180e-05 1.9227e-10 8.0148e-05 3.0686e-06 3.2292e-03 1.8812e-01 7.1492e-02 4.5498e-03 4.8562e-07 2.4777e-05 8.0161e-07 2.6544e-06 4.2219e-06 3.7216e-04 5.1098e-04 5.2777e-04 9.4170e-07 1.2003e-05 3.7438e-07 1.3339e-06 1.6390e-08 0.0000e+00
2.6500e+09 1.6789e-09 3.3543e+00 6.1563e-08 7.3084e-01 1.4341e-04 8.8584e-16 3.4371e-05 5.5180e-05 1.9227e-10 8.0148e-05 3.0686e-06 3.2292e-03 1.8812e-01 7.1492e-02 4.5498e-03 4.8562e-07 2.4777e-05 8.0161e-07 2.6544e-06 4.2219e-06 3.7216e-04 5.1098e-04 5.2777e-04 9.4170e-07 1.2003e-05 3.7438e-07 1.3339e-06 1.6390e-08 0.0000e+00
2.7000e+09 5.8262e-10 1.1480e+00 6.1563e-08 7.3084e-01 1.4341e-04 8.8584e-16 3.4371e-05 5.5180e-05 1.9227e-10 8.0148e-05 3.0686e-06 3.2292e-03 1.8812e-01 7.1492e-02 4.5498e-03 4.8562e-07 2.4777e-05 8.0161e-07 2.6544e-06 4.2219e-06 3.7216e-04 5.1098e-04 5.2777e-04 9.4170e-07 1.2003e-05 3.7438e-07 1.3339e-06 1.6390e-08 0.0000e+00
2.7500e+09 2.0218e-10 3.9293e-01 6.1563e-08 7.3084e-01 1.4341e-04 8.8584e-16 3.4371e-05 5.5180e-05 1.9227e-10 8.0148e-05 3.0686e-06 3.2292e-03 1.8812e-01 7.1492e-02 4.5498e-03 4.8562e-07 2.4777e-05 8.0161e-07 2.6544e-06 4.2219e-06 3.7216e-04 5.1098e-04 5.2777e-04 9.4170e-07 1.2003e-05 3.7438e-07 1.3339e-06 1.6390e-08 0.0000e+00
2.8000e+09 7.0162e-11 1.3448e-01 6.1563e-08 7.3084e-01 1.4341e-04 8.8584e-16 3.4371e-05 5.5180e-05 1.9227e-10 8.0148e-05 3.0686e-06 3.2292e-03 1.8812e-01 7.1492e-02 4.5498e-03 4.8562e-07 2.4777e-05 8.0161e-07 2.6544e-06 4.2219e-06 3.7216e-04 5.1098e-04 5.2777e-04 9.4170e-07 1.2003e-05 3.7438e-07 1.3339e-06 1.6390e-08 0.0000e+00
2.8500e+09 2.4348e-11 4.6029e-02 6.1563e-08 7.3084e-01 1.4341e-04 8.8584e-16 3.4371e-05 5.5180e-05 1.9227e-10 8.0148e-05 3.0686e-06 3.2292e-03 1.8812e-01 7.1492e-02 4.5498e-03 4.8562e-07 2.4777e-05 8.0161e-07 2.6544e-06 4.2219e-06 3.7216e-04 5.1098e-04 5.2777e-04 9.4170e-07 1.2003e-05 3.7438e-07 1.3339e-06 1.6390e-08 0.0000e+00
2.9000e+09 8.4493e-12 1.5754e-02 6.1563e-08 7.3084e-01 1.4341e-04 8.8584e-16 3.4371e-05 5.5180e-05 1.9227e-10 8.0148e-05 3.0686e-06 3.2292e-03 1.8812e-01 7.1492e-02 4.5498e-03 4.8562e-07 2.4777e-05 8.0161e-07 2.6544e-06 4.2219e-06 3.7216e-04 5.1098e-04 5.2777e-04 9.4170e-07 1.2003e-05 3.7438e-07 1.3339e-06 1.6390e-08 0.0000e+00
2.9500e+09 2.9321e-12 5.3920e-03 6.1563e-08 7.3084e-01 1.4341e-04 8.8584e-16 3.4371e-05 5.5180e-05 1.9227e-10 8.0148e-05 3.0686e-06 3.2292e-03 1.8812e-01 7.1492e-02 4.5498e-03 4.8562e-07 2.4777e-05 8.0161e-07 2.6544e-06 4.2219e-06 3.7216e-04 5.1098e-04 5.2777e-04 9.4170e-07 1.2003e-05 3.7438e-07 1.3339e-06 1.6390e-08 0.0000e+00
3.0000e+09 1.0175e-12 1.8455e-03 6.1563e-08 7.3084e-01 1.4341e-04 8.8584e-16 3.4371e-05 5.5180e-05 1.9227e-10 8.0148e-05 3.0686e-06 3.2292e-03 1.8812e-01 7.1492e-02 4.5498e-03 4.8562e-07 2.4777e-05 8.0161e-07 2.6544e-06 4.2219e-06 3.7216e-04 5.1098e-04 5.2777e-04 9.4170e-07 1.2003e-05 3.7438e-07 1.3339e-06 1.6390e-08 0.0000e+00
3.0500e+09 3.5311e-13 6.3164e-04 6.1563e-08 7.3084e-01 1.4341e-04 8.8584e-16 3.4371e-05 5.5180e-05 1.9227e-10 8.0148e-05 3.0686e-06 3.2292e-03 1.8812e-01 7.1492e-02 4.5498e-03 4.8562e-07 2.4777e-05 8.0161e-07 2.6544e-06 4.2219e-06 3.7216e-04 5.1098e-04 5.2777e-04 9.4170e-07 1.2003e-05 3.7438e-07 1.3339e-06 1.6390e-08 0.0000e+00
3.1000e+09 1.2254e-13 2.1619e-04 6.1563e-08 7.3084e-01 1.4341e-04 8.8584e-16 3.4371e-05 5.5180e-05 1.9227e-10 8.0148e-05 3.0686e-06 3.2292e-03 1.8812e-01 7.1492e-02 4.5498e-03 4.8562e-07 2.4777e-05 8.0161e-07 2.6544e-06 4.2219e-06 3.7216e-04 5.1098e-04 5.2777e-04 9.4170e-07 1.2003e-05 3.7438e-07 1.3339e-06 1.6390e-08 0.0000e+00
3.1500e+09 4.2523e-14 7.3992e-05 6.1563e-08 7.3084e-01 1.4341e-04 8.8584e-16 3.4371e-05 5.5180e-05 1.9227e-10 8.0148e-05 3.0686e-06 3.2292e-03 1.8812e-01 7.1492e-02 4.5498e-03 4.8562e-07 2.4777e-05 8.0161e-07 2.6544e-06 4.2219e-06 3.7216e-04 5.1098e-04 5.2777e-04 9.4170e-07 1.2003e-05 3.7438e-07 1.3339e-06 1.6390e-08 0.0000e+00
3.2000e+09 1.4757e-14 2.5325e-05 6.1563e-08 7.3084e-01 1.4341e-04 8.8584e-16 3.4371e-05 5.5180e-05 1.9227e-10 8.0148e-05 3.0686e-06 3.2292e-03 1.8812e-01 7.1492e-02 4.5498e-03 4.8562e-07 2.4777e-05 8.0161e-07 2.6544e-06 4.2219e-06 3.7216e-04 5.1098e-04 5.2777e-04 9.4170e-07 1.2003e-05 3.7438e-07 1.3339e-06 1.6390e-08 0.0000e+00
3.2500e+09 5.1209e-15 8.6677e-06 6.1563e-08 7.3084e-01 1.4341e-04 8.8584e-16 3.4371e-05 5.5180e-05 1.9227e-10 8.0148e-05 3.0686e-06 3.2292e-03 1.8812e-01 7.1492e-02 4.5498e-03 4.8562e-07 2.4777e-05 8.0161e-07 2.6544e-06 4.2219e-06 3.7216e-04 5.1098e-04 5.2777e-04 9.4170e-07 1.2003e-05 3.7438e-07 1.3339e-06 1.6390e-08 0.0000e+00
3.3000e+09 1.7771e-15 2.9666e-06 6.1563e-08 7.3084e-01 1.4341e-04 8.8584e-16 3.4371e-05 5.5180e-05 1.9227e-10 8.0148e-05 3.0686e-06 3.2292e-03 1.8812e-01 7.1492e-02 4.5498e-03 4.8562e-07 2.4777e-05 8.0161e-07 2.6544e-06 4.2219e-06 3.7216e-04 5.1098e-04 5.2777e-04 9.4170e-07 1.2003e-05 3.7438e-07 1.3339e-06 1.6390e-08 0.0000e+00
3.3500e+09 6.1669e-16 1.0154e-06 6.1563e-08 7.3084e-01 1.4341e-04 8.8584e-16 3.4371e-05 5.5180e-05 1.9227e-10 8.0148e-05 3.0686e-06 3.2292e-03 1.8812e-01 7.1492e-02 4.5498e-03 4.8562e-07 2.4777e-05 8.0161e-07 2.6544e-06 4.2219e-06 3.7216e-04 5.1098e-04 5.2777e-04 9.4170e-07 1.2003e-05 3.7438e-07 1.3339e-06 1.6390e-08 0.0000e+00
3.4000e+09 2.1401e-16 3.4752e-07 6.1563e-08 7.3084e-01 1.4341e-04 8.8584e-16 3.4371e-05 5.5180e-05 1.9227e-10 8.0148e-05 3.0686e-06 3.2292e-03 1.8812e-01 7.1492e-02 4.5498e-03 4.8562e-07 2.4777e-05 8.0161e-07 2.6544e-06 4.2219e-06 3.7216e-04 5.1098e-04 5.2777e-04 9.4170e-07 1.2003e-05 3.7438e-07 1.3339e-06 1.6390e-08 0.0000e+00
3.4500e+09 7.4265e-17 1.1894e-07 6.1563e-08 7.3084e-01 1.4341e-04 8.8584e-16 3.4371e-05 5.5180e-05 1.9227e-10 8.0148e-05 3.0686e-06 3.2292e-03 1.8812e-01 7.1492e-02 4.5498e-03 4.8562e-07 2.4777e-05 8.0161e-07 2.6544e-06 4.2219e-06 3.7216e-04 5.1098e-04 5.2777e-04 9.4170e-07 1.2003e-05 3.7438e-07 1.3339e-06 1.6390e-08 0.0000e+00
3.5000e+09 2.5772e-17 4.0710e-08 6.1563e-08 7.3084e-01 1.4341e-04 8.8584e-16 3.4371e-05 5.5180e-05 1.9227e-10 8.0148e-05 3.0686e-06 3.2292e-03 1.8812e-01 7.1492e-02 4.5498e-03 4.8562e-07 2.4777e-05 8.0161e-07 2.6544e-06 4.2219e-06 3.7216e-04 5.1098e-04 5.2777e-04 9.4170e-07 1.2003e-05 3.7438e-07 1.3339e-06 1.6390e-08 0.0000e+00
3.5500e+09 8.9435e-18 1.3933e-08 6.1563e-08 7.3084e-01 1.4341e-04 8.8584e-16 3.4371e-05 5.5180e-05 1.9227e-10 8.0148e-05 3.0686e-06 3.2292e-03 1.8812e-01 7.1492e-02 4.5498e-03 4.8562e-07 2.4777e-05 8.0161e-07 2.6544e-06 4.2219e-06 3.7216e-04 5.1098e-04 5.2777e-04 9.4170e-07 1.2003e-05 3.7438e-07 1.3339e-06 1.6390e-08 0.0000e+00
3.6000e+09 3.1036e-18 4.7689e-09 6.1563e-08 7.3084e-01 1.4341e-04 8.8584e-16 3.4371e-05 5.5180e-05 1.9227e-10 8.0148e-05 3.0686e-06 3.2292e-03 1.8812e-01 7.1492e-02 4.5498e-03 4.8562e-07 2.4777e-05 8.0161e-07 2.6544e-06 4.2219e-06 3.7216e-04 5.1098e-04 5.2777e-04 9.4170e-07 1.2003e-05 3.7438e-07 1.3339e-06 1.6390e-08 0.0000e+00
3.6500e+09 1.0770e-18 1.6322e-09 6.1563e-08 7.3084e-01 1.4341e-04 8.8584e-16 3.4371e-05 5.5180e-05 1.9227e-10 8.0148e-05 3.0686e-06 3.2292e-03 1.8812e-01 7.1492e-02 4.5498e-03 4.8562e-07 2.4777e-05 8.0161e-07 2.6544e-06 4.2219e-06 3.7216e-04 5.1098e-04 5.2777e-04 9.4170e-07 1.2003e-05 3.7438e-07 1.3339e-06 1.6390e-08 0.0000e+00
3.7000e+09 3.7376e-19 5.5864e-10 6.1563e-08 7.3084e-01 1.4341e-04 8.8584e-16 3.4371e-05 5.5180e-05 1.9227e-10 8.0148e-05 3.0686e-06 3.2292e-03 1.8812e-01 7.1492e-02 4.5498e-03 4.8562e-07 2.4777e-05 8.0161e-07 2.6544e-06 4.2219e-06 3.7216e-04 5.1098e-04 5.2777e-04 9.4170e-07 1.2003e-05 3.7438e-07 1.3339e-06 1.6390e-08 0.0000e+00
3.7500e+09 1.2970e-19 1.9120e-10 6.1563e-08 7.3084e-01 1.4341e-04 8.8584e-16 3.4371e-05 5.5180e-05 1.9227e-10 8.0148e-05 3.0686e-06 3.2292e-03 1.8812e-01 7.1492e-02 4.5498e-03 4.8562e-07 2.4777e-05 8.0161e-07 2.6544e-06 4.2219e-06 3.7216e-04 5.1098e-04 5.2777e-04 9.4170e-07 1.2003e-05 3.7438e-07 1.3339e-06 1.6390e-08 0.0000e+00
3.8000e+09 4.5010e-20 6.5441e-11 6.1563e-08 7.3084e-01 1.4341e-04 8.8584e-16 3.4371e-05 5.5180e-05 1.9227e-10 8.0148e-05 3.0686e-06 3.2292e-03 1.8812e-01 7.1492e-02 4.5498e-03 4.8562e-07 2.4777e-05 8.0161e-07 2.6544e-06 4.2219e-06 3.7216e-04 5.1098e-04 5.2777e-04 9.4170e-07 1.2003e-05 3.7438e-07 1.3339e-06 1.6390e-08 0.0000e+00
3.8500e+09 1.5620e-20 2.2398e-11 6.1563e-08 7.3084e-01 1.4341e-04 8.8584e-16 3.4371e-05 5.5180e-05 1.9227e-10 8.0148e-05 3.0686e-06 3.2292e-03 1.8812e-01 7.1492e-02 4.5498e-03 4.8562e-07 2.4777e-05 8.0161e-07 2.6544e-06 4.2219e-06 3.7216e-04 5.1098e-04 5.2777e-04 9.4170e-07 1.2003e-05 3.7438e-07 1.3339e-06 1.6390e-08 0.0000e+00
3.9000e+09 5.4204e-21 7.6660e-12 6.1563e-08 7.3084e-01 1.4341e-04 8.8584e-16 3.4371e-05 5.5180e-05 1.9227e-10 8.0148e-05 3.0686e-06 3.2292e-03 1.8812e-01 7.1492e-02 4.5498e-03 4.8562e-07 2.4777e-05 8.0161e-07 2.6544e-06 4.2219e-06 3.7216e-04 5.1098e-04 5.2777e-04 9.4170e-07 1.2003e-05 3.7438e-07 1.3339e-06 1.6390e-08 0.0000e+00
3.9500e+09 1.8810e-21 2.6238e-12 6.1563e-08 7.3084e-01 1.4341e-04 8.8584e-16 3.4371e-05 5.5180e-05 1.9227e-10 8.0148e-05 3.0686e-06 3.2292e-03 1.8812e-01 7.1492e-02 4.5498e-03 4.8562e-07 2.4777e-05 8.0161e-07 2.6544e-06 4.2219e-06 3.7216e-04 5.1098e-04 5.2777e-04 9.4170e-07 1.2003e-05 3.7438e-07 1.3339e-06 1.6390e-08 0.0000e+00
4.0000e+09 6.5275e-22 8.9802e-13 6.1563e-08 7.3084e-01 1.4341e-04 8.8584e-16 3.4371e-05 5.5180e-05 1.9227e-10 8.0148e-05 3.0686e-06 3.2292e-03 1.8812e-01 7.1492e-02 4.5498e-03 4.8562e-07 2.4777e-05 8.0161e-07 2.6544e-06 4.2219e-06 3.7216e-04 5.1098e-04 5.2777e-04 9.4170e-07 1.2003e-05 3.7438e-07 1.3339e-06 1.6390e-08 0.0000e+00
4.0500e+09 2.2652e-22 3.0736e-13 6.1563e-08 7.3084e-01 1.4341e-04 8.8584e-16 3.4371e-05 5.5180e-05 1.9227e-10 8.0148e-05 3.0686e-06 3.2292e-03 1.8812e-01 7.1492e-02 4.5498e-03 4.8562e-07 2.4777e-05 8.0161e-07 2.6544e-06 4.2219e-06 3.7216e-04 5.1098e-04 5.2777e-04 9.4170e-07 1.2003e-05 3.7438e-07 1.3339e-06 1.6390e-08 0.0000e+00
4.1000e+09 7.8609e-23 1.0520e-13 6.1563e-08 7.3084e-01 1.4341e-04 8.8584e-16 3.4371e-05 5.5180e-05 1.9227e-10 8.0148e-05 3.0686e-06 3.2292e-03 1.8812e-01 7.1492e-02 4.5498e-03 4.8562e-07 2.4777e-05 8.0161e-07 2.6544e-06 4.2219e-06 3.7216e-04 5.1098e-04 5.2777e-04 9.4170e-07 1.2003e-05 3.7438e-07 1.3339e-06 1.6390e-08 0.0000e+00
4.1500e+09 2.7279e-23 3.6005e-14 6.1563e-08 7.3084e-01 1.4341e-04 8.8584e-16 3.4371e-05 5.5180e-05 1.9227e-10 8.0148e-05 3.0686e-06 3.2292e-03 1.8812e-01 7.1492e-02 4.5498e-03 4.8562e-07 2.4777e-05 8.0161e-07 2.6544e-06 4.2219e-06 3.7216e-04 5.1098e-04 5.2777e-04 9.4170e-07 1.2003e-05 3.7438e-07 1.3339e-06 1.6390e-08 0.0000e+00
4.2000e+09 9.4665e-24 1.2323e-14 6.1563e-08 7.3084e-01 1.4341e-04 8.8584e-16 3.4371e-05 5.5180e-05 1.9227e-10 8.0148e-05 3.0686e-06 3.2292e-03 1.8812e-01 7.1492e-02 4.5498e-03 4.8562e-07 2.4777e-05 8.0161e-07 2.6544e-06 4.2219e-06 3.7216e-04 5.1098e-04 5.2777e-04 9.4170e-07 1.2003e-05 3.7438e-07 1.3339e-06 1.6390e-08 0.0000e+00
4.2500e+09 3.2851e-24 4.2177e-15 6.1563e-08 7.3084e-01 1.4341e-04 8.8584e-16 3.4371e-05 5.5180e-05 1.9227e-10 8.0148e-05 3.0686e-06 3.2292e-03 1.8812e-01 7.1492e-02 4.5498e-03 4.8562e-07 2.4777e-05 8.0161e-07 2.6544e-06 4.2219e-06 3.7216e-04 5.1098e-04 5.2777e-04 9.4170e-07 1.2003e-05 3.7438e-07 1.3339e-06 1.6390e-08 0.0000e+00
4.3000e+09 1.1400e-24 1.4436e-15 6.1563e-08 7.3084e-01 1.4341e-04 8.8584e-16 3.4371e-05 5.5180e-05 1.9227e-10 8.0148e-05 3.0686e-06 3.2292e-03 1.8812e-01 7.1492e-02 4.5498e-03 4.8562e-07 2.4777e-05 8.0161e-07 2.6544e-06 4.2219e-06 3.7216e-04 5.1098e-04 5.2777e-04 9.4170e-07 1.2003e-05 3.7438e-07 1.3339e-06 1.6390e-08 0.0000e+00
4.3500e+09 3.9561e-25 4.9408e-16 6.1563e-08 7.3084e-01 1.4341e-04 8.8584e-16 3.4371e-05 5.5180e-05 1.9227e-10 8.0148e-05 3.0686e-06 3.2292e-03 1.8812e-01 7.1492e-02 4.5498e-03 4.8562e-07 2.4777e-05 8.0161e-07 2.6544e-06 4.2219e-06 3.7216e-04 5.1098e-04 5.2777e-04 9.4170e-07 1.2003e-05 3.7438e-07 1.3339e-06 1.6390e-08 0.0000e+00
4.4000e+09 1.3729e-25 1.6910e-16 6.1563e-08 7.3084e-01 1.4341e-04 8.8584e-16 3.4371e-05 5.5180e-05 1.9227e-10 8.0148e-05 3.0686e-06 3.2292e-03 1.8812e-01 7.1492e-02 4.5498e-03 4.8562e-07 2.4777e-05 8.0161e-07 2.6544e-06 4.2219e-06 3.7216e-04 5.1098e-04 5.2777e-04 9.4170e-07 1.2003e-05 3.7438e-07 1.3339e-06 1.6390e-08 0.0000e+00
4.4500e+09 4.7642e-26 5.7878e-17 6.1563e-08 7.3084e-01 1.4341e-04 8.8584e-16 3.4371e-05 5.5180e-05 1.9227e-10 8.0148e-05 3.0686e-06 3.2292e-03 1.8812e-01 7.1492e-02 4.5498e-03 4.8562e-07 2.4777e-05 8.0161e-07 2.6544e-06 4.2219e-06 3.7216e-04 5.1098e-04 5.2777e-04 9.4170e-07 1.2003e-05 3.7438e-07 1.3339e-06 1.6390e-08 0.0000e+00
4.5000e+09 1.6533e-26 1.9809e-17 6.1563e-08 7.3084e-01 1.4341e-04 8.8584e-16 3.4371e-05 5.5180e-05 1.9227e-10 8.0148e-05 3.0686e-06 3.2292e-03 1.8812e-01 7.1492e-02 4.5498e-03 4.8562e-07 2.4777e-05 8.0161e-07 2.6544e-06 4.2219e-06 3.7216e-04 5.1098e-04 5.2777e-04 9.4170e-07 1.2003e-05 3.7438e-07 1.3339e-06 1.6390e-08 0.0000e+00
