# time_explosion = 17.75
# log_Lsun = 9.48
3000.7913 7.1613e-16
3001.6917 7.6551e-16
3002.5923 7.2340e-16
3003.4929 7.0485e-16
3004.3938 8.9979e-16
3005.2952 7.6071e-16
3006.1968 7.0639e-16
3007.0986 6.6213e-16
3008.0007 7.3498e-16
3008.9033 6.5234e-16
3009.8059 8.2098e-16
3010.7087 6.9167e-16
3011.6121 7.0945e-16
3012.5156 7.7567e-16
3013.4194 6.7387e-16
3014.3235 7.7013e-16
3015.2275 6.6586e-16
3016.1323 5.5148e-16
3017.0369 6.3722e-16
3017.9421 7.9952e-16
3018.8477 6.3947e-16
3019.7532 7.4689e-16
3020.6592 6.5237e-16
3021.5654 5.8614e-16
3022.4717 7.4476e-16
3023.3787 5.8452e-16
3024.2856 6.5744e-16
3025.1929 6.1814e-16
3026.1003 5.7023e-16
3027.0081 5.8933e-16
3027.9163 5.2017e-16
3028.8245 5.4684e-16
3029.7332 5.5755e-16
3030.6423 2.9001e-16
3031.5513 5.9311e-16
3032.4609 4.2642e-16
3033.3706 4.6931e-16
3034.2808 6.0843e-16
3035.1909 5.5545e-16
3036.1013 6.4695e-16
3037.0122 6.3823e-16
3037.9236 7.1384e-16
3038.8350 4.5858e-16
3039.7463 3.6450e-16
3040.6584 5.8348e-16
3041.5706 6.3489e-16
3042.4829 4.7384e-16
3043.3958 4.7273e-16
3044.3086 6.0304e-16
3045.2222 5.9898e-16
3046.1357 5.5302e-16
3047.0498 7.1279e-16
3047.9636 4.8996e-16
3048.8782 4.2321e-16
3049.7927 4.6307e-16
3050.7075 5.4030e-16
3051.6228 4.6150e-16
3052.5386 4.6108e-16
3053.4543 3.9241e-16
3054.3704 3.2838e-16
3055.2864 4.2807e-16
3056.2029 5.5518e-16
3057.1199 3.8572e-16
3058.0369 5.3501e-16
3058.9543 3.7369e-16
3059.8721 4.8002e-16
3060.7903 5.9812e-16
3061.7083 4.9566e-16
3062.6267 5.5943e-16
3063.5457 4.0861e-16
3064.4648 5.1089e-16
3065.3840 6.7968e-16
3066.3035 7.4879e-16
3067.2234 4.5683e-16
3068.1438 4.7189e-16
3069.0642 4.4254e-16
3069.9849 6.2139e-16
3070.9058 4.8510e-16
3071.8271 4.8082e-16
3072.7485 6.0033e-16
3073.6707 6.2305e-16
3074.5925 4.0672e-16
3075.5149 4.8109e-16
3076.4375 5.0824e-16
3077.3606 4.8486e-16
3078.2837 6.3357e-16
3079.2070 5.3685e-16
3080.1309 4.3258e-16
3081.0552 6.2258e-16
3081.9795 5.4033e-16
3082.9041 4.1300e-16
3083.8289 4.9164e-16
3084.7539 6.6660e-16
3085.6794 5.4822e-16
3086.6050 6.8123e-16
3087.5312 5.9854e-16
3088.4573 6.5080e-16
3089.3838 5.4653e-16
3090.3105 4.8359e-16
3091.2378 5.7689e-16
3092.1653 5.6728e-16
3093.0928 6.3440e-16
3094.0205 6.7726e-16
3094.9490 4.7842e-16
3095.8777 7.4701e-16
3096.8062 5.9030e-16
3097.7354 5.5059e-16
3098.6646 6.3930e-16
3099.5940 6.9783e-16
3100.5239 7.2477e-16
3101.4543 5.6826e-16
3102.3848 7.8289e-16
3103.3152 6.1270e-16
3104.2463 5.5970e-16
3105.1775 7.6072e-16
3106.1091 5.5169e-16
3107.0408 6.8349e-16
3107.9731 7.6898e-16
3108.9055 6.0486e-16
3109.8384 5.4851e-16
3110.7712 4.1813e-16
3111.7046 7.9894e-16
3112.6379 6.1001e-16
3113.5718 6.5316e-16
3114.5059 7.0735e-16
3115.4399 6.5635e-16
3116.3748 5.7345e-16
3117.3096 5.7967e-16
3118.2449 6.7732e-16
3119.1802 4.5958e-16
3120.1162 6.1450e-16
3121.0522 6.9977e-16
3121.9883 6.0258e-16
3122.9250 4.9186e-16
3123.8618 5.6580e-16
3124.7991 6.3078e-16
3125.7363 6.2139e-16
3126.6743 5.2601e-16
3127.6121 4.0735e-16
3128.5503 6.0362e-16
3129.4890 5.6527e-16
3130.4280 5.5205e-16
3131.3672 6.3247e-16
3132.3064 6.9581e-16
3133.2458 5.6838e-16
3134.1860 6.4490e-16
3135.1262 6.7056e-16
3136.0671 4.6531e-16
3137.0078 5.5813e-16
3137.9487 4.6012e-16
3138.8901 5.1111e-16
3139.8318 4.7195e-16
3140.7739 4.5050e-16
3141.7158 4.9842e-16
3142.6587 5.9247e-16
3143.6013 5.4446e-16
3144.5444 3.7806e-16
3145.4878 6.1389e-16
3146.4316 5.3417e-16
3147.3755 5.8145e-16
3148.3196 5.3676e-16
3149.2642 4.5302e-16
3150.2087 5.7075e-16
3151.1538 4.7873e-16
3152.0991 4.4909e-16
3153.0449 5.9951e-16
3153.9910 5.4034e-16
3154.9370 5.0280e-16
3155.8835 5.0597e-16
3156.8303 4.8945e-16
3157.7776 4.5719e-16
3158.7246 3.3694e-16
3159.6724 4.8535e-16
3160.6204 5.5567e-16
3161.5684 4.7095e-16
3162.5168 5.3057e-16
3163.4656 5.3284e-16
3164.4146 5.2031e-16
3165.3638 4.5411e-16
3166.3137 5.7249e-16
3167.2632 4.0471e-16
3168.2136 6.3588e-16
3169.1641 5.1168e-16
3170.1147 3.8278e-16
3171.0659 5.2774e-16
3172.0171 5.2716e-16
3172.9688 5.7535e-16
3173.9209 5.5799e-16
3174.8728 4.9780e-16
3175.8254 4.8543e-16
3176.7781 4.5090e-16
3177.7310 6.6016e-16
3178.6843 4.6972e-16
3179.6382 5.1961e-16
3180.5920 5.1791e-16
3181.5461 6.1090e-16
3182.5005 5.0813e-16
3183.4553 4.7801e-16
3184.4104 5.3270e-16
3185.3657 3.0384e-16
3186.3213 4.8474e-16
3187.2773 4.3442e-16
3188.2334 3.0583e-16
3189.1897 6.2593e-16
3190.1465 5.2350e-16
3191.1038 4.1220e-16
3192.0610 4.8079e-16
3193.0186 5.7633e-16
3193.9766 7.2149e-16
3194.9346 5.2344e-16
3195.8931 7.3462e-16
3196.8521 5.1635e-16
3197.8110 4.5871e-16
3198.7705 4.6491e-16
3199.7300 5.0489e-16
3200.6897 6.4508e-16
3201.6501 6.3397e-16
3202.6106 5.4441e-16
3203.5715 6.3594e-16
3204.5325 3.6015e-16
3205.4937 5.7389e-16
3206.4553 5.6835e-16
3207.4175 5.9370e-16
3208.3796 7.0730e-16
3209.3423 5.0951e-16
3210.3049 7.0407e-16
3211.2681 6.6553e-16
3212.2312 5.9071e-16
3213.1951 6.8510e-16
3214.1592 7.2144e-16
3215.1233 7.4495e-16
3216.0879 5.7694e-16
3217.0527 6.6173e-16
3218.0178 8.3662e-16
3218.9832 6.5268e-16
3219.9490 9.2238e-16
3220.9150 7.3015e-16
3221.8811 6.4662e-16
3222.8477 6.9359e-16
3223.8145 6.0175e-16
3224.7817 8.6377e-16
3225.7490 6.4496e-16
3226.7170 7.2000e-16
3227.6848 8.6521e-16
3228.6531 8.4347e-16
3229.6216 1.0696e-15
3230.5906 9.5444e-16
3231.5598 6.8380e-16
3232.5293 7.7419e-16
3233.4993 8.0297e-16
3234.4690 7.6874e-16
3235.4392 8.1490e-16
3236.4099 7.0707e-16
3237.3811 8.7932e-16
3238.3523 6.9535e-16
3239.3237 1.0389e-15
3240.2954 8.1673e-16
3241.2673 8.6884e-16
3242.2400 6.7051e-16
3243.2126 9.0845e-16
3244.1855 8.6473e-16
3245.1589 8.9243e-16
3246.1323 9.0089e-16
3247.1064 9.7929e-16
3248.0803 8.1172e-16
3249.0547 8.2098e-16
3250.0295 1.0607e-15
3251.0044 8.4531e-16
3251.9795 7.6399e-16
3252.9553 7.5710e-16
3253.9314 6.9855e-16
3254.9072 1.0229e-15
3255.8843 1.0046e-15
3256.8608 1.0790e-15
3257.8379 7.9527e-16
3258.8152 9.3810e-16
3259.7927 9.1730e-16
3260.7708 7.9991e-16
3261.7490 1.0326e-15
3262.7275 8.7883e-16
3263.7061 9.6531e-16
3264.6855 9.4126e-16
3265.6646 9.8496e-16
3266.6445 7.8927e-16
3267.6243 6.2317e-16
3268.6045 9.1262e-16
3269.5852 8.5656e-16
3270.5662 8.0415e-16
3271.5474 7.8900e-16
3272.5291 8.9708e-16
3273.5107 8.3276e-16
3274.4927 6.7692e-16
3275.4749 8.7186e-16
3276.4575 8.7601e-16
3277.4407 1.1811e-15
3278.4238 8.3726e-16
3279.4075 1.2908e-15
3280.3911 7.3660e-16
3281.3752 9.4754e-16
3282.3599 1.1069e-15
3283.3445 8.1345e-16
3284.3293 9.9600e-16
3285.3145 7.6243e-16
3286.3003 1.2882e-15
3287.2861 8.2515e-16
3288.2725 1.0413e-15
3289.2590 9.5479e-16
3290.2454 1.0225e-15
3291.2324 1.0237e-15
3292.2202 1.0672e-15
3293.2078 9.9769e-16
3294.1958 9.6326e-16
3295.1841 9.9865e-16
3296.1726 8.9485e-16
3297.1614 9.8417e-16
3298.1506 1.2336e-15
3299.1401 1.0870e-15
3300.1296 1.1647e-15
3301.1199 1.0700e-15
3302.1101 1.0979e-15
3303.1008 1.1055e-15
3304.0916 9.1810e-16
3305.0830 9.9358e-16
3306.0745 1.1163e-15
3307.0662 9.9771e-16
3308.0583 9.0276e-16
3309.0508 1.1732e-15
3310.0435 9.8974e-16
3311.0364 1.1477e-15
3312.0298 1.2873e-15
3313.0234 1.3550e-15
3314.0173 1.2387e-15
3315.0115 1.2338e-15
3316.0061 1.0774e-15
3317.0010 1.1583e-15
3317.9961 1.0565e-15
3318.9915 1.1323e-15
3319.9871 1.0999e-15
3320.9829 1.0579e-15
3321.9795 1.1613e-15
3322.9758 9.6152e-16
3323.9729 9.6379e-16
3324.9702 1.1613e-15
3325.9675 1.0554e-15
3326.9651 1.1264e-15
3327.9634 1.1107e-15
3328.9617 1.0128e-15
3329.9604 1.2401e-15
3330.9595 1.5138e-15
3331.9585 1.2910e-15
3332.9583 1.3271e-15
3333.9583 1.2278e-15
3334.9585 1.1709e-15
3335.9590 1.1165e-15
3336.9597 1.3149e-15
3337.9607 1.6396e-15
3338.9622 1.4250e-15
3339.9639 1.3838e-15
3340.9661 1.1168e-15
3341.9680 1.1991e-15
3342.9709 1.3931e-15
3343.9736 1.1987e-15
3344.9768 1.4699e-15
3345.9802 1.3632e-15
3346.9844 1.3054e-15
3347.9885 1.2898e-15
3348.9924 1.2131e-15
3349.9973 1.4161e-15
3351.0022 1.7351e-15
3352.0076 1.2294e-15
3353.0132 1.3743e-15
3354.0193 1.2073e-15
3355.0251 1.2906e-15
3356.0317 1.4962e-15
3357.0388 1.4447e-15
3358.0457 1.4539e-15
3359.0532 1.1344e-15
3360.0608 1.3478e-15
3361.0688 1.3754e-15
3362.0774 1.4387e-15
3363.0859 1.4610e-15
3364.0947 1.4146e-15
3365.1040 1.6399e-15
3366.1135 1.2347e-15
3367.1233 1.2708e-15
3368.1335 1.4062e-15
3369.1438 1.5072e-15
3370.1548 1.2701e-15
3371.1655 1.3596e-15
3372.1772 1.5843e-15
3373.1887 1.7347e-15
3374.2007 1.4592e-15
3375.2129 1.3316e-15
3376.2256 1.2522e-15
3377.2383 1.3543e-15
3378.2515 1.6129e-15
3379.2651 1.6067e-15
3380.2786 1.2639e-15
3381.2930 1.2881e-15
3382.3071 1.3172e-15
3383.3218 1.4015e-15
3384.3369 1.4927e-15
3385.3521 1.6893e-15
3386.3679 1.3230e-15
3387.3838 1.4926e-15
3388.3999 1.3769e-15
3389.4165 1.5661e-15
3390.4333 1.4154e-15
3391.4507 1.5498e-15
3392.4678 1.3749e-15
3393.4856 1.4242e-15
3394.5037 1.5428e-15
3395.5220 1.4201e-15
3396.5405 1.4853e-15
3397.5598 1.4926e-15
3398.5789 1.4159e-15
3399.5986 1.4192e-15
3400.6184 1.6560e-15
3401.6387 1.6070e-15
3402.6589 1.3592e-15
3403.6799 1.7142e-15
3404.7009 1.4167e-15
3405.7222 1.3080e-15
3406.7441 1.7191e-15
3407.7661 1.4784e-15
3408.7883 1.2640e-15
3409.8110 1.6445e-15
3410.8340 1.4474e-15
3411.8574 1.4155e-15
3412.8809 1.3788e-15
3413.9045 1.5485e-15
3414.9290 1.2224e-15
3415.9531 1.5452e-15
3416.9780 1.3303e-15
3418.0029 1.3153e-15
3419.0286 1.2956e-15
3420.0544 1.4537e-15
3421.0803 1.3483e-15
3422.1064 1.6590e-15
3423.1331 1.4371e-15
3424.1604 1.3616e-15
3425.1875 1.5592e-15
3426.2148 1.6912e-15
3427.2429 1.6535e-15
3428.2712 1.7519e-15
3429.2996 1.5115e-15
3430.3284 1.6129e-15
3431.3572 1.6641e-15
3432.3870 1.4155e-15
3433.4165 1.5600e-15
3434.4463 1.3437e-15
3435.4768 1.5247e-15
3436.5076 1.5157e-15
3437.5383 1.5507e-15
3438.5696 1.4701e-15
3439.6016 1.6411e-15
3440.6333 1.4336e-15
3441.6655 1.4146e-15
3442.6980 1.5968e-15
3443.7307 1.7138e-15
3444.7637 1.4025e-15
3445.7971 1.4164e-15
3446.8308 1.4091e-15
3447.8652 1.3036e-15
3448.8994 1.1777e-15
3449.9343 1.5193e-15
3450.9690 1.3250e-15
3452.0042 1.4542e-15
3453.0403 1.3619e-15
3454.0759 1.5994e-15
3455.1121 1.3869e-15
3456.1487 1.3169e-15
3457.1855 1.4899e-15
3458.2227 1.3075e-15
3459.2600 1.6771e-15
3460.2979 1.3915e-15
3461.3359 1.3555e-15
3462.3745 1.4455e-15
3463.4128 1.2909e-15
3464.4521 1.3847e-15
3465.4915 1.1971e-15
3466.5310 1.3652e-15
3467.5710 1.3556e-15
3468.6113 1.3736e-15
3469.6519 1.1886e-15
3470.6926 1.2564e-15
3471.7339 1.3516e-15
3472.7756 1.3319e-15
3473.8176 1.1640e-15
3474.8596 1.1567e-15
3475.9021 1.2240e-15
3476.9446 1.2781e-15
3477.9878 1.3566e-15
3479.0312 1.3425e-15
3480.0750 1.2340e-15
3481.1191 1.3840e-15
3482.1631 1.3307e-15
3483.2078 1.1486e-15
3484.2529 1.3060e-15
3485.2983 1.4690e-15
3486.3438 1.2773e-15
3487.3899 1.4715e-15
3488.4358 1.4458e-15
3489.4824 1.3853e-15
3490.5291 1.3984e-15
3491.5767 1.4080e-15
3492.6240 1.6232e-15
3493.6716 1.4512e-15
3494.7197 1.4613e-15
3495.7683 1.3571e-15
3496.8169 1.3511e-15
3497.8657 1.4174e-15
3498.9153 1.7422e-15
3499.9651 1.7142e-15
3501.0149 1.6574e-15
3502.0654 1.6999e-15
3503.1157 1.3302e-15
3504.1667 1.5519e-15
3505.2178 1.7685e-15
3506.2695 1.6510e-15
3507.3215 1.6957e-15
3508.3735 1.7151e-15
3509.4263 1.4908e-15
3510.4790 1.4902e-15
3511.5320 1.7171e-15
3512.5857 1.5600e-15
3513.6394 1.6628e-15
3514.6934 1.6740e-15
3515.7478 1.7324e-15
3516.8027 1.8215e-15
3517.8577 1.5903e-15
3518.9131 1.4079e-15
3519.9688 1.4936e-15
3521.0247 1.5667e-15
3522.0811 1.3249e-15
3523.1375 1.5528e-15
3524.1946 1.5159e-15
3525.2517 1.5632e-15
3526.3093 1.3576e-15
3527.3674 1.1825e-15
3528.4255 1.3889e-15
3529.4841 1.3963e-15
3530.5427 1.2680e-15
3531.6021 1.5517e-15
3532.6616 1.4552e-15
3533.7214 1.3500e-15
3534.7812 1.3025e-15
3535.8420 1.4620e-15
3536.9026 1.5111e-15
3537.9636 1.1122e-15
3539.0251 1.1628e-15
3540.0867 1.1032e-15
3541.1489 1.4753e-15
3542.2109 1.3428e-15
3543.2739 1.4491e-15
3544.3369 1.1498e-15
3545.4001 1.3691e-15
3546.4636 1.5243e-15
3547.5278 1.5032e-15
3548.5920 1.3643e-15
3549.6567 1.3234e-15
3550.7214 1.5835e-15
3551.7866 1.4547e-15
3552.8523 1.4613e-15
3553.9182 1.4658e-15
3554.9839 1.2635e-15
3556.0508 1.1680e-15
3557.1177 1.3778e-15
3558.1846 1.2232e-15
3559.2522 1.4804e-15
3560.3198 1.3600e-15
3561.3879 1.6136e-15
3562.4563 1.3007e-15
3563.5254 1.2744e-15
3564.5942 1.5303e-15
3565.6638 1.6915e-15
3566.7332 1.4173e-15
3567.8032 1.2411e-15
3568.8738 1.4909e-15
3569.9443 1.3471e-15
3571.0154 1.5074e-15
3572.0864 1.4350e-15
3573.1582 1.6235e-15
3574.2302 1.6808e-15
3575.3025 1.5737e-15
3576.3748 1.3489e-15
3577.4480 1.6177e-15
3578.5212 1.7973e-15
3579.5950 1.5413e-15
3580.6685 1.4662e-15
3581.7427 1.7736e-15
3582.8174 1.6077e-15
3583.8921 2.0307e-15
3584.9673 1.4575e-15
3586.0430 1.6674e-15
3587.1187 1.6388e-15
3588.1948 1.8499e-15
3589.2715 1.6397e-15
3590.3479 1.8384e-15
3591.4253 1.6266e-15
3592.5024 1.6124e-15
3593.5803 1.9285e-15
3594.6584 1.8078e-15
3595.7368 1.8500e-15
3596.8154 1.8449e-15
3597.8945 1.6033e-15
3598.9739 1.9267e-15
3600.0535 1.6831e-15
3601.1338 1.8344e-15
3602.2139 1.7950e-15
3603.2947 2.1517e-15
3604.3755 1.9143e-15
3605.4570 2.2286e-15
3606.5388 2.0198e-15
3607.6204 2.0679e-15
3608.7031 2.3895e-15
3609.7854 2.4671e-15
3610.8684 2.0302e-15
3611.9517 2.0148e-15
3613.0352 2.2439e-15
3614.1191 2.5262e-15
3615.2034 2.2811e-15
3616.2878 2.3209e-15
3617.3728 2.2265e-15
3618.4580 2.4372e-15
3619.5437 2.6668e-15
3620.6294 2.4598e-15
3621.7156 2.3885e-15
3622.8022 2.6714e-15
3623.8889 2.2785e-15
3624.9761 2.6365e-15
3626.0635 2.7742e-15
3627.1516 2.3606e-15
3628.2395 2.6420e-15
3629.3281 2.8862e-15
3630.4170 2.7703e-15
3631.5061 2.3890e-15
3632.5955 2.5168e-15
3633.6853 2.4638e-15
3634.7754 2.5694e-15
3635.8657 2.6134e-15
3636.9565 2.6836e-15
3638.0474 2.6216e-15
3639.1389 2.8511e-15
3640.2310 2.8191e-15
3641.3225 2.5985e-15
3642.4155 2.5223e-15
3643.5081 2.6917e-15
3644.6011 2.7244e-15
3645.6943 2.9836e-15
3646.7881 2.6349e-15
3647.8821 3.0063e-15
3648.9766 2.4474e-15
3650.0710 2.2481e-15
3651.1663 2.0836e-15
3652.2615 2.2706e-15
3653.3572 2.3305e-15
3654.4531 2.5777e-15
3655.5496 2.5403e-15
3656.6462 2.3951e-15
3657.7432 2.3537e-15
3658.8406 2.3190e-15
3659.9380 2.3144e-15
3661.0361 2.2440e-15
3662.1348 2.2544e-15
3663.2332 2.0087e-15
3664.3320 1.9013e-15
3665.4314 2.1721e-15
3666.5310 1.9882e-15
3667.6309 1.9273e-15
3668.7314 1.6753e-15
3669.8318 2.0789e-15
3670.9329 1.9042e-15
3672.0339 1.8612e-15
3673.1360 1.9720e-15
3674.2375 1.9777e-15
3675.3401 1.8053e-15
3676.4424 1.6610e-15
3677.5454 1.5036e-15
3678.6487 1.8302e-15
3679.7522 1.5866e-15
3680.8562 1.7700e-15
3681.9604 1.6163e-15
3683.0649 1.4530e-15
3684.1702 1.1955e-15
3685.2751 1.4686e-15
3686.3809 1.6969e-15
3687.4868 1.5135e-15
3688.5928 1.4665e-15
3689.6997 1.4908e-15
3690.8066 1.3723e-15
3691.9138 1.6219e-15
3693.0215 1.4962e-15
3694.1294 1.4801e-15
3695.2375 1.2273e-15
3696.3459 1.3069e-15
3697.4548 1.2664e-15
3698.5642 1.3394e-15
3699.6738 1.1337e-15
3700.7837 1.3466e-15
3701.8938 1.0689e-15
3703.0042 1.1693e-15
3704.1152 1.4893e-15
3705.2266 1.2218e-15
3706.3381 1.0694e-15
3707.4500 1.1881e-15
3708.5625 1.2897e-15
3709.6748 1.1765e-15
3710.7878 1.1650e-15
3711.9009 1.2401e-15
3713.0146 1.2386e-15
3714.1284 1.2592e-15
3715.2427 1.1317e-15
3716.3574 1.2581e-15
3717.4724 1.2353e-15
3718.5876 1.2368e-15
3719.7031 1.1738e-15
3720.8186 9.7183e-16
3721.9351 1.1474e-15
3723.0518 1.0054e-15
3724.1685 1.1979e-15
3725.2861 1.1181e-15
3726.4033 1.1859e-15
3727.5215 9.8818e-16
3728.6399 1.1511e-15
3729.7583 1.0796e-15
3730.8772 1.3194e-15
3731.9963 1.1389e-15
3733.1160 9.5238e-16
3734.2361 1.3563e-15
3735.3562 1.1389e-15
3736.4768 1.1033e-15
3737.5977 1.1096e-15
3738.7190 1.4092e-15
3739.8408 1.0744e-15
3740.9626 1.3053e-15
3742.0850 1.3234e-15
3743.2075 1.1279e-15
3744.3306 1.4544e-15
3745.4539 1.6253e-15
3746.5774 1.2498e-15
3747.7014 1.6850e-15
3748.8257 1.3996e-15
3749.9504 1.6043e-15
3751.0757 1.4859e-15
3752.2004 1.3572e-15
3753.3264 1.6178e-15
3754.4524 1.5997e-15
3755.5789 1.8123e-15
3756.7051 1.9744e-15
3757.8323 1.9372e-15
3758.9597 1.5781e-15
3760.0874 2.0838e-15
3761.2153 1.5151e-15
3762.3440 2.0310e-15
3763.4727 2.2373e-15
3764.6018 1.8197e-15
3765.7307 2.0787e-15
3766.8604 2.1990e-15
3767.9907 1.8537e-15
3769.1211 2.3202e-15
3770.2517 2.1487e-15
3771.3828 2.1282e-15
3772.5144 2.1285e-15
3773.6462 1.9520e-15
3774.7781 1.9746e-15
3775.9104 2.1447e-15
3777.0432 2.0055e-15
3778.1765 2.0925e-15
3779.3101 1.9849e-15
3780.4438 2.0148e-15
3781.5781 2.2803e-15
3782.7124 2.0967e-15
3783.8469 1.9467e-15
3784.9822 2.1021e-15
3786.1179 1.9776e-15
3787.2539 1.9353e-15
3788.3899 2.1425e-15
3789.5264 2.2516e-15
3790.6631 2.3946e-15
3791.8005 2.1645e-15
3792.9380 2.4275e-15
3794.0757 2.1736e-15
3795.2139 2.3522e-15
3796.3528 2.4293e-15
3797.4917 2.3081e-15
3798.6309 2.0768e-15
3799.7705 2.5409e-15
3800.9104 2.2425e-15
3802.0508 2.3124e-15
3803.1912 2.4646e-15
3804.3323 2.6478e-15
3805.4734 2.3371e-15
3806.6152 2.0022e-15
3807.7571 2.4951e-15
3808.8997 2.2951e-15
3810.0422 2.4239e-15
3811.1853 2.0343e-15
3812.3284 2.2345e-15
3813.4722 2.4707e-15
3814.6162 2.3656e-15
3815.7605 2.7732e-15
3816.9055 2.1958e-15
3818.0503 2.7040e-15
3819.1956 2.4515e-15
3820.3416 2.2790e-15
3821.4875 2.2577e-15
3822.6340 2.6134e-15
3823.7810 2.6772e-15
3824.9280 2.4394e-15
3826.0754 2.4648e-15
3827.2234 2.5886e-15
3828.3716 2.8091e-15
3829.5198 2.2145e-15
3830.6689 2.5663e-15
3831.8179 2.8154e-15
3832.9675 2.6926e-15
3834.1172 2.9270e-15
3835.2676 2.6349e-15
3836.4182 2.4620e-15
3837.5691 2.2627e-15
3838.7205 2.3686e-15
3839.8718 3.0999e-15
3841.0244 2.7890e-15
3842.1765 2.9284e-15
3843.3291 2.7835e-15
3844.4822 3.0801e-15
3845.6355 2.8585e-15
3846.7888 2.7870e-15
3847.9431 2.8488e-15
3849.0977 2.9243e-15
3850.2522 2.8282e-15
3851.4070 3.3017e-15
3852.5627 3.3213e-15
3853.7185 2.8642e-15
3854.8745 3.2419e-15
3856.0310 3.0946e-15
3857.1877 3.2020e-15
3858.3452 3.3293e-15
3859.5024 2.9948e-15
3860.6606 3.2396e-15
3861.8186 2.9989e-15
3862.9771 3.3006e-15
3864.1357 3.0006e-15
3865.2954 3.5408e-15
3866.4551 3.4351e-15
3867.6147 3.2909e-15
3868.7751 3.2969e-15
3869.9358 3.4339e-15
3871.0964 3.2518e-15
3872.2581 3.3759e-15
3873.4197 3.3044e-15
3874.5818 3.5186e-15
3875.7441 3.6313e-15
3876.9070 3.3306e-15
3878.0698 3.5515e-15
3879.2334 3.4727e-15
3880.3972 3.4737e-15
3881.5610 3.2891e-15
3882.7256 3.2724e-15
3883.8906 3.0194e-15
3885.0557 3.1545e-15
3886.2212 3.3308e-15
3887.3870 2.9016e-15
3888.5535 3.3888e-15
3889.7197 3.6990e-15
3890.8867 3.6347e-15
3892.0542 3.2735e-15
3893.2214 3.8832e-15
3894.3899 3.5436e-15
3895.5579 3.3607e-15
3896.7266 3.6449e-15
3897.8953 3.7318e-15
3899.0652 3.5095e-15
3900.2346 3.6264e-15
3901.4048 3.5555e-15
3902.5752 3.6364e-15
3903.7458 3.6918e-15
3904.9172 3.1816e-15
3906.0884 3.6577e-15
3907.2603 3.7476e-15
3908.4326 3.4687e-15
3909.6050 3.7078e-15
3910.7781 3.4029e-15
3911.9509 3.5868e-15
3913.1245 3.8245e-15
3914.2986 3.7155e-15
3915.4731 3.5604e-15
3916.6477 3.2273e-15
3917.8228 3.8894e-15
3918.9978 3.4571e-15
3920.1736 3.6328e-15
3921.3496 3.4813e-15
3922.5261 3.7872e-15
3923.7031 3.5568e-15
3924.8801 3.5273e-15
3926.0576 3.7460e-15
3927.2354 3.4576e-15
3928.4133 3.6896e-15
3929.5918 3.4502e-15
3930.7710 3.5651e-15
3931.9500 3.6101e-15
3933.1294 3.4993e-15
3934.3098 3.6063e-15
3935.4900 3.3171e-15
3936.6704 3.1901e-15
3937.8518 3.7093e-15
3939.0330 3.2907e-15
3940.2144 3.7828e-15
3941.3967 3.5797e-15
3942.5791 3.3915e-15
3943.7617 3.3413e-15
3944.9448 3.5480e-15
3946.1284 3.4840e-15
3947.3125 3.1654e-15
3948.4966 3.0852e-15
3949.6812 2.9933e-15
3950.8660 3.4731e-15
3952.0513 3.6600e-15
3953.2366 3.2308e-15
3954.4226 3.4256e-15
3955.6091 3.3060e-15
3956.7957 3.2176e-15
3957.9829 3.3387e-15
3959.1702 3.4204e-15
3960.3579 3.1990e-15
3961.5461 3.1786e-15
3962.7346 3.2178e-15
3963.9233 3.2514e-15
3965.1128 3.3376e-15
3966.3022 2.9194e-15
3967.4922 3.1670e-15
3968.6824 3.3424e-15
3969.8730 3.3119e-15
3971.0637 3.0428e-15
3972.2551 3.1198e-15
3973.4468 2.9293e-15
3974.6387 2.9711e-15
3975.8313 2.8628e-15
3977.0242 3.1342e-15
3978.2170 3.0405e-15
3979.4104 3.1535e-15
3980.6045 3.0373e-15
3981.7988 2.7026e-15
3982.9932 2.9687e-15
3984.1880 2.9890e-15
3985.3833 2.8910e-15
3986.5791 2.8140e-15
3987.7747 2.9510e-15
3988.9712 3.0330e-15
3990.1677 3.0748e-15
3991.3647 2.9963e-15
3992.5623 2.7830e-15
3993.7600 2.8916e-15
3994.9580 2.7933e-15
3996.1565 2.7203e-15
3997.3557 2.8901e-15
3998.5544 3.1134e-15
3999.7542 2.7507e-15
4000.9543 2.7776e-15
4002.1543 2.8558e-15
4003.3552 3.0589e-15
4004.5564 2.6598e-15
4005.7573 2.6725e-15
4006.9595 3.0173e-15
4008.1614 2.9190e-15
4009.3638 3.0579e-15
4010.5667 2.8547e-15
4011.7698 2.6881e-15
4012.9734 2.8280e-15
4014.1772 2.9116e-15
4015.3813 2.7057e-15
4016.5862 2.6863e-15
4017.7910 2.5956e-15
4018.9966 3.1670e-15
4020.2021 3.0555e-15
4021.4082 2.9806e-15
4022.6147 2.5996e-15
4023.8210 3.1658e-15
4025.0286 2.9448e-15
4026.2361 3.0480e-15
4027.4438 3.3040e-15
4028.6523 2.6739e-15
4029.8604 3.1090e-15
4031.0698 2.8710e-15
4032.2791 2.7086e-15
4033.4885 2.6947e-15
4034.6987 2.6014e-15
4035.9092 2.6655e-15
4037.1199 2.7232e-15
4038.3311 2.7383e-15
4039.5422 2.9036e-15
4040.7544 2.8007e-15
4041.9668 2.7053e-15
4043.1792 2.3155e-15
4044.3921 2.7473e-15
4045.6055 2.4439e-15
4046.8191 2.6421e-15
4048.0332 2.4167e-15
4049.2478 2.3713e-15
4050.4624 2.5176e-15
4051.6775 2.3903e-15
4052.8931 2.4165e-15
4054.1091 2.3762e-15
4055.3250 2.5372e-15
4056.5417 2.7298e-15
4057.7585 2.4373e-15
4058.9763 2.5787e-15
4060.1936 2.2812e-15
4061.4116 2.3651e-15
4062.6301 2.4492e-15
4063.8491 2.5517e-15
4065.0684 2.5471e-15
4066.2874 2.4675e-15
4067.5076 2.4079e-15
4068.7278 2.3876e-15
4069.9485 2.3588e-15
4071.1694 2.4251e-15
4072.3911 2.5496e-15
4073.6125 2.6198e-15
4074.8347 2.4606e-15
4076.0569 2.3358e-15
4077.2798 2.6097e-15
4078.5027 2.7625e-15
4079.7263 2.3899e-15
4080.9504 2.2475e-15
4082.1746 2.4814e-15
4083.3992 2.5830e-15
4084.6243 2.7063e-15
4085.8499 2.4719e-15
4087.0754 2.7270e-15
4088.3020 2.7494e-15
4089.5283 2.6009e-15
4090.7551 2.6094e-15
4091.9824 2.7852e-15
4093.2100 2.3168e-15
4094.4377 2.5903e-15
4095.6660 2.6697e-15
4096.8950 2.6748e-15
4098.1240 2.8206e-15
4099.3530 2.7604e-15
4100.5830 2.7902e-15
4101.8135 2.7774e-15
4103.0439 2.6331e-15
4104.2749 2.7676e-15
4105.5063 2.4628e-15
4106.7378 2.6360e-15
4107.9697 2.8828e-15
4109.2021 3.0039e-15
4110.4351 2.6013e-15
4111.6685 2.3209e-15
4112.9014 2.7372e-15
4114.1353 2.6676e-15
4115.3696 2.8159e-15
4116.6045 2.8655e-15
4117.8394 2.7078e-15
4119.0747 2.9209e-15
4120.3101 2.9629e-15
4121.5464 3.1809e-15
4122.7832 2.7841e-15
4124.0195 2.5310e-15
4125.2568 2.7458e-15
4126.4946 3.0902e-15
4127.7324 2.3612e-15
4128.9707 2.8833e-15
4130.2095 2.8710e-15
4131.4482 2.5316e-15
4132.6880 2.3999e-15
4133.9277 2.7775e-15
4135.1680 2.3758e-15
4136.4087 2.4090e-15
4137.6494 2.5122e-15
4138.8911 2.2002e-15
4140.1323 2.3736e-15
4141.3745 2.3987e-15
4142.6172 2.2549e-15
4143.8599 2.4671e-15
4145.1030 2.4869e-15
4146.3462 2.3710e-15
4147.5898 2.5143e-15
4148.8345 2.5018e-15
4150.0791 2.4500e-15
4151.3242 2.2313e-15
4152.5698 2.4420e-15
4153.8154 2.8151e-15
4155.0610 2.4748e-15
4156.3081 2.7328e-15
4157.5547 2.4681e-15
4158.8022 2.4367e-15
4160.0493 2.5221e-15
4161.2979 2.5782e-15
4162.5464 2.1652e-15
4163.7949 2.5257e-15
4165.0439 2.4276e-15
4166.2939 2.7464e-15
4167.5435 2.4654e-15
4168.7939 2.6806e-15
4170.0444 2.5795e-15
4171.2954 2.2433e-15
4172.5469 2.5262e-15
4173.7988 2.3674e-15
4175.0508 2.4817e-15
4176.3032 2.5782e-15
4177.5562 2.8025e-15
4178.8096 2.6891e-15
4180.0630 2.4551e-15
4181.3174 2.3770e-15
4182.5713 2.5595e-15
4183.8262 2.7417e-15
4185.0815 2.4472e-15
4186.3369 2.4879e-15
4187.5928 2.7134e-15
4188.8491 2.3495e-15
4190.1060 2.3978e-15
4191.3628 2.4078e-15
4192.6201 2.3711e-15
4193.8779 2.5002e-15
4195.1362 2.7785e-15
4196.3945 2.6070e-15
4197.6538 2.2735e-15
4198.9126 2.7277e-15
4200.1724 2.3965e-15
4201.4326 2.4194e-15
4202.6934 2.3858e-15
4203.9541 2.9722e-15
4205.2153 2.5837e-15
4206.4766 2.2804e-15
4207.7388 2.5341e-15
4209.0010 2.3436e-15
4210.2637 2.6235e-15
4211.5269 2.1594e-15
4212.7900 2.6461e-15
4214.0537 2.1510e-15
4215.3184 2.3231e-15
4216.5825 2.2730e-15
4217.8477 2.3759e-15
4219.1133 2.4650e-15
4220.3784 2.5270e-15
4221.6450 2.4886e-15
4222.9116 2.3538e-15
4224.1782 2.3025e-15
4225.4458 2.2843e-15
4226.7134 2.4358e-15
4227.9810 2.2391e-15
4229.2495 2.5161e-15
4230.5181 2.4741e-15
4231.7876 2.2381e-15
4233.0571 2.3907e-15
4234.3271 2.4952e-15
4235.5972 2.0603e-15
4236.8682 2.5287e-15
4238.1387 2.5291e-15
4239.4106 2.3267e-15
4240.6821 2.2612e-15
4241.9541 2.3044e-15
4243.2271 2.4091e-15
4244.5000 2.3619e-15
4245.7734 2.4150e-15
4247.0469 2.2727e-15
4248.3213 2.4504e-15
4249.5957 2.3584e-15
4250.8706 2.3685e-15
4252.1460 2.2373e-15
4253.4219 2.5681e-15
4254.6978 2.2319e-15
4255.9736 2.2336e-15
4257.2505 2.5730e-15
4258.5283 2.0611e-15
4259.8057 2.1141e-15
4261.0835 2.3139e-15
4262.3618 2.4790e-15
4263.6406 2.3613e-15
4264.9194 2.2155e-15
4266.1987 2.1769e-15
4267.4785 2.0389e-15
4268.7593 1.8936e-15
4270.0396 2.4202e-15
4271.3208 2.1674e-15
4272.6025 2.2357e-15
4273.8838 2.1961e-15
4275.1660 2.0911e-15
4276.4487 2.0077e-15
4277.7314 2.0337e-15
4279.0146 2.0372e-15
4280.2988 1.9664e-15
4281.5825 2.2343e-15
4282.8672 2.0519e-15
4284.1523 1.8691e-15
4285.4375 2.1773e-15
4286.7227 1.9372e-15
4288.0093 2.1257e-15
4289.2954 2.0316e-15
4290.5820 1.7642e-15
4291.8691 1.6438e-15
4293.1567 1.8943e-15
4294.4448 1.6410e-15
4295.7329 1.9635e-15
4297.0215 1.9745e-15
4298.3110 1.9885e-15
4299.6006 1.7492e-15
4300.8901 2.0537e-15
4302.1807 1.9080e-15
4303.4712 1.7872e-15
4304.7622 1.8476e-15
4306.0537 1.7613e-15
4307.3452 2.1048e-15
4308.6377 1.7715e-15
4309.9302 1.7241e-15
4311.2236 1.7921e-15
4312.5161 1.7237e-15
4313.8105 1.7710e-15
4315.1045 1.8780e-15
4316.3989 1.8278e-15
4317.6943 1.7764e-15
4318.9893 1.7847e-15
4320.2852 1.8501e-15
4321.5811 1.8023e-15
4322.8774 1.9897e-15
4324.1743 1.9664e-15
4325.4717 1.8779e-15
4326.7690 2.1630e-15
4328.0674 2.1732e-15
4329.3657 2.2535e-15
4330.6646 2.2525e-15
4331.9639 1.8608e-15
4333.2632 2.5435e-15
4334.5635 2.2564e-15
4335.8638 2.1565e-15
4337.1646 2.1753e-15
4338.4658 2.3009e-15
4339.7671 2.0302e-15
4341.0688 2.2738e-15
4342.3716 2.1700e-15
4343.6743 2.5416e-15
4344.9771 2.0707e-15
4346.2808 2.2120e-15
4347.5850 2.5509e-15
4348.8887 2.3498e-15
4350.1934 2.3171e-15
4351.4985 2.6711e-15
4352.8042 2.6696e-15
4354.1099 2.3303e-15
4355.4165 2.5964e-15
4356.7231 2.6779e-15
4358.0298 2.7291e-15
4359.3369 2.6950e-15
4360.6450 2.5963e-15
4361.9531 2.6893e-15
4363.2617 2.4823e-15
4364.5708 2.5890e-15
4365.8804 2.6838e-15
4367.1899 2.4730e-15
4368.5000 2.6665e-15
4369.8105 2.3009e-15
4371.1216 2.6006e-15
4372.4326 2.8344e-15
4373.7446 2.8585e-15
4375.0566 2.6780e-15
4376.3696 2.7988e-15
4377.6821 2.3985e-15
4378.9956 2.7042e-15
4380.3091 3.1312e-15
4381.6235 3.1232e-15
4382.9380 2.7370e-15
4384.2524 2.8583e-15
4385.5679 2.9421e-15
4386.8833 2.7198e-15
4388.1997 3.0815e-15
4389.5161 3.2480e-15
4390.8330 2.9783e-15
4392.1504 3.2239e-15
4393.4678 2.9615e-15
4394.7861 3.0694e-15
4396.1045 3.0423e-15
4397.4229 3.0744e-15
4398.7422 2.8730e-15
4400.0615 3.1383e-15
4401.3818 2.9424e-15
4402.7026 3.0940e-15
4404.0229 3.0315e-15
4405.3447 3.2402e-15
4406.6660 3.1824e-15
4407.9878 3.2432e-15
4409.3105 2.9230e-15
4410.6333 3.2938e-15
4411.9565 3.3942e-15
4413.2798 3.3654e-15
4414.6040 3.0692e-15
4415.9282 3.1468e-15
4417.2534 3.3148e-15
4418.5781 3.3838e-15
4419.9038 3.1317e-15
4421.2295 3.3589e-15
4422.5566 3.0257e-15
4423.8828 3.1246e-15
4425.2104 3.5276e-15
4426.5376 2.9739e-15
4427.8657 3.5011e-15
4429.1943 3.5740e-15
4430.5229 3.3326e-15
4431.8521 3.4017e-15
4433.1816 3.8862e-15
4434.5117 3.3060e-15
4435.8418 3.0265e-15
4437.1724 3.1773e-15
4438.5039 3.3679e-15
4439.8350 3.2898e-15
4441.1670 3.2549e-15
4442.4995 3.5018e-15
4443.8320 3.2461e-15
4445.1655 3.2921e-15
4446.4990 3.1718e-15
4447.8325 3.2484e-15
4449.1675 2.9598e-15
4450.5020 3.2607e-15
4451.8369 3.2483e-15
4453.1729 3.3244e-15
4454.5088 3.1858e-15
4455.8452 3.4087e-15
4457.1821 3.5128e-15
4458.5190 3.7782e-15
4459.8569 3.4439e-15
4461.1943 3.1435e-15
4462.5327 3.5367e-15
4463.8716 3.3991e-15
4465.2109 3.6426e-15
4466.5503 3.5383e-15
4467.8906 3.1816e-15
4469.2305 3.3133e-15
4470.5713 3.6037e-15
4471.9126 3.3557e-15
4473.2544 3.6639e-15
4474.5962 3.1850e-15
4475.9385 3.4454e-15
4477.2817 3.4406e-15
4478.6245 3.5277e-15
4479.9678 3.2768e-15
4481.3120 3.4433e-15
4482.6567 3.4167e-15
4484.0015 3.3771e-15
4485.3462 3.3902e-15
4486.6919 3.4313e-15
4488.0381 3.1625e-15
4489.3848 3.4816e-15
4490.7314 3.1888e-15
4492.0786 3.2952e-15
4493.4263 3.3382e-15
4494.7744 3.4311e-15
4496.1226 3.0949e-15
4497.4717 3.3245e-15
4498.8208 3.2320e-15
4500.1704 3.6422e-15
4501.5200 3.9192e-15
4502.8711 3.0378e-15
4504.2217 3.1657e-15
4505.5732 3.1314e-15
4506.9243 3.8021e-15
4508.2769 3.4029e-15
4509.6294 3.4770e-15
4510.9824 3.3735e-15
4512.3359 3.0024e-15
4513.6890 3.3393e-15
4515.0430 3.7550e-15
4516.3975 3.4918e-15
4517.7524 3.4587e-15
4519.1079 3.1468e-15
4520.4639 3.3497e-15
4521.8203 3.2484e-15
4523.1768 3.3399e-15
4524.5337 3.1605e-15
4525.8906 3.1936e-15
4527.2485 3.3576e-15
4528.6069 3.1238e-15
4529.9653 3.1878e-15
4531.3247 2.9153e-15
4532.6836 3.4111e-15
4534.0435 3.0021e-15
4535.4038 3.1565e-15
4536.7642 3.1322e-15
4538.1255 3.2050e-15
4539.4863 3.1844e-15
4540.8486 3.4821e-15
4542.2104 3.2048e-15
4543.5732 2.9864e-15
4544.9370 3.1138e-15
4546.3003 3.0696e-15
4547.6636 3.0590e-15
4549.0283 3.3597e-15
4550.3931 3.2598e-15
4551.7583 3.3428e-15
4553.1235 3.3385e-15
4554.4897 2.8994e-15
4555.8560 2.9653e-15
4557.2227 3.5209e-15
4558.5898 3.0943e-15
4559.9570 3.0159e-15
4561.3252 3.2222e-15
4562.6938 3.1072e-15
4564.0625 3.2525e-15
4565.4321 3.0832e-15
4566.8013 2.9430e-15
4568.1714 3.3593e-15
4569.5420 2.8745e-15
4570.9131 3.1753e-15
4572.2842 3.0462e-15
4573.6558 3.2390e-15
4575.0278 3.2160e-15
4576.4004 3.3952e-15
4577.7729 3.2292e-15
4579.1465 3.0439e-15
4580.5205 3.1363e-15
4581.8945 3.6502e-15
4583.2690 2.9868e-15
4584.6440 2.9119e-15
4586.0195 2.7865e-15
4587.3950 3.3055e-15
4588.7715 3.1408e-15
4590.1479 3.1880e-15
4591.5254 3.0052e-15
4592.9028 3.2996e-15
4594.2808 3.0379e-15
4595.6587 3.0103e-15
4597.0371 3.1501e-15
4598.4165 3.1734e-15
4599.7959 3.0800e-15
4601.1763 3.0303e-15
4602.5566 2.9611e-15
4603.9370 3.0879e-15
4605.3184 3.1822e-15
4606.6997 2.9119e-15
4608.0815 3.1050e-15
4609.4644 2.9966e-15
4610.8472 2.7815e-15
4612.2305 3.0504e-15
4613.6143 3.1759e-15
4614.9985 3.1403e-15
4616.3828 2.8120e-15
4617.7676 2.9809e-15
4619.1528 2.7394e-15
4620.5386 3.1533e-15
4621.9248 3.0633e-15
4623.3115 2.7301e-15
4624.6982 3.0004e-15
4626.0854 3.0032e-15
4627.4736 3.1442e-15
4628.8623 2.7435e-15
4630.2505 2.8647e-15
4631.6392 2.5911e-15
4633.0293 2.7952e-15
4634.4194 2.5223e-15
4635.8091 2.7983e-15
4637.2002 2.7935e-15
4638.5913 2.9294e-15
4639.9829 2.6163e-15
4641.3750 2.3278e-15
4642.7671 2.7777e-15
4644.1597 2.6711e-15
4645.5532 2.6242e-15
4646.9468 2.7228e-15
4648.3408 2.7343e-15
4649.7354 2.3317e-15
4651.1304 2.2897e-15
4652.5254 2.6317e-15
4653.9214 2.7733e-15
4655.3179 2.6846e-15
4656.7148 2.3017e-15
4658.1113 2.6569e-15
4659.5088 2.5919e-15
4660.9067 2.6552e-15
4662.3047 2.3980e-15
4663.7036 2.6821e-15
4665.1025 2.7465e-15
4666.5024 2.9052e-15
4667.9019 2.4101e-15
4669.3022 2.6229e-15
4670.7036 2.7236e-15
4672.1045 2.5727e-15
4673.5063 2.6581e-15
4674.9087 2.4588e-15
4676.3105 2.6451e-15
4677.7139 2.3283e-15
4679.1172 2.8390e-15
4680.5205 2.6491e-15
4681.9248 2.3034e-15
4683.3296 2.4916e-15
4684.7344 2.8253e-15
4686.1401 3.1697e-15
4687.5459 2.3645e-15
4688.9521 2.4601e-15
4690.3584 2.7637e-15
4691.7661 2.6564e-15
4693.1733 2.7621e-15
4694.5815 2.8550e-15
4695.9897 2.7610e-15
4697.3984 2.8711e-15
4698.8076 2.3590e-15
4700.2173 2.6584e-15
4701.6274 2.6225e-15
4703.0376 2.7899e-15
4704.4487 2.5407e-15
4705.8599 2.7221e-15
4707.2715 2.8056e-15
4708.6841 2.6923e-15
4710.0962 2.4667e-15
4711.5098 2.7763e-15
4712.9233 2.5465e-15
4714.3369 2.5981e-15
4715.7510 2.4117e-15
4717.1660 2.7929e-15
4718.5811 2.5148e-15
4719.9966 2.6524e-15
4721.4126 2.9442e-15
4722.8291 2.4262e-15
4724.2461 2.7139e-15
4725.6636 2.4145e-15
4727.0811 2.4148e-15
4728.4990 2.5585e-15
4729.9180 2.5231e-15
4731.3369 2.3122e-15
4732.7559 2.2025e-15
4734.1758 2.3768e-15
4735.5962 2.3308e-15
4737.0166 2.3034e-15
4738.4380 2.4506e-15
4739.8594 2.2995e-15
4741.2812 2.2291e-15
4742.7036 2.2183e-15
4744.1270 2.1547e-15
4745.5498 2.1870e-15
4746.9736 2.3296e-15
4748.3975 2.2556e-15
4749.8223 2.2330e-15
4751.2471 2.0461e-15
4752.6724 2.2118e-15
4754.0986 2.4068e-15
4755.5249 2.2560e-15
4756.9512 2.0315e-15
4758.3784 2.2310e-15
4759.8057 2.1400e-15
4761.2339 2.0687e-15
4762.6621 1.9955e-15
4764.0908 2.1619e-15
4765.5200 2.0322e-15
4766.9497 2.2643e-15
4768.3794 2.3305e-15
4769.8101 1.9858e-15
4771.2417 2.1512e-15
4772.6729 2.1499e-15
4774.1040 2.1998e-15
4775.5366 2.3084e-15
4776.9697 2.2625e-15
4778.4023 2.3813e-15
4779.8359 2.1876e-15
4781.2700 2.2337e-15
4782.7041 2.2528e-15
4784.1392 2.3873e-15
4785.5742 2.4819e-15
4787.0098 2.2531e-15
4788.4458 2.2040e-15
4789.8823 2.0564e-15
4791.3193 2.3042e-15
4792.7573 2.2801e-15
4794.1948 2.3288e-15
4795.6333 2.2205e-15
4797.0713 2.3865e-15
4798.5107 2.5013e-15
4799.9502 2.3836e-15
4801.3906 2.5006e-15
4802.8306 2.1892e-15
4804.2720 2.3930e-15
4805.7124 2.3424e-15
4807.1548 2.1536e-15
4808.5967 2.4143e-15
4810.0391 2.3730e-15
4811.4829 2.0442e-15
4812.9253 2.2125e-15
4814.3696 1.9647e-15
4815.8145 2.1924e-15
4817.2588 2.4803e-15
4818.7041 2.2475e-15
4820.1489 2.1090e-15
4821.5957 2.1600e-15
4823.0425 2.3038e-15
4824.4893 2.2767e-15
4825.9365 2.1276e-15
4827.3843 2.3657e-15
4828.8325 2.1114e-15
4830.2808 2.3668e-15
4831.7300 2.2874e-15
4833.1792 2.1897e-15
4834.6294 1.9267e-15
4836.0796 2.1825e-15
4837.5308 2.1252e-15
4838.9819 1.9154e-15
4840.4336 2.0693e-15
4841.8862 1.9739e-15
4843.3384 1.7177e-15
4844.7915 1.7200e-15
4846.2446 2.1111e-15
4847.6987 2.0086e-15
4849.1528 2.1149e-15
4850.6079 2.1457e-15
4852.0635 2.0215e-15
4853.5186 2.0679e-15
4854.9746 1.8159e-15
4856.4312 1.8369e-15
4857.8882 1.5925e-15
4859.3457 1.9213e-15
4860.8027 1.7110e-15
4862.2617 2.0154e-15
4863.7202 2.0231e-15
4865.1792 2.1213e-15
4866.6387 1.6615e-15
4868.0986 1.9725e-15
4869.5591 1.5642e-15
4871.0205 2.0035e-15
4872.4814 2.0717e-15
4873.9434 1.6910e-15
4875.4053 1.8798e-15
4876.8682 2.0541e-15
4878.3311 2.0355e-15
4879.7944 2.1723e-15
4881.2588 1.9175e-15
4882.7231 1.6321e-15
4884.1870 1.7732e-15
4885.6533 1.9192e-15
4887.1187 1.7462e-15
4888.5845 1.6097e-15
4890.0513 1.7775e-15
4891.5181 1.9732e-15
4892.9858 1.9566e-15
4894.4536 1.9625e-15
4895.9219 1.8830e-15
4897.3906 1.7258e-15
4898.8599 1.8526e-15
4900.3296 1.9252e-15
4901.7998 1.8092e-15
4903.2700 1.8156e-15
4904.7412 1.8110e-15
4906.2124 2.0507e-15
4907.6846 1.9800e-15
4909.1567 1.6344e-15
4910.6294 1.8700e-15
4912.1030 1.8215e-15
4913.5762 1.9174e-15
4915.0503 1.7778e-15
4916.5254 1.9535e-15
4918.0000 1.7937e-15
4919.4756 2.1279e-15
4920.9512 1.7172e-15
4922.4272 1.7994e-15
4923.9043 1.8549e-15
4925.3818 1.9720e-15
4926.8589 1.7968e-15
4928.3369 1.9141e-15
4929.8159 2.1278e-15
4931.2944 1.7107e-15
4932.7734 2.0000e-15
4934.2539 1.9527e-15
4935.7344 1.8849e-15
4937.2148 1.6739e-15
4938.6963 1.9604e-15
4940.1772 1.9605e-15
4941.6592 2.0096e-15
4943.1426 1.8847e-15
4944.6250 2.0862e-15
4946.1084 2.0071e-15
4947.5923 1.8154e-15
4949.0762 2.1651e-15
4950.5610 1.9666e-15
4952.0464 2.0155e-15
4953.5322 1.8475e-15
4955.0181 1.9183e-15
4956.5044 2.0365e-15
4957.9917 2.0182e-15
4959.4790 2.0516e-15
4960.9668 1.8363e-15
4962.4551 1.8259e-15
4963.9438 2.0373e-15
4965.4331 1.9876e-15
4966.9229 1.8750e-15
4968.4126 2.0530e-15
4969.9033 2.1369e-15
4971.3940 1.8479e-15
4972.8857 1.8769e-15
4974.3774 1.8982e-15
4975.8696 1.9343e-15
4977.3628 2.1301e-15
4978.8560 2.0728e-15
4980.3496 1.9150e-15
4981.8438 1.7702e-15
4983.3379 2.2315e-15
4984.8335 1.8888e-15
4986.3286 1.9061e-15
4987.8242 2.0485e-15
4989.3208 1.9031e-15
4990.8179 1.9337e-15
4992.3149 1.7871e-15
4993.8125 1.8976e-15
4995.3110 1.6768e-15
4996.8096 1.9268e-15
4998.3081 1.7356e-15
4999.8076 1.8215e-15
5001.3081 1.9897e-15
5002.8081 1.6539e-15
5004.3091 1.9212e-15
5005.8101 2.1099e-15
5007.3125 2.1326e-15
5008.8140 1.9369e-15
5010.3169 1.9583e-15
5011.8198 1.6504e-15
5013.3237 1.9876e-15
5014.8276 1.9535e-15
5016.3315 1.9025e-15
5017.8369 1.9597e-15
5019.3423 1.8427e-15
5020.8477 1.8453e-15
5022.3540 1.8472e-15
5023.8604 1.8922e-15
5025.3682 2.0759e-15
5026.8755 1.9597e-15
5028.3843 2.0945e-15
5029.8921 1.8790e-15
5031.4014 1.9061e-15
5032.9106 2.0283e-15
5034.4204 1.9458e-15
5035.9312 2.0671e-15
5037.4414 2.1456e-15
5038.9531 1.8911e-15
5040.4644 2.0385e-15
5041.9771 2.0113e-15
5043.4893 2.2139e-15
5045.0024 1.8659e-15
5046.5161 2.1221e-15
5048.0298 2.2136e-15
5049.5439 2.3220e-15
5051.0591 2.1166e-15
5052.5747 2.3527e-15
5054.0898 2.1709e-15
5055.6064 2.0896e-15
5057.1230 2.4119e-15
5058.6396 2.3360e-15
5060.1577 2.1312e-15
5061.6763 1.9730e-15
5063.1943 2.0508e-15
5064.7134 2.2775e-15
5066.2329 2.0714e-15
5067.7524 2.1228e-15
5069.2729 2.0523e-15
5070.7935 2.0862e-15
5072.3149 2.1775e-15
5073.8369 2.2601e-15
5075.3584 2.0873e-15
5076.8813 2.4045e-15
5078.4048 2.4075e-15
5079.9282 2.1812e-15
5081.4517 2.2848e-15
5082.9766 2.3142e-15
5084.5010 2.1475e-15
5086.0269 2.2561e-15
5087.5527 2.3394e-15
5089.0786 2.2650e-15
5090.6055 1.9708e-15
5092.1323 2.6141e-15
5093.6602 2.3033e-15
5095.1885 2.3288e-15
5096.7168 2.2103e-15
5098.2461 2.2974e-15
5099.7754 2.4636e-15
5101.3057 2.2522e-15
5102.8359 2.1577e-15
5104.3667 2.2458e-15
5105.8975 2.3428e-15
5107.4297 2.6623e-15
5108.9614 2.3636e-15
5110.4946 2.5462e-15
5112.0273 2.2569e-15
5113.5610 2.5095e-15
5115.0952 2.3824e-15
5116.6304 2.2135e-15
5118.1650 2.2219e-15
5119.7002 2.6150e-15
5121.2363 2.2224e-15
5122.7725 2.4417e-15
5124.3091 2.1977e-15
5125.8467 2.2730e-15
5127.3843 2.4385e-15
5128.9224 1.9548e-15
5130.4619 2.1875e-15
5132.0005 2.5337e-15
5133.5405 2.2995e-15
5135.0801 2.2736e-15
5136.6211 2.2714e-15
5138.1621 2.2496e-15
5139.7031 2.3117e-15
5141.2451 2.3758e-15
5142.7871 2.3411e-15
5144.3301 2.0737e-15
5145.8730 2.2969e-15
5147.4170 2.3354e-15
5148.9614 2.2304e-15
5150.5063 2.0722e-15
5152.0518 2.3497e-15
5153.5972 2.3725e-15
5155.1426 2.3814e-15
5156.6895 2.3508e-15
5158.2368 2.2510e-15
5159.7847 2.1648e-15
5161.3320 2.2202e-15
5162.8804 2.2776e-15
5164.4292 2.2991e-15
5165.9780 2.2599e-15
5167.5283 2.2750e-15
5169.0786 2.0420e-15
5170.6294 2.3734e-15
5172.1812 2.2921e-15
5173.7324 2.3209e-15
5175.2842 2.2854e-15
5176.8369 2.5443e-15
5178.3901 2.4097e-15
5179.9434 2.2885e-15
5181.4976 2.2583e-15
5183.0522 2.1874e-15
5184.6069 2.3247e-15
5186.1626 1.9356e-15
5187.7178 2.4049e-15
5189.2749 2.4827e-15
5190.8306 2.6762e-15
5192.3882 2.5455e-15
5193.9463 2.2368e-15
5195.5044 2.3459e-15
5197.0630 2.2891e-15
5198.6221 2.3416e-15
5200.1816 2.3167e-15
5201.7412 2.4143e-15
5203.3022 2.5826e-15
5204.8633 2.2946e-15
5206.4248 2.2074e-15
5207.9868 2.4967e-15
5209.5493 2.2116e-15
5211.1118 2.0515e-15
5212.6758 2.3789e-15
5214.2393 2.0135e-15
5215.8032 2.1401e-15
5217.3682 2.2138e-15
5218.9336 2.1839e-15
5220.4990 2.3073e-15
5222.0649 2.1616e-15
5223.6318 2.0695e-15
5225.1987 2.0834e-15
5226.7666 2.0610e-15
5228.3345 2.0016e-15
5229.9033 1.9676e-15
5231.4722 2.0461e-15
5233.0415 2.0282e-15
5234.6113 1.9614e-15
5236.1816 2.3070e-15
5237.7529 1.9766e-15
5239.3237 2.0599e-15
5240.8955 1.8856e-15
5242.4678 2.0784e-15
5244.0405 1.6412e-15
5245.6143 1.9594e-15
5247.1875 1.8336e-15
5248.7617 1.7140e-15
5250.3369 1.6071e-15
5251.9116 1.7480e-15
5253.4868 1.6795e-15
5255.0630 1.7252e-15
5256.6396 1.8112e-15
5258.2163 1.6281e-15
5259.7939 1.6623e-15
5261.3716 1.9106e-15
5262.9507 1.7407e-15
5264.5288 1.6994e-15
5266.1084 1.8309e-15
5267.6880 1.9541e-15
5269.2690 1.6809e-15
5270.8491 1.8387e-15
5272.4307 1.6702e-15
5274.0127 1.5754e-15
5275.5952 1.6377e-15
5277.1772 1.9257e-15
5278.7607 1.9727e-15
5280.3442 1.7640e-15
5281.9282 1.5291e-15
5283.5127 1.7235e-15
5285.0981 1.9910e-15
5286.6836 1.5965e-15
5288.2695 1.9272e-15
5289.8555 1.6582e-15
5291.4429 1.6463e-15
5293.0303 1.6466e-15
5294.6182 1.8252e-15
5296.2065 1.8384e-15
5297.7954 1.7041e-15
5299.3848 1.8521e-15
5300.9751 1.8288e-15
5302.5649 1.9236e-15
5304.1562 1.7382e-15
5305.7471 1.8720e-15
5307.3389 1.8887e-15
5308.9307 1.7540e-15
5310.5234 1.8684e-15
5312.1172 1.6100e-15
5313.7104 1.7006e-15
5315.3042 2.0453e-15
5316.8994 1.8455e-15
5318.4937 1.8351e-15
5320.0898 1.6198e-15
5321.6860 1.7494e-15
5323.2822 2.0547e-15
5324.8789 1.8704e-15
5326.4766 1.7528e-15
5328.0747 1.8799e-15
5329.6729 1.7566e-15
5331.2720 1.9931e-15
5332.8711 1.5495e-15
5334.4712 1.8179e-15
5336.0713 1.5709e-15
5337.6719 1.8807e-15
5339.2734 1.8848e-15
5340.8750 1.7558e-15
5342.4775 1.9728e-15
5344.0806 1.7446e-15
5345.6836 1.7151e-15
5347.2871 1.7207e-15
5348.8911 1.7906e-15
5350.4966 1.9413e-15
5352.1011 1.8051e-15
5353.7070 2.0517e-15
5355.3130 1.8458e-15
5356.9199 1.8814e-15
5358.5269 1.7785e-15
5360.1343 1.9367e-15
5361.7422 1.8361e-15
5363.3511 2.0091e-15
5364.9600 2.0809e-15
5366.5693 1.8310e-15
5368.1792 1.7012e-15
5369.7896 1.9780e-15
5371.4009 1.8302e-15
5373.0122 2.0191e-15
5374.6240 1.8423e-15
5376.2363 1.9029e-15
5377.8491 1.8305e-15
5379.4629 1.7560e-15
5381.0767 1.8369e-15
5382.6909 1.6717e-15
5384.3057 1.8705e-15
5385.9209 1.7946e-15
5387.5366 1.7354e-15
5389.1528 1.9628e-15
5390.7695 1.8346e-15
5392.3872 1.7444e-15
5394.0044 1.9280e-15
5395.6226 1.7574e-15
5397.2417 1.8357e-15
5398.8604 1.7497e-15
5400.4805 1.7246e-15
5402.1006 1.8555e-15
5403.7207 1.7633e-15
5405.3423 1.7007e-15
5406.9639 1.7302e-15
5408.5859 1.9441e-15
5410.2080 1.6833e-15
5411.8315 1.7328e-15
5413.4551 1.6370e-15
5415.0791 1.6389e-15
5416.7036 1.7263e-15
5418.3281 1.6774e-15
5419.9541 1.5796e-15
5421.5806 1.6413e-15
5423.2065 1.7148e-15
5424.8335 1.5837e-15
5426.4609 1.4655e-15
5428.0889 1.8101e-15
5429.7173 1.5515e-15
5431.3467 1.5513e-15
5432.9756 1.5451e-15
5434.6055 1.4452e-15
5436.2363 1.4400e-15
5437.8672 1.2924e-15
5439.4980 1.6337e-15
5441.1299 1.4970e-15
5442.7627 1.6423e-15
5444.3950 1.5563e-15
5446.0288 1.4764e-15
5447.6626 1.4615e-15
5449.2964 1.4723e-15
5450.9316 1.3725e-15
5452.5669 1.5968e-15
5454.2026 1.3873e-15
5455.8389 1.3947e-15
5457.4751 1.3730e-15
5459.1128 1.5623e-15
5460.7505 1.3818e-15
5462.3887 1.5303e-15
5464.0278 1.6313e-15
5465.6670 1.4982e-15
5467.3062 1.5028e-15
5468.9463 1.4990e-15
5470.5874 1.5003e-15
5472.2285 1.6448e-15
5473.8701 1.4409e-15
5475.5122 1.5835e-15
5477.1548 1.5992e-15
5478.7983 1.6333e-15
5480.4419 1.5481e-15
5482.0859 1.8046e-15
5483.7305 1.5768e-15
5485.3755 1.4902e-15
5487.0215 1.6955e-15
5488.6670 1.6894e-15
5490.3135 1.6449e-15
5491.9609 1.7268e-15
5493.6089 1.6911e-15
5495.2568 1.7028e-15
5496.9053 1.6245e-15
5498.5542 1.5517e-15
5500.2041 1.7114e-15
5501.8540 1.7062e-15
5503.5044 1.9768e-15
5505.1553 1.6844e-15
5506.8076 1.7074e-15
5508.4595 1.6319e-15
5510.1118 1.6817e-15
5511.7646 1.7182e-15
5513.4185 1.8270e-15
5515.0723 1.8216e-15
5516.7266 1.6867e-15
5518.3818 1.7057e-15
5520.0371 1.6508e-15
5521.6934 1.9159e-15
5523.3501 1.8438e-15
5525.0068 1.4879e-15
5526.6646 1.6226e-15
5528.3223 1.8401e-15
5529.9810 1.8515e-15
5531.6401 1.6781e-15
5533.2993 1.6841e-15
5534.9590 1.6500e-15
5536.6201 1.7757e-15
5538.2803 1.8164e-15
5539.9419 1.7491e-15
5541.6040 1.9864e-15
5543.2666 1.8621e-15
5544.9292 1.6194e-15
5546.5933 1.7291e-15
5548.2568 1.9222e-15
5549.9214 1.9699e-15
5551.5864 1.8919e-15
5553.2520 1.8611e-15
5554.9180 1.8920e-15
5556.5845 1.6886e-15
5558.2515 1.9291e-15
5559.9189 1.7103e-15
5561.5874 1.8364e-15
5563.2559 1.8570e-15
5564.9248 1.8157e-15
5566.5938 1.7668e-15
5568.2642 1.8364e-15
5569.9341 1.5950e-15
5571.6055 1.7126e-15
5573.2769 1.6707e-15
5574.9492 1.8061e-15
5576.6211 1.7829e-15
5578.2944 1.8259e-15
5579.9678 1.7229e-15
5581.6416 1.7833e-15
5583.3164 1.7554e-15
5584.9917 1.9080e-15
5586.6665 1.8397e-15
5588.3428 1.6675e-15
5590.0195 1.8198e-15
5591.6963 1.9442e-15
5593.3735 1.6861e-15
5595.0518 1.7166e-15
5596.7305 1.6658e-15
5598.4092 1.8144e-15
5600.0894 1.5804e-15
5601.7690 1.5802e-15
5603.4492 1.8552e-15
5605.1304 1.7597e-15
5606.8120 1.7335e-15
5608.4941 1.6779e-15
5610.1768 1.7855e-15
5611.8599 1.7284e-15
5613.5430 1.7372e-15
5615.2271 1.8960e-15
5616.9121 2.0809e-15
5618.5967 1.6961e-15
5620.2822 1.8078e-15
5621.9688 1.7311e-15
5623.6553 1.9294e-15
5625.3423 1.7343e-15
5627.0293 1.8236e-15
5628.7178 1.8460e-15
5630.4067 1.7847e-15
5632.0962 1.8123e-15
5633.7852 1.7785e-15
5635.4761 1.7351e-15
5637.1660 1.6365e-15
5638.8574 1.6964e-15
5640.5493 1.6471e-15
5642.2407 1.7080e-15
5643.9336 1.6800e-15
5645.6270 1.6968e-15
5647.3203 1.7211e-15
5649.0146 1.4839e-15
5650.7095 1.7596e-15
5652.4043 1.8044e-15
5654.1006 1.8002e-15
5655.7969 1.8254e-15
5657.4937 1.8348e-15
5659.1904 1.5660e-15
5660.8882 1.7163e-15
5662.5869 1.5143e-15
5664.2852 1.8095e-15
5665.9849 1.7135e-15
5667.6846 1.5645e-15
5669.3848 1.6361e-15
5671.0854 1.5340e-15
5672.7866 1.4678e-15
5674.4888 1.6490e-15
5676.1909 1.7128e-15
5677.8936 1.7255e-15
5679.5977 1.5272e-15
5681.3013 1.4927e-15
5683.0054 1.6317e-15
5684.7109 1.5756e-15
5686.4160 1.4284e-15
5688.1221 1.6695e-15
5689.8286 1.5218e-15
5691.5356 1.6439e-15
5693.2432 1.8357e-15
5694.9507 1.5325e-15
5696.6592 1.4369e-15
5698.3682 1.5730e-15
5700.0776 1.4360e-15
5701.7876 1.5334e-15
5703.4980 1.5542e-15
5705.2090 1.5525e-15
5706.9214 1.4922e-15
5708.6328 1.2204e-15
5710.3457 1.4473e-15
5712.0586 1.3379e-15
5713.7720 1.3983e-15
5715.4863 1.5705e-15
5717.2007 1.4798e-15
5718.9165 1.3563e-15
5720.6318 1.4565e-15
5722.3481 1.2858e-15
5724.0645 1.3352e-15
5725.7817 1.4975e-15
5727.4995 1.3371e-15
5729.2183 1.6670e-15
5730.9365 1.3068e-15
5732.6558 1.3181e-15
5734.3755 1.2757e-15
5736.0962 1.3293e-15
5737.8169 1.2750e-15
5739.5381 1.4551e-15
5741.2603 1.3049e-15
5742.9829 1.2402e-15
5744.7056 1.1544e-15
5746.4287 1.2958e-15
5748.1528 1.2599e-15
5749.8774 1.4941e-15
5751.6025 1.2753e-15
5753.3276 1.2683e-15
5755.0532 1.3183e-15
5756.7803 1.3726e-15
5758.5073 1.2826e-15
5760.2349 1.3041e-15
5761.9629 1.2055e-15
5763.6914 1.2311e-15
5765.4204 1.2970e-15
5767.1504 1.1908e-15
5768.8799 1.2138e-15
5770.6108 1.1503e-15
5772.3418 1.2386e-15
5774.0737 1.2557e-15
5775.8057 1.1083e-15
5777.5391 1.5458e-15
5779.2720 1.4499e-15
5781.0059 1.2999e-15
5782.7402 1.3018e-15
5784.4751 1.3829e-15
5786.2104 1.4099e-15
5787.9463 1.3844e-15
5789.6826 1.2980e-15
5791.4194 1.4919e-15
5793.1567 1.5552e-15
5794.8950 1.3570e-15
5796.6333 1.3842e-15
5798.3721 1.3317e-15
5800.1113 1.3225e-15
5801.8521 1.4195e-15
5803.5928 1.5671e-15
5805.3335 1.4198e-15
5807.0747 1.5630e-15
5808.8174 1.4420e-15
5810.5601 1.4086e-15
5812.3032 1.4857e-15
5814.0464 1.2686e-15
5815.7910 1.5416e-15
5817.5356 1.3768e-15
5819.2808 1.4148e-15
5821.0269 1.3509e-15
5822.7734 1.4995e-15
5824.5200 1.3344e-15
5826.2666 1.3163e-15
5828.0151 1.3088e-15
5829.7632 1.5623e-15
5831.5122 1.6321e-15
5833.2612 1.4992e-15
5835.0117 1.3987e-15
5836.7622 1.2291e-15
5838.5132 1.4558e-15
5840.2651 1.5588e-15
5842.0171 1.7152e-15
5843.7695 1.5959e-15
5845.5229 1.5590e-15
5847.2764 1.5114e-15
5849.0303 1.5211e-15
5850.7852 1.4198e-15
5852.5405 1.3539e-15
5854.2964 1.4383e-15
5856.0527 1.6321e-15
5857.8091 1.3135e-15
5859.5669 1.4375e-15
5861.3252 1.4576e-15
5863.0830 1.6032e-15
5864.8418 1.4889e-15
5866.6011 1.3670e-15
5868.3618 1.5861e-15
5870.1221 1.4384e-15
5871.8823 1.5566e-15
5873.6445 1.2905e-15
5875.4067 1.5160e-15
5877.1689 1.5722e-15
5878.9321 1.3435e-15
5880.6963 1.2770e-15
5882.4600 1.2971e-15
5884.2251 1.2763e-15
5885.9907 1.2979e-15
5887.7559 1.3395e-15
5889.5220 1.4306e-15
5891.2896 1.4352e-15
5893.0566 1.4796e-15
5894.8247 1.3813e-15
5896.5928 1.3916e-15
5898.3618 1.1975e-15
5900.1313 1.4323e-15
5901.9014 1.3903e-15
5903.6724 1.3031e-15
5905.4434 1.3260e-15
5907.2148 1.4200e-15
5908.9873 1.1786e-15
5910.7603 1.4284e-15
5912.5332 1.7309e-15
5914.3066 1.4014e-15
5916.0811 1.1341e-15
5917.8560 1.4305e-15
5919.6309 1.4140e-15
5921.4067 1.3251e-15
5923.1836 1.3191e-15
5924.9600 1.3195e-15
5926.7383 1.3137e-15
5928.5156 1.3644e-15
5930.2944 1.2869e-15
5932.0732 1.2752e-15
5933.8530 1.4065e-15
5935.6338 1.4472e-15
5937.4141 1.4351e-15
5939.1953 1.6123e-15
5940.9771 1.4746e-15
5942.7593 1.3303e-15
5944.5420 1.3739e-15
5946.3257 1.3213e-15
5948.1094 1.5367e-15
5949.8940 1.3775e-15
5951.6787 1.4316e-15
5953.4644 1.5175e-15
5955.2500 1.3984e-15
5957.0366 1.4174e-15
5958.8242 1.4040e-15
5960.6118 1.3997e-15
5962.3999 1.3618e-15
5964.1885 1.3145e-15
5965.9775 1.5987e-15
5967.7676 1.4503e-15
5969.5576 1.4388e-15
5971.3486 1.2944e-15
5973.1401 1.4109e-15
5974.9321 1.3672e-15
5976.7246 1.3271e-15
5978.5176 1.3728e-15
5980.3105 1.3521e-15
5982.1055 1.3132e-15
5983.8999 1.3954e-15
5985.6948 1.4880e-15
5987.4907 1.2865e-15
5989.2871 1.3778e-15
5991.0840 1.3331e-15
5992.8813 1.3468e-15
5994.6792 1.3860e-15
5996.4775 1.3903e-15
5998.2764 1.5952e-15
6000.0757 1.4571e-15
6001.8760 1.2704e-15
6003.6768 1.3359e-15
6005.4775 1.3515e-15
6007.2798 1.3376e-15
6009.0815 1.3414e-15
6010.8838 1.3976e-15
6012.6870 1.3175e-15
6014.4912 1.2478e-15
6016.2954 1.2073e-15
6018.1001 1.3587e-15
6019.9058 1.4833e-15
6021.7114 1.4036e-15
6023.5181 1.4068e-15
6025.3257 1.0933e-15
6027.1333 1.4827e-15
6028.9414 1.2462e-15
6030.7495 1.2137e-15
6032.5591 1.4192e-15
6034.3687 1.4817e-15
6036.1787 1.3472e-15
6037.9902 1.3204e-15
6039.8013 1.1181e-15
6041.6138 1.2392e-15
6043.4258 1.2014e-15
6045.2393 1.2448e-15
6047.0522 1.2315e-15
6048.8667 1.1748e-15
6050.6812 1.2693e-15
6052.4961 1.1018e-15
6054.3120 1.2388e-15
6056.1284 1.2670e-15
6057.9453 1.2968e-15
6059.7627 1.0081e-15
6061.5811 1.1689e-15
6063.3989 1.0625e-15
6065.2178 1.1846e-15
6067.0376 1.1606e-15
6068.8579 9.7686e-16
6070.6782 1.2367e-15
6072.4995 1.1455e-15
6074.3213 1.1372e-15
6076.1436 1.1642e-15
6077.9668 1.0740e-15
6079.7896 9.1673e-16
6081.6138 1.0344e-15
6083.4385 1.1456e-15
6085.2632 1.0244e-15
6087.0889 9.0713e-16
6088.9150 1.0212e-15
6090.7417 1.0160e-15
6092.5693 8.8788e-16
6094.3965 8.9134e-16
6096.2251 8.9361e-16
6098.0542 9.4911e-16
6099.8833 9.5088e-16
6101.7134 8.3553e-16
6103.5435 9.0533e-16
6105.3750 9.7670e-16
6107.2065 8.7112e-16
6109.0386 1.0121e-15
6110.8711 7.6209e-16
6112.7046 8.8903e-16
6114.5386 7.6150e-16
6116.3730 8.8293e-16
6118.2080 9.3639e-16
6120.0425 1.0150e-15
6121.8794 8.8711e-16
6123.7158 7.3544e-16
6125.5527 8.9049e-16
6127.3901 7.6489e-16
6129.2285 8.4374e-16
6131.0674 8.5697e-16
6132.9067 9.1854e-16
6134.7466 7.4384e-16
6136.5869 8.0041e-16
6138.4282 8.9038e-16
6140.2700 8.3920e-16
6142.1118 7.3824e-16
6143.9546 8.5864e-16
6145.7979 9.2704e-16
6147.6406 8.2440e-16
6149.4854 8.2235e-16
6151.3301 8.0586e-16
6153.1763 8.4182e-16
6155.0220 8.9605e-16
6156.8682 8.2140e-16
6158.7153 8.0540e-16
6160.5630 8.2043e-16
6162.4111 7.3126e-16
6164.2593 8.3817e-16
6166.1094 7.4929e-16
6167.9590 8.3575e-16
6169.8091 8.4974e-16
6171.6602 8.7914e-16
6173.5117 7.9303e-16
6175.3638 7.9151e-16
6177.2163 9.0176e-16
6179.0693 9.1723e-16
6180.9233 9.0874e-16
6182.7773 1.0069e-15
6184.6328 8.0804e-16
6186.4878 8.8391e-16
6188.3442 9.8447e-16
6190.2007 1.0210e-15
6192.0571 9.4669e-16
6193.9150 9.3617e-16
6195.7729 7.9749e-16
6197.6318 9.3277e-16
6199.4912 1.0808e-15
6201.3511 1.0460e-15
6203.2114 1.0969e-15
6205.0723 1.0763e-15
6206.9336 9.7587e-16
6208.7959 9.7766e-16
6210.6587 1.1245e-15
6212.5220 1.1700e-15
6214.3857 1.1907e-15
6216.2495 1.2451e-15
6218.1147 9.4826e-16
6219.9805 1.0132e-15
6221.8457 1.0291e-15
6223.7124 1.1363e-15
6225.5801 1.0291e-15
6227.4473 1.0616e-15
6229.3154 1.0717e-15
6231.1846 1.0838e-15
6233.0537 1.0736e-15
6234.9238 1.0122e-15
6236.7944 1.0040e-15
6238.6650 9.6114e-16
6240.5371 1.2007e-15
6242.4092 1.0651e-15
6244.2817 1.1251e-15
6246.1548 9.9148e-16
6248.0283 1.1133e-15
6249.9033 1.1000e-15
6251.7778 9.9261e-16
6253.6538 1.2239e-15
6255.5303 1.0546e-15
6257.4067 1.0250e-15
6259.2842 1.0067e-15
6261.1616 9.3239e-16
6263.0396 1.0625e-15
6264.9189 1.0277e-15
6266.7983 9.5978e-16
6268.6787 8.7728e-16
6270.5591 1.1438e-15
6272.4399 1.0111e-15
6274.3218 1.0588e-15
6276.2041 1.0305e-15
6278.0869 1.0453e-15
6279.9707 1.0222e-15
6281.8545 1.0727e-15
6283.7393 9.0504e-16
6285.6240 9.5949e-16
6287.5098 1.1907e-15
6289.3965 9.1797e-16
6291.2827 1.0959e-15
6293.1699 9.5285e-16
6295.0581 1.1289e-15
6296.9468 9.9655e-16
6298.8359 1.0294e-15
6300.7251 1.1165e-15
6302.6157 1.2372e-15
6304.5063 1.0134e-15
6306.3979 1.0670e-15
6308.2900 9.6721e-16
6310.1821 9.5133e-16
6312.0757 9.3671e-16
6313.9692 8.6565e-16
6315.8633 1.0127e-15
6317.7578 1.0413e-15
6319.6528 9.2433e-16
6321.5488 9.1027e-16
6323.4453 9.8365e-16
6325.3428 1.0158e-15
6327.2402 1.0505e-15
6329.1382 9.3810e-16
6331.0371 9.3599e-16
6332.9365 1.1091e-15
6334.8364 9.7317e-16
6336.7368 1.0822e-15
6338.6377 1.1399e-15
6340.5396 9.7174e-16
6342.4414 1.0207e-15
6344.3447 1.0222e-15
6346.2476 9.2997e-16
6348.1514 9.8770e-16
6350.0557 9.9521e-16
6351.9609 9.8737e-16
6353.8662 8.3638e-16
6355.7729 9.0092e-16
6357.6797 9.4681e-16
6359.5864 8.6662e-16
6361.4946 9.9185e-16
6363.4028 9.3949e-16
6365.3120 8.1890e-16
6367.2212 9.3455e-16
6369.1318 1.1041e-15
6371.0430 9.0039e-16
6372.9541 1.0027e-15
6374.8657 8.9836e-16
6376.7783 8.9399e-16
6378.6914 9.4800e-16
6380.6045 9.8721e-16
6382.5190 1.0921e-15
6384.4336 8.7489e-16
6386.3491 8.8247e-16
6388.2651 9.3580e-16
6390.1816 1.0164e-15
6392.0986 9.4736e-16
6394.0161 9.7471e-16
6395.9341 8.7364e-16
6397.8530 8.0677e-16
6399.7725 8.6368e-16
6401.6924 9.0601e-16
6403.6128 1.0617e-15
6405.5342 1.0291e-15
6407.4556 1.0608e-15
6409.3779 9.4184e-16
6411.3008 8.4621e-16
6413.2241 9.8526e-16
6415.1479 7.6943e-16
6417.0723 8.3365e-16
6418.9976 8.1941e-16
6420.9233 7.9687e-16
6422.8501 9.7842e-16
6424.7764 9.5994e-16
6426.7041 8.3376e-16
6428.6318 8.5838e-16
6430.5605 8.8499e-16
6432.4897 7.4880e-16
6434.4194 8.7007e-16
6436.3501 7.9863e-16
6438.2812 9.2292e-16
6440.2119 9.7182e-16
6442.1440 7.4746e-16
6444.0771 9.1661e-16
6446.0103 9.5092e-16
6447.9438 7.6843e-16
6449.8784 8.0619e-16
6451.8135 9.2558e-16
6453.7490 8.8852e-16
6455.6851 7.5061e-16
6457.6221 8.2527e-16
6459.5586 9.0510e-16
6461.4966 7.9572e-16
6463.4351 7.0299e-16
6465.3745 7.9302e-16
6467.3140 8.5824e-16
6469.2544 7.4743e-16
6471.1953 9.3438e-16
6473.1362 7.4555e-16
6475.0781 8.8286e-16
6477.0205 7.6602e-16
6478.9639 9.2582e-16
6480.9077 7.4215e-16
6482.8516 8.0014e-16
6484.7969 8.4072e-16
6486.7427 7.4375e-16
6488.6875 7.0503e-16
6490.6343 7.7272e-16
6492.5820 7.5615e-16
6494.5293 6.2057e-16
6496.4780 7.5689e-16
6498.4272 7.1714e-16
6500.3765 7.9621e-16
6502.3267 8.2300e-16
6504.2769 7.3995e-16
6506.2285 7.7578e-16
6508.1812 7.6709e-16
6510.1328 6.3864e-16
6512.0859 7.8376e-16
6514.0391 7.3226e-16
6515.9941 7.2424e-16
6517.9482 7.1273e-16
6519.9038 7.2348e-16
6521.8599 6.6054e-16
6523.8169 7.0059e-16
6525.7739 6.5886e-16
6527.7314 6.9574e-16
6529.6899 6.2083e-16
6531.6489 8.1431e-16
6533.6079 7.4658e-16
6535.5679 7.4107e-16
6537.5288 6.7518e-16
6539.4902 6.3321e-16
6541.4521 6.3963e-16
6543.4146 6.7797e-16
6545.3774 5.7220e-16
6547.3408 6.6699e-16
6549.3057 7.6514e-16
6551.2700 6.3835e-16
6553.2349 6.1101e-16
6555.2012 6.6391e-16
6557.1680 5.6009e-16
6559.1348 6.7070e-16
6561.1035 8.1315e-16
6563.0713 6.5570e-16
6565.0396 6.2072e-16
6567.0098 6.3546e-16
6568.9795 7.3144e-16
6570.9502 5.2087e-16
6572.9214 6.3332e-16
6574.8936 6.5488e-16
6576.8662 6.4423e-16
6578.8394 6.7208e-16
6580.8125 5.4353e-16
6582.7866 6.1936e-16
6584.7622 5.9781e-16
6586.7373 6.0509e-16
6588.7134 5.7340e-16
6590.6899 4.6673e-16
6592.6675 5.9883e-16
6594.6450 6.5456e-16
6596.6230 5.3597e-16
6598.6025 5.8832e-16
6600.5815 6.5439e-16
6602.5620 5.3702e-16
6604.5425 5.5834e-16
6606.5239 6.3772e-16
6608.5063 6.2801e-16
6610.4888 6.2605e-16
6612.4717 5.4735e-16
6614.4561 5.3039e-16
6616.4399 5.6809e-16
6618.4248 4.6637e-16
6620.4102 5.3579e-16
6622.3970 4.7127e-16
6624.3833 4.8720e-16
6626.3711 5.6461e-16
6628.3584 5.2377e-16
6630.3472 5.3574e-16
6632.3359 5.1136e-16
6634.3257 4.6690e-16
6636.3159 5.1692e-16
6638.3071 4.7388e-16
6640.2988 5.9381e-16
6642.2905 6.0086e-16
6644.2832 4.7442e-16
6646.2764 4.2908e-16
6648.2705 5.5211e-16
6650.2651 5.8088e-16
6652.2598 5.3825e-16
6654.2554 5.2092e-16
6656.2520 5.2015e-16
6658.2485 5.7957e-16
6660.2461 4.9443e-16
6662.2441 6.1245e-16
6664.2427 5.3675e-16
6666.2422 5.8880e-16
6668.2422 4.8790e-16
6670.2427 5.3935e-16
6672.2437 5.9497e-16
6674.2456 4.3618e-16
6676.2476 4.6208e-16
6678.2500 5.5001e-16
6680.2539 5.5391e-16
6682.2583 4.7887e-16
6684.2627 4.6049e-16
6686.2681 5.3396e-16
6688.2739 5.5942e-16
6690.2798 4.6160e-16
6692.2876 4.2855e-16
6694.2954 5.0551e-16
6696.3032 5.3899e-16
6698.3125 4.3393e-16
6700.3218 4.7761e-16
6702.3320 5.2586e-16
6704.3423 5.3100e-16
6706.3540 5.2745e-16
6708.3657 4.4473e-16
6710.3789 4.6651e-16
6712.3916 4.7618e-16
6714.4053 5.6808e-16
6716.4194 5.6571e-16
6718.4346 4.5357e-16
6720.4502 4.5655e-16
6722.4663 5.1934e-16
6724.4834 4.1400e-16
6726.5000 5.0307e-16
6728.5181 4.9245e-16
6730.5366 4.1609e-16
6732.5562 4.0026e-16
6734.5757 4.9812e-16
6736.5962 4.4608e-16
6738.6167 4.1339e-16
6740.6382 4.8390e-16
6742.6611 5.2623e-16
6744.6836 5.0458e-16
6746.7065 5.7586e-16
6748.7310 4.0977e-16
6750.7559 4.3681e-16
6752.7812 4.5211e-16
6754.8071 5.3350e-16
6756.8335 4.5846e-16
6758.8599 4.5041e-16
6760.8882 4.4742e-16
6762.9155 4.8431e-16
6764.9448 4.3003e-16
6766.9741 4.6565e-16
6769.0049 5.1229e-16
6771.0352 5.5357e-16
6773.0669 4.9496e-16
6775.0981 4.7651e-16
6777.1309 4.7934e-16
6779.1646 3.7601e-16
6781.1982 5.1707e-16
6783.2319 5.1289e-16
6785.2671 4.4345e-16
6787.3027 4.2556e-16
6789.3389 4.4046e-16
6791.3760 4.5469e-16
6793.4126 4.2248e-16
6795.4512 4.4179e-16
6797.4902 5.2777e-16
6799.5288 3.9895e-16
6801.5693 4.6104e-16
6803.6094 4.9281e-16
6805.6504 4.9500e-16
6807.6924 5.2126e-16
6809.7349 4.6168e-16
6811.7778 5.2593e-16
6813.8213 5.4489e-16
6815.8647 4.8097e-16
6817.9092 4.7179e-16
6819.9551 3.6840e-16
6822.0015 4.4803e-16
6824.0474 4.6963e-16
6826.0947 4.9486e-16
6828.1431 4.5973e-16
6830.1914 4.9881e-16
6832.2402 3.9457e-16
6834.2900 3.3099e-16
6836.3403 4.1197e-16
6838.3911 4.9835e-16
6840.4434 5.0982e-16
6842.4946 5.0641e-16
6844.5479 4.9253e-16
6846.6011 4.6144e-16
6848.6548 4.5681e-16
6850.7100 4.3872e-16
6852.7646 4.0087e-16
6854.8208 4.9316e-16
6856.8765 5.3224e-16
6858.9336 4.8468e-16
6860.9917 5.0195e-16
6863.0498 4.8762e-16
6865.1094 3.6823e-16
6867.1689 4.8718e-16
6869.2285 4.0202e-16
6871.2900 4.2158e-16
6873.3506 4.1665e-16
6875.4126 4.9028e-16
6877.4756 4.0953e-16
6879.5386 4.1600e-16
6881.6025 4.8269e-16
6883.6670 4.7227e-16
6885.7319 5.4746e-16
6887.7979 4.3451e-16
6889.8643 4.8962e-16
6891.9307 4.0037e-16
6893.9990 4.5585e-16
6896.0669 4.6298e-16
6898.1357 5.9342e-16
6900.2051 3.3102e-16
6902.2754 5.3153e-16
6904.3462 4.4580e-16
6906.4170 5.3413e-16
6908.4888 4.8394e-16
6910.5620 4.0543e-16
6912.6348 4.9076e-16
6914.7085 5.6429e-16
6916.7832 5.1065e-16
6918.8584 5.8756e-16
6920.9341 4.1354e-16
6923.0098 3.6397e-16
6925.0869 4.1730e-16
6927.1646 4.2354e-16
6929.2422 4.2212e-16
6931.3213 4.2371e-16
6933.4009 3.9512e-16
6935.4810 4.2398e-16
6937.5615 4.2284e-16
6939.6431 5.0113e-16
6941.7246 3.6247e-16
6943.8071 3.8387e-16
6945.8901 4.8334e-16
6947.9741 4.3456e-16
6950.0586 4.9281e-16
6952.1436 4.2287e-16
6954.2290 4.5093e-16
6956.3149 3.7835e-16
6958.4023 4.7864e-16
6960.4897 4.4418e-16
6962.5781 4.1045e-16
6964.6665 4.7499e-16
6966.7563 4.5765e-16
6968.8462 4.7864e-16
6970.9370 4.9322e-16
6973.0283 4.7708e-16
6975.1201 3.8094e-16
6977.2124 4.5756e-16
6979.3057 4.3740e-16
6981.3994 3.8794e-16
6983.4941 3.6942e-16
6985.5889 3.6966e-16
6987.6846 4.1475e-16
6989.7808 3.9819e-16
6991.8779 4.1762e-16
6993.9756 3.7411e-16
6996.0737 4.3160e-16
6998.1724 3.1617e-16
7000.2715 4.3013e-16
7002.3721 4.2273e-16
7004.4727 4.1755e-16
7006.5737 3.4704e-16
7008.6763 4.4589e-16
7010.7783 4.2636e-16
7012.8818 4.7807e-16
7014.9858 3.4944e-16
7017.0898 3.7417e-16
7019.1953 4.4876e-16
7021.3008 3.9876e-16
7023.4072 4.8614e-16
7025.5146 4.1405e-16
7027.6226 3.8808e-16
7029.7305 4.6599e-16
7031.8394 4.2442e-16
7033.9492 4.2864e-16
7036.0591 3.1594e-16
7038.1694 4.1555e-16
7040.2812 3.8918e-16
7042.3931 4.3326e-16
7044.5059 3.5059e-16
7046.6196 3.6376e-16
7048.7334 3.9337e-16
7050.8481 3.0818e-16
7052.9634 3.6373e-16
7055.0791 3.9104e-16
7057.1958 4.3925e-16
7059.3125 4.0017e-16
7061.4307 4.5742e-16
7063.5493 3.7606e-16
7065.6685 2.9093e-16
7067.7881 3.6198e-16
7069.9082 4.6110e-16
7072.0298 4.1883e-16
7074.1509 4.6953e-16
7076.2734 4.2016e-16
7078.3960 4.4586e-16
7080.5195 4.8654e-16
7082.6436 3.6088e-16
7084.7681 3.5195e-16
7086.8940 3.4461e-16
7089.0200 4.5633e-16
7091.1465 3.1692e-16
7093.2734 3.3783e-16
7095.4019 4.4309e-16
7097.5308 4.2015e-16
7099.6602 3.5712e-16
7101.7900 4.5303e-16
7103.9204 3.6748e-16
7106.0513 3.6056e-16
7108.1836 3.6024e-16
7110.3159 3.0931e-16
7112.4492 3.8112e-16
7114.5825 4.2030e-16
7116.7163 4.2241e-16
7118.8521 4.1637e-16
7120.9878 3.6488e-16
7123.1240 3.5656e-16
7125.2607 3.9377e-16
7127.3984 3.9638e-16
7129.5361 4.6747e-16
7131.6753 4.3378e-16
7133.8149 3.4801e-16
7135.9551 4.5433e-16
7138.0957 4.0389e-16
7140.2373 3.9461e-16
7142.3794 2.9235e-16
7144.5220 3.2098e-16
7146.6655 4.3832e-16
7148.8091 4.4895e-16
7150.9536 4.2007e-16
7153.0996 4.0525e-16
7155.2456 4.1736e-16
7157.3921 3.3718e-16
7159.5391 3.5595e-16
7161.6870 3.4037e-16
7163.8350 4.0898e-16
7165.9849 3.1922e-16
7168.1348 4.5231e-16
7170.2847 3.2466e-16
7172.4360 3.7804e-16
7174.5874 3.5156e-16
7176.7402 4.5561e-16
7178.8931 3.8605e-16
7181.0469 3.3351e-16
7183.2012 3.5505e-16
7185.3560 3.7664e-16
7187.5117 3.7608e-16
7189.6680 3.5800e-16
7191.8247 3.2369e-16
7193.9824 3.7083e-16
7196.1401 2.9345e-16
7198.2993 3.2743e-16
7200.4595 3.5969e-16
7202.6191 4.3415e-16
7204.7798 4.0973e-16
7206.9414 4.1495e-16
7209.1030 2.9719e-16
7211.2656 3.8662e-16
7213.4292 4.1542e-16
7215.5938 3.8668e-16
7217.7578 4.4171e-16
7219.9238 4.3918e-16
7222.0894 3.2329e-16
7224.2563 4.4119e-16
7226.4233 3.7987e-16
7228.5913 3.4894e-16
7230.7598 3.1233e-16
7232.9292 4.0767e-16
7235.0991 3.2368e-16
7237.2695 2.9023e-16
7239.4409 3.7663e-16
7241.6128 3.1617e-16
7243.7847 3.3163e-16
7245.9580 2.8829e-16
7248.1318 3.5114e-16
7250.3066 3.4882e-16
7252.4819 3.5303e-16
7254.6567 3.4849e-16
7256.8340 3.3186e-16
7259.0103 3.3653e-16
7261.1885 3.5811e-16
7263.3667 2.4298e-16
7265.5454 3.6702e-16
7267.7251 3.4426e-16
7269.9053 3.7379e-16
7272.0864 2.3265e-16
7274.2681 3.3606e-16
7276.4507 3.5851e-16
7278.6338 3.4312e-16
7280.8174 3.3920e-16
7283.0010 2.9727e-16
7285.1865 2.8789e-16
7287.3716 2.8028e-16
7289.5581 3.3080e-16
7291.7451 3.4737e-16
7293.9321 3.3666e-16
7296.1206 4.5966e-16
7298.3096 3.8610e-16
7300.4990 3.5375e-16
7302.6890 3.3819e-16
7304.8799 3.0512e-16
7307.0713 3.0850e-16
7309.2632 3.6517e-16
7311.4565 3.4958e-16
7313.6499 2.4493e-16
7315.8433 3.4342e-16
7318.0381 3.1117e-16
7320.2339 3.0010e-16
7322.4302 2.7212e-16
7324.6270 3.0463e-16
7326.8247 3.1699e-16
7329.0220 2.8763e-16
7331.2207 3.2512e-16
7333.4199 3.1644e-16
7335.6206 3.1804e-16
7337.8208 3.8186e-16
7340.0220 2.5736e-16
7342.2246 2.5665e-16
7344.4272 3.3429e-16
7346.6304 3.1338e-16
7348.8345 3.0042e-16
7351.0386 2.7945e-16
7353.2446 3.7410e-16
7355.4502 3.5278e-16
7357.6567 3.5855e-16
7359.8638 3.5326e-16
7362.0718 3.3622e-16
7364.2808 3.0602e-16
7366.4897 3.4488e-16
7368.6997 3.3886e-16
7370.9106 3.6917e-16
7373.1226 2.4990e-16
7375.3340 3.0167e-16
7377.5464 2.9422e-16
7379.7593 2.9676e-16
7381.9736 2.6192e-16
7384.1880 2.2615e-16
7386.4038 4.2475e-16
7388.6191 3.0674e-16
7390.8359 2.6172e-16
7393.0527 2.6028e-16
7395.2715 3.4444e-16
7397.4893 3.5159e-16
7399.7085 3.3152e-16
7401.9282 2.8358e-16
7404.1499 2.7819e-16
7406.3711 3.0514e-16
7408.5923 3.6400e-16
7410.8154 2.2928e-16
7413.0386 2.6266e-16
7415.2627 2.6016e-16
7417.4868 2.9406e-16
7419.7124 2.8536e-16
7421.9380 2.7542e-16
7424.1646 3.7170e-16
7426.3921 3.3709e-16
7428.6196 2.5913e-16
7430.8486 3.3368e-16
7433.0781 2.5538e-16
7435.3081 3.1119e-16
7437.5381 2.5127e-16
7439.7695 2.5669e-16
7442.0010 3.3451e-16
7444.2334 3.0010e-16
7446.4673 2.5768e-16
7448.7007 2.8338e-16
7450.9360 2.8960e-16
7453.1709 3.0275e-16
7455.4072 2.7435e-16
7457.6436 3.1157e-16
7459.8809 2.3126e-16
7462.1187 2.5425e-16
7464.3579 3.6781e-16
7466.5967 2.6949e-16
7468.8369 2.7580e-16
7471.0771 3.0674e-16
7473.3193 2.7807e-16
7475.5605 3.5469e-16
7477.8037 2.7924e-16
7480.0464 2.0957e-16
7482.2905 2.3307e-16
7484.5356 3.7652e-16
7486.7812 2.6194e-16
7489.0273 2.4354e-16
7491.2734 2.9555e-16
7493.5205 2.6865e-16
7495.7690 3.2945e-16
7498.0176 2.6260e-16
7500.2676 2.7420e-16
7502.5171 2.8756e-16
7504.7681 2.7794e-16
7507.0195 2.4154e-16
7509.2715 2.6019e-16
7511.5239 2.6833e-16
7513.7773 2.7502e-16
7516.0317 2.7193e-16
7518.2866 2.3606e-16
7520.5425 3.5308e-16
7522.7983 2.6364e-16
7525.0557 3.1959e-16
7527.3125 1.8073e-16
7529.5708 3.0999e-16
7531.8296 2.9534e-16
7534.0894 2.2864e-16
7536.3491 2.6366e-16
7538.6104 2.9393e-16
7540.8716 3.1871e-16
7543.1343 2.4319e-16
7545.3975 2.9840e-16
7547.6611 2.7629e-16
7549.9253 3.5413e-16
7552.1899 2.5305e-16
7554.4556 3.1482e-16
7556.7222 2.7868e-16
7558.9888 2.4869e-16
7561.2568 2.6957e-16
7563.5254 2.8680e-16
7565.7944 3.0795e-16
7568.0640 2.9021e-16
7570.3345 2.8534e-16
7572.6055 3.0033e-16
7574.8774 3.6151e-16
7577.1499 2.9987e-16
7579.4229 2.3054e-16
7581.6968 2.5229e-16
7583.9712 2.9820e-16
7586.2466 2.6767e-16
7588.5220 2.4988e-16
7590.7983 2.5164e-16
7593.0757 2.8758e-16
7595.3540 2.5170e-16
7597.6323 2.3754e-16
7599.9116 2.6752e-16
7602.1924 2.6976e-16
7604.4722 3.4664e-16
7606.7539 2.4307e-16
7609.0361 2.8091e-16
7611.3184 2.3992e-16
7613.6025 3.2330e-16
7615.8857 2.6376e-16
7618.1709 2.9838e-16
7620.4565 3.1206e-16
7622.7422 2.5191e-16
7625.0293 2.5182e-16
7627.3164 2.4737e-16
7629.6055 2.5039e-16
7631.8940 3.0638e-16
7634.1836 2.2264e-16
7636.4741 3.0254e-16
7638.7642 3.0911e-16
7641.0562 2.2961e-16
7643.3486 2.7395e-16
7645.6416 2.3504e-16
7647.9351 3.7781e-16
7650.2295 2.6831e-16
7652.5249 2.9954e-16
7654.8203 2.5683e-16
7657.1172 2.4342e-16
7659.4141 2.5522e-16
7661.7119 2.5273e-16
7664.0107 3.1894e-16
7666.3101 3.2710e-16
7668.6094 1.8463e-16
7670.9097 3.1745e-16
7673.2119 2.7840e-16
7675.5132 2.9082e-16
7677.8159 2.5534e-16
7680.1196 2.4476e-16
7682.4238 2.8012e-16
7684.7275 3.1209e-16
7687.0332 2.6522e-16
7689.3394 2.9160e-16
7691.6465 2.9311e-16
7693.9541 2.8154e-16
7696.2617 2.6199e-16
7698.5708 2.6253e-16
7700.8809 3.4718e-16
7703.1909 2.2429e-16
7705.5024 2.8639e-16
7707.8135 3.0812e-16
7710.1255 2.0587e-16
7712.4390 3.0951e-16
7714.7524 2.9293e-16
7717.0664 2.2645e-16
7719.3823 3.0208e-16
7721.6982 1.8858e-16
7724.0146 2.7667e-16
7726.3315 3.0832e-16
7728.6494 2.3768e-16
7730.9683 3.2935e-16
7733.2876 3.5354e-16
7735.6069 2.9098e-16
7737.9282 2.8523e-16
7740.2495 1.9202e-16
7742.5718 3.4070e-16
7744.8950 2.7302e-16
7747.2173 3.5824e-16
7749.5415 2.8949e-16
7751.8672 3.3791e-16
7754.1919 2.9908e-16
7756.5186 2.7885e-16
7758.8457 2.3668e-16
7761.1729 3.1009e-16
7763.5020 2.9161e-16
7765.8306 3.0466e-16
7768.1606 2.4219e-16
7770.4907 2.3852e-16
7772.8218 3.4753e-16
7775.1543 2.7500e-16
7777.4863 2.7607e-16
7779.8193 3.2073e-16
7782.1533 3.2182e-16
7784.4883 3.2538e-16
7786.8237 2.9265e-16
7789.1597 2.9564e-16
7791.4961 2.9248e-16
7793.8335 2.8749e-16
7796.1719 3.0520e-16
7798.5107 3.3133e-16
7800.8501 3.1546e-16
7803.1904 2.6877e-16
7805.5312 2.1254e-16
7807.8735 2.2596e-16
7810.2158 2.6373e-16
7812.5591 2.3485e-16
7814.9019 2.6361e-16
7817.2466 3.2901e-16
7819.5923 2.5526e-16
7821.9380 3.2811e-16
7824.2847 2.5471e-16
7826.6318 2.5233e-16
7828.9800 2.7748e-16
7831.3286 2.9689e-16
7833.6777 2.5862e-16
7836.0278 3.1091e-16
7838.3789 2.5411e-16
7840.7300 2.7778e-16
7843.0825 3.1801e-16
7845.4355 2.9194e-16
7847.7896 2.7875e-16
7850.1431 2.9129e-16
7852.4980 3.2614e-16
7854.8545 2.5834e-16
7857.2104 3.0781e-16
7859.5674 2.2223e-16
7861.9258 2.9704e-16
7864.2842 2.1185e-16
7866.6436 3.0590e-16
7869.0034 3.1716e-16
7871.3647 3.1268e-16
7873.7261 2.7182e-16
7876.0879 2.6242e-16
7878.4507 2.7802e-16
7880.8145 2.7169e-16
7883.1782 3.4400e-16
7885.5430 3.0487e-16
7887.9087 3.1871e-16
7890.2754 2.4375e-16
7892.6421 3.4194e-16
7895.0098 2.9146e-16
7897.3784 3.2723e-16
7899.7476 3.8316e-16
7902.1172 3.0941e-16
7904.4883 2.6408e-16
7906.8599 2.4844e-16
7909.2319 2.3149e-16
7911.6045 2.7567e-16
7913.9785 2.3571e-16
7916.3525 3.1087e-16
7918.7271 2.0584e-16
7921.1025 2.8141e-16
7923.4790 2.0603e-16
7925.8564 2.7468e-16
7928.2344 2.6790e-16
7930.6123 2.8661e-16
7932.9912 2.6219e-16
7935.3721 2.5660e-16
7937.7524 2.5193e-16
7940.1333 2.7792e-16
7942.5156 1.9484e-16
7944.8984 2.9672e-16
7947.2817 2.1621e-16
7949.6660 2.6683e-16
7952.0508 2.3310e-16
7954.4360 2.9627e-16
7956.8228 3.0344e-16
7959.2100 2.4041e-16
7961.5977 2.8713e-16
7963.9863 3.3845e-16
7966.3750 2.5516e-16
7968.7651 2.4588e-16
7971.1553 1.9908e-16
7973.5474 2.9297e-16
7975.9390 2.4514e-16
7978.3320 3.0351e-16
7980.7256 2.8823e-16
7983.1196 2.5861e-16
7985.5151 2.2856e-16
7987.9102 3.6587e-16
7990.3071 2.2957e-16
7992.7036 2.4266e-16
7995.1021 2.2599e-16
7997.5000 3.1002e-16
7999.8994 2.8570e-16
8002.2993 2.3342e-16
8004.7007 2.7291e-16
8007.1016 3.3535e-16
8009.5034 2.0167e-16
8011.9067 2.7171e-16
8014.3101 2.6411e-16
8016.7144 3.5590e-16
8019.1191 3.8578e-16
8021.5249 2.6402e-16
8023.9312 2.4770e-16
8026.3389 2.7189e-16
8028.7466 2.6481e-16
8031.1553 2.4292e-16
8033.5645 2.2983e-16
8035.9746 2.8480e-16
8038.3853 2.1771e-16
8040.7964 2.7788e-16
8043.2095 2.7865e-16
8045.6221 2.8383e-16
8048.0361 2.6154e-16
8050.4502 2.6898e-16
8052.8657 2.3100e-16
8055.2812 2.7267e-16
8057.6973 2.9732e-16
8060.1152 2.3286e-16
8062.5332 2.1048e-16
8064.9521 2.4126e-16
8067.3716 2.4680e-16
8069.7920 2.6017e-16
8072.2124 2.2635e-16
8074.6343 3.0418e-16
8077.0566 2.8855e-16
8079.4805 3.3128e-16
8081.9033 2.4348e-16
8084.3286 3.2123e-16
8086.7534 3.9288e-16
8089.1802 3.3495e-16
8091.6060 3.2407e-16
8094.0337 2.7017e-16
8096.4619 2.4083e-16
8098.8911 2.3934e-16
8101.3203 2.9143e-16
8103.7515 3.1661e-16
8106.1821 2.8210e-16
8108.6143 2.8769e-16
8111.0459 2.6110e-16
8113.4800 2.9484e-16
8115.9141 3.2429e-16
8118.3486 2.7971e-16
8120.7842 3.4145e-16
8123.2202 3.0906e-16
8125.6572 3.3964e-16
8128.0952 2.7457e-16
8130.5332 3.7517e-16
8132.9727 3.1163e-16
8135.4126 3.2471e-16
8137.8525 2.9430e-16
8140.2944 2.5646e-16
8142.7368 2.9953e-16
8145.1797 3.6092e-16
8147.6230 3.4004e-16
8150.0674 2.7818e-16
8152.5127 2.2063e-16
8154.9580 3.2861e-16
8157.4043 2.9360e-16
8159.8516 2.9672e-16
8162.2993 3.0601e-16
8164.7480 2.2611e-16
8167.1982 3.1431e-16
8169.6479 4.2132e-16
8172.0986 2.9250e-16
8174.5503 2.7861e-16
8177.0024 2.6206e-16
8179.4561 3.8385e-16
8181.9097 4.0922e-16
8184.3643 3.0384e-16
8186.8193 3.7233e-16
8189.2754 3.0262e-16
8191.7324 3.3201e-16
8194.1895 3.3014e-16
8196.6484 3.7442e-16
8199.1074 2.7872e-16
8201.5664 2.3691e-16
8204.0273 4.3113e-16
8206.4893 3.7268e-16
8208.9512 3.1470e-16
8211.4131 3.1311e-16
8213.8760 2.5131e-16
8216.3408 3.0031e-16
8218.8066 3.3624e-16
8221.2715 3.5997e-16
8223.7373 3.1521e-16
8226.2051 3.7056e-16
8228.6729 3.7677e-16
8231.1416 3.0285e-16
8233.6113 2.7837e-16
8236.0811 3.2166e-16
8238.5518 3.5626e-16
8241.0234 3.5871e-16
8243.4951 4.3876e-16
8245.9688 3.6041e-16
8248.4424 3.3767e-16
8250.9170 3.7796e-16
8253.3926 3.6179e-16
8255.8682 3.4620e-16
8258.3447 3.6791e-16
8260.8223 3.0300e-16
8263.3008 3.5377e-16
8265.7803 4.1910e-16
8268.2598 3.4066e-16
8270.7393 4.2299e-16
8273.2207 3.1670e-16
8275.7031 3.5815e-16
8278.1865 3.0734e-16
8280.6699 4.0832e-16
8283.1533 3.5294e-16
8285.6387 3.2648e-16
8288.1230 3.2891e-16
8290.6104 4.3406e-16
8293.0977 3.8033e-16
8295.5859 3.7282e-16
8298.0742 3.5895e-16
8300.5635 4.1791e-16
8303.0537 4.4915e-16
8305.5449 3.1677e-16
8308.0361 4.1425e-16
8310.5293 3.7820e-16
8313.0225 3.6034e-16
8315.5156 3.8130e-16
8318.0107 3.6936e-16
8320.5059 3.5141e-16
8323.0020 4.1092e-16
8325.4990 4.6143e-16
8327.9961 2.9904e-16
8330.4951 3.6609e-16
8332.9941 4.1907e-16
8335.4941 4.8735e-16
8337.9951 3.9153e-16
8340.4961 3.7915e-16
8342.9980 3.6101e-16
8345.5020 4.0175e-16
8348.0049 3.3722e-16
8350.5088 3.0690e-16
8353.0146 3.5012e-16
8355.5205 3.6846e-16
8358.0273 4.3198e-16
8360.5342 3.9795e-16
8363.0430 3.7573e-16
8365.5518 3.8588e-16
8368.0615 4.2562e-16
8370.5713 4.4525e-16
8373.0830 4.4276e-16
8375.5938 3.6590e-16
8378.1074 3.9547e-16
8380.6211 3.3680e-16
8383.1348 3.6192e-16
8385.6504 3.0340e-16
8388.1660 4.4104e-16
8390.6816 4.5060e-16
8393.1992 3.8075e-16
8395.7168 3.9844e-16
8398.2363 3.0640e-16
8400.7559 3.6314e-16
8403.2754 5.0982e-16
8405.7969 3.4389e-16
8408.3193 3.1793e-16
8410.8408 3.8445e-16
8413.3633 4.3534e-16
8415.8877 3.7374e-16
8418.4121 3.7516e-16
8420.9385 4.2542e-16
8423.4648 5.1010e-16
8425.9912 4.4749e-16
8428.5195 4.1045e-16
8431.0479 4.5953e-16
8433.5781 3.6134e-16
8436.1074 3.4385e-16
8438.6377 4.0760e-16
8441.1699 3.2335e-16
8443.7021 4.7603e-16
8446.2354 4.1664e-16
8448.7695 4.4708e-16
8451.3037 3.8341e-16
8453.8398 3.7483e-16
8456.3750 3.8304e-16
8458.9121 3.9846e-16
8461.4502 4.7842e-16
8463.9883 4.2766e-16
8466.5273 4.1600e-16
8469.0674 3.4913e-16
8471.6084 4.4759e-16
8474.1494 4.1362e-16
8476.6914 5.2888e-16
8479.2354 3.9011e-16
8481.7783 4.2007e-16
8484.3232 4.2661e-16
8486.8682 3.6621e-16
8489.4141 4.2863e-16
8491.9619 4.1391e-16
8494.5098 4.1671e-16
8497.0576 3.9453e-16
8499.6064 4.1914e-16
8502.1562 3.5736e-16
8504.7070 4.5066e-16
8507.2588 3.6149e-16
8509.8105 4.1373e-16
8512.3633 3.2756e-16
8514.9170 4.2737e-16
8517.4717 4.2567e-16
8520.0273 4.5198e-16
8522.5830 3.6320e-16
8525.1396 4.6813e-16
8527.6973 3.7373e-16
8530.2559 3.7842e-16
8532.8145 4.2133e-16
8535.3750 3.9164e-16
8537.9346 3.4722e-16
8540.4961 3.5078e-16
8543.0586 3.6438e-16
8545.6211 4.3652e-16
8548.1855 2.9785e-16
8550.7500 3.8550e-16
8553.3145 2.7654e-16
8555.8809 3.1228e-16
8558.4482 4.0038e-16
8561.0156 3.7913e-16
8563.5840 3.6756e-16
8566.1533 3.6514e-16
8568.7227 3.6349e-16
8571.2930 3.9440e-16
8573.8643 4.0083e-16
8576.4365 3.2219e-16
8579.0098 3.2537e-16
8581.5830 3.8051e-16
8584.1582 4.2462e-16
8586.7334 2.8657e-16
8589.3096 2.8918e-16
8591.8857 3.0383e-16
8594.4639 3.5436e-16
8597.0420 3.1385e-16
8599.6211 3.1490e-16
8602.2002 3.9195e-16
8604.7812 3.9584e-16
8607.3623 2.8476e-16
8609.9453 3.8090e-16
8612.5283 3.0670e-16
8615.1123 2.9482e-16
8617.6963 2.8744e-16
8620.2822 2.7614e-16
8622.8672 3.3851e-16
8625.4541 4.0674e-16
8628.0420 3.7320e-16
8630.6309 3.8787e-16
8633.2197 3.5530e-16
8635.8096 3.7502e-16
8638.4004 4.0901e-16
8640.9922 3.8039e-16
8643.5850 3.3635e-16
8646.1777 3.6451e-16
8648.7715 4.0091e-16
8651.3662 4.0724e-16
8653.9609 2.8366e-16
8656.5576 3.5011e-16
8659.1543 3.4019e-16
8661.7520 3.3404e-16
8664.3506 3.0822e-16
8666.9502 2.8748e-16
8669.5498 3.6521e-16
8672.1504 2.8952e-16
8674.7529 2.7840e-16
8677.3555 2.6467e-16
8679.9580 3.2754e-16
8682.5625 2.9045e-16
8685.1670 3.3978e-16
8687.7725 3.7410e-16
8690.3789 3.2463e-16
8692.9863 3.6824e-16
8695.5938 2.9762e-16
8698.2031 3.1439e-16
8700.8115 2.7883e-16
8703.4219 3.0509e-16
8706.0332 3.0200e-16
8708.6455 3.8532e-16
8711.2578 2.6953e-16
8713.8711 3.5326e-16
8716.4854 3.1182e-16
8719.1006 3.6891e-16
8721.7158 3.2900e-16
8724.3320 2.6838e-16
8726.9492 2.4117e-16
8729.5674 2.6996e-16
8732.1865 2.9952e-16
8734.8066 2.9470e-16
8737.4268 3.6224e-16
8740.0479 2.1065e-16
8742.6699 3.0080e-16
8745.2930 2.7589e-16
8747.9160 2.8448e-16
8750.5410 3.2013e-16
8753.1660 2.9624e-16
8755.7920 2.6155e-16
8758.4189 2.9523e-16
8761.0459 2.8532e-16
8763.6748 3.0988e-16
8766.3037 3.1427e-16
8768.9336 2.8631e-16
8771.5645 3.3366e-16
8774.1963 3.4629e-16
8776.8271 2.5520e-16
8779.4600 2.8368e-16
8782.0947 2.9053e-16
8784.7295 2.2866e-16
8787.3652 3.2898e-16
8790.0010 3.4973e-16
8792.6387 2.5379e-16
8795.2764 3.1703e-16
8797.9150 3.1144e-16
8800.5537 2.8976e-16
8803.1943 3.3063e-16
8805.8350 3.2312e-16
8808.4766 2.9945e-16
8811.1191 2.8835e-16
8813.7627 2.6324e-16
8816.4072 2.7960e-16
8819.0508 3.2964e-16
8821.6973 2.7728e-16
8824.3438 2.7076e-16
8826.9912 2.6401e-16
8829.6387 2.7385e-16
8832.2881 2.9416e-16
8834.9375 1.9313e-16
8837.5889 3.2763e-16
8840.2393 2.4756e-16
8842.8916 3.1571e-16
8845.5439 2.6637e-16
8848.1973 3.2894e-16
8850.8525 2.3661e-16
8853.5078 2.3108e-16
8856.1641 2.3395e-16
8858.8203 2.7691e-16
8861.4785 2.5484e-16
8864.1367 2.8806e-16
8866.7959 3.0536e-16
8869.4570 2.9834e-16
8872.1172 3.3129e-16
8874.7793 3.0189e-16
8877.4404 3.2445e-16
8880.1045 2.3485e-16
8882.7686 1.8867e-16
8885.4336 3.4740e-16
8888.0986 2.8950e-16
8890.7646 2.0446e-16
8893.4326 2.4612e-16
8896.1006 1.9832e-16
8898.7686 3.3989e-16
8901.4385 2.2167e-16
8904.1104 2.5810e-16
8906.7812 3.0981e-16
8909.4531 2.0504e-16
8912.1260 2.6860e-16
8914.7988 2.6963e-16
8917.4736 2.2680e-16
8920.1494 2.1107e-16
8922.8252 2.0549e-16
8925.5020 2.1851e-16
8928.1797 2.1208e-16
8930.8574 1.7801e-16
8933.5371 2.6487e-16
8936.2168 2.0821e-16
8938.8984 1.8081e-16
8941.5791 1.9005e-16
8944.2617 2.4214e-16
8946.9453 2.5949e-16
8949.6299 2.2366e-16
8952.3145 2.5681e-16
8955.0000 2.2031e-16
8957.6865 2.0879e-16
8960.3740 2.1213e-16
8963.0625 1.9884e-16
8965.7500 1.8341e-16
8968.4404 2.7115e-16
8971.1309 1.9084e-16
8973.8232 2.6595e-16
8976.5146 1.4154e-16
8979.2080 2.1833e-16
8981.9014 2.2978e-16
8984.5957 1.8144e-16
8987.2920 2.2126e-16
8989.9873 2.5016e-16
8992.6855 2.0957e-16
8995.3818 2.2636e-16
8998.0811 1.9713e-16
9000.7803 1.7229e-16
9003.4805 2.5991e-16
9006.1816 1.8603e-16
9008.8828 1.9263e-16
9011.5859 2.6493e-16
9014.2900 1.6726e-16
9016.9941 1.3895e-16
9019.6992 2.0755e-16
9022.4043 1.8490e-16
9025.1113 2.2137e-16
9027.8193 2.1171e-16
9030.5273 1.9761e-16
9033.2363 2.2485e-16
9035.9473 2.1110e-16
9038.6572 1.6884e-16
9041.3691 1.9581e-16
9044.0811 1.8099e-16
9046.7939 1.8773e-16
9049.5088 1.7356e-16
9052.2236 2.0377e-16
9054.9385 1.8991e-16
9057.6553 2.0212e-16
9060.3730 1.7253e-16
9063.0908 2.4844e-16
9065.8105 2.4958e-16
9068.5293 1.8349e-16
9071.2500 2.0354e-16
9073.9717 2.4337e-16
9076.6943 1.9107e-16
9079.4170 1.8135e-16
9082.1406 2.1060e-16
9084.8662 1.5940e-16
9087.5908 2.4769e-16
9090.3174 1.9479e-16
9093.0439 2.1603e-16
9095.7715 2.1348e-16
9098.5010 1.5479e-16
9101.2305 2.0807e-16
9103.9609 2.0419e-16
9106.6924 1.9725e-16
9109.4238 2.2016e-16
9112.1572 1.7889e-16
9114.8906 1.5719e-16
9117.6250 1.9481e-16
9120.3604 2.2382e-16
9123.0967 1.9134e-16
9125.8330 1.9803e-16
9128.5713 2.0559e-16
9131.3096 1.5248e-16
9134.0488 1.9905e-16
9136.7891 1.6042e-16
9139.5303 1.8348e-16
9142.2725 1.5721e-16
9145.0146 1.5535e-16
9147.7578 1.8038e-16
9150.5020 2.3206e-16
9153.2480 1.5489e-16
9155.9941 1.9681e-16
9158.7412 1.7031e-16
9161.4883 1.6361e-16
9164.2373 1.9566e-16
9166.9854 1.5647e-16
9169.7363 2.2463e-16
9172.4863 1.7119e-16
9175.2383 2.0692e-16
9177.9912 1.5676e-16
9180.7441 1.4163e-16
9183.4990 1.8239e-16
9186.2539 2.2310e-16
9189.0098 1.6980e-16
9191.7666 1.8813e-16
9194.5244 1.8108e-16
9197.2822 1.7861e-16
9200.0420 1.5942e-16
9202.8008 1.6270e-16
9205.5625 1.4683e-16
9208.3242 1.5109e-16
9211.0869 2.0576e-16
9213.8506 1.8708e-16
9216.6143 1.9095e-16
9219.3789 1.9234e-16
9222.1455 1.9584e-16
9224.9111 2.0795e-16
9227.6797 1.4484e-16
9230.4473 1.6313e-16
9233.2168 1.9203e-16
9235.9873 1.7067e-16
9238.7578 1.7538e-16
9241.5283 1.7613e-16
9244.3018 1.2761e-16
9247.0742 1.9370e-16
9249.8486 1.6582e-16
9252.6240 1.6833e-16
9255.3994 1.4401e-16
9258.1768 1.2687e-16
9260.9531 2.1545e-16
9263.7324 1.2785e-16
9266.5107 1.7659e-16
9269.2910 1.4773e-16
9272.0723 1.6597e-16
9274.8535 1.3378e-16
9277.6357 1.4506e-16
9280.4189 1.2257e-16
9283.2031 1.9741e-16
9285.9873 1.4315e-16
9288.7744 1.2644e-16
9291.5605 1.5493e-16
9294.3486 1.7405e-16
9297.1367 1.3311e-16
9299.9258 1.2114e-16
9302.7158 1.7860e-16
9305.5059 1.6022e-16
9308.2979 1.2394e-16
9311.0908 1.4995e-16
9313.8838 1.4586e-16
9316.6777 1.5686e-16
9319.4727 1.2390e-16
9322.2686 1.4273e-16
9325.0654 1.2535e-16
9327.8623 1.7652e-16
9330.6611 1.5080e-16
9333.4609 1.4292e-16
9336.2607 1.4109e-16
9339.0615 1.7000e-16
9341.8633 1.2009e-16
9344.6650 1.6081e-16
9347.4697 1.1527e-16
9350.2725 1.3187e-16
9353.0781 1.5074e-16
9355.8848 1.1806e-16
9358.6904 1.0625e-16
9361.4980 1.1228e-16
9364.3066 9.0031e-17
9367.1172 1.1889e-16
9369.9268 9.4499e-17
9372.7373 1.2159e-16
9375.5498 2.0495e-16
9378.3623 1.0472e-16
9381.1748 1.2891e-16
9383.9902 1.2089e-16
9386.8047 1.3574e-16
9389.6221 1.3579e-16
9392.4375 1.6700e-16
9395.2549 1.2791e-16
9398.0742 1.0579e-16
9400.8936 1.1116e-16
9403.7139 1.2691e-16
9406.5352 1.3654e-16
9409.3574 1.3276e-16
9412.1807 1.5102e-16
9415.0029 9.1956e-17
9417.8281 1.0353e-16
9420.6533 1.0937e-16
9423.4795 1.4044e-16
9426.3076 1.4316e-16
9429.1348 1.2793e-16
9431.9629 1.1528e-16
9434.7930 1.1915e-16
9437.6240 1.0495e-16
9440.4541 1.4899e-16
9443.2871 1.2310e-16
9446.1191 1.1641e-16
9448.9541 8.2003e-17
9451.7881 1.4799e-16
9454.6230 9.1050e-17
9457.4600 9.7831e-17
9460.2969 1.1426e-16
9463.1348 1.0464e-16
9465.9746 1.2730e-16
9468.8145 1.2209e-16
9471.6543 1.4272e-16
9474.4961 8.5591e-17
9477.3389 1.0302e-16
9480.1816 8.8517e-17
9483.0254 1.2240e-16
9485.8701 1.1879e-16
9488.7168 8.8101e-17
9491.5635 1.3359e-16
9494.4111 1.5056e-16
9497.2588 9.3698e-17
