# time_explosion = 17.75
# log_Lsun = 9.40
3000.7913 2.8162e-16
3001.6917 4.2005e-16
3002.5923 4.3513e-16
3003.4929 3.5482e-16
3004.3938 4.2825e-16
3005.2952 5.0814e-16
3006.1968 3.9022e-16
3007.0986 3.4048e-16
3008.0007 3.9050e-16
3008.9033 4.0729e-16
3009.8059 4.8626e-16
3010.7087 3.8214e-16
3011.6121 4.5857e-16
3012.5156 3.5783e-16
3013.4194 4.5306e-16
3014.3235 2.8109e-16
3015.2275 3.9940e-16
3016.1323 4.4236e-16
3017.0369 5.2662e-16
3017.9421 3.5233e-16
3018.8477 4.1175e-16
3019.7532 5.1833e-16
3020.6592 3.5162e-16
3021.5654 3.9914e-16
3022.4717 5.0685e-16
3023.3787 2.9784e-16
3024.2856 2.3466e-16
3025.1929 2.7479e-16
3026.1003 2.9586e-16
3027.0081 4.2630e-16
3027.9163 3.5841e-16
3028.8245 3.5098e-16
3029.7332 2.9407e-16
3030.6423 3.1581e-16
3031.5513 4.2860e-16
3032.4609 2.2044e-16
3033.3706 3.7480e-16
3034.2808 4.0684e-16
3035.1909 3.9587e-16
3036.1013 5.3395e-16
3037.0122 3.3071e-16
3037.9236 2.7792e-16
3038.8350 3.9540e-16
3039.7463 4.1127e-16
3040.6584 2.6004e-16
3041.5706 3.0169e-16
3042.4829 4.6745e-16
3043.3958 3.4543e-16
3044.3086 3.7860e-16
3045.2222 3.6394e-16
3046.1357 3.9946e-16
3047.0498 2.7322e-16
3047.9636 4.8689e-16
3048.8782 3.9553e-16
3049.7927 2.4923e-16
3050.7075 5.2018e-16
3051.6228 2.8225e-16
3052.5386 4.2696e-16
3053.4543 3.5243e-16
3054.3704 3.1044e-16
3055.2864 3.4232e-16
3056.2029 3.7045e-16
3057.1199 3.3356e-16
3058.0369 2.6119e-16
3058.9543 3.0593e-16
3059.8721 3.4222e-16
3060.7903 3.1334e-16
3061.7083 3.9016e-16
3062.6267 3.3098e-16
3063.5457 4.2554e-16
3064.4648 3.8458e-16
3065.3840 2.9797e-16
3066.3035 4.8771e-16
3067.2234 4.5394e-16
3068.1438 1.8871e-16
3069.0642 2.7718e-16
3069.9849 4.4733e-16
3070.9058 3.5755e-16
3071.8271 4.0117e-16
3072.7485 3.3776e-16
3073.6707 2.2682e-16
3074.5925 3.2808e-16
3075.5149 2.2426e-16
3076.4375 3.8436e-16
3077.3606 4.0828e-16
3078.2837 4.4546e-16
3079.2070 2.6819e-16
3080.1309 2.2779e-16
3081.0552 4.3925e-16
3081.9795 4.8614e-16
3082.9041 4.0342e-16
3083.8289 3.5363e-16
3084.7539 3.4221e-16
3085.6794 4.5102e-16
3086.6050 2.7428e-16
3087.5312 2.8490e-16
3088.4573 3.6652e-16
3089.3838 3.1192e-16
3090.3105 4.9328e-16
3091.2378 3.3305e-16
3092.1653 3.6375e-16
3093.0928 3.1239e-16
3094.0205 4.1958e-16
3094.9490 3.3637e-16
3095.8777 2.8178e-16
3096.8062 2.9556e-16
3097.7354 3.4426e-16
3098.6646 4.3922e-16
3099.5940 3.3339e-16
3100.5239 3.7553e-16
3101.4543 3.8434e-16
3102.3848 2.9480e-16
3103.3152 3.2458e-16
3104.2463 4.2738e-16
3105.1775 3.7461e-16
3106.1091 3.4774e-16
3107.0408 3.6481e-16
3107.9731 3.9921e-16
3108.9055 4.4802e-16
3109.8384 3.1479e-16
3110.7712 3.3636e-16
3111.7046 2.4989e-16
3112.6379 4.5777e-16
3113.5718 3.9496e-16
3114.5059 4.1982e-16
3115.4399 3.0811e-16
3116.3748 3.1104e-16
3117.3096 4.6743e-16
3118.2449 3.1622e-16
3119.1802 3.5089e-16
3120.1162 2.5719e-16
3121.0522 2.6200e-16
3121.9883 3.9096e-16
3122.9250 5.2519e-16
3123.8618 3.5500e-16
3124.7991 4.0054e-16
3125.7363 3.8174e-16
3126.6743 5.0007e-16
3127.6121 4.6419e-16
3128.5503 3.7955e-16
3129.4890 4.3233e-16
3130.4280 3.3926e-16
3131.3672 3.3909e-16
3132.3064 3.6229e-16
3133.2458 3.2996e-16
3134.1860 4.4509e-16
3135.1262 4.0056e-16
3136.0671 3.8496e-16
3137.0078 4.6298e-16
3137.9487 4.5332e-16
3138.8901 4.7944e-16
3139.8318 4.1771e-16
3140.7739 3.5149e-16
3141.7158 4.6493e-16
3142.6587 3.9706e-16
3143.6013 4.2556e-16
3144.5444 3.7462e-16
3145.4878 3.7038e-16
3146.4316 5.6508e-16
3147.3755 5.0811e-16
3148.3196 4.1048e-16
3149.2642 3.6100e-16
3150.2087 2.5086e-16
3151.1538 3.4837e-16
3152.0991 3.5384e-16
3153.0449 3.1849e-16
3153.9910 3.8314e-16
3154.9370 5.4989e-16
3155.8835 4.4878e-16
3156.8303 3.0934e-16
3157.7776 3.6868e-16
3158.7246 3.7537e-16
3159.6724 3.6089e-16
3160.6204 3.1135e-16
3161.5684 3.5910e-16
3162.5168 3.2485e-16
3163.4656 4.4938e-16
3164.4146 4.0002e-16
3165.3638 3.8778e-16
3166.3137 3.9224e-16
3167.2632 4.6592e-16
3168.2136 4.0988e-16
3169.1641 3.5199e-16
3170.1147 4.3859e-16
3171.0659 3.4031e-16
3172.0171 3.8015e-16
3172.9688 3.6132e-16
3173.9209 6.0985e-16
3174.8728 5.4023e-16
3175.8254 3.6948e-16
3176.7781 4.1921e-16
3177.7310 5.7150e-16
3178.6843 2.9789e-16
3179.6382 4.0328e-16
3180.5920 5.7143e-16
3181.5461 4.5202e-16
3182.5005 5.5295e-16
3183.4553 5.1595e-16
3184.4104 3.7599e-16
3185.3657 3.1250e-16
3186.3213 3.5595e-16
3187.2773 4.0648e-16
3188.2334 4.9046e-16
3189.1897 5.2015e-16
3190.1465 4.5661e-16
3191.1038 6.0779e-16
3192.0610 4.7820e-16
3193.0186 3.5161e-16
3193.9766 4.3570e-16
3194.9346 4.7091e-16
3195.8931 5.8522e-16
3196.8521 3.4033e-16
3197.8110 5.5718e-16
3198.7705 6.1062e-16
3199.7300 4.4010e-16
3200.6897 4.1933e-16
3201.6501 3.8837e-16
3202.6106 5.8631e-16
3203.5715 4.2623e-16
3204.5325 2.9094e-16
3205.4937 4.7059e-16
3206.4553 5.2402e-16
3207.4175 3.8771e-16
3208.3796 3.2134e-16
3209.3423 4.8437e-16
3210.3049 5.5716e-16
3211.2681 3.8453e-16
3212.2312 5.6421e-16
3213.1951 3.5926e-16
3214.1592 4.8634e-16
3215.1233 2.6919e-16
3216.0879 4.3519e-16
3217.0527 4.1066e-16
3218.0178 3.9559e-16
3218.9832 4.3301e-16
3219.9490 5.4258e-16
3220.9150 4.7245e-16
3221.8811 4.3715e-16
3222.8477 5.6191e-16
3223.8145 4.5552e-16
3224.7817 4.1725e-16
3225.7490 4.8589e-16
3226.7170 4.0407e-16
3227.6848 6.6624e-16
3228.6531 7.1754e-16
3229.6216 4.4787e-16
3230.5906 4.3421e-16
3231.5598 4.3796e-16
3232.5293 4.2647e-16
3233.4993 5.2573e-16
3234.4690 6.8021e-16
3235.4392 5.6886e-16
3236.4099 6.0385e-16
3237.3811 4.6881e-16
3238.3523 4.0910e-16
3239.3237 4.6573e-16
3240.2954 4.7828e-16
3241.2673 4.5187e-16
3242.2400 6.2914e-16
3243.2126 5.5200e-16
3244.1855 4.6758e-16
3245.1589 5.4140e-16
3246.1323 4.4569e-16
3247.1064 5.4258e-16
3248.0803 5.8366e-16
3249.0547 6.5177e-16
3250.0295 4.5942e-16
3251.0044 4.6190e-16
3251.9795 6.2618e-16
3252.9553 4.2299e-16
3253.9314 4.9720e-16
3254.9072 6.8577e-16
3255.8843 7.0843e-16
3256.8608 6.2276e-16
3257.8379 4.5651e-16
3258.8152 5.1535e-16
3259.7927 5.2673e-16
3260.7708 6.1660e-16
3261.7490 7.3280e-16
3262.7275 5.5843e-16
3263.7061 5.6503e-16
3264.6855 6.6189e-16
3265.6646 5.4116e-16
3266.6445 6.1848e-16
3267.6243 7.1435e-16
3268.6045 5.3957e-16
3269.5852 6.9135e-16
3270.5662 7.0479e-16
3271.5474 5.7133e-16
3272.5291 5.7815e-16
3273.5107 6.2256e-16
3274.4927 6.8804e-16
3275.4749 5.7781e-16
3276.4575 5.0349e-16
3277.4407 5.4916e-16
3278.4238 6.5193e-16
3279.4075 6.0227e-16
3280.3911 6.4152e-16
3281.3752 5.7927e-16
3282.3599 7.6291e-16
3283.3445 6.1350e-16
3284.3293 5.9745e-16
3285.3145 4.9629e-16
3286.3003 5.7898e-16
3287.2861 6.9963e-16
3288.2725 6.1726e-16
3289.2590 5.7622e-16
3290.2454 6.0090e-16
3291.2324 8.7130e-16
3292.2202 7.0045e-16
3293.2078 6.9060e-16
3294.1958 7.3443e-16
3295.1841 6.5612e-16
3296.1726 5.0043e-16
3297.1614 7.0887e-16
3298.1506 5.9843e-16
3299.1401 5.3468e-16
3300.1296 6.5179e-16
3301.1199 7.1689e-16
3302.1101 9.2036e-16
3303.1008 4.0703e-16
3304.0916 5.3484e-16
3305.0830 7.9163e-16
3306.0745 7.6760e-16
3307.0662 8.2469e-16
3308.0583 7.3997e-16
3309.0508 5.3967e-16
3310.0435 7.7585e-16
3311.0364 6.9516e-16
3312.0298 8.0426e-16
3313.0234 7.5811e-16
3314.0173 7.4372e-16
3315.0115 5.5254e-16
3316.0061 6.0932e-16
3317.0010 6.7475e-16
3317.9961 7.3759e-16
3318.9915 6.2616e-16
3319.9871 8.4553e-16
3320.9829 6.0673e-16
3321.9795 7.7701e-16
3322.9758 9.3096e-16
3323.9729 7.8242e-16
3324.9702 6.7816e-16
3325.9675 8.5709e-16
3326.9651 6.6207e-16
3327.9634 7.0584e-16
3328.9617 7.0306e-16
3329.9604 9.0461e-16
3330.9595 8.4035e-16
3331.9585 9.4708e-16
3332.9583 6.7539e-16
3333.9583 7.2602e-16
3334.9585 7.5141e-16
3335.9590 7.1723e-16
3336.9597 9.6254e-16
3337.9607 7.3693e-16
3338.9622 7.5662e-16
3339.9639 7.6286e-16
3340.9661 6.9223e-16
3341.9680 9.2765e-16
3342.9709 8.0202e-16
3343.9736 7.9964e-16
3344.9768 8.6133e-16
3345.9802 6.9480e-16
3346.9844 8.6691e-16
3347.9885 7.3540e-16
3348.9924 9.0841e-16
3349.9973 7.5189e-16
3351.0022 7.0061e-16
3352.0076 6.7754e-16
3353.0132 8.0329e-16
3354.0193 8.5901e-16
3355.0251 7.6430e-16
3356.0317 6.8504e-16
3357.0388 8.3253e-16
3358.0457 9.0786e-16
3359.0532 7.2074e-16
3360.0608 8.5136e-16
3361.0688 6.8590e-16
3362.0774 9.6586e-16
3363.0859 8.9530e-16
3364.0947 8.7966e-16
3365.1040 8.6738e-16
3366.1135 7.4201e-16
3367.1233 7.0988e-16
3368.1335 7.2482e-16
3369.1438 7.7485e-16
3370.1548 1.0066e-15
3371.1655 8.5538e-16
3372.1772 1.0881e-15
3373.1887 7.7198e-16
3374.2007 7.7386e-16
3375.2129 6.6743e-16
3376.2256 1.1152e-15
3377.2383 7.2015e-16
3378.2515 8.5203e-16
3379.2651 8.2238e-16
3380.2786 9.1540e-16
3381.2930 8.1097e-16
3382.3071 7.9099e-16
3383.3218 8.3188e-16
3384.3369 8.8722e-16
3385.3521 9.9848e-16
3386.3679 7.3923e-16
3387.3838 8.5624e-16
3388.3999 7.7288e-16
3389.4165 8.5427e-16
3390.4333 5.8345e-16
3391.4507 7.8664e-16
3392.4678 8.0142e-16
3393.4856 9.4780e-16
3394.5037 8.3771e-16
3395.5220 8.1741e-16
3396.5405 8.1282e-16
3397.5598 7.9098e-16
3398.5789 9.4987e-16
3399.5986 8.1041e-16
3400.6184 8.4206e-16
3401.6387 8.5810e-16
3402.6589 8.3586e-16
3403.6799 7.5165e-16
3404.7009 9.7460e-16
3405.7222 8.4032e-16
3406.7441 8.7614e-16
3407.7661 9.5984e-16
3408.7883 9.0462e-16
3409.8110 8.1164e-16
3410.8340 8.6218e-16
3411.8574 8.5168e-16
3412.8809 9.3517e-16
3413.9045 8.7440e-16
3414.9290 8.7455e-16
3415.9531 8.1673e-16
3416.9780 7.6631e-16
3418.0029 7.7856e-16
3419.0286 1.0006e-15
3420.0544 8.5830e-16
3421.0803 9.2959e-16
3422.1064 8.4923e-16
3423.1331 7.2861e-16
3424.1604 8.6121e-16
3425.1875 7.6478e-16
3426.2148 8.6031e-16
3427.2429 7.9912e-16
3428.2712 8.9872e-16
3429.2996 8.1366e-16
3430.3284 8.1174e-16
3431.3572 7.9436e-16
3432.3870 1.0247e-15
3433.4165 8.1887e-16
3434.4463 7.4936e-16
3435.4768 9.5497e-16
3436.5076 8.7587e-16
3437.5383 7.9451e-16
3438.5696 6.7802e-16
3439.6016 8.6226e-16
3440.6333 8.3231e-16
3441.6655 8.0436e-16
3442.6980 9.2793e-16
3443.7307 8.7528e-16
3444.7637 8.0694e-16
3445.7971 9.1136e-16
3446.8308 7.6381e-16
3447.8652 8.1209e-16
3448.8994 8.2868e-16
3449.9343 9.7092e-16
3450.9690 7.5139e-16
3452.0042 7.9810e-16
3453.0403 9.0776e-16
3454.0759 7.9752e-16
3455.1121 8.3641e-16
3456.1487 8.1804e-16
3457.1855 8.7189e-16
3458.2227 9.1039e-16
3459.2600 8.9063e-16
3460.2979 8.8703e-16
3461.3359 7.5590e-16
3462.3745 7.3744e-16
3463.4128 9.1525e-16
3464.4521 9.2508e-16
3465.4915 8.6167e-16
3466.5310 9.4982e-16
3467.5710 8.6491e-16
3468.6113 9.7059e-16
3469.6519 8.7136e-16
3470.6926 6.9228e-16
3471.7339 7.4606e-16
3472.7756 8.6942e-16
3473.8176 7.8282e-16
3474.8596 1.0576e-15
3475.9021 9.5278e-16
3476.9446 7.5355e-16
3477.9878 8.9841e-16
3479.0312 9.0114e-16
3480.0750 1.0467e-15
3481.1191 9.4493e-16
3482.1631 7.2346e-16
3483.2078 1.0142e-15
3484.2529 1.0120e-15
3485.2983 9.5576e-16
3486.3438 6.6049e-16
3487.3899 8.9161e-16
3488.4358 9.3941e-16
3489.4824 1.0222e-15
3490.5291 7.9484e-16
3491.5767 8.2142e-16
3492.6240 1.0672e-15
3493.6716 9.1572e-16
3494.7197 8.5598e-16
3495.7683 9.1589e-16
3496.8169 8.5968e-16
3497.8657 8.4251e-16
3498.9153 9.4385e-16
3499.9651 9.4437e-16
3501.0149 9.2163e-16
3502.0654 9.1920e-16
3503.1157 9.8633e-16
3504.1667 8.7140e-16
3505.2178 9.8098e-16
3506.2695 6.9416e-16
3507.3215 9.0391e-16
3508.3735 8.2281e-16
3509.4263 8.7767e-16
3510.4790 1.0648e-15
3511.5320 8.3392e-16
3512.5857 1.0415e-15
3513.6394 9.4179e-16
3514.6934 9.9738e-16
3515.7478 1.0674e-15
3516.8027 9.5358e-16
3517.8577 8.9365e-16
3518.9131 8.6584e-16
3519.9688 7.7684e-16
3521.0247 1.3065e-15
3522.0811 7.5676e-16
3523.1375 8.2771e-16
3524.1946 1.0411e-15
3525.2517 9.7098e-16
3526.3093 8.3302e-16
3527.3674 7.4541e-16
3528.4255 9.4145e-16
3529.4841 9.1849e-16
3530.5427 1.1373e-15
3531.6021 9.6509e-16
3532.6616 1.0440e-15
3533.7214 9.8815e-16
3534.7812 7.7233e-16
3535.8420 8.1680e-16
3536.9026 9.6148e-16
3537.9636 9.3470e-16
3539.0251 9.5568e-16
3540.0867 8.7874e-16
3541.1489 8.5717e-16
3542.2109 1.0878e-15
3543.2739 9.4396e-16
3544.3369 9.0422e-16
3545.4001 9.5726e-16
3546.4636 9.1151e-16
3547.5278 1.0403e-15
3548.5920 9.8478e-16
3549.6567 9.1774e-16
3550.7214 8.4963e-16
3551.7866 8.7402e-16
3552.8523 9.8280e-16
3553.9182 8.3112e-16
3554.9839 1.0253e-15
3556.0508 1.1188e-15
3557.1177 7.7622e-16
3558.1846 9.1327e-16
3559.2522 1.0530e-15
3560.3198 1.0365e-15
3561.3879 8.8320e-16
3562.4563 1.1591e-15
3563.5254 9.6875e-16
3564.5942 1.1027e-15
3565.6638 8.1112e-16
3566.7332 1.0173e-15
3567.8032 8.9054e-16
3568.8738 9.6635e-16
3569.9443 9.2598e-16
3571.0154 1.1416e-15
3572.0864 1.2007e-15
3573.1582 1.1010e-15
3574.2302 1.1110e-15
3575.3025 1.1194e-15
3576.3748 1.1241e-15
3577.4480 9.2368e-16
3578.5212 1.3455e-15
3579.5950 1.1134e-15
3580.6685 1.2671e-15
3581.7427 1.1345e-15
3582.8174 1.0448e-15
3583.8921 1.0448e-15
3584.9673 1.1333e-15
3586.0430 1.1261e-15
3587.1187 1.2354e-15
3588.1948 1.3069e-15
3589.2715 1.3618e-15
3590.3479 1.1255e-15
3591.4253 1.2243e-15
3592.5024 1.1574e-15
3593.5803 1.4420e-15
3594.6584 1.2520e-15
3595.7368 1.6053e-15
3596.8154 1.3275e-15
3597.8945 1.3780e-15
3598.9739 1.4390e-15
3600.0535 1.2985e-15
3601.1338 1.2816e-15
3602.2139 1.4363e-15
3603.2947 1.5292e-15
3604.3755 1.4247e-15
3605.4570 1.3012e-15
3606.5388 1.6121e-15
3607.6204 1.4264e-15
3608.7031 1.4897e-15
3609.7854 1.5700e-15
3610.8684 1.3509e-15
3611.9517 1.5856e-15
3613.0352 1.5611e-15
3614.1191 1.3269e-15
3615.2034 1.3945e-15
3616.2878 1.5529e-15
3617.3728 1.5588e-15
3618.4580 1.6114e-15
3619.5437 1.6853e-15
3620.6294 1.6401e-15
3621.7156 1.8986e-15
3622.8022 1.6277e-15
3623.8889 1.4830e-15
3624.9761 1.6573e-15
3626.0635 1.5446e-15
3627.1516 1.6597e-15
3628.2395 1.6033e-15
3629.3281 1.6988e-15
3630.4170 1.6606e-15
3631.5061 1.7648e-15
3632.5955 1.4558e-15
3633.6853 1.5237e-15
3634.7754 1.5123e-15
3635.8657 1.6367e-15
3636.9565 1.6316e-15
3638.0474 1.7079e-15
3639.1389 1.5469e-15
3640.2310 1.8014e-15
3641.3225 1.5102e-15
3642.4155 1.2980e-15
3643.5081 1.5063e-15
3644.6011 1.6549e-15
3645.6943 1.3540e-15
3646.7881 1.5402e-15
3647.8821 1.3846e-15
3648.9766 1.4955e-15
3650.0710 1.4889e-15
3651.1663 1.7270e-15
3652.2615 1.6788e-15
3653.3572 1.4235e-15
3654.4531 1.6804e-15
3655.5496 1.2590e-15
3656.6462 1.4409e-15
3657.7432 1.3431e-15
3658.8406 1.2775e-15
3659.9380 1.4288e-15
3661.0361 1.3786e-15
3662.1348 1.5938e-15
3663.2332 1.1790e-15
3664.3320 1.3589e-15
3665.4314 1.3084e-15
3666.5310 1.2591e-15
3667.6309 1.3999e-15
3668.7314 1.1605e-15
3669.8318 1.2600e-15
3670.9329 1.2908e-15
3672.0339 1.3874e-15
3673.1360 1.2874e-15
3674.2375 1.2529e-15
3675.3401 1.2653e-15
3676.4424 1.1689e-15
3677.5454 1.2911e-15
3678.6487 1.4025e-15
3679.7522 1.1401e-15
3680.8562 1.4500e-15
3681.9604 1.1624e-15
3683.0649 1.2167e-15
3684.1702 1.0956e-15
3685.2751 9.7367e-16
3686.3809 1.2067e-15
3687.4868 1.2176e-15
3688.5928 1.0897e-15
3689.6997 1.2232e-15
3690.8066 1.1431e-15
3691.9138 9.1695e-16
3693.0215 1.0566e-15
3694.1294 1.1839e-15
3695.2375 1.1630e-15
3696.3459 1.0445e-15
3697.4548 8.3582e-16
3698.5642 8.4311e-16
3699.6738 1.0274e-15
3700.7837 1.1993e-15
3701.8938 9.2909e-16
3703.0042 1.0605e-15
3704.1152 9.5245e-16
3705.2266 1.2549e-15
3706.3381 1.0512e-15
3707.4500 7.3478e-16
3708.5625 8.4469e-16
3709.6748 9.6398e-16
3710.7878 8.4024e-16
3711.9009 8.6136e-16
3713.0146 9.4974e-16
3714.1284 7.5699e-16
3715.2427 1.0354e-15
3716.3574 9.8917e-16
3717.4724 8.8071e-16
3718.5876 1.0599e-15
3719.7031 9.7302e-16
3720.8186 1.0385e-15
3721.9351 1.0049e-15
3723.0518 9.5705e-16
3724.1685 1.0945e-15
3725.2861 9.3719e-16
3726.4033 1.1419e-15
3727.5215 9.0843e-16
3728.6399 9.0773e-16
3729.7583 9.6781e-16
3730.8772 9.9683e-16
3731.9963 8.8391e-16
3733.1160 1.2756e-15
3734.2361 8.2949e-16
3735.3562 1.0578e-15
3736.4768 1.0746e-15
3737.5977 1.1664e-15
3738.7190 1.2789e-15
3739.8408 8.2887e-16
3740.9626 1.1400e-15
3742.0850 9.3656e-16
3743.2075 1.0839e-15
3744.3306 1.2255e-15
3745.4539 1.1513e-15
3746.5774 1.2285e-15
3747.7014 1.0312e-15
3748.8257 1.0714e-15
3749.9504 1.2293e-15
3751.0757 1.1684e-15
3752.2004 1.2393e-15
3753.3264 1.0994e-15
3754.4524 1.4106e-15
3755.5789 1.2506e-15
3756.7051 1.2803e-15
3757.8323 1.1735e-15
3758.9597 1.3227e-15
3760.0874 1.4245e-15
3761.2153 1.4010e-15
3762.3440 1.3938e-15
3763.4727 1.3321e-15
3764.6018 1.2150e-15
3765.7307 1.4522e-15
3766.8604 1.4548e-15
3767.9907 1.5512e-15
3769.1211 1.7149e-15
3770.2517 1.5210e-15
3771.3828 1.5223e-15
3772.5144 1.7567e-15
3773.6462 1.6335e-15
3774.7781 1.7578e-15
3775.9104 1.5960e-15
3777.0432 1.6300e-15
3778.1765 1.5702e-15
3779.3101 1.7359e-15
3780.4438 1.7085e-15
3781.5781 1.6821e-15
3782.7124 1.6657e-15
3783.8469 1.6930e-15
3784.9822 1.3425e-15
3786.1179 1.6882e-15
3787.2539 1.9874e-15
3788.3899 1.8608e-15
3789.5264 1.8458e-15
3790.6631 1.8626e-15
3791.8005 1.9066e-15
3792.9380 1.7369e-15
3794.0757 1.7114e-15
3795.2139 1.8896e-15
3796.3528 1.6041e-15
3797.4917 1.7767e-15
3798.6309 1.8824e-15
3799.7705 1.8636e-15
3800.9104 1.9487e-15
3802.0508 1.7992e-15
3803.1912 1.8592e-15
3804.3323 2.0981e-15
3805.4734 1.9129e-15
3806.6152 2.0335e-15
3807.7571 1.9351e-15
3808.8997 2.0412e-15
3810.0422 2.1170e-15
3811.1853 2.0587e-15
3812.3284 1.9270e-15
3813.4722 1.9230e-15
3814.6162 1.8255e-15
3815.7605 1.9632e-15
3816.9055 1.9517e-15
3818.0503 1.9069e-15
3819.1956 2.0778e-15
3820.3416 1.8311e-15
3821.4875 2.0950e-15
3822.6340 1.7650e-15
3823.7810 1.8276e-15
3824.9280 1.8967e-15
3826.0754 2.2922e-15
3827.2234 2.2799e-15
3828.3716 2.0040e-15
3829.5198 2.2375e-15
3830.6689 2.1005e-15
3831.8179 1.9321e-15
3832.9675 2.1751e-15
3834.1172 2.1158e-15
3835.2676 1.9352e-15
3836.4182 2.2779e-15
3837.5691 2.2012e-15
3838.7205 2.2596e-15
3839.8718 2.0442e-15
3841.0244 2.2173e-15
3842.1765 2.0112e-15
3843.3291 2.2541e-15
3844.4822 2.1729e-15
3845.6355 2.2692e-15
3846.7888 2.3664e-15
3847.9431 2.2185e-15
3849.0977 2.2275e-15
3850.2522 2.4952e-15
3851.4070 2.3822e-15
3852.5627 2.3239e-15
3853.7185 2.3085e-15
3854.8745 2.4808e-15
3856.0310 2.6276e-15
3857.1877 2.6805e-15
3858.3452 2.5522e-15
3859.5024 2.3757e-15
3860.6606 2.4680e-15
3861.8186 2.4251e-15
3862.9771 2.4304e-15
3864.1357 2.6888e-15
3865.2954 2.4095e-15
3866.4551 2.6922e-15
3867.6147 2.1154e-15
3868.7751 2.3868e-15
3869.9358 2.4660e-15
3871.0964 2.3406e-15
3872.2581 2.6407e-15
3873.4197 2.5766e-15
3874.5818 2.5217e-15
3875.7441 2.5982e-15
3876.9070 2.5426e-15
3878.0698 2.5305e-15
3879.2334 2.4125e-15
3880.3972 2.4425e-15
3881.5610 2.3491e-15
3882.7256 2.5829e-15
3883.8906 2.4136e-15
3885.0557 2.6489e-15
3886.2212 2.7322e-15
3887.3870 2.4151e-15
3888.5535 2.5395e-15
3889.7197 2.4120e-15
3890.8867 2.5284e-15
3892.0542 2.5784e-15
3893.2214 2.6448e-15
3894.3899 2.6269e-15
3895.5579 2.5528e-15
3896.7266 2.4119e-15
3897.8953 2.3723e-15
3899.0652 2.4075e-15
3900.2346 2.3227e-15
3901.4048 2.4016e-15
3902.5752 2.5997e-15
3903.7458 2.3878e-15
3904.9172 2.4096e-15
3906.0884 2.2679e-15
3907.2603 2.5252e-15
3908.4326 2.5516e-15
3909.6050 2.5005e-15
3910.7781 2.3964e-15
3911.9509 2.3745e-15
3913.1245 2.3464e-15
3914.2986 2.4225e-15
3915.4731 2.4734e-15
3916.6477 2.6077e-15
3917.8228 2.3364e-15
3918.9978 2.2982e-15
3920.1736 2.2149e-15
3921.3496 2.3140e-15
3922.5261 2.6299e-15
3923.7031 2.2038e-15
3924.8801 2.2613e-15
3926.0576 2.1201e-15
3927.2354 2.6697e-15
3928.4133 2.4119e-15
3929.5918 2.1989e-15
3930.7710 2.3021e-15
3931.9500 2.5146e-15
3933.1294 2.1143e-15
3934.3098 2.2647e-15
3935.4900 2.5190e-15
3936.6704 2.5249e-15
3937.8518 2.3441e-15
3939.0330 2.2518e-15
3940.2144 2.3350e-15
3941.3967 2.5353e-15
3942.5791 2.4302e-15
3943.7617 2.0006e-15
3944.9448 2.4462e-15
3946.1284 2.2240e-15
3947.3125 2.0185e-15
3948.4966 1.8746e-15
3949.6812 2.3902e-15
3950.8660 2.4095e-15
3952.0513 2.2069e-15
3953.2366 2.2060e-15
3954.4226 2.1235e-15
3955.6091 2.2330e-15
3956.7957 2.0389e-15
3957.9829 2.4174e-15
3959.1702 2.3685e-15
3960.3579 1.9321e-15
3961.5461 2.2087e-15
3962.7346 2.0185e-15
3963.9233 2.1443e-15
3965.1128 2.1253e-15
3966.3022 2.3041e-15
3967.4922 2.1430e-15
3968.6824 2.3019e-15
3969.8730 2.0138e-15
3971.0637 2.1028e-15
3972.2551 2.2361e-15
3973.4468 2.2177e-15
3974.6387 1.9992e-15
3975.8313 1.8734e-15
3977.0242 2.1573e-15
3978.2170 2.0117e-15
3979.4104 2.0982e-15
3980.6045 2.0547e-15
3981.7988 1.9266e-15
3982.9932 1.9093e-15
3984.1880 1.8919e-15
3985.3833 1.9073e-15
3986.5791 1.8906e-15
3987.7747 1.8504e-15
3988.9712 2.1094e-15
3990.1677 1.9713e-15
3991.3647 1.6118e-15
3992.5623 1.6926e-15
3993.7600 1.6822e-15
3994.9580 1.7226e-15
3996.1565 1.9716e-15
3997.3557 1.8750e-15
3998.5544 1.7011e-15
3999.7542 1.6336e-15
4000.9543 1.6589e-15
4002.1543 1.7270e-15
4003.3552 1.7649e-15
4004.5564 1.8102e-15
4005.7573 1.4630e-15
4006.9595 1.8036e-15
4008.1614 1.8797e-15
4009.3638 1.7479e-15
4010.5667 1.5990e-15
4011.7698 1.6080e-15
4012.9734 1.8030e-15
4014.1772 1.6341e-15
4015.3813 1.5442e-15
4016.5862 1.5249e-15
4017.7910 1.4685e-15
4018.9966 1.4908e-15
4020.2021 1.6110e-15
4021.4082 1.4125e-15
4022.6147 1.4436e-15
4023.8210 1.4964e-15
4025.0286 1.5249e-15
4026.2361 1.6704e-15
4027.4438 1.2755e-15
4028.6523 1.7027e-15
4029.8604 1.5878e-15
4031.0698 1.5948e-15
4032.2791 1.6680e-15
4033.4885 1.5125e-15
4034.6987 1.4428e-15
4035.9092 1.5415e-15
4037.1199 1.6129e-15
4038.3311 1.3525e-15
4039.5422 1.4629e-15
4040.7544 1.8804e-15
4041.9668 1.5649e-15
4043.1792 1.6146e-15
4044.3921 1.2458e-15
4045.6055 1.5455e-15
4046.8191 1.5477e-15
4048.0332 1.6888e-15
4049.2478 1.4904e-15
4050.4624 1.4003e-15
4051.6775 1.6021e-15
4052.8931 1.7542e-15
4054.1091 1.3836e-15
4055.3250 1.5284e-15
4056.5417 1.7767e-15
4057.7585 1.6968e-15
4058.9763 1.8441e-15
4060.1936 1.6710e-15
4061.4116 1.6066e-15
4062.6301 2.0179e-15
4063.8491 1.7447e-15
4065.0684 1.8552e-15
4066.2874 1.6364e-15
4067.5076 1.3353e-15
4068.7278 1.9017e-15
4069.9485 1.7472e-15
4071.1694 1.7167e-15
4072.3911 1.5314e-15
4073.6125 1.6150e-15
4074.8347 1.5948e-15
4076.0569 1.6630e-15
4077.2798 1.7121e-15
4078.5027 1.5926e-15
4079.7263 1.9454e-15
4080.9504 1.4528e-15
4082.1746 1.7922e-15
4083.3992 1.7309e-15
4084.6243 1.5418e-15
4085.8499 1.5330e-15
4087.0754 1.6087e-15
4088.3020 1.8114e-15
4089.5283 1.7588e-15
4090.7551 1.5651e-15
4091.9824 1.6636e-15
4093.2100 1.9512e-15
4094.4377 1.8276e-15
4095.6660 1.7057e-15
4096.8950 1.5024e-15
4098.1240 1.4492e-15
4099.3530 1.4790e-15
4100.5830 1.5289e-15
4101.8135 1.6642e-15
4103.0439 1.4813e-15
4104.2749 1.6553e-15
4105.5063 1.6743e-15
4106.7378 1.6299e-15
4107.9697 1.7147e-15
4109.2021 1.4900e-15
4110.4351 1.6273e-15
4111.6685 1.5426e-15
4112.9014 1.6285e-15
4114.1353 1.7129e-15
4115.3696 1.5893e-15
4116.6045 1.5143e-15
4117.8394 1.7624e-15
4119.0747 1.5325e-15
4120.3101 1.8677e-15
4121.5464 1.5186e-15
4122.7832 1.5363e-15
4124.0195 1.4456e-15
4125.2568 1.4904e-15
4126.4946 1.5922e-15
4127.7324 1.5032e-15
4128.9707 1.5067e-15
4130.2095 1.5793e-15
4131.4482 1.5344e-15
4132.6880 1.5674e-15
4133.9277 1.5451e-15
4135.1680 1.5567e-15
4136.4087 1.4415e-15
4137.6494 1.6153e-15
4138.8911 1.5779e-15
4140.1323 1.3477e-15
4141.3745 1.3667e-15
4142.6172 1.3991e-15
4143.8599 1.3118e-15
4145.1030 1.6848e-15
4146.3462 1.4919e-15
4147.5898 1.2764e-15
4148.8345 1.4195e-15
4150.0791 1.4730e-15
4151.3242 1.3949e-15
4152.5698 1.5848e-15
4153.8154 1.4923e-15
4155.0610 1.4755e-15
4156.3081 1.4320e-15
4157.5547 1.3913e-15
4158.8022 1.4253e-15
4160.0493 1.6421e-15
4161.2979 1.5307e-15
4162.5464 1.5985e-15
4163.7949 1.2191e-15
4165.0439 1.5569e-15
4166.2939 1.4639e-15
4167.5435 1.3339e-15
4168.7939 1.3931e-15
4170.0444 1.4208e-15
4171.2954 1.5711e-15
4172.5469 1.3217e-15
4173.7988 1.6807e-15
4175.0508 1.5395e-15
4176.3032 1.3761e-15
4177.5562 1.2994e-15
4178.8096 1.3811e-15
4180.0630 1.3641e-15
4181.3174 1.6586e-15
4182.5713 1.5831e-15
4183.8262 1.6414e-15
4185.0815 1.6042e-15
4186.3369 1.6887e-15
4187.5928 1.4903e-15
4188.8491 1.3576e-15
4190.1060 1.4823e-15
4191.3628 1.4802e-15
4192.6201 1.4370e-15
4193.8779 1.3902e-15
4195.1362 1.2121e-15
4196.3945 1.4282e-15
4197.6538 1.5790e-15
4198.9126 1.2729e-15
4200.1724 1.3555e-15
4201.4326 1.6187e-15
4202.6934 1.3307e-15
4203.9541 1.6510e-15
4205.2153 1.4412e-15
4206.4766 1.5582e-15
4207.7388 1.6932e-15
4209.0010 1.5399e-15
4210.2637 1.3232e-15
4211.5269 1.3530e-15
4212.7900 1.3603e-15
4214.0537 1.4527e-15
4215.3184 1.4189e-15
4216.5825 1.5112e-15
4217.8477 1.3737e-15
4219.1133 1.3658e-15
4220.3784 1.2545e-15
4221.6450 1.2125e-15
4222.9116 1.5818e-15
4224.1782 1.4052e-15
4225.4458 1.3359e-15
4226.7134 1.4990e-15
4227.9810 1.3423e-15
4229.2495 1.4090e-15
4230.5181 1.3645e-15
4231.7876 1.5015e-15
4233.0571 1.2535e-15
4234.3271 1.2432e-15
4235.5972 1.2099e-15
4236.8682 1.1611e-15
4238.1387 1.2742e-15
4239.4106 1.2937e-15
4240.6821 1.2969e-15
4241.9541 1.4787e-15
4243.2271 1.3951e-15
4244.5000 1.2637e-15
4245.7734 1.2630e-15
4247.0469 1.2264e-15
4248.3213 1.0934e-15
4249.5957 1.1846e-15
4250.8706 1.0937e-15
4252.1460 1.3685e-15
4253.4219 1.3461e-15
4254.6978 1.3264e-15
4255.9736 1.2843e-15
4257.2505 1.0772e-15
4258.5283 1.4118e-15
4259.8057 1.3083e-15
4261.0835 1.3720e-15
4262.3618 1.1864e-15
4263.6406 1.3680e-15
4264.9194 1.2967e-15
4266.1987 1.2063e-15
4267.4785 1.3183e-15
4268.7593 1.1755e-15
4270.0396 1.1641e-15
4271.3208 1.2000e-15
4272.6025 1.1295e-15
4273.8838 1.2379e-15
4275.1660 1.1602e-15
4276.4487 1.4456e-15
4277.7314 1.1701e-15
4279.0146 1.3250e-15
4280.2988 1.0182e-15
4281.5825 1.1486e-15
4282.8672 1.2808e-15
4284.1523 1.1655e-15
4285.4375 1.1403e-15
4286.7227 1.3337e-15
4288.0093 1.1927e-15
4289.2954 1.2523e-15
4290.5820 1.3179e-15
4291.8691 1.3060e-15
4293.1567 1.1360e-15
4294.4448 1.2410e-15
4295.7329 1.5687e-15
4297.0215 1.3648e-15
4298.3110 1.3556e-15
4299.6006 1.4079e-15
4300.8901 1.2682e-15
4302.1807 1.2434e-15
4303.4712 1.3927e-15
4304.7622 1.2409e-15
4306.0537 1.5433e-15
4307.3452 1.1652e-15
4308.6377 1.4021e-15
4309.9302 1.4850e-15
4311.2236 1.5900e-15
4312.5161 1.3092e-15
4313.8105 1.3626e-15
4315.1045 1.5751e-15
4316.3989 1.6081e-15
4317.6943 1.4445e-15
4318.9893 1.7171e-15
4320.2852 1.7628e-15
4321.5811 1.5668e-15
4322.8774 1.7038e-15
4324.1743 1.6658e-15
4325.4717 1.5709e-15
4326.7690 1.6736e-15
4328.0674 1.6441e-15
4329.3657 1.7103e-15
4330.6646 1.8887e-15
4331.9639 1.6727e-15
4333.2632 1.8857e-15
4334.5635 1.8119e-15
4335.8638 1.6647e-15
4337.1646 1.7970e-15
4338.4658 1.7747e-15
4339.7671 1.8556e-15
4341.0688 2.2232e-15
4342.3716 1.6106e-15
4343.6743 2.0294e-15
4344.9771 1.9773e-15
4346.2808 2.0068e-15
4347.5850 1.9592e-15
4348.8887 2.2033e-15
4350.1934 2.4850e-15
4351.4985 2.1196e-15
4352.8042 1.9212e-15
4354.1099 1.9722e-15
4355.4165 2.1533e-15
4356.7231 2.0458e-15
4358.0298 2.2885e-15
4359.3369 2.1824e-15
4360.6450 1.9644e-15
4361.9531 2.1273e-15
4363.2617 2.2902e-15
4364.5708 2.1358e-15
4365.8804 2.1964e-15
4367.1899 2.0004e-15
4368.5000 2.1852e-15
4369.8105 2.0773e-15
4371.1216 2.3368e-15
4372.4326 2.2325e-15
4373.7446 2.0580e-15
4375.0566 2.1528e-15
4376.3696 2.3747e-15
4377.6821 2.4889e-15
4378.9956 2.5807e-15
4380.3091 2.4460e-15
4381.6235 2.3471e-15
4382.9380 2.5418e-15
4384.2524 2.5702e-15
4385.5679 2.2905e-15
4386.8833 2.3966e-15
4388.1997 2.3971e-15
4389.5161 2.4685e-15
4390.8330 2.4562e-15
4392.1504 2.7699e-15
4393.4678 2.6334e-15
4394.7861 2.5100e-15
4396.1045 2.5972e-15
4397.4229 2.1486e-15
4398.7422 2.5425e-15
4400.0615 2.5754e-15
4401.3818 2.5167e-15
4402.7026 2.4670e-15
4404.0229 2.6624e-15
4405.3447 2.5826e-15
4406.6660 2.4518e-15
4407.9878 2.5112e-15
4409.3105 2.4653e-15
4410.6333 2.6191e-15
4411.9565 2.6255e-15
4413.2798 2.7657e-15
4414.6040 2.7869e-15
4415.9282 2.7919e-15
4417.2534 2.7224e-15
4418.5781 3.0675e-15
4419.9038 2.8721e-15
4421.2295 2.9314e-15
4422.5566 2.5389e-15
4423.8828 2.6894e-15
4425.2104 2.9239e-15
4426.5376 2.8051e-15
4427.8657 2.7344e-15
4429.1943 3.1604e-15
4430.5229 2.6582e-15
4431.8521 3.1579e-15
4433.1816 3.2919e-15
4434.5117 2.8468e-15
4435.8418 2.7927e-15
4437.1724 2.8654e-15
4438.5039 2.7536e-15
4439.8350 3.1541e-15
4441.1670 2.9200e-15
4442.4995 3.0709e-15
4443.8320 2.6846e-15
4445.1655 2.8695e-15
4446.4990 3.1302e-15
4447.8325 2.9725e-15
4449.1675 3.0007e-15
4450.5020 3.0098e-15
4451.8369 3.0678e-15
4453.1729 2.7893e-15
4454.5088 2.9760e-15
4455.8452 3.0439e-15
4457.1821 2.8759e-15
4458.5190 3.0973e-15
4459.8569 3.1348e-15
4461.1943 3.2078e-15
4462.5327 3.0524e-15
4463.8716 3.0212e-15
4465.2109 2.9423e-15
4466.5503 2.9947e-15
4467.8906 3.1026e-15
4469.2305 2.7878e-15
4470.5713 2.9510e-15
4471.9126 2.9956e-15
4473.2544 3.0577e-15
4474.5962 3.1648e-15
4475.9385 2.9579e-15
4477.2817 3.1155e-15
4478.6245 3.0959e-15
4479.9678 3.0820e-15
4481.3120 2.9879e-15
4482.6567 3.1801e-15
4484.0015 2.8010e-15
4485.3462 2.9857e-15
4486.6919 3.3366e-15
4488.0381 3.2307e-15
4489.3848 3.0432e-15
4490.7314 3.0204e-15
4492.0786 3.4802e-15
4493.4263 3.2747e-15
4494.7744 2.9894e-15
4496.1226 3.2042e-15
4497.4717 2.7160e-15
4498.8208 3.1124e-15
4500.1704 2.9410e-15
4501.5200 3.0794e-15
4502.8711 2.7571e-15
4504.2217 3.0614e-15
4505.5732 2.9227e-15
4506.9243 3.5237e-15
4508.2769 2.6057e-15
4509.6294 3.1390e-15
4510.9824 3.0015e-15
4512.3359 2.9684e-15
4513.6890 3.2371e-15
4515.0430 3.0482e-15
4516.3975 3.1374e-15
4517.7524 2.8514e-15
4519.1079 3.0323e-15
4520.4639 3.0809e-15
4521.8203 3.1744e-15
4523.1768 3.2014e-15
4524.5337 2.9972e-15
4525.8906 2.8749e-15
4527.2485 3.0376e-15
4528.6069 3.2726e-15
4529.9653 3.1634e-15
4531.3247 2.8282e-15
4532.6836 2.8378e-15
4534.0435 2.9384e-15
4535.4038 2.8579e-15
4536.7642 3.1125e-15
4538.1255 2.8108e-15
4539.4863 3.2174e-15
4540.8486 2.8592e-15
4542.2104 2.8427e-15
4543.5732 2.9544e-15
4544.9370 2.6700e-15
4546.3003 3.0471e-15
4547.6636 2.9790e-15
4549.0283 3.1518e-15
4550.3931 2.9815e-15
4551.7583 2.8734e-15
4553.1235 3.0875e-15
4554.4897 2.9079e-15
4555.8560 2.7956e-15
4557.2227 3.0401e-15
4558.5898 2.7829e-15
4559.9570 2.8384e-15
4561.3252 2.7372e-15
4562.6938 2.8536e-15
4564.0625 2.9669e-15
4565.4321 3.0144e-15
4566.8013 2.8151e-15
4568.1714 3.0383e-15
4569.5420 2.9180e-15
4570.9131 2.9577e-15
4572.2842 2.9563e-15
4573.6558 3.3425e-15
4575.0278 2.9171e-15
4576.4004 2.8006e-15
4577.7729 2.8361e-15
4579.1465 3.0763e-15
4580.5205 2.7247e-15
4581.8945 2.7533e-15
4583.2690 2.9213e-15
4584.6440 2.6435e-15
4586.0195 2.6972e-15
4587.3950 2.5033e-15
4588.7715 2.7659e-15
4590.1479 3.0309e-15
4591.5254 3.2281e-15
4592.9028 2.6445e-15
4594.2808 2.7915e-15
4595.6587 2.7053e-15
4597.0371 2.7253e-15
4598.4165 2.6192e-15
4599.7959 2.6103e-15
4601.1763 2.4639e-15
4602.5566 2.8694e-15
4603.9370 2.5918e-15
4605.3184 2.5763e-15
4606.6997 2.7468e-15
4608.0815 2.6098e-15
4609.4644 2.5804e-15
4610.8472 2.2875e-15
4612.2305 2.4021e-15
4613.6143 2.5628e-15
4614.9985 2.4851e-15
4616.3828 2.5538e-15
4617.7676 2.5111e-15
4619.1528 2.6528e-15
4620.5386 2.4193e-15
4621.9248 2.2923e-15
4623.3115 2.7643e-15
4624.6982 2.4947e-15
4626.0854 2.1489e-15
4627.4736 2.3769e-15
4628.8623 2.3643e-15
4630.2505 2.5750e-15
4631.6392 2.5106e-15
4633.0293 2.2393e-15
4634.4194 2.3446e-15
4635.8091 2.4511e-15
4637.2002 2.1064e-15
4638.5913 2.1430e-15
4639.9829 1.9961e-15
4641.3750 2.2441e-15
4642.7671 2.1536e-15
4644.1597 2.4432e-15
4645.5532 2.3397e-15
4646.9468 2.2058e-15
4648.3408 2.0668e-15
4649.7354 2.3167e-15
4651.1304 2.2894e-15
4652.5254 2.4986e-15
4653.9214 2.4232e-15
4655.3179 2.0616e-15
4656.7148 2.3537e-15
4658.1113 2.2182e-15
4659.5088 2.1479e-15
4660.9067 2.3329e-15
4662.3047 2.2143e-15
4663.7036 2.0591e-15
4665.1025 2.1101e-15
4666.5024 2.3204e-15
4667.9019 2.2602e-15
4669.3022 2.3768e-15
4670.7036 2.3330e-15
4672.1045 2.3225e-15
4673.5063 2.3754e-15
4674.9087 2.3012e-15
4676.3105 2.2738e-15
4677.7139 2.4140e-15
4679.1172 2.0323e-15
4680.5205 1.9035e-15
4681.9248 2.3416e-15
4683.3296 2.0682e-15
4684.7344 2.1481e-15
4686.1401 2.1478e-15
4687.5459 2.1571e-15
4688.9521 2.0103e-15
4690.3584 2.1229e-15
4691.7661 2.1434e-15
4693.1733 1.9909e-15
4694.5815 2.0397e-15
4695.9897 2.3547e-15
4697.3984 1.6892e-15
4698.8076 2.1271e-15
4700.2173 2.0374e-15
4701.6274 2.1470e-15
4703.0376 2.2762e-15
4704.4487 2.0508e-15
4705.8599 1.9123e-15
4707.2715 2.0329e-15
4708.6841 2.0061e-15
4710.0962 1.8109e-15
4711.5098 2.2928e-15
4712.9233 1.9247e-15
4714.3369 2.3475e-15
4715.7510 1.9196e-15
4717.1660 1.7953e-15
4718.5811 1.8434e-15
4719.9966 2.3588e-15
4721.4126 2.1646e-15
4722.8291 1.8534e-15
4724.2461 2.0136e-15
4725.6636 2.0690e-15
4727.0811 2.0092e-15
4728.4990 2.1600e-15
4729.9180 1.9875e-15
4731.3369 1.8345e-15
4732.7559 2.0070e-15
4734.1758 1.9986e-15
4735.5962 1.9225e-15
4737.0166 1.8178e-15
4738.4380 1.9974e-15
4739.8594 2.0350e-15
4741.2812 1.9719e-15
4742.7036 1.8194e-15
4744.1270 1.8414e-15
4745.5498 1.8923e-15
4746.9736 1.8976e-15
4748.3975 2.0098e-15
4749.8223 1.8675e-15
4751.2471 1.9889e-15
4752.6724 1.9771e-15
4754.0986 2.1242e-15
4755.5249 1.8824e-15
4756.9512 1.9781e-15
4758.3784 2.0785e-15
4759.8057 1.9263e-15
4761.2339 1.7412e-15
4762.6621 1.7773e-15
4764.0908 1.9316e-15
4765.5200 1.8338e-15
4766.9497 1.7611e-15
4768.3794 1.9703e-15
4769.8101 1.8363e-15
4771.2417 1.8213e-15
4772.6729 1.9391e-15
4774.1040 2.1418e-15
4775.5366 2.1346e-15
4776.9697 2.2101e-15
4778.4023 1.8290e-15
4779.8359 2.0459e-15
4781.2700 2.0126e-15
4782.7041 1.9877e-15
4784.1392 2.1077e-15
4785.5742 2.0456e-15
4787.0098 1.9261e-15
4788.4458 2.0294e-15
4789.8823 1.9946e-15
4791.3193 2.0576e-15
4792.7573 2.1673e-15
4794.1948 2.1359e-15
4795.6333 2.0724e-15
4797.0713 1.9713e-15
4798.5107 2.0575e-15
4799.9502 1.9569e-15
4801.3906 2.0816e-15
4802.8306 2.1289e-15
4804.2720 2.0055e-15
4805.7124 1.8928e-15
4807.1548 1.8996e-15
4808.5967 2.1130e-15
4810.0391 1.8284e-15
4811.4829 1.9713e-15
4812.9253 1.9993e-15
4814.3696 1.9957e-15
4815.8145 1.8811e-15
4817.2588 2.1979e-15
4818.7041 1.7665e-15
4820.1489 1.9257e-15
4821.5957 1.6340e-15
4823.0425 1.8720e-15
4824.4893 1.7528e-15
4825.9365 1.7298e-15
4827.3843 1.5827e-15
4828.8325 1.6938e-15
4830.2808 1.7688e-15
4831.7300 1.5512e-15
4833.1792 1.4695e-15
4834.6294 1.4747e-15
4836.0796 1.5314e-15
4837.5308 1.5599e-15
4838.9819 1.4299e-15
4840.4336 1.4047e-15
4841.8862 1.5331e-15
4843.3384 1.4156e-15
4844.7915 1.5411e-15
4846.2446 1.4478e-15
4847.6987 1.3482e-15
4849.1528 1.6894e-15
4850.6079 1.5910e-15
4852.0635 1.4520e-15
4853.5186 1.4117e-15
4854.9746 1.2935e-15
4856.4312 1.4651e-15
4857.8882 1.5304e-15
4859.3457 1.5387e-15
4860.8027 1.4248e-15
4862.2617 1.3658e-15
4863.7202 1.3867e-15
4865.1792 1.6309e-15
4866.6387 1.5685e-15
4868.0986 1.3949e-15
4869.5591 1.5970e-15
4871.0205 1.5552e-15
4872.4814 1.2360e-15
4873.9434 1.5301e-15
4875.4053 1.4733e-15
4876.8682 1.4471e-15
4878.3311 1.3957e-15
4879.7944 1.5095e-15
4881.2588 1.2608e-15
4882.7231 1.5698e-15
4884.1870 1.5559e-15
4885.6533 1.3712e-15
4887.1187 1.7140e-15
4888.5845 1.5419e-15
4890.0513 1.5885e-15
4891.5181 1.3603e-15
4892.9858 1.3102e-15
4894.4536 1.7058e-15
4895.9219 1.6482e-15
4897.3906 1.4738e-15
4898.8599 1.4363e-15
4900.3296 1.7407e-15
4901.7998 1.5729e-15
4903.2700 1.5111e-15
4904.7412 1.5145e-15
4906.2124 1.7444e-15
4907.6846 1.6024e-15
4909.1567 1.8223e-15
4910.6294 1.8075e-15
4912.1030 1.7049e-15
4913.5762 1.6029e-15
4915.0503 1.7224e-15
4916.5254 1.5059e-15
4918.0000 1.7583e-15
4919.4756 1.6387e-15
4920.9512 1.6717e-15
4922.4272 1.7810e-15
4923.9043 1.8865e-15
4925.3818 1.7722e-15
4926.8589 1.6456e-15
4928.3369 1.7460e-15
4929.8159 1.8597e-15
4931.2944 1.9644e-15
4932.7734 1.6425e-15
4934.2539 1.7453e-15
4935.7344 1.7915e-15
4937.2148 1.8561e-15
4938.6963 1.8594e-15
4940.1772 1.6284e-15
4941.6592 1.6967e-15
4943.1426 1.7125e-15
4944.6250 1.7679e-15
4946.1084 1.6115e-15
4947.5923 1.5852e-15
4949.0762 1.7776e-15
4950.5610 1.9169e-15
4952.0464 1.4352e-15
4953.5322 1.9283e-15
4955.0181 1.9146e-15
4956.5044 1.9798e-15
4957.9917 1.7741e-15
4959.4790 1.6773e-15
4960.9668 1.8233e-15
4962.4551 1.6411e-15
4963.9438 1.8032e-15
4965.4331 1.7406e-15
4966.9229 1.8403e-15
4968.4126 1.5232e-15
4969.9033 1.8989e-15
4971.3940 1.6551e-15
4972.8857 1.9320e-15
4974.3774 1.9617e-15
4975.8696 1.6203e-15
4977.3628 1.7876e-15
4978.8560 1.8041e-15
4980.3496 1.9641e-15
4981.8438 1.4820e-15
4983.3379 1.8121e-15
4984.8335 1.7480e-15
4986.3286 1.8961e-15
4987.8242 1.9799e-15
4989.3208 1.3859e-15
4990.8179 1.6840e-15
4992.3149 1.9028e-15
4993.8125 1.9149e-15
4995.3110 1.9056e-15
4996.8096 1.9065e-15
4998.3081 1.6943e-15
4999.8076 1.7673e-15
5001.3081 2.0135e-15
5002.8081 1.7796e-15
5004.3091 1.8361e-15
5005.8101 1.9140e-15
5007.3125 1.6940e-15
5008.8140 1.7307e-15
5010.3169 1.7849e-15
5011.8198 1.7562e-15
5013.3237 1.7598e-15
5014.8276 1.6177e-15
5016.3315 1.7731e-15
5017.8369 1.7615e-15
5019.3423 1.8048e-15
5020.8477 1.9108e-15
5022.3540 1.8787e-15
5023.8604 1.9126e-15
5025.3682 1.7651e-15
5026.8755 1.7473e-15
5028.3843 1.9733e-15
5029.8921 1.6486e-15
5031.4014 1.7435e-15
5032.9106 1.7018e-15
5034.4204 1.8305e-15
5035.9312 1.6933e-15
5037.4414 1.8819e-15
5038.9531 2.0238e-15
5040.4644 1.7210e-15
5041.9771 1.9418e-15
5043.4893 2.1163e-15
5045.0024 1.9205e-15
5046.5161 1.8230e-15
5048.0298 1.9057e-15
5049.5439 1.8641e-15
5051.0591 1.9435e-15
5052.5747 1.9194e-15
5054.0898 2.0006e-15
5055.6064 2.0073e-15
5057.1230 1.9675e-15
5058.6396 2.0309e-15
5060.1577 2.2402e-15
5061.6763 1.9783e-15
5063.1943 1.8965e-15
5064.7134 1.8166e-15
5066.2329 2.1304e-15
5067.7524 2.1402e-15
5069.2729 2.3521e-15
5070.7935 1.9994e-15
5072.3149 2.1397e-15
5073.8369 2.1847e-15
5075.3584 2.1558e-15
5076.8813 2.0528e-15
5078.4048 1.8834e-15
5079.9282 2.0760e-15
5081.4517 2.1635e-15
5082.9766 2.0269e-15
5084.5010 2.2837e-15
5086.0269 2.2710e-15
5087.5527 2.3650e-15
5089.0786 2.0979e-15
5090.6055 2.4135e-15
5092.1323 2.0795e-15
5093.6602 2.2454e-15
5095.1885 2.2364e-15
5096.7168 2.1341e-15
5098.2461 2.1930e-15
5099.7754 2.1241e-15
5101.3057 2.0585e-15
5102.8359 2.2461e-15
5104.3667 2.1978e-15
5105.8975 2.1329e-15
5107.4297 2.3046e-15
5108.9614 2.1496e-15
5110.4946 2.2912e-15
5112.0273 2.4347e-15
5113.5610 2.1521e-15
5115.0952 2.2835e-15
5116.6304 2.3665e-15
5118.1650 2.4407e-15
5119.7002 2.1028e-15
5121.2363 2.2921e-15
5122.7725 2.0572e-15
5124.3091 2.2663e-15
5125.8467 2.2985e-15
5127.3843 2.1564e-15
5128.9224 2.0039e-15
5130.4619 2.1490e-15
5132.0005 2.2375e-15
5133.5405 2.2794e-15
5135.0801 2.1237e-15
5136.6211 2.0350e-15
5138.1621 2.2480e-15
5139.7031 2.1080e-15
5141.2451 1.9723e-15
5142.7871 2.2200e-15
5144.3301 2.0953e-15
5145.8730 2.2694e-15
5147.4170 2.3745e-15
5148.9614 2.4200e-15
5150.5063 2.2292e-15
5152.0518 2.1569e-15
5153.5972 2.3474e-15
5155.1426 2.3051e-15
5156.6895 2.0801e-15
5158.2368 2.3240e-15
5159.7847 2.3590e-15
5161.3320 2.3803e-15
5162.8804 2.1472e-15
5164.4292 2.2205e-15
5165.9780 2.1883e-15
5167.5283 2.3291e-15
5169.0786 2.1228e-15
5170.6294 2.0103e-15
5172.1812 2.1934e-15
5173.7324 2.0684e-15
5175.2842 2.2707e-15
5176.8369 2.4388e-15
5178.3901 2.2879e-15
5179.9434 2.1365e-15
5181.4976 2.0424e-15
5183.0522 2.0909e-15
5184.6069 2.2812e-15
5186.1626 2.2577e-15
5187.7178 2.1601e-15
5189.2749 2.1535e-15
5190.8306 2.1753e-15
5192.3882 2.3411e-15
5193.9463 2.2558e-15
5195.5044 2.0499e-15
5197.0630 2.3344e-15
5198.6221 2.2651e-15
5200.1816 2.1181e-15
5201.7412 2.1285e-15
5203.3022 2.3529e-15
5204.8633 2.5831e-15
5206.4248 2.0817e-15
5207.9868 2.1100e-15
5209.5493 2.1511e-15
5211.1118 1.9980e-15
5212.6758 2.1493e-15
5214.2393 2.0035e-15
5215.8032 2.2908e-15
5217.3682 2.1876e-15
5218.9336 1.9809e-15
5220.4990 1.7983e-15
5222.0649 1.9349e-15
5223.6318 2.0058e-15
5225.1987 2.0388e-15
5226.7666 2.0940e-15
5228.3345 1.9169e-15
5229.9033 1.8676e-15
5231.4722 1.9612e-15
5233.0415 1.7590e-15
5234.6113 1.6926e-15
5236.1816 1.8904e-15
5237.7529 1.7190e-15
5239.3237 2.1560e-15
5240.8955 2.1513e-15
5242.4678 2.0364e-15
5244.0405 1.6651e-15
5245.6143 1.8200e-15
5247.1875 2.0181e-15
5248.7617 1.5200e-15
5250.3369 1.5537e-15
5251.9116 1.9255e-15
5253.4868 1.7721e-15
5255.0630 1.6131e-15
5256.6396 1.9540e-15
5258.2163 1.7765e-15
5259.7939 1.7051e-15
5261.3716 1.6307e-15
5262.9507 1.6365e-15
5264.5288 1.4756e-15
5266.1084 1.4473e-15
5267.6880 1.6494e-15
5269.2690 1.6460e-15
5270.8491 1.7117e-15
5272.4307 1.6109e-15
5274.0127 1.5527e-15
5275.5952 1.6307e-15
5277.1772 1.5045e-15
5278.7607 1.8087e-15
5280.3442 1.5257e-15
5281.9282 1.7509e-15
5283.5127 1.7003e-15
5285.0981 1.8889e-15
5286.6836 1.6208e-15
5288.2695 1.3663e-15
5289.8555 1.6029e-15
5291.4429 1.5506e-15
5293.0303 1.6382e-15
5294.6182 1.7848e-15
5296.2065 1.8010e-15
5297.7954 1.6701e-15
5299.3848 1.7525e-15
5300.9751 1.8299e-15
5302.5649 1.5765e-15
5304.1562 1.7593e-15
5305.7471 1.8027e-15
5307.3389 1.8074e-15
5308.9307 1.7186e-15
5310.5234 1.7009e-15
5312.1172 1.5496e-15
5313.7104 1.6967e-15
5315.3042 1.7753e-15
5316.8994 1.8821e-15
5318.4937 1.5171e-15
5320.0898 1.6321e-15
5321.6860 1.7809e-15
5323.2822 1.7833e-15
5324.8789 1.7218e-15
5326.4766 1.8207e-15
5328.0747 2.0843e-15
5329.6729 1.5285e-15
5331.2720 1.4936e-15
5332.8711 1.8037e-15
5334.4712 1.8112e-15
5336.0713 1.7453e-15
5337.6719 1.5879e-15
5339.2734 1.8975e-15
5340.8750 1.4405e-15
5342.4775 1.5133e-15
5344.0806 1.7935e-15
5345.6836 1.8497e-15
5347.2871 1.6870e-15
5348.8911 1.7279e-15
5350.4966 1.6370e-15
5352.1011 1.9472e-15
5353.7070 1.5957e-15
5355.3130 1.8315e-15
5356.9199 1.7053e-15
5358.5269 1.7696e-15
5360.1343 1.6618e-15
5361.7422 1.6391e-15
5363.3511 1.8225e-15
5364.9600 1.8570e-15
5366.5693 1.7376e-15
5368.1792 1.7483e-15
5369.7896 1.8962e-15
5371.4009 1.6485e-15
5373.0122 1.7765e-15
5374.6240 1.6358e-15
5376.2363 1.6708e-15
5377.8491 1.7405e-15
5379.4629 1.7070e-15
5381.0767 1.5509e-15
5382.6909 1.7617e-15
5384.3057 1.7299e-15
5385.9209 1.7021e-15
5387.5366 1.6674e-15
5389.1528 1.5512e-15
5390.7695 1.5833e-15
5392.3872 1.7644e-15
5394.0044 1.7406e-15
5395.6226 1.6432e-15
5397.2417 1.4923e-15
5398.8604 1.7855e-15
5400.4805 1.5632e-15
5402.1006 1.7202e-15
5403.7207 1.6519e-15
5405.3423 1.6485e-15
5406.9639 1.6805e-15
5408.5859 1.6195e-15
5410.2080 1.6582e-15
5411.8315 1.4721e-15
5413.4551 1.5397e-15
5415.0791 1.5169e-15
5416.7036 1.5889e-15
5418.3281 1.3579e-15
5419.9541 1.3682e-15
5421.5806 1.5760e-15
5423.2065 1.6484e-15
5424.8335 1.6221e-15
5426.4609 1.5154e-15
5428.0889 1.5668e-15
5429.7173 1.5863e-15
5431.3467 1.6082e-15
5432.9756 1.3496e-15
5434.6055 1.7418e-15
5436.2363 1.2982e-15
5437.8672 1.5229e-15
5439.4980 1.3953e-15
5441.1299 1.5267e-15
5442.7627 1.3936e-15
5444.3950 1.6046e-15
5446.0288 1.3640e-15
5447.6626 1.5364e-15
5449.2964 1.4888e-15
5450.9316 1.5298e-15
5452.5669 1.3635e-15
5454.2026 1.2942e-15
5455.8389 1.3676e-15
5457.4751 1.2346e-15
5459.1128 1.3181e-15
5460.7505 1.3367e-15
5462.3887 1.2429e-15
5464.0278 1.4604e-15
5465.6670 1.4303e-15
5467.3062 1.4131e-15
5468.9463 1.4072e-15
5470.5874 1.3244e-15
5472.2285 1.5809e-15
5473.8701 1.4780e-15
5475.5122 1.4657e-15
5477.1548 1.3498e-15
5478.7983 1.4669e-15
5480.4419 1.5508e-15
5482.0859 1.4855e-15
5483.7305 1.4021e-15
5485.3755 1.6990e-15
5487.0215 1.7014e-15
5488.6670 1.5659e-15
5490.3135 1.5569e-15
5491.9609 1.6594e-15
5493.6089 1.5973e-15
5495.2568 1.7950e-15
5496.9053 1.5394e-15
5498.5542 1.5867e-15
5500.2041 1.6487e-15
5501.8540 1.4844e-15
5503.5044 1.5368e-15
5505.1553 1.6125e-15
5506.8076 1.6909e-15
5508.4595 1.7472e-15
5510.1118 1.6378e-15
5511.7646 1.5555e-15
5513.4185 1.5995e-15
5515.0723 1.5570e-15
5516.7266 1.6449e-15
5518.3818 1.6337e-15
5520.0371 1.4889e-15
5521.6934 1.5177e-15
5523.3501 1.7109e-15
5525.0068 1.6929e-15
5526.6646 1.4457e-15
5528.3223 1.5408e-15
5529.9810 1.5559e-15
5531.6401 1.8660e-15
5533.2993 1.6492e-15
5534.9590 1.6745e-15
5536.6201 1.8403e-15
5538.2803 1.6401e-15
5539.9419 1.6415e-15
5541.6040 1.7187e-15
5543.2666 1.7450e-15
5544.9292 1.6782e-15
5546.5933 1.5748e-15
5548.2568 1.6728e-15
5549.9214 1.6444e-15
5551.5864 1.5166e-15
5553.2520 1.5769e-15
5554.9180 1.4765e-15
5556.5845 1.5591e-15
5558.2515 1.6155e-15
5559.9189 1.6797e-15
5561.5874 1.7598e-15
5563.2559 1.5903e-15
5564.9248 1.8064e-15
5566.5938 1.5024e-15
5568.2642 1.6962e-15
5569.9341 1.5650e-15
5571.6055 1.5943e-15
5573.2769 1.8344e-15
5574.9492 1.7683e-15
5576.6211 1.8403e-15
5578.2944 1.6612e-15
5579.9678 1.6726e-15
5581.6416 1.7447e-15
5583.3164 1.5435e-15
5584.9917 1.6048e-15
5586.6665 1.5872e-15
5588.3428 1.4397e-15
5590.0195 1.7380e-15
5591.6963 1.7673e-15
5593.3735 1.7567e-15
5595.0518 1.8457e-15
5596.7305 1.5581e-15
5598.4092 1.8229e-15
5600.0894 1.6997e-15
5601.7690 1.6500e-15
5603.4492 1.5423e-15
5605.1304 1.6679e-15
5606.8120 1.7121e-15
5608.4941 1.6042e-15
5610.1768 1.7186e-15
5611.8599 1.5620e-15
5613.5430 1.7521e-15
5615.2271 1.7399e-15
5616.9121 1.5828e-15
5618.5967 1.6553e-15
5620.2822 1.6103e-15
5621.9688 1.6728e-15
5623.6553 1.8493e-15
5625.3423 1.6862e-15
5627.0293 1.8845e-15
5628.7178 1.5204e-15
5630.4067 1.7827e-15
5632.0962 1.6678e-15
5633.7852 1.6697e-15
5635.4761 1.8212e-15
5637.1660 1.6674e-15
5638.8574 1.7089e-15
5640.5493 1.4722e-15
5642.2407 1.7025e-15
5643.9336 1.6686e-15
5645.6270 1.7484e-15
5647.3203 1.7351e-15
5649.0146 1.6179e-15
5650.7095 1.7838e-15
5652.4043 1.6137e-15
5654.1006 1.6407e-15
5655.7969 1.7250e-15
5657.4937 1.6278e-15
5659.1904 1.5782e-15
5660.8882 1.7135e-15
5662.5869 1.7948e-15
5664.2852 1.8113e-15
5665.9849 1.5660e-15
5667.6846 1.5811e-15
5669.3848 1.6454e-15
5671.0854 1.5048e-15
5672.7866 1.3509e-15
5674.4888 1.6205e-15
5676.1909 1.4776e-15
5677.8936 1.3927e-15
5679.5977 1.7400e-15
5681.3013 1.4075e-15
5683.0054 1.4662e-15
5684.7109 1.6180e-15
5686.4160 1.4243e-15
5688.1221 1.4431e-15
5689.8286 1.4386e-15
5691.5356 1.4479e-15
5693.2432 1.4070e-15
5694.9507 1.3499e-15
5696.6592 1.2012e-15
5698.3682 1.2610e-15
5700.0776 1.6272e-15
5701.7876 1.4268e-15
5703.4980 1.4489e-15
5705.2090 1.3397e-15
5706.9214 1.5224e-15
5708.6328 1.2362e-15
5710.3457 1.2298e-15
5712.0586 1.3511e-15
5713.7720 1.2294e-15
5715.4863 1.4949e-15
5717.2007 1.2861e-15
5718.9165 1.4703e-15
5720.6318 1.2974e-15
5722.3481 1.2164e-15
5724.0645 1.2277e-15
5725.7817 1.1068e-15
5727.4995 1.3627e-15
5729.2183 1.1113e-15
5730.9365 1.1942e-15
5732.6558 1.3475e-15
5734.3755 1.2329e-15
5736.0962 1.2299e-15
5737.8169 1.3009e-15
5739.5381 1.2947e-15
5741.2603 1.2790e-15
5742.9829 1.1979e-15
5744.7056 1.1732e-15
5746.4287 1.1343e-15
5748.1528 1.2417e-15
5749.8774 1.2376e-15
5751.6025 1.2021e-15
5753.3276 1.2132e-15
5755.0532 1.1180e-15
5756.7803 1.2733e-15
5758.5073 1.2476e-15
5760.2349 1.2111e-15
5761.9629 1.2357e-15
5763.6914 1.2875e-15
5765.4204 1.2823e-15
5767.1504 1.1591e-15
5768.8799 1.2747e-15
5770.6108 1.2101e-15
5772.3418 1.2941e-15
5774.0737 1.2405e-15
5775.8057 1.2652e-15
5777.5391 1.1675e-15
5779.2720 1.0904e-15
5781.0059 1.1836e-15
5782.7402 1.2554e-15
5784.4751 1.2333e-15
5786.2104 1.1951e-15
5787.9463 1.2751e-15
5789.6826 1.1716e-15
5791.4194 1.2340e-15
5793.1567 1.2896e-15
5794.8950 1.1516e-15
5796.6333 1.2033e-15
5798.3721 1.2897e-15
5800.1113 1.5048e-15
5801.8521 1.2457e-15
5803.5928 1.3489e-15
5805.3335 1.3909e-15
5807.0747 1.2388e-15
5808.8174 1.4565e-15
5810.5601 1.3270e-15
5812.3032 1.4548e-15
5814.0464 1.3487e-15
5815.7910 1.3881e-15
5817.5356 1.2975e-15
5819.2808 1.3360e-15
5821.0269 1.2860e-15
5822.7734 1.2233e-15
5824.5200 1.4446e-15
5826.2666 1.3092e-15
5828.0151 1.2189e-15
5829.7632 1.4427e-15
5831.5122 1.3709e-15
5833.2612 1.3755e-15
5835.0117 1.2752e-15
5836.7622 1.2067e-15
5838.5132 1.4417e-15
5840.2651 1.3348e-15
5842.0171 1.4319e-15
5843.7695 1.4299e-15
5845.5229 1.3048e-15
5847.2764 1.3430e-15
5849.0303 1.3715e-15
5850.7852 1.3694e-15
5852.5405 1.3924e-15
5854.2964 1.1963e-15
5856.0527 1.3529e-15
5857.8091 1.2947e-15
5859.5669 1.3242e-15
5861.3252 1.5233e-15
5863.0830 1.3499e-15
5864.8418 1.4309e-15
5866.6011 1.4182e-15
5868.3618 1.3974e-15
5870.1221 1.4304e-15
5871.8823 1.4522e-15
5873.6445 1.4847e-15
5875.4067 1.3781e-15
5877.1689 1.4601e-15
5878.9321 1.3627e-15
5880.6963 1.5407e-15
5882.4600 1.4925e-15
5884.2251 1.4426e-15
5885.9907 1.5016e-15
5887.7559 1.2929e-15
5889.5220 1.2582e-15
5891.2896 1.3792e-15
5893.0566 1.2983e-15
5894.8247 1.3112e-15
5896.5928 1.3425e-15
5898.3618 1.1436e-15
5900.1313 1.3985e-15
5901.9014 1.5466e-15
5903.6724 1.3934e-15
5905.4434 1.4001e-15
5907.2148 1.4684e-15
5908.9873 1.1899e-15
5910.7603 1.4284e-15
5912.5332 1.3926e-15
5914.3066 1.3609e-15
5916.0811 1.3981e-15
5917.8560 1.3215e-15
5919.6309 1.4920e-15
5921.4067 1.2991e-15
5923.1836 1.3627e-15
5924.9600 1.3771e-15
5926.7383 1.4191e-15
5928.5156 1.4152e-15
5930.2944 1.4546e-15
5932.0732 1.1570e-15
5933.8530 1.4741e-15
5935.6338 1.3911e-15
5937.4141 1.4945e-15
5939.1953 1.2426e-15
5940.9771 1.3723e-15
5942.7593 1.4319e-15
5944.5420 1.2368e-15
5946.3257 1.3490e-15
5948.1094 1.2450e-15
5949.8940 1.3437e-15
5951.6787 1.3457e-15
5953.4644 1.2763e-15
5955.2500 1.4608e-15
5957.0366 1.2603e-15
5958.8242 1.4488e-15
5960.6118 1.4103e-15
5962.3999 1.2894e-15
5964.1885 1.3868e-15
5965.9775 1.5513e-15
5967.7676 1.2447e-15
5969.5576 1.4720e-15
5971.3486 1.3013e-15
5973.1401 1.3910e-15
5974.9321 1.4057e-15
5976.7246 1.2241e-15
5978.5176 1.2097e-15
5980.3105 1.2778e-15
5982.1055 1.2556e-15
5983.8999 1.3314e-15
5985.6948 1.1941e-15
5987.4907 1.2670e-15
5989.2871 1.4661e-15
5991.0840 1.3020e-15
5992.8813 1.2643e-15
5994.6792 1.3196e-15
5996.4775 1.4135e-15
5998.2764 1.2885e-15
6000.0757 1.3750e-15
6001.8760 1.3585e-15
6003.6768 1.2275e-15
6005.4775 1.1766e-15
6007.2798 1.1975e-15
6009.0815 1.1575e-15
6010.8838 1.3425e-15
6012.6870 1.1866e-15
6014.4912 1.2246e-15
6016.2954 1.1812e-15
6018.1001 1.1886e-15
6019.9058 1.2451e-15
6021.7114 1.3021e-15
6023.5181 1.1430e-15
6025.3257 1.2650e-15
6027.1333 1.2377e-15
6028.9414 1.1771e-15
6030.7495 1.1045e-15
6032.5591 1.1992e-15
6034.3687 1.1792e-15
6036.1787 1.2579e-15
6037.9902 1.2028e-15
6039.8013 1.0127e-15
6041.6138 1.0933e-15
6043.4258 1.1325e-15
6045.2393 1.0815e-15
6047.0522 1.1922e-15
6048.8667 1.0633e-15
6050.6812 1.1684e-15
6052.4961 1.1919e-15
6054.3120 1.0210e-15
6056.1284 9.6758e-16
6057.9453 9.6151e-16
6059.7627 1.0810e-15
6061.5811 1.1109e-15
6063.3989 1.0709e-15
6065.2178 9.6380e-16
6067.0376 9.2055e-16
6068.8579 9.4846e-16
6070.6782 9.5974e-16
6072.4995 1.0901e-15
6074.3213 1.0674e-15
6076.1436 9.6536e-16
6077.9668 9.6419e-16
6079.7896 1.0034e-15
6081.6138 9.2512e-16
6083.4385 1.0543e-15
6085.2632 8.8614e-16
6087.0889 9.0403e-16
6088.9150 8.2489e-16
6090.7417 1.0415e-15
6092.5693 8.7388e-16
6094.3965 7.8966e-16
6096.2251 8.1150e-16
6098.0542 6.7787e-16
6099.8833 7.7082e-16
6101.7134 9.0807e-16
6103.5435 9.4488e-16
6105.3750 7.7706e-16
6107.2065 8.1542e-16
6109.0386 7.1669e-16
6110.8711 8.2336e-16
6112.7046 7.3857e-16
6114.5386 7.0509e-16
6116.3730 7.5420e-16
6118.2080 7.5217e-16
6120.0425 8.6943e-16
6121.8794 7.8136e-16
6123.7158 8.5200e-16
6125.5527 7.7611e-16
6127.3901 8.7137e-16
6129.2285 7.4722e-16
6131.0674 7.6593e-16
6132.9067 7.7676e-16
6134.7466 7.6769e-16
6136.5869 7.1573e-16
6138.4282 7.9757e-16
6140.2700 8.6668e-16
6142.1118 8.6233e-16
6143.9546 7.0884e-16
6145.7979 7.1030e-16
6147.6406 7.7868e-16
6149.4854 8.2277e-16
6151.3301 8.4199e-16
6153.1763 8.2785e-16
6155.0220 6.8357e-16
6156.8682 7.4911e-16
6158.7153 6.7888e-16
6160.5630 7.2985e-16
6162.4111 9.0439e-16
6164.2593 8.5504e-16
6166.1094 7.6450e-16
6167.9590 8.1182e-16
6169.8091 7.7071e-16
6171.6602 8.9269e-16
6173.5117 8.2879e-16
6175.3638 8.9581e-16
6177.2163 9.9365e-16
6179.0693 1.0252e-15
6180.9233 9.2503e-16
6182.7773 8.5609e-16
6184.6328 9.1135e-16
6186.4878 9.7418e-16
6188.3442 1.0079e-15
6190.2007 9.2466e-16
6192.0571 8.7816e-16
6193.9150 9.6955e-16
6195.7729 1.0427e-15
6197.6318 9.2288e-16
6199.4912 9.2543e-16
6201.3511 1.0725e-15
6203.2114 1.0199e-15
6205.0723 7.9769e-16
6206.9336 9.9988e-16
6208.7959 8.6185e-16
6210.6587 1.0933e-15
6212.5220 9.9336e-16
6214.3857 9.8002e-16
6216.2495 1.0404e-15
6218.1147 8.9559e-16
6219.9805 9.2002e-16
6221.8457 1.0942e-15
6223.7124 9.4092e-16
6225.5801 1.1061e-15
6227.4473 8.9837e-16
6229.3154 9.6668e-16
6231.1846 9.8912e-16
6233.0537 1.0706e-15
6234.9238 1.1052e-15
6236.7944 9.9827e-16
6238.6650 1.0632e-15
6240.5371 9.3905e-16
6242.4092 1.1871e-15
6244.2817 1.0827e-15
6246.1548 9.6620e-16
6248.0283 1.0543e-15
6249.9033 9.5711e-16
6251.7778 9.4523e-16
6253.6538 8.7337e-16
6255.5303 1.1134e-15
6257.4067 9.4298e-16
6259.2842 1.1295e-15
6261.1616 1.0724e-15
6263.0396 1.0178e-15
6264.9189 1.1096e-15
6266.7983 1.1779e-15
6268.6787 1.0083e-15
6270.5591 1.1555e-15
6272.4399 1.0679e-15
6274.3218 1.0814e-15
6276.2041 9.6837e-16
6278.0869 9.8321e-16
6279.9707 1.0087e-15
6281.8545 9.0529e-16
6283.7393 1.1066e-15
6285.6240 1.1453e-15
6287.5098 9.1986e-16
6289.3965 1.0758e-15
6291.2827 1.1547e-15
6293.1699 1.0870e-15
6295.0581 9.5397e-16
6296.9468 9.6615e-16
6298.8359 1.1919e-15
6300.7251 1.0648e-15
6302.6157 1.1245e-15
6304.5063 1.1279e-15
6306.3979 1.0254e-15
6308.2900 1.0583e-15
6310.1821 8.9892e-16
6312.0757 8.4306e-16
6313.9692 8.6483e-16
6315.8633 9.1825e-16
6317.7578 1.0261e-15
6319.6528 8.4783e-16
6321.5488 9.1297e-16
6323.4453 1.0562e-15
6325.3428 1.0298e-15
6327.2402 9.2926e-16
6329.1382 1.1242e-15
6331.0371 9.2280e-16
6332.9365 9.9278e-16
6334.8364 9.9286e-16
6336.7368 9.6452e-16
6338.6377 1.0105e-15
6340.5396 9.4915e-16
6342.4414 1.0431e-15
6344.3447 9.4698e-16
6346.2476 1.0099e-15
6348.1514 1.0133e-15
6350.0557 1.0987e-15
6351.9609 1.0646e-15
6353.8662 9.5354e-16
6355.7729 9.1866e-16
6357.6797 1.0460e-15
6359.5864 1.0761e-15
6361.4946 1.0504e-15
6363.4028 9.9104e-16
6365.3120 8.6564e-16
6367.2212 8.3565e-16
6369.1318 1.1390e-15
6371.0430 8.8769e-16
6372.9541 1.0352e-15
6374.8657 9.6311e-16
6376.7783 1.0454e-15
6378.6914 1.0141e-15
6380.6045 8.5305e-16
6382.5190 9.5129e-16
6384.4336 8.6271e-16
6386.3491 9.2004e-16
6388.2651 9.1645e-16
6390.1816 9.5983e-16
6392.0986 9.9877e-16
6394.0161 1.0403e-15
6395.9341 9.6823e-16
6397.8530 8.7506e-16
6399.7725 8.5179e-16
6401.6924 7.9292e-16
6403.6128 7.6500e-16
6405.5342 9.5007e-16
6407.4556 9.8701e-16
6409.3779 8.6803e-16
6411.3008 8.4959e-16
6413.2241 8.0325e-16
6415.1479 9.2617e-16
6417.0723 9.3892e-16
6418.9976 8.1416e-16
6420.9233 9.1177e-16
6422.8501 9.3338e-16
6424.7764 8.2563e-16
6426.7041 8.0814e-16
6428.6318 9.1593e-16
6430.5605 9.0743e-16
6432.4897 9.5608e-16
6434.4194 8.9244e-16
6436.3501 8.8119e-16
6438.2812 9.1208e-16
6440.2119 8.7496e-16
6442.1440 7.6472e-16
6444.0771 9.0386e-16
6446.0103 8.2107e-16
6447.9438 8.9796e-16
6449.8784 8.9972e-16
6451.8135 8.8730e-16
6453.7490 8.2416e-16
6455.6851 8.3875e-16
6457.6221 8.4686e-16
6459.5586 6.3412e-16
6461.4966 9.4273e-16
6463.4351 8.1294e-16
6465.3745 7.8526e-16
6467.3140 8.4146e-16
6469.2544 8.4436e-16
6471.1953 8.9612e-16
6473.1362 7.5210e-16
6475.0781 7.6234e-16
6477.0205 8.4466e-16
6478.9639 7.6158e-16
6480.9077 7.1817e-16
6482.8516 8.0006e-16
6484.7969 7.5406e-16
6486.7427 6.6932e-16
6488.6875 7.2785e-16
6490.6343 7.8497e-16
6492.5820 7.7175e-16
6494.5293 6.8184e-16
6496.4780 6.9085e-16
6498.4272 7.6045e-16
6500.3765 7.2096e-16
6502.3267 6.7345e-16
6504.2769 6.7788e-16
6506.2285 7.0918e-16
6508.1812 6.9566e-16
6510.1328 7.6182e-16
6512.0859 7.4154e-16
6514.0391 8.2890e-16
6515.9941 5.7792e-16
6517.9482 7.2180e-16
6519.9038 5.4225e-16
6521.8599 6.1058e-16
6523.8169 6.7551e-16
6525.7739 7.4500e-16
6527.7314 6.4902e-16
6529.6899 6.8608e-16
6531.6489 7.4187e-16
6533.6079 6.3299e-16
6535.5679 7.4384e-16
6537.5288 5.6259e-16
6539.4902 7.3144e-16
6541.4521 5.8116e-16
6543.4146 8.2232e-16
6545.3774 6.1551e-16
6547.3408 5.9343e-16
6549.3057 7.8322e-16
6551.2700 6.5007e-16
6553.2349 6.4402e-16
6555.2012 5.4331e-16
6557.1680 5.5422e-16
6559.1348 6.0973e-16
6561.1035 6.7850e-16
6563.0713 5.1914e-16
6565.0396 6.0732e-16
6567.0098 6.4799e-16
6568.9795 5.1363e-16
6570.9502 6.5898e-16
6572.9214 5.9087e-16
6574.8936 6.5779e-16
6576.8662 5.5254e-16
6578.8394 7.5330e-16
6580.8125 6.3058e-16
6582.7866 5.6889e-16
6584.7622 5.8260e-16
6586.7373 6.2238e-16
6588.7134 5.5054e-16
6590.6899 6.2300e-16
6592.6675 6.1551e-16
6594.6450 5.4188e-16
6596.6230 6.2197e-16
6598.6025 5.5489e-16
6600.5815 6.5644e-16
6602.5620 5.3999e-16
6604.5425 5.6999e-16
6606.5239 5.4200e-16
6608.5063 6.5496e-16
6610.4888 4.8241e-16
6612.4717 5.4927e-16
6614.4561 5.9450e-16
6616.4399 5.1017e-16
6618.4248 4.4035e-16
6620.4102 6.5049e-16
6622.3970 5.2468e-16
6624.3833 4.8334e-16
6626.3711 5.0546e-16
6628.3584 5.0238e-16
6630.3472 4.0799e-16
6632.3359 5.6444e-16
6634.3257 4.9556e-16
6636.3159 4.7974e-16
6638.3071 5.2680e-16
6640.2988 4.7561e-16
6642.2905 4.7323e-16
6644.2832 5.8123e-16
6646.2764 5.0260e-16
6648.2705 4.2219e-16
6650.2651 5.0422e-16
6652.2598 5.1218e-16
6654.2554 4.3763e-16
6656.2520 4.7890e-16
6658.2485 5.4690e-16
6660.2461 3.9546e-16
6662.2441 3.8908e-16
6664.2427 4.9089e-16
6666.2422 4.1753e-16
6668.2422 4.8320e-16
6670.2427 4.7866e-16
6672.2437 4.6551e-16
6674.2456 5.2747e-16
6676.2476 5.3351e-16
6678.2500 3.8607e-16
6680.2539 4.3624e-16
6682.2583 5.1722e-16
6684.2627 5.0143e-16
6686.2681 4.8476e-16
6688.2739 4.1088e-16
6690.2798 5.2500e-16
6692.2876 4.8709e-16
6694.2954 4.5302e-16
6696.3032 5.3878e-16
6698.3125 5.7251e-16
6700.3218 5.7045e-16
6702.3320 4.9753e-16
6704.3423 5.1447e-16
6706.3540 4.0875e-16
6708.3657 5.7246e-16
6710.3789 4.3518e-16
6712.3916 4.9208e-16
6714.4053 4.6655e-16
6716.4194 4.6849e-16
6718.4346 5.1601e-16
6720.4502 4.5136e-16
6722.4663 3.6857e-16
6724.4834 4.4741e-16
6726.5000 4.8427e-16
6728.5181 4.2975e-16
6730.5366 4.9951e-16
6732.5562 5.2008e-16
6734.5757 4.3460e-16
6736.5962 5.3004e-16
6738.6167 5.2518e-16
6740.6382 4.4240e-16
6742.6611 3.9457e-16
6744.6836 4.6427e-16
6746.7065 3.5952e-16
6748.7310 4.8991e-16
6750.7559 4.7603e-16
6752.7812 4.4142e-16
6754.8071 4.2051e-16
6756.8335 4.8599e-16
6758.8599 3.9731e-16
6760.8882 4.7044e-16
6762.9155 4.3298e-16
6764.9448 4.4658e-16
6766.9741 4.4931e-16
6769.0049 3.6450e-16
6771.0352 4.2189e-16
6773.0669 4.2508e-16
6775.0981 3.5887e-16
6777.1309 3.3107e-16
6779.1646 4.8569e-16
6781.1982 4.4377e-16
6783.2319 4.3943e-16
6785.2671 4.6287e-16
6787.3027 5.1667e-16
6789.3389 4.6674e-16
6791.3760 4.9886e-16
6793.4126 3.7419e-16
6795.4512 5.5364e-16
6797.4902 3.6167e-16
6799.5288 4.1738e-16
6801.5693 4.2573e-16
6803.6094 4.5545e-16
6805.6504 2.7739e-16
6807.6924 3.6833e-16
6809.7349 5.2292e-16
6811.7778 4.3116e-16
6813.8213 4.1791e-16
6815.8647 3.9225e-16
6817.9092 3.6889e-16
6819.9551 4.5538e-16
6822.0015 5.6647e-16
6824.0474 4.5298e-16
6826.0947 4.6254e-16
6828.1431 4.2932e-16
6830.1914 4.3088e-16
6832.2402 5.1227e-16
6834.2900 4.7694e-16
6836.3403 4.5633e-16
6838.3911 4.4897e-16
6840.4434 5.4741e-16
6842.4946 4.9337e-16
6844.5479 4.3489e-16
6846.6011 5.1710e-16
6848.6548 4.4828e-16
6850.7100 3.9199e-16
6852.7646 4.4212e-16
6854.8208 3.5544e-16
6856.8765 4.0968e-16
6858.9336 3.4763e-16
6860.9917 3.0328e-16
6863.0498 5.0431e-16
6865.1094 4.7155e-16
6867.1689 3.8750e-16
6869.2285 3.5750e-16
6871.2900 4.4449e-16
6873.3506 5.3821e-16
6875.4126 3.7341e-16
6877.4756 4.0762e-16
6879.5386 4.7026e-16
6881.6025 4.6046e-16
6883.6670 5.4457e-16
6885.7319 3.9911e-16
6887.7979 4.5528e-16
6889.8643 4.1175e-16
6891.9307 4.2598e-16
6893.9990 4.1882e-16
6896.0669 3.5244e-16
6898.1357 5.1013e-16
6900.2051 3.6589e-16
6902.2754 4.2903e-16
6904.3462 4.3810e-16
6906.4170 4.8307e-16
6908.4888 4.6563e-16
6910.5620 4.1758e-16
6912.6348 4.5280e-16
6914.7085 3.7933e-16
6916.7832 4.1172e-16
6918.8584 4.4227e-16
6920.9341 3.3598e-16
6923.0098 4.2230e-16
6925.0869 4.6134e-16
6927.1646 3.8093e-16
6929.2422 4.9787e-16
6931.3213 4.1604e-16
6933.4009 3.6211e-16
6935.4810 4.4530e-16
6937.5615 5.3692e-16
6939.6431 4.3000e-16
6941.7246 4.6221e-16
6943.8071 4.5930e-16
6945.8901 3.8404e-16
6947.9741 4.7568e-16
6950.0586 3.6884e-16
6952.1436 4.9269e-16
6954.2290 4.6668e-16
6956.3149 4.7253e-16
6958.4023 4.6495e-16
6960.4897 4.8562e-16
6962.5781 4.4547e-16
6964.6665 4.3447e-16
6966.7563 4.6468e-16
6968.8462 4.3511e-16
6970.9370 4.4048e-16
6973.0283 3.3593e-16
6975.1201 4.7596e-16
6977.2124 3.4638e-16
6979.3057 3.0204e-16
6981.3994 4.0512e-16
6983.4941 4.3428e-16
6985.5889 4.3256e-16
6987.6846 4.0286e-16
6989.7808 3.3667e-16
6991.8779 3.5496e-16
6993.9756 3.9850e-16
6996.0737 5.0325e-16
6998.1724 4.9152e-16
7000.2715 3.5123e-16
7002.3721 3.9750e-16
7004.4727 4.1262e-16
7006.5737 3.5793e-16
7008.6763 3.1753e-16
7010.7783 3.4809e-16
7012.8818 3.9784e-16
7014.9858 4.3343e-16
7017.0898 4.8288e-16
7019.1953 4.3078e-16
7021.3008 3.5789e-16
7023.4072 3.7610e-16
7025.5146 4.3758e-16
7027.6226 4.5607e-16
7029.7305 4.4861e-16
7031.8394 4.0487e-16
7033.9492 3.7455e-16
7036.0591 3.9002e-16
7038.1694 4.0775e-16
7040.2812 4.1990e-16
7042.3931 2.7305e-16
7044.5059 3.8158e-16
7046.6196 4.4953e-16
7048.7334 2.7042e-16
7050.8481 3.8067e-16
7052.9634 3.5715e-16
7055.0791 3.6561e-16
7057.1958 4.0052e-16
7059.3125 4.0637e-16
7061.4307 3.9982e-16
7063.5493 3.8228e-16
7065.6685 3.6552e-16
7067.7881 3.8317e-16
7069.9082 4.0164e-16
7072.0298 4.0439e-16
7074.1509 4.0839e-16
7076.2734 3.8096e-16
7078.3960 3.3247e-16
7080.5195 3.3291e-16
7082.6436 3.5286e-16
7084.7681 4.4023e-16
7086.8940 4.7274e-16
7089.0200 3.9160e-16
7091.1465 3.1832e-16
7093.2734 3.5196e-16
7095.4019 3.6281e-16
7097.5308 3.6968e-16
7099.6602 4.2136e-16
7101.7900 4.1639e-16
7103.9204 3.3704e-16
7106.0513 2.8819e-16
7108.1836 3.9156e-16
7110.3159 3.2478e-16
7112.4492 3.3467e-16
7114.5825 3.2760e-16
7116.7163 3.4015e-16
7118.8521 3.2358e-16
7120.9878 3.5504e-16
7123.1240 3.5461e-16
7125.2607 3.0140e-16
7127.3984 3.0732e-16
7129.5361 3.6862e-16
7131.6753 4.5164e-16
7133.8149 3.6687e-16
7135.9551 4.1303e-16
7138.0957 4.0860e-16
7140.2373 3.9104e-16
7142.3794 4.5603e-16
7144.5220 2.9891e-16
7146.6655 3.2571e-16
7148.8091 3.5220e-16
7150.9536 3.2361e-16
7153.0996 4.2759e-16
7155.2456 3.5473e-16
7157.3921 3.4082e-16
7159.5391 3.2453e-16
7161.6870 3.2884e-16
7163.8350 3.9172e-16
7165.9849 3.5571e-16
7168.1348 3.6238e-16
7170.2847 3.8445e-16
7172.4360 3.6613e-16
7174.5874 3.9937e-16
7176.7402 3.2990e-16
7178.8931 3.8179e-16
7181.0469 3.9110e-16
7183.2012 3.5383e-16
7185.3560 3.2985e-16
7187.5117 4.1299e-16
7189.6680 2.9752e-16
7191.8247 3.1522e-16
7193.9824 3.0766e-16
7196.1401 3.9742e-16
7198.2993 2.9512e-16
7200.4595 3.3073e-16
7202.6191 2.4156e-16
7204.7798 3.0173e-16
7206.9414 3.6131e-16
7209.1030 3.7385e-16
7211.2656 3.3830e-16
7213.4292 3.6646e-16
7215.5938 4.0282e-16
7217.7578 3.8546e-16
7219.9238 3.8440e-16
7222.0894 2.8316e-16
7224.2563 3.3591e-16
7226.4233 3.8502e-16
7228.5913 3.7479e-16
7230.7598 3.4831e-16
7232.9292 3.4308e-16
7235.0991 3.1472e-16
7237.2695 2.9117e-16
7239.4409 2.9730e-16
7241.6128 4.4025e-16
7243.7847 2.9967e-16
7245.9580 3.5581e-16
7248.1318 3.9488e-16
7250.3066 2.7434e-16
7252.4819 2.9272e-16
7254.6567 3.1479e-16
7256.8340 2.7332e-16
7259.0103 3.2466e-16
7261.1885 3.1288e-16
7263.3667 2.5026e-16
7265.5454 3.0943e-16
7267.7251 3.8190e-16
7269.9053 2.4697e-16
7272.0864 3.0099e-16
7274.2681 2.9601e-16
7276.4507 2.9533e-16
7278.6338 3.3483e-16
7280.8174 3.0908e-16
7283.0010 3.1012e-16
7285.1865 3.5472e-16
7287.3716 2.9151e-16
7289.5581 3.6701e-16
7291.7451 2.3684e-16
7293.9321 3.2262e-16
7296.1206 2.8752e-16
7298.3096 2.4440e-16
7300.4990 3.5464e-16
7302.6890 2.9931e-16
7304.8799 2.8613e-16
7307.0713 2.0742e-16
7309.2632 2.6336e-16
7311.4565 3.0942e-16
7313.6499 3.0979e-16
7315.8433 2.8530e-16
7318.0381 3.6611e-16
7320.2339 3.0511e-16
7322.4302 3.2180e-16
7324.6270 3.4092e-16
7326.8247 2.6870e-16
7329.0220 3.1927e-16
7331.2207 3.0505e-16
7333.4199 3.2811e-16
7335.6206 2.9947e-16
7337.8208 3.1948e-16
7340.0220 2.7196e-16
7342.2246 4.1535e-16
7344.4272 2.7035e-16
7346.6304 2.9524e-16
7348.8345 3.4602e-16
7351.0386 2.6647e-16
7353.2446 2.4626e-16
7355.4502 2.2981e-16
7357.6567 2.9889e-16
7359.8638 3.1171e-16
7362.0718 4.3303e-16
7364.2808 2.5405e-16
7366.4897 3.1782e-16
7368.6997 3.4261e-16
7370.9106 2.8161e-16
7373.1226 2.7298e-16
7375.3340 3.3717e-16
7377.5464 3.2036e-16
7379.7593 3.4853e-16
7381.9736 2.9945e-16
7384.1880 3.1039e-16
7386.4038 3.3251e-16
7388.6191 3.0930e-16
7390.8359 2.8067e-16
7393.0527 3.0652e-16
7395.2715 2.9196e-16
7397.4893 2.6330e-16
7399.7085 2.6832e-16
7401.9282 2.8836e-16
7404.1499 3.1607e-16
7406.3711 3.0014e-16
7408.5923 2.9257e-16
7410.8154 2.9158e-16
7413.0386 2.6488e-16
7415.2627 2.6881e-16
7417.4868 3.4386e-16
7419.7124 2.5542e-16
7421.9380 3.1496e-16
7424.1646 3.0572e-16
7426.3921 2.9268e-16
7428.6196 2.6629e-16
7430.8486 3.8662e-16
7433.0781 2.9405e-16
7435.3081 2.0783e-16
7437.5381 2.4178e-16
7439.7695 2.3360e-16
7442.0010 2.3155e-16
7444.2334 3.6676e-16
7446.4673 3.0430e-16
7448.7007 3.0170e-16
7450.9360 2.9773e-16
7453.1709 2.3840e-16
7455.4072 2.4731e-16
7457.6436 2.8950e-16
7459.8809 2.9257e-16
7462.1187 2.6544e-16
7464.3579 2.4468e-16
7466.5967 3.1051e-16
7468.8369 2.5769e-16
7471.0771 3.2612e-16
7473.3193 2.4909e-16
7475.5605 3.0026e-16
7477.8037 2.6337e-16
7480.0464 2.8037e-16
7482.2905 2.1644e-16
7484.5356 2.2839e-16
7486.7812 2.2666e-16
7489.0273 3.2657e-16
7491.2734 3.1130e-16
7493.5205 3.0707e-16
7495.7690 2.4275e-16
7498.0176 2.3912e-16
7500.2676 2.3101e-16
7502.5171 2.1017e-16
7504.7681 2.5240e-16
7507.0195 2.7731e-16
7509.2715 2.9738e-16
7511.5239 2.6772e-16
7513.7773 2.7065e-16
7516.0317 1.9935e-16
7518.2866 2.3055e-16
7520.5425 2.3090e-16
7522.7983 2.9862e-16
7525.0557 2.8968e-16
7527.3125 2.5722e-16
7529.5708 2.4166e-16
7531.8296 2.5867e-16
7534.0894 1.8638e-16
7536.3491 1.7731e-16
7538.6104 2.1480e-16
7540.8716 2.4107e-16
7543.1343 2.7118e-16
7545.3975 2.2115e-16
7547.6611 2.2670e-16
7549.9253 1.9759e-16
7552.1899 2.6168e-16
7554.4556 2.7211e-16
7556.7222 2.5437e-16
7558.9888 2.2693e-16
7561.2568 1.8521e-16
7563.5254 2.7080e-16
7565.7944 2.1999e-16
7568.0640 3.0007e-16
7570.3345 2.5945e-16
7572.6055 3.6212e-16
7574.8774 2.7326e-16
7577.1499 2.8293e-16
7579.4229 3.4071e-16
7581.6968 2.0420e-16
7583.9712 3.0663e-16
7586.2466 3.4465e-16
7588.5220 3.0630e-16
7590.7983 2.0781e-16
7593.0757 2.5207e-16
7595.3540 2.0572e-16
7597.6323 2.5911e-16
7599.9116 2.7535e-16
7602.1924 2.5076e-16
7604.4722 2.3858e-16
7606.7539 3.0911e-16
7609.0361 2.3944e-16
7611.3184 2.6825e-16
7613.6025 2.7941e-16
7615.8857 2.5595e-16
7618.1709 2.7172e-16
7620.4565 2.2386e-16
7622.7422 2.1744e-16
7625.0293 2.3203e-16
7627.3164 2.2951e-16
7629.6055 2.2414e-16
7631.8940 2.7783e-16
7634.1836 2.8578e-16
7636.4741 2.4696e-16
7638.7642 2.3515e-16
7641.0562 2.6769e-16
7643.3486 2.4776e-16
7645.6416 2.8305e-16
7647.9351 2.9855e-16
7650.2295 2.6194e-16
7652.5249 2.5190e-16
7654.8203 3.0384e-16
7657.1172 2.9777e-16
7659.4141 2.8605e-16
7661.7119 2.6384e-16
7664.0107 2.9124e-16
7666.3101 2.5884e-16
7668.6094 2.8134e-16
7670.9097 2.9003e-16
7673.2119 2.7575e-16
7675.5132 2.5791e-16
7677.8159 2.5039e-16
7680.1196 2.6077e-16
7682.4238 2.8999e-16
7684.7275 2.5409e-16
7687.0332 3.3585e-16
7689.3394 2.9451e-16
7691.6465 2.9089e-16
7693.9541 2.6623e-16
7696.2617 2.5956e-16
7698.5708 2.8213e-16
7700.8809 2.2391e-16
7703.1909 2.4844e-16
7705.5024 2.5474e-16
7707.8135 2.8402e-16
7710.1255 2.7979e-16
7712.4390 2.8092e-16
7714.7524 2.7052e-16
7717.0664 2.2180e-16
7719.3823 2.3260e-16
7721.6982 2.4820e-16
7724.0146 2.3508e-16
7726.3315 2.5466e-16
7728.6494 2.6587e-16
7730.9683 3.1983e-16
7733.2876 2.5968e-16
7735.6069 2.6404e-16
7737.9282 3.1918e-16
7740.2495 2.5798e-16
7742.5718 2.7271e-16
7744.8950 2.8856e-16
7747.2173 3.1115e-16
7749.5415 2.7235e-16
7751.8672 2.4740e-16
7754.1919 1.9388e-16
7756.5186 2.5799e-16
7758.8457 3.0305e-16
7761.1729 3.3847e-16
7763.5020 3.4027e-16
7765.8306 3.0101e-16
7768.1606 2.4183e-16
7770.4907 2.3239e-16
7772.8218 2.9837e-16
7775.1543 2.9817e-16
7777.4863 2.9431e-16
7779.8193 3.3178e-16
7782.1533 3.1359e-16
7784.4883 3.4531e-16
7786.8237 2.5646e-16
7789.1597 3.1747e-16
7791.4961 3.4015e-16
7793.8335 2.9163e-16
7796.1719 2.9216e-16
7798.5107 2.9280e-16
7800.8501 2.5782e-16
7803.1904 2.7617e-16
7805.5312 2.5306e-16
7807.8735 1.9370e-16
7810.2158 3.3544e-16
7812.5591 3.0121e-16
7814.9019 2.2343e-16
7817.2466 2.9151e-16
7819.5923 3.1939e-16
7821.9380 3.3419e-16
7824.2847 3.1981e-16
7826.6318 2.4694e-16
7828.9800 3.2187e-16
7831.3286 2.7256e-16
7833.6777 2.7992e-16
7836.0278 3.1380e-16
7838.3789 2.5231e-16
7840.7300 3.0409e-16
7843.0825 3.1238e-16
7845.4355 2.1038e-16
7847.7896 2.4448e-16
7850.1431 2.4046e-16
7852.4980 3.2532e-16
7854.8545 2.4427e-16
7857.2104 2.5809e-16
7859.5674 3.2011e-16
7861.9258 3.0592e-16
7864.2842 1.9376e-16
7866.6436 2.9722e-16
7869.0034 2.4970e-16
7871.3647 2.6208e-16
7873.7261 2.9650e-16
7876.0879 2.3536e-16
7878.4507 3.0827e-16
7880.8145 2.6171e-16
7883.1782 2.7544e-16
7885.5430 2.6415e-16
7887.9087 2.5518e-16
7890.2754 2.6333e-16
7892.6421 2.8603e-16
7895.0098 2.7272e-16
7897.3784 2.0096e-16
7899.7476 2.4090e-16
7902.1172 1.6634e-16
7904.4883 2.5747e-16
7906.8599 2.5492e-16
7909.2319 2.8123e-16
7911.6045 2.5143e-16
7913.9785 2.0525e-16
7916.3525 2.3553e-16
7918.7271 2.3119e-16
7921.1025 2.3145e-16
7923.4790 2.6179e-16
7925.8564 2.4314e-16
7928.2344 2.3857e-16
7930.6123 2.1387e-16
7932.9912 2.5144e-16
7935.3721 2.9492e-16
7937.7524 2.2426e-16
7940.1333 2.6296e-16
7942.5156 2.8478e-16
7944.8984 2.1929e-16
7947.2817 2.8305e-16
7949.6660 2.6332e-16
7952.0508 3.1428e-16
7954.4360 2.8207e-16
7956.8228 2.4546e-16
7959.2100 2.5609e-16
7961.5977 2.0758e-16
7963.9863 1.9871e-16
7966.3750 2.3630e-16
7968.7651 2.4716e-16
7971.1553 2.4076e-16
7973.5474 2.9828e-16
7975.9390 2.1845e-16
7978.3320 2.8260e-16
7980.7256 2.4192e-16
7983.1196 2.8318e-16
7985.5151 2.9808e-16
7987.9102 3.4617e-16
7990.3071 2.4325e-16
7992.7036 2.7178e-16
7995.1021 2.4503e-16
7997.5000 2.9069e-16
7999.8994 2.9408e-16
8002.2993 2.1220e-16
8004.7007 2.5323e-16
8007.1016 2.5707e-16
8009.5034 3.2994e-16
8011.9067 2.3278e-16
8014.3101 3.7164e-16
8016.7144 3.3167e-16
8019.1191 2.3135e-16
8021.5249 3.2310e-16
8023.9312 2.8065e-16
8026.3389 2.5979e-16
8028.7466 2.8747e-16
8031.1553 2.8619e-16
8033.5645 2.5564e-16
8035.9746 2.7111e-16
8038.3853 2.9305e-16
8040.7964 3.4376e-16
8043.2095 2.5956e-16
8045.6221 2.2970e-16
8048.0361 1.7776e-16
8050.4502 2.8679e-16
8052.8657 3.6066e-16
8055.2812 2.5764e-16
8057.6973 2.7305e-16
8060.1152 2.4789e-16
8062.5332 3.0875e-16
8064.9521 2.6611e-16
8067.3716 3.6921e-16
8069.7920 2.9268e-16
8072.2124 3.0518e-16
8074.6343 2.6213e-16
8077.0566 3.0298e-16
8079.4805 2.8735e-16
8081.9033 2.4592e-16
8084.3286 2.6925e-16
8086.7534 3.2011e-16
8089.1802 3.1969e-16
8091.6060 3.6587e-16
8094.0337 2.3712e-16
8096.4619 3.3540e-16
8098.8911 3.3873e-16
8101.3203 3.2547e-16
8103.7515 2.7075e-16
8106.1821 3.1583e-16
8108.6143 2.4583e-16
8111.0459 3.1475e-16
8113.4800 2.5792e-16
8115.9141 2.9048e-16
8118.3486 3.0186e-16
8120.7842 3.1608e-16
8123.2202 2.7454e-16
8125.6572 3.4316e-16
8128.0952 3.6457e-16
8130.5332 3.1940e-16
8132.9727 3.0974e-16
8135.4126 2.6967e-16
8137.8525 3.1193e-16
8140.2944 2.4387e-16
8142.7368 3.3855e-16
8145.1797 3.6753e-16
8147.6230 3.0574e-16
8150.0674 2.6484e-16
8152.5127 3.2200e-16
8154.9580 3.6969e-16
8157.4043 3.0438e-16
8159.8516 3.5786e-16
8162.2993 2.9075e-16
8164.7480 3.5132e-16
8167.1982 2.9974e-16
8169.6479 3.5253e-16
8172.0986 3.0154e-16
8174.5503 3.2797e-16
8177.0024 3.4148e-16
8179.4561 3.0708e-16
8181.9097 3.4681e-16
8184.3643 3.1925e-16
8186.8193 2.8362e-16
8189.2754 2.9221e-16
8191.7324 3.2140e-16
8194.1895 2.8584e-16
8196.6484 3.4487e-16
8199.1074 3.9245e-16
8201.5664 3.2577e-16
8204.0273 3.7425e-16
8206.4893 3.0067e-16
8208.9512 4.2916e-16
8211.4131 3.4270e-16
8213.8760 3.9167e-16
8216.3408 3.6114e-16
8218.8066 4.2518e-16
8221.2715 2.9459e-16
8223.7373 3.1540e-16
8226.2051 4.2051e-16
8228.6729 3.3978e-16
8231.1416 3.7642e-16
8233.6113 3.9800e-16
8236.0811 3.1398e-16
8238.5518 3.1136e-16
8241.0234 3.7349e-16
8243.4951 3.6396e-16
8245.9688 3.5648e-16
8248.4424 3.9345e-16
8250.9170 3.8154e-16
8253.3926 3.8185e-16
8255.8682 3.6974e-16
8258.3447 3.9483e-16
8260.8223 3.7790e-16
8263.3008 3.7012e-16
8265.7803 2.8074e-16
8268.2598 2.4631e-16
8270.7393 2.7491e-16
8273.2207 3.8202e-16
8275.7031 3.0854e-16
8278.1865 3.4804e-16
8280.6699 4.2370e-16
8283.1533 3.9223e-16
8285.6387 4.2407e-16
8288.1230 2.8982e-16
8290.6104 3.2169e-16
8293.0977 3.8155e-16
8295.5859 3.2763e-16
8298.0742 4.6156e-16
8300.5635 4.1079e-16
8303.0537 3.4326e-16
8305.5449 3.4361e-16
8308.0361 3.2764e-16
8310.5293 2.9450e-16
8313.0225 3.1390e-16
8315.5156 3.8691e-16
8318.0107 4.1072e-16
8320.5059 4.8628e-16
8323.0020 3.9643e-16
8325.4990 4.4333e-16
8327.9961 3.4278e-16
8330.4951 4.2868e-16
8332.9941 3.8369e-16
8335.4941 3.1167e-16
8337.9951 4.4053e-16
8340.4961 3.9705e-16
8342.9980 3.5814e-16
8345.5020 3.6319e-16
8348.0049 4.0306e-16
8350.5088 3.7270e-16
8353.0146 3.6060e-16
8355.5205 4.2165e-16
8358.0273 3.7143e-16
8360.5342 3.3632e-16
8363.0430 4.2862e-16
8365.5518 4.2975e-16
8368.0615 3.9360e-16
8370.5713 3.9601e-16
8373.0830 3.4862e-16
8375.5938 3.9531e-16
8378.1074 3.0793e-16
8380.6211 4.5912e-16
8383.1348 4.1965e-16
8385.6504 3.9770e-16
8388.1660 3.9589e-16
8390.6816 3.6375e-16
8393.1992 3.9962e-16
8395.7168 3.7689e-16
8398.2363 4.0830e-16
8400.7559 4.5671e-16
8403.2754 3.9505e-16
8405.7969 4.0981e-16
8408.3193 4.3939e-16
8410.8408 3.8175e-16
8413.3633 3.8081e-16
8415.8877 4.6854e-16
8418.4121 3.9145e-16
8420.9385 4.2284e-16
8423.4648 4.3723e-16
8425.9912 4.1444e-16
8428.5195 4.2986e-16
8431.0479 3.7535e-16
8433.5781 4.5341e-16
8436.1074 3.8542e-16
8438.6377 3.2526e-16
8441.1699 3.1274e-16
8443.7021 3.8575e-16
8446.2354 4.4187e-16
8448.7695 4.4009e-16
8451.3037 3.8184e-16
8453.8398 3.4230e-16
8456.3750 3.5053e-16
8458.9121 3.7478e-16
8461.4502 4.5399e-16
8463.9883 4.0321e-16
8466.5273 3.3903e-16
8469.0674 3.5824e-16
8471.6084 4.0325e-16
8474.1494 3.8353e-16
8476.6914 4.4029e-16
8479.2354 3.2242e-16
8481.7783 3.1129e-16
8484.3232 4.0269e-16
8486.8682 3.8071e-16
8489.4141 3.3707e-16
8491.9619 4.1922e-16
8494.5098 3.7600e-16
8497.0576 3.3495e-16
8499.6064 4.4482e-16
8502.1562 3.3298e-16
8504.7070 3.5447e-16
8507.2588 3.7963e-16
8509.8105 4.2005e-16
8512.3633 4.0176e-16
8514.9170 3.2288e-16
8517.4717 4.0026e-16
8520.0273 3.0587e-16
8522.5830 4.2244e-16
8525.1396 3.4674e-16
8527.6973 3.7128e-16
8530.2559 4.2693e-16
8532.8145 3.2565e-16
8535.3750 3.3250e-16
8537.9346 3.4911e-16
8540.4961 4.0158e-16
8543.0586 3.5895e-16
8545.6211 3.5651e-16
8548.1855 3.0589e-16
8550.7500 3.7843e-16
8553.3145 3.6304e-16
8555.8809 3.8985e-16
8558.4482 4.4766e-16
8561.0156 3.5902e-16
8563.5840 3.0802e-16
8566.1533 3.6095e-16
8568.7227 4.1958e-16
8571.2930 3.1413e-16
8573.8643 3.7477e-16
8576.4365 3.4701e-16
8579.0098 4.0762e-16
8581.5830 3.1967e-16
8584.1582 3.2011e-16
8586.7334 4.1490e-16
8589.3096 3.7924e-16
8591.8857 3.4657e-16
8594.4639 4.1455e-16
8597.0420 3.0154e-16
8599.6211 3.2268e-16
8602.2002 3.3535e-16
8604.7812 3.5744e-16
8607.3623 3.5436e-16
8609.9453 3.4862e-16
8612.5283 3.1810e-16
8615.1123 3.5442e-16
8617.6963 3.7577e-16
8620.2822 3.6405e-16
8622.8672 3.5261e-16
8625.4541 3.6920e-16
8628.0420 2.8659e-16
8630.6309 3.3752e-16
8633.2197 3.8184e-16
8635.8096 2.8024e-16
8638.4004 3.9438e-16
8640.9922 3.0473e-16
8643.5850 4.1550e-16
8646.1777 3.2559e-16
8648.7715 3.7231e-16
8651.3662 3.3412e-16
8653.9609 3.6078e-16
8656.5576 3.5343e-16
8659.1543 3.6071e-16
8661.7520 3.9329e-16
8664.3506 3.6736e-16
8666.9502 2.8164e-16
8669.5498 3.5407e-16
8672.1504 2.8629e-16
8674.7529 2.7564e-16
8677.3555 3.6211e-16
8679.9580 3.4511e-16
8682.5625 3.1891e-16
8685.1670 3.6306e-16
8687.7725 3.2149e-16
8690.3789 2.1833e-16
8692.9863 3.0876e-16
8695.5938 3.2479e-16
8698.2031 2.8636e-16
8700.8115 2.7890e-16
8703.4219 3.4040e-16
8706.0332 3.6905e-16
8708.6455 2.8999e-16
8711.2578 3.0864e-16
8713.8711 3.4128e-16
8716.4854 2.4844e-16
8719.1006 3.7710e-16
8721.7158 3.0958e-16
8724.3320 3.6070e-16
8726.9492 2.5888e-16
8729.5674 2.7935e-16
8732.1865 3.1829e-16
8734.8066 3.4164e-16
8737.4268 3.3700e-16
8740.0479 2.8326e-16
8742.6699 2.8714e-16
8745.2930 2.8027e-16
8747.9160 2.9859e-16
8750.5410 2.8390e-16
8753.1660 3.1499e-16
8755.7920 2.5757e-16
8758.4189 3.0707e-16
8761.0459 2.7102e-16
8763.6748 3.2345e-16
8766.3037 2.1583e-16
8768.9336 2.9739e-16
8771.5645 1.9269e-16
8774.1963 2.4258e-16
8776.8271 2.5969e-16
8779.4600 2.3909e-16
8782.0947 2.5198e-16
8784.7295 2.5157e-16
8787.3652 2.9995e-16
8790.0010 2.4096e-16
8792.6387 2.7028e-16
8795.2764 2.7794e-16
8797.9150 3.0001e-16
8800.5537 3.1738e-16
8803.1943 2.2161e-16
8805.8350 2.6794e-16
8808.4766 3.1795e-16
8811.1191 2.3952e-16
8813.7627 3.2073e-16
8816.4072 2.4748e-16
8819.0508 2.0615e-16
8821.6973 3.0644e-16
8824.3438 2.8896e-16
8826.9912 2.6103e-16
8829.6387 3.0666e-16
8832.2881 2.5992e-16
8834.9375 2.6287e-16
8837.5889 2.8939e-16
8840.2393 3.1761e-16
8842.8916 3.4519e-16
8845.5439 2.6164e-16
8848.1973 2.7242e-16
8850.8525 2.4132e-16
8853.5078 2.7210e-16
8856.1641 2.3715e-16
8858.8203 2.4231e-16
8861.4785 2.6470e-16
8864.1367 2.9421e-16
8866.7959 2.7534e-16
8869.4570 2.3805e-16
8872.1172 3.0821e-16
8874.7793 2.7894e-16
8877.4404 2.4443e-16
8880.1045 2.8267e-16
8882.7686 2.5886e-16
8885.4336 2.4410e-16
8888.0986 2.5320e-16
8890.7646 2.3567e-16
8893.4326 2.3681e-16
8896.1006 2.2824e-16
8898.7686 2.7708e-16
8901.4385 2.3992e-16
8904.1104 2.8618e-16
8906.7812 2.5272e-16
8909.4531 2.4834e-16
8912.1260 2.0480e-16
8914.7988 2.4680e-16
8917.4736 2.5819e-16
8920.1494 2.2581e-16
8922.8252 2.2792e-16
8925.5020 1.8698e-16
8928.1797 2.2365e-16
8930.8574 1.5557e-16
8933.5371 2.0729e-16
8936.2168 1.9643e-16
8938.8984 2.1744e-16
8941.5791 2.4190e-16
8944.2617 2.3423e-16
8946.9453 2.3315e-16
8949.6299 2.2829e-16
8952.3145 2.2485e-16
8955.0000 2.4428e-16
8957.6865 2.4856e-16
8960.3740 2.5229e-16
8963.0625 2.1592e-16
8965.7500 2.3180e-16
8968.4404 2.3103e-16
8971.1309 1.9479e-16
8973.8232 2.0557e-16
8976.5146 2.0245e-16
8979.2080 2.0636e-16
8981.9014 2.7181e-16
8984.5957 2.1270e-16
8987.2920 2.0147e-16
8989.9873 1.9698e-16
8992.6855 1.5917e-16
8995.3818 2.0560e-16
8998.0811 1.6913e-16
9000.7803 2.3039e-16
9003.4805 2.1816e-16
9006.1816 2.0364e-16
9008.8828 1.8341e-16
9011.5859 1.9260e-16
9014.2900 2.3005e-16
9016.9941 1.7383e-16
9019.6992 2.3956e-16
9022.4043 1.9315e-16
9025.1113 2.0292e-16
9027.8193 2.3386e-16
9030.5273 1.2494e-16
9033.2363 1.5329e-16
9035.9473 1.7978e-16
9038.6572 1.7559e-16
9041.3691 1.6855e-16
9044.0811 1.5618e-16
9046.7939 2.0196e-16
9049.5088 1.8508e-16
9052.2236 2.3624e-16
9054.9385 1.5365e-16
9057.6553 1.7961e-16
9060.3730 1.9517e-16
9063.0908 2.2006e-16
9065.8105 1.9027e-16
9068.5293 2.3531e-16
9071.2500 1.8016e-16
9073.9717 1.9186e-16
9076.6943 1.4871e-16
9079.4170 2.3376e-16
9082.1406 2.0079e-16
9084.8662 1.4384e-16
9087.5908 2.0801e-16
9090.3174 1.9151e-16
9093.0439 1.9979e-16
9095.7715 1.5925e-16
9098.5010 2.1502e-16
9101.2305 1.7735e-16
9103.9609 2.0127e-16
9106.6924 1.5644e-16
9109.4238 1.7978e-16
9112.1572 1.7089e-16
9114.8906 1.9458e-16
9117.6250 1.7986e-16
9120.3604 2.0701e-16
9123.0967 1.9003e-16
9125.8330 1.8426e-16
9128.5713 1.8825e-16
9131.3096 1.5941e-16
9134.0488 1.6879e-16
9136.7891 1.9563e-16
9139.5303 1.9482e-16
9142.2725 1.7997e-16
9145.0146 1.6395e-16
9147.7578 2.1981e-16
9150.5020 2.0980e-16
9153.2480 1.1977e-16
9155.9941 1.5375e-16
9158.7412 1.2566e-16
9161.4883 2.1065e-16
9164.2373 1.5279e-16
9166.9854 1.7146e-16
9169.7363 2.0967e-16
9172.4863 1.7966e-16
9175.2383 1.5622e-16
9177.9912 1.7335e-16
9180.7441 2.1797e-16
9183.4990 1.5573e-16
9186.2539 1.7368e-16
9189.0098 1.3872e-16
9191.7666 1.4056e-16
9194.5244 1.5973e-16
9197.2822 1.5465e-16
9200.0420 1.8980e-16
9202.8008 1.8680e-16
9205.5625 1.6040e-16
9208.3242 2.1099e-16
9211.0869 1.3929e-16
9213.8506 1.7965e-16
9216.6143 1.4874e-16
9219.3789 1.6561e-16
9222.1455 1.7633e-16
9224.9111 1.5993e-16
9227.6797 2.2807e-16
9230.4473 1.0978e-16
9233.2168 1.6199e-16
9235.9873 1.6355e-16
9238.7578 1.8313e-16
9241.5283 1.1802e-16
9244.3018 1.3299e-16
9247.0742 1.4257e-16
9249.8486 1.6973e-16
9252.6240 2.0447e-16
9255.3994 1.8501e-16
9258.1768 1.3348e-16
9260.9531 1.2492e-16
9263.7324 1.4505e-16
9266.5107 1.4440e-16
9269.2910 1.2551e-16
9272.0723 1.5582e-16
9274.8535 1.9480e-16
9277.6357 1.3813e-16
9280.4189 1.1624e-16
9283.2031 1.5926e-16
9285.9873 1.4889e-16
9288.7744 1.2248e-16
9291.5605 1.3093e-16
9294.3486 1.3300e-16
9297.1367 1.3951e-16
9299.9258 1.5835e-16
9302.7158 1.4851e-16
9305.5059 1.5638e-16
9308.2979 1.4444e-16
9311.0908 1.5943e-16
9313.8838 1.8122e-16
9316.6777 1.5755e-16
9319.4727 1.5050e-16
9322.2686 1.5438e-16
9325.0654 2.0579e-16
9327.8623 1.1859e-16
9330.6611 1.2117e-16
9333.4609 1.6406e-16
9336.2607 1.2941e-16
9339.0615 1.8116e-16
9341.8633 1.3641e-16
9344.6650 1.2522e-16
9347.4697 1.6334e-16
9350.2725 1.1864e-16
9353.0781 1.6412e-16
9355.8848 1.0317e-16
9358.6904 1.1938e-16
9361.4980 1.3125e-16
9364.3066 1.2782e-16
9367.1172 1.3591e-16
9369.9268 1.8772e-16
9372.7373 1.5921e-16
9375.5498 9.3204e-17
9378.3623 1.0954e-16
9381.1748 1.4362e-16
9383.9902 9.2668e-17
9386.8047 1.1933e-16
9389.6221 1.4297e-16
9392.4375 8.2783e-17
9395.2549 1.1057e-16
9398.0742 1.0725e-16
9400.8936 1.2742e-16
9403.7139 1.0354e-16
9406.5352 1.0855e-16
9409.3574 1.2993e-16
9412.1807 1.2860e-16
9415.0029 1.0558e-16
9417.8281 1.0398e-16
9420.6533 1.2598e-16
9423.4795 1.4308e-16
9426.3076 1.2181e-16
9429.1348 1.5396e-16
9431.9629 1.1638e-16
9434.7930 7.7743e-17
9437.6240 1.0829e-16
9440.4541 1.1045e-16
9443.2871 1.2318e-16
9446.1191 1.5435e-16
9448.9541 1.1574e-16
9451.7881 9.7334e-17
9454.6230 1.1212e-16
9457.4600 1.0379e-16
9460.2969 7.5089e-17
9463.1348 6.9327e-17
9465.9746 9.4920e-17
9468.8145 1.2380e-16
9471.6543 1.3785e-16
9474.4961 9.2874e-17
9477.3389 9.9930e-17
9480.1816 1.3041e-16
9483.0254 1.0368e-16
9485.8701 1.2249e-16
9488.7168 1.4140e-16
9491.5635 9.5836e-17
9494.4111 1.0435e-16
9497.2588 1.3973e-16
