# time_explosion = 17.75
# log_Lsun = 9.48
3000.7913 4.7758e-16
3001.6917 5.8421e-16
3002.5923 3.4850e-16
3003.4929 6.3290e-16
3004.3938 5.1938e-16
3005.2952 5.0809e-16
3006.1968 4.7669e-16
3007.0986 5.1854e-16
3008.0007 4.4063e-16
3008.9033 5.7966e-16
3009.8059 5.3657e-16
3010.7087 3.9102e-16
3011.6121 4.7085e-16
3012.5156 4.4695e-16
3013.4194 4.6137e-16
3014.3235 4.6600e-16
3015.2275 3.5793e-16
3016.1323 5.6337e-16
3017.0369 4.3748e-16
3017.9421 4.1978e-16
3018.8477 4.9293e-16
3019.7532 5.2895e-16
3020.6592 5.4625e-16
3021.5654 4.5666e-16
3022.4717 4.5966e-16
3023.3787 5.7908e-16
3024.2856 4.9820e-16
3025.1929 3.8878e-16
3026.1003 5.9196e-16
3027.0081 5.3066e-16
3027.9163 5.0744e-16
3028.8245 3.8263e-16
3029.7332 3.8677e-16
3030.6423 4.1807e-16
3031.5513 5.9801e-16
3032.4609 4.6033e-16
3033.3706 4.5995e-16
3034.2808 4.9355e-16
3035.1909 4.6297e-16
3036.1013 5.1889e-16
3037.0122 4.8223e-16
3037.9236 3.6456e-16
3038.8350 4.2045e-16
3039.7463 4.5907e-16
3040.6584 4.4444e-16
3041.5706 5.0842e-16
3042.4829 3.6981e-16
3043.3958 5.2959e-16
3044.3086 3.9074e-16
3045.2222 4.0463e-16
3046.1357 2.5444e-16
3047.0498 3.7901e-16
3047.9636 3.6325e-16
3048.8782 4.6462e-16
3049.7927 4.0458e-16
3050.7075 3.9345e-16
3051.6228 4.9809e-16
3052.5386 5.7138e-16
3053.4543 3.7791e-16
3054.3704 3.5627e-16
3055.2864 4.8923e-16
3056.2029 4.2262e-16
3057.1199 4.4115e-16
3058.0369 4.2004e-16
3058.9543 3.3580e-16
3059.8721 4.8718e-16
3060.7903 4.8676e-16
3061.7083 4.2929e-16
3062.6267 4.6579e-16
3063.5457 4.3081e-16
3064.4648 3.4877e-16
3065.3840 4.0729e-16
3066.3035 3.8283e-16
3067.2234 4.8107e-16
3068.1438 5.6380e-16
3069.0642 4.2953e-16
3069.9849 4.2666e-16
3070.9058 4.1100e-16
3071.8271 4.6762e-16
3072.7485 3.8566e-16
3073.6707 6.9403e-16
3074.5925 6.4039e-16
3075.5149 4.8069e-16
3076.4375 5.5080e-16
3077.3606 5.9990e-16
3078.2837 3.8465e-16
3079.2070 5.0229e-16
3080.1309 3.7997e-16
3081.0552 2.5575e-16
3081.9795 5.1290e-16
3082.9041 4.4988e-16
3083.8289 4.9224e-16
3084.7539 4.6329e-16
3085.6794 4.9540e-16
3086.6050 5.6034e-16
3087.5312 5.8566e-16
3088.4573 5.1812e-16
3089.3838 4.6741e-16
3090.3105 2.9773e-16
3091.2378 5.1124e-16
3092.1653 5.6430e-16
3093.0928 3.9619e-16
3094.0205 4.0455e-16
3094.9490 5.9668e-16
3095.8777 4.8367e-16
3096.8062 5.9815e-16
3097.7354 3.3845e-16
3098.6646 5.7012e-16
3099.5940 3.5500e-16
3100.5239 5.7241e-16
3101.4543 6.1900e-16
3102.3848 6.1115e-16
3103.3152 3.6245e-16
3104.2463 5.3112e-16
3105.1775 4.9693e-16
3106.1091 3.6942e-16
3107.0408 3.5636e-16
3107.9731 5.9333e-16
3108.9055 5.1322e-16
3109.8384 5.1633e-16
3110.7712 4.7668e-16
3111.7046 4.3715e-16
3112.6379 5.4268e-16
3113.5718 4.1541e-16
3114.5059 5.9269e-16
3115.4399 4.4227e-16
3116.3748 4.6762e-16
3117.3096 4.3868e-16
3118.2449 5.2116e-16
3119.1802 4.5028e-16
3120.1162 5.7409e-16
3121.0522 4.6969e-16
3121.9883 4.5818e-16
3122.9250 4.4667e-16
3123.8618 5.0166e-16
3124.7991 4.2914e-16
3125.7363 4.4117e-16
3126.6743 4.4070e-16
3127.6121 4.3989e-16
3128.5503 5.1407e-16
3129.4890 5.0745e-16
3130.4280 4.8303e-16
3131.3672 3.5256e-16
3132.3064 5.0249e-16
3133.2458 4.7217e-16
3134.1860 4.1563e-16
3135.1262 5.4148e-16
3136.0671 4.1105e-16
3137.0078 5.6951e-16
3137.9487 4.8574e-16
3138.8901 4.1639e-16
3139.8318 5.7043e-16
3140.7739 3.8307e-16
3141.7158 4.3352e-16
3142.6587 3.8675e-16
3143.6013 6.2983e-16
3144.5444 5.0697e-16
3145.4878 6.0120e-16
3146.4316 4.3531e-16
3147.3755 2.9961e-16
3148.3196 4.8470e-16
3149.2642 5.0260e-16
3150.2087 6.1808e-16
3151.1538 3.9943e-16
3152.0991 4.8849e-16
3153.0449 4.9730e-16
3153.9910 3.7868e-16
3154.9370 4.0136e-16
3155.8835 3.0576e-16
3156.8303 7.3187e-16
3157.7776 4.5201e-16
3158.7246 4.8527e-16
3159.6724 4.2547e-16
3160.6204 5.4447e-16
3161.5684 5.3028e-16
3162.5168 4.9126e-16
3163.4656 4.9373e-16
3164.4146 5.0375e-16
3165.3638 5.1526e-16
3166.3137 5.4167e-16
3167.2632 4.0504e-16
3168.2136 5.1020e-16
3169.1641 5.0827e-16
3170.1147 6.9990e-16
3171.0659 4.2009e-16
3172.0171 4.8539e-16
3172.9688 4.5821e-16
3173.9209 6.7620e-16
3174.8728 3.4185e-16
3175.8254 5.0055e-16
3176.7781 4.5229e-16
3177.7310 6.3369e-16
3178.6843 5.3349e-16
3179.6382 6.4055e-16
3180.5920 5.3901e-16
3181.5461 6.2258e-16
3182.5005 3.6979e-16
3183.4553 4.7630e-16
3184.4104 5.1903e-16
3185.3657 4.4679e-16
3186.3213 4.7734e-16
3187.2773 5.4381e-16
3188.2334 5.9882e-16
3189.1897 4.5621e-16
3190.1465 5.6133e-16
3191.1038 4.9546e-16
3192.0610 4.3568e-16
3193.0186 7.3163e-16
3193.9766 4.4142e-16
3194.9346 6.1456e-16
3195.8931 4.5297e-16
3196.8521 6.2566e-16
3197.8110 4.5239e-16
3198.7705 6.5050e-16
3199.7300 4.7372e-16
3200.6897 7.8263e-16
3201.6501 6.5976e-16
3202.6106 5.3424e-16
3203.5715 5.3985e-16
3204.5325 5.2853e-16
3205.4937 7.0380e-16
3206.4553 6.5065e-16
3207.4175 5.5306e-16
3208.3796 6.7224e-16
3209.3423 5.9914e-16
3210.3049 7.5813e-16
3211.2681 5.5209e-16
3212.2312 5.0644e-16
3213.1951 5.3029e-16
3214.1592 6.5148e-16
3215.1233 7.1246e-16
3216.0879 5.6780e-16
3217.0527 7.2369e-16
3218.0178 5.6448e-16
3218.9832 8.7166e-16
3219.9490 7.2275e-16
3220.9150 6.5304e-16
3221.8811 7.7143e-16
3222.8477 6.2913e-16
3223.8145 7.1252e-16
3224.7817 9.0020e-16
3225.7490 7.2000e-16
3226.7170 6.1952e-16
3227.6848 7.0820e-16
3228.6531 6.3660e-16
3229.6216 7.7089e-16
3230.5906 8.1727e-16
3231.5598 8.5050e-16
3232.5293 8.5751e-16
3233.4993 6.3915e-16
3234.4690 8.1604e-16
3235.4392 8.9324e-16
3236.4099 7.2474e-16
3237.3811 8.2156e-16
3238.3523 7.4323e-16
3239.3237 9.0846e-16
3240.2954 9.9515e-16
3241.2673 8.6933e-16
3242.2400 8.8706e-16
3243.2126 6.8252e-16
3244.1855 7.3341e-16
3245.1589 8.0324e-16
3246.1323 7.5681e-16
3247.1064 7.2552e-16
3248.0803 8.4435e-16
3249.0547 1.1024e-15
3250.0295 7.3048e-16
3251.0044 8.6798e-16
3251.9795 9.9534e-16
3252.9553 8.4395e-16
3253.9314 9.4787e-16
3254.9072 8.4377e-16
3255.8843 9.3923e-16
3256.8608 9.7636e-16
3257.8379 1.1610e-15
3258.8152 9.6123e-16
3259.7927 9.9504e-16
3260.7708 8.8686e-16
3261.7490 9.6966e-16
3262.7275 8.1059e-16
3263.7061 9.4352e-16
3264.6855 1.0327e-15
3265.6646 9.2755e-16
3266.6445 8.9427e-16
3267.6243 6.4444e-16
3268.6045 8.1970e-16
3269.5852 9.5549e-16
3270.5662 9.0788e-16
3271.5474 8.5538e-16
3272.5291 8.2788e-16
3273.5107 1.2931e-15
3274.4927 1.0503e-15
3275.4749 9.5446e-16
3276.4575 8.7743e-16
3277.4407 8.4564e-16
3278.4238 9.2120e-16
3279.4075 9.9301e-16
3280.3911 1.1297e-15
3281.3752 7.9965e-16
3282.3599 9.9292e-16
3283.3445 8.4715e-16
3284.3293 1.1631e-15
3285.3145 1.1578e-15
3286.3003 1.1928e-15
3287.2861 1.2425e-15
3288.2725 1.0073e-15
3289.2590 9.5950e-16
3290.2454 1.0280e-15
3291.2324 8.9757e-16
3292.2202 1.2553e-15
3293.2078 9.4004e-16
3294.1958 9.9734e-16
3295.1841 9.4616e-16
3296.1726 1.0146e-15
3297.1614 1.0272e-15
3298.1506 1.1213e-15
3299.1401 1.1279e-15
3300.1296 1.3237e-15
3301.1199 1.1472e-15
3302.1101 1.2103e-15
3303.1008 9.0528e-16
3304.0916 1.0776e-15
3305.0830 1.1897e-15
3306.0745 9.8777e-16
3307.0662 1.3227e-15
3308.0583 1.1822e-15
3309.0508 1.1945e-15
3310.0435 1.1508e-15
3311.0364 1.0097e-15
3312.0298 1.1440e-15
3313.0234 1.1106e-15
3314.0173 1.1773e-15
3315.0115 1.3240e-15
3316.0061 1.2859e-15
3317.0010 1.2384e-15
3317.9961 1.1379e-15
3318.9915 1.0537e-15
3319.9871 9.8590e-16
3320.9829 1.1220e-15
3321.9795 1.2795e-15
3322.9758 1.0723e-15
3323.9729 1.2759e-15
3324.9702 1.2234e-15
3325.9675 1.0630e-15
3326.9651 1.0836e-15
3327.9634 1.0108e-15
3328.9617 1.2682e-15
3329.9604 1.3838e-15
3330.9595 1.2329e-15
3331.9585 1.3189e-15
3332.9583 1.1267e-15
3333.9583 1.1098e-15
3334.9585 1.3374e-15
3335.9590 1.1317e-15
3336.9597 1.2127e-15
3337.9607 1.1935e-15
3338.9622 1.1318e-15
3339.9639 1.1470e-15
3340.9661 1.1527e-15
3341.9680 1.2758e-15
3342.9709 1.2844e-15
3343.9736 1.2283e-15
3344.9768 1.0742e-15
3345.9802 1.2709e-15
3346.9844 1.2384e-15
3347.9885 1.2995e-15
3348.9924 1.2825e-15
3349.9973 1.1947e-15
3351.0022 1.0228e-15
3352.0076 1.1768e-15
3353.0132 1.2843e-15
3354.0193 1.0466e-15
3355.0251 1.3140e-15
3356.0317 9.9366e-16
3357.0388 1.0473e-15
3358.0457 1.2212e-15
3359.0532 1.2491e-15
3360.0608 1.1870e-15
3361.0688 1.2001e-15
3362.0774 1.2689e-15
3363.0859 1.2544e-15
3364.0947 1.1495e-15
3365.1040 1.1280e-15
3366.1135 9.6088e-16
3367.1233 1.0995e-15
3368.1335 1.3290e-15
3369.1438 1.3801e-15
3370.1548 9.7362e-16
3371.1655 1.2461e-15
3372.1772 1.1063e-15
3373.1887 1.3551e-15
3374.2007 1.4402e-15
3375.2129 1.1957e-15
3376.2256 1.3539e-15
3377.2383 1.1654e-15
3378.2515 1.2994e-15
3379.2651 1.4616e-15
3380.2786 1.2613e-15
3381.2930 1.2793e-15
3382.3071 1.1225e-15
3383.3218 9.2262e-16
3384.3369 1.1510e-15
3385.3521 1.2418e-15
3386.3679 1.2400e-15
3387.3838 1.4011e-15
3388.3999 1.1919e-15
3389.4165 1.2421e-15
3390.4333 1.2203e-15
3391.4507 1.0917e-15
3392.4678 1.1807e-15
3393.4856 1.2820e-15
3394.5037 1.2535e-15
3395.5220 1.2695e-15
3396.5405 1.3951e-15
3397.5598 1.3508e-15
3398.5789 1.1792e-15
3399.5986 1.1773e-15
3400.6184 9.5315e-16
3401.6387 1.3460e-15
3402.6589 1.2827e-15
3403.6799 1.5335e-15
3404.7009 1.2401e-15
3405.7222 1.4015e-15
3406.7441 1.0881e-15
3407.7661 1.2651e-15
3408.7883 1.2236e-15
3409.8110 1.2431e-15
3410.8340 1.2946e-15
3411.8574 1.2549e-15
3412.8809 1.0743e-15
3413.9045 1.1458e-15
3414.9290 1.4585e-15
3415.9531 1.3831e-15
3416.9780 1.1200e-15
3418.0029 1.4708e-15
3419.0286 1.3747e-15
3420.0544 1.3967e-15
3421.0803 9.9466e-16
3422.1064 1.2560e-15
3423.1331 1.3150e-15
3424.1604 1.0534e-15
3425.1875 1.3223e-15
3426.2148 1.2537e-15
3427.2429 1.0448e-15
3428.2712 1.2371e-15
3429.2996 1.3296e-15
3430.3284 1.1114e-15
3431.3572 1.0895e-15
3432.3870 1.1439e-15
3433.4165 1.1335e-15
3434.4463 1.2608e-15
3435.4768 1.3266e-15
3436.5076 9.9610e-16
3437.5383 9.9114e-16
3438.5696 1.2100e-15
3439.6016 9.6687e-16
3440.6333 1.3539e-15
3441.6655 1.3849e-15
3442.6980 1.0412e-15
3443.7307 1.3046e-15
3444.7637 1.2700e-15
3445.7971 1.1700e-15
3446.8308 1.0267e-15
3447.8652 1.0513e-15
3448.8994 1.1686e-15
3449.9343 1.2723e-15
3450.9690 1.2203e-15
3452.0042 1.1710e-15
3453.0403 1.2462e-15
3454.0759 1.2509e-15
3455.1121 9.8775e-16
3456.1487 1.2590e-15
3457.1855 9.4339e-16
3458.2227 9.7361e-16
3459.2600 1.1251e-15
3460.2979 1.0169e-15
3461.3359 1.2333e-15
3462.3745 1.2665e-15
3463.4128 1.1526e-15
3464.4521 1.0531e-15
3465.4915 1.2374e-15
3466.5310 1.0760e-15
3467.5710 1.1458e-15
3468.6113 9.8222e-16
3469.6519 1.3730e-15
3470.6926 1.0727e-15
3471.7339 1.2449e-15
3472.7756 9.3622e-16
3473.8176 1.0939e-15
3474.8596 9.6092e-16
3475.9021 1.2024e-15
3476.9446 1.3049e-15
3477.9878 1.2340e-15
3479.0312 1.2154e-15
3480.0750 1.0586e-15
3481.1191 1.1744e-15
3482.1631 1.3239e-15
3483.2078 1.2268e-15
3484.2529 1.3709e-15
3485.2983 1.1380e-15
3486.3438 1.0889e-15
3487.3899 1.1260e-15
3488.4358 1.3086e-15
3489.4824 1.2473e-15
3490.5291 1.0421e-15
3491.5767 1.2966e-15
3492.6240 1.4084e-15
3493.6716 1.2583e-15
3494.7197 1.2676e-15
3495.7683 1.3402e-15
3496.8169 1.2835e-15
3497.8657 1.2741e-15
3498.9153 1.1214e-15
3499.9651 1.2109e-15
3501.0149 1.4086e-15
3502.0654 1.6476e-15
3503.1157 1.4393e-15
3504.1667 1.0082e-15
3505.2178 1.2043e-15
3506.2695 9.2307e-16
3507.3215 1.3613e-15
3508.3735 1.2850e-15
3509.4263 1.1642e-15
3510.4790 1.3439e-15
3511.5320 1.3579e-15
3512.5857 1.2262e-15
3513.6394 1.4466e-15
3514.6934 1.3163e-15
3515.7478 1.3532e-15
3516.8027 1.1960e-15
3517.8577 1.3226e-15
3518.9131 1.3697e-15
3519.9688 1.2792e-15
3521.0247 1.3508e-15
3522.0811 1.4995e-15
3523.1375 1.4971e-15
3524.1946 1.3148e-15
3525.2517 1.6463e-15
3526.3093 1.5178e-15
3527.3674 1.4524e-15
3528.4255 1.3822e-15
3529.4841 1.5637e-15
3530.5427 1.3852e-15
3531.6021 1.5009e-15
3532.6616 1.5059e-15
3533.7214 1.8052e-15
3534.7812 1.6045e-15
3535.8420 1.4091e-15
3536.9026 1.3884e-15
3537.9636 1.4884e-15
3539.0251 1.4160e-15
3540.0867 1.3844e-15
3541.1489 1.6535e-15
3542.2109 1.4383e-15
3543.2739 1.5674e-15
3544.3369 1.3704e-15
3545.4001 1.6673e-15
3546.4636 1.6148e-15
3547.5278 1.2129e-15
3548.5920 1.6777e-15
3549.6567 1.6136e-15
3550.7214 1.4789e-15
3551.7866 1.3434e-15
3552.8523 1.3134e-15
3553.9182 1.5521e-15
3554.9839 1.3761e-15
3556.0508 1.7079e-15
3557.1177 1.7470e-15
3558.1846 1.4074e-15
3559.2522 1.6051e-15
3560.3198 1.5120e-15
3561.3879 1.4838e-15
3562.4563 1.4218e-15
3563.5254 1.5150e-15
3564.5942 1.5097e-15
3565.6638 1.4423e-15
3566.7332 1.3701e-15
3567.8032 1.4453e-15
3568.8738 1.3799e-15
3569.9443 1.5989e-15
3571.0154 1.7431e-15
3572.0864 1.4825e-15
3573.1582 1.5063e-15
3574.2302 1.5389e-15
3575.3025 1.5865e-15
3576.3748 1.7638e-15
3577.4480 1.5714e-15
3578.5212 1.5062e-15
3579.5950 1.4679e-15
3580.6685 1.9425e-15
3581.7427 1.6006e-15
3582.8174 1.2618e-15
3583.8921 1.5674e-15
3584.9673 1.5391e-15
3586.0430 1.5753e-15
3587.1187 1.6327e-15
3588.1948 1.5438e-15
3589.2715 1.6438e-15
3590.3479 1.5586e-15
3591.4253 1.7623e-15
3592.5024 1.7015e-15
3593.5803 1.4269e-15
3594.6584 1.5772e-15
3595.7368 1.6107e-15
3596.8154 1.4411e-15
3597.8945 1.2049e-15
3598.9739 1.5161e-15
3600.0535 1.5613e-15
3601.1338 1.2940e-15
3602.2139 1.3140e-15
3603.2947 1.3032e-15
3604.3755 1.4103e-15
3605.4570 1.6608e-15
3606.5388 1.5983e-15
3607.6204 1.4691e-15
3608.7031 1.3603e-15
3609.7854 1.4550e-15
3610.8684 1.4367e-15
3611.9517 1.5345e-15
3613.0352 1.6256e-15
3614.1191 1.2247e-15
3615.2034 1.3626e-15
3616.2878 1.2624e-15
3617.3728 1.2256e-15
3618.4580 1.2580e-15
3619.5437 1.4457e-15
3620.6294 1.4581e-15
3621.7156 1.5157e-15
3622.8022 1.3292e-15
3623.8889 1.4365e-15
3624.9761 1.3181e-15
3626.0635 1.2787e-15
3627.1516 1.2011e-15
3628.2395 1.3898e-15
3629.3281 1.4508e-15
3630.4170 1.3184e-15
3631.5061 1.3159e-15
3632.5955 1.3836e-15
3633.6853 1.5395e-15
3634.7754 1.1029e-15
3635.8657 1.1417e-15
3636.9565 1.4727e-15
3638.0474 1.3833e-15
3639.1389 1.2098e-15
3640.2310 1.3384e-15
3641.3225 1.1626e-15
3642.4155 1.2259e-15
3643.5081 1.1842e-15
3644.6011 1.2058e-15
3645.6943 1.3556e-15
3646.7881 1.4570e-15
3647.8821 1.0739e-15
3648.9766 1.0846e-15
3650.0710 1.3970e-15
3651.1663 1.2872e-15
3652.2615 1.2394e-15
3653.3572 1.2222e-15
3654.4531 1.3784e-15
3655.5496 1.0596e-15
3656.6462 1.4894e-15
3657.7432 1.1802e-15
3658.8406 1.2527e-15
3659.9380 1.2050e-15
3661.0361 1.2369e-15
3662.1348 1.1842e-15
3663.2332 1.1599e-15
3664.3320 1.1479e-15
3665.4314 1.1796e-15
3666.5310 1.3531e-15
3667.6309 1.3664e-15
3668.7314 1.0541e-15
3669.8318 1.3832e-15
3670.9329 1.1621e-15
3672.0339 1.2164e-15
3673.1360 1.1687e-15
3674.2375 1.1185e-15
3675.3401 1.2410e-15
3676.4424 1.2127e-15
3677.5454 1.1871e-15
3678.6487 1.3371e-15
3679.7522 9.8070e-16
3680.8562 1.0504e-15
3681.9604 9.7879e-16
3683.0649 1.1129e-15
3684.1702 1.2157e-15
3685.2751 1.0628e-15
3686.3809 1.3290e-15
3687.4868 1.1371e-15
3688.5928 1.0457e-15
3689.6997 1.1285e-15
3690.8066 1.1790e-15
3691.9138 1.3776e-15
3693.0215 1.2387e-15
3694.1294 1.3621e-15
3695.2375 8.6618e-16
3696.3459 1.3228e-15
3697.4548 1.1926e-15
3698.5642 1.1814e-15
3699.6738 1.1165e-15
3700.7837 1.1968e-15
3701.8938 1.2631e-15
3703.0042 1.2065e-15
3704.1152 1.1368e-15
3705.2266 1.2585e-15
3706.3381 1.2430e-15
3707.4500 1.2570e-15
3708.5625 1.3068e-15
3709.6748 1.3515e-15
3710.7878 1.2952e-15
3711.9009 1.3289e-15
3713.0146 1.5267e-15
3714.1284 1.3660e-15
3715.2427 1.3087e-15
3716.3574 1.2612e-15
3717.4724 1.5126e-15
3718.5876 1.6387e-15
3719.7031 1.4739e-15
3720.8186 1.3955e-15
3721.9351 1.3924e-15
3723.0518 1.5978e-15
3724.1685 1.7852e-15
3725.2861 1.5556e-15
3726.4033 1.6509e-15
3727.5215 1.6385e-15
3728.6399 1.5539e-15
3729.7583 1.9049e-15
3730.8772 1.5055e-15
3731.9963 1.8533e-15
3733.1160 1.8945e-15
3734.2361 1.7387e-15
3735.3562 2.1198e-15
3736.4768 2.0751e-15
3737.5977 2.0834e-15
3738.7190 2.4737e-15
3739.8408 1.9751e-15
3740.9626 2.0067e-15
3742.0850 2.0538e-15
3743.2075 1.9833e-15
3744.3306 2.1620e-15
3745.4539 2.2697e-15
3746.5774 2.2734e-15
3747.7014 2.4231e-15
3748.8257 2.6596e-15
3749.9504 2.5646e-15
3751.0757 2.4069e-15
3752.2004 2.3553e-15
3753.3264 2.2609e-15
3754.4524 2.5236e-15
3755.5789 2.4558e-15
3756.7051 2.4190e-15
3757.8323 2.2852e-15
3758.9597 2.6011e-15
3760.0874 2.5837e-15
3761.2153 2.4078e-15
3762.3440 2.3305e-15
3763.4727 2.4334e-15
3764.6018 2.2711e-15
3765.7307 2.5606e-15
3766.8604 2.2024e-15
3767.9907 2.4651e-15
3769.1211 2.2682e-15
3770.2517 2.4255e-15
3771.3828 2.5052e-15
3772.5144 2.6622e-15
3773.6462 2.5701e-15
3774.7781 2.4154e-15
3775.9104 2.4724e-15
3777.0432 2.4950e-15
3778.1765 2.7327e-15
3779.3101 2.2925e-15
3780.4438 2.4349e-15
3781.5781 2.3965e-15
3782.7124 2.7531e-15
3783.8469 2.5514e-15
3784.9822 2.4555e-15
3786.1179 2.3750e-15
3787.2539 2.6525e-15
3788.3899 2.7320e-15
3789.5264 2.4926e-15
3790.6631 2.6335e-15
3791.8005 2.6263e-15
3792.9380 2.4025e-15
3794.0757 2.3998e-15
3795.2139 2.7061e-15
3796.3528 2.4067e-15
3797.4917 3.0148e-15
3798.6309 2.4322e-15
3799.7705 2.7472e-15
3800.9104 2.6535e-15
3802.0508 2.7642e-15
3803.1912 2.8988e-15
3804.3323 2.6235e-15
3805.4734 2.0461e-15
3806.6152 2.4876e-15
3807.7571 2.6355e-15
3808.8997 2.7077e-15
3810.0422 2.4906e-15
3811.1853 2.4335e-15
3812.3284 2.7820e-15
3813.4722 2.5311e-15
3814.6162 2.4969e-15
3815.7605 2.3388e-15
3816.9055 2.7066e-15
3818.0503 2.7164e-15
3819.1956 2.9080e-15
3820.3416 2.6912e-15
3821.4875 2.9128e-15
3822.6340 2.9476e-15
3823.7810 3.0438e-15
3824.9280 2.7864e-15
3826.0754 3.2194e-15
3827.2234 3.1225e-15
3828.3716 2.6607e-15
3829.5198 3.1543e-15
3830.6689 3.5847e-15
3831.8179 3.2472e-15
3832.9675 3.0031e-15
3834.1172 3.0815e-15
3835.2676 3.0649e-15
3836.4182 3.1861e-15
3837.5691 3.2165e-15
3838.7205 3.2114e-15
3839.8718 3.5869e-15
3841.0244 3.0436e-15
3842.1765 2.9536e-15
3843.3291 3.5439e-15
3844.4822 3.2023e-15
3845.6355 3.3125e-15
3846.7888 3.2642e-15
3847.9431 3.1820e-15
3849.0977 3.1546e-15
3850.2522 3.3612e-15
3851.4070 3.1478e-15
3852.5627 3.3456e-15
3853.7185 3.7281e-15
3854.8745 3.5883e-15
3856.0310 2.8999e-15
3857.1877 3.0764e-15
3858.3452 3.3526e-15
3859.5024 3.6241e-15
3860.6606 3.2571e-15
3861.8186 3.3530e-15
3862.9771 3.5767e-15
3864.1357 3.2928e-15
3865.2954 3.3902e-15
3866.4551 3.2309e-15
3867.6147 3.4732e-15
3868.7751 3.5260e-15
3869.9358 3.3313e-15
3871.0964 3.4994e-15
3872.2581 3.6428e-15
3873.4197 3.6693e-15
3874.5818 3.3563e-15
3875.7441 3.4335e-15
3876.9070 3.5952e-15
3878.0698 3.4114e-15
3879.2334 3.4928e-15
3880.3972 3.3716e-15
3881.5610 3.1843e-15
3882.7256 3.4474e-15
3883.8906 3.4236e-15
3885.0557 3.7822e-15
3886.2212 3.5556e-15
3887.3870 3.6969e-15
3888.5535 4.0212e-15
3889.7197 3.7956e-15
3890.8867 3.4308e-15
3892.0542 3.3834e-15
3893.2214 3.3272e-15
3894.3899 3.5272e-15
3895.5579 3.2956e-15
3896.7266 3.1592e-15
3897.8953 3.4836e-15
3899.0652 3.2435e-15
3900.2346 3.6197e-15
3901.4048 3.6500e-15
3902.5752 3.4002e-15
3903.7458 3.6143e-15
3904.9172 3.3901e-15
3906.0884 3.2634e-15
3907.2603 3.5306e-15
3908.4326 3.3674e-15
3909.6050 3.1889e-15
3910.7781 3.3967e-15
3911.9509 3.3856e-15
3913.1245 3.2045e-15
3914.2986 3.4682e-15
3915.4731 3.0192e-15
3916.6477 3.0482e-15
3917.8228 3.4661e-15
3918.9978 3.3097e-15
3920.1736 3.2483e-15
3921.3496 2.9992e-15
3922.5261 3.2071e-15
3923.7031 3.1396e-15
3924.8801 3.2934e-15
3926.0576 3.1693e-15
3927.2354 3.2730e-15
3928.4133 2.8540e-15
3929.5918 3.4532e-15
3930.7710 3.1372e-15
3931.9500 2.8987e-15
3933.1294 3.2075e-15
3934.3098 3.0847e-15
3935.4900 2.9873e-15
3936.6704 3.0597e-15
3937.8518 3.2887e-15
3939.0330 2.9194e-15
3940.2144 2.9680e-15
3941.3967 2.7896e-15
3942.5791 2.9543e-15
3943.7617 3.1586e-15
3944.9448 3.1639e-15
3946.1284 3.2525e-15
3947.3125 2.9529e-15
3948.4966 2.8909e-15
3949.6812 3.0236e-15
3950.8660 3.1925e-15
3952.0513 2.8119e-15
3953.2366 2.5199e-15
3954.4226 2.8691e-15
3955.6091 2.5912e-15
3956.7957 2.6641e-15
3957.9829 2.8008e-15
3959.1702 3.0273e-15
3960.3579 2.8505e-15
3961.5461 2.7751e-15
3962.7346 2.7253e-15
3963.9233 2.9906e-15
3965.1128 2.9603e-15
3966.3022 3.0426e-15
3967.4922 2.7764e-15
3968.6824 2.5951e-15
3969.8730 2.7174e-15
3971.0637 2.6732e-15
3972.2551 2.3759e-15
3973.4468 2.5585e-15
3974.6387 2.4400e-15
3975.8313 2.6663e-15
3977.0242 2.7927e-15
3978.2170 2.6219e-15
3979.4104 2.5078e-15
3980.6045 2.3562e-15
3981.7988 2.9380e-15
3982.9932 2.5783e-15
3984.1880 2.4766e-15
3985.3833 2.5366e-15
3986.5791 2.2903e-15
3987.7747 2.6111e-15
3988.9712 2.4673e-15
3990.1677 2.4514e-15
3991.3647 2.4599e-15
3992.5623 2.3317e-15
3993.7600 2.4505e-15
3994.9580 2.5962e-15
3996.1565 2.2319e-15
3997.3557 2.4490e-15
3998.5544 2.6940e-15
3999.7542 2.5370e-15
4000.9543 2.3110e-15
4002.1543 2.2246e-15
4003.3552 2.3317e-15
4004.5564 2.3541e-15
4005.7573 2.4424e-15
4006.9595 2.5816e-15
4008.1614 2.3632e-15
4009.3638 2.2734e-15
4010.5667 2.3801e-15
4011.7698 2.3409e-15
4012.9734 2.6057e-15
4014.1772 2.5135e-15
4015.3813 2.3910e-15
4016.5862 2.2067e-15
4017.7910 2.6280e-15
4018.9966 2.3003e-15
4020.2021 2.5555e-15
4021.4082 2.5590e-15
4022.6147 2.6463e-15
4023.8210 2.2253e-15
4025.0286 2.3924e-15
4026.2361 2.3458e-15
4027.4438 2.5783e-15
4028.6523 2.2843e-15
4029.8604 2.3837e-15
4031.0698 2.3733e-15
4032.2791 2.5780e-15
4033.4885 2.2788e-15
4034.6987 2.4834e-15
4035.9092 2.6818e-15
4037.1199 2.7482e-15
4038.3311 2.0703e-15
4039.5422 2.3186e-15
4040.7544 2.4726e-15
4041.9668 2.4168e-15
4043.1792 2.6059e-15
4044.3921 2.3502e-15
4045.6055 2.2617e-15
4046.8191 2.1053e-15
4048.0332 2.2678e-15
4049.2478 2.6030e-15
4050.4624 2.5348e-15
4051.6775 2.2849e-15
4052.8931 2.5336e-15
4054.1091 2.1909e-15
4055.3250 1.8976e-15
4056.5417 2.2205e-15
4057.7585 2.4083e-15
4058.9763 2.3322e-15
4060.1936 2.3588e-15
4061.4116 2.4133e-15
4062.6301 2.6963e-15
4063.8491 2.2249e-15
4065.0684 2.2657e-15
4066.2874 2.1528e-15
4067.5076 2.0170e-15
4068.7278 2.4394e-15
4069.9485 2.5748e-15
4071.1694 2.3654e-15
4072.3911 2.2989e-15
4073.6125 2.4805e-15
4074.8347 2.1729e-15
4076.0569 2.4991e-15
4077.2798 2.5943e-15
4078.5027 2.3419e-15
4079.7263 2.1575e-15
4080.9504 2.4080e-15
4082.1746 2.4740e-15
4083.3992 2.3287e-15
4084.6243 2.1042e-15
4085.8499 2.2983e-15
4087.0754 2.7955e-15
4088.3020 2.1094e-15
4089.5283 2.6403e-15
4090.7551 2.5328e-15
4091.9824 2.4630e-15
4093.2100 2.4736e-15
4094.4377 2.2443e-15
4095.6660 2.1728e-15
4096.8950 2.5994e-15
4098.1240 2.6573e-15
4099.3530 2.4543e-15
4100.5830 2.2075e-15
4101.8135 2.2613e-15
4103.0439 2.5180e-15
4104.2749 2.5000e-15
4105.5063 2.3442e-15
4106.7378 2.4929e-15
4107.9697 2.4530e-15
4109.2021 2.5122e-15
4110.4351 2.2955e-15
4111.6685 2.5150e-15
4112.9014 2.6976e-15
4114.1353 2.3410e-15
4115.3696 2.2508e-15
4116.6045 2.1859e-15
4117.8394 2.3721e-15
4119.0747 2.3432e-15
4120.3101 2.1456e-15
4121.5464 2.0203e-15
4122.7832 2.1757e-15
4124.0195 2.5461e-15
4125.2568 2.1971e-15
4126.4946 2.5911e-15
4127.7324 2.4726e-15
4128.9707 2.0914e-15
4130.2095 2.3471e-15
4131.4482 2.5027e-15
4132.6880 2.2681e-15
4133.9277 2.3522e-15
4135.1680 2.2637e-15
4136.4087 2.2280e-15
4137.6494 2.4519e-15
4138.8911 2.1965e-15
4140.1323 2.1744e-15
4141.3745 2.4326e-15
4142.6172 2.3297e-15
4143.8599 2.1587e-15
4145.1030 2.2843e-15
4146.3462 2.3736e-15
4147.5898 2.5274e-15
4148.8345 2.4864e-15
4150.0791 2.2552e-15
4151.3242 2.3335e-15
4152.5698 2.4704e-15
4153.8154 2.5052e-15
4155.0610 2.4223e-15
4156.3081 2.4394e-15
4157.5547 2.2532e-15
4158.8022 1.9796e-15
4160.0493 2.4007e-15
4161.2979 2.3395e-15
4162.5464 2.2456e-15
4163.7949 2.2555e-15
4165.0439 2.2967e-15
4166.2939 2.2415e-15
4167.5435 2.3258e-15
4168.7939 2.2477e-15
4170.0444 2.3116e-15
4171.2954 2.4002e-15
4172.5469 2.2585e-15
4173.7988 2.1816e-15
4175.0508 2.4405e-15
4176.3032 2.3137e-15
4177.5562 2.1797e-15
4178.8096 2.4059e-15
4180.0630 2.5911e-15
4181.3174 2.3303e-15
4182.5713 2.1689e-15
4183.8262 2.2128e-15
4185.0815 2.0353e-15
4186.3369 2.2455e-15
4187.5928 2.1444e-15
4188.8491 2.0200e-15
4190.1060 2.1262e-15
4191.3628 2.0148e-15
4192.6201 2.0156e-15
4193.8779 2.1151e-15
4195.1362 2.2895e-15
4196.3945 2.3962e-15
4197.6538 2.0687e-15
4198.9126 2.4950e-15
4200.1724 2.0892e-15
4201.4326 2.3549e-15
4202.6934 2.3415e-15
4203.9541 2.1743e-15
4205.2153 1.8894e-15
4206.4766 2.3876e-15
4207.7388 2.0110e-15
4209.0010 2.3002e-15
4210.2637 2.3707e-15
4211.5269 2.2421e-15
4212.7900 2.0483e-15
4214.0537 2.2390e-15
4215.3184 2.3681e-15
4216.5825 1.9989e-15
4217.8477 2.2642e-15
4219.1133 2.2563e-15
4220.3784 2.3022e-15
4221.6450 2.2438e-15
4222.9116 2.1703e-15
4224.1782 2.2423e-15
4225.4458 2.5993e-15
4226.7134 2.2168e-15
4227.9810 2.0647e-15
4229.2495 2.0333e-15
4230.5181 2.0444e-15
4231.7876 2.4643e-15
4233.0571 2.3713e-15
4234.3271 2.3905e-15
4235.5972 2.3103e-15
4236.8682 1.9976e-15
4238.1387 2.1224e-15
4239.4106 2.1858e-15
4240.6821 2.3033e-15
4241.9541 2.2905e-15
4243.2271 2.2766e-15
4244.5000 2.1355e-15
4245.7734 2.2259e-15
4247.0469 2.2991e-15
4248.3213 2.5818e-15
4249.5957 2.0568e-15
4250.8706 2.0389e-15
4252.1460 2.1455e-15
4253.4219 2.1716e-15
4254.6978 2.6315e-15
4255.9736 2.3134e-15
4257.2505 2.6021e-15
4258.5283 2.2035e-15
4259.8057 2.1814e-15
4261.0835 2.4006e-15
4262.3618 2.0014e-15
4263.6406 2.0595e-15
4264.9194 2.3041e-15
4266.1987 2.5537e-15
4267.4785 2.2731e-15
4268.7593 2.3614e-15
4270.0396 2.4108e-15
4271.3208 2.4116e-15
4272.6025 2.3368e-15
4273.8838 2.2765e-15
4275.1660 2.3762e-15
4276.4487 2.1863e-15
4277.7314 2.3331e-15
4279.0146 2.2691e-15
4280.2988 2.1338e-15
4281.5825 2.2876e-15
4282.8672 2.2611e-15
4284.1523 2.1947e-15
4285.4375 2.4739e-15
4286.7227 2.3570e-15
4288.0093 2.4420e-15
4289.2954 2.5344e-15
4290.5820 2.3506e-15
4291.8691 2.4232e-15
4293.1567 2.4831e-15
4294.4448 2.4392e-15
4295.7329 2.4590e-15
4297.0215 2.3787e-15
4298.3110 2.2577e-15
4299.6006 2.6988e-15
4300.8901 2.3591e-15
4302.1807 2.6773e-15
4303.4712 2.2825e-15
4304.7622 2.4288e-15
4306.0537 2.2716e-15
4307.3452 2.4652e-15
4308.6377 2.5249e-15
4309.9302 2.3877e-15
4311.2236 2.5188e-15
4312.5161 2.4905e-15
4313.8105 2.3698e-15
4315.1045 2.4939e-15
4316.3989 2.1914e-15
4317.6943 2.4841e-15
4318.9893 2.6664e-15
4320.2852 2.6480e-15
4321.5811 2.3966e-15
4322.8774 2.3222e-15
4324.1743 2.5925e-15
4325.4717 2.2870e-15
4326.7690 2.3736e-15
4328.0674 2.6480e-15
4329.3657 2.7807e-15
4330.6646 3.0683e-15
4331.9639 2.5420e-15
4333.2632 2.6474e-15
4334.5635 2.7865e-15
4335.8638 2.5710e-15
4337.1646 2.7942e-15
4338.4658 2.7929e-15
4339.7671 2.7178e-15
4341.0688 2.6602e-15
4342.3716 3.0249e-15
4343.6743 2.8590e-15
4344.9771 2.7529e-15
4346.2808 2.8857e-15
4347.5850 3.1408e-15
4348.8887 3.1189e-15
4350.1934 3.2445e-15
4351.4985 3.0140e-15
4352.8042 2.8851e-15
4354.1099 3.1597e-15
4355.4165 2.9178e-15
4356.7231 3.1555e-15
4358.0298 2.9535e-15
4359.3369 2.9500e-15
4360.6450 2.8279e-15
4361.9531 2.9871e-15
4363.2617 2.7915e-15
4364.5708 3.0698e-15
4365.8804 2.8530e-15
4367.1899 3.1405e-15
4368.5000 2.8984e-15
4369.8105 3.3275e-15
4371.1216 3.2514e-15
4372.4326 3.2133e-15
4373.7446 3.1889e-15
4375.0566 3.2866e-15
4376.3696 3.0694e-15
4377.6821 3.0334e-15
4378.9956 3.1740e-15
4380.3091 3.0561e-15
4381.6235 3.4253e-15
4382.9380 3.3275e-15
4384.2524 3.2412e-15
4385.5679 3.3209e-15
4386.8833 3.1921e-15
4388.1997 3.0422e-15
4389.5161 3.3381e-15
4390.8330 3.2714e-15
4392.1504 3.2323e-15
4393.4678 3.0696e-15
4394.7861 3.2140e-15
4396.1045 3.2623e-15
4397.4229 3.4977e-15
4398.7422 3.3189e-15
4400.0615 3.7068e-15
4401.3818 3.3230e-15
4402.7026 3.2962e-15
4404.0229 3.7737e-15
4405.3447 3.3685e-15
4406.6660 3.3810e-15
4407.9878 3.4753e-15
4409.3105 3.5212e-15
4410.6333 3.3399e-15
4411.9565 3.3866e-15
4413.2798 3.3648e-15
4414.6040 3.5124e-15
4415.9282 3.4281e-15
4417.2534 3.5760e-15
4418.5781 3.5306e-15
4419.9038 3.8093e-15
4421.2295 3.6075e-15
4422.5566 3.3483e-15
4423.8828 3.3222e-15
4425.2104 3.2820e-15
4426.5376 3.5186e-15
4427.8657 3.6636e-15
4429.1943 3.7376e-15
4430.5229 3.4728e-15
4431.8521 3.6181e-15
4433.1816 3.2828e-15
4434.5117 3.2992e-15
4435.8418 3.2258e-15
4437.1724 3.5056e-15
4438.5039 3.3717e-15
4439.8350 3.4124e-15
4441.1670 3.5330e-15
4442.4995 3.7893e-15
4443.8320 3.4343e-15
4445.1655 3.4544e-15
4446.4990 3.2597e-15
4447.8325 3.6132e-15
4449.1675 3.8585e-15
4450.5020 3.6695e-15
4451.8369 3.4475e-15
4453.1729 3.3991e-15
4454.5088 3.3390e-15
4455.8452 3.6552e-15
4457.1821 3.4026e-15
4458.5190 3.3763e-15
4459.8569 3.2911e-15
4461.1943 3.1828e-15
4462.5327 3.1653e-15
4463.8716 3.4778e-15
4465.2109 3.6262e-15
4466.5503 3.5155e-15
4467.8906 3.2466e-15
4469.2305 3.6286e-15
4470.5713 3.3189e-15
4471.9126 3.2274e-15
4473.2544 3.2486e-15
4474.5962 3.7067e-15
4475.9385 3.1215e-15
4477.2817 3.4758e-15
4478.6245 3.4308e-15
4479.9678 3.4560e-15
4481.3120 3.5643e-15
4482.6567 3.5950e-15
4484.0015 3.5645e-15
4485.3462 3.4347e-15
4486.6919 3.4710e-15
4488.0381 3.4633e-15
4489.3848 3.3486e-15
4490.7314 3.4598e-15
4492.0786 3.5300e-15
4493.4263 3.6302e-15
4494.7744 3.2924e-15
4496.1226 3.1145e-15
4497.4717 3.5884e-15
4498.8208 3.1345e-15
4500.1704 3.3992e-15
4501.5200 3.5548e-15
4502.8711 3.4950e-15
4504.2217 3.4112e-15
4505.5732 3.5569e-15
4506.9243 3.2436e-15
4508.2769 3.4119e-15
4509.6294 3.1005e-15
4510.9824 3.4246e-15
4512.3359 3.5018e-15
4513.6890 3.4712e-15
4515.0430 3.1508e-15
4516.3975 3.7374e-15
4517.7524 3.6413e-15
4519.1079 3.2164e-15
4520.4639 3.1633e-15
4521.8203 3.4049e-15
4523.1768 3.8585e-15
4524.5337 3.4579e-15
4525.8906 3.5942e-15
4527.2485 3.6451e-15
4528.6069 3.3066e-15
4529.9653 3.3443e-15
4531.3247 3.0597e-15
4532.6836 2.9952e-15
4534.0435 3.2299e-15
4535.4038 3.0571e-15
4536.7642 3.4175e-15
4538.1255 3.3146e-15
4539.4863 3.1719e-15
4540.8486 3.1297e-15
4542.2104 3.1605e-15
4543.5732 2.9584e-15
4544.9370 3.2865e-15
4546.3003 3.1953e-15
4547.6636 3.3754e-15
4549.0283 2.9338e-15
4550.3931 3.2952e-15
4551.7583 3.3187e-15
4553.1235 3.4687e-15
4554.4897 3.3332e-15
4555.8560 3.0192e-15
4557.2227 3.1015e-15
4558.5898 3.4337e-15
4559.9570 3.4358e-15
4561.3252 3.1043e-15
4562.6938 3.0680e-15
4564.0625 3.3373e-15
4565.4321 3.5685e-15
4566.8013 3.5202e-15
4568.1714 3.5305e-15
4569.5420 3.4559e-15
4570.9131 3.4742e-15
4572.2842 3.2234e-15
4573.6558 3.4578e-15
4575.0278 3.0404e-15
4576.4004 3.1642e-15
4577.7729 3.1916e-15
4579.1465 3.3413e-15
4580.5205 3.3734e-15
4581.8945 3.3099e-15
4583.2690 3.3736e-15
4584.6440 2.9053e-15
4586.0195 3.4666e-15
4587.3950 3.2364e-15
4588.7715 3.0756e-15
4590.1479 3.6520e-15
4591.5254 3.3483e-15
4592.9028 3.4628e-15
4594.2808 3.1170e-15
4595.6587 3.4101e-15
4597.0371 3.0258e-15
4598.4165 3.2774e-15
4599.7959 3.3398e-15
4601.1763 2.9717e-15
4602.5566 3.1659e-15
4603.9370 3.1775e-15
4605.3184 3.0680e-15
4606.6997 2.8540e-15
4608.0815 3.3151e-15
4609.4644 2.9741e-15
4610.8472 2.7450e-15
4612.2305 3.1481e-15
4613.6143 2.8762e-15
4614.9985 2.9838e-15
4616.3828 3.1016e-15
4617.7676 3.1320e-15
4619.1528 3.1606e-15
4620.5386 3.0766e-15
4621.9248 3.0122e-15
4623.3115 3.1667e-15
4624.6982 2.9554e-15
4626.0854 2.9944e-15
4627.4736 2.8563e-15
4628.8623 2.8289e-15
4630.2505 3.0055e-15
4631.6392 3.0607e-15
4633.0293 2.9394e-15
4634.4194 2.8304e-15
4635.8091 3.0087e-15
4637.2002 3.0860e-15
4638.5913 3.1257e-15
4639.9829 3.0257e-15
4641.3750 2.9421e-15
4642.7671 2.6479e-15
4644.1597 2.8211e-15
4645.5532 2.9655e-15
4646.9468 2.8442e-15
4648.3408 2.9080e-15
4649.7354 2.8267e-15
4651.1304 3.2139e-15
4652.5254 3.0461e-15
4653.9214 3.0484e-15
4655.3179 3.0536e-15
4656.7148 2.8654e-15
4658.1113 3.0367e-15
4659.5088 3.0877e-15
4660.9067 3.2615e-15
4662.3047 3.2315e-15
4663.7036 3.0892e-15
4665.1025 2.8610e-15
4666.5024 2.7995e-15
4667.9019 3.1290e-15
4669.3022 2.9795e-15
4670.7036 3.0179e-15
4672.1045 3.1394e-15
4673.5063 2.7363e-15
4674.9087 2.8138e-15
4676.3105 2.8049e-15
4677.7139 2.7654e-15
4679.1172 2.8664e-15
4680.5205 2.8428e-15
4681.9248 2.9204e-15
4683.3296 3.1413e-15
4684.7344 2.8614e-15
4686.1401 2.9663e-15
4687.5459 2.9928e-15
4688.9521 3.1009e-15
4690.3584 2.8083e-15
4691.7661 3.0003e-15
4693.1733 2.8958e-15
4694.5815 3.0994e-15
4695.9897 2.7564e-15
4697.3984 2.6349e-15
4698.8076 3.0107e-15
4700.2173 2.8584e-15
4701.6274 2.9490e-15
4703.0376 2.8387e-15
4704.4487 3.1606e-15
4705.8599 2.8104e-15
4707.2715 3.1197e-15
4708.6841 2.6661e-15
4710.0962 2.9827e-15
4711.5098 2.6722e-15
4712.9233 2.9073e-15
4714.3369 2.8267e-15
4715.7510 2.6085e-15
4717.1660 2.8262e-15
4718.5811 2.9824e-15
4719.9966 2.7983e-15
4721.4126 2.6699e-15
4722.8291 2.4697e-15
4724.2461 2.3847e-15
4725.6636 2.8973e-15
4727.0811 2.5479e-15
4728.4990 2.7012e-15
4729.9180 2.7169e-15
4731.3369 2.6229e-15
4732.7559 2.6691e-15
4734.1758 2.5795e-15
4735.5962 2.6476e-15
4737.0166 2.6484e-15
4738.4380 2.4475e-15
4739.8594 2.6446e-15
4741.2812 2.2904e-15
4742.7036 2.7839e-15
4744.1270 2.5660e-15
4745.5498 2.6692e-15
4746.9736 2.4450e-15
4748.3975 2.3184e-15
4749.8223 2.6967e-15
4751.2471 2.5185e-15
4752.6724 2.5292e-15
4754.0986 2.4408e-15
4755.5249 2.3627e-15
4756.9512 2.5352e-15
4758.3784 2.4700e-15
4759.8057 2.4065e-15
4761.2339 2.5916e-15
4762.6621 2.7152e-15
4764.0908 2.4846e-15
4765.5200 2.7151e-15
4766.9497 2.5103e-15
4768.3794 2.5075e-15
4769.8101 2.4319e-15
4771.2417 2.4823e-15
4772.6729 2.4609e-15
4774.1040 2.6517e-15
4775.5366 2.6600e-15
4776.9697 2.4167e-15
4778.4023 2.3590e-15
4779.8359 2.5869e-15
4781.2700 2.5374e-15
4782.7041 2.2844e-15
4784.1392 2.7784e-15
4785.5742 2.2696e-15
4787.0098 2.4744e-15
4788.4458 2.7515e-15
4789.8823 2.3061e-15
4791.3193 2.6251e-15
4792.7573 2.4095e-15
4794.1948 2.4384e-15
4795.6333 2.5246e-15
4797.0713 2.4583e-15
4798.5107 2.4266e-15
4799.9502 2.3609e-15
4801.3906 2.7173e-15
4802.8306 2.4429e-15
4804.2720 2.2155e-15
4805.7124 2.3855e-15
4807.1548 2.3540e-15
4808.5967 2.2144e-15
4810.0391 2.3794e-15
4811.4829 2.5376e-15
4812.9253 2.2545e-15
4814.3696 2.4601e-15
4815.8145 2.2448e-15
4817.2588 2.4504e-15
4818.7041 2.2856e-15
4820.1489 2.3078e-15
4821.5957 2.3259e-15
4823.0425 2.2491e-15
4824.4893 2.5969e-15
4825.9365 2.4029e-15
4827.3843 1.9977e-15
4828.8325 2.2224e-15
4830.2808 2.1089e-15
4831.7300 2.1954e-15
4833.1792 2.0536e-15
4834.6294 2.0345e-15
4836.0796 1.8993e-15
4837.5308 1.9724e-15
4838.9819 2.1609e-15
4840.4336 1.8553e-15
4841.8862 2.2583e-15
4843.3384 2.0166e-15
4844.7915 2.1360e-15
4846.2446 2.2052e-15
4847.6987 2.0425e-15
4849.1528 2.0732e-15
4850.6079 1.9980e-15
4852.0635 2.2758e-15
4853.5186 2.0746e-15
4854.9746 2.0211e-15
4856.4312 2.2055e-15
4857.8882 2.1276e-15
4859.3457 2.1906e-15
4860.8027 2.0290e-15
4862.2617 2.1637e-15
4863.7202 2.2724e-15
4865.1792 2.2084e-15
4866.6387 1.9942e-15
4868.0986 2.1826e-15
4869.5591 2.1532e-15
4871.0205 2.0101e-15
4872.4814 2.3208e-15
4873.9434 2.1940e-15
4875.4053 1.9830e-15
4876.8682 1.9240e-15
4878.3311 2.0552e-15
4879.7944 1.9624e-15
4881.2588 1.9427e-15
4882.7231 1.9961e-15
4884.1870 2.0972e-15
4885.6533 2.0754e-15
4887.1187 2.1389e-15
4888.5845 1.9353e-15
4890.0513 2.0329e-15
4891.5181 2.1366e-15
4892.9858 2.1027e-15
4894.4536 1.8701e-15
4895.9219 1.8748e-15
4897.3906 2.0333e-15
4898.8599 1.9661e-15
4900.3296 2.0604e-15
4901.7998 2.2235e-15
4903.2700 2.2860e-15
4904.7412 2.0108e-15
4906.2124 1.9414e-15
4907.6846 2.0631e-15
4909.1567 1.9247e-15
4910.6294 2.1323e-15
4912.1030 2.2477e-15
4913.5762 2.0196e-15
4915.0503 1.8626e-15
4916.5254 2.0978e-15
4918.0000 2.0038e-15
4919.4756 1.8697e-15
4920.9512 2.0330e-15
4922.4272 2.2609e-15
4923.9043 1.8923e-15
4925.3818 1.6836e-15
4926.8589 2.0204e-15
4928.3369 2.1529e-15
4929.8159 1.8794e-15
4931.2944 1.8150e-15
4932.7734 2.1411e-15
4934.2539 1.7247e-15
4935.7344 2.0770e-15
4937.2148 2.0028e-15
4938.6963 1.8395e-15
4940.1772 2.0116e-15
4941.6592 2.0793e-15
4943.1426 2.0254e-15
4944.6250 1.8852e-15
4946.1084 1.9108e-15
4947.5923 2.0391e-15
4949.0762 1.9578e-15
4950.5610 1.8750e-15
4952.0464 1.8803e-15
4953.5322 2.0370e-15
4955.0181 2.0068e-15
4956.5044 1.8398e-15
4957.9917 2.0989e-15
4959.4790 1.8651e-15
4960.9668 1.8503e-15
4962.4551 1.8662e-15
4963.9438 2.0075e-15
4965.4331 1.8336e-15
4966.9229 1.7811e-15
4968.4126 1.8469e-15
4969.9033 1.6289e-15
4971.3940 1.8373e-15
4972.8857 1.8246e-15
4974.3774 1.7486e-15
4975.8696 1.9798e-15
4977.3628 1.9636e-15
4978.8560 1.9344e-15
4980.3496 1.8930e-15
4981.8438 1.8169e-15
4983.3379 1.7990e-15
4984.8335 1.7776e-15
4986.3286 2.1461e-15
4987.8242 1.7635e-15
4989.3208 1.9642e-15
4990.8179 1.7152e-15
4992.3149 2.0111e-15
4993.8125 1.8756e-15
4995.3110 1.6436e-15
4996.8096 1.9976e-15
4998.3081 2.3168e-15
4999.8076 1.7852e-15
5001.3081 1.8981e-15
5002.8081 2.0319e-15
5004.3091 1.8492e-15
5005.8101 1.6335e-15
5007.3125 1.7750e-15
5008.8140 2.0152e-15
5010.3169 1.9186e-15
5011.8198 1.9093e-15
5013.3237 2.0055e-15
5014.8276 2.1477e-15
5016.3315 1.9084e-15
5017.8369 2.0023e-15
5019.3423 2.2413e-15
5020.8477 1.9999e-15
5022.3540 1.7672e-15
5023.8604 2.0869e-15
5025.3682 1.9671e-15
5026.8755 2.2506e-15
5028.3843 1.9166e-15
5029.8921 2.1492e-15
5031.4014 1.9072e-15
5032.9106 2.0479e-15
5034.4204 2.0797e-15
5035.9312 2.2120e-15
5037.4414 1.7773e-15
5038.9531 2.2776e-15
5040.4644 2.3296e-15
5041.9771 2.3893e-15
5043.4893 2.0708e-15
5045.0024 1.8984e-15
5046.5161 2.3282e-15
5048.0298 2.1178e-15
5049.5439 2.5369e-15
5051.0591 2.1102e-15
5052.5747 2.2813e-15
5054.0898 1.8279e-15
5055.6064 2.3337e-15
5057.1230 2.4245e-15
5058.6396 2.0186e-15
5060.1577 2.0490e-15
5061.6763 2.0921e-15
5063.1943 2.5186e-15
5064.7134 2.3348e-15
5066.2329 2.2046e-15
5067.7524 2.0969e-15
5069.2729 2.3918e-15
5070.7935 2.1040e-15
5072.3149 2.4326e-15
5073.8369 2.4109e-15
5075.3584 2.3560e-15
5076.8813 2.4501e-15
5078.4048 2.2045e-15
5079.9282 2.4422e-15
5081.4517 2.1794e-15
5082.9766 2.4836e-15
5084.5010 2.4591e-15
5086.0269 2.4242e-15
5087.5527 2.1252e-15
5089.0786 2.0197e-15
5090.6055 2.4128e-15
5092.1323 2.1193e-15
5093.6602 2.4634e-15
5095.1885 2.3363e-15
5096.7168 2.1247e-15
5098.2461 2.4950e-15
5099.7754 2.2435e-15
5101.3057 2.7455e-15
5102.8359 2.3146e-15
5104.3667 2.6569e-15
5105.8975 2.3046e-15
5107.4297 2.3050e-15
5108.9614 2.4076e-15
5110.4946 2.2591e-15
5112.0273 2.2041e-15
5113.5610 2.6468e-15
5115.0952 2.3076e-15
5116.6304 2.1860e-15
5118.1650 2.3662e-15
5119.7002 2.4869e-15
5121.2363 2.3017e-15
5122.7725 2.3647e-15
5124.3091 2.1255e-15
5125.8467 2.1865e-15
5127.3843 2.4837e-15
5128.9224 2.3249e-15
5130.4619 2.4105e-15
5132.0005 2.4146e-15
5133.5405 2.4803e-15
5135.0801 2.2925e-15
5136.6211 2.3174e-15
5138.1621 2.1644e-15
5139.7031 2.5007e-15
5141.2451 2.4159e-15
5142.7871 2.4549e-15
5144.3301 1.9881e-15
5145.8730 2.3762e-15
5147.4170 2.4419e-15
5148.9614 2.2052e-15
5150.5063 2.6451e-15
5152.0518 2.5491e-15
5153.5972 2.3379e-15
5155.1426 2.3792e-15
5156.6895 2.3965e-15
5158.2368 2.4379e-15
5159.7847 2.4329e-15
5161.3320 2.3473e-15
5162.8804 2.5254e-15
5164.4292 2.6195e-15
5165.9780 2.2597e-15
5167.5283 2.3273e-15
5169.0786 2.4371e-15
5170.6294 2.3760e-15
5172.1812 2.4914e-15
5173.7324 2.1948e-15
5175.2842 2.4889e-15
5176.8369 2.5376e-15
5178.3901 2.5002e-15
5179.9434 2.5990e-15
5181.4976 2.3131e-15
5183.0522 2.8279e-15
5184.6069 2.2388e-15
5186.1626 2.2219e-15
5187.7178 2.4522e-15
5189.2749 2.1194e-15
5190.8306 2.5446e-15
5192.3882 2.4237e-15
5193.9463 2.5326e-15
5195.5044 2.0966e-15
5197.0630 2.2541e-15
5198.6221 2.3042e-15
5200.1816 2.4804e-15
5201.7412 2.3915e-15
5203.3022 2.3818e-15
5204.8633 2.3423e-15
5206.4248 2.3790e-15
5207.9868 2.5272e-15
5209.5493 2.1642e-15
5211.1118 2.0838e-15
5212.6758 2.1043e-15
5214.2393 1.9474e-15
5215.8032 2.2296e-15
5217.3682 2.4063e-15
5218.9336 2.3023e-15
5220.4990 2.1591e-15
5222.0649 2.3262e-15
5223.6318 2.0372e-15
5225.1987 2.1660e-15
5226.7666 2.0459e-15
5228.3345 1.9133e-15
5229.9033 2.1958e-15
5231.4722 2.0584e-15
5233.0415 2.0233e-15
5234.6113 2.1823e-15
5236.1816 2.0081e-15
5237.7529 1.9323e-15
5239.3237 1.8020e-15
5240.8955 2.2159e-15
5242.4678 2.0022e-15
5244.0405 1.9437e-15
5245.6143 1.9671e-15
5247.1875 2.1221e-15
5248.7617 1.9821e-15
5250.3369 2.0622e-15
5251.9116 1.7961e-15
5253.4868 1.9510e-15
5255.0630 1.9525e-15
5256.6396 1.9903e-15
5258.2163 2.1293e-15
5259.7939 1.9857e-15
5261.3716 1.8920e-15
5262.9507 2.0924e-15
5264.5288 1.9839e-15
5266.1084 2.1758e-15
5267.6880 1.8858e-15
5269.2690 2.1294e-15
5270.8491 1.7513e-15
5272.4307 2.0030e-15
5274.0127 1.8599e-15
5275.5952 2.0629e-15
5277.1772 1.7576e-15
5278.7607 1.9703e-15
5280.3442 1.8763e-15
5281.9282 2.0152e-15
5283.5127 2.1127e-15
5285.0981 2.1192e-15
5286.6836 1.9161e-15
5288.2695 1.7912e-15
5289.8555 1.9421e-15
5291.4429 2.0514e-15
5293.0303 2.2430e-15
5294.6182 2.0572e-15
5296.2065 2.1254e-15
5297.7954 2.0707e-15
5299.3848 1.7731e-15
5300.9751 2.0634e-15
5302.5649 2.2095e-15
5304.1562 2.0632e-15
5305.7471 2.0391e-15
5307.3389 1.8473e-15
5308.9307 1.9641e-15
5310.5234 2.2773e-15
5312.1172 2.0144e-15
5313.7104 2.0260e-15
5315.3042 1.7272e-15
5316.8994 1.8075e-15
5318.4937 1.9955e-15
5320.0898 2.1514e-15
5321.6860 2.0884e-15
5323.2822 1.8764e-15
5324.8789 1.9656e-15
5326.4766 1.9820e-15
5328.0747 1.8673e-15
5329.6729 1.9497e-15
5331.2720 1.7751e-15
5332.8711 1.7859e-15
5334.4712 1.6313e-15
5336.0713 1.8172e-15
5337.6719 2.0859e-15
5339.2734 1.8847e-15
5340.8750 1.7692e-15
5342.4775 1.8987e-15
5344.0806 2.1183e-15
5345.6836 1.8063e-15
5347.2871 1.8350e-15
5348.8911 1.9852e-15
5350.4966 1.7297e-15
5352.1011 1.8739e-15
5353.7070 2.0145e-15
5355.3130 1.8374e-15
5356.9199 1.7681e-15
5358.5269 2.1034e-15
5360.1343 1.8033e-15
5361.7422 2.0465e-15
5363.3511 1.9029e-15
5364.9600 2.0668e-15
5366.5693 1.9031e-15
5368.1792 2.0898e-15
5369.7896 1.8954e-15
5371.4009 1.8777e-15
5373.0122 1.9056e-15
5374.6240 2.1935e-15
5376.2363 1.8943e-15
5377.8491 1.7447e-15
5379.4629 2.0230e-15
5381.0767 1.7095e-15
5382.6909 1.9086e-15
5384.3057 1.7817e-15
5385.9209 1.7252e-15
5387.5366 1.6608e-15
5389.1528 1.8824e-15
5390.7695 1.6419e-15
5392.3872 1.7974e-15
5394.0044 1.8205e-15
5395.6226 2.0468e-15
5397.2417 1.6639e-15
5398.8604 1.8443e-15
5400.4805 1.8982e-15
5402.1006 1.9030e-15
5403.7207 1.6905e-15
5405.3423 1.8825e-15
5406.9639 1.9492e-15
5408.5859 1.7940e-15
5410.2080 1.8012e-15
5411.8315 1.9809e-15
5413.4551 1.8131e-15
5415.0791 1.8416e-15
5416.7036 1.7093e-15
5418.3281 1.6649e-15
5419.9541 1.6878e-15
5421.5806 1.7945e-15
5423.2065 1.8466e-15
5424.8335 1.8363e-15
5426.4609 1.7981e-15
5428.0889 1.9097e-15
5429.7173 1.7765e-15
5431.3467 1.8765e-15
5432.9756 1.6755e-15
5434.6055 1.7972e-15
5436.2363 1.9024e-15
5437.8672 1.7892e-15
5439.4980 1.8505e-15
5441.1299 1.6507e-15
5442.7627 1.9852e-15
5444.3950 1.6724e-15
5446.0288 1.8707e-15
5447.6626 1.9516e-15
5449.2964 1.8592e-15
5450.9316 2.0505e-15
5452.5669 2.0214e-15
5454.2026 1.8391e-15
5455.8389 1.7749e-15
5457.4751 1.7506e-15
5459.1128 1.6175e-15
5460.7505 1.7712e-15
5462.3887 1.7463e-15
5464.0278 1.6490e-15
5465.6670 1.6533e-15
5467.3062 1.8465e-15
5468.9463 1.7565e-15
5470.5874 1.7610e-15
5472.2285 1.8190e-15
5473.8701 1.8039e-15
5475.5122 1.7324e-15
5477.1548 1.8209e-15
5478.7983 1.7557e-15
5480.4419 1.8791e-15
5482.0859 1.7577e-15
5483.7305 1.9289e-15
5485.3755 1.8854e-15
5487.0215 1.8399e-15
5488.6670 1.7888e-15
5490.3135 1.7923e-15
5491.9609 1.8947e-15
5493.6089 1.8887e-15
5495.2568 2.0030e-15
5496.9053 1.6908e-15
5498.5542 1.8848e-15
5500.2041 1.8081e-15
5501.8540 1.8149e-15
5503.5044 1.5653e-15
5505.1553 1.8497e-15
5506.8076 1.8136e-15
5508.4595 1.7216e-15
5510.1118 1.8838e-15
5511.7646 1.9514e-15
5513.4185 1.9173e-15
5515.0723 1.6798e-15
5516.7266 1.8196e-15
5518.3818 1.8334e-15
5520.0371 1.8771e-15
5521.6934 2.0129e-15
5523.3501 1.8388e-15
5525.0068 1.8154e-15
5526.6646 1.6304e-15
5528.3223 1.7955e-15
5529.9810 1.9161e-15
5531.6401 2.0070e-15
5533.2993 2.0065e-15
5534.9590 2.0514e-15
5536.6201 1.9025e-15
5538.2803 1.7478e-15
5539.9419 1.9341e-15
5541.6040 1.6508e-15
5543.2666 1.8785e-15
5544.9292 1.7754e-15
5546.5933 1.8263e-15
5548.2568 1.9727e-15
5549.9214 2.0754e-15
5551.5864 1.6617e-15
5553.2520 1.9723e-15
5554.9180 1.9635e-15
5556.5845 1.8425e-15
5558.2515 2.0083e-15
5559.9189 1.6779e-15
5561.5874 1.8211e-15
5563.2559 1.7454e-15
5564.9248 1.8789e-15
5566.5938 1.8916e-15
5568.2642 1.7962e-15
5569.9341 1.6352e-15
5571.6055 1.8796e-15
5573.2769 1.7637e-15
5574.9492 1.9304e-15
5576.6211 1.8215e-15
5578.2944 1.6887e-15
5579.9678 1.8526e-15
5581.6416 1.8242e-15
5583.3164 1.8564e-15
5584.9917 1.8040e-15
5586.6665 1.8285e-15
5588.3428 2.0235e-15
5590.0195 1.7093e-15
5591.6963 1.8365e-15
5593.3735 2.0426e-15
5595.0518 1.7159e-15
5596.7305 1.8835e-15
5598.4092 1.8940e-15
5600.0894 1.8636e-15
5601.7690 1.8270e-15
5603.4492 1.7724e-15
5605.1304 2.0585e-15
5606.8120 1.8052e-15
5608.4941 1.7223e-15
5610.1768 1.6410e-15
5611.8599 1.8744e-15
5613.5430 1.7480e-15
5615.2271 1.7853e-15
5616.9121 1.6442e-15
5618.5967 1.8472e-15
5620.2822 1.8676e-15
5621.9688 1.8837e-15
5623.6553 1.7270e-15
5625.3423 1.8556e-15
5627.0293 1.8168e-15
5628.7178 1.6834e-15
5630.4067 1.8096e-15
5632.0962 1.7067e-15
5633.7852 1.7856e-15
5635.4761 1.7216e-15
5637.1660 1.7459e-15
5638.8574 1.8346e-15
5640.5493 1.8270e-15
5642.2407 1.7587e-15
5643.9336 1.7927e-15
5645.6270 1.8351e-15
5647.3203 1.8135e-15
5649.0146 1.7494e-15
5650.7095 1.7735e-15
5652.4043 1.8101e-15
5654.1006 1.6747e-15
5655.7969 1.7611e-15
5657.4937 1.6975e-15
5659.1904 1.5930e-15
5660.8882 1.4487e-15
5662.5869 1.5131e-15
5664.2852 1.7403e-15
5665.9849 1.5889e-15
5667.6846 1.7006e-15
5669.3848 1.5142e-15
5671.0854 1.4883e-15
5672.7866 1.6660e-15
5674.4888 1.5729e-15
5676.1909 1.5273e-15
5677.8936 1.4130e-15
5679.5977 1.4551e-15
5681.3013 1.6627e-15
5683.0054 1.6759e-15
5684.7109 1.4346e-15
5686.4160 1.6649e-15
5688.1221 1.4991e-15
5689.8286 1.3479e-15
5691.5356 1.6312e-15
5693.2432 1.5316e-15
5694.9507 1.6536e-15
5696.6592 1.4487e-15
5698.3682 1.7653e-15
5700.0776 1.4880e-15
5701.7876 1.4557e-15
5703.4980 1.3547e-15
5705.2090 1.5106e-15
5706.9214 1.4367e-15
5708.6328 1.5013e-15
5710.3457 1.6746e-15
5712.0586 1.5852e-15
5713.7720 1.5940e-15
5715.4863 1.4502e-15
5717.2007 1.3711e-15
5718.9165 1.5189e-15
5720.6318 1.5127e-15
5722.3481 1.5086e-15
5724.0645 1.2951e-15
5725.7817 1.5275e-15
5727.4995 1.5487e-15
5729.2183 1.5454e-15
5730.9365 1.3343e-15
5732.6558 1.7389e-15
5734.3755 1.6930e-15
5736.0962 1.4080e-15
5737.8169 1.4686e-15
5739.5381 1.3314e-15
5741.2603 1.6487e-15
5742.9829 1.3876e-15
5744.7056 1.3836e-15
5746.4287 1.4742e-15
5748.1528 1.4291e-15
5749.8774 1.3118e-15
5751.6025 1.5211e-15
5753.3276 1.6217e-15
5755.0532 1.4591e-15
5756.7803 1.4103e-15
5758.5073 1.5025e-15
5760.2349 1.5128e-15
5761.9629 1.6286e-15
5763.6914 1.5327e-15
5765.4204 1.7344e-15
5767.1504 1.3120e-15
5768.8799 1.5056e-15
5770.6108 1.4906e-15
5772.3418 1.6299e-15
5774.0737 1.4809e-15
5775.8057 1.5741e-15
5777.5391 1.4777e-15
5779.2720 1.6668e-15
5781.0059 1.4535e-15
5782.7402 1.5467e-15
5784.4751 1.6265e-15
5786.2104 1.6877e-15
5787.9463 1.6377e-15
5789.6826 1.6430e-15
5791.4194 1.6140e-15
5793.1567 1.5477e-15
5794.8950 1.4848e-15
5796.6333 1.4384e-15
5798.3721 1.6407e-15
5800.1113 1.4571e-15
5801.8521 1.4756e-15
5803.5928 1.6259e-15
5805.3335 1.3214e-15
5807.0747 1.6796e-15
5808.8174 1.5669e-15
5810.5601 1.6070e-15
5812.3032 1.6439e-15
5814.0464 1.3286e-15
5815.7910 1.3645e-15
5817.5356 1.4278e-15
5819.2808 1.3971e-15
5821.0269 1.3899e-15
5822.7734 1.5705e-15
5824.5200 1.5734e-15
5826.2666 1.3369e-15
5828.0151 1.6341e-15
5829.7632 1.3898e-15
5831.5122 1.6148e-15
5833.2612 1.7065e-15
5835.0117 1.4629e-15
5836.7622 1.6448e-15
5838.5132 1.7539e-15
5840.2651 1.5487e-15
5842.0171 1.8227e-15
5843.7695 1.4319e-15
5845.5229 1.6877e-15
5847.2764 1.6309e-15
5849.0303 1.5871e-15
5850.7852 1.4459e-15
5852.5405 1.2943e-15
5854.2964 1.5325e-15
5856.0527 1.3026e-15
5857.8091 1.3881e-15
5859.5669 1.3137e-15
5861.3252 1.5151e-15
5863.0830 1.4207e-15
5864.8418 1.4561e-15
5866.6011 1.4492e-15
5868.3618 1.5300e-15
5870.1221 1.5056e-15
5871.8823 1.3850e-15
5873.6445 1.6436e-15
5875.4067 1.5101e-15
5877.1689 1.5867e-15
5878.9321 1.4582e-15
5880.6963 1.5385e-15
5882.4600 1.4131e-15
5884.2251 1.3935e-15
5885.9907 1.3042e-15
5887.7559 1.4902e-15
5889.5220 1.5348e-15
5891.2896 1.5854e-15
5893.0566 1.3902e-15
5894.8247 1.5634e-15
5896.5928 1.4144e-15
5898.3618 1.4813e-15
5900.1313 1.5248e-15
5901.9014 1.6054e-15
5903.6724 1.5250e-15
5905.4434 1.4764e-15
5907.2148 1.2713e-15
5908.9873 1.4772e-15
5910.7603 1.3593e-15
5912.5332 1.3902e-15
5914.3066 1.4605e-15
5916.0811 1.3688e-15
5917.8560 1.3654e-15
5919.6309 1.4401e-15
5921.4067 1.3720e-15
5923.1836 1.4014e-15
5924.9600 1.4120e-15
5926.7383 1.3720e-15
5928.5156 1.2867e-15
5930.2944 1.2204e-15
5932.0732 1.4230e-15
5933.8530 1.3979e-15
5935.6338 1.4514e-15
5937.4141 1.4219e-15
5939.1953 1.4446e-15
5940.9771 1.4233e-15
5942.7593 1.5142e-15
5944.5420 1.6188e-15
5946.3257 1.5664e-15
5948.1094 1.4625e-15
5949.8940 1.1442e-15
5951.6787 1.5297e-15
5953.4644 1.2225e-15
5955.2500 1.2250e-15
5957.0366 1.2458e-15
5958.8242 1.5813e-15
5960.6118 1.2667e-15
5962.3999 1.3600e-15
5964.1885 1.5523e-15
5965.9775 1.5517e-15
5967.7676 1.5340e-15
5969.5576 1.4829e-15
5971.3486 1.4716e-15
5973.1401 1.4962e-15
5974.9321 1.5796e-15
5976.7246 1.3434e-15
5978.5176 1.3421e-15
5980.3105 1.4044e-15
5982.1055 1.3176e-15
5983.8999 1.5002e-15
5985.6948 1.3039e-15
5987.4907 1.3789e-15
5989.2871 1.4351e-15
5991.0840 1.4878e-15
5992.8813 1.2814e-15
5994.6792 1.3593e-15
5996.4775 1.2645e-15
5998.2764 1.3468e-15
6000.0757 1.3104e-15
6001.8760 1.5068e-15
6003.6768 1.2402e-15
6005.4775 1.3824e-15
6007.2798 1.3070e-15
6009.0815 1.3429e-15
6010.8838 1.3307e-15
6012.6870 1.1241e-15
6014.4912 1.3434e-15
6016.2954 1.3704e-15
6018.1001 1.3596e-15
6019.9058 1.2871e-15
6021.7114 1.3802e-15
6023.5181 1.2187e-15
6025.3257 1.2582e-15
6027.1333 1.1366e-15
6028.9414 1.3356e-15
6030.7495 1.1963e-15
6032.5591 1.3605e-15
6034.3687 1.2978e-15
6036.1787 1.2416e-15
6037.9902 1.1190e-15
6039.8013 1.2245e-15
6041.6138 1.1272e-15
6043.4258 1.1952e-15
6045.2393 1.1985e-15
6047.0522 1.1849e-15
6048.8667 1.1393e-15
6050.6812 1.2882e-15
6052.4961 1.1526e-15
6054.3120 1.2422e-15
6056.1284 1.1680e-15
6057.9453 1.2833e-15
6059.7627 1.1634e-15
6061.5811 1.1469e-15
6063.3989 1.3246e-15
6065.2178 1.0024e-15
6067.0376 1.1315e-15
6068.8579 1.0042e-15
6070.6782 1.1436e-15
6072.4995 1.2495e-15
6074.3213 1.1132e-15
6076.1436 1.0570e-15
6077.9668 1.0989e-15
6079.7896 1.1054e-15
6081.6138 9.7973e-16
6083.4385 9.4538e-16
6085.2632 1.0158e-15
6087.0889 1.0543e-15
6088.9150 9.3049e-16
6090.7417 1.0881e-15
6092.5693 1.0480e-15
6094.3965 8.9678e-16
6096.2251 1.0016e-15
6098.0542 8.6996e-16
6099.8833 8.1652e-16
6101.7134 9.9814e-16
6103.5435 9.7012e-16
6105.3750 9.7887e-16
6107.2065 1.0664e-15
6109.0386 9.1662e-16
6110.8711 9.9376e-16
6112.7046 1.0206e-15
6114.5386 8.4473e-16
6116.3730 9.3814e-16
6118.2080 9.1805e-16
6120.0425 9.1421e-16
6121.8794 8.5762e-16
6123.7158 9.4425e-16
6125.5527 8.8466e-16
6127.3901 1.1044e-15
6129.2285 1.0102e-15
6131.0674 9.0313e-16
6132.9067 9.7563e-16
6134.7466 9.8445e-16
6136.5869 8.4356e-16
6138.4282 9.3679e-16
6140.2700 8.7074e-16
6142.1118 1.1507e-15
6143.9546 1.0310e-15
6145.7979 8.3658e-16
6147.6406 1.0170e-15
6149.4854 9.0654e-16
6151.3301 9.6724e-16
6153.1763 1.0785e-15
6155.0220 1.0588e-15
6156.8682 9.8303e-16
6158.7153 1.0045e-15
6160.5630 8.7827e-16
6162.4111 9.7332e-16
6164.2593 1.1522e-15
6166.1094 9.0928e-16
6167.9590 9.3863e-16
6169.8091 9.7286e-16
6171.6602 8.8904e-16
6173.5117 1.0150e-15
6175.3638 8.4098e-16
6177.2163 9.6144e-16
6179.0693 1.0139e-15
6180.9233 9.8438e-16
6182.7773 1.0287e-15
6184.6328 1.0801e-15
6186.4878 8.5194e-16
6188.3442 9.1909e-16
6190.2007 9.4735e-16
6192.0571 9.7998e-16
6193.9150 1.0886e-15
6195.7729 1.0004e-15
6197.6318 1.0565e-15
6199.4912 1.0926e-15
6201.3511 1.0394e-15
6203.2114 9.5889e-16
6205.0723 9.2231e-16
6206.9336 9.5550e-16
6208.7959 1.2696e-15
6210.6587 1.0784e-15
6212.5220 9.6886e-16
6214.3857 9.4284e-16
6216.2495 1.0078e-15
6218.1147 1.0410e-15
6219.9805 1.1620e-15
6221.8457 1.0205e-15
6223.7124 1.0518e-15
6225.5801 8.6753e-16
6227.4473 1.0687e-15
6229.3154 1.0162e-15
6231.1846 8.9868e-16
6233.0537 9.9705e-16
6234.9238 1.0573e-15
6236.7944 1.0543e-15
6238.6650 9.3456e-16
6240.5371 9.7676e-16
6242.4092 9.3185e-16
6244.2817 9.9483e-16
6246.1548 1.1038e-15
6248.0283 9.5801e-16
6249.9033 1.0633e-15
6251.7778 1.0878e-15
6253.6538 9.9974e-16
6255.5303 1.0141e-15
6257.4067 9.7444e-16
6259.2842 9.5934e-16
6261.1616 9.2562e-16
6263.0396 1.2426e-15
6264.9189 1.0983e-15
6266.7983 1.0055e-15
6268.6787 8.8603e-16
6270.5591 9.9384e-16
6272.4399 1.0784e-15
6274.3218 1.0258e-15
6276.2041 9.2674e-16
6278.0869 9.7547e-16
6279.9707 9.6957e-16
6281.8545 1.0015e-15
6283.7393 8.9427e-16
6285.6240 1.0857e-15
6287.5098 1.0043e-15
6289.3965 9.8433e-16
6291.2827 9.3576e-16
6293.1699 9.8132e-16
6295.0581 1.0286e-15
6296.9468 1.0151e-15
6298.8359 1.0583e-15
6300.7251 1.0201e-15
6302.6157 9.2960e-16
6304.5063 9.7435e-16
6306.3979 1.0034e-15
6308.2900 1.1177e-15
6310.1821 1.2038e-15
6312.0757 1.1369e-15
6313.9692 1.0639e-15
6315.8633 1.2137e-15
6317.7578 9.4234e-16
6319.6528 1.0306e-15
6321.5488 1.1121e-15
6323.4453 1.0234e-15
6325.3428 1.0632e-15
6327.2402 1.0693e-15
6329.1382 9.9824e-16
6331.0371 1.0029e-15
6332.9365 1.0805e-15
6334.8364 9.7110e-16
6336.7368 8.8644e-16
6338.6377 9.1411e-16
6340.5396 1.0318e-15
6342.4414 1.0145e-15
6344.3447 1.0345e-15
6346.2476 1.0342e-15
6348.1514 9.3496e-16
6350.0557 9.9380e-16
6351.9609 1.0372e-15
6353.8662 9.5404e-16
6355.7729 9.8636e-16
6357.6797 9.4164e-16
6359.5864 9.6627e-16
6361.4946 9.3676e-16
6363.4028 9.3782e-16
6365.3120 8.6869e-16
6367.2212 9.5615e-16
6369.1318 1.0246e-15
6371.0430 8.5885e-16
6372.9541 1.0636e-15
6374.8657 1.0621e-15
6376.7783 9.5274e-16
6378.6914 8.3307e-16
6380.6045 9.1403e-16
6382.5190 9.0832e-16
6384.4336 9.4146e-16
6386.3491 1.0215e-15
6388.2651 1.0284e-15
6390.1816 9.1804e-16
6392.0986 9.1961e-16
6394.0161 9.8729e-16
6395.9341 9.0416e-16
6397.8530 9.0291e-16
6399.7725 9.2064e-16
6401.6924 8.7967e-16
6403.6128 9.0478e-16
6405.5342 9.1215e-16
6407.4556 9.5819e-16
6409.3779 9.6557e-16
6411.3008 8.0903e-16
6413.2241 8.1074e-16
6415.1479 8.6205e-16
6417.0723 8.5115e-16
6418.9976 8.7198e-16
6420.9233 9.6625e-16
6422.8501 9.0902e-16
6424.7764 9.0006e-16
6426.7041 8.0254e-16
6428.6318 8.1704e-16
6430.5605 7.9848e-16
6432.4897 8.8475e-16
6434.4194 9.1715e-16
6436.3501 8.2567e-16
6438.2812 7.8192e-16
6440.2119 6.8773e-16
6442.1440 9.0159e-16
6444.0771 7.7205e-16
6446.0103 8.6395e-16
6447.9438 8.9502e-16
6449.8784 7.8919e-16
6451.8135 8.4356e-16
6453.7490 9.3998e-16
6455.6851 8.9783e-16
6457.6221 9.6668e-16
6459.5586 7.2311e-16
6461.4966 8.7745e-16
6463.4351 8.4902e-16
6465.3745 6.8965e-16
6467.3140 8.6291e-16
6469.2544 8.1428e-16
6471.1953 6.8152e-16
6473.1362 7.8458e-16
6475.0781 7.9483e-16
6477.0205 6.9521e-16
6478.9639 7.1531e-16
6480.9077 7.6609e-16
6482.8516 8.0566e-16
6484.7969 8.0561e-16
6486.7427 7.2795e-16
6488.6875 7.5282e-16
6490.6343 8.4845e-16
6492.5820 7.4129e-16
6494.5293 7.0990e-16
6496.4780 6.6539e-16
6498.4272 7.3142e-16
6500.3765 8.2925e-16
6502.3267 7.6548e-16
6504.2769 6.4704e-16
6506.2285 7.5733e-16
6508.1812 6.9955e-16
6510.1328 7.0369e-16
6512.0859 8.1177e-16
6514.0391 6.4865e-16
6515.9941 7.9167e-16
6517.9482 6.6728e-16
6519.9038 7.7377e-16
6521.8599 6.5691e-16
6523.8169 6.5302e-16
6525.7739 6.9558e-16
6527.7314 6.2622e-16
6529.6899 6.2928e-16
6531.6489 6.6647e-16
6533.6079 5.9710e-16
6535.5679 5.1993e-16
6537.5288 7.3602e-16
6539.4902 7.4945e-16
6541.4521 6.8396e-16
6543.4146 6.5263e-16
6545.3774 7.2870e-16
6547.3408 6.9826e-16
6549.3057 5.7456e-16
6551.2700 7.0745e-16
6553.2349 6.9402e-16
6555.2012 6.9549e-16
6557.1680 5.9807e-16
6559.1348 5.9946e-16
6561.1035 5.8455e-16
6563.0713 6.5483e-16
6565.0396 6.7772e-16
6567.0098 6.4819e-16
6568.9795 5.1699e-16
6570.9502 6.4963e-16
6572.9214 5.3494e-16
6574.8936 6.0215e-16
6576.8662 5.8486e-16
6578.8394 5.5659e-16
6580.8125 5.4077e-16
6582.7866 5.4534e-16
6584.7622 6.5277e-16
6586.7373 6.8022e-16
6588.7134 5.5326e-16
6590.6899 6.1961e-16
6592.6675 6.0336e-16
6594.6450 5.3809e-16
6596.6230 6.8781e-16
6598.6025 5.2347e-16
6600.5815 6.2482e-16
6602.5620 5.6616e-16
6604.5425 5.9821e-16
6606.5239 6.4436e-16
6608.5063 5.4679e-16
6610.4888 4.6396e-16
6612.4717 6.7071e-16
6614.4561 5.6830e-16
6616.4399 6.4324e-16
6618.4248 6.9020e-16
6620.4102 5.5688e-16
6622.3970 6.6541e-16
6624.3833 5.8313e-16
6626.3711 5.0881e-16
6628.3584 6.6834e-16
6630.3472 6.1543e-16
6632.3359 7.3622e-16
6634.3257 5.4442e-16
6636.3159 6.5520e-16
6638.3071 5.7449e-16
6640.2988 5.8937e-16
6642.2905 5.8929e-16
6644.2832 6.5968e-16
6646.2764 5.2511e-16
6648.2705 6.1713e-16
6650.2651 6.3118e-16
6652.2598 6.0853e-16
6654.2554 5.1680e-16
6656.2520 5.6741e-16
6658.2485 5.7486e-16
6660.2461 5.3600e-16
6662.2441 5.6646e-16
6664.2427 4.6486e-16
6666.2422 5.6008e-16
6668.2422 6.0898e-16
6670.2427 5.7087e-16
6672.2437 5.7593e-16
6674.2456 4.8463e-16
6676.2476 5.2186e-16
6678.2500 5.3701e-16
6680.2539 5.1201e-16
6682.2583 4.8015e-16
6684.2627 5.1875e-16
6686.2681 4.8704e-16
6688.2739 5.1233e-16
6690.2798 5.6551e-16
6692.2876 5.8570e-16
6694.2954 5.5956e-16
6696.3032 5.1444e-16
6698.3125 5.2044e-16
6700.3218 5.2847e-16
6702.3320 4.0102e-16
6704.3423 4.3516e-16
6706.3540 5.1416e-16
6708.3657 4.4646e-16
6710.3789 4.5852e-16
6712.3916 5.1248e-16
6714.4053 4.1681e-16
6716.4194 4.8348e-16
6718.4346 5.0297e-16
6720.4502 6.3188e-16
6722.4663 5.0280e-16
6724.4834 5.7695e-16
6726.5000 4.4966e-16
6728.5181 5.0264e-16
6730.5366 5.4795e-16
6732.5562 4.5562e-16
6734.5757 5.5994e-16
6736.5962 5.2181e-16
6738.6167 5.3866e-16
6740.6382 5.6416e-16
6742.6611 3.8075e-16
6744.6836 4.3758e-16
6746.7065 4.6691e-16
6748.7310 5.8034e-16
6750.7559 4.2294e-16
6752.7812 5.0852e-16
6754.8071 4.8301e-16
6756.8335 5.7539e-16
6758.8599 4.7132e-16
6760.8882 5.1041e-16
6762.9155 5.5935e-16
6764.9448 5.4229e-16
6766.9741 4.8829e-16
6769.0049 5.2776e-16
6771.0352 5.7389e-16
6773.0669 4.8484e-16
6775.0981 4.7722e-16
6777.1309 4.1795e-16
6779.1646 5.3578e-16
6781.1982 5.0391e-16
6783.2319 4.7626e-16
6785.2671 5.7931e-16
6787.3027 5.0099e-16
6789.3389 4.4388e-16
6791.3760 4.4104e-16
6793.4126 5.1959e-16
6795.4512 4.0824e-16
6797.4902 4.7595e-16
6799.5288 5.4462e-16
6801.5693 4.6186e-16
6803.6094 4.1790e-16
6805.6504 5.5245e-16
6807.6924 4.5629e-16
6809.7349 4.9554e-16
6811.7778 5.4676e-16
6813.8213 4.6847e-16
6815.8647 4.6246e-16
6817.9092 4.5391e-16
6819.9551 5.2444e-16
6822.0015 5.6094e-16
6824.0474 4.6441e-16
6826.0947 4.5389e-16
6828.1431 4.8943e-16
6830.1914 5.2292e-16
6832.2402 5.1252e-16
6834.2900 4.7266e-16
6836.3403 4.1261e-16
6838.3911 4.7353e-16
6840.4434 5.0908e-16
6842.4946 5.3659e-16
6844.5479 5.6340e-16
6846.6011 4.6831e-16
6848.6548 4.7054e-16
6850.7100 5.4681e-16
6852.7646 4.9337e-16
6854.8208 5.3316e-16
6856.8765 4.7274e-16
6858.9336 5.2630e-16
6860.9917 4.4627e-16
6863.0498 4.3292e-16
6865.1094 3.9829e-16
6867.1689 5.5810e-16
6869.2285 4.3716e-16
6871.2900 5.0534e-16
6873.3506 4.1427e-16
6875.4126 5.1974e-16
6877.4756 5.8271e-16
6879.5386 4.7538e-16
6881.6025 4.1518e-16
6883.6670 4.6370e-16
6885.7319 5.0097e-16
6887.7979 5.6307e-16
6889.8643 5.2350e-16
6891.9307 5.4627e-16
6893.9990 4.7370e-16
6896.0669 4.0261e-16
6898.1357 5.2913e-16
6900.2051 4.3543e-16
6902.2754 5.1962e-16
6904.3462 4.7780e-16
6906.4170 5.5804e-16
6908.4888 4.8017e-16
6910.5620 5.3063e-16
6912.6348 4.1927e-16
6914.7085 4.9028e-16
6916.7832 5.4498e-16
6918.8584 5.3799e-16
6920.9341 4.6623e-16
6923.0098 4.0136e-16
6925.0869 4.4808e-16
6927.1646 3.9829e-16
6929.2422 5.7133e-16
6931.3213 3.8385e-16
6933.4009 4.8965e-16
6935.4810 3.1146e-16
6937.5615 4.4384e-16
6939.6431 4.3407e-16
6941.7246 4.1167e-16
6943.8071 5.2416e-16
6945.8901 4.7005e-16
6947.9741 4.7197e-16
6950.0586 4.5257e-16
6952.1436 4.5763e-16
6954.2290 4.2189e-16
6956.3149 5.2737e-16
6958.4023 4.7736e-16
6960.4897 5.1992e-16
6962.5781 3.7985e-16
6964.6665 4.4616e-16
6966.7563 4.2772e-16
6968.8462 4.9769e-16
6970.9370 4.4306e-16
6973.0283 3.8445e-16
6975.1201 4.8846e-16
6977.2124 5.1738e-16
6979.3057 3.8075e-16
6981.3994 4.6269e-16
6983.4941 5.6090e-16
6985.5889 4.5536e-16
6987.6846 4.3402e-16
6989.7808 4.9458e-16
6991.8779 4.5667e-16
6993.9756 4.6572e-16
6996.0737 4.7259e-16
6998.1724 4.3871e-16
7000.2715 4.3280e-16
7002.3721 5.1409e-16
7004.4727 4.1957e-16
7006.5737 4.8640e-16
7008.6763 4.1758e-16
7010.7783 4.1595e-16
7012.8818 3.5490e-16
7014.9858 5.0815e-16
7017.0898 4.3353e-16
7019.1953 4.5247e-16
7021.3008 3.9852e-16
7023.4072 3.4804e-16
7025.5146 4.1814e-16
7027.6226 4.7210e-16
7029.7305 3.0481e-16
7031.8394 4.8353e-16
7033.9492 3.8794e-16
7036.0591 5.0223e-16
7038.1694 4.2202e-16
7040.2812 4.3108e-16
7042.3931 3.8631e-16
7044.5059 3.5121e-16
7046.6196 4.7640e-16
7048.7334 4.1728e-16
7050.8481 4.2462e-16
7052.9634 3.7905e-16
7055.0791 4.0114e-16
7057.1958 4.1081e-16
7059.3125 3.9596e-16
7061.4307 3.4281e-16
7063.5493 4.3270e-16
7065.6685 3.8028e-16
7067.7881 4.6488e-16
7069.9082 3.4501e-16
7072.0298 3.5157e-16
7074.1509 4.0259e-16
7076.2734 3.8920e-16
7078.3960 3.1410e-16
7080.5195 5.2469e-16
7082.6436 3.5039e-16
7084.7681 4.5668e-16
7086.8940 4.4549e-16
7089.0200 3.8367e-16
7091.1465 4.6246e-16
7093.2734 4.8075e-16
7095.4019 4.4328e-16
7097.5308 3.2553e-16
7099.6602 3.2005e-16
7101.7900 3.7662e-16
7103.9204 3.9573e-16
7106.0513 4.3718e-16
7108.1836 4.1896e-16
7110.3159 3.7512e-16
7112.4492 4.6363e-16
7114.5825 4.1670e-16
7116.7163 3.7592e-16
7118.8521 4.2314e-16
7120.9878 4.2812e-16
7123.1240 4.2218e-16
7125.2607 3.8011e-16
7127.3984 4.5973e-16
7129.5361 4.3725e-16
7131.6753 3.5744e-16
7133.8149 3.3819e-16
7135.9551 4.0229e-16
7138.0957 4.0120e-16
7140.2373 3.5459e-16
7142.3794 3.7897e-16
7144.5220 4.9396e-16
7146.6655 4.8969e-16
7148.8091 3.8940e-16
7150.9536 3.6697e-16
7153.0996 3.8548e-16
7155.2456 3.7180e-16
7157.3921 4.1913e-16
7159.5391 4.0505e-16
7161.6870 3.2709e-16
7163.8350 3.4965e-16
7165.9849 3.7024e-16
7168.1348 3.7782e-16
7170.2847 3.7290e-16
7172.4360 3.8190e-16
7174.5874 2.8627e-16
7176.7402 3.8385e-16
7178.8931 3.2849e-16
7181.0469 3.9771e-16
7183.2012 3.6458e-16
7185.3560 4.0429e-16
7187.5117 3.9051e-16
7189.6680 3.6688e-16
7191.8247 3.8891e-16
7193.9824 3.7473e-16
7196.1401 4.6361e-16
7198.2993 4.0386e-16
7200.4595 3.1334e-16
7202.6191 3.9565e-16
7204.7798 4.3141e-16
7206.9414 3.8520e-16
7209.1030 3.4537e-16
7211.2656 3.9391e-16
7213.4292 3.3987e-16
7215.5938 3.8058e-16
7217.7578 3.5675e-16
7219.9238 3.4112e-16
7222.0894 3.2010e-16
7224.2563 3.6070e-16
7226.4233 2.9081e-16
7228.5913 3.1629e-16
7230.7598 4.5096e-16
7232.9292 4.1721e-16
7235.0991 3.7381e-16
7237.2695 4.4327e-16
7239.4409 4.2107e-16
7241.6128 2.8921e-16
7243.7847 3.4481e-16
7245.9580 3.3521e-16
7248.1318 3.4320e-16
7250.3066 4.1922e-16
7252.4819 3.2744e-16
7254.6567 4.1741e-16
7256.8340 3.7326e-16
7259.0103 3.0605e-16
7261.1885 3.6384e-16
7263.3667 4.1780e-16
7265.5454 4.2921e-16
7267.7251 3.3121e-16
7269.9053 3.3749e-16
7272.0864 2.9339e-16
7274.2681 2.7443e-16
7276.4507 3.1468e-16
7278.6338 4.5181e-16
7280.8174 4.4351e-16
7283.0010 3.6045e-16
7285.1865 3.3869e-16
7287.3716 3.0282e-16
7289.5581 2.1918e-16
7291.7451 4.2343e-16
7293.9321 3.3737e-16
7296.1206 3.3678e-16
7298.3096 3.6614e-16
7300.4990 3.8168e-16
7302.6890 2.9629e-16
7304.8799 4.1150e-16
7307.0713 3.3115e-16
7309.2632 3.8123e-16
7311.4565 3.5580e-16
7313.6499 3.0483e-16
7315.8433 4.4485e-16
7318.0381 3.1423e-16
7320.2339 3.3992e-16
7322.4302 2.5292e-16
7324.6270 3.7390e-16
7326.8247 2.8583e-16
7329.0220 3.4013e-16
7331.2207 3.1424e-16
7333.4199 3.3863e-16
7335.6206 3.1240e-16
7337.8208 3.0297e-16
7340.0220 2.4600e-16
7342.2246 3.7801e-16
7344.4272 3.0684e-16
7346.6304 3.4363e-16
7348.8345 3.8350e-16
7351.0386 3.5323e-16
7353.2446 3.3921e-16
7355.4502 3.3233e-16
7357.6567 3.2924e-16
7359.8638 3.2644e-16
7362.0718 2.7859e-16
7364.2808 3.4976e-16
7366.4897 2.7865e-16
7368.6997 3.5086e-16
7370.9106 2.0833e-16
7373.1226 2.3363e-16
7375.3340 3.0623e-16
7377.5464 2.4398e-16
7379.7593 3.4499e-16
7381.9736 3.1685e-16
7384.1880 3.0683e-16
7386.4038 2.8540e-16
7388.6191 3.4814e-16
7390.8359 2.9084e-16
7393.0527 2.6048e-16
7395.2715 3.1976e-16
7397.4893 3.0946e-16
7399.7085 3.3224e-16
7401.9282 2.8755e-16
7404.1499 2.5330e-16
7406.3711 2.7530e-16
7408.5923 2.4238e-16
7410.8154 3.3345e-16
7413.0386 2.5104e-16
7415.2627 2.7158e-16
7417.4868 2.3908e-16
7419.7124 3.0744e-16
7421.9380 2.7326e-16
7424.1646 3.2558e-16
7426.3921 3.1146e-16
7428.6196 3.0517e-16
7430.8486 3.1606e-16
7433.0781 2.5706e-16
7435.3081 3.6166e-16
7437.5381 2.7428e-16
7439.7695 2.6241e-16
7442.0010 2.0292e-16
7444.2334 2.6948e-16
7446.4673 2.4537e-16
7448.7007 2.7631e-16
7450.9360 3.2995e-16
7453.1709 3.4745e-16
7455.4072 2.5659e-16
7457.6436 3.1692e-16
7459.8809 2.3773e-16
7462.1187 2.4667e-16
7464.3579 2.6260e-16
7466.5967 2.8518e-16
7468.8369 3.2932e-16
7471.0771 3.3771e-16
7473.3193 2.6671e-16
7475.5605 3.4874e-16
7477.8037 3.0597e-16
7480.0464 3.1684e-16
7482.2905 2.9963e-16
7484.5356 2.8723e-16
7486.7812 3.2549e-16
7489.0273 2.4021e-16
7491.2734 2.5334e-16
7493.5205 3.9517e-16
7495.7690 3.0483e-16
7498.0176 3.0290e-16
7500.2676 2.9198e-16
7502.5171 2.6784e-16
7504.7681 2.4194e-16
7507.0195 2.8643e-16
7509.2715 3.0258e-16
7511.5239 2.0439e-16
7513.7773 3.4908e-16
7516.0317 3.4418e-16
7518.2866 2.4934e-16
7520.5425 2.3359e-16
7522.7983 2.2845e-16
7525.0557 2.9787e-16
7527.3125 3.3932e-16
7529.5708 3.2499e-16
7531.8296 2.9919e-16
7534.0894 1.7114e-16
7536.3491 2.8526e-16
7538.6104 2.7317e-16
7540.8716 2.2199e-16
7543.1343 2.7827e-16
7545.3975 2.8949e-16
7547.6611 3.1784e-16
7549.9253 3.6026e-16
7552.1899 2.1952e-16
7554.4556 2.9054e-16
7556.7222 2.2509e-16
7558.9888 2.5861e-16
7561.2568 3.5509e-16
7563.5254 2.5340e-16
7565.7944 2.8028e-16
7568.0640 3.4256e-16
7570.3345 2.8653e-16
7572.6055 2.8429e-16
7574.8774 2.6855e-16
7577.1499 3.2474e-16
7579.4229 2.4207e-16
7581.6968 2.9470e-16
7583.9712 3.2864e-16
7586.2466 2.1727e-16
7588.5220 2.3926e-16
7590.7983 2.5450e-16
7593.0757 2.8160e-16
7595.3540 2.1241e-16
7597.6323 2.4792e-16
7599.9116 3.1709e-16
7602.1924 2.7103e-16
7604.4722 2.6577e-16
7606.7539 2.5494e-16
7609.0361 2.7781e-16
7611.3184 2.6398e-16
7613.6025 2.3250e-16
7615.8857 2.4975e-16
7618.1709 2.9888e-16
7620.4565 2.9511e-16
7622.7422 3.4253e-16
7625.0293 3.1417e-16
7627.3164 2.8655e-16
7629.6055 3.2607e-16
7631.8940 2.8919e-16
7634.1836 2.4188e-16
7636.4741 2.9491e-16
7638.7642 2.9077e-16
7641.0562 2.3086e-16
7643.3486 3.0598e-16
7645.6416 2.8611e-16
7647.9351 3.1517e-16
7650.2295 2.8288e-16
7652.5249 3.0716e-16
7654.8203 2.4745e-16
7657.1172 2.4687e-16
7659.4141 2.4984e-16
7661.7119 2.9441e-16
7664.0107 2.7695e-16
7666.3101 3.0453e-16
7668.6094 2.2945e-16
7670.9097 3.8384e-16
7673.2119 1.8265e-16
7675.5132 2.5960e-16
7677.8159 3.1152e-16
7680.1196 2.8653e-16
7682.4238 1.9540e-16
7684.7275 2.0574e-16
7687.0332 2.7634e-16
7689.3394 2.7830e-16
7691.6465 3.6444e-16
7693.9541 3.0409e-16
7696.2617 3.4624e-16
7698.5708 2.6239e-16
7700.8809 2.8081e-16
7703.1909 3.2245e-16
7705.5024 3.1617e-16
7707.8135 2.9289e-16
7710.1255 3.2640e-16
7712.4390 3.0242e-16
7714.7524 2.7982e-16
7717.0664 3.4444e-16
7719.3823 2.4734e-16
7721.6982 2.8230e-16
7724.0146 3.0956e-16
7726.3315 2.9815e-16
7728.6494 2.6430e-16
7730.9683 2.4512e-16
7733.2876 3.7323e-16
7735.6069 2.7378e-16
7737.9282 3.1603e-16
7740.2495 3.2220e-16
7742.5718 2.8721e-16
7744.8950 3.2147e-16
7747.2173 2.4882e-16
7749.5415 3.1886e-16
7751.8672 2.9522e-16
7754.1919 2.4756e-16
7756.5186 2.5994e-16
7758.8457 3.2056e-16
7761.1729 3.3367e-16
7763.5020 2.1253e-16
7765.8306 3.2107e-16
7768.1606 2.6305e-16
7770.4907 2.5227e-16
7772.8218 2.7570e-16
7775.1543 2.7255e-16
7777.4863 2.6123e-16
7779.8193 2.3561e-16
7782.1533 2.9042e-16
7784.4883 2.5823e-16
7786.8237 2.6113e-16
7789.1597 2.9335e-16
7791.4961 2.6279e-16
7793.8335 2.1856e-16
7796.1719 2.0085e-16
7798.5107 2.7487e-16
7800.8501 3.4651e-16
7803.1904 2.2391e-16
7805.5312 3.6917e-16
7807.8735 2.7775e-16
7810.2158 2.0786e-16
7812.5591 2.5732e-16
7814.9019 2.5936e-16
7817.2466 2.2456e-16
7819.5923 2.0455e-16
7821.9380 2.5498e-16
7824.2847 3.2561e-16
7826.6318 3.0567e-16
7828.9800 2.4067e-16
7831.3286 2.3720e-16
7833.6777 2.8414e-16
7836.0278 3.1061e-16
7838.3789 2.6387e-16
7840.7300 2.6181e-16
7843.0825 2.9168e-16
7845.4355 3.1918e-16
7847.7896 2.2122e-16
7850.1431 2.9437e-16
7852.4980 2.4942e-16
7854.8545 2.9320e-16
7857.2104 2.7729e-16
7859.5674 3.0480e-16
7861.9258 2.5846e-16
7864.2842 2.3054e-16
7866.6436 3.1151e-16
7869.0034 2.7423e-16
7871.3647 2.5991e-16
7873.7261 2.7664e-16
7876.0879 2.8042e-16
7878.4507 2.5840e-16
7880.8145 2.8296e-16
7883.1782 1.5704e-16
7885.5430 3.0745e-16
7887.9087 3.0771e-16
7890.2754 3.3878e-16
7892.6421 2.9788e-16
7895.0098 2.4662e-16
7897.3784 2.3496e-16
7899.7476 2.5473e-16
7902.1172 2.8212e-16
7904.4883 2.1888e-16
7906.8599 1.8782e-16
7909.2319 2.4374e-16
7911.6045 2.4822e-16
7913.9785 2.5737e-16
7916.3525 3.0516e-16
7918.7271 2.7629e-16
7921.1025 2.0584e-16
7923.4790 2.9134e-16
7925.8564 2.5952e-16
7928.2344 2.7639e-16
7930.6123 2.2987e-16
7932.9912 2.5351e-16
7935.3721 2.5168e-16
7937.7524 2.3444e-16
7940.1333 2.1447e-16
7942.5156 2.9525e-16
7944.8984 3.4273e-16
7947.2817 3.1215e-16
7949.6660 2.1989e-16
7952.0508 2.6126e-16
7954.4360 2.6921e-16
7956.8228 2.6830e-16
7959.2100 3.0285e-16
7961.5977 2.4301e-16
7963.9863 2.4798e-16
7966.3750 2.8100e-16
7968.7651 2.8612e-16
7971.1553 3.4763e-16
7973.5474 2.3664e-16
7975.9390 2.7585e-16
7978.3320 2.5818e-16
7980.7256 2.0789e-16
7983.1196 3.2899e-16
7985.5151 2.3495e-16
7987.9102 3.1986e-16
7990.3071 2.7287e-16
7992.7036 2.3503e-16
7995.1021 3.5978e-16
7997.5000 2.9142e-16
7999.8994 3.1891e-16
8002.2993 2.3828e-16
8004.7007 2.9131e-16
8007.1016 2.4192e-16
8009.5034 2.7629e-16
8011.9067 2.8525e-16
8014.3101 2.9083e-16
8016.7144 2.7142e-16
8019.1191 2.6056e-16
8021.5249 2.5253e-16
8023.9312 2.5409e-16
8026.3389 3.2427e-16
8028.7466 2.8289e-16
8031.1553 2.9647e-16
8033.5645 2.4524e-16
8035.9746 3.0544e-16
8038.3853 2.7350e-16
8040.7964 2.5403e-16
8043.2095 2.5549e-16
8045.6221 2.5816e-16
8048.0361 2.7044e-16
8050.4502 2.0954e-16
8052.8657 3.2264e-16
8055.2812 3.2481e-16
8057.6973 2.7307e-16
8060.1152 3.0697e-16
8062.5332 3.1127e-16
8064.9521 2.5848e-16
8067.3716 2.3639e-16
8069.7920 2.7883e-16
8072.2124 2.1906e-16
8074.6343 2.3226e-16
8077.0566 2.0855e-16
8079.4805 2.6120e-16
8081.9033 2.6913e-16
8084.3286 3.0485e-16
8086.7534 2.5744e-16
8089.1802 2.9505e-16
8091.6060 2.4591e-16
8094.0337 3.0038e-16
8096.4619 2.5444e-16
8098.8911 3.2916e-16
8101.3203 2.6399e-16
8103.7515 2.6470e-16
8106.1821 3.7650e-16
8108.6143 3.3691e-16
8111.0459 2.5471e-16
8113.4800 3.3575e-16
8115.9141 3.0692e-16
8118.3486 3.2219e-16
8120.7842 3.1515e-16
8123.2202 2.1775e-16
8125.6572 2.9833e-16
8128.0952 3.0828e-16
8130.5332 2.7720e-16
8132.9727 2.5899e-16
8135.4126 2.8560e-16
8137.8525 3.2468e-16
8140.2944 2.2415e-16
8142.7368 2.7027e-16
8145.1797 2.8104e-16
8147.6230 3.0284e-16
8150.0674 2.9649e-16
8152.5127 3.0905e-16
8154.9580 3.1723e-16
8157.4043 3.0284e-16
8159.8516 2.1954e-16
8162.2993 3.0295e-16
8164.7480 2.6882e-16
8167.1982 2.3915e-16
8169.6479 2.9374e-16
8172.0986 3.2173e-16
8174.5503 1.6793e-16
8177.0024 2.6076e-16
8179.4561 2.4791e-16
8181.9097 2.2531e-16
8184.3643 2.3042e-16
8186.8193 3.3137e-16
8189.2754 2.7332e-16
8191.7324 3.1130e-16
8194.1895 2.7489e-16
8196.6484 2.1613e-16
8199.1074 2.4752e-16
8201.5664 2.6717e-16
8204.0273 2.5867e-16
8206.4893 3.4946e-16
8208.9512 3.0303e-16
8211.4131 3.5140e-16
8213.8760 3.0115e-16
8216.3408 3.2991e-16
8218.8066 2.8148e-16
8221.2715 2.9963e-16
8223.7373 3.4758e-16
8226.2051 2.9940e-16
8228.6729 2.6260e-16
8231.1416 3.5202e-16
8233.6113 3.2788e-16
8236.0811 3.0463e-16
8238.5518 3.3374e-16
8241.0234 3.4586e-16
8243.4951 3.9539e-16
8245.9688 2.6842e-16
8248.4424 3.5916e-16
8250.9170 2.6997e-16
8253.3926 3.1325e-16
8255.8682 2.7078e-16
8258.3447 3.8070e-16
8260.8223 2.9783e-16
8263.3008 3.6366e-16
8265.7803 3.4275e-16
8268.2598 3.0334e-16
8270.7393 3.1728e-16
8273.2207 3.4039e-16
8275.7031 3.5523e-16
8278.1865 3.9211e-16
8280.6699 2.8617e-16
8283.1533 3.1894e-16
8285.6387 2.6617e-16
8288.1230 3.0991e-16
8290.6104 3.2110e-16
8293.0977 3.2485e-16
8295.5859 3.8516e-16
8298.0742 2.7359e-16
8300.5635 2.5147e-16
8303.0537 3.6803e-16
8305.5449 3.5278e-16
8308.0361 2.9815e-16
8310.5293 4.7572e-16
8313.0225 3.2324e-16
8315.5156 3.3597e-16
8318.0107 3.5048e-16
8320.5059 3.1882e-16
8323.0020 3.3535e-16
8325.4990 2.8804e-16
8327.9961 2.8815e-16
8330.4951 2.6291e-16
8332.9941 3.6491e-16
8335.4941 3.6854e-16
8337.9951 2.3991e-16
8340.4961 3.6448e-16
8342.9980 3.7971e-16
8345.5020 2.9790e-16
8348.0049 2.8317e-16
8350.5088 3.1935e-16
8353.0146 2.9896e-16
8355.5205 2.2512e-16
8358.0273 4.1217e-16
8360.5342 3.6001e-16
8363.0430 3.3825e-16
8365.5518 3.6455e-16
8368.0615 3.4860e-16
8370.5713 3.5490e-16
8373.0830 2.9374e-16
8375.5938 3.5425e-16
8378.1074 3.5327e-16
8380.6211 3.0532e-16
8383.1348 2.4043e-16
8385.6504 3.6202e-16
8388.1660 3.4819e-16
8390.6816 3.0792e-16
8393.1992 3.0908e-16
8395.7168 3.6976e-16
8398.2363 2.2879e-16
8400.7559 3.3292e-16
8403.2754 3.7878e-16
8405.7969 3.8046e-16
8408.3193 3.4984e-16
8410.8408 3.4648e-16
8413.3633 3.3536e-16
8415.8877 3.6346e-16
8418.4121 3.1107e-16
8420.9385 3.9479e-16
8423.4648 2.6867e-16
8425.9912 3.3641e-16
8428.5195 3.2793e-16
8431.0479 3.0583e-16
8433.5781 3.4008e-16
8436.1074 3.9260e-16
8438.6377 3.2391e-16
8441.1699 3.2277e-16
8443.7021 2.8789e-16
8446.2354 3.9407e-16
8448.7695 3.4630e-16
8451.3037 3.7513e-16
8453.8398 3.5912e-16
8456.3750 3.7550e-16
8458.9121 3.1442e-16
8461.4502 2.7957e-16
8463.9883 3.0948e-16
8466.5273 3.6615e-16
8469.0674 3.6923e-16
8471.6084 3.1483e-16
8474.1494 3.1817e-16
8476.6914 3.1291e-16
8479.2354 4.0696e-16
8481.7783 3.5922e-16
8484.3232 4.6948e-16
8486.8682 3.0718e-16
8489.4141 3.4465e-16
8491.9619 3.3676e-16
8494.5098 3.2302e-16
8497.0576 3.8186e-16
8499.6064 3.2761e-16
8502.1562 3.0528e-16
8504.7070 4.0284e-16
8507.2588 4.0940e-16
8509.8105 3.4579e-16
8512.3633 3.5383e-16
8514.9170 3.6695e-16
8517.4717 3.9082e-16
8520.0273 3.0599e-16
8522.5830 3.6208e-16
8525.1396 3.6784e-16
8527.6973 3.3212e-16
8530.2559 3.2267e-16
8532.8145 3.2705e-16
8535.3750 3.6520e-16
8537.9346 3.1569e-16
8540.4961 2.9870e-16
8543.0586 3.4142e-16
8545.6211 2.7145e-16
8548.1855 3.9495e-16
8550.7500 3.2601e-16
8553.3145 3.7555e-16
8555.8809 3.3018e-16
8558.4482 2.8417e-16
8561.0156 3.1917e-16
8563.5840 2.9233e-16
8566.1533 3.4986e-16
8568.7227 2.9238e-16
8571.2930 2.8449e-16
8573.8643 2.9541e-16
8576.4365 2.9543e-16
8579.0098 3.2600e-16
8581.5830 3.3397e-16
8584.1582 2.7422e-16
8586.7334 3.3100e-16
8589.3096 3.0008e-16
8591.8857 3.4278e-16
8594.4639 2.7660e-16
8597.0420 2.8314e-16
8599.6211 2.8429e-16
8602.2002 3.1088e-16
8604.7812 2.7609e-16
8607.3623 3.2257e-16
8609.9453 3.2036e-16
8612.5283 3.4886e-16
8615.1123 3.4669e-16
8617.6963 2.8723e-16
8620.2822 3.8134e-16
8622.8672 2.9853e-16
8625.4541 3.0200e-16
8628.0420 2.7003e-16
8630.6309 3.0584e-16
8633.2197 3.1034e-16
8635.8096 3.8137e-16
8638.4004 2.4947e-16
8640.9922 3.5739e-16
8643.5850 3.2269e-16
8646.1777 3.1430e-16
8648.7715 3.3079e-16
8651.3662 3.1352e-16
8653.9609 2.9179e-16
8656.5576 2.9449e-16
8659.1543 2.4967e-16
8661.7520 3.2380e-16
8664.3506 3.6483e-16
8666.9502 3.2027e-16
8669.5498 2.5468e-16
8672.1504 3.2411e-16
8674.7529 2.9671e-16
8677.3555 2.7097e-16
8679.9580 2.7273e-16
8682.5625 3.7789e-16
8685.1670 2.7755e-16
8687.7725 3.1820e-16
8690.3789 2.7788e-16
8692.9863 2.8386e-16
8695.5938 2.8882e-16
8698.2031 2.9578e-16
8700.8115 3.0903e-16
8703.4219 2.6613e-16
8706.0332 2.9958e-16
8708.6455 2.8295e-16
8711.2578 2.9721e-16
8713.8711 3.2241e-16
8716.4854 2.8120e-16
8719.1006 2.8944e-16
8721.7158 3.0895e-16
8724.3320 2.8354e-16
8726.9492 2.6285e-16
8729.5674 3.1061e-16
8732.1865 3.5571e-16
8734.8066 2.3259e-16
8737.4268 2.8345e-16
8740.0479 2.8114e-16
8742.6699 2.9932e-16
8745.2930 3.0029e-16
8747.9160 3.1059e-16
8750.5410 3.0105e-16
8753.1660 2.8201e-16
8755.7920 2.9996e-16
8758.4189 2.6222e-16
8761.0459 3.0626e-16
8763.6748 2.7118e-16
8766.3037 2.8082e-16
8768.9336 2.1499e-16
8771.5645 3.2899e-16
8774.1963 2.6210e-16
8776.8271 2.2745e-16
8779.4600 2.0408e-16
8782.0947 2.9077e-16
8784.7295 3.0653e-16
8787.3652 2.8638e-16
8790.0010 2.5768e-16
8792.6387 2.4008e-16
8795.2764 3.0784e-16
8797.9150 3.0055e-16
8800.5537 2.7213e-16
8803.1943 2.8653e-16
8805.8350 2.9215e-16
8808.4766 2.5319e-16
8811.1191 2.3249e-16
8813.7627 2.6691e-16
8816.4072 2.7695e-16
8819.0508 2.3407e-16
8821.6973 2.2896e-16
8824.3438 2.5945e-16
8826.9912 2.4950e-16
8829.6387 2.5738e-16
8832.2881 2.4210e-16
8834.9375 1.9676e-16
8837.5889 2.5476e-16
8840.2393 2.3114e-16
8842.8916 2.3502e-16
8845.5439 2.1629e-16
8848.1973 2.6808e-16
8850.8525 2.2722e-16
8853.5078 2.4025e-16
8856.1641 2.4091e-16
8858.8203 2.2875e-16
8861.4785 3.1068e-16
8864.1367 2.7507e-16
8866.7959 2.4747e-16
8869.4570 3.1066e-16
8872.1172 2.5600e-16
8874.7793 2.1482e-16
8877.4404 2.3288e-16
8880.1045 2.6336e-16
8882.7686 2.7161e-16
8885.4336 2.4626e-16
8888.0986 2.7581e-16
8890.7646 2.6105e-16
8893.4326 2.3420e-16
8896.1006 2.3256e-16
8898.7686 2.5802e-16
8901.4385 2.2940e-16
8904.1104 1.8020e-16
8906.7812 2.4862e-16
8909.4531 1.6304e-16
8912.1260 1.6366e-16
8914.7988 2.0177e-16
8917.4736 2.2360e-16
8920.1494 2.4965e-16
8922.8252 2.3500e-16
8925.5020 2.8724e-16
8928.1797 2.4406e-16
8930.8574 2.5190e-16
8933.5371 1.8961e-16
8936.2168 2.8152e-16
8938.8984 2.1186e-16
8941.5791 2.3637e-16
8944.2617 2.2078e-16
8946.9453 2.2247e-16
8949.6299 1.9423e-16
8952.3145 2.0672e-16
8955.0000 2.6831e-16
8957.6865 2.5833e-16
8960.3740 2.3896e-16
8963.0625 2.2982e-16
8965.7500 2.4800e-16
8968.4404 2.0594e-16
8971.1309 2.4334e-16
8973.8232 2.2477e-16
8976.5146 2.5238e-16
8979.2080 1.8715e-16
8981.9014 2.2302e-16
8984.5957 2.0390e-16
8987.2920 1.9504e-16
8989.9873 1.6914e-16
8992.6855 2.0733e-16
8995.3818 2.3926e-16
8998.0811 2.8820e-16
9000.7803 2.3885e-16
9003.4805 1.9754e-16
9006.1816 2.5004e-16
9008.8828 2.4380e-16
9011.5859 2.2121e-16
9014.2900 1.8497e-16
9016.9941 2.0604e-16
9019.6992 2.3974e-16
9022.4043 2.1556e-16
9025.1113 1.8808e-16
9027.8193 2.1505e-16
9030.5273 1.9030e-16
9033.2363 2.2928e-16
9035.9473 1.8641e-16
9038.6572 2.6872e-16
9041.3691 2.1918e-16
9044.0811 1.7917e-16
9046.7939 1.9742e-16
9049.5088 1.8191e-16
9052.2236 2.2358e-16
9054.9385 2.5887e-16
9057.6553 2.2091e-16
9060.3730 2.5505e-16
9063.0908 2.2468e-16
9065.8105 1.6816e-16
9068.5293 2.2445e-16
9071.2500 1.8642e-16
9073.9717 2.1606e-16
9076.6943 2.3006e-16
9079.4170 2.4032e-16
9082.1406 1.8320e-16
9084.8662 2.2273e-16
9087.5908 2.1883e-16
9090.3174 2.1717e-16
9093.0439 1.7472e-16
9095.7715 2.0891e-16
9098.5010 2.1806e-16
9101.2305 1.7869e-16
9103.9609 2.4636e-16
9106.6924 2.0705e-16
9109.4238 2.2765e-16
9112.1572 2.0707e-16
9114.8906 2.5379e-16
9117.6250 2.5894e-16
9120.3604 1.8688e-16
9123.0967 2.3348e-16
9125.8330 2.5303e-16
9128.5713 2.0630e-16
9131.3096 1.5908e-16
9134.0488 2.1008e-16
9136.7891 2.2781e-16
9139.5303 1.6597e-16
9142.2725 1.8028e-16
9145.0146 1.9528e-16
9147.7578 1.9325e-16
9150.5020 2.0997e-16
9153.2480 1.8770e-16
9155.9941 1.4730e-16
9158.7412 1.7741e-16
9161.4883 2.0241e-16
9164.2373 1.7771e-16
9166.9854 1.5545e-16
9169.7363 1.6768e-16
9172.4863 2.3356e-16
9175.2383 1.7506e-16
9177.9912 1.5344e-16
9180.7441 1.3227e-16
9183.4990 1.5248e-16
9186.2539 1.9605e-16
9189.0098 2.1595e-16
9191.7666 1.7044e-16
9194.5244 1.8123e-16
9197.2822 1.4524e-16
9200.0420 1.3240e-16
9202.8008 1.7895e-16
9205.5625 1.4695e-16
9208.3242 1.2576e-16
9211.0869 1.6585e-16
9213.8506 2.2054e-16
9216.6143 1.9339e-16
9219.3789 1.7108e-16
9222.1455 1.6399e-16
9224.9111 1.9828e-16
9227.6797 1.4872e-16
9230.4473 2.6541e-16
9233.2168 1.8526e-16
9235.9873 1.9548e-16
9238.7578 2.0451e-16
9241.5283 1.5824e-16
9244.3018 1.5619e-16
9247.0742 1.3530e-16
9249.8486 2.4061e-16
9252.6240 2.1526e-16
9255.3994 1.8038e-16
9258.1768 1.4482e-16
9260.9531 1.2417e-16
9263.7324 1.3215e-16
9266.5107 1.9901e-16
9269.2910 1.3304e-16
9272.0723 2.4886e-16
9274.8535 2.0764e-16
9277.6357 1.7890e-16
9280.4189 1.6601e-16
9283.2031 1.2724e-16
9285.9873 1.2065e-16
9288.7744 1.6461e-16
9291.5605 1.7064e-16
9294.3486 1.4177e-16
9297.1367 1.9204e-16
9299.9258 1.3349e-16
9302.7158 1.6225e-16
9305.5059 1.4842e-16
9308.2979 1.9004e-16
9311.0908 1.5672e-16
9313.8838 1.4608e-16
9316.6777 1.1898e-16
9319.4727 1.7596e-16
9322.2686 1.9594e-16
9325.0654 1.2315e-16
9327.8623 1.5946e-16
9330.6611 1.4967e-16
9333.4609 1.7387e-16
9336.2607 1.6533e-16
9339.0615 1.4378e-16
9341.8633 2.1296e-16
9344.6650 1.7061e-16
9347.4697 1.4584e-16
9350.2725 1.2817e-16
9353.0781 1.6822e-16
9355.8848 1.7000e-16
9358.6904 1.5206e-16
9361.4980 1.6554e-16
9364.3066 1.1156e-16
9367.1172 1.3149e-16
9369.9268 1.8699e-16
9372.7373 1.1802e-16
9375.5498 1.6847e-16
9378.3623 1.5576e-16
9381.1748 1.3346e-16
9383.9902 1.3820e-16
9386.8047 1.3763e-16
9389.6221 1.6179e-16
9392.4375 1.7941e-16
9395.2549 1.6440e-16
9398.0742 1.0514e-16
9400.8936 1.5186e-16
9403.7139 1.3245e-16
9406.5352 1.2200e-16
9409.3574 1.3261e-16
9412.1807 1.4754e-16
9415.0029 1.5445e-16
9417.8281 1.5588e-16
9420.6533 1.2337e-16
9423.4795 1.3696e-16
9426.3076 1.6715e-16
9429.1348 1.1407e-16
9431.9629 1.1955e-16
9434.7930 1.2822e-16
9437.6240 1.4496e-16
9440.4541 1.2162e-16
9443.2871 1.5997e-16
9446.1191 1.2953e-16
9448.9541 1.4094e-16
9451.7881 1.3085e-16
9454.6230 1.1581e-16
9457.4600 1.2030e-16
9460.2969 1.2294e-16
9463.1348 5.6798e-17
9465.9746 1.2389e-16
9468.8145 1.3211e-16
9471.6543 1.4156e-16
9474.4961 9.3275e-17
9477.3389 1.1992e-16
9480.1816 1.0483e-16
9483.0254 1.6060e-16
9485.8701 1.0052e-16
9488.7168 1.0313e-16
9491.5635 1.0864e-16
9494.4111 1.0652e-16
9497.2588 1.1828e-16
