! -0.067 < cos(theta) < 0.067 wedge from the 1.0 Msol, 2e5 g/cc shell base
! density model from Boos et al. 2021 with decayed and compressed isotopes.
! line 0: SEDONA header
! line 1: N_zones, radius at left boundary of first cell, t_expansion, N_isotopes
! line 2: isotopes (Z.A)
! lines 3-62: velocity at right boundary of cell, rho, T, X_1, X_2, ...
!
1D_sphere SNR
90	0.0	97.10785112613243	27
1.1 2.4 6.12 7.14 8.16 10.20 11.23 12.24 13.27 14.28 16.32 18.36 20.40 21.45 22.48 23.51 24.52 25.55 26.56 27.59 28.58 28.56 27.56 26.52 24.48 23.48 25.52 
5.0000e+07 7.7294e-01 7.2396e+05 5.8061e-12 1.4037e-02 6.3976e-06 1.3380e-20 2.0928e-08 3.8872e-08 1.9937e-13 5.8682e-08 3.8013e-09 7.3791e-07 3.4130e-06 4.7148e-06 4.7647e-05 3.2606e-08 2.2108e-05 7.0400e-08 2.5739e-07 1.0084e-07 5.5003e-04 2.1485e-02 6.0667e-02 9.0294e-01 1.1755e-04 7.7230e-05 4.1718e-05 3.1680e-08 0.0000e+00
1.0000e+08 7.5238e-01 7.1781e+05 5.9566e-12 1.4199e-02 6.5220e-06 1.4432e-20 2.1482e-08 3.9843e-08 2.0518e-13 6.0143e-08 3.8987e-09 7.5562e-07 3.4908e-06 4.8180e-06 4.9057e-05 3.3697e-08 2.2839e-05 7.2851e-08 2.6178e-07 1.0184e-07 5.4547e-04 2.1307e-02 6.1008e-02 9.0261e-01 1.1743e-04 7.7436e-05 4.2820e-05 3.2528e-08 0.0000e+00
1.5000e+08 7.2330e-01 7.0740e+05 6.4150e-12 1.4603e-02 6.8140e-06 1.7530e-20 2.2932e-08 4.2454e-08 2.1800e-13 6.4036e-08 4.1541e-09 8.0221e-07 3.7176e-06 5.1411e-06 5.1964e-05 3.5954e-08 2.4130e-05 7.7037e-08 2.7775e-07 1.0784e-07 5.4637e-04 2.1342e-02 6.1151e-02 9.0202e-01 1.1722e-04 8.2475e-05 4.5026e-05 3.4160e-08 0.0000e+00
2.0000e+08 6.9359e-01 6.9621e+05 6.8464e-12 1.4937e-02 7.0224e-06 2.0205e-20 2.4068e-08 4.4379e-08 2.2864e-13 6.6868e-08 4.3459e-09 8.3534e-07 3.8733e-06 5.3653e-06 5.4133e-05 3.7427e-08 2.5083e-05 8.0627e-08 2.9358e-07 1.1402e-07 5.4646e-04 2.1345e-02 6.1285e-02 9.0154e-01 1.1700e-04 8.7815e-05 4.7133e-05 3.5710e-08 0.0000e+00
2.5000e+08 6.6333e-01 6.8421e+05 7.5240e-12 1.5503e-02 7.3879e-06 2.4325e-20 2.6054e-08 4.7838e-08 2.4466e-13 7.1977e-08 4.6666e-09 8.9226e-07 4.1238e-06 5.7231e-06 5.8115e-05 4.0355e-08 2.7089e-05 8.8009e-08 3.2064e-07 1.2431e-07 5.4760e-04 2.1390e-02 6.1699e-02 9.0049e-01 1.1663e-04 9.5950e-05 5.1400e-05 3.8840e-08 0.0000e+00
3.0000e+08 6.2969e-01 6.7087e+05 8.1286e-12 1.6089e-02 7.8061e-06 2.8225e-20 2.8254e-08 5.1889e-08 2.5886e-13 7.8050e-08 5.0097e-09 9.5690e-07 4.3822e-06 6.0774e-06 6.2772e-05 4.4124e-08 2.9578e-05 9.6446e-08 3.4790e-07 1.3460e-07 5.4786e-04 2.1399e-02 6.2212e-02 8.9936e-01 1.1629e-04 1.0359e-04 5.5959e-05 4.2199e-08 0.0000e+00
3.5000e+08 5.9277e-01 6.5638e+05 9.0010e-12 1.6945e-02 8.4624e-06 3.4339e-20 3.1715e-08 5.8450e-08 2.8055e-13 8.8029e-08 5.5460e-09 1.0617e-06 4.7836e-06 6.6137e-06 6.9465e-05 4.9594e-08 3.2963e-05 1.0808e-07 3.8730e-07 1.4996e-07 5.4786e-04 2.1399e-02 6.2770e-02 8.9792e-01 1.1589e-04 1.1497e-04 6.2252e-05 4.6818e-08 0.0000e+00
4.0000e+08 5.4987e-01 6.4065e+05 1.0029e-11 1.7708e-02 9.0099e-06 4.1584e-20 3.4854e-08 6.4204e-08 3.0404e-13 9.6785e-08 6.0247e-09 1.1548e-06 5.1295e-06 7.0645e-06 7.4262e-05 5.3111e-08 3.5297e-05 1.1619e-07 4.1734e-07 1.6214e-07 5.4790e-04 2.1400e-02 6.2948e-02 8.9696e-01 1.1557e-04 1.2428e-04 6.7007e-05 5.0277e-08 0.0000e+00
4.5000e+08 5.0677e-01 6.2738e+05 1.1495e-11 1.8563e-02 9.6315e-06 5.2839e-20 3.8842e-08 7.1230e-08 3.3984e-13 1.0738e-07 6.6518e-09 1.2734e-06 5.5590e-06 7.5790e-06 7.8551e-05 5.5904e-08 3.7329e-05 1.2322e-07 4.4526e-07 1.7411e-07 5.4933e-04 2.1456e-02 6.2815e-02 8.9616e-01 1.1526e-04 1.3343e-04 7.1473e-05 5.3458e-08 0.0000e+00
5.0000e+08 4.6274e-01 6.1735e+05 1.2749e-11 1.8870e-02 9.4957e-06 5.8943e-20 3.8761e-08 7.0233e-08 3.4787e-13 1.0538e-07 6.6235e-09 1.2560e-06 5.5101e-06 7.4739e-06 7.6381e-05 5.3148e-08 3.6111e-05 1.1762e-07 4.2939e-07 1.6888e-07 5.5077e-04 2.1512e-02 6.1693e-02 8.9692e-01 1.1498e-04 1.3008e-04 6.9492e-05 5.1776e-08 0.0000e+00
5.5000e+08 4.1358e-01 6.2736e+05 1.2881e-11 1.7986e-02 7.8235e-06 4.8871e-20 3.0764e-08 5.4755e-08 2.9890e-13 8.1634e-08 5.3747e-09 9.9592e-07 4.5240e-06 6.1645e-06 6.2086e-05 4.1040e-08 2.8845e-05 9.0091e-08 3.3669e-07 1.3522e-07 5.5132e-04 2.1533e-02 5.8123e-02 9.0142e-01 1.1459e-04 1.0436e-04 5.5813e-05 4.1293e-08 0.0000e+00
6.0000e+08 3.6004e-01 6.4655e+05 9.7636e-12 1.5090e-02 5.0299e-06 2.6406e-20 1.7999e-08 3.1423e-08 2.0028e-13 4.6510e-08 3.3106e-09 5.8982e-07 2.8371e-06 3.9097e-06 3.9150e-05 2.3705e-08 1.7727e-05 5.1586e-08 1.9999e-07 8.9044e-08 5.4848e-04 2.1420e-02 5.2329e-02 9.1033e-01 1.1466e-04 6.4118e-05 3.4383e-05 2.5269e-08 0.0000e+00
6.5000e+08 3.2255e-01 6.3880e+05 4.8495e-12 8.0390e-03 2.1345e-06 1.7763e-16 7.0435e-09 1.1948e-08 8.8703e-14 1.7861e-08 1.3628e-09 7.4183e-05 1.7052e-04 1.2369e-04 4.2891e-04 1.2447e-08 8.3632e-06 5.3284e-06 2.2613e-05 2.6972e-04 7.9488e-03 1.7988e-02 3.5532e-02 9.2601e-01 1.2112e-04 3.1856e-03 6.7113e-05 5.0890e-08 0.0000e+00
7.0000e+08 2.9014e-01 6.2614e+05 4.3103e-13 2.2269e-03 1.8470e-07 3.9788e-15 2.6707e-09 8.1498e-10 1.1968e-14 6.0108e-09 1.3338e-10 1.1663e-03 2.0358e-03 1.1083e-03 2.7374e-03 1.3985e-08 5.3263e-06 2.1852e-05 8.5816e-05 7.8641e-04 1.8308e-02 1.3372e-02 1.9025e-02 9.2772e-01 1.2542e-04 1.1005e-02 2.6494e-04 2.0290e-07 0.0000e+00
7.5000e+08 2.6703e-01 6.4983e+05 1.1920e-19 6.3415e-10 1.2309e-09 1.6849e-14 8.6400e-09 4.8817e-13 8.2605e-16 2.0384e-08 3.0086e-11 4.0811e-03 6.2595e-03 3.0333e-03 6.7318e-03 2.9157e-08 1.0595e-05 4.4217e-05 1.6998e-04 1.4786e-03 3.2597e-02 7.4926e-03 4.6544e-03 9.1137e-01 1.2986e-04 2.1392e-02 5.5920e-04 4.2664e-07 0.0000e+00
8.0000e+08 2.3394e-01 6.2897e+05 2.0252e-23 1.0808e-11 8.7339e-09 1.1086e-13 5.2660e-08 2.0956e-12 1.4541e-14 1.4569e-07 1.7869e-10 2.0558e-02 2.4331e-02 9.1443e-03 1.5736e-02 4.9900e-08 1.8890e-05 6.0159e-05 2.1839e-04 1.6534e-03 3.3419e-02 6.6076e-03 3.8618e-03 8.5789e-01 1.2193e-04 2.5529e-02 8.4720e-04 6.4738e-07 0.0000e+00
8.5000e+08 2.1448e-01 5.7241e+05 7.7065e-26 1.3784e-12 2.8522e-08 3.3230e-13 1.6284e-07 5.6893e-12 9.7644e-14 4.9838e-07 5.2072e-10 5.8442e-02 6.0435e-02 1.9789e-02 2.9370e-02 7.9248e-08 2.9902e-05 7.7562e-05 2.7066e-04 1.7784e-03 3.4011e-02 5.6332e-03 3.2322e-03 7.5745e-01 1.0817e-04 2.8223e-02 1.1479e-03 8.8158e-07 0.0000e+00
9.0000e+08 1.9959e-01 5.4768e+05 8.6092e-26 3.2494e-13 5.8006e-08 6.2665e-13 3.2418e-07 1.0513e-11 3.0612e-13 1.0621e-06 9.6191e-10 1.1002e-01 1.0393e-01 3.1009e-02 4.1613e-02 1.0521e-07 3.8104e-05 8.8178e-05 3.0448e-04 1.7807e-03 3.4212e-02 4.8823e-03 2.9263e-03 6.4021e-01 9.2674e-05 2.7602e-02 1.2927e-03 9.9936e-07 0.0000e+00
9.5000e+08 1.8380e-01 5.4730e+05 9.9781e-26 1.4066e-13 1.2506e-07 1.0712e-12 7.3928e-07 2.1633e-11 1.5259e-12 2.5507e-06 1.5199e-09 2.0914e-01 1.6860e-01 4.3368e-02 5.0445e-02 1.2989e-07 4.0701e-05 9.1529e-05 3.3623e-04 1.6037e-03 3.4271e-02 3.9000e-03 2.7019e-03 4.6191e-01 6.9244e-05 2.2335e-02 1.1935e-03 9.2821e-07 0.0000e+00
1.0000e+09 1.6430e-01 5.6464e+05 1.3342e-25 6.3157e-14 2.3622e-07 1.5441e-12 1.6170e-06 4.3175e-11 5.1673e-12 5.2448e-06 1.8851e-09 3.4151e-01 2.3391e-01 5.1448e-02 5.1303e-02 1.4676e-07 3.6324e-05 8.6299e-05 3.7871e-04 1.2734e-03 3.4268e-02 2.7153e-03 2.4626e-03 2.6509e-01 4.3511e-05 1.4574e-02 8.9852e-04 7.0302e-07 0.0000e+00
1.0500e+09 1.4398e-01 6.0939e+05 1.7170e-25 3.0117e-14 3.6716e-07 1.9297e-12 2.9438e-06 7.3504e-11 1.1617e-11 8.4463e-06 1.9408e-09 4.5821e-01 2.7349e-01 5.2252e-02 4.4946e-02 1.4992e-07 2.8163e-05 7.5434e-05 4.2673e-04 9.3157e-04 3.4216e-02 1.7348e-03 2.2508e-03 1.2290e-01 2.5231e-05 7.9316e-03 5.7264e-04 4.5078e-07 0.0000e+00
1.1000e+09 1.2402e-01 7.1726e+05 2.0620e-25 2.2813e-14 4.9402e-07 2.1914e-12 4.4512e-06 1.0668e-10 1.9535e-11 1.1307e-05 1.7939e-09 5.3308e-01 2.8362e-01 4.7866e-02 3.5972e-02 1.4298e-07 2.0559e-05 6.4120e-05 4.7282e-04 6.8155e-04 3.4143e-02 1.1442e-03 2.0971e-03 5.6265e-02 1.6954e-05 4.1975e-03 3.4240e-04 2.6954e-07 0.0000e+00
1.1500e+09 9.9934e-02 7.2416e+05 2.1074e-25 2.3661e-14 5.8274e-07 2.3461e-12 5.6389e-06 1.3300e-10 2.5964e-11 1.2832e-05 1.6913e-09 5.6128e-01 2.8214e-01 4.4905e-02 3.1734e-02 1.4097e-07 1.7684e-05 5.7996e-05 5.0026e-04 5.7673e-04 3.4084e-02 9.3267e-04 2.0351e-03 3.8400e-02 1.5023e-05 3.0438e-03 2.5903e-04 2.0369e-07 0.0000e+00
1.2000e+09 8.5669e-02 7.4154e+05 2.0862e-25 2.8816e-14 7.4953e-07 2.8834e-12 8.7337e-06 2.3537e-10 5.3086e-11 1.3438e-05 1.6526e-09 5.7293e-01 2.8288e-01 4.4213e-02 3.0649e-02 1.5603e-07 1.7021e-05 5.2584e-05 5.1196e-04 5.0228e-04 3.4000e-02 8.0803e-04 2.0419e-03 2.8793e-02 1.4329e-05 2.3525e-03 2.0483e-04 1.6003e-07 0.0000e+00
1.2500e+09 7.4834e-02 6.3010e+05 1.7923e-25 3.5110e-14 4.9236e-06 5.4033e-11 1.9799e-03 7.4288e-08 4.4284e-09 1.5279e-05 4.5672e-08 5.6241e-01 2.9306e-01 4.8625e-02 3.5609e-02 4.3670e-07 2.2655e-05 3.9360e-05 4.9241e-04 3.7932e-04 3.3243e-02 6.3926e-04 2.1769e-03 1.9572e-02 1.4680e-05 1.5719e-03 1.3748e-04 1.1221e-07 0.0000e+00
1.3000e+09 7.1215e-02 4.6597e+05 9.5292e-26 2.4861e-14 8.9763e-06 2.6109e-10 1.5746e-01 7.3561e-06 1.3103e-08 8.0848e-04 2.9927e-05 4.8286e-01 2.5213e-01 4.5014e-02 3.0807e-02 8.7425e-07 5.3833e-05 1.7665e-05 3.5611e-04 1.7574e-04 2.0513e-02 3.0688e-04 1.7009e-03 7.1477e-03 9.2778e-06 5.4375e-04 4.7711e-05 1.1909e-07 0.0000e+00
1.3500e+09 8.2973e-02 4.0162e+05 2.8930e-26 7.3039e-15 1.0654e-05 5.9954e-10 3.3346e-01 1.1855e-05 2.2701e-08 9.0367e-03 4.2652e-04 4.0129e-01 1.8786e-01 3.3316e-02 2.1259e-02 1.0231e-06 5.9218e-05 5.3121e-06 2.4373e-04 6.2226e-05 1.0404e-02 8.3594e-05 1.3167e-03 1.0665e-03 4.0725e-06 7.5826e-05 7.3913e-06 1.0514e-07 0.0000e+00
1.4000e+09 8.1247e-02 5.3958e+05 9.9281e-27 1.7617e-15 2.2938e-05 8.1604e-10 4.8983e-01 1.8275e-05 4.5304e-07 1.9616e-02 1.1491e-03 3.2400e-01 1.2740e-01 2.1218e-02 1.1483e-02 7.2605e-07 4.8293e-05 2.5751e-06 1.3524e-04 2.2997e-05 3.9322e-03 2.3716e-05 1.0346e-03 5.1527e-05 1.4840e-06 3.4035e-06 7.9589e-07 9.4091e-08 0.0000e+00
1.4500e+09 7.2877e-02 1.5511e+06 2.0034e-24 1.9809e-12 3.7273e-03 1.5608e-08 6.2335e-01 1.9322e-02 6.3753e-05 4.3039e-02 3.2806e-03 2.3207e-01 6.2722e-02 7.3739e-03 2.9551e-03 4.0527e-07 1.5643e-05 2.4458e-06 4.4935e-05 8.2240e-06 1.0478e-03 1.7921e-05 9.5626e-04 7.0236e-07 3.3492e-07 5.2788e-08 1.2095e-07 3.5266e-08 0.0000e+00
1.5000e+09 5.4403e-02 2.2038e+06 7.3328e-16 3.0642e-04 2.5382e-02 9.7953e-06 6.6471e-01 3.4671e-02 2.1420e-04 5.3078e-02 4.7719e-03 1.7663e-01 3.6543e-02 2.6354e-03 1.2773e-04 4.7363e-07 5.3234e-06 2.6512e-06 1.1529e-05 3.3564e-06 9.1087e-05 2.4337e-05 7.8376e-04 1.2745e-08 1.4316e-08 1.2504e-09 1.7837e-09 2.0722e-08 0.0000e+00
1.5500e+09 2.1737e-02 3.4822e+06 2.1112e-13 2.3423e-02 1.2937e-01 7.2593e-05 5.9233e-01 8.2964e-02 9.4400e-04 4.9772e-02 4.3075e-03 8.5492e-02 2.0409e-02 7.7475e-03 1.9932e-03 8.3633e-07 1.7761e-05 2.9902e-06 9.2986e-06 4.2249e-06 3.8107e-04 6.5469e-05 6.9950e-04 5.5293e-07 1.6182e-07 7.3224e-08 8.5078e-08 1.8043e-08 0.0000e+00
1.6000e+09 1.0242e-02 4.3920e+06 8.8847e-13 8.1009e-02 2.4207e-01 1.4126e-04 5.0347e-01 8.1300e-02 1.5639e-03 2.5773e-02 2.0834e-03 1.6121e-02 1.5393e-02 2.2878e-02 6.7108e-03 1.1297e-06 4.6069e-05 1.4419e-06 6.7186e-06 4.7256e-06 7.2678e-04 8.9925e-05 6.0689e-04 1.8921e-06 5.4771e-07 2.4744e-07 2.9534e-07 5.4342e-09 0.0000e+00
1.6500e+09 3.4545e-03 4.5084e+06 1.9852e-12 4.0606e-01 1.5360e-01 1.8961e-06 2.2104e-01 5.6342e-03 4.8923e-05 5.9475e-04 3.1223e-05 5.5750e-03 7.8660e-02 1.0467e-01 2.2522e-02 1.0289e-06 1.2053e-04 5.6623e-07 7.0397e-06 4.9814e-06 5.8447e-04 1.7156e-04 6.5013e-04 6.0142e-06 3.5188e-06 1.0030e-06 1.2731e-06 4.2690e-09 0.0000e+00
1.7000e+09 1.2391e-03 4.6309e+06 3.3909e-12 6.6098e-01 3.0347e-03 1.1717e-16 5.2978e-05 1.6820e-04 4.3490e-10 4.4667e-04 1.4949e-05 7.9478e-03 1.3695e-01 1.5909e-01 2.9710e-02 1.4345e-06 1.5421e-04 7.6907e-07 1.3907e-06 1.7102e-06 1.9172e-04 3.3835e-04 8.9527e-04 7.7058e-06 6.2012e-06 1.4022e-06 1.9661e-06 7.0613e-09 0.0000e+00
1.7500e+09 1.2479e-03 4.6018e+06 3.9992e-12 6.6858e-01 3.1969e-03 1.0798e-16 4.7572e-05 1.5247e-04 3.2896e-10 4.2547e-04 1.2902e-05 7.4004e-03 1.5093e-01 1.4638e-01 2.1326e-02 1.1338e-06 1.0017e-04 8.2059e-07 1.7827e-06 2.3370e-06 2.6228e-04 4.0682e-04 7.5269e-04 5.1630e-06 6.6034e-06 1.1249e-06 1.8031e-06 8.5369e-09 0.0000e+00
1.8000e+09 1.1730e-03 4.5329e+06 5.0990e-12 6.7636e-01 3.1385e-03 6.6427e-17 3.4736e-05 1.3340e-04 1.9002e-10 4.0493e-04 1.2486e-05 7.1704e-03 1.6826e-01 1.2835e-01 1.4627e-02 8.8355e-07 6.6422e-05 8.5903e-07 2.5186e-06 3.6485e-06 3.8586e-04 4.6345e-04 5.6660e-04 3.2681e-06 6.4305e-06 7.9196e-07 1.6120e-06 1.4498e-08 0.0000e+00
1.8500e+09 1.0162e-03 4.3704e+06 5.7923e-12 6.8443e-01 3.0279e-03 2.1183e-17 2.3852e-05 1.1972e-04 1.1765e-10 3.8536e-04 1.2384e-05 7.1578e-03 1.8661e-01 1.0823e-01 8.5370e-03 6.3073e-07 3.6829e-05 8.9167e-07 3.5909e-06 5.2943e-06 5.3775e-04 4.9318e-04 3.7820e-04 1.6118e-06 5.8512e-06 4.6157e-07 1.3622e-06 2.4922e-08 0.0000e+00
1.9000e+09 9.0520e-04 4.1856e+06 5.2940e-12 6.9099e-01 2.9064e-03 1.0002e-17 2.2716e-05 1.1643e-04 1.2613e-10 3.6954e-04 1.2894e-05 7.8046e-03 2.0243e-01 8.8759e-02 5.1377e-03 4.4171e-07 2.1872e-05 9.4932e-07 5.3481e-06 7.0434e-06 7.1126e-04 4.4223e-04 2.4883e-04 8.4084e-07 4.5338e-06 2.4735e-07 1.0249e-06 4.5543e-08 0.0000e+00
1.9500e+09 7.9974e-04 4.0948e+06 3.7881e-12 6.9812e-01 2.8349e-03 2.3962e-18 2.2352e-05 1.1528e-04 1.4126e-10 3.5836e-04 1.3851e-05 9.5736e-03 2.1619e-01 6.8605e-02 2.7327e-03 2.9716e-07 1.1894e-05 1.1238e-06 7.5941e-06 8.4075e-06 8.8337e-04 3.5312e-04 1.5938e-04 3.7744e-07 3.0830e-06 1.0830e-07 6.5682e-07 7.2196e-08 0.0000e+00
2.0000e+09 6.9802e-04 4.0323e+06 1.8356e-12 7.0720e-01 2.9332e-03 7.3526e-19 2.3566e-05 1.1782e-04 1.6867e-10 3.5208e-04 1.5069e-05 1.5135e-02 2.2587e-01 4.5868e-02 1.0673e-03 2.5175e-07 5.4941e-06 1.3748e-06 1.0396e-05 9.3909e-06 1.0549e-03 2.3288e-04 1.0176e-04 1.1780e-07 1.6268e-06 2.9360e-08 2.9233e-07 9.7784e-08 0.0000e+00
2.0500e+09 6.0130e-04 3.9543e+06 7.9383e-13 7.1514e-01 3.1927e-03 7.0684e-19 2.5499e-05 1.2086e-04 1.9325e-10 3.4463e-04 1.5702e-05 2.5217e-02 2.2409e-01 3.0005e-02 4.3197e-04 3.4780e-07 3.4627e-06 1.4658e-06 1.2324e-05 9.7809e-06 1.1511e-03 1.5215e-04 8.2642e-05 4.0661e-08 8.6918e-07 8.3764e-09 1.1525e-07 1.0319e-07 0.0000e+00
2.1000e+09 5.0224e-04 3.8220e+06 3.0117e-13 7.2520e-01 3.6468e-03 7.8711e-19 2.7793e-05 1.2203e-04 2.1422e-10 3.2593e-04 1.8247e-05 4.6697e-02 2.0675e-01 1.5657e-02 1.4484e-04 5.4252e-07 2.8709e-06 1.3667e-06 1.3956e-05 1.0022e-05 1.2192e-03 8.8919e-05 7.4775e-05 1.0903e-08 4.0271e-07 1.8587e-09 2.7637e-08 9.1609e-08 0.0000e+00
2.1500e+09 4.2448e-04 3.7100e+06 2.0111e-13 7.3378e-01 3.9948e-03 8.1506e-19 2.8506e-05 1.1829e-04 2.1547e-10 3.0157e-04 3.1172e-05 7.2924e-02 1.7910e-01 8.2255e-03 8.4586e-05 6.6624e-07 2.8565e-06 1.1892e-06 1.4755e-05 1.0127e-05 1.2471e-03 6.1122e-05 7.2998e-05 4.4524e-09 2.4121e-07 7.1858e-10 9.2208e-09 7.5589e-08 0.0000e+00
2.2000e+09 3.8849e-04 3.6777e+06 1.6493e-13 7.4122e-01 4.1808e-03 8.5890e-19 2.8133e-05 1.1187e-04 2.0527e-10 2.7776e-04 7.1654e-05 1.0146e-01 1.4687e-01 4.2963e-03 7.0666e-05 7.0633e-07 2.8831e-06 1.0359e-06 1.5212e-05 1.0183e-05 1.2611e-03 4.6320e-05 7.2392e-05 2.3767e-09 1.6763e-07 3.7992e-10 4.3335e-09 6.2194e-08 0.0000e+00
2.2500e+09 3.4332e-04 3.6240e+06 1.4576e-13 7.4800e-01 4.1272e-03 4.6934e-17 3.2198e-05 1.3923e-04 3.8523e-10 5.3742e-04 2.3041e-04 1.3280e-01 1.1044e-01 2.2200e-03 6.6621e-05 6.6139e-07 2.9258e-06 8.7376e-07 1.5596e-05 1.0232e-05 1.2717e-03 3.4488e-05 7.2052e-05 1.3338e-09 1.1488e-07 2.1364e-10 2.2706e-09 4.8092e-08 0.0000e+00
2.3000e+09 3.0126e-04 3.5457e+06 1.3552e-13 7.5546e-01 4.9426e-03 1.8805e-14 8.1994e-05 4.8354e-04 4.4750e-08 2.7975e-03 5.0853e-04 1.5714e-01 7.6126e-02 9.8637e-04 6.4969e-05 5.6851e-07 2.9737e-06 7.1721e-07 1.5931e-05 1.0277e-05 1.2803e-03 2.4468e-05 7.1816e-05 6.7697e-10 7.2653e-08 1.0931e-10 1.0943e-09 3.4469e-08 0.0000e+00
2.3500e+09 2.6491e-04 3.4315e+06 1.2585e-13 7.6616e-01 7.6462e-03 1.6158e-13 2.1360e-04 2.9240e-03 3.3968e-06 1.1983e-02 8.4045e-04 1.6248e-01 4.5862e-02 4.2563e-04 6.4445e-05 4.2714e-07 3.0269e-06 5.6642e-07 1.6223e-05 1.0326e-05 1.2872e-03 1.5981e-05 7.1656e-05 2.9315e-10 3.9597e-08 4.7961e-11 4.6833e-10 2.1344e-08 0.0000e+00
2.4000e+09 2.3802e-04 3.2951e+06 4.0288e-13 7.9242e-01 1.6196e-02 3.8371e-07 5.1879e-03 1.5229e-02 1.8619e-04 2.7016e-02 1.2258e-03 1.2302e-01 1.7888e-02 1.6210e-04 6.4232e-05 2.2290e-07 3.0860e-06 4.1649e-07 1.6486e-05 1.0404e-05 1.2927e-03 8.6361e-06 7.1540e-05 7.9806e-11 1.3535e-08 1.3223e-11 1.2714e-10 8.3544e-09 0.0000e+00
2.4500e+09 2.1270e-04 3.1879e+06 2.6115e-12 8.0518e-01 2.0722e-02 5.4084e-06 7.9708e-03 1.9388e-02 2.8146e-04 3.5597e-02 1.3578e-03 1.0146e-01 6.4849e-03 8.5946e-05 6.4178e-05 1.3059e-07 3.1116e-06 3.5380e-07 1.6593e-05 1.0441e-05 1.2948e-03 5.6866e-06 7.1499e-05 9.8183e-12 3.4029e-09 1.6816e-12 1.6645e-11 2.9269e-09 0.0000e+00
2.5000e+09 1.8648e-04 3.1663e+06 7.9863e-12 8.3834e-01 2.9505e-02 8.7383e-05 2.4708e-02 3.5917e-02 8.8151e-04 3.5261e-02 1.0045e-03 3.1680e-02 1.0735e-03 7.3917e-05 6.4245e-05 7.1767e-08 3.1250e-06 3.2573e-07 1.6638e-05 1.0558e-05 1.2956e-03 4.5414e-06 7.1497e-05 2.6267e-13 4.2571e-10 4.6248e-14 5.5468e-13 6.6390e-10 0.0000e+00
2.5500e+09 1.6412e-04 3.0915e+06 1.2023e-11 8.4913e-01 3.3647e-02 2.6398e-04 3.0906e-02 3.4749e-02 1.0245e-03 3.1881e-02 7.8195e-04 1.5645e-02 4.3484e-04 7.3533e-05 6.4282e-05 6.2510e-08 3.1275e-06 3.2234e-07 1.6647e-05 1.0610e-05 1.2959e-03 4.4077e-06 7.1510e-05 6.8286e-14 1.9571e-10 1.3259e-14 1.6783e-13 4.0492e-10 0.0000e+00
2.6000e+09 1.4386e-04 3.0029e+06 2.3592e-11 8.6988e-01 4.2130e-02 6.4135e-04 4.7895e-02 2.4993e-02 1.4597e-03 9.7236e-03 3.2350e-04 1.1009e-03 3.1069e-04 7.3630e-05 6.4367e-05 5.1325e-08 3.1319e-06 3.1908e-07 1.6665e-05 1.0720e-05 1.2969e-03 4.2736e-06 7.1553e-05 5.9037e-15 3.0086e-11 1.3162e-15 1.7453e-14 1.1177e-10 0.0000e+00
2.6500e+09 1.2411e-04 2.8288e+06 1.8791e-11 8.7513e-01 4.5745e-02 1.1666e-03 4.9917e-02 1.8424e-02 1.2194e-03 5.5753e-03 1.9057e-04 7.7659e-04 3.1044e-04 7.3667e-05 6.4389e-05 4.9072e-08 3.1330e-06 3.1865e-07 1.6669e-05 1.0766e-05 1.2971e-03 4.2518e-06 7.1561e-05 1.6713e-15 1.1269e-11 3.8760e-16 5.2663e-15 5.5864e-11 0.0000e+00
2.7000e+09 1.0347e-04 2.6732e+06 9.5529e-12 8.8103e-01 4.9650e-02 2.3930e-03 5.0997e-02 1.0790e-02 5.3748e-04 2.0011e-03 7.3630e-05 6.7532e-04 3.1039e-04 7.3682e-05 6.4389e-05 4.7114e-08 3.1328e-06 3.1836e-07 1.6668e-05 1.0828e-05 1.2969e-03 4.2329e-06 7.1539e-05 2.5323e-17 5.5497e-13 7.4957e-18 9.7422e-17 1.1577e-11 0.0000e+00
2.7500e+09 8.3725e-05 2.5372e+06 9.7449e-12 8.8152e-01 4.9864e-02 2.6609e-03 5.1492e-02 9.7807e-03 4.2092e-04 1.6673e-03 7.0156e-05 6.7272e-04 3.1034e-04 7.3670e-05 6.4376e-05 4.6993e-08 3.1322e-06 3.1831e-07 1.6665e-05 1.0834e-05 1.2966e-03 4.2311e-06 7.1523e-05 1.4897e-17 3.3268e-13 4.5807e-18 5.8907e-17 9.0708e-12 0.0000e+00
2.8000e+09 6.6121e-05 2.4193e+06 1.1480e-11 8.8270e-01 4.9977e-02 3.3687e-03 5.2804e-02 7.2612e-03 1.9660e-04 1.1070e-03 6.4263e-05 6.6908e-04 3.1017e-04 7.3632e-05 6.4340e-05 4.6791e-08 3.1305e-06 3.1815e-07 1.6655e-05 1.0840e-05 1.2959e-03 4.2273e-06 7.1480e-05 3.9446e-18 8.2067e-14 1.3131e-18 1.6555e-17 4.9910e-12 0.0000e+00
2.8500e+09 5.1873e-05 2.3083e+06 1.5770e-11 8.8355e-01 5.0039e-02 4.0081e-03 5.3893e-02 4.9873e-03 8.8087e-05 8.5466e-04 6.0710e-05 6.6756e-04 3.1003e-04 7.3600e-05 6.4311e-05 4.6673e-08 3.1291e-06 3.1802e-07 1.6648e-05 1.0841e-05 1.2953e-03 4.2247e-06 7.1446e-05 9.3657e-19 1.8000e-14 3.2996e-19 4.1728e-18 2.4939e-12 0.0000e+00
2.9000e+09 4.1269e-05 2.1992e+06 1.8273e-11 8.8404e-01 5.0018e-02 4.4166e-03 5.4312e-02 3.8166e-03 4.8833e-05 7.6914e-04 5.9124e-05 6.6702e-04 3.0997e-04 7.3584e-05 6.4298e-05 4.6626e-08 3.1284e-06 3.1795e-07 1.6644e-05 1.0840e-05 1.2950e-03 4.2236e-06 7.1431e-05 2.3155e-19 4.6063e-15 8.6178e-20 1.1092e-18 1.5045e-12 0.0000e+00
2.9500e+09 3.3127e-05 2.1088e+06 2.0347e-11 8.8411e-01 5.0017e-02 4.4987e-03 5.4301e-02 3.6818e-03 4.6743e-05 7.6410e-04 5.8957e-05 6.6697e-04 3.0997e-04 7.3583e-05 6.4297e-05 4.6621e-08 3.1284e-06 3.1794e-07 1.6644e-05 1.0840e-05 1.2950e-03 4.2235e-06 7.1430e-05 2.0083e-19 4.0391e-15 7.5067e-20 9.6829e-19 1.4098e-12 0.0000e+00
3.0000e+09 2.7203e-05 2.0352e+06 2.6048e-11 8.8442e-01 5.0062e-02 4.9470e-03 5.4094e-02 3.1089e-03 4.1419e-05 7.4917e-04 5.8237e-05 6.6681e-04 3.0995e-04 7.3580e-05 6.4294e-05 4.6605e-08 3.1283e-06 3.1793e-07 1.6643e-05 1.0840e-05 1.2949e-03 4.2233e-06 7.1426e-05 1.2764e-19 2.6849e-15 4.8030e-20 6.2209e-19 1.0186e-12 0.0000e+00
3.0500e+09 2.2570e-05 1.9686e+06 2.7348e-11 8.8461e-01 5.0074e-02 5.1645e-03 5.4084e-02 2.7230e-03 3.5996e-05 7.3643e-04 5.7773e-05 6.6670e-04 3.0994e-04 7.3577e-05 6.4292e-05 4.6594e-08 3.1281e-06 3.1792e-07 1.6643e-05 1.0840e-05 1.2949e-03 4.2231e-06 7.1424e-05 6.6576e-20 1.6568e-15 2.5480e-20 3.3320e-19 7.7699e-13 0.0000e+00
3.1000e+09 1.8752e-05 1.9047e+06 3.2352e-11 8.8486e-01 5.0073e-02 5.5284e-03 5.3861e-02 2.3463e-03 3.2607e-05 7.2741e-04 5.7309e-05 6.6660e-04 3.0993e-04 7.3575e-05 6.4290e-05 4.6585e-08 3.1280e-06 3.1791e-07 1.6642e-05 1.0840e-05 1.2949e-03 4.2229e-06 7.1422e-05 3.2876e-20 1.0181e-15 1.2766e-20 1.6859e-19 5.6314e-13 0.0000e+00
3.1500e+09 1.5568e-05 1.8411e+06 3.8334e-11 8.8514e-01 5.0082e-02 5.9791e-03 5.3515e-02 1.9649e-03 3.0342e-05 7.2000e-04 5.6815e-05 6.6651e-04 3.0993e-04 7.3574e-05 6.4289e-05 4.6575e-08 3.1280e-06 3.1790e-07 1.6642e-05 1.0840e-05 1.2948e-03 4.2228e-06 7.1420e-05 1.0146e-20 4.8177e-16 4.0628e-21 5.4819e-20 3.3793e-13 0.0000e+00
3.2000e+09 1.2937e-05 1.7781e+06 3.6508e-11 8.8513e-01 5.0088e-02 5.9733e-03 5.3523e-02 1.9624e-03 3.0374e-05 7.2001e-04 5.6811e-05 6.6651e-04 3.0993e-04 7.3574e-05 6.4289e-05 4.6575e-08 3.1280e-06 3.1790e-07 1.6642e-05 1.0840e-05 1.2948e-03 4.2228e-06 7.1420e-05 1.0406e-20 4.8150e-16 4.1586e-21 5.6045e-20 3.3742e-13 0.0000e+00
3.2500e+09 1.0792e-05 1.7169e+06 3.7482e-11 8.8525e-01 5.0097e-02 6.1912e-03 5.3332e-02 1.8068e-03 2.9832e-05 7.1754e-04 5.6599e-05 6.6647e-04 3.0992e-04 7.3573e-05 6.4288e-05 4.6572e-08 3.1280e-06 3.1790e-07 1.6642e-05 1.0840e-05 1.2948e-03 4.2227e-06 7.1420e-05 5.2228e-21 3.1842e-16 2.1268e-21 2.9068e-20 2.4669e-13 0.0000e+00
3.3000e+09 9.0518e-06 1.6590e+06 5.4928e-11 8.8563e-01 5.0069e-02 7.0292e-03 5.2375e-02 1.5806e-03 2.9541e-05 7.1434e-04 5.6247e-05 6.6642e-04 3.0992e-04 7.3573e-05 6.4288e-05 4.6567e-08 3.1280e-06 3.1790e-07 1.6642e-05 1.0840e-05 1.2948e-03 4.2227e-06 7.1419e-05 2.6437e-21 1.7111e-16 1.0776e-21 1.4741e-20 1.3799e-13 0.0000e+00
3.3500e+09 7.6405e-06 1.6052e+06 7.2374e-11 8.8601e-01 5.0041e-02 7.8672e-03 5.1418e-02 1.3545e-03 2.9250e-05 7.1114e-04 5.5895e-05 6.6637e-04 3.0992e-04 7.3572e-05 6.4288e-05 4.6562e-08 3.1279e-06 3.1790e-07 1.6641e-05 1.0840e-05 1.2948e-03 4.2227e-06 7.1419e-05 6.4712e-23 2.3806e-17 2.8291e-23 4.1424e-22 2.9280e-14 0.0000e+00
3.4000e+09 6.4757e-06 1.5543e+06 6.6805e-11 8.8598e-01 5.0046e-02 7.7855e-03 5.1520e-02 1.3600e-03 2.9249e-05 7.1123e-04 5.5906e-05 6.6637e-04 3.0992e-04 7.3572e-05 6.4288e-05 4.6562e-08 3.1279e-06 3.1790e-07 1.6641e-05 1.0840e-05 1.2948e-03 4.2227e-06 7.1419e-05 6.8982e-23 2.4511e-17 3.0367e-23 4.4779e-22 3.0415e-14 0.0000e+00
3.4500e+09 5.5021e-06 1.5052e+06 6.5453e-11 8.8597e-01 5.0047e-02 7.7657e-03 5.1545e-02 1.3614e-03 2.9249e-05 7.1125e-04 5.5909e-05 6.6637e-04 3.0992e-04 7.3572e-05 6.4288e-05 4.6562e-08 3.1279e-06 3.1790e-07 1.6641e-05 1.0840e-05 1.2948e-03 4.2227e-06 7.1419e-05 7.0018e-23 2.4683e-17 3.0871e-23 4.5593e-22 3.0690e-14 0.0000e+00
3.5000e+09 4.6851e-06 1.4580e+06 7.0863e-11 8.8606e-01 5.0041e-02 7.9961e-03 5.1266e-02 1.3289e-03 2.9259e-05 7.1076e-04 5.5853e-05 6.6637e-04 3.0992e-04 7.3572e-05 6.4288e-05 4.6562e-08 3.1279e-06 3.1790e-07 1.6641e-05 1.0841e-05 1.2948e-03 4.2226e-06 7.1419e-05 2.3263e-23 1.2946e-17 1.0432e-23 1.5730e-22 1.7967e-14 0.0000e+00
3.5500e+09 4.0018e-06 1.4132e+06 7.1053e-11 8.8607e-01 5.0040e-02 8.0190e-03 5.1238e-02 1.3258e-03 2.9261e-05 7.1071e-04 5.5848e-05 6.6637e-04 3.0992e-04 7.3572e-05 6.4288e-05 4.6562e-08 3.1279e-06 3.1790e-07 1.6641e-05 1.0841e-05 1.2948e-03 4.2226e-06 7.1419e-05 2.0317e-23 1.1857e-17 9.1353e-24 1.3819e-22 1.6764e-14 0.0000e+00
3.6000e+09 3.4322e-06 1.3713e+06 7.1082e-11 8.8608e-01 5.0039e-02 8.0566e-03 5.1192e-02 1.3207e-03 2.9263e-05 7.1063e-04 5.5839e-05 6.6637e-04 3.0992e-04 7.3572e-05 6.4288e-05 4.6562e-08 3.1279e-06 3.1790e-07 1.6641e-05 1.0841e-05 1.2948e-03 4.2226e-06 7.1419e-05 1.5484e-23 1.0093e-17 7.0072e-24 1.0681e-22 1.4782e-14 0.0000e+00
3.6500e+09 2.9564e-06 1.3318e+06 7.5623e-11 8.8617e-01 5.0029e-02 8.3074e-03 5.0883e-02 1.2955e-03 2.9276e-05 7.1020e-04 5.5797e-05 6.6636e-04 3.0992e-04 7.3572e-05 6.4288e-05 4.6561e-08 3.1279e-06 3.1790e-07 1.6641e-05 1.0841e-05 1.2948e-03 4.2226e-06 7.1419e-05 2.8211e-24 3.7331e-18 1.3116e-24 2.0704e-23 6.4691e-15 0.0000e+00
3.7000e+09 2.5483e-06 1.2926e+06 7.5623e-11 8.8617e-01 5.0029e-02 8.3074e-03 5.0883e-02 1.2955e-03 2.9276e-05 7.1020e-04 5.5797e-05 6.6636e-04 3.0992e-04 7.3572e-05 6.4288e-05 4.6561e-08 3.1279e-06 3.1790e-07 1.6641e-05 1.0841e-05 1.2948e-03 4.2226e-06 7.1419e-05 2.8211e-24 3.7331e-18 1.3116e-24 2.0704e-23 6.4691e-15 0.0000e+00
3.7500e+09 2.1934e-06 1.2532e+06 4.6635e-11 8.8631e-01 5.0013e-02 8.6987e-03 5.0396e-02 1.2696e-03 2.9289e-05 7.0969e-04 5.5763e-05 6.6635e-04 3.0992e-04 7.3572e-05 6.4288e-05 4.6560e-08 3.1279e-06 3.1790e-07 1.6641e-05 1.0841e-05 1.2948e-03 4.2226e-06 7.1419e-05 2.6703e-25 4.7455e-19 1.2454e-25 1.9741e-24 9.9048e-16 0.0000e+00
3.8000e+09 1.8994e-06 1.2164e+06 4.9534e-11 8.8630e-01 5.0014e-02 8.6596e-03 5.0445e-02 1.2722e-03 2.9288e-05 7.0974e-04 5.5766e-05 6.6636e-04 3.0992e-04 7.3572e-05 6.4288e-05 4.6560e-08 3.1279e-06 3.1790e-07 1.6641e-05 1.0841e-05 1.2948e-03 4.2226e-06 7.1419e-05 5.2244e-25 8.0041e-19 2.4325e-25 3.8470e-24 1.5383e-15 0.0000e+00
3.8500e+09 1.6655e-06 1.1833e+06 5.2432e-11 8.8628e-01 5.0016e-02 8.6205e-03 5.0494e-02 1.2748e-03 2.9286e-05 7.0979e-04 5.5770e-05 6.6636e-04 3.0992e-04 7.3572e-05 6.4288e-05 4.6560e-08 3.1279e-06 3.1790e-07 1.6641e-05 1.0841e-05 1.2948e-03 4.2226e-06 7.1419e-05 7.7785e-25 1.1263e-18 3.6196e-25 5.7200e-24 2.0862e-15 0.0000e+00
3.9000e+09 1.4695e-06 1.1513e+06 5.5331e-11 8.8627e-01 5.0018e-02 8.5813e-03 5.0542e-02 1.2774e-03 2.9285e-05 7.0984e-04 5.5773e-05 6.6636e-04 3.0992e-04 7.3572e-05 6.4288e-05 4.6561e-08 3.1279e-06 3.1790e-07 1.6641e-05 1.0841e-05 1.2948e-03 4.2226e-06 7.1419e-05 1.0333e-24 1.4521e-18 4.8067e-25 7.5929e-24 2.6341e-15 0.0000e+00
3.9500e+09 1.2953e-06 1.1185e+06 5.8230e-11 8.8626e-01 5.0019e-02 8.5422e-03 5.0591e-02 1.2800e-03 2.9284e-05 7.0990e-04 5.5776e-05 6.6636e-04 3.0992e-04 7.3572e-05 6.4288e-05 4.6561e-08 3.1279e-06 3.1790e-07 1.6641e-05 1.0841e-05 1.2948e-03 4.2226e-06 7.1419e-05 1.2887e-24 1.7780e-18 5.9938e-25 9.4659e-24 3.1819e-15 0.0000e+00
4.0000e+09 1.1495e-06 1.0879e+06 6.1129e-11 8.8624e-01 5.0021e-02 8.5031e-03 5.0640e-02 1.2825e-03 2.9282e-05 7.0995e-04 5.5780e-05 6.6636e-04 3.0992e-04 7.3572e-05 6.4288e-05 4.6561e-08 3.1279e-06 3.1790e-07 1.6641e-05 1.0841e-05 1.2948e-03 4.2226e-06 7.1419e-05 1.5441e-24 2.1038e-18 7.1809e-25 1.1339e-23 3.7298e-15 0.0000e+00
4.0500e+09 1.0357e-06 1.0607e+06 6.4028e-11 8.8623e-01 5.0022e-02 8.4640e-03 5.0689e-02 1.2851e-03 2.9281e-05 7.1000e-04 5.5783e-05 6.6636e-04 3.0992e-04 7.3572e-05 6.4288e-05 4.6561e-08 3.1279e-06 3.1790e-07 1.6641e-05 1.0841e-05 1.2948e-03 4.2226e-06 7.1419e-05 1.7995e-24 2.4297e-18 8.3680e-25 1.3212e-23 4.2777e-15 0.0000e+00
4.1000e+09 9.4007e-07 1.0341e+06 6.6927e-11 8.8622e-01 5.0024e-02 8.4248e-03 5.0737e-02 1.2877e-03 2.9280e-05 7.1005e-04 5.5787e-05 6.6636e-04 3.0992e-04 7.3572e-05 6.4288e-05 4.6561e-08 3.1279e-06 3.1790e-07 1.6641e-05 1.0841e-05 1.2948e-03 4.2226e-06 7.1419e-05 2.0549e-24 2.7556e-18 9.5551e-25 1.5085e-23 4.8255e-15 0.0000e+00
4.1500e+09 8.5123e-07 1.0071e+06 6.9825e-11 8.8620e-01 5.0025e-02 8.3857e-03 5.0786e-02 1.2903e-03 2.9278e-05 7.1010e-04 5.5790e-05 6.6636e-04 3.0992e-04 7.3572e-05 6.4288e-05 4.6561e-08 3.1279e-06 3.1790e-07 1.6641e-05 1.0841e-05 1.2948e-03 4.2226e-06 7.1419e-05 2.3103e-24 3.0814e-18 1.0742e-24 1.6958e-23 5.3734e-15 0.0000e+00
4.2000e+09 7.7450e-07 9.8289e+05 7.2724e-11 8.8619e-01 5.0027e-02 8.3466e-03 5.0835e-02 1.2929e-03 2.9277e-05 7.1015e-04 5.5794e-05 6.6636e-04 3.0992e-04 7.3572e-05 6.4288e-05 4.6561e-08 3.1279e-06 3.1790e-07 1.6641e-05 1.0841e-05 1.2948e-03 4.2226e-06 7.1419e-05 2.5657e-24 3.4073e-18 1.1929e-24 1.8831e-23 5.9212e-15 0.0000e+00
4.2500e+09 7.1227e-07 9.6201e+05 4.3736e-11 8.8633e-01 5.0011e-02 8.7379e-03 5.0348e-02 1.2670e-03 2.9290e-05 7.0964e-04 5.5759e-05 6.6635e-04 3.0992e-04 7.3572e-05 6.4288e-05 4.6560e-08 3.1279e-06 3.1790e-07 1.6641e-05 1.0841e-05 1.2948e-03 4.2226e-06 7.1419e-05 1.1624e-26 1.4869e-19 5.8250e-27 1.0114e-25 4.4262e-16 0.0000e+00
4.3000e+09 6.5194e-07 9.3939e+05 4.3736e-11 8.8633e-01 5.0011e-02 8.7379e-03 5.0348e-02 1.2670e-03 2.9290e-05 7.0964e-04 5.5759e-05 6.6635e-04 3.0992e-04 7.3572e-05 6.4288e-05 4.6560e-08 3.1279e-06 3.1790e-07 1.6641e-05 1.0841e-05 1.2948e-03 4.2226e-06 7.1419e-05 1.1624e-26 1.4869e-19 5.8250e-27 1.0114e-25 4.4262e-16 0.0000e+00
4.3500e+09 5.8910e-07 9.1272e+05 4.3736e-11 8.8633e-01 5.0011e-02 8.7379e-03 5.0348e-02 1.2670e-03 2.9290e-05 7.0964e-04 5.5759e-05 6.6635e-04 3.0992e-04 7.3572e-05 6.4288e-05 4.6560e-08 3.1279e-06 3.1790e-07 1.6641e-05 1.0841e-05 1.2948e-03 4.2226e-06 7.1419e-05 1.1624e-26 1.4869e-19 5.8250e-27 1.0114e-25 4.4262e-16 0.0000e+00
4.4000e+09 5.3790e-07 8.9343e+05 4.3736e-11 8.8633e-01 5.0011e-02 8.7379e-03 5.0348e-02 1.2670e-03 2.9290e-05 7.0964e-04 5.5759e-05 6.6635e-04 3.0992e-04 7.3572e-05 6.4288e-05 4.6560e-08 3.1279e-06 3.1790e-07 1.6641e-05 1.0841e-05 1.2948e-03 4.2226e-06 7.1419e-05 1.1624e-26 1.4869e-19 5.8250e-27 1.0114e-25 4.4262e-16 0.0000e+00
4.4500e+09 5.0386e-07 8.8360e+05 4.3736e-11 8.8633e-01 5.0011e-02 8.7379e-03 5.0348e-02 1.2670e-03 2.9290e-05 7.0964e-04 5.5759e-05 6.6635e-04 3.0992e-04 7.3572e-05 6.4288e-05 4.6560e-08 3.1279e-06 3.1790e-07 1.6641e-05 1.0841e-05 1.2948e-03 4.2226e-06 7.1419e-05 1.1624e-26 1.4869e-19 5.8250e-27 1.0114e-25 4.4262e-16 0.0000e+00
4.5000e+09 4.7197e-07 8.7387e+05 4.3736e-11 8.8633e-01 5.0011e-02 8.7379e-03 5.0348e-02 1.2670e-03 2.9290e-05 7.0964e-04 5.5759e-05 6.6635e-04 3.0992e-04 7.3572e-05 6.4288e-05 4.6560e-08 3.1279e-06 3.1790e-07 1.6641e-05 1.0841e-05 1.2948e-03 4.2226e-06 7.1419e-05 1.1624e-26 1.4869e-19 5.8250e-27 1.0114e-25 4.4262e-16 0.0000e+00
