# time_explosion = 1.75
# 
3082.8928 1.4098e-02
3083.8179 6.3759e-03
3084.7432 8.9514e-03
3085.6685 1.3659e-02
3086.5940 1.8415e-02
3087.5200 1.0106e-02
3088.4463 1.6741e-02
3089.3728 7.8162e-03
3090.2996 6.5723e-03
3091.2268 9.7502e-03
3092.1541 2.1582e-02
3093.0815 1.1159e-02
3094.0098 3.1624e-03
3094.9380 1.9186e-02
3095.8665 1.8105e-02
3096.7952 8.7273e-03
3097.7241 9.6175e-03
3098.6536 3.1966e-03
3099.5828 1.7197e-02
3100.5129 1.8981e-02
3101.4431 1.0209e-02
3102.3735 6.9541e-03
3103.3042 1.5656e-02
3104.2354 6.1197e-03
3105.1665 1.0760e-02
3106.0981 2.1249e-02
3107.0300 7.7845e-03
3107.9619 9.4675e-03
3108.8943 2.0696e-03
3109.8269 5.0970e-03
3110.7600 2.0379e-02
3111.6929 3.9639e-03
3112.6265 1.3781e-02
3113.5605 1.8539e-02
3114.4944 1.3295e-02
3115.4290 9.3204e-03
3116.3635 1.8901e-02
3117.2986 1.2629e-02
3118.2336 1.4891e-02
3119.1689 1.3524e-02
3120.1047 3.9083e-03
3121.0410 1.0948e-02
3121.9773 2.0307e-02
3122.9136 1.2978e-02
3123.8508 1.3708e-02
3124.7878 2.0989e-02
3125.7251 1.0338e-02
3126.6628 8.0498e-03
3127.6008 1.1205e-02
3128.5393 1.1550e-02
3129.4778 1.8247e-02
3130.4170 1.1320e-02
3131.3557 1.8951e-02
3132.2954 8.0125e-03
3133.2349 1.6537e-02
3134.1748 7.4689e-03
3135.1150 1.3754e-02
3136.0559 2.1305e-02
3136.9968 5.8345e-03
3137.9377 1.1138e-02
3138.8789 1.3805e-02
3139.8206 1.2467e-02
3140.7625 2.6896e-02
3141.7046 8.9568e-03
3142.6472 2.0412e-02
3143.5901 7.8491e-03
3144.5334 7.5891e-03
3145.4766 1.2846e-02
3146.4202 5.0706e-03
3147.3643 1.6582e-02
3148.3086 8.9063e-03
3149.2529 1.0050e-02
3150.1975 9.6205e-03
3151.1426 2.7722e-03
3152.0881 1.0928e-02
3153.0337 1.2449e-02
3153.9795 1.1629e-02
3154.9255 2.2482e-02
3155.8723 1.3610e-02
3156.8188 1.3806e-02
3157.7661 6.3029e-03
3158.7134 1.1323e-02
3159.6609 1.5023e-02
3160.6086 3.8250e-03
3161.5571 9.9559e-03
3162.5054 2.3404e-03
3163.4541 1.6001e-02
3164.4031 1.3682e-02
3165.3528 1.1709e-02
3166.3022 1.3709e-02
3167.2522 4.5217e-03
3168.2024 3.2285e-03
3169.1526 2.2701e-02
3170.1035 2.0864e-02
3171.0544 6.6371e-03
3172.0061 1.3405e-02
3172.9573 1.6244e-02
3173.9092 1.0067e-02
3174.8613 2.7734e-03
3175.8140 2.7811e-02
3176.7668 6.4248e-03
3177.7197 1.2839e-02
3178.6729 2.1729e-02
3179.6267 1.8391e-02
3180.5808 1.3051e-02
3181.5347 2.3313e-02
3182.4893 1.0390e-02
3183.4438 1.2505e-02
3184.3987 1.6634e-02
3185.3542 2.8083e-02
3186.3101 1.1265e-02
3187.2659 1.5053e-02
3188.2217 6.2158e-03
3189.1785 3.0148e-03
3190.1350 1.7375e-02
3191.0920 8.9434e-03
3192.0493 6.5405e-03
3193.0071 3.8898e-03
3193.9651 1.0283e-02
3194.9233 1.5011e-02
3195.8818 1.3733e-02
3196.8408 1.6445e-02
3197.7996 7.4185e-03
3198.7590 4.1482e-03
3199.7185 1.2089e-02
3200.6782 1.8640e-02
3201.6387 6.7543e-03
3202.5991 1.1450e-02
3203.5598 9.2442e-03
3204.5208 1.2315e-02
3205.4824 1.5670e-02
3206.4441 1.4428e-02
3207.4058 1.2135e-02
3208.3682 6.8067e-03
3209.3306 1.1178e-02
3210.2935 2.8781e-03
3211.2563 9.1112e-03
3212.2200 6.6770e-03
3213.1833 1.3045e-02
3214.1472 1.5210e-02
3215.1118 7.0660e-03
3216.0764 1.2626e-02
3217.0413 1.0420e-02
3218.0061 7.4527e-03
3218.9714 8.3049e-03
3219.9373 9.1097e-03
3220.9031 1.6049e-02
3221.8699 6.7061e-03
3222.8362 1.1513e-02
3223.8030 6.9213e-03
3224.7700 1.3051e-02
3225.7375 1.6342e-02
3226.7053 6.7859e-03
3227.6731 1.0901e-02
3228.6416 1.0698e-02
3229.6101 1.7382e-02
3230.5791 1.2831e-02
3231.5483 1.5657e-02
3232.5178 5.9018e-03
3233.4875 5.9075e-03
3234.4575 1.2342e-02
3235.4280 1.0789e-02
3236.3984 1.0868e-02
3237.3691 6.1388e-03
3238.3403 1.9263e-02
3239.3120 1.0579e-02
3240.2839 2.6633e-02
3241.2559 8.4119e-03
3242.2285 1.0807e-02
3243.2012 1.3480e-02
3244.1743 9.3236e-03
3245.1472 7.6929e-03
3246.1208 1.1633e-02
3247.0947 7.9894e-04
3248.0688 9.4305e-03
3249.0432 7.1060e-03
3250.0178 1.6445e-02
3250.9929 4.7145e-03
3251.9680 8.7682e-03
3252.9438 3.2731e-03
3253.9194 1.4791e-02
3254.8958 1.3470e-02
3255.8723 8.2627e-03
3256.8489 5.3130e-03
3257.8262 1.6377e-02
3258.8035 1.1584e-02
3259.7810 1.2308e-02
3260.7593 2.0457e-02
3261.7373 8.6524e-03
3262.7158 2.5204e-02
3263.6946 1.7979e-02
3264.6736 7.9996e-03
3265.6531 2.0639e-02
3266.6331 1.4325e-02
3267.6130 1.9509e-02
3268.5930 1.0247e-02
3269.5735 1.5669e-02
3270.5544 6.8469e-03
3271.5356 1.8355e-02
3272.5171 2.0132e-02
3273.4990 1.8833e-02
3274.4812 2.3529e-03
3275.4634 1.0515e-02
3276.4458 1.2899e-02
3277.4287 1.5691e-02
3278.4124 1.8019e-02
3279.3958 8.0474e-03
3280.3794 2.3945e-02
3281.3635 3.9810e-03
3282.3479 2.7618e-03
3283.3325 2.2408e-02
3284.3179 9.6463e-03
3285.3030 1.3553e-02
3286.2888 1.4907e-02
3287.2744 6.1996e-03
3288.2605 8.9129e-03
3289.2471 2.3219e-02
3290.2339 1.4927e-02
3291.2212 7.2699e-03
3292.2083 3.6646e-02
3293.1958 2.0078e-02
3294.1838 2.2613e-02
3295.1724 1.5232e-02
3296.1609 1.6205e-02
3297.1497 1.6402e-02
3298.1387 2.7162e-02
3299.1282 2.2760e-02
3300.1177 1.7574e-02
3301.1079 3.0805e-02
3302.0984 2.6284e-02
3303.0889 1.9607e-02
3304.0798 1.5580e-02
3305.0713 4.1057e-03
3306.0627 2.5426e-02
3307.0544 8.3328e-03
3308.0466 2.1824e-02
3309.0391 1.8786e-02
3310.0317 1.6722e-02
3311.0247 1.7917e-02
3312.0178 2.0450e-02
3313.0117 2.2011e-02
3314.0054 1.1655e-02
3315.0000 1.3766e-02
3315.9941 1.7415e-02
3316.9890 1.5835e-02
3317.9839 2.6855e-02
3318.9795 1.7078e-02
3319.9751 7.3634e-03
3320.9712 1.5241e-02
3321.9678 1.9807e-02
3322.9639 1.9568e-02
3323.9607 2.5869e-02
3324.9580 6.1436e-03
3325.9558 2.1288e-02
3326.9536 3.0335e-02
3327.9514 2.1754e-02
3328.9497 2.4041e-02
3329.9482 9.9276e-03
3330.9475 2.5325e-02
3331.9468 1.9131e-02
3332.9463 3.3817e-02
3333.9463 1.0188e-02
3334.9463 2.0403e-02
3335.9473 3.7327e-02
3336.9478 2.6301e-02
3337.9487 1.8722e-02
3338.9502 2.3039e-02
3339.9517 1.5494e-02
3340.9536 6.6354e-03
3341.9561 2.4464e-02
3342.9587 1.3613e-02
3343.9614 3.0127e-02
3344.9651 2.0638e-02
3345.9685 1.9303e-02
3346.9722 2.5096e-02
3347.9763 1.5179e-02
3348.9805 2.6445e-02
3349.9854 2.0147e-02
3350.9902 2.2826e-02
3351.9956 3.0992e-02
3353.0010 2.3465e-02
3354.0073 2.4551e-02
3355.0129 3.2343e-02
3356.0198 1.3010e-02
3357.0264 1.9647e-02
3358.0334 2.4969e-02
3359.0410 2.5837e-02
3360.0488 1.3431e-02
3361.0569 2.0389e-02
3362.0654 2.1356e-02
3363.0740 1.4041e-02
3364.0828 3.3597e-02
3365.0918 1.1671e-02
3366.1013 3.1200e-02
3367.1113 1.2090e-02
3368.1213 2.8705e-02
3369.1318 2.0116e-02
3370.1426 2.0655e-02
3371.1536 1.8248e-02
3372.1650 1.7323e-02
3373.1768 1.9738e-02
3374.1885 1.2726e-02
3375.2004 1.3274e-02
3376.2134 1.0027e-02
3377.2261 1.1216e-02
3378.2395 7.8030e-03
3379.2529 1.4761e-02
3380.2664 3.1981e-02
3381.2805 1.1642e-02
3382.2952 2.2173e-02
3383.3098 2.0856e-02
3384.3250 4.6125e-03
3385.3401 1.8886e-02
3386.3557 8.9682e-03
3387.3716 1.5577e-02
3388.3879 1.5579e-02
3389.4045 1.6179e-02
3390.4211 1.6339e-02
3391.4385 3.5970e-02
3392.4558 1.1881e-02
3393.4736 3.7709e-02
3394.4915 2.3281e-02
3395.5100 1.0883e-02
3396.5286 2.0985e-02
3397.5474 2.3475e-02
3398.5667 2.1024e-02
3399.5862 9.8199e-03
3400.6062 2.0298e-02
3401.6262 1.7412e-02
3402.6467 1.5048e-02
3403.6677 8.6818e-03
3404.6887 1.7598e-02
3405.7100 2.6161e-02
3406.7319 2.6618e-02
3407.7539 1.8837e-02
3408.7764 1.2977e-02
3409.7988 1.2687e-02
3410.8218 1.2044e-02
3411.8450 2.2432e-02
3412.8687 3.1066e-02
3413.8923 1.0053e-02
3414.9167 1.5606e-02
3415.9412 3.9006e-02
3416.9658 1.7108e-02
3417.9907 3.2423e-02
3419.0164 8.4605e-03
3420.0420 2.4325e-02
3421.0681 1.7608e-02
3422.0945 2.7318e-02
3423.1208 2.1775e-02
3424.1479 1.4773e-02
3425.1753 2.2853e-02
3426.2029 1.3129e-02
3427.2307 1.9541e-02
3428.2588 1.9106e-02
3429.2871 1.9315e-02
3430.3159 4.4321e-02
3431.3452 1.5818e-02
3432.3748 3.9597e-02
3433.4041 3.8976e-02
3434.4346 2.4245e-02
3435.4646 2.5531e-02
3436.4954 2.6168e-02
3437.5261 1.7837e-02
3438.5579 1.1383e-02
3439.5894 1.9069e-02
3440.6208 1.7946e-02
3441.6531 3.6528e-02
3442.6855 2.2099e-02
3443.7183 3.2587e-02
3444.7515 2.8872e-02
3445.7852 1.0411e-02
3446.8186 3.1555e-02
3447.8525 1.2814e-02
3448.8872 1.1356e-02
3449.9216 1.8344e-02
3450.9568 3.1477e-02
3451.9919 1.9769e-02
3453.0276 2.9066e-02
3454.0637 3.0117e-02
3455.0999 8.6229e-03
3456.1362 2.4607e-02
3457.1731 2.1645e-02
3458.2102 1.5478e-02
3459.2476 1.0554e-02
3460.2856 2.1305e-02
3461.3235 1.9418e-02
3462.3621 2.8871e-02
3463.4004 3.1749e-02
3464.4399 2.6263e-02
3465.4790 1.4593e-02
3466.5188 2.4466e-02
3467.5586 1.0951e-02
3468.5989 2.4455e-02
3469.6394 1.4950e-02
3470.6804 2.4314e-02
3471.7217 3.6478e-02
3472.7629 1.9695e-02
3473.8049 3.2255e-02
3474.8469 2.1068e-02
3475.8894 2.0016e-02
3476.9321 1.6229e-02
3477.9751 1.5341e-02
3479.0188 1.2514e-02
3480.0625 2.1986e-02
3481.1064 2.0557e-02
3482.1509 1.0567e-02
3483.1956 2.4458e-02
3484.2407 1.7671e-02
3485.2856 2.2500e-02
3486.3313 2.2066e-02
3487.3772 2.0334e-02
3488.4233 3.2939e-02
3489.4697 1.0304e-02
3490.5168 2.2104e-02
3491.5640 2.1355e-02
3492.6116 1.5916e-02
3493.6592 2.4622e-02
3494.7073 2.1071e-02
3495.7556 1.9779e-02
3496.8044 2.1841e-02
3497.8535 1.5227e-02
3498.9026 1.7503e-02
3499.9526 2.2036e-02
3501.0024 2.7453e-02
3502.0527 1.3639e-02
3503.1033 2.9018e-02
3504.1543 2.7738e-02
3505.2058 1.6678e-02
3506.2571 1.6156e-02
3507.3088 1.8977e-02
3508.3613 1.7162e-02
3509.4136 2.6363e-02
3510.4663 3.1183e-02
3511.5193 1.2613e-02
3512.5730 2.6538e-02
3513.6270 2.7912e-02
3514.6809 1.1200e-02
3515.7351 1.7201e-02
3516.7898 1.6323e-02
3517.8452 1.4414e-02
3518.9004 1.6557e-02
3519.9561 1.7061e-02
3521.0122 2.9906e-02
3522.0686 2.2067e-02
3523.1250 2.0587e-02
3524.1821 1.3927e-02
3525.2390 1.5159e-02
3526.2969 3.4585e-02
3527.3547 2.4084e-02
3528.4126 1.2045e-02
3529.4714 1.3554e-02
3530.5303 1.7616e-02
3531.5894 2.8796e-02
3532.6487 2.1147e-02
3533.7090 1.8603e-02
3534.7688 1.7146e-02
3535.8293 1.3260e-02
3536.8901 2.4596e-03
3537.9512 2.8536e-02
3539.0122 1.4578e-02
3540.0740 1.7890e-02
3541.1360 8.8026e-03
3542.1987 1.6517e-02
3543.2612 1.1836e-02
3544.3245 2.1835e-02
3545.3875 1.9421e-02
3546.4509 2.2149e-02
3547.5154 1.6617e-02
3548.5793 2.4325e-02
3549.6438 1.8419e-02
3550.7087 8.3601e-03
3551.7739 8.1659e-03
3552.8396 1.0748e-02
3553.9053 2.0913e-02
3554.9714 1.8612e-02
3556.0378 6.9710e-03
3557.1050 1.6559e-02
3558.1716 2.5514e-02
3559.2395 1.0706e-02
3560.3071 1.4293e-02
3561.3752 1.7321e-02
3562.4436 2.0242e-02
3563.5125 2.7015e-02
3564.5813 1.2839e-02
3565.6506 1.4835e-02
3566.7205 1.6670e-02
3567.7905 2.0290e-02
3568.8611 1.0549e-02
3569.9316 1.8608e-02
3571.0027 2.3932e-02
3572.0737 1.0940e-02
3573.1455 1.2956e-02
3574.2175 8.0963e-03
3575.2896 2.2729e-02
3576.3625 2.9872e-02
3577.4351 1.6121e-02
3578.5083 2.5503e-02
3579.5820 2.3155e-02
3580.6560 1.8239e-02
3581.7300 1.9403e-02
3582.8047 1.5582e-02
3583.8792 3.0617e-02
3584.9546 7.2168e-03
3586.0298 2.0538e-02
3587.1060 1.7885e-02
3588.1821 2.1720e-02
3589.2583 1.7276e-02
3590.3352 9.7131e-03
3591.4124 1.0020e-02
3592.4897 1.1131e-02
3593.5671 2.5192e-02
3594.6455 2.1596e-02
3595.7241 1.4598e-02
3596.8025 2.4534e-02
3597.8818 9.6108e-03
3598.9609 1.6417e-02
3600.0405 4.7476e-03
3601.1204 2.4339e-02
3602.2009 1.0009e-02
3603.2817 1.0779e-02
3604.3625 1.0536e-02
3605.4441 1.2355e-02
3606.5256 2.3523e-02
3607.6074 1.7168e-02
3608.6899 2.1206e-02
3609.7725 1.4794e-02
3610.8552 1.4817e-02
3611.9385 1.5963e-02
3613.0222 1.7444e-02
3614.1062 8.8972e-03
3615.1904 1.2672e-02
3616.2749 1.2816e-02
3617.3599 6.7848e-03
3618.4451 1.0425e-02
3619.5303 2.3222e-02
3620.6165 2.1674e-02
3621.7024 8.7216e-03
3622.7891 1.3380e-02
3623.8760 1.7797e-02
3624.9631 3.8625e-03
3626.0508 2.0651e-02
3627.1382 1.6145e-02
3628.2266 1.0153e-02
3629.3152 1.0151e-02
3630.4038 1.2851e-02
3631.4927 1.0200e-02
3632.5825 1.9935e-02
3633.6721 1.5464e-03
3634.7622 1.6861e-02
3635.8528 8.7661e-03
3636.9434 1.1373e-02
3638.0347 1.9441e-02
3639.1257 1.4128e-02
3640.2178 1.9900e-02
3641.3098 1.5610e-02
3642.4021 1.1206e-02
3643.4946 1.5659e-02
3644.5881 2.2442e-02
3645.6814 1.1425e-02
3646.7751 1.2986e-02
3647.8691 1.7208e-02
3648.9634 1.1583e-02
3650.0581 1.2387e-02
3651.1533 2.5553e-02
3652.2480 1.3161e-02
3653.3442 1.7982e-02
3654.4402 1.3779e-02
3655.5364 9.5404e-03
3656.6333 8.0353e-03
3657.7300 2.5020e-02
3658.8274 2.4931e-02
3659.9250 2.0128e-02
3661.0232 1.3320e-02
3662.1213 1.6470e-02
3663.2202 1.4023e-02
3664.3188 2.1500e-02
3665.4182 1.2885e-02
3666.5181 9.4106e-03
3667.6179 2.0136e-02
3668.7183 1.2287e-02
3669.8186 2.5492e-02
3670.9197 2.0206e-02
3672.0210 1.5270e-02
3673.1226 1.3529e-02
3674.2241 1.7324e-02
3675.3269 2.1875e-02
3676.4294 2.0822e-02
3677.5325 2.0679e-02
3678.6355 1.3781e-02
3679.7390 1.2044e-03
3680.8430 1.4920e-02
3681.9473 2.1745e-02
3683.0518 2.6034e-02
3684.1570 2.1798e-02
3685.2620 1.0082e-02
3686.3677 1.0290e-02
3687.4739 1.3180e-02
3688.5796 2.5253e-02
3689.6865 2.8733e-02
3690.7932 2.5591e-02
3691.9006 1.7234e-02
3693.0081 1.3388e-02
3694.1160 1.1855e-02
3695.2241 3.1181e-02
3696.3328 1.5330e-02
3697.4417 2.7519e-02
3698.5508 1.9255e-02
3699.6606 1.3451e-02
3700.7703 2.5218e-02
3701.8806 2.0277e-02
3702.9910 3.1770e-02
3704.1023 1.2428e-02
3705.2136 3.2837e-02
3706.3247 1.3631e-02
3707.4370 1.6696e-02
3708.5491 1.8388e-02
3709.6616 1.6874e-02
3710.7744 9.5017e-03
3711.8877 1.3844e-02
3713.0012 1.2896e-02
3714.1152 1.2962e-02
3715.2292 1.8449e-02
3716.3440 2.9456e-02
3717.4590 1.6128e-02
3718.5742 3.7206e-03
3719.6897 1.7668e-02
3720.8057 1.5286e-02
3721.9219 1.9194e-02
3723.0383 2.6730e-02
3724.1553 1.6559e-02
3725.2725 1.3225e-02
3726.3904 1.4666e-02
3727.5081 1.4674e-02
3728.6265 1.8797e-02
3729.7451 1.2113e-02
3730.8640 2.1693e-02
3731.9832 1.2966e-02
3733.1028 5.8987e-03
3734.2227 2.7646e-02
3735.3428 8.5817e-03
3736.4636 1.2362e-02
3737.5842 2.0894e-02
3738.7056 1.0500e-02
3739.8276 1.4453e-02
3740.9490 7.5107e-03
3742.0718 1.8306e-02
3743.1943 1.1463e-02
3744.3171 1.7857e-02
3745.4404 5.2077e-03
3746.5640 9.8499e-03
3747.6880 1.5668e-02
3748.8125 1.6714e-02
3749.9368 2.3845e-02
3751.0620 1.2376e-02
3752.1873 1.1528e-02
3753.3130 9.8527e-03
3754.4387 1.4984e-02
3755.5652 7.2892e-04
3756.6919 9.6321e-03
3757.8188 2.0537e-02
3758.9463 2.0648e-02
3760.0737 1.4916e-02
3761.2019 2.2569e-02
3762.3306 1.7778e-02
3763.4590 1.3089e-02
3764.5881 1.2439e-02
3765.7175 1.6377e-02
3766.8472 1.6140e-02
3767.9771 1.5156e-02
3769.1079 2.1007e-02
3770.2383 1.6268e-02
3771.3694 9.3460e-03
3772.5007 1.1417e-02
3773.6328 1.8964e-02
3774.7646 9.4482e-03
3775.8972 2.2020e-02
3777.0298 1.1317e-02
3778.1628 1.1083e-02
3779.2964 2.2166e-02
3780.4302 1.4357e-02
3781.5642 1.3101e-02
3782.6987 8.4517e-03
3783.8335 5.2354e-03
3784.9690 5.2427e-03
3786.1042 1.2165e-02
3787.2400 1.1396e-02
3788.3762 1.8246e-02
3789.5125 1.3360e-02
3790.6497 5.8793e-03
3791.7869 3.6575e-03
3792.9246 1.6074e-02
3794.0625 1.8426e-02
3795.2007 4.9349e-03
3796.3391 1.0139e-02
3797.4778 1.0024e-02
3798.6169 6.7069e-03
3799.7568 1.4916e-02
3800.8967 1.2977e-02
3802.0371 1.1618e-02
3803.1775 8.1776e-03
3804.3181 9.1010e-03
3805.4597 1.0769e-02
3806.6013 7.6989e-03
3807.7434 5.3825e-03
3808.8857 8.5170e-03
3810.0286 9.7467e-03
3811.1714 1.2735e-02
3812.3149 9.8934e-03
3813.4583 1.8404e-02
3814.6025 5.6485e-03
3815.7468 1.0016e-02
3816.8916 2.9168e-03
3818.0369 9.6522e-03
3819.1824 1.7117e-02
3820.3281 1.1795e-02
3821.4741 2.1383e-02
3822.6201 3.5220e-03
3823.7671 6.3509e-03
3824.9143 1.3197e-02
3826.0615 7.2192e-03
3827.2097 1.4594e-02
3828.3577 7.2193e-03
3829.5063 1.0579e-02
3830.6553 9.4696e-03
3831.8044 1.2655e-02
3832.9539 1.9214e-02
3834.1035 2.1149e-02
3835.2539 9.7950e-03
3836.4045 3.5186e-03
3837.5554 1.1926e-02
3838.7068 2.4951e-02
3839.8582 9.8915e-03
3841.0103 2.9363e-02
3842.1628 6.8882e-03
3843.3152 1.8390e-02
3844.4683 1.2500e-02
3845.6216 1.2628e-02
3846.7754 7.0998e-03
3847.9294 9.5513e-03
3849.0835 1.4249e-02
3850.2383 3.2107e-02
3851.3933 2.1587e-02
3852.5488 1.6449e-02
3853.7051 1.5682e-02
3854.8606 1.9139e-02
3856.0173 1.4159e-02
3857.1741 1.7239e-02
3858.3313 2.0694e-02
3859.4883 1.4546e-02
3860.6465 7.9705e-03
3861.8047 2.6541e-02
3862.9631 1.9570e-02
3864.1221 2.1065e-02
3865.2815 1.2708e-02
3866.4412 2.1950e-02
3867.6011 1.9693e-02
3868.7610 1.3362e-02
3869.9216 2.2201e-02
3871.0828 1.9527e-02
3872.2441 7.6051e-03
3873.4058 2.0904e-02
3874.5676 6.2649e-03
3875.7302 1.2327e-02
3876.8931 9.4068e-03
3878.0559 1.5586e-02
3879.2192 2.2868e-02
3880.3831 1.4631e-02
3881.5474 1.9753e-02
3882.7119 1.5309e-02
3883.8767 1.6389e-02
3885.0420 1.3657e-02
3886.2073 1.5235e-02
3887.3728 2.2672e-02
3888.5391 1.5916e-02
3889.7061 1.9892e-02
3890.8730 2.7412e-02
3892.0400 6.2961e-03
3893.2078 7.0930e-03
3894.3755 1.6422e-02
3895.5439 2.2236e-02
3896.7126 2.9384e-02
3897.8813 3.3804e-03
3899.0508 9.1680e-03
3900.2209 1.5148e-02
3901.3909 2.4420e-02
3902.5613 2.0096e-02
3903.7322 1.6918e-02
3904.9031 2.1064e-02
3906.0747 4.5704e-03
3907.2463 1.4419e-02
3908.4187 2.3799e-02
3909.5911 7.5677e-03
3910.7642 1.7821e-02
3911.9373 2.4640e-02
3913.1111 1.5608e-02
3914.2849 2.2180e-02
3915.4592 2.1878e-02
3916.6335 1.1437e-02
3917.8086 1.1156e-02
3918.9839 3.8503e-02
3920.1597 1.9297e-02
3921.3359 3.0177e-02
3922.5120 2.0552e-02
3923.6887 1.3826e-02
3924.8660 1.9540e-02
3926.0432 2.0515e-02
3927.2212 2.2875e-02
3928.3994 3.2479e-02
3929.5779 2.1265e-02
3930.7568 2.4989e-02
3931.9360 2.0506e-02
3933.1157 2.7034e-02
3934.2954 3.3286e-02
3935.4758 3.0402e-02
3936.6562 2.3635e-02
3937.8374 2.4206e-02
3939.0186 2.3770e-02
3940.2004 2.5768e-02
3941.3826 2.8881e-02
3942.5649 2.8325e-02
3943.7478 1.7120e-02
3944.9307 2.6242e-02
3946.1147 2.5083e-02
3947.2983 1.8430e-02
3948.4824 2.2431e-02
3949.6670 1.4892e-02
3950.8521 1.6712e-02
3952.0369 1.4214e-02
3953.2227 2.0674e-02
3954.4089 1.1138e-02
3955.5950 3.0329e-02
3956.7812 4.0561e-02
3957.9688 3.4075e-02
3959.1560 1.8729e-02
3960.3438 1.5707e-02
3961.5320 1.9658e-02
3962.7202 2.5435e-02
3963.9094 1.8330e-02
3965.0984 1.8732e-02
3966.2881 3.7212e-02
3967.4778 2.9393e-02
3968.6680 1.3743e-02
3969.8584 2.5883e-02
3971.0498 2.9809e-02
3972.2412 2.5881e-02
3973.4326 1.8521e-02
3974.6248 3.7607e-02
3975.8171 1.8149e-02
3977.0095 1.7419e-02
3978.2029 3.1229e-02
3979.3962 1.3476e-02
3980.5901 1.1400e-02
3981.7844 2.4974e-02
3982.9790 2.2945e-02
3984.1736 1.2820e-02
3985.3691 3.0146e-02
3986.5647 1.9610e-02
3987.7605 3.2018e-02
3988.9568 2.7637e-02
3990.1538 3.8595e-02
3991.3506 2.3419e-02
3992.5481 2.9289e-02
3993.7456 1.3370e-02
3994.9441 1.7304e-02
3996.1423 2.9254e-02
3997.3413 2.9338e-02
3998.5408 2.0048e-02
3999.7397 3.7779e-02
4000.9402 3.2111e-02
4002.1401 2.2245e-02
4003.3408 9.6890e-03
4004.5415 8.4998e-03
4005.7434 1.4964e-02
4006.9448 7.9310e-03
4008.1470 2.8999e-02
4009.3496 2.1025e-02
4010.5522 2.3501e-02
4011.7556 2.4334e-02
4012.9587 2.3153e-02
4014.1628 2.5940e-02
4015.3672 1.2950e-02
4016.5715 3.0188e-02
4017.7769 1.3192e-02
4018.9817 1.9893e-02
4020.1875 3.3834e-02
4021.3936 1.6797e-02
4022.6003 2.7496e-02
4023.8071 1.8962e-02
4025.0142 2.4223e-02
4026.2214 2.6006e-02
4027.4294 1.5048e-02
4028.6377 3.8553e-02
4029.8462 2.0389e-02
4031.0554 1.4731e-02
4032.2646 2.8206e-02
4033.4744 2.0072e-02
4034.6843 2.6998e-02
4035.8945 1.8953e-02
4037.1052 2.4552e-02
4038.3167 2.2774e-02
4039.5281 1.6856e-02
4040.7397 1.6703e-02
4041.9524 4.0719e-02
4043.1648 2.3908e-02
4044.3777 1.8949e-02
4045.5913 1.9612e-02
4046.8047 1.3968e-02
4048.0186 1.6954e-02
4049.2332 1.9294e-02
4050.4480 3.4672e-02
4051.6628 1.2833e-02
4052.8784 3.6391e-02
4054.0942 1.0335e-02
4055.3108 1.1217e-02
4056.5273 1.1138e-02
4057.7444 2.1919e-02
4058.9614 3.6540e-02
4060.1792 3.4940e-02
4061.3970 2.6232e-02
4062.6155 1.0466e-02
4063.8345 2.4262e-02
4065.0535 1.3143e-02
4066.2732 2.2943e-02
4067.4929 1.0520e-02
4068.7131 2.6827e-02
4069.9338 1.2163e-02
4071.1548 8.0241e-03
4072.3762 1.4817e-02
4073.5981 1.7452e-02
4074.8201 3.5925e-02
4076.0427 1.8878e-02
4077.2654 2.1583e-02
4078.4885 1.5492e-02
4079.7119 2.6365e-02
4080.9358 2.4039e-02
4082.1602 3.2413e-02
4083.3845 1.9693e-02
4084.6099 2.2797e-02
4085.8354 2.4078e-02
4087.0608 1.5253e-02
4088.2869 1.4307e-02
4089.5137 1.3640e-02
4090.7407 2.2460e-02
4091.9678 1.6560e-02
4093.1953 2.2105e-02
4094.4233 1.5877e-02
4095.6519 2.6824e-02
4096.8799 1.6705e-02
4098.1094 1.9551e-02
4099.3384 2.0486e-02
4100.5684 2.3466e-02
4101.7988 2.2147e-02
4103.0293 1.2611e-02
4104.2598 2.0665e-02
4105.4912 5.3535e-03
4106.7231 2.9355e-02
4107.9546 2.8334e-02
4109.1875 2.4781e-02
4110.4204 2.2924e-02
4111.6533 1.0695e-02
4112.8867 2.5441e-02
4114.1211 1.1573e-02
4115.3545 1.3232e-02
4116.5898 2.4439e-02
4117.8247 1.4748e-02
4119.0596 2.1626e-02
4120.2954 2.6409e-02
4121.5317 2.7321e-02
4122.7681 2.0945e-02
4124.0049 1.9209e-02
4125.2422 2.3622e-02
4126.4800 3.8121e-02
4127.7178 1.7202e-02
4128.9561 2.0938e-02
4130.1948 1.0889e-02
4131.4336 1.8271e-02
4132.6733 1.3248e-02
4133.9126 2.1024e-02
4135.1533 2.1967e-02
4136.3936 1.4049e-02
4137.6348 9.3045e-03
4138.8760 1.5293e-02
4140.1172 9.5610e-03
4141.3599 1.3702e-02
4142.6021 1.6358e-02
4143.8447 2.1842e-02
4145.0879 2.2794e-02
4146.3315 1.4115e-02
4147.5752 1.8235e-02
4148.8198 2.8651e-02
4150.0640 9.3462e-03
4151.3091 1.0236e-02
4152.5547 4.1274e-03
4153.8003 1.5411e-02
4155.0464 1.8571e-02
4156.2930 2.2381e-02
4157.5400 2.2024e-02
4158.7871 1.0824e-02
4160.0352 4.2991e-03
4161.2827 2.7964e-02
4162.5312 1.6173e-02
4163.7803 2.1191e-02
4165.0293 1.7392e-02
4166.2783 9.0234e-03
4167.5288 2.1122e-02
4168.7788 1.2351e-02
4170.0298 1.1930e-02
4171.2803 6.3786e-03
4172.5317 1.4646e-02
4173.7837 1.7109e-02
4175.0356 1.9586e-02
4176.2886 2.1600e-02
4177.5410 1.3161e-02
4178.7944 2.4943e-02
4180.0479 1.4069e-02
4181.3022 1.2788e-02
4182.5566 1.7513e-02
4183.8115 2.4622e-02
4185.0664 2.6560e-02
4186.3223 2.0111e-02
4187.5776 1.3113e-02
4188.8340 1.4433e-02
4190.0903 3.5954e-02
4191.3477 9.5760e-03
4192.6050 3.1980e-02
4193.8628 1.4942e-02
4195.1206 2.4964e-02
4196.3794 1.1203e-02
4197.6387 2.2414e-02
4198.8975 1.1994e-02
4200.1577 1.8044e-02
4201.4175 1.4805e-02
4202.6782 1.1376e-02
4203.9390 1.7742e-02
4205.2002 1.2484e-02
4206.4614 2.3678e-02
4207.7231 2.1399e-02
4208.9858 1.8180e-02
4210.2485 2.7047e-02
4211.5112 1.3887e-02
4212.7749 2.6548e-02
4214.0391 1.6109e-02
4215.3032 2.4384e-02
4216.5679 1.8848e-02
4217.8330 1.4597e-02
4219.0981 1.7076e-02
4220.3638 9.7876e-03
4221.6299 1.6845e-02
4222.8965 1.6181e-02
4224.1636 2.0535e-02
4225.4302 9.8369e-03
4226.6978 1.2556e-02
4227.9658 1.9790e-02
4229.2349 1.3029e-02
4230.5034 1.5212e-02
4231.7725 6.8462e-03
4233.0415 1.0199e-02
4234.3115 1.3570e-02
4235.5825 7.8192e-03
4236.8525 1.6030e-02
4238.1235 4.9955e-03
4239.3955 6.3270e-03
4240.6670 1.0069e-02
4241.9390 1.7657e-02
4243.2119 1.2485e-02
4244.4844 6.0268e-03
4245.7583 1.8485e-02
4247.0317 2.0521e-02
4248.3062 9.6685e-03
4249.5806 2.3928e-02
4250.8555 2.2057e-02
4252.1309 2.3261e-02
4253.4062 1.0723e-02
4254.6821 2.3505e-02
4255.9590 1.6419e-02
4257.2358 2.6412e-02
4258.5127 2.0897e-02
4259.7900 7.0932e-03
4261.0679 1.5646e-02
4262.3462 3.9024e-02
4263.6250 1.4320e-02
4264.9043 1.4980e-02
4266.1841 9.7864e-03
4267.4639 1.5114e-02
4268.7432 1.9954e-02
4270.0244 1.2828e-02
4271.3052 1.4029e-02
4272.5869 1.1815e-02
4273.8682 2.4821e-02
4275.1509 1.1563e-02
4276.4336 1.3955e-02
4277.7163 2.1263e-02
4278.9995 1.8794e-02
4280.2837 1.1520e-02
4281.5674 1.2707e-02
4282.8521 2.2029e-02
4284.1367 2.6238e-02
4285.4219 1.8860e-02
4286.7075 2.9314e-02
4287.9937 2.3588e-02
4289.2798 1.7932e-02
4290.5669 1.5436e-02
4291.8540 1.4023e-02
4293.1416 2.7253e-02
4294.4292 9.6021e-03
4295.7183 1.3674e-02
4297.0063 3.0021e-02
4298.2954 6.7869e-03
4299.5854 1.3355e-02
4300.8750 2.0609e-02
4302.1650 1.9555e-02
4303.4561 1.5245e-02
4304.7471 1.3658e-02
4306.0381 1.2051e-02
4307.3301 1.2617e-02
4308.6221 1.5284e-02
4309.9150 1.6547e-02
4311.2075 1.2767e-02
4312.5015 1.5480e-02
4313.7949 1.4126e-02
4315.0889 3.8466e-03
4316.3838 1.4193e-02
4317.6787 9.6577e-03
4318.9741 2.0388e-02
4320.2700 1.2008e-02
4321.5654 2.0133e-02
4322.8623 1.6137e-02
4324.1592 1.5675e-02
4325.4565 2.6384e-02
4326.7539 1.2941e-02
4328.0518 7.8135e-03
4329.3501 2.5368e-02
4330.6494 2.9238e-02
4331.9482 2.9021e-02
4333.2480 1.3560e-02
4334.5479 2.4677e-02
4335.8477 1.2352e-02
4337.1489 2.4724e-02
4338.4502 2.3245e-02
4339.7515 1.7732e-02
4341.0537 1.6061e-02
4342.3560 2.1458e-02
4343.6582 2.8111e-02
4344.9614 1.2791e-02
4346.2646 1.3157e-02
4347.5693 3.5830e-02
4348.8735 8.7156e-03
4350.1782 1.5185e-02
4351.4829 2.0665e-02
4352.7886 2.7016e-02
4354.0938 2.1236e-02
4355.4009 1.0889e-02
4356.7070 2.0644e-02
4358.0137 1.9254e-02
4359.3218 4.5592e-03
4360.6294 1.6635e-02
4361.9375 7.4422e-03
4363.2461 2.0451e-02
4364.5552 8.6743e-03
4365.8643 1.4970e-02
4367.1743 1.9822e-02
4368.4844 8.9799e-03
4369.7954 2.0606e-02
4371.1060 1.6553e-02
4372.4170 1.1469e-02
4373.7285 1.9843e-02
4375.0415 1.7014e-02
4376.3540 1.7967e-02
4377.6665 2.4652e-02
4378.9800 1.6729e-02
4380.2935 1.6314e-02
4381.6074 9.3918e-03
4382.9219 1.1757e-02
4384.2363 9.5553e-03
4385.5522 1.9031e-02
4386.8677 1.2578e-02
4388.1841 1.3983e-02
4389.5010 1.0526e-02
4390.8169 2.6217e-02
4392.1343 1.8344e-02
4393.4521 3.6129e-02
4394.7700 1.2017e-02
4396.0884 8.4938e-03
4397.4077 2.0636e-02
4398.7266 2.0401e-02
4400.0464 1.5675e-02
4401.3667 1.0955e-02
4402.6870 9.0700e-03
4404.0073 8.0255e-03
4405.3291 1.0667e-02
4406.6504 8.0379e-03
4407.9722 1.8880e-02
4409.2944 9.8641e-03
4410.6172 1.3403e-02
4411.9404 1.7496e-02
4413.2642 1.4736e-02
4414.5879 8.6582e-03
4415.9126 9.5287e-03
4417.2373 1.1236e-02
4418.5625 1.0690e-02
4419.8882 1.7432e-02
4421.2139 6.7171e-03
4422.5405 1.1063e-02
4423.8672 1.1669e-02
4425.1938 1.5100e-02
4426.5220 1.7100e-02
4427.8496 2.0282e-02
4429.1787 1.4340e-02
4430.5063 1.8233e-02
4431.8364 1.7667e-02
4433.1655 1.7325e-02
4434.4956 1.8643e-02
4435.8262 1.3566e-02
4437.1567 1.8354e-02
4438.4878 1.6163e-02
4439.8193 1.0675e-02
4441.1514 1.2454e-02
4442.4834 1.6480e-02
4443.8164 1.4746e-02
4445.1494 2.1968e-02
4446.4829 1.6498e-02
4447.8169 1.9734e-02
4449.1514 1.3554e-02
4450.4863 1.3719e-02
4451.8213 1.8593e-02
4453.1567 1.7349e-02
4454.4927 1.4003e-02
4455.8291 2.2642e-02
4457.1660 1.1567e-02
4458.5029 1.4150e-02
4459.8403 4.4635e-03
4461.1787 1.3717e-02
4462.5171 1.7372e-02
4463.8555 9.9326e-03
4465.1948 2.3460e-02
4466.5347 1.2775e-02
4467.8740 1.5374e-02
4469.2144 1.6176e-02
4470.5552 2.1284e-02
4471.8970 1.4779e-02
4473.2383 7.3443e-03
4474.5806 1.2511e-02
4475.9229 2.9748e-02
4477.2651 1.9990e-02
4478.6084 1.5845e-02
4479.9521 1.2407e-02
4481.2959 1.0115e-02
4482.6406 5.0348e-03
4483.9854 9.5216e-03
4485.3306 9.4921e-03
4486.6763 9.7418e-03
4488.0220 2.2430e-02
4489.3682 2.0950e-02
4490.7153 1.7359e-02
4492.0620 1.3090e-02
4493.4102 2.4256e-02
4494.7578 1.3750e-02
4496.1069 2.1342e-02
4497.4556 1.3049e-02
4498.8047 2.1424e-02
4500.1543 1.6113e-02
4501.5044 1.5885e-02
4502.8550 1.6664e-02
4504.2056 2.0076e-02
4505.5566 1.8395e-02
4506.9082 1.4427e-02
4508.2607 2.4377e-02
4509.6133 2.0415e-02
4510.9658 7.6708e-03
4512.3193 4.9046e-03
4513.6729 1.3168e-02
4515.0273 1.6977e-02
4516.3818 1.0753e-02
4517.7363 2.2400e-02
4519.0918 1.3663e-02
4520.4473 2.1461e-02
4521.8037 1.2497e-02
4523.1606 1.2437e-02
4524.5171 1.4959e-02
4525.8750 1.6061e-02
4527.2324 1.9552e-02
4528.5903 5.9058e-03
4529.9492 1.9119e-02
4531.3081 1.7792e-02
4532.6675 2.5040e-02
4534.0269 2.6956e-02
4535.3872 2.2796e-02
4536.7480 1.3442e-02
4538.1094 2.7705e-02
4539.4702 1.6204e-02
4540.8320 2.0021e-02
4542.1943 1.2457e-02
4543.5576 1.3487e-02
4544.9199 1.8338e-02
4546.2842 2.2729e-02
4547.6475 2.4749e-02
4549.0117 9.9514e-03
4550.3770 2.0308e-02
4551.7417 3.4229e-02
4553.1074 2.7398e-02
4554.4731 2.3243e-02
4555.8398 1.6856e-02
4557.2061 9.0626e-03
4558.5732 3.2644e-02
4559.9414 3.3991e-02
4561.3086 1.6367e-02
4562.6772 3.0844e-02
4564.0459 2.6727e-02
4565.4150 3.2197e-02
4566.7852 1.9756e-02
4568.1553 1.8322e-02
4569.5249 1.7945e-02
4570.8965 2.2732e-02
4572.2676 2.0145e-02
4573.6392 1.2980e-02
4575.0117 2.7147e-02
4576.3838 1.3780e-02
4577.7568 1.2388e-02
4579.1304 3.2853e-03
4580.5039 2.0203e-02
4581.8784 1.8780e-02
4583.2524 1.7749e-02
4584.6274 2.2393e-02
4586.0029 8.6415e-03
4587.3789 2.0803e-02
4588.7549 2.2527e-02
4590.1318 1.6259e-02
4591.5083 2.5785e-02
4592.8857 1.7316e-02
4594.2642 9.9688e-03
4595.6426 2.5475e-02
4597.0210 2.3368e-02
4598.3999 1.0166e-02
4599.7798 1.1215e-02
4601.1597 1.1556e-02
4602.5396 1.0929e-02
4603.9204 1.9704e-02
4605.3022 2.1783e-02
4606.6836 2.0350e-02
4608.0649 2.5264e-02
4609.4478 1.5426e-02
4610.8306 1.7300e-02
4612.2144 1.9660e-02
4613.5977 1.8037e-02
4614.9819 1.5134e-02
4616.3662 2.3680e-02
4617.7515 1.4422e-02
4619.1362 1.3183e-02
4620.5225 2.2685e-02
4621.9082 1.7664e-02
4623.2949 2.1325e-02
4624.6816 2.2039e-02
4626.0693 2.1016e-02
4627.4570 3.2705e-02
4628.8457 1.3140e-02
4630.2334 9.1170e-03
4631.6230 1.0673e-02
4633.0127 1.1572e-02
4634.4028 1.2729e-02
4635.7935 2.5259e-02
4637.1831 1.3023e-02
4638.5742 1.9536e-02
4639.9658 1.2784e-02
4641.3579 1.3745e-02
4642.7505 1.3852e-02
4644.1436 1.3937e-02
4645.5371 1.1156e-02
4646.9307 1.8740e-02
4648.3247 1.9654e-02
4649.7188 2.3160e-02
4651.1138 1.8172e-02
4652.5093 2.4746e-02
4653.9048 3.2106e-02
4655.3018 2.3991e-02
4656.6978 2.7385e-02
4658.0947 2.6466e-02
4659.4922 1.8737e-02
4660.8896 1.4225e-02
4662.2886 3.5729e-02
4663.6865 2.3051e-02
4665.0859 2.2896e-02
4666.4854 2.1828e-02
4667.8853 1.8645e-02
4669.2861 2.7935e-02
4670.6870 6.4551e-03
4672.0874 1.3482e-02
4673.4897 1.5401e-02
4674.8916 9.6371e-03
4676.2944 1.6431e-02
4677.6968 8.7390e-03
4679.1006 1.3853e-02
4680.5039 2.1936e-02
4681.9082 1.9554e-02
4683.3125 1.9556e-02
4684.7173 1.7788e-02
4686.1230 1.2303e-02
4687.5288 1.9693e-02
4688.9351 3.4190e-02
4690.3423 1.6264e-02
4691.7490 8.1855e-03
4693.1562 1.5392e-02
4694.5645 1.6382e-02
4695.9731 7.9878e-03
4697.3818 1.2181e-02
4698.7910 1.3676e-02
4700.2002 1.7454e-02
4701.6104 1.2466e-02
4703.0205 1.9558e-02
4704.4316 2.0138e-02
4705.8433 1.3578e-02
4707.2549 1.9978e-02
4708.6670 1.9133e-02
4710.0796 2.2676e-02
4711.4927 1.8428e-02
4712.9058 9.5533e-03
4714.3203 6.9750e-03
4715.7344 2.9791e-02
4717.1494 1.5826e-02
4718.5645 1.3712e-02
4719.9800 1.4386e-02
4721.3955 3.2874e-02
4722.8120 1.3213e-02
4724.2290 1.5080e-02
4725.6460 1.7233e-02
4727.0645 1.6317e-02
4728.4824 1.1958e-02
4729.9004 2.0985e-02
4731.3198 2.2898e-02
4732.7388 1.8335e-02
4734.1587 2.4093e-02
4735.5791 2.8142e-02
4737.0000 1.8153e-02
4738.4209 1.3516e-02
4739.8428 1.2216e-02
4741.2646 1.3054e-02
4742.6870 1.5181e-02
4744.1094 1.1887e-02
4745.5327 1.1540e-02
4746.9565 2.4923e-02
4748.3804 1.2579e-02
4749.8052 1.9923e-02
4751.2300 1.8277e-02
4752.6548 1.8652e-02
4754.0811 1.3474e-02
4755.5078 1.4678e-02
4756.9341 1.1607e-02
4758.3608 1.5069e-02
4759.7886 8.5141e-03
4761.2168 2.4585e-02
4762.6445 1.3105e-02
4764.0737 1.5598e-02
4765.5029 1.4315e-02
4766.9326 1.4287e-02
4768.3628 1.6709e-02
4769.7930 2.4099e-02
4771.2236 1.9841e-02
4772.6553 1.6635e-02
4774.0869 1.6612e-02
4775.5190 1.5636e-02
4776.9521 1.1028e-02
4778.3853 1.8026e-02
4779.8184 7.0718e-03
4781.2524 2.5218e-02
4782.6870 1.7419e-02
4784.1226 1.9019e-02
4785.5571 1.4858e-02
4786.9927 5.5648e-03
4788.4292 9.6879e-03
4789.8652 1.2791e-02
4791.3022 2.5821e-02
4792.7397 2.5397e-02
4794.1777 1.0542e-02
4795.6152 1.3708e-02
4797.0542 2.2886e-02
4798.4937 9.9267e-03
4799.9331 8.9422e-03
4801.3735 8.0691e-03
4802.8140 2.0854e-02
4804.2544 1.4877e-02
4805.6958 1.4174e-02
4807.1377 7.0473e-03
4808.5796 1.0478e-02
4810.0220 2.5888e-02
4811.4653 1.6324e-02
4812.9087 1.5935e-02
4814.3525 5.8843e-03
4815.7969 1.8897e-02
4817.2417 7.2319e-03
4818.6865 1.1007e-02
4820.1328 1.1138e-02
4821.5786 1.3623e-02
4823.0249 7.1874e-03
4824.4717 1.1539e-02
4825.9189 1.6761e-02
4827.3667 2.0742e-02
4828.8149 1.6763e-02
4830.2637 4.6736e-03
4831.7124 1.6587e-02
4833.1621 1.4633e-02
4834.6118 1.2318e-02
4836.0620 1.7502e-02
4837.5137 2.2327e-02
4838.9644 1.6857e-02
4840.4165 1.8953e-02
4841.8687 7.7544e-03
4843.3208 8.3871e-03
4844.7739 2.0672e-02
4846.2275 1.7972e-02
4847.6812 1.8842e-02
4849.1357 1.3854e-02
4850.5903 3.2500e-02
4852.0454 1.5859e-02
4853.5015 2.4779e-02
4854.9575 1.3090e-02
4856.4136 1.1227e-02
4857.8706 1.3041e-02
4859.3281 1.8146e-02
4860.7861 1.6153e-02
4862.2437 1.5826e-02
4863.7026 1.8311e-02
4865.1621 1.4634e-02
4866.6211 1.3189e-02
4868.0815 1.3469e-02
4869.5420 9.4937e-03
4871.0024 2.1927e-02
4872.4639 1.6334e-02
4873.9263 1.8571e-02
4875.3877 1.8081e-02
4876.8506 2.5842e-02
4878.3135 1.3227e-02
4879.7773 1.8442e-02
4881.2412 1.2037e-02
4882.7051 9.2338e-03
4884.1704 1.4029e-02
4885.6357 7.5500e-03
4887.1011 7.6649e-03
4888.5674 1.8143e-02
4890.0337 1.5339e-02
4891.5010 2.0850e-02
4892.9683 1.8745e-02
4894.4360 2.7975e-02
4895.9043 9.8788e-03
4897.3730 1.0506e-02
4898.8423 1.0935e-02
4900.3120 1.7689e-02
4901.7827 2.1535e-02
4903.2529 2.1077e-02
4904.7231 1.8445e-02
4906.1953 1.4638e-02
4907.6675 1.6009e-02
4909.1392 1.2240e-02
4910.6123 1.1512e-02
4912.0854 5.3402e-03
4913.5586 1.6870e-02
4915.0332 1.5082e-02
4916.5073 1.6765e-02
4917.9819 1.0323e-02
4919.4575 1.7027e-02
4920.9331 2.4604e-02
4922.4097 1.3772e-02
4923.8872 1.6495e-02
4925.3638 2.6660e-02
4926.8418 7.9202e-03
4928.3188 1.7383e-02
4929.7979 5.9539e-03
4931.2769 1.9311e-02
4932.7563 1.1911e-02
4934.2358 6.7750e-03
4935.7168 8.1498e-03
4937.1963 2.2104e-02
4938.6782 5.6623e-03
4940.1597 1.4511e-02
4941.6416 8.7836e-03
4943.1250 1.9163e-02
4944.6069 8.1329e-03
4946.0908 2.4882e-02
4947.5752 6.7331e-03
4949.0586 1.1703e-02
4950.5435 1.0907e-02
4952.0278 1.2334e-02
4953.5142 6.9642e-03
4955.0010 1.1760e-02
4956.4873 1.0084e-02
4957.9741 1.1224e-02
4959.4614 1.0452e-02
4960.9492 9.6526e-03
4962.4370 2.1596e-03
4963.9258 6.4347e-03
4965.4150 4.9137e-03
4966.9048 4.5855e-03
4968.3945 2.3546e-02
4969.8853 7.6633e-03
4971.3765 1.1415e-02
4972.8677 2.3778e-02
4974.3599 9.4286e-03
4975.8521 1.7085e-02
4977.3447 1.2006e-02
4978.8379 1.1617e-02
4980.3315 1.3569e-02
4981.8257 3.0801e-03
4983.3203 1.5358e-02
4984.8159 1.1208e-02
4986.3105 7.8584e-03
4987.8066 1.0304e-02
4989.3027 1.9139e-02
4990.7998 1.2864e-02
4992.2974 6.2559e-03
4993.7939 6.3588e-03
4995.2930 7.1053e-03
4996.7915 1.8968e-02
4998.2905 1.0494e-02
4999.7896 2.2438e-02
5001.2896 9.3900e-03
5002.7900 2.0207e-02
5004.2915 2.6326e-02
5005.7925 9.8783e-03
5007.2944 4.0114e-03
5008.7964 1.5625e-02
5010.2993 1.7922e-02
5011.8022 3.3799e-03
5013.3057 8.5589e-03
5014.8101 1.0252e-02
5016.3145 7.4953e-03
5017.8184 1.0079e-02
5019.3247 1.3233e-02
5020.8301 1.4329e-02
5022.3359 6.4760e-03
5023.8428 1.9233e-02
5025.3496 1.2245e-02
5026.8579 1.4099e-02
5028.3657 7.5036e-03
5029.8740 1.0334e-02
5031.3828 1.9389e-02
5032.8926 1.7113e-02
5034.4023 7.5752e-03
5035.9131 4.7495e-03
5037.4233 6.7853e-03
5038.9346 1.0052e-02
5040.4463 1.4216e-02
5041.9585 1.2914e-02
5043.4712 5.8584e-03
5044.9839 1.1330e-02
5046.4980 6.7019e-03
5048.0112 4.0405e-03
5049.5259 1.2247e-02
5051.0415 1.4273e-02
5052.5562 8.8719e-03
5054.0723 1.2586e-02
5055.5884 1.3379e-02
5057.1045 8.2762e-03
5058.6221 1.4280e-02
5060.1401 9.7877e-03
5061.6577 1.9704e-02
5063.1763 1.2919e-02
5064.6953 1.0791e-02
5066.2144 1.6480e-02
5067.7339 1.4468e-02
5069.2549 7.9709e-03
5070.7759 1.2527e-02
5072.2969 6.8903e-03
5073.8188 1.4622e-02
5075.3403 1.3901e-02
5076.8628 3.6757e-03
5078.3867 1.0538e-02
5079.9097 1.5879e-02
5081.4336 8.2153e-03
5082.9580 8.0948e-03
5084.4829 6.7430e-03
5086.0083 7.4073e-03
5087.5342 1.3360e-02
5089.0605 2.0944e-02
5090.5874 1.3142e-02
5092.1143 8.2903e-03
5093.6421 7.4660e-03
5095.1699 1.0860e-02
5096.6987 1.5502e-02
5098.2275 5.4312e-03
5099.7573 1.8014e-02
5101.2871 4.1881e-03
5102.8179 1.0819e-02
5104.3481 1.4264e-02
5105.8799 1.6219e-02
5107.4111 5.1833e-03
5108.9438 2.7515e-03
5110.4761 3.7195e-03
5112.0093 9.9592e-03
5113.5435 5.5074e-03
5115.0771 1.0815e-02
5116.6118 1.4202e-02
5118.1470 7.3722e-03
5119.6816 1.5910e-02
5121.2183 1.3546e-02
5122.7544 9.3276e-03
5124.2910 1.1161e-02
5125.8286 7.3468e-03
5127.3667 1.1670e-02
5128.9043 9.0448e-03
5130.4429 1.0035e-02
5131.9824 9.9052e-03
5133.5220 1.2878e-02
5135.0615 1.4838e-02
5136.6021 3.5273e-03
5138.1436 1.7432e-02
5139.6846 1.0621e-02
5141.2266 1.4953e-02
5142.7690 9.4379e-03
5144.3125 9.1128e-03
5145.8550 8.6120e-03
5147.3989 1.1909e-02
5148.9429 1.3448e-02
5150.4883 1.7746e-02
5152.0332 8.6363e-03
5153.5781 8.9365e-03
5155.1245 5.5028e-03
5156.6714 1.4614e-02
5158.2178 9.4781e-03
5159.7656 4.1840e-03
5161.3130 6.1406e-03
5162.8618 3.2686e-03
5164.4106 8.4682e-03
5165.9604 8.3049e-03
5167.5098 1.0906e-02
5169.0605 3.6664e-03
5170.6108 1.6363e-02
5172.1621 8.2109e-03
5173.7139 1.1190e-02
5175.2656 8.6115e-03
5176.8188 1.4134e-02
5178.3711 4.3600e-03
5179.9253 1.0851e-02
5181.4790 1.1774e-02
5183.0337 1.9961e-02
5184.5884 5.7446e-03
5186.1436 3.4730e-03
5187.6992 1.9838e-02
5189.2559 5.1141e-03
5190.8130 9.7061e-03
5192.3696 9.3240e-03
5193.9277 7.2001e-03
5195.4858 1.2630e-02
5197.0439 1.2020e-02
5198.6035 8.5797e-03
5200.1636 1.3810e-02
5201.7231 8.9096e-03
5203.2837 1.0868e-02
5204.8447 1.6366e-02
5206.4058 1.2796e-02
5207.9683 1.0027e-02
5209.5303 1.0133e-02
5211.0933 9.4904e-03
5212.6567 7.2752e-03
5214.2202 1.3827e-02
5215.7847 1.3963e-02
5217.3496 3.6220e-03
5218.9150 9.2262e-03
5220.4800 1.5278e-02
5222.0464 1.1263e-02
5223.6128 1.0363e-02
5225.1802 7.7289e-03
5226.7480 8.5313e-03
5228.3154 6.5004e-03
5229.8843 1.7899e-02
5231.4526 8.3883e-03
5233.0225 1.1183e-02
5234.5928 1.3522e-02
5236.1626 3.1564e-03
5237.7339 1.3525e-02
5239.3052 6.3957e-03
5240.8770 1.3437e-02
5242.4492 5.6047e-03
5244.0220 1.4636e-02
5245.5947 1.1215e-02
5247.1689 5.7739e-03
5248.7422 9.8875e-03
5250.3174 1.1497e-02
5251.8921 1.4325e-02
5253.4678 6.3691e-03
5255.0439 9.4204e-03
5256.6211 2.4407e-02
5258.1978 2.0598e-02
5259.7749 7.8259e-03
5261.3530 1.0471e-02
5262.9312 1.2127e-02
5264.5098 9.8008e-03
5266.0898 2.1415e-02
5267.6694 1.4752e-02
5269.2495 1.0726e-02
5270.8311 5.6851e-03
5272.4116 1.0635e-02
5273.9941 5.4784e-03
5275.5757 1.3100e-02
5277.1587 7.9934e-03
5278.7422 9.3105e-03
5280.3252 9.8377e-03
5281.9092 1.3654e-02
5283.4937 4.4994e-03
5285.0786 3.5936e-03
5286.6641 8.4873e-03
5288.2500 9.7506e-03
5289.8369 1.4724e-02
5291.4238 8.2312e-03
5293.0117 1.5314e-02
5294.5996 5.8739e-03
5296.1870 1.4347e-02
5297.7764 9.5512e-03
5299.3662 6.4324e-03
5300.9561 7.6404e-03
5302.5459 1.5463e-02
5304.1367 5.5839e-03
5305.7280 1.3027e-02
5307.3188 9.9301e-03
5308.9116 6.8426e-03
5310.5044 7.4786e-03
5312.0977 1.0764e-02
5313.6919 9.8974e-03
5315.2856 1.2767e-02
5316.8799 9.6288e-03
5318.4751 1.2237e-02
5320.0708 9.1700e-03
5321.6665 9.2717e-03
5323.2632 1.1118e-02
5324.8604 1.2577e-02
5326.4575 1.1831e-02
5328.0557 2.3543e-03
5329.6533 8.6753e-03
5331.2534 1.0988e-02
5332.8516 1.1340e-02
5334.4517 1.3597e-02
5336.0522 1.2432e-02
5337.6533 1.2723e-02
5339.2544 1.0551e-02
5340.8560 1.9576e-02
5342.4585 1.6480e-02
5344.0605 1.1541e-02
5345.6646 3.3065e-03
5347.2681 6.7350e-03
5348.8726 7.4982e-03
5350.4771 3.6733e-03
5352.0825 1.0422e-02
5353.6875 2.1182e-02
5355.2944 1.0933e-02
5356.9009 1.1779e-02
5358.5073 1.0593e-02
5360.1152 1.1195e-02
5361.7236 1.1983e-02
5363.3315 1.2848e-02
5364.9404 1.0416e-02
5366.5503 7.9168e-03
5368.1602 1.4674e-02
5369.7705 6.6978e-03
5371.3813 9.4310e-03
5372.9932 1.5655e-02
5374.6050 1.3702e-02
5376.2173 1.3609e-02
5377.8301 8.8675e-03
5379.4434 1.4731e-02
5381.0576 7.4887e-03
5382.6714 6.6625e-03
5384.2861 1.4628e-02
5385.9014 1.1715e-02
5387.5171 1.4530e-02
5389.1343 1.1675e-02
5390.7505 1.4944e-02
5392.3677 1.2255e-02
5393.9858 7.0504e-03
5395.6035 1.0383e-02
5397.2222 1.6630e-02
5398.8413 1.1640e-02
5400.4609 5.4749e-03
5402.0811 1.0770e-02
5403.7017 1.4330e-02
5405.3228 4.9893e-03
5406.9448 6.4077e-03
5408.5659 9.7548e-03
5410.1890 1.2806e-02
5411.8115 5.3232e-03
5413.4360 1.0352e-02
5415.0596 1.4181e-02
5416.6841 1.1346e-02
5418.3096 7.9460e-03
5419.9351 5.1726e-03
5421.5605 1.9929e-02
5423.1875 5.9679e-03
5424.8145 1.0646e-02
5426.4414 5.3803e-03
5428.0693 1.4354e-02
5429.6982 1.2472e-02
5431.3271 1.5233e-02
5432.9565 8.7933e-03
5434.5859 1.8840e-02
5436.2163 1.6895e-02
5437.8472 9.7570e-03
5439.4785 5.1446e-03
5441.1104 1.2987e-02
5442.7427 4.0883e-03
5444.3760 1.7991e-02
5446.0098 1.8907e-02
5447.6431 1.8187e-02
5449.2778 4.8793e-03
5450.9121 3.6782e-03
5452.5474 1.0140e-02
5454.1826 6.6313e-03
5455.8193 4.1907e-03
5457.4565 1.7644e-02
5459.0933 1.0611e-02
5460.7310 3.0510e-03
5462.3696 6.6086e-03
5464.0073 1.4034e-02
5465.6475 1.3432e-02
5467.2871 6.4381e-03
5468.9272 1.5163e-02
5470.5674 7.9208e-03
5472.2090 9.0336e-03
5473.8506 5.7052e-03
5475.4927 6.5200e-03
5477.1353 6.9721e-03
5478.7783 9.3960e-03
5480.4224 1.6744e-02
5482.0659 1.0420e-02
5483.7104 1.4007e-02
5485.3560 8.1059e-03
5487.0010 1.2943e-02
5488.6475 1.5108e-02
5490.2944 1.4821e-02
5491.9414 1.3103e-02
5493.5889 3.0748e-03
5495.2368 1.6387e-02
5496.8857 9.9776e-03
5498.5342 7.9019e-03
5500.1841 1.8347e-02
5501.8340 9.2671e-03
5503.4849 1.5172e-02
5505.1357 1.6681e-02
5506.7871 8.5303e-03
5508.4395 5.3057e-03
5510.0923 1.1297e-02
5511.7451 1.8329e-02
5513.3984 7.5482e-03
5515.0522 9.8347e-03
5516.7070 4.8311e-03
5518.3623 8.1160e-03
5520.0176 4.5428e-03
5521.6733 1.7715e-02
5523.3301 9.1475e-03
5524.9868 1.2349e-02
5526.6450 5.6336e-03
5528.3027 1.1071e-02
5529.9609 2.1475e-03
5531.6201 9.4214e-03
5533.2793 1.6315e-02
5534.9395 1.0523e-02
5536.5996 1.1714e-02
5538.2607 7.6120e-03
5539.9229 2.0312e-02
5541.5840 9.4249e-03
5543.2466 6.0721e-03
5544.9102 5.7744e-03
5546.5728 5.3779e-03
5548.2373 1.0213e-02
5549.9019 1.1479e-02
5551.5664 7.1445e-03
5553.2324 1.3004e-02
5554.8984 1.2681e-02
5556.5645 1.6238e-02
5558.2310 6.2471e-03
5559.8989 5.9502e-03
5561.5669 7.1695e-03
5563.2354 1.2989e-02
5564.9043 9.9299e-03
5566.5732 1.3073e-02
5568.2437 1.1309e-02
5569.9150 6.7686e-03
5571.5854 1.0299e-02
5573.2568 3.4373e-02
5574.9287 1.0434e-02
5576.6011 4.8622e-03
5578.2739 1.1431e-02
5579.9482 7.3800e-03
5581.6216 8.7338e-03
5583.2959 1.1755e-02
5584.9717 1.6925e-02
5586.6470 4.9804e-03
5588.3223 2.1695e-02
5589.9990 5.6297e-03
5591.6763 1.1914e-02
5593.3535 8.3152e-03
5595.0317 4.4922e-03
5596.7104 4.6971e-03
5598.3892 1.0211e-02
5600.0688 1.3470e-02
5601.7490 1.4386e-02
5603.4292 1.5450e-02
5605.1104 1.0879e-02
5606.7915 6.5602e-03
5608.4741 6.0277e-03
5610.1562 1.2926e-02
5611.8394 3.8070e-03
5613.5234 1.0961e-02
5615.2075 1.3523e-02
5616.8916 2.0960e-02
5618.5767 1.2944e-02
5620.2627 6.6767e-03
5621.9482 1.0135e-02
5623.6348 9.7235e-03
5625.3218 8.9801e-03
5627.0098 5.4422e-03
5628.6982 1.5481e-02
5630.3867 1.5292e-02
5632.0757 7.6193e-03
5633.7651 1.2546e-02
5635.4551 1.6969e-02
5637.1460 9.2742e-03
5638.8369 1.4836e-02
5640.5283 9.7049e-03
5642.2207 6.7023e-03
5643.9141 5.8155e-03
5645.6069 1.7431e-02
5647.3003 4.7748e-03
5648.9946 1.0862e-02
5650.6895 2.6018e-03
5652.3848 7.5237e-03
5654.0801 1.1806e-02
5655.7759 1.2855e-02
5657.4736 5.1597e-03
5659.1709 9.8973e-03
5660.8682 8.7166e-03
5662.5664 1.0995e-02
5664.2651 1.1889e-02
5665.9644 1.1056e-02
5667.6641 6.7223e-03
5669.3647 1.3997e-02
5671.0649 6.9410e-03
5672.7666 8.8871e-03
5674.4688 1.7316e-02
5676.1709 7.7597e-03
5677.8740 7.7353e-03
5679.5771 6.6781e-03
5681.2812 3.5992e-03
5682.9858 4.3083e-03
5684.6899 9.6466e-03
5686.3950 1.0120e-02
5688.1021 7.7937e-03
5689.8076 1.0102e-02
5691.5146 1.3606e-02
5693.2222 5.4419e-03
5694.9302 1.2952e-02
5696.6382 9.9974e-03
5698.3477 1.3452e-02
5700.0571 1.2511e-02
5701.7671 1.0146e-02
5703.4775 1.0426e-02
5705.1885 1.2647e-02
5706.9004 6.3181e-03
5708.6123 7.7871e-03
5710.3252 8.3809e-03
5712.0381 6.2736e-03
5713.7524 9.1308e-03
5715.4663 7.0572e-03
5717.1812 9.7161e-03
5718.8955 9.3273e-03
5720.6118 9.2720e-03
5722.3271 9.3711e-03
5724.0444 1.6652e-02
5725.7617 5.5817e-03
5727.4795 9.9737e-03
5729.1973 1.2491e-02
5730.9165 8.3323e-03
5732.6353 1.1280e-02
5734.3550 9.3502e-03
5736.0757 1.0076e-02
5737.7969 1.3093e-02
5739.5176 1.1899e-02
5741.2397 4.8734e-03
5742.9624 4.7954e-03
5744.6851 5.9211e-03
5746.4082 5.5924e-03
5748.1323 6.7960e-03
5749.8569 1.0646e-02
5751.5815 1.6379e-02
5753.3076 9.0997e-03
5755.0332 9.7498e-03
5756.7593 3.2123e-03
5758.4863 1.0001e-02
5760.2144 4.7254e-03
5761.9424 7.1678e-03
5763.6709 9.5241e-03
5765.3999 7.0686e-03
5767.1294 5.8167e-03
5768.8594 1.3515e-02
5770.5908 1.2762e-02
5772.3213 6.4935e-03
5774.0527 2.7855e-04
5775.7856 8.4916e-03
5777.5181 9.6435e-03
5779.2515 4.2154e-03
5780.9844 4.3853e-03
5782.7192 5.6561e-03
5784.4546 8.8387e-03
5786.1899 7.0127e-03
5787.9253 8.3472e-03
5789.6626 2.8928e-03
5791.3984 9.6999e-03
5793.1362 9.9444e-03
5794.8745 1.3587e-02
5796.6123 4.9938e-03
5798.3516 1.1090e-02
5800.0913 7.1832e-03
5801.8306 1.8766e-02
5803.5713 3.3599e-03
5805.3125 4.8320e-03
5807.0537 1.4747e-02
5808.7964 7.5678e-03
5810.5391 8.1686e-03
5812.2822 7.7450e-03
5814.0259 1.2614e-02
5815.7700 1.0087e-02
5817.5151 9.9006e-03
5819.2598 1.3869e-02
5821.0059 1.3896e-02
5822.7524 1.3544e-02
5824.4990 1.7923e-02
5826.2461 6.8025e-03
5827.9937 8.7454e-03
5829.7427 1.4855e-02
5831.4912 5.1268e-03
5833.2407 3.4373e-03
5834.9912 9.9362e-03
5836.7417 1.1638e-02
5838.4922 1.2626e-02
5840.2446 3.9113e-03
5841.9961 5.5325e-03
5843.7490 1.3521e-03
5845.5020 9.4039e-03
5847.2559 4.7471e-03
5849.0103 6.3383e-03
5850.7642 8.1991e-03
5852.5195 6.0348e-03
5854.2754 5.7917e-03
5856.0317 1.1135e-02
5857.7881 8.5461e-03
5859.5454 4.1207e-03
5861.3032 6.2066e-03
5863.0625 1.2192e-02
5864.8208 8.2849e-03
5866.5806 3.4343e-03
5868.3403 6.6767e-03
5870.1006 6.5486e-03
5871.8618 5.9909e-03
5873.6230 8.0149e-03
5875.3857 4.0136e-03
5877.1479 9.9406e-03
5878.9111 1.0688e-02
5880.6748 7.7159e-03
5882.4390 1.1908e-02
5884.2036 6.8883e-03
5885.9692 1.4340e-02
5887.7349 9.1981e-03
5889.5010 7.5082e-03
5891.2676 1.1952e-02
5893.0356 1.1521e-02
5894.8032 6.7378e-03
5896.5718 1.1556e-02
5898.3408 1.0032e-02
5900.1108 1.1171e-02
5901.8804 1.0106e-02
5903.6509 3.9467e-03
5905.4219 1.3577e-02
5907.1938 1.1219e-02
5908.9663 1.5215e-03
5910.7383 1.0612e-02
5912.5112 7.9726e-03
5914.2856 3.7882e-03
5916.0601 7.9741e-03
5917.8345 1.1010e-02
5919.6099 4.6233e-03
5921.3857 1.2341e-02
5923.1621 6.5105e-03
5924.9395 1.3798e-02
5926.7163 1.4971e-02
5928.4946 1.2426e-02
5930.2729 8.6373e-03
5932.0522 1.4602e-02
5933.8315 8.7950e-03
5935.6123 1.3331e-02
5937.3926 9.2109e-03
5939.1738 1.1092e-02
5940.9556 5.8667e-03
5942.7383 1.1013e-02
5944.5210 1.5770e-03
5946.3042 8.7776e-03
5948.0879 1.1023e-02
5949.8726 8.5735e-03
5951.6572 4.8770e-03
5953.4434 5.1148e-03
5955.2290 3.6177e-03
5957.0151 4.4290e-03
5958.8022 1.4231e-02
5960.5903 3.1159e-03
5962.3789 1.1162e-02
5964.1670 6.5150e-03
5965.9561 6.1631e-03
5967.7466 5.7440e-03
5969.5366 6.8924e-03
5971.3276 1.2746e-02
5973.1187 1.0660e-02
5974.9106 1.0741e-02
5976.7031 8.7501e-03
5978.4961 7.7948e-03
5980.2900 1.1152e-02
5982.0845 7.6844e-03
5983.8789 1.1696e-02
5985.6729 7.9508e-03
5987.4692 1.6423e-02
5989.2651 1.3028e-02
5991.0620 5.3514e-03
5992.8589 1.0024e-02
5994.6572 1.1359e-02
5996.4556 7.9499e-03
5998.2549 1.3860e-02
6000.0547 8.2827e-03
6001.8545 9.8358e-03
6003.6548 6.5809e-03
6005.4561 7.9375e-03
6007.2578 7.0016e-03
6009.0596 1.0930e-02
6010.8623 2.6932e-03
6012.6660 1.1686e-02
6014.4697 2.9146e-03
6016.2739 4.1482e-03
6018.0786 5.3838e-03
6019.8843 1.0843e-02
6021.6909 2.7935e-03
6023.4966 6.0025e-03
6025.3037 1.4298e-02
6027.1108 1.0299e-02
6028.9199 8.5865e-03
6030.7285 6.4178e-03
6032.5366 7.6754e-03
6034.3472 6.6254e-03
6036.1577 8.4440e-03
6037.9683 1.2314e-02
6039.7793 6.0876e-03
6041.5918 1.0349e-02
6043.4038 1.1631e-02
6045.2173 1.0898e-02
6047.0312 1.1317e-02
6048.8447 2.8302e-03
6050.6592 1.1126e-02
6052.4751 1.8992e-02
6054.2905 1.6267e-02
6056.1069 2.9563e-03
6057.9233 6.7830e-03
6059.7407 5.9753e-03
6061.5586 7.2099e-03
6063.3770 1.0895e-02
6065.1968 5.7077e-03
6067.0161 6.1160e-03
6068.8359 7.3290e-03
6070.6567 1.3487e-02
6072.4785 6.5071e-03
6074.2998 6.4808e-03
6076.1221 1.1908e-02
6077.9448 7.6075e-03
6079.7681 1.0787e-02
6081.5918 9.2668e-03
6083.4160 5.5308e-03
6085.2417 1.1878e-02
6087.0664 7.8137e-03
6088.8936 5.7549e-03
6090.7197 1.4410e-02
6092.5469 1.3617e-03
6094.3745 1.0133e-02
6096.2031 3.4673e-03
6098.0327 9.5241e-03
6099.8613 8.1385e-03
6101.6914 9.7463e-03
6103.5220 5.1863e-03
6105.3530 5.4670e-03
6107.1846 4.3444e-03
6109.0171 1.0210e-02
6110.8496 1.8751e-02
6112.6831 8.2037e-03
6114.5166 7.1215e-03
6116.3511 1.2057e-02
6118.1855 1.4199e-02
6120.0210 8.8445e-03
6121.8574 1.5880e-02
6123.6938 1.0431e-02
6125.5308 1.0442e-02
6127.3687 1.2409e-02
6129.2065 3.8672e-03
6131.0454 1.1805e-02
6132.8843 9.2736e-03
6134.7246 1.0382e-03
6136.5649 6.7446e-03
6138.4062 1.3061e-03
6140.2476 2.2712e-03
6142.0894 1.3875e-02
6143.9316 4.5750e-03
6145.7759 6.6525e-03
6147.6191 8.8244e-03
6149.4634 8.5255e-03
6151.3081 7.6942e-03
6153.1538 4.6466e-03
6155.0000 8.2912e-03
6156.8462 7.8557e-03
6158.6934 7.3338e-03
6160.5410 3.3507e-03
6162.3892 6.8321e-03
6164.2373 5.5459e-03
6166.0869 5.5792e-03
6167.9370 7.6425e-03
6169.7871 9.7995e-03
6171.6387 1.2100e-02
6173.4897 6.4668e-03
6175.3413 5.0800e-03
6177.1938 1.7690e-03
6179.0474 6.2695e-03
6180.9009 1.1327e-02
6182.7549 9.5954e-03
6184.6104 6.1893e-03
6186.4653 2.5818e-03
6188.3213 4.2674e-03
6190.1782 8.2790e-03
6192.0356 2.8345e-03
6193.8931 1.2319e-02
6195.7505 5.7589e-03
6197.6099 1.7067e-02
6199.4688 1.1302e-02
6201.3281 5.3106e-03
6203.1895 5.7142e-03
6205.0498 7.5383e-03
6206.9121 4.9188e-03
6208.7739 8.7489e-03
6210.6367 3.2030e-03
6212.4995 8.7584e-03
6214.3633 4.3329e-03
6216.2275 1.2079e-02
6218.0923 1.1418e-02
6219.9575 4.0854e-03
6221.8237 7.9064e-03
6223.6904 5.6927e-03
6225.5576 1.3046e-02
6227.4258 1.1051e-02
6229.2935 5.5845e-03
6231.1621 8.3719e-03
6233.0317 2.0916e-03
6234.9019 6.0835e-03
6236.7720 8.5386e-03
6238.6431 6.5766e-03
6240.5146 5.2311e-03
6242.3867 7.7750e-03
6244.2598 1.3704e-02
6246.1323 1.0582e-02
6248.0063 8.2075e-03
6249.8813 9.9600e-03
6251.7559 6.8068e-03
6253.6313 4.6909e-03
6255.5073 1.5346e-02
6257.3843 5.2152e-03
6259.2617 8.8788e-03
6261.1392 4.9902e-03
6263.0176 8.2659e-03
6264.8970 9.7013e-03
6266.7759 6.1671e-03
6268.6562 1.0514e-02
6270.5361 5.7087e-03
6272.4180 8.5572e-03
6274.2993 7.4001e-03
6276.1816 9.1519e-03
6278.0645 5.2699e-03
6279.9478 6.1884e-03
6281.8320 1.2480e-02
6283.7168 6.3220e-03
6285.6021 3.7053e-03
6287.4868 6.6685e-03
6289.3740 1.1420e-02
6291.2603 6.9835e-03
6293.1475 6.0458e-03
6295.0352 1.0960e-02
6296.9238 4.7872e-03
6298.8130 1.1402e-02
6300.7026 1.5732e-02
6302.5933 7.3863e-03
6304.4839 4.0988e-03
6306.3755 7.2384e-03
6308.2676 3.7702e-03
6310.1597 1.1869e-02
6312.0527 1.0924e-02
6313.9468 1.2640e-02
6315.8398 6.3892e-03
6317.7349 6.6909e-03
6319.6304 1.2067e-02
6321.5269 2.9443e-03
6323.4233 1.6062e-02
6325.3198 1.5567e-02
6327.2178 6.1415e-03
6329.1157 7.1150e-03
6331.0146 6.1624e-03
6332.9131 4.4861e-03
6334.8140 8.4141e-03
6336.7139 8.2992e-03
6338.6147 9.7811e-03
6340.5166 7.0152e-03
6342.4189 5.1333e-03
6344.3213 3.4670e-03
6346.2246 5.3278e-03
6348.1284 5.0872e-03
6350.0332 3.9900e-03
6351.9380 1.2236e-02
6353.8442 1.1338e-02
6355.7500 6.9367e-03
6357.6572 1.0469e-02
6359.5645 7.1208e-03
6361.4717 4.4139e-03
6363.3804 9.5249e-03
6365.2891 5.9951e-03
6367.1987 2.9559e-03
6369.1089 6.7463e-03
6371.0200 7.4282e-03
6372.9312 3.5404e-03
6374.8428 1.4349e-02
6376.7549 5.0665e-03
6378.6685 9.4146e-03
6380.5820 5.0698e-03
6382.4966 6.2481e-03
6384.4111 4.2400e-03
6386.3257 1.4190e-02
6388.2422 7.1395e-03
6390.1587 3.2921e-03
6392.0752 1.3457e-02
6393.9932 2.1965e-03
6395.9116 5.0449e-03
6397.8301 8.0219e-03
6399.7490 7.6749e-03
6401.6694 8.3990e-03
6403.5898 4.6008e-03
6405.5112 5.4322e-03
6407.4331 6.9379e-03
6409.3545 1.2151e-03
6411.2778 4.5958e-03
6413.2012 8.4176e-03
6415.1250 1.2855e-02
6417.0493 6.7019e-03
6418.9741 4.7738e-03
6420.9004 5.5169e-03
6422.8262 1.1031e-02
6424.7534 7.2102e-03
6426.6812 8.3546e-03
6428.6094 1.6068e-02
6430.5381 8.5138e-03
6432.4668 4.2679e-03
6434.3960 5.9545e-03
6436.3267 4.5301e-03
6438.2578 4.5980e-03
6440.1895 4.3191e-03
6442.1216 6.6634e-03
6444.0537 8.2113e-03
6445.9868 4.1383e-03
6447.9209 1.3469e-02
6449.8550 4.5675e-03
6451.7905 2.9017e-03
6453.7256 6.4411e-03
6455.6621 1.9381e-03
6457.5986 4.3960e-03
6459.5356 7.3588e-03
6461.4741 3.0936e-03
6463.4121 5.6653e-03
6465.3506 2.1913e-03
6467.2905 5.7572e-03
6469.2310 1.3979e-02
6471.1719 9.2914e-03
6473.1128 1.2205e-02
6475.0552 5.1441e-03
6476.9976 1.6087e-03
6478.9409 5.8130e-03
6480.8848 2.6137e-03
6482.8286 1.1217e-02
6484.7739 1.9392e-03
6486.7192 9.9476e-04
6488.6650 5.7327e-03
6490.6113 2.8244e-03
6492.5581 7.0960e-04
6494.5063 6.3604e-03
6496.4546 6.2506e-03
6498.4038 4.5259e-03
6500.3535 4.5221e-03
6502.3032 2.9782e-03
6504.2539 1.1139e-02
6506.2056 5.4480e-03
6508.1572 6.9246e-03
6510.1099 7.6574e-03
6512.0625 7.3999e-03
6514.0166 1.5431e-02
6515.9702 3.1676e-03
6517.9258 3.5277e-03
6519.8809 5.6004e-03
6521.8364 4.2219e-03
6523.7930 1.0605e-02
6525.7505 1.2114e-02
6527.7075 3.9698e-03
6529.6665 9.7972e-03
6531.6255 7.1379e-03
6533.5845 4.0925e-03
6535.5449 7.6997e-03
6537.5054 1.6384e-02
6539.4668 1.8391e-03
6541.4282 5.1573e-03
6543.3911 6.7882e-03
6545.3545 7.3258e-03
6547.3179 3.9482e-03
6549.2817 7.9110e-03
6551.2466 0.0000e+00
6553.2124 6.7973e-03
6555.1777 3.2593e-03
6557.1445 4.4905e-03
6559.1113 7.0033e-03
6561.0796 1.0485e-02
6563.0479 4.2048e-03
6565.0166 1.0218e-02
6566.9863 6.2043e-03
6568.9561 3.6213e-03
6570.9268 1.7706e-03
6572.8979 4.4648e-03
6574.8701 6.2789e-03
6576.8423 6.7343e-03
6578.8154 4.8937e-03
6580.7896 6.6764e-03
6582.7632 1.2359e-02
6584.7383 1.9735e-03
6586.7139 3.8380e-03
6588.6895 5.4446e-03
6590.6660 1.0099e-02
6592.6431 8.7152e-03
6594.6211 5.2233e-03
6596.5996 7.5411e-03
6598.5791 4.3108e-03
6600.5581 5.4095e-03
6602.5386 8.6501e-03
6604.5190 8.8619e-03
6606.5005 5.6361e-03
6608.4824 9.1884e-03
6610.4648 7.4758e-03
6612.4482 4.9060e-03
6614.4326 7.6315e-03
6616.4160 7.0858e-03
6618.4009 8.3318e-03
6620.3867 5.7840e-03
6622.3730 6.3917e-03
6624.3594 1.2413e-02
6626.3467 8.6519e-03
6628.3350 4.6080e-03
6630.3232 7.0779e-03
6632.3125 4.6028e-03
6634.3022 3.4293e-03
6636.2920 1.8131e-03
6638.2827 7.0689e-03
6640.2744 1.1214e-02
6642.2671 3.9627e-03
6644.2593 4.2136e-03
6646.2529 4.3765e-03
6648.2471 7.7304e-03
6650.2412 5.6994e-03
6652.2358 7.4176e-03
6654.2314 1.9682e-03
6656.2280 8.4473e-03
6658.2251 4.0262e-03
6660.2222 5.9916e-03
6662.2207 4.3700e-03
6664.2197 3.3200e-03
6666.2178 4.0950e-03
6668.2178 8.7865e-03
6670.2188 5.9185e-03
6672.2192 6.9878e-03
6674.2212 8.7432e-03
6676.2241 1.5914e-03
6678.2266 6.2742e-03
6680.2300 8.6016e-04
6682.2334 7.7112e-03
6684.2388 7.9272e-03
6686.2446 8.8658e-03
6688.2500 4.0102e-03
6690.2563 7.2506e-03
6692.2627 5.3838e-03
6694.2715 6.6921e-03
6696.2793 4.1440e-03
6698.2881 5.9013e-03
6700.2979 9.5452e-03
6702.3081 4.0255e-03
6704.3188 5.8779e-03
6706.3301 5.1848e-03
6708.3418 8.1312e-03
6710.3545 6.8035e-03
6712.3672 3.3030e-03
6714.3809 3.6316e-03
6716.3955 4.1773e-03
6718.4106 6.3777e-03
6720.4263 1.2051e-02
6722.4419 8.2811e-03
6724.4585 1.1741e-02
6726.4756 4.1102e-03
6728.4946 4.6984e-03
6730.5127 4.3373e-03
6732.5312 8.8797e-03
6734.5513 5.1066e-03
6736.5718 9.2833e-03
6738.5923 4.3415e-03
6740.6152 4.7543e-03
6742.6367 8.7234e-03
6744.6587 8.4020e-03
6746.6831 1.0166e-02
6748.7065 1.5499e-02
6750.7310 2.3783e-03
6752.7563 8.6452e-03
6754.7822 3.8920e-03
6756.8091 7.9039e-03
6758.8359 2.8643e-03
6760.8633 1.3870e-02
6762.8916 7.6103e-03
6764.9209 6.4175e-03
6766.9502 1.0124e-02
6768.9805 5.5475e-03
6771.0107 6.0072e-03
6773.0425 8.1250e-03
6775.0742 6.7694e-03
6777.1064 5.0233e-03
6779.1401 3.5045e-03
6781.1733 2.9589e-03
6783.2080 8.9268e-03
6785.2427 9.5645e-03
6787.2783 1.0948e-02
6789.3149 3.3534e-03
6791.3516 6.7170e-03
6793.3887 6.0852e-03
6795.4272 9.9777e-03
6797.4653 6.2864e-03
6799.5049 1.3342e-02
6801.5444 2.2319e-03
6803.5854 6.8164e-03
6805.6260 4.3556e-03
6807.6685 7.2991e-03
6809.7100 7.6980e-03
6811.7534 6.2675e-03
6813.7964 7.2686e-03
6815.8408 8.0286e-04
6817.8853 3.8351e-03
6819.9312 2.5079e-03
6821.9771 9.6784e-03
6824.0234 4.9473e-03
6826.0703 5.4371e-03
6828.1182 1.0503e-02
6830.1670 5.2939e-03
6832.2163 3.6977e-03
6834.2651 6.2410e-03
6836.3154 7.8736e-04
6838.3667 2.9604e-03
6840.4180 3.6300e-03
6842.4702 6.3345e-03
6844.5229 4.2637e-03
6846.5762 9.9681e-03
6848.6304 3.3849e-03
6850.6851 4.4560e-03
6852.7402 4.4932e-03
6854.7959 9.9182e-04
6856.8525 9.9418e-03
6858.9097 5.1354e-03
6860.9668 4.4312e-03
6863.0254 7.9749e-03
6865.0845 8.8472e-04
6867.1440 1.0778e-03
6869.2041 2.2693e-03
6871.2646 0.0000e+00
6873.3257 9.4312e-03
6875.3882 8.7880e-03
6877.4512 2.8454e-03
6879.5137 3.3521e-03
6881.5781 2.7208e-03
6883.6421 9.4827e-03
6885.7075 7.9349e-03
6887.7729 9.7367e-03
6889.8394 5.8330e-03
6891.9062 4.1258e-03
6893.9746 6.4319e-03
6896.0425 9.9010e-04
6898.1113 7.1822e-03
6900.1802 4.3510e-03
6902.2505 2.4215e-03
6904.3213 5.5812e-03
6906.3926 3.0924e-03
6908.4648 4.2651e-03
6910.5366 6.6569e-03
6912.6099 1.0491e-02
6914.6841 0.0000e+00
6916.7588 2.1860e-03
6918.8335 2.4565e-03
6920.9092 7.8416e-03
6922.9849 4.1473e-03
6925.0620 5.3494e-03
6927.1401 5.3794e-03
6929.2178 5.7020e-03
6931.2964 6.9820e-03
6933.3760 5.0976e-03
6935.4561 6.7735e-03
6937.5371 4.0157e-03
6939.6182 6.0555e-03
6941.7002 4.1555e-03
6943.7822 2.5804e-03
6945.8657 5.2093e-03
6947.9487 2.2711e-03
6950.0337 4.8550e-03
6952.1182 5.8000e-03
6954.2046 2.2795e-03
6956.2905 6.9943e-03
6958.3779 3.5871e-03
6960.4644 9.5711e-03
6962.5527 1.7968e-03
6964.6421 6.8733e-03
6966.7314 2.6742e-03
6968.8208 6.7777e-03
6970.9116 2.5253e-03
6973.0029 5.6862e-03
6975.0947 4.0499e-03
6977.1880 6.3295e-03
6979.2803 2.9237e-03
6981.3745 3.6004e-04
6983.4692 3.1443e-03
6985.5635 3.8432e-03
6987.6602 3.5310e-03
6989.7559 3.9322e-03
6991.8525 1.4992e-03
6993.9507 7.3498e-03
6996.0488 5.0858e-03
6998.1479 2.4772e-03
7000.2471 4.0881e-03
7002.3467 6.6469e-03
7004.4468 4.4027e-03
7006.5488 6.4208e-03
7008.6514 9.8004e-03
7010.7529 4.5959e-03
7012.8564 3.7120e-03
7014.9609 4.3074e-03
7017.0654 4.5558e-03
7019.1699 5.7207e-03
7021.2759 1.0928e-02
7023.3823 5.9038e-03
7025.4893 1.0055e-02
7027.5977 3.6888e-03
7029.7051 5.8734e-03
7031.8145 2.1843e-03
7033.9238 4.1688e-03
7036.0337 7.0239e-03
7038.1450 1.7837e-03
7040.2559 4.5283e-03
7042.3687 1.0553e-02
7044.4805 2.2018e-03
7046.5938 5.6203e-03
7048.7080 4.8880e-03
7050.8228 7.1702e-03
7052.9385 1.4580e-03
7055.0542 3.6901e-03
7057.1704 7.1689e-03
7059.2881 7.4472e-03
7061.4053 8.3714e-03
7063.5234 4.6185e-03
7065.6431 2.1935e-03
7067.7627 5.1696e-03
7069.8828 1.8940e-03
7072.0039 4.2194e-03
7074.1255 5.5530e-03
7076.2476 1.3753e-03
7078.3706 2.4839e-03
7080.4937 6.7519e-03
7082.6187 5.0432e-03
7084.7432 2.8290e-03
7086.8687 2.8056e-03
7088.9946 6.4602e-03
7091.1216 4.1427e-03
7093.2490 3.6879e-03
7095.3765 2.1192e-03
7097.5049 2.9665e-03
7099.6348 3.3664e-03
7101.7642 2.7775e-03
7103.8945 2.6476e-03
7106.0264 5.1622e-03
7108.1582 3.4067e-03
7110.2905 4.5185e-03
7112.4229 5.8057e-03
7114.5571 4.6126e-03
7116.6914 2.7962e-03
7118.8262 6.5436e-03
7120.9619 4.4455e-03
7123.0986 4.2934e-03
7125.2354 4.6319e-03
7127.3730 4.0168e-03
7129.5112 2.6896e-03
7131.6499 2.0299e-03
7133.7896 9.4232e-03
7135.9292 3.3899e-03
7138.0703 7.7865e-03
7140.2119 1.5919e-03
7142.3540 6.4410e-03
7144.4966 5.1448e-03
7146.6396 2.5521e-03
7148.7842 8.2199e-04
7150.9287 2.7362e-03
7153.0742 7.3292e-03
7155.2197 4.5360e-03
7157.3667 6.0998e-03
7159.5137 4.5504e-03
7161.6616 7.7058e-03
7163.8101 8.0007e-03
7165.9590 6.1681e-03
7168.1089 1.5760e-03
7170.2593 3.6935e-03
7172.4102 2.4081e-03
7174.5625 4.6537e-03
7176.7144 4.8588e-03
7178.8672 5.2608e-03
7181.0210 2.8507e-03
7183.1753 3.5706e-03
7185.3306 0.0000e+00
7187.4858 1.0276e-02
7189.6421 4.5536e-03
7191.7988 4.6328e-03
7193.9565 4.9211e-03
7196.1147 5.9118e-03
7198.2734 2.2052e-03
7200.4336 1.0934e-02
7202.5928 0.0000e+00
7204.7539 3.1375e-03
7206.9155 4.3444e-03
7209.0771 5.0654e-03
7211.2402 3.2889e-03
7213.4033 3.7767e-03
7215.5674 3.5178e-03
7217.7324 6.1342e-03
7219.8979 3.2148e-03
7222.0635 9.7379e-03
7224.2300 1.8566e-03
7226.3979 4.0412e-03
7228.5654 4.1277e-03
7230.7334 4.5745e-04
7232.9033 3.2477e-03
7235.0728 1.7239e-03
7237.2432 7.6277e-03
7239.4150 5.0506e-03
7241.5864 3.3068e-03
7243.7593 7.2300e-03
7245.9321 2.6470e-03
7248.1060 2.0278e-03
7250.2803 7.8348e-03
7252.4551 1.2469e-03
7254.6313 6.5030e-03
7256.8076 3.0480e-03
7258.9849 7.2806e-03
7261.1626 2.6498e-03
7263.3408 3.9304e-03
7265.5200 5.0131e-03
7267.6992 3.8682e-03
7269.8799 1.6340e-03
7272.0605 3.8474e-03
7274.2422 8.1676e-03
7276.4243 2.9894e-04
7278.6069 3.1515e-03
7280.7910 5.4301e-03
7282.9751 8.5254e-03
7285.1602 3.9806e-03
7287.3452 3.9092e-03
7289.5317 9.6998e-04
7291.7188 5.7884e-03
7293.9067 6.3092e-03
7296.0947 4.3244e-03
7298.2832 2.0693e-03
7300.4727 5.1757e-03
7302.6631 5.4746e-03
7304.8540 1.7733e-03
7307.0454 4.1307e-03
7309.2373 3.9472e-03
7311.4292 4.7925e-03
7313.6235 2.6067e-03
7315.8179 0.0000e+00
7318.0122 6.6497e-03
7320.2075 6.7378e-03
7322.4038 2.7379e-03
7324.6001 3.6852e-03
7326.7979 4.2665e-03
7328.9961 3.6688e-03
7331.1943 4.9416e-03
7333.3936 5.8187e-03
7335.5938 2.0243e-03
7337.7944 7.1379e-03
7339.9956 6.8255e-03
7342.1982 2.2327e-03
7344.4004 2.4801e-03
7346.6035 3.0510e-03
7348.8081 3.5923e-03
7351.0127 4.3451e-03
7353.2183 2.0432e-03
7355.4238 2.9650e-03
7357.6304 1.2775e-03
7359.8374 4.7752e-03
7362.0459 2.6445e-03
7364.2549 5.6218e-03
7366.4634 4.8950e-03
7368.6738 6.1804e-03
7370.8838 2.2179e-03
7373.0957 8.4039e-03
7375.3071 4.7035e-03
7377.5200 1.2397e-03
7379.7334 6.0544e-03
7381.9473 5.4214e-03
7384.1616 1.0875e-02
7386.3770 4.4658e-03
7388.5928 2.1956e-03
7390.8096 2.9063e-03
7393.0264 9.4009e-03
7395.2446 4.7142e-03
7397.4639 2.3856e-03
7399.6826 7.6295e-03
7401.9023 2.8155e-03
7404.1230 2.1948e-03
7406.3438 4.8411e-03
7408.5654 5.0460e-03
7410.7886 4.2970e-03
7413.0122 2.5188e-03
7415.2354 4.5502e-03
7417.4604 3.5923e-03
7419.6855 6.5341e-03
7421.9116 5.9394e-03
7424.1382 6.7206e-03
7426.3652 8.1030e-03
7428.5933 2.6433e-03
7430.8218 2.1487e-03
7433.0513 4.3714e-03
7435.2808 8.6509e-03
7437.5117 2.5143e-03
7439.7432 2.2284e-03
7441.9741 5.5576e-03
7444.2070 6.4529e-03
7446.4404 1.1012e-03
7448.6748 4.8664e-03
7450.9097 4.7525e-03
7453.1440 2.6164e-04
7455.3809 2.7416e-03
7457.6167 9.4966e-03
7459.8545 3.8509e-03
7462.0923 8.4005e-03
7464.3306 5.4137e-03
7466.5698 4.3732e-03
7468.8096 3.0238e-03
7471.0503 3.8197e-03
7473.2920 8.2614e-03
7475.5342 3.9265e-03
7477.7769 1.5993e-03
7480.0205 5.4353e-03
7482.2637 9.7388e-04
7484.5088 3.0638e-03
7486.7539 0.0000e+00
7489.0000 6.3436e-03
7491.2471 1.8004e-03
7493.4937 5.7306e-03
7495.7422 5.5308e-03
7497.9912 1.9556e-03
7500.2402 4.1275e-03
7502.4902 2.2161e-03
7504.7412 3.7746e-03
7506.9927 5.6488e-03
7509.2441 4.5027e-03
7511.4976 2.2742e-03
7513.7510 2.2169e-03
7516.0044 5.0847e-03
7518.2593 3.7686e-03
7520.5151 7.7947e-03
7522.7715 5.4195e-03
7525.0283 2.9081e-03
7527.2861 5.4094e-03
7529.5439 3.9386e-03
7531.8027 7.0378e-03
7534.0620 7.7372e-03
7536.3228 1.6365e-03
7538.5835 7.0177e-03
7540.8447 2.4328e-03
7543.1074 4.2269e-03
7545.3706 2.8952e-03
7547.6338 1.8546e-03
7549.8984 5.9784e-03
7552.1626 4.1571e-03
7554.4292 5.2618e-03
7556.6948 6.4191e-03
7558.9619 4.9027e-03
7561.2295 1.6294e-03
7563.4976 2.6713e-03
7565.7671 7.8576e-03
7568.0366 6.3973e-03
7570.3071 3.2965e-03
7572.5786 5.2835e-03
7574.8511 4.5443e-03
7577.1230 4.9783e-03
7579.3960 3.7416e-03
7581.6694 2.1318e-03
7583.9443 2.0354e-03
7586.2192 3.7681e-03
7588.4956 1.9608e-03
7590.7715 2.2765e-03
7593.0488 2.7915e-03
7595.3262 7.0550e-03
7597.6060 4.9415e-03
7599.8843 4.0881e-03
7602.1641 4.3354e-03
7604.4448 4.3187e-03
7606.7271 1.0376e-02
7609.0093 6.6409e-03
7611.2910 5.8809e-03
7613.5752 8.4628e-03
7615.8589 8.6004e-04
7618.1440 7.5405e-03
7620.4292 2.7475e-03
7622.7153 3.2700e-03
7625.0020 3.1275e-03
7627.2896 4.7583e-03
7629.5781 7.7790e-03
7631.8662 5.8689e-03
7634.1562 9.2368e-04
7636.4468 5.9320e-03
7638.7378 4.2638e-03
7641.0288 5.1229e-03
7643.3213 6.8585e-03
7645.6138 4.3664e-03
7647.9072 7.3027e-03
7650.2021 2.9468e-03
7652.4971 1.4447e-03
7654.7935 1.8281e-03
7657.0894 8.7147e-03
7659.3867 1.9130e-03
7661.6846 5.1276e-03
7663.9829 3.2391e-03
7666.2817 1.6049e-03
7668.5825 6.7678e-03
7670.8823 4.0844e-03
7673.1841 3.2502e-03
7675.4854 3.9196e-03
7677.7891 5.0588e-03
7680.0918 4.5845e-03
7682.3960 2.3015e-03
7684.7002 7.1010e-03
7687.0059 3.0331e-03
7689.3125 3.1705e-03
7691.6191 3.6829e-03
7693.9268 4.3514e-03
7696.2344 2.3500e-03
7698.5430 4.4195e-03
7700.8530 3.9138e-03
7703.1631 3.1353e-03
7705.4746 3.2095e-03
7707.7856 6.8258e-03
7710.0981 4.2879e-03
7712.4111 3.6865e-03
7714.7251 8.1113e-03
7717.0391 4.0099e-03
7719.3540 2.6842e-03
7721.6699 3.3892e-03
7723.9868 3.0854e-03
7726.3042 6.6922e-03
7728.6216 1.7780e-03
7730.9409 1.4930e-03
7733.2593 7.8806e-03
7735.5796 2.5177e-03
7737.9004 4.2633e-03
7740.2217 6.7241e-03
7742.5435 4.8162e-03
7744.8662 4.7916e-03
7747.1895 2.6538e-03
7749.5142 3.1806e-03
7751.8394 7.0374e-03
7754.1650 4.6410e-03
7756.4907 5.8238e-03
7758.8174 6.7013e-03
7761.1450 1.7537e-03
7763.4736 2.7873e-03
7765.8022 6.8533e-03
7768.1323 1.3954e-03
7770.4634 3.5175e-03
7772.7944 9.7761e-03
7775.1260 1.8607e-03
7777.4585 1.9636e-03
7779.7915 3.0152e-03
7782.1260 3.7629e-03
7784.4604 1.3004e-03
7786.7954 2.0836e-03
7789.1318 5.8267e-03
7791.4683 8.0786e-03
7793.8062 3.4301e-03
7796.1436 3.7780e-03
7798.4824 7.8633e-03
7800.8218 2.2047e-03
7803.1626 3.8167e-03
7805.5034 3.1122e-03
7807.8447 5.0714e-03
7810.1880 3.3114e-03
7812.5303 1.6072e-03
7814.8745 2.2157e-03
7817.2192 6.0929e-03
7819.5640 1.5989e-03
7821.9106 3.0475e-03
7824.2559 2.8520e-03
7826.6040 4.6202e-03
7828.9521 2.1313e-03
7831.3003 3.1238e-03
7833.6499 4.1341e-03
7835.9995 6.8470e-03
7838.3511 6.1072e-03
7840.7021 7.4262e-03
7843.0547 5.0870e-03
7845.4077 4.3463e-03
7847.7603 3.0476e-03
7850.1152 2.9527e-03
7852.4702 8.3025e-03
7854.8262 4.6930e-03
7857.1821 4.7168e-03
7859.5396 6.6464e-03
7861.8975 5.0866e-03
7864.2559 3.5413e-03
7866.6157 4.7674e-03
7868.9756 4.5109e-03
7871.3359 2.8882e-03
7873.6978 8.4711e-03
7876.0601 1.2556e-03
7878.4224 2.4395e-03
7880.7856 3.2646e-03
7883.1509 6.9185e-03
7885.5151 3.7060e-04
7887.8809 2.0962e-03
7890.2476 5.0095e-03
7892.6147 5.1073e-03
7894.9814 3.8588e-03
7897.3501 5.1304e-03
7899.7192 2.9693e-03
7902.0898 6.1984e-03
7904.4604 3.9884e-03
7906.8311 3.2819e-03
7909.2036 8.1476e-04
7911.5767 5.4162e-03
7913.9497 1.0895e-02
7916.3247 4.8488e-03
7918.6987 7.4141e-04
7921.0742 7.0840e-03
7923.4512 1.6073e-03
7925.8276 9.8333e-03
7928.2051 1.4080e-03
7930.5845 2.0329e-03
7932.9634 5.7560e-03
7935.3433 3.6228e-03
7937.7236 7.0566e-03
7940.1050 3.1994e-03
7942.4873 4.5134e-03
7944.8701 4.9077e-03
7947.2529 5.8949e-03
7949.6377 6.7178e-03
7952.0225 2.2522e-04
7954.4082 7.5334e-03
7956.7949 4.9004e-03
7959.1807 3.5854e-03
7961.5688 0.0000e+00
7963.9580 7.6584e-03
7966.3462 3.1515e-03
7968.7368 2.2113e-03
7971.1274 2.4780e-03
7973.5181 3.5938e-03
7975.9111 2.4953e-03
7978.3032 3.7187e-03
7980.6973 3.9992e-03
7983.0908 5.3821e-03
7985.4858 3.4375e-03
7987.8823 6.0009e-04
7990.2778 3.6395e-03
7992.6748 2.5870e-03
7995.0728 1.3425e-03
7997.4717 1.8518e-03
7999.8711 1.8381e-03
8002.2710 7.0355e-03
8004.6709 5.4578e-03
8007.0723 3.3499e-03
8009.4746 5.4764e-04
8011.8779 0.0000e+00
8014.2812 9.8410e-04
8016.6855 2.8187e-03
8019.0903 4.0013e-03
8021.4966 5.0825e-03
8023.9028 2.1271e-03
8026.3105 3.6263e-03
8028.7173 1.9174e-03
8031.1260 5.7725e-03
8033.5361 3.6714e-03
8035.9458 2.3398e-03
8038.3569 0.0000e+00
8040.7681 4.2319e-03
8043.1807 4.1856e-03
8045.5933 1.7359e-03
8048.0068 2.8664e-03
8050.4214 3.8544e-03
8052.8364 2.4813e-03
8055.2520 2.3081e-03
8057.6689 4.8066e-03
8060.0864 2.9418e-03
8062.5049 8.7319e-03
8064.9229 0.0000e+00
8067.3423 2.5232e-03
8069.7632 3.4984e-03
8072.1836 5.6228e-03
8074.6050 6.2293e-03
8077.0278 2.5108e-03
8079.4507 2.6675e-03
8081.8745 3.5613e-03
8084.2988 4.3752e-03
8086.7251 1.3095e-03
8089.1509 2.5242e-03
8091.5771 8.3065e-03
8094.0049 6.8900e-03
8096.4331 3.5479e-03
8098.8618 3.6383e-03
8101.2910 4.2090e-03
8103.7217 1.3137e-03
8106.1528 0.0000e+00
8108.5845 2.5802e-03
8111.0171 4.5940e-03
8113.4502 4.6494e-03
8115.8843 6.0470e-03
8118.3188 6.5987e-03
8120.7549 1.7712e-03
8123.1914 1.2869e-03
8125.6284 2.4281e-03
8128.0659 3.1357e-03
8130.5049 2.0578e-03
8132.9438 3.1920e-03
8135.3833 2.3759e-03
8137.8237 5.2362e-03
8140.2651 7.3287e-03
8142.7075 8.8675e-04
8145.1504 5.3245e-03
8147.5938 5.6956e-03
8150.0376 5.7061e-03
8152.4834 1.8201e-03
8154.9292 4.9390e-03
8157.3750 3.2313e-03
8159.8228 1.9100e-03
8162.2705 1.0924e-03
8164.7192 4.9006e-03
8167.1685 8.7182e-04
8169.6187 4.3515e-04
8172.0693 2.6291e-03
8174.5210 3.0031e-04
8176.9736 1.4406e-03
8179.4268 5.6492e-03
8181.8809 1.1382e-03
8184.3350 5.3338e-03
8186.7900 4.9912e-03
8189.2456 7.0905e-04
8191.7031 2.4083e-03
8194.1602 7.5307e-04
8196.6191 0.0000e+00
8199.0781 4.9380e-04
8201.5371 5.1549e-04
8203.9980 3.1435e-03
8206.4590 2.6534e-03
8208.9219 3.2779e-03
8211.3838 1.1593e-03
8213.8477 0.0000e+00
8216.3115 1.5620e-03
8218.7764 2.8285e-03
8221.2422 3.7720e-03
8223.7090 3.9133e-03
8226.1758 1.5839e-03
8228.6436 2.0757e-03
8231.1123 8.1599e-03
8233.5811 1.4505e-03
8236.0518 6.8919e-04
8238.5215 8.6180e-04
8240.9932 1.9707e-03
8243.4658 0.0000e+00
8245.9395 3.6323e-03
8248.4131 4.6025e-04
8250.8877 5.1753e-03
8253.3623 5.2792e-03
8255.8389 7.3156e-04
8258.3154 0.0000e+00
8260.7920 1.4461e-03
8263.2715 0.0000e+00
8265.7500 3.6216e-03
8268.2305 4.8663e-03
8270.7100 3.7868e-04
8273.1914 1.1960e-03
8275.6738 4.1633e-03
8278.1553 1.2699e-03
8280.6396 7.6582e-04
8283.1240 3.1435e-03
8285.6094 5.6368e-03
8288.0947 5.8392e-03
8290.5811 1.2772e-03
8293.0674 4.1341e-03
8295.5557 1.2346e-03
8298.0449 0.0000e+00
8300.5352 2.6555e-03
8303.0234 3.2025e-03
8305.5156 1.1396e-03
8308.0068 3.1196e-04
8310.5000 3.4001e-03
8312.9922 7.8558e-04
8315.4863 4.6950e-03
8317.9805 4.1736e-03
8320.4766 1.2691e-03
8322.9717 2.5215e-03
8325.4697 3.6494e-03
8327.9668 2.9310e-03
8330.4658 1.8235e-03
8332.9639 1.0349e-03
8335.4648 8.5093e-03
8337.9648 8.0188e-03
8340.4668 4.2647e-03
8342.9688 4.9687e-03
8345.4717 2.0446e-03
8347.9746 2.5706e-03
8350.4795 4.2019e-03
8352.9844 3.8205e-03
8355.4902 2.9149e-03
8357.9971 5.5111e-04
8360.5039 4.5786e-04
8363.0127 5.4991e-03
8365.5215 0.0000e+00
8368.0312 8.8941e-04
8370.5420 4.1131e-03
8373.0527 2.9909e-03
8375.5654 1.5242e-03
8378.0771 1.4463e-03
8380.5908 1.0496e-03
8383.1045 4.1773e-04
8385.6191 1.8569e-03
8388.1348 3.3810e-03
8390.6523 3.1804e-03
8393.1689 4.3358e-03
8395.6865 7.3608e-03
8398.2061 2.2340e-03
8400.7246 2.2238e-03
8403.2461 2.9350e-03
8405.7666 1.3593e-03
8408.2881 3.5186e-03
8410.8105 2.9014e-03
8413.3340 3.2325e-03
8415.8584 4.3431e-03
8418.3818 4.8237e-03
8420.9082 4.2349e-03
8423.4346 1.6678e-03
8425.9609 2.6685e-03
8428.4893 5.6566e-03
8431.0186 3.4168e-03
8433.5479 2.6085e-03
8436.0771 1.8994e-04
8438.6074 6.5534e-03
8441.1396 2.5458e-03
8443.6729 0.0000e+00
8446.2051 2.7405e-03
8448.7383 1.2139e-03
8451.2734 1.8724e-03
8453.8086 5.1345e-04
8456.3457 3.1238e-03
8458.8828 2.4347e-03
8461.4199 4.0618e-03
8463.9580 2.2199e-04
8466.4971 2.6381e-03
8469.0371 1.0098e-02
8471.5781 1.5747e-03
8474.1191 2.9679e-03
8476.6621 0.0000e+00
8479.2051 3.9926e-03
8481.7480 2.7008e-03
8484.2930 7.4059e-03
8486.8379 1.2069e-03
8489.3848 4.1715e-03
8491.9316 2.9567e-03
8494.4795 7.4536e-04
8497.0264 2.7837e-03
8499.5762 3.3535e-03
8502.1260 3.5467e-03
8504.6777 3.3453e-03
8507.2285 5.0755e-03
8509.7803 3.3207e-03
8512.3330 0.0000e+00
8514.8857 7.1757e-04
8517.4414 2.9087e-03
8519.9961 1.5455e-03
8522.5527 3.6568e-03
8525.1094 3.3135e-03
8527.6670 1.8662e-03
8530.2246 3.5028e-03
8532.7842 6.0579e-04
8535.3438 6.0129e-03
8537.9053 9.8811e-04
8540.4668 6.9931e-04
8543.0273 6.1214e-03
8545.5908 0.0000e+00
8548.1543 2.8235e-03
8550.7188 2.7240e-03
8553.2842 3.6925e-03
8555.8496 1.4789e-03
8558.4170 2.2970e-03
8560.9844 1.7645e-03
8563.5527 7.2856e-03
8566.1221 7.8743e-03
8568.6914 6.2798e-03
8571.2617 2.6132e-03
8573.8350 1.5920e-03
8576.4062 2.3195e-04
8578.9785 3.0081e-03
8581.5527 2.3837e-03
8584.1270 8.4418e-03
8586.7031 2.5382e-03
8589.2783 2.9434e-03
8591.8555 0.0000e+00
8594.4326 3.3122e-03
8597.0117 1.7952e-03
8599.5898 2.1642e-03
8602.1699 2.4015e-03
8604.7500 1.9976e-03
8607.3320 3.7902e-03
8609.9150 1.1245e-03
8612.4971 4.0203e-03
8615.0811 3.2161e-03
8617.6660 2.8114e-03
8620.2500 2.4360e-03
8622.8369 1.5924e-03
8625.4229 5.1656e-03
8628.0117 1.5250e-03
8630.6006 3.4433e-04
8633.1885 5.5205e-03
8635.7793 4.2980e-03
8638.3711 1.9339e-03
8640.9609 1.4641e-03
8643.5527 4.9154e-03
8646.1465 3.8152e-03
8648.7393 2.2729e-03
8651.3350 3.8098e-03
8653.9307 4.8706e-03
8656.5264 4.9330e-03
8659.1230 1.9704e-03
8661.7207 1.1962e-03
8664.3203 3.8117e-03
8666.9189 1.9901e-03
8669.5186 3.2634e-03
8672.1201 0.0000e+00
8674.7217 1.3662e-03
8677.3242 2.1091e-03
8679.9277 4.1640e-03
8682.5312 3.6235e-03
8685.1367 3.7830e-03
8687.7412 3.0359e-03
8690.3477 1.8072e-03
8692.9551 1.4728e-03
8695.5625 4.7171e-03
8698.1709 2.8428e-03
8700.7803 2.3572e-03
8703.3916 4.8683e-03
8706.0020 2.2796e-03
8708.6133 3.8017e-03
8711.2266 2.0648e-03
8713.8398 3.0521e-03
8716.4541 3.1489e-03
8719.0684 3.4610e-03
8721.6846 2.1420e-03
8724.3018 3.6674e-03
8726.9189 8.4559e-03
8729.5371 3.8219e-03
8732.1553 3.0379e-03
8734.7754 4.2032e-03
8737.3955 4.9516e-03
8740.0166 8.8125e-04
8742.6387 4.0903e-03
8745.2607 1.3937e-03
8747.8848 2.7091e-03
8750.5098 1.5596e-03
8753.1348 5.2918e-03
8755.7607 3.7764e-03
8758.3867 0.0000e+00
8761.0146 4.3796e-03
8763.6436 3.7498e-03
8766.2715 6.3450e-03
8768.9023 4.4618e-04
8771.5322 4.3088e-03
8774.1641 2.1106e-03
8776.7959 2.3940e-03
8779.4287 2.3204e-03
8782.0635 4.6634e-03
8784.6982 3.8740e-03
8787.3330 2.4089e-03
8789.9697 2.0941e-03
8792.6074 1.1638e-03
8795.2451 3.2490e-03
8797.8838 5.0164e-03
8800.5234 8.4897e-03
8803.1621 0.0000e+00
8805.8027 4.0760e-03
8808.4453 3.7727e-03
8811.0879 4.4190e-03
8813.7314 2.4225e-03
8816.3750 4.3300e-03
8819.0205 1.6493e-03
8821.6660 3.3439e-03
8824.3125 4.3531e-04
8826.9590 3.3786e-03
8829.6084 2.4844e-03
8832.2568 2.4927e-03
8834.9062 5.4613e-04
8837.5557 1.0355e-03
8840.2080 1.2022e-03
8842.8594 1.7672e-03
8845.5127 3.5755e-03
8848.1670 4.7787e-03
8850.8213 5.5451e-03
8853.4766 2.8061e-03
8856.1328 2.2827e-04
8858.7881 2.0080e-03
8861.4463 2.3826e-03
8864.1045 5.0194e-03
8866.7646 4.3600e-03
8869.4238 4.2885e-03
8872.0850 2.1107e-03
8874.7471 2.8422e-03
8877.4092 5.1585e-04
8880.0732 5.8722e-04
8882.7373 5.7763e-03
8885.4014 2.8940e-03
8888.0674 9.0732e-04
8890.7334 2.7284e-03
8893.4004 2.4470e-03
8896.0684 2.3480e-03
8898.7373 4.0127e-03
8901.4072 4.5007e-03
8904.0771 5.3426e-03
8906.7480 3.3995e-03
8909.4199 4.6988e-03
8912.0938 1.8224e-03
8914.7676 3.1132e-03
8917.4414 2.5063e-03
8920.1172 3.1664e-03
8922.7930 3.3986e-03
8925.4697 2.8297e-03
8928.1475 6.9477e-04
8930.8262 1.2888e-03
8933.5049 2.5339e-03
8936.1855 1.6673e-03
8938.8652 9.3446e-04
8941.5469 2.3303e-03
8944.2295 7.8831e-04
8946.9141 2.1156e-03
8949.5977 2.3717e-03
8952.2822 4.1716e-03
8954.9678 3.2236e-03
8957.6553 3.2386e-03
8960.3418 1.2835e-03
8963.0293 2.2525e-03
8965.7178 3.7414e-03
8968.4082 3.0544e-03
8971.0986 2.3142e-03
8973.7910 3.6717e-03
8976.4824 3.8752e-03
8979.1748 3.3985e-03
8981.8691 1.2076e-03
8984.5635 6.8754e-03
8987.2588 3.7192e-03
8989.9551 1.1686e-03
8992.6523 2.0151e-03
8995.3506 3.8184e-03
8998.0488 1.3919e-03
9000.7480 3.7847e-03
9003.4482 3.7201e-03
9006.1494 5.3159e-03
9008.8516 3.5099e-03
9011.5537 3.8703e-03
9014.2578 0.0000e+00
9016.9609 9.3253e-03
9019.6660 4.1490e-03
9022.3721 1.8619e-03
9025.0791 1.2659e-03
9027.7871 2.1444e-03
9030.4951 2.7951e-03
9033.2051 7.3648e-04
9035.9150 4.6462e-03
9038.6260 2.9701e-03
9041.3369 3.0819e-03
9044.0498 8.7881e-04
9046.7627 2.7353e-03
9049.4766 3.1234e-03
9052.1914 4.4122e-03
9054.9072 1.7932e-03
9057.6240 2.5289e-03
9060.3398 9.3791e-04
9063.0586 1.8446e-04
9065.7773 5.0665e-04
9068.4971 7.5487e-04
9071.2168 2.8343e-03
9073.9395 1.5474e-03
9076.6611 1.5923e-03
9079.3848 6.8779e-03
9082.1074 2.5688e-03
9084.8330 1.7514e-03
9087.5576 3.0720e-03
9090.2832 2.4475e-03
9093.0117 1.6446e-03
9095.7393 4.7273e-03
9098.4688 5.5796e-03
9101.1973 5.9748e-03
9103.9287 2.7005e-03
9106.6592 2.2587e-03
9109.3906 5.6466e-03
9112.1250 5.5455e-03
9114.8584 3.4242e-03
9117.5928 2.3921e-03
9120.3271 3.4101e-03
9123.0635 9.7227e-04
9125.8008 1.3112e-03
9128.5391 6.9978e-04
9131.2764 3.7272e-03
9134.0156 8.7272e-04
9136.7568 1.6191e-03
9139.4980 1.5739e-03
9142.2383 2.0950e-03
9144.9814 1.5353e-03
9147.7266 1.3895e-03
9150.4707 0.0000e+00
9153.2158 3.6945e-03
9155.9609 1.4743e-03
9158.7070 2.5626e-03
9161.4551 5.1608e-03
9164.2041 0.0000e+00
9166.9531 1.8453e-03
9169.7031 2.0492e-03
9172.4541 2.3497e-03
9175.2051 2.9468e-03
9177.9580 5.1671e-04
9180.7109 6.8546e-03
9183.4668 1.7430e-03
9186.2207 1.0013e-03
9188.9766 2.2342e-03
9191.7334 2.7747e-03
9194.4912 2.8894e-03
9197.2490 8.9444e-04
9200.0088 2.3262e-03
9202.7686 1.7229e-03
9205.5293 1.4759e-03
9208.2920 1.6502e-03
9211.0527 2.5544e-03
9213.8164 4.2111e-03
9216.5811 2.9982e-03
9219.3467 6.0665e-03
9222.1113 1.4517e-03
9224.8789 3.4452e-03
9227.6455 7.9563e-04
9230.4141 4.6263e-03
9233.1836 0.0000e+00
9235.9531 3.7060e-03
9238.7246 9.9290e-04
9241.4951 1.9598e-03
9244.2686 3.0814e-03
9247.0410 0.0000e+00
9249.8154 5.5428e-03
9252.5908 1.4527e-03
9255.3652 1.9584e-03
9258.1426 1.8100e-03
9260.9209 9.6261e-04
9263.6992 4.9773e-03
9266.4775 1.6217e-03
9269.2568 1.2962e-03
9272.0381 0.0000e+00
9274.8203 1.5213e-03
9277.6025 2.4318e-03
9280.3857 3.8541e-04
9283.1709 5.6267e-04
9285.9541 7.9187e-04
9288.7402 0.0000e+00
9291.5264 4.2709e-03
9294.3135 3.6354e-04
9297.1025 2.1408e-03
9299.8926 2.5923e-03
9302.6816 9.8414e-04
9305.4727 4.1596e-03
9308.2646 2.9136e-03
9311.0566 4.3432e-03
9313.8506 8.1246e-04
9316.6436 1.0356e-03
9319.4395 2.8214e-03
9322.2354 1.7639e-03
9325.0322 1.1921e-03
9327.8291 3.2644e-03
9330.6279 2.1462e-04
9333.4277 8.4213e-04
9336.2266 1.9818e-03
9339.0283 8.0954e-03
9341.8291 9.8771e-04
9344.6318 2.4465e-03
9347.4355 1.9222e-03
9350.2402 2.2981e-03
9353.0449 2.2897e-03
9355.8516 1.9038e-03
9358.6572 2.2420e-03
9361.4658 1.1726e-03
9364.2734 2.3571e-03
9367.0830 4.0288e-03
9369.8936 2.9814e-03
9372.7041 1.8194e-03
9375.5156 0.0000e+00
9378.3291 9.9647e-04
9381.1416 7.5327e-04
9383.9561 2.7406e-03
9386.7715 4.7229e-04
9389.5879 2.8683e-03
9392.4043 4.9991e-03
9395.2217 0.0000e+00
9398.0400 9.6985e-04
9400.8594 3.8222e-03
9403.6807 2.3065e-03
9406.5020 1.8540e-03
9409.3242 1.4023e-03
9412.1465 1.4132e-03
9414.9707 0.0000e+00
9417.7939 0.0000e+00
9420.6201 5.0855e-03
9423.4453 1.1433e-03
9426.2725 4.6358e-03
9429.1006 2.0773e-03
9431.9287 9.1313e-04
9434.7588 2.9741e-03
9437.5898 6.8327e-04
9440.4209 0.0000e+00
9443.2529 7.0107e-04
9446.0859 1.6590e-03
9448.9199 2.5891e-03
9451.7549 0.0000e+00
9454.5889 2.2423e-03
9457.4268 1.9545e-03
9460.2637 2.9475e-03
9463.1016 3.8162e-04
9465.9414 2.5130e-03
9468.7803 8.1365e-04
9471.6211 6.7077e-04
9474.4629 1.9608e-03
9477.3047 8.9486e-04
9480.1484 3.2555e-04
9482.9922 2.9038e-03
9485.8369 3.3245e-04
9488.6836 1.6315e-03
9491.5303 3.2490e-03
9494.3760 3.8554e-03
9497.2256 7.2023e-04
9500.0742 2.1400e-03
9502.9238 5.1581e-03
9505.7754 1.3271e-03
9508.6270 4.5331e-03
9511.4805 3.2839e-04
9514.3320 1.6563e-03
9517.1875 0.0000e+00
9520.0420 1.3445e-03
9522.8984 2.1676e-03
9525.7559 7.6631e-04
9528.6133 1.6785e-03
9531.4717 2.2057e-03
9534.3311 7.6844e-04
9537.1914 6.2002e-04
9540.0518 3.2953e-03
9542.9150 3.3118e-04
9545.7773 1.6703e-03
9548.6416 2.1213e-04
9551.5059 1.2365e-03
9554.3711 3.1043e-03
9557.2373 2.6689e-03
9560.1045 8.2089e-04
9562.9727 1.6014e-03
9565.8418 1.1661e-03
9568.7109 2.6232e-04
9571.5820 4.6023e-04
9574.4531 1.6934e-03
9577.3252 1.3014e-03
9580.1992 2.4702e-04
9583.0723 2.3061e-03
9585.9473 1.1755e-03
9588.8242 0.0000e+00
9591.7002 2.9797e-03
9594.5781 2.2974e-03
9597.4561 1.7809e-03
9600.3350 2.2895e-04
9603.2158 3.8892e-03
9606.0957 1.5437e-03
9608.9775 0.0000e+00
9611.8613 2.0932e-04
9614.7441 5.1117e-04
9617.6279 3.4719e-03
9620.5137 8.1677e-04
9623.4014 1.0386e-03
9626.2881 3.2960e-03
9629.1748 0.0000e+00
9632.0645 1.0150e-03
9634.9541 3.4606e-03
9637.8438 2.5551e-03
9640.7363 9.3523e-04
9643.6270 5.2169e-03
9646.5215 3.2687e-03
9649.4141 0.0000e+00
9652.3086 2.3004e-03
9655.2051 0.0000e+00
9658.1016 3.8689e-03
9660.9990 3.7596e-03
9663.8975 4.4439e-04
9666.7969 0.0000e+00
9669.6973 1.5014e-03
9672.5967 4.1766e-03
9675.5000 0.0000e+00
9678.4023 1.7016e-03
9681.3057 2.6108e-03
9684.2109 0.0000e+00
9687.1152 1.2533e-03
9690.0215 2.1803e-03
9692.9287 2.6644e-03
9695.8369 3.3795e-03
9698.7441 3.2602e-03
9701.6553 5.3586e-04
9704.5645 3.2169e-04
9707.4775 5.6684e-03
9710.3887 4.4167e-03
9713.3008 5.6033e-03
9716.2158 0.0000e+00
9719.1299 5.5752e-04
9722.0459 1.4173e-03
9724.9629 6.9563e-04
9727.8809 2.0363e-03
9730.7988 3.0753e-04
9733.7178 1.3700e-03
9736.6387 2.1334e-03
9739.5586 2.2117e-03
9742.4805 2.4533e-03
9745.4033 3.3118e-03
9748.3281 8.4292e-04
9751.2520 2.5795e-04
9754.1777 9.4037e-04
9757.1035 2.4542e-03
9760.0303 1.7423e-03
9762.9590 1.5177e-03
9765.8877 1.8271e-03
9768.8174 1.3271e-03
9771.7480 2.8214e-04
9774.6797 8.6053e-04
9777.6113 5.7489e-04
9780.5459 5.6852e-03
9783.4795 2.8332e-04
9786.4141 4.9197e-04
9789.3496 1.6999e-03
9792.2871 1.4309e-03
9795.2256 1.2277e-03
9798.1641 1.4912e-03
9801.1035 0.0000e+00
9804.0430 1.6709e-03
9806.9844 3.1965e-04
9809.9268 0.0000e+00
9812.8691 1.0552e-03
9815.8125 2.3701e-03
9818.7578 2.0152e-03
9821.7041 6.7926e-04
9824.6494 0.0000e+00
9827.5967 2.8967e-03
9830.5469 3.1974e-03
9833.4951 7.6303e-04
9836.4453 1.5731e-03
9839.3965 2.5888e-03
9842.3486 8.8337e-04
9845.2998 0.0000e+00
9848.2549 1.7791e-03
9851.2080 8.6252e-04
9854.1641 2.3742e-03
9857.1201 2.0138e-03
9860.0771 7.2916e-04
9863.0361 1.0326e-03
9865.9941 4.8531e-04
9868.9541 4.7554e-04
9871.9150 2.2467e-03
9874.8760 1.1379e-03
9877.8389 0.0000e+00
9880.8018 2.7914e-04
9883.7666 8.1482e-04
9886.7324 0.0000e+00
9889.6982 1.5421e-03
9892.6641 4.2864e-03
9895.6338 4.2637e-03
9898.6016 0.0000e+00
9901.5713 1.4577e-03
9904.5420 1.7690e-03
9907.5127 2.5097e-03
9910.4854 1.1004e-03
9913.4590 2.6826e-03
9916.4326 2.7597e-03
9919.4072 3.4461e-03
9922.3828 3.6900e-03
9925.3584 4.1219e-04
9928.3379 7.8406e-04
9931.3164 3.6677e-03
9934.2949 2.4510e-03
9937.2754 0.0000e+00
9940.2568 1.0170e-03
9943.2383 1.0713e-03
9946.2207 1.6200e-03
9949.2061 0.0000e+00
9952.1904 1.7907e-03
9955.1758 8.4119e-04
9958.1631 1.2698e-03
9961.1494 1.5359e-03
9964.1387 1.0192e-03
9967.1279 0.0000e+00
9970.1182 2.7251e-04
9973.1084 0.0000e+00
9976.1006 1.9651e-03
9979.0928 0.0000e+00
9982.0859 9.8691e-04
9985.0820 1.6491e-03
9988.0771 2.2761e-03
9991.0732 2.0527e-03
9994.0713 4.2888e-03
9997.0693 5.8226e-04
10000.0684 6.5737e-04
10003.0674 1.2674e-03
10006.0684 0.0000e+00
10009.0713 0.0000e+00
10012.0742 8.4785e-04
10015.0771 2.2386e-03
10018.0820 1.5655e-03
10021.0879 3.0069e-03
10024.0938 2.5656e-03
10027.1006 2.4206e-03
10030.1084 0.0000e+00
10033.1172 4.0495e-03
10036.1270 1.2684e-03
10039.1387 8.6218e-04
10042.1504 1.0566e-03
10045.1631 0.0000e+00
10048.1768 1.0614e-03
10051.1924 3.1375e-03
10054.2061 6.3935e-04
10057.2227 5.1802e-04
10060.2402 5.6943e-04
10063.2578 9.0131e-04
10066.2773 1.8466e-04
10069.2969 1.4669e-03
10072.3174 8.6114e-04
10075.3379 1.4794e-03
10078.3623 5.9378e-04
10081.3848 2.7767e-03
10084.4102 1.6707e-04
10087.4346 2.2367e-03
10090.4619 1.9058e-04
10093.4883 1.4743e-03
10096.5166 5.0285e-04
10099.5459 7.9694e-04
10102.5742 2.0580e-03
10105.6055 3.1804e-03
10108.6367 1.4807e-03
10111.6709 2.3652e-04
10114.7041 1.4732e-03
10117.7383 7.4341e-04
10120.7734 1.5642e-03
10123.8105 0.0000e+00
10126.8477 1.2084e-03
10129.8857 8.6924e-04
10132.9248 0.0000e+00
10135.9648 0.0000e+00
10139.0049 2.0145e-03
10142.0479 1.7735e-03
10145.0879 1.9047e-03
10148.1318 1.0558e-03
10151.1768 4.3563e-04
10154.2227 5.2052e-04
10157.2686 1.0068e-03
10160.3154 7.5298e-04
10163.3643 2.0301e-03
10166.4121 2.4740e-03
10169.4629 5.1106e-04
10172.5137 6.6236e-04
10175.5654 1.0809e-03
10178.6191 1.3315e-03
10181.6719 3.5076e-04
10184.7256 3.1527e-04
10187.7822 3.4219e-04
10190.8379 3.7129e-03
10193.8945 2.7155e-03
10196.9541 0.0000e+00
10200.0127 1.2783e-03
10203.0723 5.2276e-04
10206.1328 2.6094e-03
10209.1953 3.0852e-04
10212.2578 5.1696e-04
10215.3223 0.0000e+00
10218.3867 9.8374e-04
10221.4521 2.7351e-03
10224.5186 2.7690e-03
10227.5850 1.3006e-03
10230.6543 5.3312e-04
10233.7246 1.9556e-03
10236.7930 0.0000e+00
10239.8643 3.5776e-03
10242.9355 4.0012e-03
10246.0098 7.2856e-04
10249.0830 2.6122e-04
10252.1572 2.4568e-03
10255.2334 9.3206e-04
10258.3096 2.8070e-03
10261.3877 0.0000e+00
10264.4648 8.0179e-04
10267.5449 1.5481e-03
10270.6250 1.5468e-03
