# time_explosion = 18.25
# 
3082.8928 5.5790e-02
3083.8179 4.4202e-02
3084.7432 7.3712e-02
3085.6685 5.7964e-02
3086.5940 4.7629e-02
3087.5200 6.2095e-02
3088.4463 4.9010e-02
3089.3728 5.4478e-02
3090.2996 5.8524e-02
3091.2268 5.3955e-02
3092.1541 6.8449e-02
3093.0815 5.1098e-02
3094.0098 5.7824e-02
3094.9380 5.0354e-02
3095.8665 5.0933e-02
3096.7952 4.1821e-02
3097.7241 5.9247e-02
3098.6536 6.5343e-02
3099.5828 5.7784e-02
3100.5129 4.0063e-02
3101.4431 4.9545e-02
3102.3735 5.7923e-02
3103.3042 3.5455e-02
3104.2354 5.4527e-02
3105.1665 4.9173e-02
3106.0981 4.9483e-02
3107.0300 5.3026e-02
3107.9619 3.5348e-02
3108.8943 4.3504e-02
3109.8269 4.2313e-02
3110.7600 5.0936e-02
3111.6929 3.9002e-02
3112.6265 3.9633e-02
3113.5605 5.3764e-02
3114.4944 5.2480e-02
3115.4290 4.0167e-02
3116.3635 3.8403e-02
3117.2986 3.8935e-02
3118.2336 6.3906e-02
3119.1689 5.3962e-02
3120.1047 6.0389e-02
3121.0410 4.3417e-02
3121.9773 6.0426e-02
3122.9136 4.5602e-02
3123.8508 3.6712e-02
3124.7878 3.9809e-02
3125.7251 4.3679e-02
3126.6628 4.9873e-02
3127.6008 5.9534e-02
3128.5393 4.7725e-02
3129.4778 4.5078e-02
3130.4170 3.3309e-02
3131.3557 3.9182e-02
3132.2954 3.5284e-02
3133.2349 3.9870e-02
3134.1748 3.5385e-02
3135.1150 3.3910e-02
3136.0559 6.4417e-02
3136.9968 3.2784e-02
3137.9377 3.6267e-02
3138.8789 3.8494e-02
3139.8206 4.0276e-02
3140.7625 5.4848e-02
3141.7046 4.3937e-02
3142.6472 4.6780e-02
3143.5901 4.7513e-02
3144.5334 5.0795e-02
3145.4766 4.6442e-02
3146.4202 4.2992e-02
3147.3643 5.1166e-02
3148.3086 5.2749e-02
3149.2529 4.3095e-02
3150.1975 5.6757e-02
3151.1426 6.7134e-02
3152.0881 4.3839e-02
3153.0337 4.1613e-02
3153.9795 3.8108e-02
3154.9255 5.0930e-02
3155.8723 5.1834e-02
3156.8188 4.2919e-02
3157.7661 4.6912e-02
3158.7134 4.6634e-02
3159.6609 3.7239e-02
3160.6086 4.7265e-02
3161.5571 4.6966e-02
3162.5054 4.1837e-02
3163.4541 3.7972e-02
3164.4031 4.1197e-02
3165.3528 5.5036e-02
3166.3022 4.1090e-02
3167.2522 6.6198e-02
3168.2024 5.0321e-02
3169.1526 4.3967e-02
3170.1035 4.5665e-02
3171.0544 5.1199e-02
3172.0061 3.9104e-02
3172.9573 6.7313e-02
3173.9092 5.8673e-02
3174.8613 4.4667e-02
3175.8140 4.4345e-02
3176.7668 4.9354e-02
3177.7197 5.5200e-02
3178.6729 4.5768e-02
3179.6267 6.4511e-02
3180.5808 6.8946e-02
3181.5347 4.1064e-02
3182.4893 5.7135e-02
3183.4438 3.7784e-02
3184.3987 4.7468e-02
3185.3542 6.9024e-02
3186.3101 6.0615e-02
3187.2659 6.3283e-02
3188.2217 5.0338e-02
3189.1785 7.8764e-02
3190.1350 4.8450e-02
3191.0920 4.0719e-02
3192.0493 4.5826e-02
3193.0071 6.4292e-02
3193.9651 6.1579e-02
3194.9233 5.8487e-02
3195.8818 5.5390e-02
3196.8408 5.8560e-02
3197.7996 6.7374e-02
3198.7590 5.6130e-02
3199.7185 5.7844e-02
3200.6782 5.3454e-02
3201.6387 4.4889e-02
3202.5991 5.0756e-02
3203.5598 4.4329e-02
3204.5208 5.1245e-02
3205.4824 5.1251e-02
3206.4441 4.4141e-02
3207.4058 5.6326e-02
3208.3682 7.2715e-02
3209.3306 5.7335e-02
3210.2935 4.2516e-02
3211.2563 4.3535e-02
3212.2200 5.6407e-02
3213.1833 6.9499e-02
3214.1472 4.3714e-02
3215.1118 4.2505e-02
3216.0764 5.2976e-02
3217.0413 4.3409e-02
3218.0061 5.3576e-02
3218.9714 5.4502e-02
3219.9373 5.0799e-02
3220.9031 4.8546e-02
3221.8699 5.0338e-02
3222.8362 6.4865e-02
3223.8030 4.6410e-02
3224.7700 5.6457e-02
3225.7375 5.3088e-02
3226.7053 3.8606e-02
3227.6731 5.7825e-02
3228.6416 6.3876e-02
3229.6101 4.9630e-02
3230.5791 3.2929e-02
3231.5483 4.7656e-02
3232.5178 5.1914e-02
3233.4875 3.7869e-02
3234.4575 5.2825e-02
3235.4280 4.3134e-02
3236.3984 6.1877e-02
3237.3691 4.9933e-02
3238.3403 3.8138e-02
3239.3120 5.6110e-02
3240.2839 4.7683e-02
3241.2559 5.7244e-02
3242.2285 4.0391e-02
3243.2012 5.6868e-02
3244.1743 4.4562e-02
3245.1472 3.4790e-02
3246.1208 5.1973e-02
3247.0947 3.5925e-02
3248.0688 3.7512e-02
3249.0432 4.5973e-02
3250.0178 4.7048e-02
3250.9929 4.8382e-02
3251.9680 5.4386e-02
3252.9438 4.5123e-02
3253.9194 4.5780e-02
3254.8958 4.4058e-02
3255.8723 3.2198e-02
3256.8489 5.7091e-02
3257.8262 5.5299e-02
3258.8035 6.2552e-02
3259.7810 4.4226e-02
3260.7593 4.7126e-02
3261.7373 4.4060e-02
3262.7158 4.3798e-02
3263.6946 3.5102e-02
3264.6736 6.0062e-02
3265.6531 4.2720e-02
3266.6331 5.1506e-02
3267.6130 5.6890e-02
3268.5930 5.2125e-02
3269.5735 5.1202e-02
3270.5544 4.8549e-02
3271.5356 5.5958e-02
3272.5171 5.1882e-02
3273.4990 4.4556e-02
3274.4812 5.5708e-02
3275.4634 4.2873e-02
3276.4458 5.0205e-02
3277.4287 5.4065e-02
3278.4124 4.4120e-02
3279.3958 4.1520e-02
3280.3794 5.7692e-02
3281.3635 6.2518e-02
3282.3479 5.0259e-02
3283.3325 5.1450e-02
3284.3179 5.3320e-02
3285.3030 4.5277e-02
3286.2888 4.5951e-02
3287.2744 5.1879e-02
3288.2605 6.0352e-02
3289.2471 5.5430e-02
3290.2339 5.5887e-02
3291.2212 7.4767e-02
3292.2083 5.9067e-02
3293.1958 6.4749e-02
3294.1838 6.0336e-02
3295.1724 5.2386e-02
3296.1609 7.0255e-02
3297.1497 8.7153e-02
3298.1387 4.6714e-02
3299.1282 4.2682e-02
3300.1177 5.7580e-02
3301.1079 6.5705e-02
3302.0984 6.1553e-02
3303.0889 8.0358e-02
3304.0798 6.4908e-02
3305.0713 6.2455e-02
3306.0627 8.3716e-02
3307.0544 7.1713e-02
3308.0466 6.5277e-02
3309.0391 7.2271e-02
3310.0317 7.8353e-02
3311.0247 5.5197e-02
3312.0178 5.9725e-02
3313.0117 5.9891e-02
3314.0054 7.1581e-02
3315.0000 7.3442e-02
3315.9941 6.7749e-02
3316.9890 7.2445e-02
3317.9839 8.8876e-02
3318.9795 7.0637e-02
3319.9751 8.9073e-02
3320.9712 8.6602e-02
3321.9678 6.1139e-02
3322.9639 8.0248e-02
3323.9607 6.2626e-02
3324.9580 7.1372e-02
3325.9558 6.3430e-02
3326.9536 9.5007e-02
3327.9514 7.2603e-02
3328.9497 8.1914e-02
3329.9482 6.7257e-02
3330.9475 7.3163e-02
3331.9468 8.3927e-02
3332.9463 8.3877e-02
3333.9463 5.6830e-02
3334.9463 6.2982e-02
3335.9473 7.0384e-02
3336.9478 8.1309e-02
3337.9487 7.2680e-02
3338.9502 8.3492e-02
3339.9517 8.1486e-02
3340.9536 8.8366e-02
3341.9561 8.0341e-02
3342.9587 6.6470e-02
3343.9614 7.7598e-02
3344.9651 7.0447e-02
3345.9685 8.2236e-02
3346.9722 6.7132e-02
3347.9763 8.9462e-02
3348.9805 7.2740e-02
3349.9854 6.3771e-02
3350.9902 8.7057e-02
3351.9956 7.8111e-02
3353.0010 8.5228e-02
3354.0073 7.0865e-02
3355.0129 8.0656e-02
3356.0198 7.7340e-02
3357.0264 8.3838e-02
3358.0334 1.0551e-01
3359.0410 8.3147e-02
3360.0488 8.2285e-02
3361.0569 8.2015e-02
3362.0654 5.3281e-02
3363.0740 9.0318e-02
3364.0828 6.8915e-02
3365.0918 7.9384e-02
3366.1013 8.9079e-02
3367.1113 1.0088e-01
3368.1213 1.0096e-01
3369.1318 7.7969e-02
3370.1426 1.0152e-01
3371.1536 9.2720e-02
3372.1650 9.2554e-02
3373.1768 7.6228e-02
3374.1885 8.2243e-02
3375.2004 9.3406e-02
3376.2134 7.5156e-02
3377.2261 6.5463e-02
3378.2395 6.9443e-02
3379.2529 9.9552e-02
3380.2664 9.0205e-02
3381.2805 1.0934e-01
3382.2952 8.6815e-02
3383.3098 8.8355e-02
3384.3250 1.0423e-01
3385.3401 8.5087e-02
3386.3557 8.9200e-02
3387.3716 9.3754e-02
3388.3879 6.9335e-02
3389.4045 9.3867e-02
3390.4211 9.8194e-02
3391.4385 1.0083e-01
3392.4558 9.5479e-02
3393.4736 1.0726e-01
3394.4915 1.1099e-01
3395.5100 7.8309e-02
3396.5286 8.5088e-02
3397.5474 9.3757e-02
3398.5667 1.0514e-01
3399.5862 1.0240e-01
3400.6062 8.9232e-02
3401.6262 9.6806e-02
3402.6467 8.4558e-02
3403.6677 8.1770e-02
3404.6887 8.1485e-02
3405.7100 1.0666e-01
3406.7319 9.9222e-02
3407.7539 1.1871e-01
3408.7764 9.3313e-02
3409.7988 9.5070e-02
3410.8218 1.1079e-01
3411.8450 1.1393e-01
3412.8687 1.0084e-01
3413.8923 1.1124e-01
3414.9167 9.6299e-02
3415.9412 1.0239e-01
3416.9658 1.0257e-01
3417.9907 9.6764e-02
3419.0164 1.1198e-01
3420.0420 1.1239e-01
3421.0681 1.0348e-01
3422.0945 1.1075e-01
3423.1208 1.0887e-01
3424.1479 1.1697e-01
3425.1753 1.0927e-01
3426.2029 1.2214e-01
3427.2307 1.1558e-01
3428.2588 9.5224e-02
3429.2871 9.8928e-02
3430.3159 1.1716e-01
3431.3452 1.3822e-01
3432.3748 1.3567e-01
3433.4041 1.1217e-01
3434.4346 9.8169e-02
3435.4646 1.1169e-01
3436.4954 1.2259e-01
3437.5261 1.2784e-01
3438.5579 1.1155e-01
3439.5894 1.0666e-01
3440.6208 9.4162e-02
3441.6531 1.1305e-01
3442.6855 1.0699e-01
3443.7183 1.3077e-01
3444.7515 1.2127e-01
3445.7852 1.1464e-01
3446.8186 1.1177e-01
3447.8525 1.3324e-01
3448.8872 1.1101e-01
3449.9216 1.0191e-01
3450.9568 1.2167e-01
3451.9919 1.1400e-01
3453.0276 1.4224e-01
3454.0637 1.2663e-01
3455.0999 1.3150e-01
3456.1362 1.3332e-01
3457.1731 1.4385e-01
3458.2102 1.1758e-01
3459.2476 1.2855e-01
3460.2856 1.4146e-01
3461.3235 1.3059e-01
3462.3621 1.0274e-01
3463.4004 1.0611e-01
3464.4399 1.1261e-01
3465.4790 1.0481e-01
3466.5188 1.0070e-01
3467.5586 1.2912e-01
3468.5989 1.0232e-01
3469.6394 1.2207e-01
3470.6804 1.1772e-01
3471.7217 1.2781e-01
3472.7629 1.2144e-01
3473.8049 1.3907e-01
3474.8469 1.1606e-01
3475.8894 1.2634e-01
3476.9321 1.1908e-01
3477.9751 1.1362e-01
3479.0188 1.1508e-01
3480.0625 1.4999e-01
3481.1064 1.3495e-01
3482.1509 1.3030e-01
3483.1956 1.4258e-01
3484.2407 1.3325e-01
3485.2856 1.3488e-01
3486.3313 1.1976e-01
3487.3772 1.0516e-01
3488.4233 1.3588e-01
3489.4697 1.3220e-01
3490.5168 1.2926e-01
3491.5640 1.1252e-01
3492.6116 1.2370e-01
3493.6592 1.2017e-01
3494.7073 1.2033e-01
3495.7556 1.3310e-01
3496.8044 1.3763e-01
3497.8535 1.3610e-01
3498.9026 1.3798e-01
3499.9526 1.2634e-01
3501.0024 1.4507e-01
3502.0527 1.2483e-01
3503.1033 1.3621e-01
3504.1543 1.4286e-01
3505.2058 1.4447e-01
3506.2571 1.3041e-01
3507.3088 1.0675e-01
3508.3613 1.6863e-01
3509.4136 1.3277e-01
3510.4663 1.5847e-01
3511.5193 1.2000e-01
3512.5730 1.3159e-01
3513.6270 1.3973e-01
3514.6809 1.1587e-01
3515.7351 1.3201e-01
3516.7898 1.2012e-01
3517.8452 1.4847e-01
3518.9004 1.2010e-01
3519.9561 1.2536e-01
3521.0122 1.1873e-01
3522.0686 1.3168e-01
3523.1250 1.3958e-01
3524.1821 1.3362e-01
3525.2390 1.4259e-01
3526.2969 1.4445e-01
3527.3547 1.2987e-01
3528.4126 1.2896e-01
3529.4714 1.1425e-01
3530.5303 1.3168e-01
3531.5894 1.2292e-01
3532.6487 1.4100e-01
3533.7090 1.5380e-01
3534.7688 1.2720e-01
3535.8293 1.2930e-01
3536.8901 1.3404e-01
3537.9512 1.3354e-01
3539.0122 1.2715e-01
3540.0740 1.4878e-01
3541.1360 9.2686e-02
3542.1987 1.4287e-01
3543.2612 1.1047e-01
3544.3245 1.2403e-01
3545.3875 1.1602e-01
3546.4509 1.1195e-01
3547.5154 1.0047e-01
3548.5793 1.2093e-01
3549.6438 1.1846e-01
3550.7087 1.3068e-01
3551.7739 1.0855e-01
3552.8396 1.0528e-01
3553.9053 1.2105e-01
3554.9714 1.2168e-01
3556.0378 1.1047e-01
3557.1050 1.2699e-01
3558.1716 1.5888e-01
3559.2395 9.9393e-02
3560.3071 1.2178e-01
3561.3752 1.0288e-01
3562.4436 1.3176e-01
3563.5125 1.2543e-01
3564.5813 1.1633e-01
3565.6506 1.2539e-01
3566.7205 1.0620e-01
3567.7905 1.0722e-01
3568.8611 1.2214e-01
3569.9316 1.1460e-01
3571.0027 1.2971e-01
3572.0737 1.1377e-01
3573.1455 1.0246e-01
3574.2175 1.0529e-01
3575.2896 1.1641e-01
3576.3625 1.2961e-01
3577.4351 1.3157e-01
3578.5083 1.2558e-01
3579.5820 1.3001e-01
3580.6560 1.0776e-01
3581.7300 1.1986e-01
3582.8047 1.1315e-01
3583.8792 1.3022e-01
3584.9546 1.2962e-01
3586.0298 1.1412e-01
3587.1060 1.6120e-01
3588.1821 1.3165e-01
3589.2583 1.3110e-01
3590.3352 1.5149e-01
3591.4124 1.1995e-01
3592.4897 1.5354e-01
3593.5671 1.5506e-01
3594.6455 1.3364e-01
3595.7241 1.2688e-01
3596.8025 1.5721e-01
3597.8818 1.3769e-01
3598.9609 1.2962e-01
3600.0405 1.2096e-01
3601.1204 1.3306e-01
3602.2009 1.3408e-01
3603.2817 1.3475e-01
3604.3625 1.5643e-01
3605.4441 1.4656e-01
3606.5256 1.5588e-01
3607.6074 1.3119e-01
3608.6899 1.3691e-01
3609.7725 1.5449e-01
3610.8552 1.2010e-01
3611.9385 1.3064e-01
3613.0222 1.1730e-01
3614.1062 1.4784e-01
3615.1904 1.2891e-01
3616.2749 1.3021e-01
3617.3599 1.1051e-01
3618.4451 1.3654e-01
3619.5303 1.2713e-01
3620.6165 1.1333e-01
3621.7024 1.1930e-01
3622.7891 1.2615e-01
3623.8760 1.2533e-01
3624.9631 1.2811e-01
3626.0508 1.1271e-01
3627.1382 1.3532e-01
3628.2266 1.2294e-01
3629.3152 1.1657e-01
3630.4038 1.2201e-01
3631.4927 1.3123e-01
3632.5825 1.1624e-01
3633.6721 1.1521e-01
3634.7622 1.3598e-01
3635.8528 1.0564e-01
3636.9434 1.4038e-01
3638.0347 1.1557e-01
3639.1257 1.0827e-01
3640.2178 1.0275e-01
3641.3098 1.3128e-01
3642.4021 1.2678e-01
3643.4946 9.9727e-02
3644.5881 1.4117e-01
3645.6814 1.1563e-01
3646.7751 1.0906e-01
3647.8691 1.2025e-01
3648.9634 1.2021e-01
3650.0581 1.1702e-01
3651.1533 1.2591e-01
3652.2480 1.1442e-01
3653.3442 1.2756e-01
3654.4402 1.5827e-01
3655.5364 1.0507e-01
3656.6333 1.4359e-01
3657.7300 1.5482e-01
3658.8274 1.2570e-01
3659.9250 1.3420e-01
3661.0232 1.3918e-01
3662.1213 1.0617e-01
3663.2202 1.4745e-01
3664.3188 1.1302e-01
3665.4182 1.1651e-01
3666.5181 1.0215e-01
3667.6179 1.6430e-01
3668.7183 1.0476e-01
3669.8186 1.4615e-01
3670.9197 1.4090e-01
3672.0210 1.6702e-01
3673.1226 1.1826e-01
3674.2241 1.5449e-01
3675.3269 1.2998e-01
3676.4294 1.5248e-01
3677.5325 1.4512e-01
3678.6355 1.3917e-01
3679.7390 1.5001e-01
3680.8430 1.3937e-01
3681.9473 1.4377e-01
3683.0518 1.4147e-01
3684.1570 1.3644e-01
3685.2620 1.6224e-01
3686.3677 1.5514e-01
3687.4739 1.6889e-01
3688.5796 1.5348e-01
3689.6865 1.9005e-01
3690.7932 1.5723e-01
3691.9006 1.6170e-01
3693.0081 1.6221e-01
3694.1160 1.5074e-01
3695.2241 1.5715e-01
3696.3328 1.5202e-01
3697.4417 1.5905e-01
3698.5508 1.7119e-01
3699.6606 1.6746e-01
3700.7703 2.0575e-01
3701.8806 1.7077e-01
3702.9910 1.6839e-01
3704.1023 1.8432e-01
3705.2136 2.1640e-01
3706.3247 1.9198e-01
3707.4370 1.9715e-01
3708.5491 2.0813e-01
3709.6616 2.1988e-01
3710.7744 2.2620e-01
3711.8877 2.2926e-01
3713.0012 2.3041e-01
3714.1152 2.1764e-01
3715.2292 2.1040e-01
3716.3440 2.3056e-01
3717.4590 2.4598e-01
3718.5742 2.3488e-01
3719.6897 2.4923e-01
3720.8057 2.3539e-01
3721.9219 2.4722e-01
3723.0383 2.2658e-01
3724.1553 2.5282e-01
3725.2725 2.6925e-01
3726.3904 2.4035e-01
3727.5081 2.9339e-01
3728.6265 2.4665e-01
3729.7451 2.7032e-01
3730.8640 2.5359e-01
3731.9832 2.8827e-01
3733.1028 2.4316e-01
3734.2227 2.3292e-01
3735.3428 3.1992e-01
3736.4636 3.2226e-01
3737.5842 3.0368e-01
3738.7056 2.8282e-01
3739.8276 2.4244e-01
3740.9490 2.6281e-01
3742.0718 2.6567e-01
3743.1943 2.6833e-01
3744.3171 2.6831e-01
3745.4404 2.4422e-01
3746.5640 2.8600e-01
3747.6880 2.8175e-01
3748.8125 2.5232e-01
3749.9368 2.6897e-01
3751.0620 2.4616e-01
3752.1873 2.1854e-01
3753.3130 2.3163e-01
3754.4387 2.4906e-01
3755.5652 2.5635e-01
3756.6919 2.0698e-01
3757.8188 1.9072e-01
3758.9463 2.0518e-01
3760.0737 2.1417e-01
3761.2019 2.0605e-01
3762.3306 1.9072e-01
3763.4590 1.7942e-01
3764.5881 1.9839e-01
3765.7175 1.7944e-01
3766.8472 2.0165e-01
3767.9771 1.6645e-01
3769.1079 1.9331e-01
3770.2383 1.6769e-01
3771.3694 1.7253e-01
3772.5007 1.5464e-01
3773.6328 1.6956e-01
3774.7646 1.5234e-01
3775.8972 1.4872e-01
3777.0298 1.8474e-01
3778.1628 1.5841e-01
3779.2964 1.5353e-01
3780.4302 1.6939e-01
3781.5642 1.5568e-01
3782.6987 1.3153e-01
3783.8335 1.4557e-01
3784.9690 1.5780e-01
3786.1042 1.3135e-01
3787.2400 1.3857e-01
3788.3762 1.3497e-01
3789.5125 1.1947e-01
3790.6497 1.3541e-01
3791.7869 1.2791e-01
3792.9246 1.4067e-01
3794.0625 1.2891e-01
3795.2007 1.0220e-01
3796.3391 1.2309e-01
3797.4778 1.3359e-01
3798.6169 1.4213e-01
3799.7568 1.2421e-01
3800.8967 1.0890e-01
3802.0371 1.2283e-01
3803.1775 1.0514e-01
3804.3181 9.3570e-02
3805.4597 1.2615e-01
3806.6013 1.1361e-01
3807.7434 1.0167e-01
3808.8857 1.3056e-01
3810.0286 1.0926e-01
3811.1714 9.0916e-02
3812.3149 1.1608e-01
3813.4583 1.1963e-01
3814.6025 1.2564e-01
3815.7468 1.1922e-01
3816.8916 1.1624e-01
3818.0369 1.0467e-01
3819.1824 9.7475e-02
3820.3281 1.1287e-01
3821.4741 1.0920e-01
3822.6201 1.0071e-01
3823.7671 1.1219e-01
3824.9143 1.0525e-01
3826.0615 9.3414e-02
3827.2097 1.3275e-01
3828.3577 9.4107e-02
3829.5063 1.1208e-01
3830.6553 1.1191e-01
3831.8044 1.2069e-01
3832.9539 1.0344e-01
3834.1035 1.4263e-01
3835.2539 1.1564e-01
3836.4045 1.1820e-01
3837.5554 1.0638e-01
3838.7068 1.0492e-01
3839.8582 1.0668e-01
3841.0103 1.3073e-01
3842.1628 1.0663e-01
3843.3152 1.3454e-01
3844.4683 1.2753e-01
3845.6216 1.2593e-01
3846.7754 1.0610e-01
3847.9294 1.4882e-01
3849.0835 1.4560e-01
3850.2383 1.5330e-01
3851.3933 1.4109e-01
3852.5488 1.5964e-01
3853.7051 1.7754e-01
3854.8606 1.8006e-01
3856.0173 1.6458e-01
3857.1741 1.6072e-01
3858.3313 1.8404e-01
3859.4883 1.7291e-01
3860.6465 1.9356e-01
3861.8047 1.8306e-01
3862.9631 1.6483e-01
3864.1221 1.6161e-01
3865.2815 1.9201e-01
3866.4412 1.9385e-01
3867.6011 1.7959e-01
3868.7610 1.7586e-01
3869.9216 1.7211e-01
3871.0828 1.8081e-01
3872.2441 1.6941e-01
3873.4058 1.9350e-01
3874.5676 1.8175e-01
3875.7302 2.1025e-01
3876.8931 2.0995e-01
3878.0559 2.2604e-01
3879.2192 2.0527e-01
3880.3831 2.0169e-01
3881.5474 1.8643e-01
3882.7119 2.0572e-01
3883.8767 2.0567e-01
3885.0420 1.8684e-01
3886.2073 2.1307e-01
3887.3728 1.9202e-01
3888.5391 1.9513e-01
3889.7061 2.1573e-01
3890.8730 1.9633e-01
3892.0400 2.0096e-01
3893.2078 2.1230e-01
3894.3755 1.9748e-01
3895.5439 2.3807e-01
3896.7126 2.1989e-01
3897.8813 2.2615e-01
3899.0508 2.1654e-01
3900.2209 2.2976e-01
3901.3909 2.3162e-01
3902.5613 2.3504e-01
3903.7322 2.5650e-01
3904.9031 2.6738e-01
3906.0747 2.4313e-01
3907.2463 2.3804e-01
3908.4187 2.3049e-01
3909.5911 2.0967e-01
3910.7642 2.3696e-01
3911.9373 2.3892e-01
3913.1111 2.3098e-01
3914.2849 2.2464e-01
3915.4592 2.4610e-01
3916.6335 2.4046e-01
3917.8086 2.4787e-01
3918.9839 2.1142e-01
3920.1597 2.4760e-01
3921.3359 2.5301e-01
3922.5120 2.5496e-01
3923.6887 2.5121e-01
3924.8660 2.3550e-01
3926.0432 2.4601e-01
3927.2212 2.5733e-01
3928.3994 2.5988e-01
3929.5779 2.7794e-01
3930.7568 2.3699e-01
3931.9360 2.7160e-01
3933.1157 2.7501e-01
3934.2954 2.6145e-01
3935.4758 2.2567e-01
3936.6562 2.6382e-01
3937.8374 2.7995e-01
3939.0186 2.7487e-01
3940.2004 2.8974e-01
3941.3826 2.8035e-01
3942.5649 2.5959e-01
3943.7478 2.3850e-01
3944.9307 2.7361e-01
3946.1147 3.0293e-01
3947.2983 2.8397e-01
3948.4824 2.6059e-01
3949.6670 3.2091e-01
3950.8521 2.6533e-01
3952.0369 2.9009e-01
3953.2227 2.5327e-01
3954.4089 2.6008e-01
3955.5950 3.2502e-01
3956.7812 3.1612e-01
3957.9688 2.6554e-01
3959.1560 3.2577e-01
3960.3438 2.6119e-01
3961.5320 3.2418e-01
3962.7202 2.9154e-01
3963.9094 3.1190e-01
3965.0984 3.0605e-01
3966.2881 3.2626e-01
3967.4778 3.1263e-01
3968.6680 3.1691e-01
3969.8584 3.6174e-01
3971.0498 3.3478e-01
3972.2412 3.4038e-01
3973.4326 3.4449e-01
3974.6248 3.4566e-01
3975.8171 3.2431e-01
3977.0095 3.3179e-01
3978.2029 3.6444e-01
3979.3962 3.1930e-01
3980.5901 3.2496e-01
3981.7844 3.4386e-01
3982.9790 3.2898e-01
3984.1736 3.5889e-01
3985.3691 3.3156e-01
3986.5647 3.7620e-01
3987.7605 3.5030e-01
3988.9568 3.4696e-01
3990.1538 3.6425e-01
3991.3506 3.5810e-01
3992.5481 3.7930e-01
3993.7456 3.9820e-01
3994.9441 3.8660e-01
3996.1423 3.4572e-01
3997.3413 3.2656e-01
3998.5408 3.5335e-01
3999.7397 3.5002e-01
4000.9402 3.8378e-01
4002.1401 3.7526e-01
4003.3408 3.9147e-01
4004.5415 4.0141e-01
4005.7434 3.8507e-01
4006.9448 3.2881e-01
4008.1470 3.7689e-01
4009.3496 3.4821e-01
4010.5522 4.1294e-01
4011.7556 3.7185e-01
4012.9587 3.7662e-01
4014.1628 3.5991e-01
4015.3672 3.8988e-01
4016.5715 3.7408e-01
4017.7769 3.8062e-01
4018.9817 3.5817e-01
4020.1875 3.5458e-01
4021.3936 3.6862e-01
4022.6003 3.8158e-01
4023.8071 3.5589e-01
4025.0142 3.4403e-01
4026.2214 3.3678e-01
4027.4294 3.7106e-01
4028.6377 3.4297e-01
4029.8462 3.2783e-01
4031.0554 3.1181e-01
4032.2646 3.6571e-01
4033.4744 3.5845e-01
4034.6843 3.1959e-01
4035.8945 3.6525e-01
4037.1052 3.2831e-01
4038.3167 3.3466e-01
4039.5281 3.5047e-01
4040.7397 3.1922e-01
4041.9524 3.4804e-01
4043.1648 3.2190e-01
4044.3777 3.2681e-01
4045.5913 3.6567e-01
4046.8047 3.0949e-01
4048.0186 3.1495e-01
4049.2332 3.5560e-01
4050.4480 3.4420e-01
4051.6628 3.3109e-01
4052.8784 3.2427e-01
4054.0942 3.2357e-01
4055.3108 3.5592e-01
4056.5273 3.5472e-01
4057.7444 3.1397e-01
4058.9614 3.4942e-01
4060.1792 3.4232e-01
4061.3970 3.0488e-01
4062.6155 3.6347e-01
4063.8345 2.9284e-01
4065.0535 3.3880e-01
4066.2732 3.0149e-01
4067.4929 3.1861e-01
4068.7131 3.1505e-01
4069.9338 3.3367e-01
4071.1548 2.9519e-01
4072.3762 3.4378e-01
4073.5981 2.8729e-01
4074.8201 3.2680e-01
4076.0427 2.8655e-01
4077.2654 2.6990e-01
4078.4885 3.1387e-01
4079.7119 3.2074e-01
4080.9358 3.0417e-01
4082.1602 2.9239e-01
4083.3845 2.9966e-01
4084.6099 2.8941e-01
4085.8354 3.0468e-01
4087.0608 2.7370e-01
4088.2869 2.9496e-01
4089.5137 2.8556e-01
4090.7407 2.5747e-01
4091.9678 2.8603e-01
4093.1953 2.6197e-01
4094.4233 2.9341e-01
4095.6519 2.8154e-01
4096.8799 2.7550e-01
4098.1094 2.8073e-01
4099.3384 2.8110e-01
4100.5684 2.7737e-01
4101.7988 2.7850e-01
4103.0293 2.7468e-01
4104.2598 3.0495e-01
4105.4912 3.1703e-01
4106.7231 2.8772e-01
4107.9546 2.8456e-01
4109.1875 2.9704e-01
4110.4204 2.9455e-01
4111.6533 2.7923e-01
4112.8867 3.2573e-01
4114.1211 2.9841e-01
4115.3545 3.3199e-01
4116.5898 2.8248e-01
4117.8247 2.7211e-01
4119.0596 3.3105e-01
4120.2954 3.0103e-01
4121.5317 3.3797e-01
4122.7681 2.8166e-01
4124.0049 3.0120e-01
4125.2422 2.7849e-01
4126.4800 2.9285e-01
4127.7178 3.2369e-01
4128.9561 3.0234e-01
4130.1948 3.2271e-01
4131.4336 2.8455e-01
4132.6733 2.7283e-01
4133.9126 3.0358e-01
4135.1533 2.3710e-01
4136.3936 2.7163e-01
4137.6348 2.3840e-01
4138.8760 2.9402e-01
4140.1172 2.5079e-01
4141.3599 2.6579e-01
4142.6021 2.9988e-01
4143.8447 2.6787e-01
4145.0879 2.6329e-01
4146.3315 2.5008e-01
4147.5752 2.4987e-01
4148.8198 2.4986e-01
4150.0640 2.4279e-01
4151.3091 2.7177e-01
4152.5547 2.2240e-01
4153.8003 2.3740e-01
4155.0464 2.4642e-01
4156.2930 2.2462e-01
4157.5400 2.4106e-01
4158.7871 2.2709e-01
4160.0352 2.1990e-01
4161.2827 2.3059e-01
4162.5312 2.2191e-01
4163.7803 2.2696e-01
4165.0293 2.3017e-01
4166.2783 2.2647e-01
4167.5288 2.2700e-01
4168.7788 2.1818e-01
4170.0298 2.4488e-01
4171.2803 2.3998e-01
4172.5317 2.4519e-01
4173.7837 2.4478e-01
4175.0356 2.1137e-01
4176.2886 2.0325e-01
4177.5410 2.4104e-01
4178.7944 2.1337e-01
4180.0479 2.4596e-01
4181.3022 2.0606e-01
4182.5566 2.1303e-01
4183.8115 2.4098e-01
4185.0664 2.3142e-01
4186.3223 1.9285e-01
4187.5776 2.7645e-01
4188.8340 2.2728e-01
4190.0903 2.6353e-01
4191.3477 2.5067e-01
4192.6050 2.1696e-01
4193.8628 2.5709e-01
4195.1206 2.3862e-01
4196.3794 2.3551e-01
4197.6387 2.6615e-01
4198.8975 2.5477e-01
4200.1577 2.7655e-01
4201.4175 2.5672e-01
4202.6782 2.8365e-01
4203.9390 2.3776e-01
4205.2002 2.6224e-01
4206.4614 3.0027e-01
4207.7231 2.6475e-01
4208.9858 2.8152e-01
4210.2485 2.3736e-01
4211.5112 2.7055e-01
4212.7749 2.6338e-01
4214.0391 2.6247e-01
4215.3032 3.0722e-01
4216.5679 2.5357e-01
4217.8330 2.7763e-01
4219.0981 2.6994e-01
4220.3638 2.5877e-01
4221.6299 2.6468e-01
4222.8965 2.8209e-01
4224.1636 2.7242e-01
4225.4302 2.5293e-01
4226.6978 2.8378e-01
4227.9658 2.6491e-01
4229.2349 2.4975e-01
4230.5034 2.6129e-01
4231.7725 2.8521e-01
4233.0415 2.9205e-01
4234.3115 2.1958e-01
4235.5825 2.5869e-01
4236.8525 2.6654e-01
4238.1235 2.6899e-01
4239.3955 2.6524e-01
4240.6670 2.7441e-01
4241.9390 2.4447e-01
4243.2119 2.2016e-01
4244.4844 2.3380e-01
4245.7583 2.3601e-01
4247.0317 2.4261e-01
4248.3062 2.5255e-01
4249.5806 2.5897e-01
4250.8555 2.2324e-01
4252.1309 2.2605e-01
4253.4062 2.1899e-01
4254.6821 2.6248e-01
4255.9590 2.5407e-01
4257.2358 2.3266e-01
4258.5127 2.5700e-01
4259.7900 2.0909e-01
4261.0679 2.3780e-01
4262.3462 2.5269e-01
4263.6250 2.2158e-01
4264.9043 2.4694e-01
4266.1841 2.4367e-01
4267.4639 2.4848e-01
4268.7432 2.3366e-01
4270.0244 2.5962e-01
4271.3052 2.2828e-01
4272.5869 2.7737e-01
4273.8682 2.0724e-01
4275.1509 2.0702e-01
4276.4336 2.3853e-01
4277.7163 2.3074e-01
4278.9995 2.4114e-01
4280.2837 2.4820e-01
4281.5674 2.5121e-01
4282.8521 2.3738e-01
4284.1367 2.6091e-01
4285.4219 2.5227e-01
4286.7075 2.3309e-01
4287.9937 2.6035e-01
4289.2798 2.4784e-01
4290.5669 2.2809e-01
4291.8540 2.3302e-01
4293.1416 2.2019e-01
4294.4292 2.4468e-01
4295.7183 2.1798e-01
4297.0063 2.2064e-01
4298.2954 2.3744e-01
4299.5854 2.2959e-01
4300.8750 2.1395e-01
4302.1650 2.3949e-01
4303.4561 2.2264e-01
4304.7471 2.1181e-01
4306.0381 2.1570e-01
4307.3301 2.0236e-01
4308.6221 2.4183e-01
4309.9150 2.4600e-01
4311.2075 2.3267e-01
4312.5015 1.9512e-01
4313.7949 2.2683e-01
4315.0889 2.4834e-01
4316.3838 2.4613e-01
4317.6787 2.3879e-01
4318.9741 2.5247e-01
4320.2700 2.3920e-01
4321.5654 2.4745e-01
4322.8623 2.4495e-01
4324.1592 2.3141e-01
4325.4565 2.9182e-01
4326.7539 2.6349e-01
4328.0518 2.4960e-01
4329.3501 2.5759e-01
4330.6494 2.4076e-01
4331.9482 2.2837e-01
4333.2480 2.2007e-01
4334.5479 2.6520e-01
4335.8477 2.4695e-01
4337.1489 2.3502e-01
4338.4502 2.6347e-01
4339.7515 2.1146e-01
4341.0537 2.5509e-01
4342.3560 2.3463e-01
4343.6582 2.2176e-01
4344.9614 2.2686e-01
4346.2646 2.0219e-01
4347.5693 2.4466e-01
4348.8735 2.1288e-01
4350.1782 2.4662e-01
4351.4829 2.4297e-01
4352.7886 2.4287e-01
4354.0938 2.5903e-01
4355.4009 2.4837e-01
4356.7070 2.5615e-01
4358.0137 2.2848e-01
4359.3218 2.3777e-01
4360.6294 2.2366e-01
4361.9375 2.3826e-01
4363.2461 2.1591e-01
4364.5552 1.8758e-01
4365.8643 2.3647e-01
4367.1743 2.2143e-01
4368.4844 2.1769e-01
4369.7954 2.0981e-01
4371.1060 2.3564e-01
4372.4170 2.0454e-01
4373.7285 2.1608e-01
4375.0415 2.4054e-01
4376.3540 1.8890e-01
4377.6665 1.9484e-01
4378.9800 2.0511e-01
4380.2935 2.0470e-01
4381.6074 1.9592e-01
4382.9219 2.3459e-01
4384.2363 2.4807e-01
4385.5522 1.9279e-01
4386.8677 2.2845e-01
4388.1841 2.1471e-01
4389.5010 1.9325e-01
4390.8169 2.0009e-01
4392.1343 1.9280e-01
4393.4521 1.9092e-01
4394.7700 1.7547e-01
4396.0884 1.8863e-01
4397.4077 1.8308e-01
4398.7266 1.7414e-01
4400.0464 1.8986e-01
4401.3667 1.7606e-01
4402.6870 1.9332e-01
4404.0073 1.3873e-01
4405.3291 1.8887e-01
4406.6504 1.6703e-01
4407.9722 1.8063e-01
4409.2944 1.8591e-01
4410.6172 1.9498e-01
4411.9404 1.9058e-01
4413.2642 1.6491e-01
4414.5879 1.7730e-01
4415.9126 1.7454e-01
4417.2373 1.9294e-01
4418.5625 1.8602e-01
4419.8882 1.8899e-01
4421.2139 1.8243e-01
4422.5405 1.6917e-01
4423.8672 1.7197e-01
4425.1938 1.9882e-01
4426.5220 1.8100e-01
4427.8496 1.8439e-01
4429.1787 1.9476e-01
4430.5063 2.0264e-01
4431.8364 1.9711e-01
4433.1655 1.8381e-01
4434.4956 2.0210e-01
4435.8262 2.0715e-01
4437.1567 2.2000e-01
4438.4878 1.8167e-01
4439.8193 2.0610e-01
4441.1514 2.2737e-01
4442.4834 1.9484e-01
4443.8164 1.9658e-01
4445.1494 1.9929e-01
4446.4829 2.0567e-01
4447.8169 2.1660e-01
4449.1514 2.3453e-01
4450.4863 2.1029e-01
4451.8213 2.8009e-01
4453.1567 1.8184e-01
4454.4927 2.0868e-01
4455.8291 2.2510e-01
4457.1660 2.0691e-01
4458.5029 2.2445e-01
4459.8403 2.4314e-01
4461.1787 2.2524e-01
4462.5171 2.5897e-01
4463.8555 1.9927e-01
4465.1948 2.5115e-01
4466.5347 2.4635e-01
4467.8740 2.5672e-01
4469.2144 2.6109e-01
4470.5552 2.4825e-01
4471.8970 2.6575e-01
4473.2383 2.6466e-01
4474.5806 2.6815e-01
4475.9229 2.3692e-01
4477.2651 2.8724e-01
4478.6084 2.3103e-01
4479.9521 2.9775e-01
4481.2959 2.5705e-01
4482.6406 2.7125e-01
4483.9854 2.9376e-01
4485.3306 2.5793e-01
4486.6763 2.5271e-01
4488.0220 2.6672e-01
4489.3682 2.9786e-01
4490.7153 3.0990e-01
4492.0620 3.0645e-01
4493.4102 2.8152e-01
4494.7578 2.8634e-01
4496.1069 2.8023e-01
4497.4556 2.9468e-01
4498.8047 3.0475e-01
4500.1543 3.1479e-01
4501.5044 2.7686e-01
4502.8550 3.1939e-01
4504.2056 3.2795e-01
4505.5566 3.1640e-01
4506.9082 3.5058e-01
4508.2607 3.2018e-01
4509.6133 3.3271e-01
4510.9658 3.3105e-01
4512.3193 3.4869e-01
4513.6729 3.0658e-01
4515.0273 3.2956e-01
4516.3818 3.4297e-01
4517.7363 3.6022e-01
4519.0918 3.2796e-01
4520.4473 3.2931e-01
4521.8037 3.6350e-01
4523.1606 3.1749e-01
4524.5171 3.3141e-01
4525.8750 3.5418e-01
4527.2324 3.5449e-01
4528.5903 3.1690e-01
4529.9492 3.3509e-01
4531.3081 3.1568e-01
4532.6675 3.0454e-01
4534.0269 3.1953e-01
4535.3872 3.0051e-01
4536.7480 3.2167e-01
4538.1094 3.6566e-01
4539.4702 3.5729e-01
4540.8320 3.7288e-01
4542.1943 3.6207e-01
4543.5576 3.0659e-01
4544.9199 3.3663e-01
4546.2842 3.5126e-01
4547.6475 3.2014e-01
4549.0117 3.5109e-01
4550.3770 3.3782e-01
4551.7417 3.5959e-01
4553.1074 3.4113e-01
4554.4731 3.8442e-01
4555.8398 3.7047e-01
4557.2061 3.6751e-01
4558.5732 3.6442e-01
4559.9414 3.6871e-01
4561.3086 3.5707e-01
4562.6772 3.4592e-01
4564.0459 3.6932e-01
4565.4150 4.0041e-01
4566.7852 3.6841e-01
4568.1553 4.0286e-01
4569.5249 3.7524e-01
4570.8965 3.6406e-01
4572.2676 3.8154e-01
4573.6392 3.5004e-01
4575.0117 3.5453e-01
4576.3838 3.5908e-01
4577.7568 3.9889e-01
4579.1304 3.4386e-01
4580.5039 3.5466e-01
4581.8784 3.8679e-01
4583.2524 3.7259e-01
4584.6274 3.7895e-01
4586.0029 3.3709e-01
4587.3789 3.5662e-01
4588.7549 3.7701e-01
4590.1318 3.6960e-01
4591.5083 4.1064e-01
4592.8857 3.9760e-01
4594.2642 3.6765e-01
4595.6426 4.0575e-01
4597.0210 3.7002e-01
4598.3999 4.0474e-01
4599.7798 3.4668e-01
4601.1597 3.0374e-01
4602.5396 3.4406e-01
4603.9204 3.6608e-01
4605.3022 3.6119e-01
4606.6836 4.1884e-01
4608.0649 3.7878e-01
4609.4478 3.7355e-01
4610.8306 3.9665e-01
4612.2144 3.8031e-01
4613.5977 3.8968e-01
4614.9819 3.5071e-01
4616.3662 3.6354e-01
4617.7515 3.4405e-01
4619.1362 3.8359e-01
4620.5225 3.8380e-01
4621.9082 3.6729e-01
4623.2949 3.7672e-01
4624.6816 3.4274e-01
4626.0693 3.8700e-01
4627.4570 3.8632e-01
4628.8457 3.7230e-01
4630.2334 3.3981e-01
4631.6230 3.7577e-01
4633.0127 3.9726e-01
4634.4028 3.8385e-01
4635.7935 3.9061e-01
4637.1831 3.6993e-01
4638.5742 3.8519e-01
4639.9658 3.4896e-01
4641.3579 3.4869e-01
4642.7505 3.6891e-01
4644.1436 3.4849e-01
4645.5371 3.8203e-01
4646.9307 3.2503e-01
4648.3247 3.6630e-01
4649.7188 3.8203e-01
4651.1138 3.5552e-01
4652.5093 3.6007e-01
4653.9048 3.5401e-01
4655.3018 3.5563e-01
4656.6978 3.5731e-01
4658.0947 3.5091e-01
4659.4922 3.6474e-01
4660.8896 3.5676e-01
4662.2886 3.8137e-01
4663.6865 3.7255e-01
4665.0859 3.5200e-01
4666.4854 3.7959e-01
4667.8853 3.4815e-01
4669.2861 3.6072e-01
4670.6870 3.7123e-01
4672.0874 3.9862e-01
4673.4897 3.5023e-01
4674.8916 3.5695e-01
4676.2944 3.4464e-01
4677.6968 3.6022e-01
4679.1006 3.4307e-01
4680.5039 3.7698e-01
4681.9082 3.3079e-01
4683.3125 3.6407e-01
4684.7173 3.6143e-01
4686.1230 3.5604e-01
4687.5288 3.4678e-01
4688.9351 3.3982e-01
4690.3423 3.4427e-01
4691.7490 3.7985e-01
4693.1562 3.7045e-01
4694.5645 3.5146e-01
4695.9731 3.5497e-01
4697.3818 3.8741e-01
4698.7910 3.6791e-01
4700.2002 3.4554e-01
4701.6104 3.4191e-01
4703.0205 3.3304e-01
4704.4316 4.0166e-01
4705.8433 3.4975e-01
4707.2549 3.5924e-01
4708.6670 3.5767e-01
4710.0796 3.5383e-01
4711.4927 3.4801e-01
4712.9058 3.4363e-01
4714.3203 3.1347e-01
4715.7344 3.4531e-01
4717.1494 3.9136e-01
4718.5645 3.6388e-01
4719.9800 3.4293e-01
4721.3955 3.6884e-01
4722.8120 3.4224e-01
4724.2290 3.4611e-01
4725.6460 3.3950e-01
4727.0645 3.7352e-01
4728.4824 3.2531e-01
4729.9004 3.6155e-01
4731.3198 3.5086e-01
4732.7388 3.4272e-01
4734.1587 3.1486e-01
4735.5791 3.0006e-01
4737.0000 3.4638e-01
4738.4209 3.3184e-01
4739.8428 3.3714e-01
4741.2646 3.5874e-01
4742.6870 3.2649e-01
4744.1094 3.4384e-01
4745.5327 3.1190e-01
4746.9565 3.7088e-01
4748.3804 3.0851e-01
4749.8052 3.4074e-01
4751.2300 3.1440e-01
4752.6548 3.2285e-01
4754.0811 3.4641e-01
4755.5078 3.3609e-01
4756.9341 3.0263e-01
4758.3608 3.1127e-01
4759.7886 3.0846e-01
4761.2168 3.2437e-01
4762.6445 3.2377e-01
4764.0737 2.7947e-01
4765.5029 3.0618e-01
4766.9326 2.9629e-01
4768.3628 2.7853e-01
4769.7930 2.8684e-01
4771.2236 2.8217e-01
4772.6553 2.8603e-01
4774.0869 3.1339e-01
4775.5190 2.7315e-01
4776.9521 3.0959e-01
4778.3853 2.7671e-01
4779.8184 2.5366e-01
4781.2524 2.9405e-01
4782.6870 2.9001e-01
4784.1226 2.9229e-01
4785.5571 2.7275e-01
4786.9927 3.0732e-01
4788.4292 2.4800e-01
4789.8652 2.9636e-01
4791.3022 2.8457e-01
4792.7397 2.9524e-01
4794.1777 2.9781e-01
4795.6152 2.8503e-01
4797.0542 2.6283e-01
4798.4937 3.2712e-01
4799.9331 2.7973e-01
4801.3735 2.8810e-01
4802.8140 2.6864e-01
4804.2544 2.5662e-01
4805.6958 2.8246e-01
4807.1377 3.0355e-01
4808.5796 2.8012e-01
4810.0220 2.9950e-01
4811.4653 2.5075e-01
4812.9087 3.0061e-01
4814.3525 2.8447e-01
4815.7969 2.7030e-01
4817.2417 3.0767e-01
4818.6865 2.9224e-01
4820.1328 2.9091e-01
4821.5786 3.1944e-01
4823.0249 2.9378e-01
4824.4717 3.0240e-01
4825.9189 3.3069e-01
4827.3667 2.7938e-01
4828.8149 2.8823e-01
4830.2637 2.7581e-01
4831.7124 3.0465e-01
4833.1621 3.0120e-01
4834.6118 2.9576e-01
4836.0620 2.7920e-01
4837.5137 2.3595e-01
4838.9644 3.1152e-01
4840.4165 2.9592e-01
4841.8687 2.9878e-01
4843.3208 2.9721e-01
4844.7739 2.9609e-01
4846.2275 2.7218e-01
4847.6812 2.6585e-01
4849.1357 2.8759e-01
4850.5903 2.6325e-01
4852.0454 2.4495e-01
4853.5015 2.5133e-01
4854.9575 2.6258e-01
4856.4136 2.5956e-01
4857.8706 2.5420e-01
4859.3281 2.4178e-01
4860.7861 2.8318e-01
4862.2437 2.3084e-01
4863.7026 2.6727e-01
4865.1621 2.5803e-01
4866.6211 2.6004e-01
4868.0815 2.6179e-01
4869.5420 2.5271e-01
4871.0024 2.4239e-01
4872.4639 2.7101e-01
4873.9263 2.1326e-01
4875.3877 2.2646e-01
4876.8506 2.2850e-01
4878.3135 2.2340e-01
4879.7773 2.6362e-01
4881.2412 2.3031e-01
4882.7051 2.2682e-01
4884.1704 2.3532e-01
4885.6357 2.4945e-01
4887.1011 2.1995e-01
4888.5674 2.4893e-01
4890.0337 2.3691e-01
4891.5010 2.2735e-01
4892.9683 2.3420e-01
4894.4360 2.4321e-01
4895.9043 2.2039e-01
4897.3730 2.2157e-01
4898.8423 2.6032e-01
4900.3120 2.3204e-01
4901.7827 2.5582e-01
4903.2529 2.4317e-01
4904.7231 2.4538e-01
4906.1953 2.4988e-01
4907.6675 2.3824e-01
4909.1392 2.2244e-01
4910.6123 2.5945e-01
4912.0854 2.3222e-01
4913.5586 2.5146e-01
4915.0332 2.4452e-01
4916.5073 2.4829e-01
4917.9819 2.8607e-01
4919.4575 2.8830e-01
4920.9331 2.8678e-01
4922.4097 2.7082e-01
4923.8872 2.6652e-01
4925.3638 2.4693e-01
4926.8418 2.5193e-01
4928.3188 2.5466e-01
4929.7979 2.5706e-01
4931.2769 2.7418e-01
4932.7563 2.7451e-01
4934.2358 2.4820e-01
4935.7168 2.4880e-01
4937.1963 2.4698e-01
4938.6782 2.6822e-01
4940.1597 2.3494e-01
4941.6416 2.7535e-01
4943.1250 2.4585e-01
4944.6069 2.5646e-01
4946.0908 2.6580e-01
4947.5752 2.3705e-01
4949.0586 2.7108e-01
4950.5435 2.3225e-01
4952.0278 2.6588e-01
4953.5142 2.2776e-01
4955.0010 2.5888e-01
4956.4873 2.3885e-01
4957.9741 2.2835e-01
4959.4614 2.4225e-01
4960.9492 2.4751e-01
4962.4370 2.1348e-01
4963.9258 2.3170e-01
4965.4150 2.5058e-01
4966.9048 2.2153e-01
4968.3945 2.3042e-01
4969.8853 2.2752e-01
4971.3765 2.2702e-01
4972.8677 2.4039e-01
4974.3599 1.9698e-01
4975.8521 2.2597e-01
4977.3447 2.0230e-01
4978.8379 2.2278e-01
4980.3315 2.2152e-01
4981.8257 2.3264e-01
4983.3203 2.1142e-01
4984.8159 2.3320e-01
4986.3105 1.9788e-01
4987.8066 2.1420e-01
4989.3027 2.3573e-01
4990.7998 2.4546e-01
4992.2974 2.0935e-01
4993.7939 2.2432e-01
4995.2930 2.2995e-01
4996.7915 2.1358e-01
4998.2905 2.1193e-01
4999.7896 2.1271e-01
5001.2896 2.0854e-01
5002.7900 1.8381e-01
5004.2915 1.5449e-01
5005.7925 1.9939e-01
5007.2944 1.9568e-01
5008.7964 1.7144e-01
5010.2993 1.8956e-01
5011.8022 1.6785e-01
5013.3057 1.8392e-01
5014.8101 2.0039e-01
5016.3145 2.0888e-01
5017.8184 2.0147e-01
5019.3247 2.0135e-01
5020.8301 1.7375e-01
5022.3359 1.8711e-01
5023.8428 1.8847e-01
5025.3496 1.9088e-01
5026.8579 1.7381e-01
5028.3657 2.2073e-01
5029.8740 1.9878e-01
5031.3828 2.0625e-01
5032.8926 1.8806e-01
5034.4023 2.1007e-01
5035.9131 2.1514e-01
5037.4233 2.0605e-01
5038.9346 2.1130e-01
5040.4463 2.2151e-01
5041.9585 2.3027e-01
5043.4712 1.9815e-01
5044.9839 2.2260e-01
5046.4980 2.1216e-01
5048.0112 1.8441e-01
5049.5259 2.0233e-01
5051.0415 1.8048e-01
5052.5562 2.1610e-01
5054.0723 2.1334e-01
5055.5884 1.9627e-01
5057.1045 2.4450e-01
5058.6221 1.9716e-01
5060.1401 1.9350e-01
5061.6577 2.0213e-01
5063.1763 2.0866e-01
5064.6953 2.2631e-01
5066.2144 2.1283e-01
5067.7339 2.0631e-01
5069.2549 2.0600e-01
5070.7759 2.1102e-01
5072.2969 2.1722e-01
5073.8188 2.2769e-01
5075.3403 2.2661e-01
5076.8628 2.2058e-01
5078.3867 2.1896e-01
5079.9097 2.2894e-01
5081.4336 2.3335e-01
5082.9580 2.2150e-01
5084.4829 2.0546e-01
5086.0083 2.3211e-01
5087.5342 2.0787e-01
5089.0605 1.9786e-01
5090.5874 2.3128e-01
5092.1143 2.1914e-01
5093.6421 2.1486e-01
5095.1699 2.0957e-01
5096.6987 2.1697e-01
5098.2275 2.4363e-01
5099.7573 2.0358e-01
5101.2871 2.1842e-01
5102.8179 2.2384e-01
5104.3481 2.0473e-01
5105.8799 1.7610e-01
5107.4111 2.3449e-01
5108.9438 2.0818e-01
5110.4761 2.2924e-01
5112.0093 2.6132e-01
5113.5435 2.2524e-01
5115.0771 2.2204e-01
5116.6118 1.9663e-01
5118.1470 2.3657e-01
5119.6816 2.5682e-01
5121.2183 2.0268e-01
5122.7544 1.9655e-01
5124.2910 1.8861e-01
5125.8286 2.0268e-01
5127.3667 2.2356e-01
5128.9043 2.1563e-01
5130.4429 2.2342e-01
5131.9824 2.1042e-01
5133.5220 2.1349e-01
5135.0615 2.2324e-01
5136.6021 2.1729e-01
5138.1436 2.1605e-01
5139.6846 2.1148e-01
5141.2266 2.0961e-01
5142.7690 2.3100e-01
5144.3125 2.2352e-01
5145.8550 2.1104e-01
5147.3989 2.0598e-01
5148.9429 2.2736e-01
5150.4883 1.8463e-01
5152.0332 2.1107e-01
5153.5781 2.2962e-01
5155.1245 2.6544e-01
5156.6714 2.1006e-01
5158.2178 2.2931e-01
5159.7656 2.3149e-01
5161.3130 2.1282e-01
5162.8618 2.1763e-01
5164.4106 2.0538e-01
5165.9604 2.0285e-01
5167.5098 2.1657e-01
5169.0605 2.6050e-01
5170.6108 2.3029e-01
5172.1621 2.4509e-01
5173.7139 2.2028e-01
5175.2656 2.2223e-01
5176.8188 2.2612e-01
5178.3711 2.2167e-01
5179.9253 2.4669e-01
5181.4790 2.2521e-01
5183.0337 2.3626e-01
5184.5884 2.2015e-01
5186.1436 2.3965e-01
5187.6992 2.4390e-01
5189.2559 2.2056e-01
5190.8130 2.5887e-01
5192.3696 2.3677e-01
5193.9277 2.3019e-01
5195.4858 2.4464e-01
5197.0439 2.2519e-01
5198.6035 2.3174e-01
5200.1636 2.2804e-01
5201.7231 2.8018e-01
5203.2837 2.4839e-01
5204.8447 2.5099e-01
5206.4058 2.5415e-01
5207.9683 2.4912e-01
5209.5303 2.3714e-01
5211.0933 2.4214e-01
5212.6567 2.6946e-01
5214.2202 2.6922e-01
5215.7847 2.7213e-01
5217.3496 2.6733e-01
5218.9150 2.7855e-01
5220.4800 2.5288e-01
5222.0464 2.6347e-01
5223.6128 2.6165e-01
5225.1802 2.7350e-01
5226.7480 2.6390e-01
5228.3154 2.7483e-01
5229.8843 2.7576e-01
5231.4526 2.5584e-01
5233.0225 2.5192e-01
5234.5928 2.6151e-01
5236.1626 2.7687e-01
5237.7339 2.5255e-01
5239.3052 2.9258e-01
5240.8770 2.9377e-01
5242.4492 2.6757e-01
5244.0220 2.4816e-01
5245.5947 2.9886e-01
5247.1689 2.7605e-01
5248.7422 2.7063e-01
5250.3174 2.8320e-01
5251.8921 2.6913e-01
5253.4678 2.7335e-01
5255.0439 2.6757e-01
5256.6211 2.7356e-01
5258.1978 2.7544e-01
5259.7749 2.5712e-01
5261.3530 2.5183e-01
5262.9312 2.6888e-01
5264.5098 2.7125e-01
5266.0898 2.9107e-01
5267.6694 2.7555e-01
5269.2495 2.7169e-01
5270.8311 2.8741e-01
5272.4116 2.6661e-01
5273.9941 2.8352e-01
5275.5757 2.9486e-01
5277.1587 2.7516e-01
5278.7422 2.8265e-01
5280.3252 2.6453e-01
5281.9092 2.9482e-01
5283.4937 2.8336e-01
5285.0786 2.7477e-01
5286.6641 3.0741e-01
5288.2500 2.7198e-01
5289.8369 2.5208e-01
5291.4238 2.8944e-01
5293.0117 2.8066e-01
5294.5996 2.7935e-01
5296.1870 2.5296e-01
5297.7764 2.6627e-01
5299.3662 2.7429e-01
5300.9561 2.4964e-01
5302.5459 2.6977e-01
5304.1367 2.8159e-01
5305.7280 2.5844e-01
5307.3188 2.9669e-01
5308.9116 2.4618e-01
5310.5044 2.8124e-01
5312.0977 2.4905e-01
5313.6919 2.6219e-01
5315.2856 2.5882e-01
5316.8799 2.5415e-01
5318.4751 2.6890e-01
5320.0708 2.5171e-01
5321.6665 2.7232e-01
5323.2632 2.7503e-01
5324.8604 2.7962e-01
5326.4575 2.8940e-01
5328.0557 2.6136e-01
5329.6533 2.9166e-01
5331.2534 2.7311e-01
5332.8516 2.6695e-01
5334.4517 2.9429e-01
5336.0522 2.8820e-01
5337.6533 2.9260e-01
5339.2544 2.8077e-01
5340.8560 2.8845e-01
5342.4585 2.7659e-01
5344.0605 2.6643e-01
5345.6646 2.7205e-01
5347.2681 2.7731e-01
5348.8726 2.8627e-01
5350.4771 2.5443e-01
5352.0825 2.7456e-01
5353.6875 2.4838e-01
5355.2944 2.5145e-01
5356.9009 2.5072e-01
5358.5073 2.7754e-01
5360.1152 2.7658e-01
5361.7236 2.5891e-01
5363.3315 2.5580e-01
5364.9404 2.5537e-01
5366.5503 2.6224e-01
5368.1602 2.4547e-01
5369.7705 2.1017e-01
5371.3813 2.6765e-01
5372.9932 2.4316e-01
5374.6050 2.4143e-01
5376.2173 2.5293e-01
5377.8301 2.5253e-01
5379.4434 2.3599e-01
5381.0576 2.2221e-01
5382.6714 2.1842e-01
5384.2861 2.2383e-01
5385.9014 2.3677e-01
5387.5171 2.3318e-01
5389.1343 2.2998e-01
5390.7505 1.9885e-01
5392.3677 2.3476e-01
5393.9858 2.0957e-01
5395.6035 2.1245e-01
5397.2222 1.9569e-01
5398.8413 2.1248e-01
5400.4609 2.1976e-01
5402.0811 2.3017e-01
5403.7017 2.0440e-01
5405.3228 2.1247e-01
5406.9448 2.1466e-01
5408.5659 1.9185e-01
5410.1890 2.1372e-01
5411.8115 2.1386e-01
5413.4360 2.1803e-01
5415.0596 1.7840e-01
5416.6841 2.1973e-01
5418.3096 2.0536e-01
5419.9351 2.0540e-01
5421.5605 2.0660e-01
5423.1875 2.1432e-01
5424.8145 1.9516e-01
5426.4414 1.9576e-01
5428.0693 1.9308e-01
5429.6982 1.9379e-01
5431.3271 2.0085e-01
5432.9565 1.8886e-01
5434.5859 1.6550e-01
5436.2163 2.0187e-01
5437.8472 2.0217e-01
5439.4785 1.7507e-01
5441.1104 2.2180e-01
5442.7427 2.0276e-01
5444.3760 2.2102e-01
5446.0098 2.2551e-01
5447.6431 2.1332e-01
5449.2778 2.0293e-01
5450.9121 2.0457e-01
5452.5474 2.0158e-01
5454.1826 2.0755e-01
5455.8193 2.2522e-01
5457.4565 2.0811e-01
5459.0933 2.0982e-01
5460.7310 1.9886e-01
5462.3696 1.7305e-01
5464.0073 2.1992e-01
5465.6475 1.9541e-01
5467.2871 2.1242e-01
5468.9272 2.2004e-01
5470.5674 2.3111e-01
5472.2090 2.1648e-01
5473.8506 2.3130e-01
5475.4927 2.1402e-01
5477.1353 2.0951e-01
5478.7783 2.2036e-01
5480.4224 2.0889e-01
5482.0659 1.9621e-01
5483.7104 2.2171e-01
5485.3560 2.1667e-01
5487.0010 2.1017e-01
5488.6475 2.1253e-01
5490.2944 2.3102e-01
5491.9414 2.1473e-01
5493.5889 2.0764e-01
5495.2368 2.2065e-01
5496.8857 2.1705e-01
5498.5342 2.2457e-01
5500.1841 2.0184e-01
5501.8340 2.2711e-01
5503.4849 2.0296e-01
5505.1357 2.2026e-01
5506.7871 2.0429e-01
5508.4395 2.0923e-01
5510.0923 2.0879e-01
5511.7451 1.9486e-01
5513.3984 2.2201e-01
5515.0522 2.1013e-01
5516.7070 2.1609e-01
5518.3623 2.1723e-01
5520.0176 2.3918e-01
5521.6733 2.2921e-01
5523.3301 2.0648e-01
5524.9868 2.0867e-01
5526.6450 1.9911e-01
5528.3027 2.1188e-01
5529.9609 1.9766e-01
5531.6201 2.1640e-01
5533.2793 2.1014e-01
5534.9395 1.9587e-01
5536.5996 2.0596e-01
5538.2607 2.4238e-01
5539.9229 2.1957e-01
5541.5840 2.1653e-01
5543.2466 2.1682e-01
5544.9102 1.9518e-01
5546.5728 2.1490e-01
5548.2373 2.1792e-01
5549.9019 1.9479e-01
5551.5664 2.2319e-01
5553.2324 1.8505e-01
5554.8984 2.1226e-01
5556.5645 2.2689e-01
5558.2310 2.1526e-01
5559.8989 1.9075e-01
5561.5669 1.9107e-01
5563.2354 1.9221e-01
5564.9043 1.7979e-01
5566.5732 2.1145e-01
5568.2437 2.0499e-01
5569.9150 1.9475e-01
5571.5854 1.9796e-01
5573.2568 1.9007e-01
5574.9287 1.9693e-01
5576.6011 1.6045e-01
5578.2739 1.7526e-01
5579.9482 2.0408e-01
5581.6216 1.8077e-01
5583.2959 1.8296e-01
5584.9717 2.0291e-01
5586.6470 1.9870e-01
5588.3223 1.6279e-01
5589.9990 1.9584e-01
5591.6763 1.9584e-01
5593.3535 1.6888e-01
5595.0317 1.7670e-01
5596.7104 1.9589e-01
5598.3892 1.8377e-01
5600.0688 1.9125e-01
5601.7490 1.7285e-01
5603.4292 1.8506e-01
5605.1104 1.8979e-01
5606.7915 1.6816e-01
5608.4741 1.7991e-01
5610.1562 1.7856e-01
5611.8394 1.5233e-01
5613.5234 1.9553e-01
5615.2075 1.8139e-01
5616.8916 1.7015e-01
5618.5767 1.5613e-01
5620.2627 2.0057e-01
5621.9482 1.8515e-01
5623.6348 1.8652e-01
5625.3218 1.8616e-01
5627.0098 1.7453e-01
5628.6982 1.8245e-01
5630.3867 1.7869e-01
5632.0757 1.8153e-01
5633.7651 1.9530e-01
5635.4551 2.0023e-01
5637.1460 1.8561e-01
5638.8369 1.8317e-01
5640.5283 1.9148e-01
5642.2207 1.9700e-01
5643.9141 1.8002e-01
5645.6069 1.9485e-01
5647.3003 2.0172e-01
5648.9946 2.1949e-01
5650.6895 2.0110e-01
5652.3848 2.0341e-01
5654.0801 1.8219e-01
5655.7759 2.0416e-01
5657.4736 1.9710e-01
5659.1709 2.0895e-01
5660.8682 2.1877e-01
5662.5664 2.0833e-01
5664.2651 1.9956e-01
5665.9644 2.1004e-01
5667.6641 2.2666e-01
5669.3647 2.1929e-01
5671.0649 1.8560e-01
5672.7666 2.0513e-01
5674.4688 2.0709e-01
5676.1709 1.9691e-01
5677.8740 2.3111e-01
5679.5771 1.9988e-01
5681.2812 1.9252e-01
5682.9858 1.9161e-01
5684.6899 2.1596e-01
5686.3950 2.2896e-01
5688.1021 1.9880e-01
5689.8076 1.8468e-01
5691.5146 1.9763e-01
5693.2222 1.9651e-01
5694.9302 2.1148e-01
5696.6382 2.1575e-01
5698.3477 2.0051e-01
5700.0571 2.3453e-01
5701.7671 2.1349e-01
5703.4775 2.2688e-01
5705.1885 2.1035e-01
5706.9004 2.0540e-01
5708.6123 1.9425e-01
5710.3252 1.9715e-01
5712.0381 2.0280e-01
5713.7524 2.0073e-01
5715.4663 2.1552e-01
5717.1812 2.0927e-01
5718.8955 2.2394e-01
5720.6118 2.0053e-01
5722.3271 2.1820e-01
5724.0444 1.9948e-01
5725.7617 2.0447e-01
5727.4795 1.8305e-01
5729.1973 2.1295e-01
5730.9165 1.8454e-01
5732.6353 2.0797e-01
5734.3550 2.0667e-01
5736.0757 1.9434e-01
5737.7969 1.9928e-01
5739.5176 1.9253e-01
5741.2397 2.3403e-01
5742.9624 1.9830e-01
5744.6851 2.2202e-01
5746.4082 1.8471e-01
5748.1323 2.0598e-01
5749.8569 2.0321e-01
5751.5815 1.8951e-01
5753.3076 1.9160e-01
5755.0332 2.0712e-01
5756.7593 1.9768e-01
5758.4863 1.9417e-01
5760.2144 1.9232e-01
5761.9424 1.7940e-01
5763.6709 2.2725e-01
5765.3999 2.0932e-01
5767.1294 2.1032e-01
5768.8594 1.9737e-01
5770.5908 2.0521e-01
5772.3213 1.8875e-01
5774.0527 1.8192e-01
5775.7856 2.0881e-01
5777.5181 1.8694e-01
5779.2515 1.9284e-01
5780.9844 1.9375e-01
5782.7192 2.1507e-01
5784.4546 2.0132e-01
5786.1899 2.0381e-01
5787.9253 1.9208e-01
5789.6626 1.9724e-01
5791.3984 2.1631e-01
5793.1362 1.6710e-01
5794.8745 2.0708e-01
5796.6123 2.0210e-01
5798.3516 1.7515e-01
5800.0913 2.1815e-01
5801.8306 1.8750e-01
5803.5713 1.9349e-01
5805.3125 1.9742e-01
5807.0537 1.7050e-01
5808.7964 2.0868e-01
5810.5391 2.1256e-01
5812.2822 1.9508e-01
5814.0259 1.9432e-01
5815.7700 1.7010e-01
5817.5151 2.0615e-01
5819.2598 1.8046e-01
5821.0059 2.0118e-01
5822.7524 1.9004e-01
5824.4990 1.7498e-01
5826.2461 1.7132e-01
5827.9937 1.7836e-01
5829.7427 2.1640e-01
5831.4912 1.7824e-01
5833.2407 1.8558e-01
5834.9912 2.0986e-01
5836.7417 1.8918e-01
5838.4922 1.8700e-01
5840.2446 1.6055e-01
5841.9961 2.0385e-01
5843.7490 2.0625e-01
5845.5020 1.6487e-01
5847.2559 1.6327e-01
5849.0103 1.8443e-01
5850.7642 1.7949e-01
5852.5195 1.6771e-01
5854.2754 1.6894e-01
5856.0317 1.7149e-01
5857.7881 1.8498e-01
5859.5454 1.7504e-01
5861.3032 1.6701e-01
5863.0625 1.5516e-01
5864.8208 1.6889e-01
5866.5806 1.7956e-01
5868.3403 1.7152e-01
5870.1006 1.7570e-01
5871.8618 1.6609e-01
5873.6230 1.6631e-01
5875.3857 1.5199e-01
5877.1479 1.6306e-01
5878.9111 1.6065e-01
5880.6748 1.7262e-01
5882.4390 1.5480e-01
5884.2036 1.6410e-01
5885.9692 1.5206e-01
5887.7349 1.6504e-01
5889.5010 1.6740e-01
5891.2676 1.4665e-01
5893.0356 1.4930e-01
5894.8032 1.4960e-01
5896.5718 1.4074e-01
5898.3408 1.4370e-01
5900.1108 1.6033e-01
5901.8804 1.5405e-01
5903.6509 1.6179e-01
5905.4219 1.3462e-01
5907.1938 1.4440e-01
5908.9663 1.4438e-01
5910.7383 1.4701e-01
5912.5112 1.3697e-01
5914.2856 1.4604e-01
5916.0601 1.5407e-01
5917.8345 1.5222e-01
5919.6099 1.5106e-01
5921.3857 1.3010e-01
5923.1621 1.7364e-01
5924.9395 1.5782e-01
5926.7163 1.5482e-01
5928.4946 1.4285e-01
5930.2729 1.3817e-01
5932.0522 1.4032e-01
5933.8315 1.5062e-01
5935.6123 1.5554e-01
5937.3926 1.4562e-01
5939.1738 1.4339e-01
5940.9556 1.4397e-01
5942.7383 1.6180e-01
5944.5210 1.4885e-01
5946.3042 1.6415e-01
5948.0879 1.7072e-01
5949.8726 1.6411e-01
5951.6572 1.6703e-01
5953.4434 1.5445e-01
5955.2290 1.5188e-01
5957.0151 1.6293e-01
5958.8022 1.5543e-01
5960.5903 1.5788e-01
5962.3789 1.4616e-01
5964.1670 1.5369e-01
5965.9561 1.4405e-01
5967.7466 1.5941e-01
5969.5366 1.5411e-01
5971.3276 1.5986e-01
5973.1187 1.7504e-01
5974.9106 1.6501e-01
5976.7031 1.5476e-01
5978.4961 1.5076e-01
5980.2900 1.8235e-01
5982.0845 1.5764e-01
5983.8789 1.8377e-01
5985.6729 1.6545e-01
5987.4692 1.6147e-01
5989.2651 1.5558e-01
5991.0620 1.5076e-01
5992.8589 1.8368e-01
5994.6572 1.7419e-01
5996.4556 1.6555e-01
5998.2549 1.7466e-01
6000.0547 1.7946e-01
6001.8545 1.8158e-01
6003.6548 1.4312e-01
6005.4561 1.6220e-01
6007.2578 1.7949e-01
6009.0596 1.5656e-01
6010.8623 1.6077e-01
6012.6660 1.9824e-01
6014.4697 1.7396e-01
6016.2739 1.7327e-01
6018.0786 1.7195e-01
6019.8843 1.7179e-01
6021.6909 1.5646e-01
6023.4966 1.5781e-01
6025.3037 1.9524e-01
6027.1108 1.8841e-01
6028.9199 1.7381e-01
6030.7285 1.6069e-01
6032.5366 1.5514e-01
6034.3472 1.6677e-01
6036.1577 1.6199e-01
6037.9683 1.8323e-01
6039.7793 1.7357e-01
6041.5918 1.6365e-01
6043.4038 1.8054e-01
6045.2173 1.7773e-01
6047.0312 1.7910e-01
6048.8447 1.7106e-01
6050.6592 1.7710e-01
6052.4751 1.5883e-01
6054.2905 1.8325e-01
6056.1069 1.7442e-01
6057.9233 1.5370e-01
6059.7407 1.6548e-01
6061.5586 1.5037e-01
6063.3770 1.5639e-01
6065.1968 1.7703e-01
6067.0161 1.6531e-01
6068.8359 1.5956e-01
6070.6567 1.7998e-01
6072.4785 1.7325e-01
6074.2998 1.8463e-01
6076.1221 1.6891e-01
6077.9448 1.5129e-01
6079.7681 1.5946e-01
6081.5918 1.8864e-01
6083.4160 1.7238e-01
6085.2417 1.7499e-01
6087.0664 1.5232e-01
6088.8936 1.6524e-01
6090.7197 1.4392e-01
6092.5469 1.6905e-01
6094.3745 1.6888e-01
6096.2031 1.6640e-01
6098.0327 1.5838e-01
6099.8613 1.5020e-01
6101.6914 1.5563e-01
6103.5220 1.6560e-01
6105.3530 1.7306e-01
6107.1846 1.5863e-01
6109.0171 1.7814e-01
6110.8496 1.5851e-01
6112.6831 1.6813e-01
6114.5166 1.4458e-01
6116.3511 1.5207e-01
6118.1855 1.7814e-01
6120.0210 1.6886e-01
6121.8574 1.5825e-01
6123.6938 1.5343e-01
6125.5308 1.7241e-01
6127.3687 1.4942e-01
6129.2065 1.5138e-01
6131.0454 1.5580e-01
6132.8843 1.6303e-01
6134.7246 1.8172e-01
6136.5649 1.3972e-01
6138.4062 1.5964e-01
6140.2476 1.6869e-01
6142.0894 1.6200e-01
6143.9316 1.5409e-01
6145.7759 1.5747e-01
6147.6191 1.7249e-01
6149.4634 1.5315e-01
6151.3081 1.4904e-01
6153.1538 1.3642e-01
6155.0000 1.4319e-01
6156.8462 1.7081e-01
6158.6934 1.5006e-01
6160.5410 1.4519e-01
6162.3892 1.4484e-01
6164.2373 1.5913e-01
6166.0869 1.7664e-01
6167.9370 1.6120e-01
6169.7871 1.6940e-01
6171.6387 1.5411e-01
6173.4897 1.5071e-01
6175.3413 1.3604e-01
6177.1938 1.4837e-01
6179.0474 1.4213e-01
6180.9009 1.4429e-01
6182.7549 1.4856e-01
6184.6104 1.5560e-01
6186.4653 1.4116e-01
6188.3213 1.4666e-01
6190.1782 1.6285e-01
6192.0356 1.4208e-01
6193.8931 1.2841e-01
6195.7505 1.3454e-01
6197.6099 1.3568e-01
6199.4688 1.3265e-01
6201.3281 1.5486e-01
6203.1895 1.4168e-01
6205.0498 1.4565e-01
6206.9121 1.4558e-01
6208.7739 1.6010e-01
6210.6367 1.4985e-01
6212.4995 1.4176e-01
6214.3633 1.5168e-01
6216.2275 1.3242e-01
6218.0923 1.3570e-01
6219.9575 1.3868e-01
6221.8237 1.2933e-01
6223.6904 1.4725e-01
6225.5576 1.2788e-01
6227.4258 1.1856e-01
6229.2935 1.3372e-01
6231.1621 1.2802e-01
6233.0317 1.3596e-01
6234.9019 1.2819e-01
6236.7720 1.2091e-01
6238.6431 1.2839e-01
6240.5146 1.0808e-01
6242.3867 1.2584e-01
6244.2598 1.2031e-01
6246.1323 1.4218e-01
6248.0063 1.3645e-01
6249.8813 1.0370e-01
6251.7559 1.0780e-01
6253.6313 1.2179e-01
6255.5073 1.1077e-01
6257.3843 1.2008e-01
6259.2617 1.0749e-01
6261.1392 9.4103e-02
6263.0176 1.0369e-01
6264.8970 1.0722e-01
6266.7759 1.0362e-01
6268.6562 1.0772e-01
6270.5361 1.1347e-01
6272.4180 1.0873e-01
6274.2993 9.7545e-02
6276.1816 1.1046e-01
6278.0645 9.8780e-02
6279.9478 9.7005e-02
6281.8320 1.0016e-01
6283.7168 1.0497e-01
6285.6021 1.0252e-01
6287.4868 1.1565e-01
6289.3740 1.1142e-01
6291.2603 9.3881e-02
6293.1475 9.1988e-02
6295.0352 9.7757e-02
6296.9238 1.0734e-01
6298.8130 9.0978e-02
6300.7026 1.1496e-01
6302.5933 8.4377e-02
6304.4839 1.0159e-01
6306.3755 1.0861e-01
6308.2676 1.0796e-01
6310.1597 9.2152e-02
6312.0527 7.7075e-02
6313.9468 8.7807e-02
6315.8398 9.0283e-02
6317.7349 9.2539e-02
6319.6304 8.9771e-02
6321.5269 9.3899e-02
6323.4233 9.6019e-02
6325.3198 1.0296e-01
6327.2178 1.0033e-01
6329.1157 9.9087e-02
6331.0146 8.9217e-02
6332.9131 1.0403e-01
6334.8140 1.0755e-01
6336.7139 1.0099e-01
6338.6147 1.0289e-01
6340.5166 1.0546e-01
6342.4189 1.0709e-01
6344.3213 8.9433e-02
6346.2246 1.0287e-01
6348.1284 1.1116e-01
6350.0332 1.0382e-01
6351.9380 9.3924e-02
6353.8442 1.1054e-01
6355.7500 9.7936e-02
6357.6572 1.3786e-01
6359.5645 1.0790e-01
6361.4717 1.0379e-01
6363.3804 1.1429e-01
6365.2891 1.1815e-01
6367.1987 1.0820e-01
6369.1089 1.1820e-01
6371.0200 1.2195e-01
6372.9312 1.1288e-01
6374.8428 1.1971e-01
6376.7549 1.2069e-01
6378.6685 1.1165e-01
6380.5820 1.2276e-01
6382.4966 1.2902e-01
6384.4111 1.3038e-01
6386.3257 1.0422e-01
6388.2422 1.4017e-01
6390.1587 1.2295e-01
6392.0752 1.2351e-01
6393.9932 1.0188e-01
6395.9116 1.1123e-01
6397.8301 1.0894e-01
6399.7490 1.0701e-01
6401.6694 1.2565e-01
6403.5898 1.3186e-01
6405.5112 1.1177e-01
6407.4331 1.3632e-01
6409.3545 1.2217e-01
6411.2778 1.2182e-01
6413.2012 1.2616e-01
6415.1250 1.3285e-01
6417.0493 1.3324e-01
6418.9741 1.2822e-01
6420.9004 1.3629e-01
6422.8262 1.0464e-01
6424.7534 1.0830e-01
6426.6812 1.1325e-01
6428.6094 1.2044e-01
6430.5381 1.1584e-01
6432.4668 1.3238e-01
6434.3960 1.4447e-01
6436.3267 1.3251e-01
6438.2578 1.2723e-01
6440.1895 1.1467e-01
6442.1216 1.2830e-01
6444.0537 1.3115e-01
6445.9868 1.3711e-01
6447.9209 1.4518e-01
6449.8550 1.0717e-01
6451.7905 1.3640e-01
6453.7256 1.3214e-01
6455.6621 1.1694e-01
6457.5986 1.1768e-01
6459.5356 1.3128e-01
6461.4741 1.3305e-01
6463.4121 1.1635e-01
6465.3506 1.2115e-01
6467.2905 1.2698e-01
6469.2310 1.2180e-01
6471.1719 1.3509e-01
6473.1128 1.3224e-01
6475.0552 1.1946e-01
6476.9976 1.2473e-01
6478.9409 9.8296e-02
6480.8848 1.1614e-01
6482.8286 1.3302e-01
6484.7739 1.2148e-01
6486.7192 1.2813e-01
6488.6650 1.1150e-01
6490.6113 1.4203e-01
6492.5581 1.3122e-01
6494.5063 1.1680e-01
6496.4546 9.9614e-02
6498.4038 1.1670e-01
6500.3535 1.3829e-01
6502.3032 1.2854e-01
6504.2539 1.3038e-01
6506.2056 1.1098e-01
6508.1572 1.3246e-01
6510.1099 1.1452e-01
6512.0625 1.0614e-01
6514.0166 1.0746e-01
6515.9702 1.2875e-01
6517.9258 1.2722e-01
6519.8809 1.0651e-01
6521.8364 1.0860e-01
6523.7930 1.2236e-01
6525.7505 1.1812e-01
6527.7075 1.0586e-01
6529.6665 1.1401e-01
6531.6255 1.2815e-01
6533.5845 1.0298e-01
6535.5449 1.1276e-01
6537.5054 1.2359e-01
6539.4668 1.2173e-01
6541.4282 1.0648e-01
6543.3911 1.1232e-01
6545.3545 1.0581e-01
6547.3179 1.1413e-01
6549.2817 1.2498e-01
6551.2466 1.1862e-01
6553.2124 1.1236e-01
6555.1777 1.0244e-01
6557.1445 1.1913e-01
6559.1113 1.0482e-01
6561.0796 1.1326e-01
6563.0479 1.0810e-01
6565.0166 1.1001e-01
6566.9863 1.1260e-01
6568.9561 1.1730e-01
6570.9268 1.1629e-01
6572.8979 1.0905e-01
6574.8701 1.0902e-01
6576.8423 1.1302e-01
6578.8154 1.1485e-01
6580.7896 1.1814e-01
6582.7632 1.1207e-01
6584.7383 1.0494e-01
6586.7139 1.1347e-01
6588.6895 1.0562e-01
6590.6660 1.0772e-01
6592.6431 1.0881e-01
6594.6211 1.0558e-01
6596.5996 1.1360e-01
6598.5791 1.0225e-01
6600.5581 1.0277e-01
6602.5386 1.0054e-01
6604.5190 8.6923e-02
6606.5005 1.0892e-01
6608.4824 1.0607e-01
6610.4648 1.1108e-01
6612.4482 1.0695e-01
6614.4326 1.1036e-01
6616.4160 9.5417e-02
6618.4009 1.0339e-01
6620.3867 1.0009e-01
6622.3730 8.3380e-02
6624.3594 1.1667e-01
6626.3467 1.0776e-01
6628.3350 9.7372e-02
6630.3232 8.5128e-02
6632.3125 1.0038e-01
6634.3022 1.0953e-01
6636.2920 1.0325e-01
6638.2827 1.0666e-01
6640.2744 9.4828e-02
6642.2671 8.6560e-02
6644.2593 1.0325e-01
6646.2529 1.0773e-01
6648.2471 8.9921e-02
6650.2412 1.0332e-01
6652.2358 9.5079e-02
6654.2314 8.8626e-02
6656.2280 1.0332e-01
6658.2251 9.9559e-02
6660.2222 9.7161e-02
6662.2207 1.0016e-01
6664.2197 1.0405e-01
6666.2178 1.0249e-01
6668.2178 7.5979e-02
6670.2188 9.1054e-02
6672.2192 1.1408e-01
6674.2212 8.2562e-02
6676.2241 1.1567e-01
6678.2266 1.0418e-01
6680.2300 1.0244e-01
6682.2334 9.0630e-02
6684.2388 8.5296e-02
6686.2446 9.7717e-02
6688.2500 8.1358e-02
6690.2563 9.0258e-02
6692.2627 8.0820e-02
6694.2715 8.7547e-02
6696.2793 8.0885e-02
6698.2881 7.1780e-02
6700.2979 8.3774e-02
6702.3081 9.2091e-02
6704.3188 9.2931e-02
6706.3301 9.7749e-02
6708.3418 8.2239e-02
6710.3545 9.2433e-02
6712.3672 9.7113e-02
6714.3809 7.7388e-02
6716.3955 6.7517e-02
6718.4106 7.9774e-02
6720.4263 1.0042e-01
6722.4419 6.8882e-02
6724.4585 7.2920e-02
6726.4756 8.1044e-02
6728.4946 8.0694e-02
6730.5127 8.3947e-02
6732.5312 7.7630e-02
6734.5513 8.4448e-02
6736.5718 7.4316e-02
6738.5923 8.4053e-02
6740.6152 7.3350e-02
6742.6367 6.4415e-02
6744.6587 6.8935e-02
6746.6831 7.7410e-02
6748.7065 7.9002e-02
6750.7310 7.4122e-02
6752.7563 7.3787e-02
6754.7822 8.0395e-02
6756.8091 7.9173e-02
6758.8359 8.6638e-02
6760.8633 7.5552e-02
6762.8916 7.3647e-02
6764.9209 6.7620e-02
6766.9502 7.6024e-02
6768.9805 7.3460e-02
6771.0107 6.7800e-02
6773.0425 6.7868e-02
6775.0742 6.5829e-02
6777.1064 6.9848e-02
6779.1401 6.6964e-02
6781.1733 6.6144e-02
6783.2080 6.5729e-02
6785.2427 6.8672e-02
6787.2783 6.8387e-02
6789.3149 7.2232e-02
6791.3516 5.8220e-02
6793.3887 8.5954e-02
6795.4272 6.2609e-02
6797.4653 6.9269e-02
6799.5049 6.1041e-02
6801.5444 7.0654e-02
6803.5854 7.3264e-02
6805.6260 7.7292e-02
6807.6685 4.9770e-02
6809.7100 5.8365e-02
6811.7534 6.1856e-02
6813.7964 7.8870e-02
6815.8408 6.9720e-02
6817.8853 6.8024e-02
6819.9312 7.5885e-02
6821.9771 6.1602e-02
6824.0234 7.0534e-02
6826.0703 5.8752e-02
6828.1182 7.4933e-02
6830.1670 6.4180e-02
6832.2163 6.1225e-02
6834.2651 6.8400e-02
6836.3154 5.6973e-02
6838.3667 7.8703e-02
6840.4180 6.9630e-02
6842.4702 6.6870e-02
6844.5229 6.0326e-02
6846.5762 6.7112e-02
6848.6304 6.0466e-02
6850.6851 6.4846e-02
6852.7402 6.5832e-02
6854.7959 4.6433e-02
6856.8525 5.7890e-02
6858.9097 6.7291e-02
6860.9668 6.7384e-02
6863.0254 6.6033e-02
6865.0845 6.4117e-02
6867.1440 5.8462e-02
6869.2041 6.5807e-02
6871.2646 5.8495e-02
6873.3257 4.9258e-02
6875.3882 5.9329e-02
6877.4512 5.5601e-02
6879.5137 7.1061e-02
6881.5781 6.5136e-02
6883.6421 5.4572e-02
6885.7075 5.5944e-02
6887.7729 4.7153e-02
6889.8394 6.1737e-02
6891.9062 5.9549e-02
6893.9746 5.9525e-02
6896.0425 5.7441e-02
6898.1113 5.8103e-02
6900.1802 6.5544e-02
6902.2505 6.0514e-02
6904.3213 4.3715e-02
6906.3926 6.3122e-02
6908.4648 5.7420e-02
6910.5366 5.1063e-02
6912.6099 5.4859e-02
6914.6841 5.6682e-02
6916.7588 4.6338e-02
6918.8335 5.7867e-02
6920.9092 5.3637e-02
6922.9849 6.2088e-02
6925.0620 5.6618e-02
6927.1401 6.0162e-02
6929.2178 7.4519e-02
6931.2964 5.6419e-02
6933.3760 6.4282e-02
6935.4561 4.4833e-02
6937.5371 5.6585e-02
6939.6182 6.1326e-02
6941.7002 7.4988e-02
6943.7822 5.8275e-02
6945.8657 5.0613e-02
6947.9487 5.1209e-02
6950.0337 5.2805e-02
6952.1182 6.8633e-02
6954.2046 5.1924e-02
6956.2905 5.9243e-02
6958.3779 5.4921e-02
6960.4644 4.8689e-02
6962.5527 5.6112e-02
6964.6421 6.7722e-02
6966.7314 4.6071e-02
6968.8208 4.6136e-02
6970.9116 4.9154e-02
6973.0029 6.1592e-02
6975.0947 4.3815e-02
6977.1880 5.5820e-02
6979.2803 5.1455e-02
6981.3745 5.5448e-02
6983.4692 6.5182e-02
6985.5635 5.3124e-02
6987.6602 4.7697e-02
6989.7559 5.4985e-02
6991.8525 5.3195e-02
6993.9507 4.9244e-02
6996.0488 5.7415e-02
6998.1479 5.1208e-02
7000.2471 6.3337e-02
7002.3467 5.6366e-02
7004.4468 4.0064e-02
7006.5488 5.4056e-02
7008.6514 5.0177e-02
7010.7529 6.7869e-02
7012.8564 7.1086e-02
7014.9609 4.9320e-02
7017.0654 5.8089e-02
7019.1699 5.8579e-02
7021.2759 5.8474e-02
7023.3823 5.2697e-02
7025.4893 5.0336e-02
7027.5977 5.7475e-02
7029.7051 5.9936e-02
7031.8145 5.4761e-02
7033.9238 6.5285e-02
7036.0337 5.3459e-02
7038.1450 5.7633e-02
7040.2559 6.0313e-02
7042.3687 5.0177e-02
7044.4805 5.8741e-02
7046.5938 5.8429e-02
7048.7080 6.4818e-02
7050.8228 5.4550e-02
7052.9385 4.9747e-02
7055.0542 5.5954e-02
7057.1704 5.3379e-02
7059.2881 6.4973e-02
7061.4053 6.9032e-02
7063.5234 4.8457e-02
7065.6431 4.6232e-02
7067.7627 6.5633e-02
7069.8828 5.2340e-02
7072.0039 4.9094e-02
7074.1255 4.8948e-02
7076.2476 5.7254e-02
7078.3706 5.1165e-02
7080.4937 5.2300e-02
7082.6187 4.9753e-02
7084.7432 4.8100e-02
7086.8687 5.5272e-02
7088.9946 4.6148e-02
7091.1216 6.6138e-02
7093.2490 5.7079e-02
7095.3765 5.4165e-02
7097.5049 5.6278e-02
7099.6348 5.2412e-02
7101.7642 5.0599e-02
7103.8945 5.1513e-02
7106.0264 6.0569e-02
7108.1582 5.0635e-02
7110.2905 5.9246e-02
7112.4229 5.8790e-02
7114.5571 5.0537e-02
7116.6914 5.4105e-02
7118.8262 6.5198e-02
7120.9619 5.0422e-02
7123.0986 5.9842e-02
7125.2354 5.1624e-02
7127.3730 5.4053e-02
7129.5112 5.6321e-02
7131.6499 6.1262e-02
7133.7896 4.9525e-02
7135.9292 5.4312e-02
7138.0703 4.8602e-02
7140.2119 4.8495e-02
7142.3540 5.7585e-02
7144.4966 5.0905e-02
7146.6396 6.0057e-02
7148.7842 6.0130e-02
7150.9287 4.4591e-02
7153.0742 5.8758e-02
7155.2197 5.3514e-02
7157.3667 4.6808e-02
7159.5137 5.4231e-02
7161.6616 5.8573e-02
7163.8101 6.8758e-02
7165.9590 5.2794e-02
7168.1089 3.6934e-02
7170.2593 4.8828e-02
7172.4102 5.3206e-02
7174.5625 6.5711e-02
7176.7144 4.2414e-02
7178.8672 5.0667e-02
7181.0210 4.7176e-02
7183.1753 5.4059e-02
7185.3306 5.6293e-02
7187.4858 5.2623e-02
7189.6421 4.4766e-02
7191.7988 4.2775e-02
7193.9565 4.9251e-02
7196.1147 4.3717e-02
7198.2734 5.3215e-02
7200.4336 5.3243e-02
7202.5928 4.7905e-02
7204.7539 4.4776e-02
7206.9155 5.0571e-02
7209.0771 4.9370e-02
7211.2402 4.3792e-02
7213.4033 4.8803e-02
7215.5674 4.2034e-02
7217.7324 5.5283e-02
7219.8979 5.7037e-02
7222.0635 5.4990e-02
7224.2300 4.5927e-02
7226.3979 5.1300e-02
7228.5654 4.0315e-02
7230.7334 5.2600e-02
7232.9033 6.6019e-02
7235.0728 4.8674e-02
7237.2432 4.8023e-02
7239.4150 4.5187e-02
7241.5864 5.1470e-02
7243.7593 4.5219e-02
7245.9321 4.7478e-02
7248.1060 4.9600e-02
7250.2803 5.3016e-02
7252.4551 4.6855e-02
7254.6313 5.3522e-02
7256.8076 5.1155e-02
7258.9849 4.4544e-02
7261.1626 4.9035e-02
7263.3408 5.7854e-02
7265.5200 5.1105e-02
7267.6992 5.5843e-02
7269.8799 4.7661e-02
7272.0605 4.5310e-02
7274.2422 4.3186e-02
7276.4243 4.5252e-02
7278.6069 3.8012e-02
7280.7910 3.9400e-02
7282.9751 4.6521e-02
7285.1602 4.6839e-02
7287.3452 5.0165e-02
7289.5317 5.9437e-02
7291.7188 5.4828e-02
7293.9067 4.8168e-02
7296.0947 4.2771e-02
7298.2832 4.6980e-02
7300.4727 4.5913e-02
7302.6631 4.1344e-02
7304.8540 4.2105e-02
7307.0454 4.8695e-02
7309.2373 3.5189e-02
7311.4292 4.4351e-02
7313.6235 4.9579e-02
7315.8179 4.0205e-02
7318.0122 5.0393e-02
7320.2075 3.7378e-02
7322.4038 4.9010e-02
7324.6001 3.5497e-02
7326.7979 4.0537e-02
7328.9961 4.6672e-02
7331.1943 4.8659e-02
7333.3936 4.0677e-02
7335.5938 3.8149e-02
7337.7944 4.4146e-02
7339.9956 4.7691e-02
7342.1982 5.3400e-02
7344.4004 4.8701e-02
7346.6035 4.1840e-02
7348.8081 4.8433e-02
7351.0127 4.4807e-02
7353.2183 4.4197e-02
7355.4238 5.3165e-02
7357.6304 4.3872e-02
7359.8374 3.3185e-02
7362.0459 5.2012e-02
7364.2549 4.9884e-02
7366.4634 4.5582e-02
7368.6738 4.9010e-02
7370.8838 5.0936e-02
7373.0957 4.6841e-02
7375.3071 5.0004e-02
7377.5200 5.0183e-02
7379.7334 4.1618e-02
7381.9473 4.4001e-02
7384.1616 4.4975e-02
7386.3770 4.1276e-02
7388.5928 3.9030e-02
7390.8096 3.7026e-02
7393.0264 4.8035e-02
7395.2446 4.2614e-02
7397.4639 4.5315e-02
7399.6826 4.2936e-02
7401.9023 4.3350e-02
7404.1230 4.4097e-02
7406.3438 3.9547e-02
7408.5654 3.9649e-02
7410.7886 3.8709e-02
7413.0122 3.9860e-02
7415.2354 4.3797e-02
7417.4604 3.6491e-02
7419.6855 5.8089e-02
7421.9116 2.9477e-02
7424.1382 3.5018e-02
7426.3652 3.6070e-02
7428.5933 4.6950e-02
7430.8218 3.7185e-02
7433.0513 2.7227e-02
7435.2808 3.8708e-02
7437.5117 4.1216e-02
7439.7432 4.8409e-02
7441.9741 3.2087e-02
7444.2070 4.5339e-02
7446.4404 4.9881e-02
7448.6748 3.9329e-02
7450.9097 4.0060e-02
7453.1440 4.5562e-02
7455.3809 4.1596e-02
7457.6167 3.9472e-02
7459.8545 4.1127e-02
7462.0923 4.3751e-02
7464.3306 3.9963e-02
7466.5698 5.0288e-02
7468.8096 4.2232e-02
7471.0503 4.2561e-02
7473.2920 4.2726e-02
7475.5342 4.3763e-02
7477.7769 3.6705e-02
7480.0205 3.3431e-02
7482.2637 3.8834e-02
7484.5088 3.9825e-02
7486.7539 4.6154e-02
7489.0000 3.6425e-02
7491.2471 4.2367e-02
7493.4937 3.3959e-02
7495.7422 4.2171e-02
7497.9912 4.2706e-02
7500.2402 3.8270e-02
7502.4902 3.0921e-02
7504.7412 3.7376e-02
7506.9927 3.7326e-02
7509.2441 3.8737e-02
7511.4976 3.9981e-02
7513.7510 4.9659e-02
7516.0044 4.0009e-02
7518.2593 4.1324e-02
7520.5151 3.7643e-02
7522.7715 3.8027e-02
7525.0283 3.6364e-02
7527.2861 4.1176e-02
7529.5439 4.2637e-02
7531.8027 3.4187e-02
7534.0620 4.2071e-02
7536.3228 4.0850e-02
7538.5835 4.2330e-02
7540.8447 3.9610e-02
7543.1074 4.7116e-02
7545.3706 3.2161e-02
7547.6338 4.1975e-02
7549.8984 3.0459e-02
7552.1626 4.4545e-02
7554.4292 4.2891e-02
7556.6948 3.0587e-02
7558.9619 4.0105e-02
7561.2295 3.3897e-02
7563.4976 4.1946e-02
7565.7671 3.7045e-02
7568.0366 4.1744e-02
7570.3071 3.3041e-02
7572.5786 3.1893e-02
7574.8511 4.1592e-02
7577.1230 3.8585e-02
7579.3960 4.5098e-02
7581.6694 3.8237e-02
7583.9443 4.0695e-02
7586.2192 3.4227e-02
7588.4956 3.2752e-02
7590.7715 3.1727e-02
7593.0488 3.1683e-02
7595.3262 4.1189e-02
7597.6060 3.9177e-02
7599.8843 3.6409e-02
7602.1641 3.2217e-02
7604.4448 3.3786e-02
7606.7271 3.5237e-02
7609.0093 3.4907e-02
7611.2910 3.3157e-02
7613.5752 3.1603e-02
7615.8589 4.7168e-02
7618.1440 3.3274e-02
7620.4292 3.1343e-02
7622.7153 3.8561e-02
7625.0020 2.7265e-02
7627.2896 3.2144e-02
7629.5781 3.0147e-02
7631.8662 3.3332e-02
7634.1562 2.8726e-02
7636.4468 3.7101e-02
7638.7378 3.5804e-02
7641.0288 3.5819e-02
7643.3213 3.4687e-02
7645.6138 3.7193e-02
7647.9072 3.2006e-02
7650.2021 4.0440e-02
7652.4971 3.8868e-02
7654.7935 3.7855e-02
7657.0894 4.0357e-02
7659.3867 4.5960e-02
7661.6846 3.0651e-02
7663.9829 2.3070e-02
7666.2817 3.7320e-02
7668.5825 3.0236e-02
7670.8823 3.4411e-02
7673.1841 2.7015e-02
7675.4854 3.1993e-02
7677.7891 3.0603e-02
7680.0918 3.3490e-02
7682.3960 3.7676e-02
7684.7002 3.4393e-02
7687.0059 3.8374e-02
7689.3125 3.0767e-02
7691.6191 3.5202e-02
7693.9268 3.1746e-02
7696.2344 3.7403e-02
7698.5430 2.6559e-02
7700.8530 3.2828e-02
7703.1631 3.5295e-02
7705.4746 3.5829e-02
7707.7856 2.6687e-02
7710.0981 2.7305e-02
7712.4111 4.2078e-02
7714.7251 2.6994e-02
7717.0391 3.7545e-02
7719.3540 3.7623e-02
7721.6699 3.9628e-02
7723.9868 3.2776e-02
7726.3042 3.1778e-02
7728.6216 3.4618e-02
7730.9409 3.1866e-02
7733.2593 2.1761e-02
7735.5796 2.7918e-02
7737.9004 4.0150e-02
7740.2217 3.9436e-02
7742.5435 2.5013e-02
7744.8662 4.3836e-02
7747.1895 3.7155e-02
7749.5142 3.7445e-02
7751.8394 4.0542e-02
7754.1650 2.7310e-02
7756.4907 3.7926e-02
7758.8174 3.4229e-02
7761.1450 4.0246e-02
7763.4736 3.7724e-02
7765.8022 3.5598e-02
7768.1323 3.7691e-02
7770.4634 2.6480e-02
7772.7944 3.2855e-02
7775.1260 3.8403e-02
7777.4585 2.9611e-02
7779.7915 2.8311e-02
7782.1260 3.1369e-02
7784.4604 3.9270e-02
7786.7954 3.2290e-02
7789.1318 3.3244e-02
7791.4683 3.7094e-02
7793.8062 3.4133e-02
7796.1436 2.6378e-02
7798.4824 2.9091e-02
7800.8218 3.3244e-02
7803.1626 3.9248e-02
7805.5034 3.0301e-02
7807.8447 3.1591e-02
7810.1880 3.8226e-02
7812.5303 3.6390e-02
7814.8745 3.2508e-02
7817.2192 3.6191e-02
7819.5640 3.1020e-02
7821.9106 3.2596e-02
7824.2559 3.6694e-02
7826.6040 3.7354e-02
7828.9521 3.7939e-02
7831.3003 3.8693e-02
7833.6499 3.2492e-02
7835.9995 2.9606e-02
7838.3511 3.2961e-02
7840.7021 3.8220e-02
7843.0547 3.2848e-02
7845.4077 3.1979e-02
7847.7603 3.5313e-02
7850.1152 2.7432e-02
7852.4702 3.2359e-02
7854.8262 3.2526e-02
7857.1821 3.4909e-02
7859.5396 4.3238e-02
7861.8975 3.4629e-02
7864.2559 3.5360e-02
7866.6157 3.3794e-02
7868.9756 3.2469e-02
7871.3359 3.6968e-02
7873.6978 3.6976e-02
7876.0601 2.8029e-02
7878.4224 2.9854e-02
7880.7856 4.3522e-02
7883.1509 3.3162e-02
7885.5151 3.9154e-02
7887.8809 4.0711e-02
7890.2476 3.3426e-02
7892.6147 3.4391e-02
7894.9814 4.0107e-02
7897.3501 3.1649e-02
7899.7192 3.7021e-02
7902.0898 3.2326e-02
7904.4604 3.7192e-02
7906.8311 3.6215e-02
7909.2036 3.5217e-02
7911.5767 4.4180e-02
7913.9497 3.2501e-02
7916.3247 3.7752e-02
7918.6987 3.3834e-02
7921.0742 3.3631e-02
7923.4512 3.2957e-02
7925.8276 3.5216e-02
7928.2051 3.2977e-02
7930.5845 2.9503e-02
7932.9634 3.9528e-02
7935.3433 3.1589e-02
7937.7236 3.9648e-02
7940.1050 3.9574e-02
7942.4873 2.8640e-02
7944.8701 4.0218e-02
7947.2529 2.4601e-02
7949.6377 3.6447e-02
7952.0225 2.8856e-02
7954.4082 2.6306e-02
7956.7949 3.3857e-02
7959.1807 3.3698e-02
7961.5688 3.2645e-02
7963.9580 3.5894e-02
7966.3462 2.6378e-02
7968.7368 3.5026e-02
7971.1274 3.2422e-02
7973.5181 4.1856e-02
7975.9111 2.4135e-02
7978.3032 4.5760e-02
7980.6973 3.6448e-02
7983.0908 4.4117e-02
7985.4858 4.2089e-02
7987.8823 3.9705e-02
7990.2778 2.7923e-02
7992.6748 3.1160e-02
7995.0728 3.5315e-02
7997.4717 3.2506e-02
7999.8711 3.5257e-02
8002.2710 3.9304e-02
8004.6709 3.5772e-02
8007.0723 4.1431e-02
8009.4746 3.6152e-02
8011.8779 2.9570e-02
8014.2812 3.4365e-02
8016.6855 3.5431e-02
8019.0903 3.8581e-02
8021.4966 3.7944e-02
8023.9028 3.4912e-02
8026.3105 3.3140e-02
8028.7173 4.0307e-02
8031.1260 2.8796e-02
8033.5361 3.4903e-02
8035.9458 3.3691e-02
8038.3569 2.7967e-02
8040.7681 3.6961e-02
8043.1807 3.5130e-02
8045.5933 3.6912e-02
8048.0068 4.2638e-02
8050.4214 3.4860e-02
8052.8364 3.2135e-02
8055.2520 3.4389e-02
8057.6689 3.0596e-02
8060.0864 3.7806e-02
8062.5049 3.5028e-02
8064.9229 3.3901e-02
8067.3423 2.8517e-02
8069.7632 2.9771e-02
8072.1836 2.7007e-02
8074.6050 3.1306e-02
8077.0278 2.9825e-02
8079.4507 3.1868e-02
8081.8745 3.4574e-02
8084.2988 2.9867e-02
8086.7251 4.2334e-02
8089.1509 4.1953e-02
8091.5771 3.1758e-02
8094.0049 3.1474e-02
8096.4331 3.1427e-02
8098.8618 3.1034e-02
8101.2910 3.9550e-02
8103.7217 2.9606e-02
8106.1528 4.0610e-02
8108.5845 3.8749e-02
8111.0171 2.5600e-02
8113.4502 3.0954e-02
8115.8843 3.1581e-02
8118.3188 3.8443e-02
8120.7549 3.0570e-02
8123.1914 2.7463e-02
8125.6284 3.9011e-02
8128.0659 4.0349e-02
8130.5049 2.9784e-02
8132.9438 3.4556e-02
8135.3833 3.1995e-02
8137.8237 3.1947e-02
8140.2651 2.2638e-02
8142.7075 3.2113e-02
8145.1504 3.9292e-02
8147.5938 2.9540e-02
8150.0376 3.1683e-02
8152.4834 3.1286e-02
8154.9292 3.4585e-02
8157.3750 2.9948e-02
8159.8228 4.0301e-02
8162.2705 3.5449e-02
8164.7192 3.3960e-02
8167.1685 2.4899e-02
8169.6187 2.8668e-02
8172.0693 2.9461e-02
8174.5210 3.0528e-02
8176.9736 3.1220e-02
8179.4268 2.8856e-02
8181.8809 2.9857e-02
8184.3350 3.9711e-02
8186.7900 3.2961e-02
8189.2456 2.8786e-02
8191.7031 3.5457e-02
8194.1602 3.1313e-02
8196.6191 3.5098e-02
8199.0781 4.0767e-02
8201.5371 3.6080e-02
8203.9980 3.2066e-02
8206.4590 3.0397e-02
8208.9219 3.1991e-02
8211.3838 2.8739e-02
8213.8477 2.9873e-02
8216.3115 3.2656e-02
8218.7764 2.3051e-02
8221.2422 3.8173e-02
8223.7090 3.1562e-02
8226.1758 2.8109e-02
8228.6436 2.6606e-02
8231.1123 2.9311e-02
8233.5811 2.7655e-02
8236.0518 3.0989e-02
8238.5215 3.4164e-02
8240.9932 3.4283e-02
8243.4658 3.7265e-02
8245.9395 3.7400e-02
8248.4131 3.0609e-02
8250.8877 2.9401e-02
8253.3623 2.8833e-02
8255.8389 2.5927e-02
8258.3154 3.2359e-02
8260.7920 3.1575e-02
8263.2715 2.7275e-02
8265.7500 4.5672e-02
8268.2305 3.1655e-02
8270.7100 3.4519e-02
8273.1914 2.4122e-02
8275.6738 3.4441e-02
8278.1553 2.4063e-02
8280.6396 3.6077e-02
8283.1240 3.0181e-02
8285.6094 3.5151e-02
8288.0947 3.5590e-02
8290.5811 4.1726e-02
8293.0674 3.0855e-02
8295.5557 3.9001e-02
8298.0449 4.0402e-02
8300.5352 4.2245e-02
8303.0234 4.0190e-02
8305.5156 3.3261e-02
8308.0068 3.0665e-02
8310.5000 3.3474e-02
8312.9922 3.3372e-02
8315.4863 3.9297e-02
8317.9805 3.9403e-02
8320.4766 3.5818e-02
8322.9717 3.5582e-02
8325.4697 2.8359e-02
8327.9668 3.5562e-02
8330.4658 4.4425e-02
8332.9639 3.8688e-02
8335.4648 4.2291e-02
8337.9648 3.5690e-02
8340.4668 4.6053e-02
8342.9688 4.2115e-02
8345.4717 3.8062e-02
8347.9746 3.5388e-02
8350.4795 2.8361e-02
8352.9844 2.9047e-02
8355.4902 4.1719e-02
8357.9971 3.1678e-02
8360.5039 3.3843e-02
8363.0127 3.6836e-02
8365.5215 3.7266e-02
8368.0312 3.0192e-02
8370.5420 3.1346e-02
8373.0527 4.4508e-02
8375.5654 4.0781e-02
8378.0771 2.8639e-02
8380.5908 4.6528e-02
8383.1045 3.8579e-02
8385.6191 3.3894e-02
8388.1348 3.7128e-02
8390.6523 3.5059e-02
8393.1689 3.4871e-02
8395.6865 3.8675e-02
8398.2061 2.7212e-02
8400.7246 4.5959e-02
8403.2461 4.1329e-02
8405.7666 4.0944e-02
8408.2881 4.2748e-02
8410.8105 3.9691e-02
8413.3340 3.4045e-02
8415.8584 3.4969e-02
8418.3818 4.2372e-02
8420.9082 4.4587e-02
8423.4346 3.4909e-02
8425.9609 5.1266e-02
8428.4893 4.0811e-02
8431.0186 3.7211e-02
8433.5479 4.7306e-02
8436.0771 3.8983e-02
8438.6074 4.3602e-02
8441.1396 3.7586e-02
8443.6729 4.7515e-02
8446.2051 4.1426e-02
8448.7383 3.8638e-02
8451.2734 4.0044e-02
8453.8086 3.7953e-02
8456.3457 5.0786e-02
8458.8828 4.4567e-02
8461.4199 4.9545e-02
8463.9580 4.4670e-02
8466.4971 4.2285e-02
8469.0371 5.3247e-02
8471.5781 4.4796e-02
8474.1191 4.3822e-02
8476.6621 5.3080e-02
8479.2051 4.6804e-02
8481.7480 4.5417e-02
8484.2930 4.4833e-02
8486.8379 3.6969e-02
8489.3848 4.8144e-02
8491.9316 4.8503e-02
8494.4795 4.8604e-02
8497.0264 5.0282e-02
8499.5762 4.9257e-02
8502.1260 4.9793e-02
8504.6777 4.2106e-02
8507.2285 5.2203e-02
8509.7803 4.1467e-02
8512.3330 5.5783e-02
8514.8857 5.0538e-02
8517.4414 5.0019e-02
8519.9961 4.4921e-02
8522.5527 5.1114e-02
8525.1094 5.8365e-02
8527.6670 4.3435e-02
8530.2246 4.6538e-02
8532.7842 4.6007e-02
8535.3438 4.5002e-02
8537.9053 5.3022e-02
8540.4668 4.6138e-02
8543.0273 5.6212e-02
8545.5908 3.9201e-02
8548.1543 5.7949e-02
8550.7188 4.5812e-02
8553.2842 4.8628e-02
8555.8496 4.1385e-02
8558.4170 4.8791e-02
8560.9844 4.6430e-02
8563.5527 5.1404e-02
8566.1221 5.9849e-02
8568.6914 4.8960e-02
8571.2617 5.3073e-02
8573.8350 4.9369e-02
8576.4062 5.3206e-02
8578.9785 4.4480e-02
8581.5527 5.0718e-02
8584.1270 4.1568e-02
8586.7031 4.9238e-02
8589.2783 3.6825e-02
8591.8555 5.5446e-02
8594.4326 5.4402e-02
8597.0117 5.3817e-02
8599.5898 5.7828e-02
8602.1699 3.5366e-02
8604.7500 4.4554e-02
8607.3320 4.9676e-02
8609.9150 4.6153e-02
8612.4971 4.6778e-02
8615.0811 4.8412e-02
8617.6660 3.8646e-02
8620.2500 5.1672e-02
8622.8369 4.6637e-02
8625.4229 5.3295e-02
8628.0117 5.4293e-02
8630.6006 4.4693e-02
8633.1885 5.5815e-02
8635.7793 5.2302e-02
8638.3711 4.6450e-02
8640.9609 4.8935e-02
8643.5527 4.6044e-02
8646.1465 4.8223e-02
8648.7393 4.3296e-02
8651.3350 5.1093e-02
8653.9307 4.9537e-02
8656.5264 5.7547e-02
8659.1230 5.2463e-02
8661.7207 5.0671e-02
8664.3203 5.7735e-02
8666.9189 5.3453e-02
8669.5186 4.5273e-02
8672.1201 5.4730e-02
8674.7217 5.7436e-02
8677.3242 5.2655e-02
8679.9277 4.9991e-02
8682.5312 4.8869e-02
8685.1367 5.6919e-02
8687.7412 4.9718e-02
8690.3477 5.2382e-02
8692.9551 4.7261e-02
8695.5625 5.1364e-02
8698.1709 5.0258e-02
8700.7803 5.8666e-02
8703.3916 4.4758e-02
8706.0020 4.8867e-02
8708.6133 4.6655e-02
8711.2266 5.8048e-02
8713.8398 4.8680e-02
8716.4541 5.6425e-02
8719.0684 4.4998e-02
8721.6846 5.6315e-02
8724.3018 5.0505e-02
8726.9189 4.6159e-02
8729.5371 5.2315e-02
8732.1553 4.6814e-02
8734.7754 4.9887e-02
8737.3955 6.0159e-02
8740.0166 3.9822e-02
8742.6387 4.9769e-02
8745.2607 5.0721e-02
8747.8848 4.9318e-02
8750.5098 5.1230e-02
8753.1348 5.2167e-02
8755.7607 3.9653e-02
8758.3867 4.4706e-02
8761.0146 5.8851e-02
8763.6436 5.0494e-02
8766.2715 5.2777e-02
8768.9023 5.0545e-02
8771.5322 5.0089e-02
8774.1641 4.3647e-02
8776.7959 5.0744e-02
8779.4287 4.5893e-02
8782.0635 5.3266e-02
8784.6982 4.9678e-02
8787.3330 5.0210e-02
8789.9697 5.2569e-02
8792.6074 4.7407e-02
8795.2451 4.1548e-02
8797.8838 4.3664e-02
8800.5234 4.9043e-02
8803.1621 4.1664e-02
8805.8027 4.4789e-02
8808.4453 4.8506e-02
8811.0879 4.7131e-02
8813.7314 4.6450e-02
8816.3750 4.4934e-02
8819.0205 3.8430e-02
8821.6660 4.3936e-02
8824.3125 4.7324e-02
8826.9590 4.0315e-02
8829.6084 4.8863e-02
8832.2568 5.2384e-02
8834.9062 4.3863e-02
8837.5557 4.8509e-02
8840.2080 5.4310e-02
8842.8594 4.8218e-02
8845.5127 4.6080e-02
8848.1670 4.4631e-02
8850.8213 4.0963e-02
8853.4766 4.1763e-02
8856.1328 4.6302e-02
8858.7881 3.7887e-02
8861.4463 4.4850e-02
8864.1045 4.7240e-02
8866.7646 4.8668e-02
8869.4238 5.0975e-02
8872.0850 4.1298e-02
8874.7471 4.3239e-02
8877.4092 4.9452e-02
8880.0732 3.9735e-02
8882.7373 4.9946e-02
8885.4014 4.1904e-02
8888.0674 4.5064e-02
8890.7334 4.0928e-02
8893.4004 4.7413e-02
8896.0684 4.3556e-02
8898.7373 4.1670e-02
8901.4072 4.2754e-02
8904.0771 3.8536e-02
8906.7480 4.5802e-02
8909.4199 3.2421e-02
8912.0938 4.3956e-02
8914.7676 4.2235e-02
8917.4414 4.2817e-02
8920.1172 3.5591e-02
8922.7930 4.5132e-02
8925.4697 3.7155e-02
8928.1475 3.5681e-02
8930.8262 3.7012e-02
8933.5049 4.5692e-02
8936.1855 3.0831e-02
8938.8652 4.9755e-02
8941.5469 4.6856e-02
8944.2295 4.5590e-02
8946.9141 3.2275e-02
8949.5977 4.2443e-02
8952.2822 3.5599e-02
8954.9678 3.9176e-02
8957.6553 3.7911e-02
8960.3418 3.4314e-02
8963.0293 3.6096e-02
8965.7178 3.8338e-02
8968.4082 3.9178e-02
8971.0986 4.8925e-02
8973.7910 3.8593e-02
8976.4824 4.1473e-02
8979.1748 3.9682e-02
8981.8691 3.8724e-02
8984.5635 4.4562e-02
8987.2588 4.2619e-02
8989.9551 3.7796e-02
8992.6523 3.6285e-02
8995.3506 2.9990e-02
8998.0488 4.0235e-02
9000.7480 2.8361e-02
9003.4482 4.3701e-02
9006.1494 4.1639e-02
9008.8516 3.5333e-02
9011.5537 3.5536e-02
9014.2578 4.2721e-02
9016.9609 3.9818e-02
9019.6660 3.4126e-02
9022.3721 4.4655e-02
9025.0791 3.0010e-02
9027.7871 3.9678e-02
9030.4951 3.3802e-02
9033.2051 3.7926e-02
9035.9150 3.5476e-02
9038.6260 3.4961e-02
9041.3369 3.2432e-02
9044.0498 2.8115e-02
9046.7627 3.1060e-02
9049.4766 4.2620e-02
9052.1914 3.6699e-02
9054.9072 3.3480e-02
9057.6240 3.5165e-02
9060.3398 3.3356e-02
9063.0586 3.4287e-02
9065.7773 2.7878e-02
9068.4971 3.7513e-02
9071.2168 3.7200e-02
9073.9395 3.5024e-02
9076.6611 3.1909e-02
9079.3848 3.3617e-02
9082.1074 3.4415e-02
9084.8330 3.4180e-02
9087.5576 3.9368e-02
9090.2832 4.4456e-02
9093.0117 3.2919e-02
9095.7393 3.1262e-02
9098.4688 3.5126e-02
9101.1973 3.4034e-02
9103.9287 3.1059e-02
9106.6592 3.2435e-02
9109.3906 3.6951e-02
9112.1250 4.3396e-02
9114.8584 2.8500e-02
9117.5928 3.7495e-02
9120.3271 3.4799e-02
9123.0635 3.0756e-02
9125.8008 3.2262e-02
9128.5391 3.1235e-02
9131.2764 3.2765e-02
9134.0156 2.8127e-02
9136.7568 2.6988e-02
9139.4980 3.2291e-02
9142.2383 2.3961e-02
9144.9814 3.7193e-02
9147.7266 2.3134e-02
9150.4707 2.5702e-02
9153.2158 3.1063e-02
9155.9609 3.1047e-02
9158.7070 3.8414e-02
9161.4551 2.9657e-02
9164.2041 3.0309e-02
9166.9531 2.5819e-02
9169.7031 2.6067e-02
9172.4541 3.3538e-02
9175.2051 2.9639e-02
9177.9580 3.9618e-02
9180.7109 2.3739e-02
9183.4668 2.7553e-02
9186.2207 3.0217e-02
9188.9766 2.3507e-02
9191.7334 2.8730e-02
9194.4912 2.9159e-02
9197.2490 2.4569e-02
9200.0088 2.7841e-02
9202.7686 2.2435e-02
9205.5293 2.7285e-02
9208.2920 2.1265e-02
9211.0527 2.4002e-02
9213.8164 2.6554e-02
9216.5811 2.6888e-02
9219.3467 2.7824e-02
9222.1113 3.5081e-02
9224.8789 2.7236e-02
9227.6455 2.7684e-02
9230.4141 2.3084e-02
9233.1836 1.8738e-02
9235.9531 2.6639e-02
9238.7246 2.6778e-02
9241.4951 3.4182e-02
9244.2686 2.6728e-02
9247.0410 2.9825e-02
9249.8154 2.9258e-02
9252.5908 2.5608e-02
9255.3652 2.5298e-02
9258.1426 2.7904e-02
9260.9209 3.4985e-02
9263.6992 2.1013e-02
9266.4775 2.6339e-02
9269.2568 2.8201e-02
9272.0381 3.0208e-02
9274.8203 2.4674e-02
9277.6025 2.8497e-02
9280.3857 2.5504e-02
9283.1709 2.3389e-02
9285.9541 2.6493e-02
9288.7402 2.2407e-02
9291.5264 2.3902e-02
9294.3135 2.2940e-02
9297.1025 2.2753e-02
9299.8926 2.1448e-02
9302.6816 2.5431e-02
9305.4727 1.8747e-02
9308.2646 3.0175e-02
9311.0566 1.9029e-02
9313.8506 3.2122e-02
9316.6436 2.8098e-02
9319.4395 2.5535e-02
9322.2354 2.0114e-02
9325.0322 2.1736e-02
9327.8291 2.7535e-02
9330.6279 2.9451e-02
9333.4277 1.5334e-02
9336.2266 2.6130e-02
9339.0283 2.4327e-02
9341.8291 2.8156e-02
9344.6318 3.0109e-02
9347.4355 2.1554e-02
9350.2402 2.4398e-02
9353.0449 2.6846e-02
9355.8516 2.5777e-02
9358.6572 2.4685e-02
9361.4658 2.3398e-02
9364.2734 2.3019e-02
9367.0830 2.5340e-02
9369.8936 2.4662e-02
9372.7041 2.3334e-02
9375.5156 2.6231e-02
9378.3291 3.0458e-02
9381.1416 2.4304e-02
9383.9561 1.8534e-02
9386.7715 2.6021e-02
9389.5879 2.2748e-02
9392.4043 2.3945e-02
9395.2217 2.0566e-02
9398.0400 2.4637e-02
9400.8594 2.2301e-02
9403.6807 2.0632e-02
9406.5020 2.3419e-02
9409.3242 2.2435e-02
9412.1465 2.3886e-02
9414.9707 2.1684e-02
9417.7939 1.3956e-02
9420.6201 2.5907e-02
9423.4453 2.2033e-02
9426.2725 2.6987e-02
9429.1006 1.8659e-02
9431.9287 1.9728e-02
9434.7588 2.0744e-02
9437.5898 2.3787e-02
9440.4209 2.0581e-02
9443.2529 2.6562e-02
9446.0859 2.5851e-02
9448.9199 2.0161e-02
9451.7549 1.8481e-02
9454.5889 2.4935e-02
9457.4268 2.0261e-02
9460.2637 2.0331e-02
9463.1016 2.5958e-02
9465.9414 2.1928e-02
9468.7803 3.1082e-02
9471.6211 1.2914e-02
9474.4629 2.3333e-02
9477.3047 2.0372e-02
9480.1484 1.8589e-02
9482.9922 2.0455e-02
9485.8369 2.4389e-02
9488.6836 1.8481e-02
9491.5303 2.0212e-02
9494.3760 1.6073e-02
9497.2256 2.1313e-02
9500.0742 1.9805e-02
9502.9238 1.6644e-02
9505.7754 2.1574e-02
9508.6270 1.2851e-02
9511.4805 2.4517e-02
9514.3320 1.4605e-02
9517.1875 2.2174e-02
9520.0420 2.0319e-02
9522.8984 2.5255e-02
9525.7559 1.6261e-02
9528.6133 1.6613e-02
9531.4717 2.2802e-02
9534.3311 2.1548e-02
9537.1914 1.7689e-02
9540.0518 1.7338e-02
9542.9150 1.7382e-02
9545.7773 2.1003e-02
9548.6416 1.7346e-02
9551.5059 1.8711e-02
9554.3711 1.3801e-02
9557.2373 1.6492e-02
9560.1045 2.2935e-02
9562.9727 1.7163e-02
9565.8418 1.3457e-02
9568.7109 1.7426e-02
9571.5820 1.5604e-02
9574.4531 1.3969e-02
9577.3252 1.4501e-02
9580.1992 1.4201e-02
9583.0723 1.7294e-02
9585.9473 1.4819e-02
9588.8242 2.0590e-02
9591.7002 1.9096e-02
9594.5781 1.9801e-02
9597.4561 1.4346e-02
9600.3350 1.7369e-02
9603.2158 1.7305e-02
9606.0957 1.3818e-02
9608.9775 1.6604e-02
9611.8613 1.7155e-02
9614.7441 1.8726e-02
9617.6279 1.4252e-02
9620.5137 1.3928e-02
9623.4014 1.7502e-02
9626.2881 1.2692e-02
9629.1748 1.8364e-02
9632.0645 1.5538e-02
9634.9541 1.8169e-02
9637.8438 1.8280e-02
9640.7363 1.4800e-02
9643.6270 1.7099e-02
9646.5215 1.0881e-02
9649.4141 1.6794e-02
9652.3086 1.6975e-02
9655.2051 1.3076e-02
9658.1016 1.2778e-02
9660.9990 1.5635e-02
9663.8975 1.7352e-02
9666.7969 1.7291e-02
9669.6973 1.4005e-02
9672.5967 1.6197e-02
9675.5000 1.5076e-02
9678.4023 1.2456e-02
9681.3057 1.1624e-02
9684.2109 1.4198e-02
9687.1152 1.8786e-02
9690.0215 2.0838e-02
9692.9287 1.3044e-02
9695.8369 1.6757e-02
9698.7441 1.1231e-02
9701.6553 1.7716e-02
9704.5645 8.5090e-03
9707.4775 1.0919e-02
9710.3887 1.9575e-02
9713.3008 1.0739e-02
9716.2158 1.7090e-02
9719.1299 1.1091e-02
9722.0459 1.1606e-02
9724.9629 1.6121e-02
9727.8809 1.5941e-02
9730.7988 1.2684e-02
9733.7178 1.9214e-02
9736.6387 1.4431e-02
9739.5586 7.4892e-03
9742.4805 9.8087e-03
9745.4033 1.4493e-02
9748.3281 1.8491e-02
9751.2520 1.3298e-02
9754.1777 1.1453e-02
9757.1035 9.2377e-03
9760.0303 8.7766e-03
9762.9590 1.4425e-02
9765.8877 1.1519e-02
9768.8174 1.0624e-02
9771.7480 1.2319e-02
9774.6797 1.3388e-02
9777.6113 1.7550e-02
9780.5459 1.3973e-02
9783.4795 1.4712e-02
9786.4141 1.3226e-02
9789.3496 1.4149e-02
9792.2871 1.2647e-02
9795.2256 1.1332e-02
9798.1641 1.5744e-02
9801.1035 1.3458e-02
9804.0430 1.2456e-02
9806.9844 1.3722e-02
9809.9268 1.2325e-02
9812.8691 1.0229e-02
9815.8125 1.3193e-02
9818.7578 1.2368e-02
9821.7041 1.0765e-02
9824.6494 1.3471e-02
9827.5967 1.5877e-02
9830.5469 1.7971e-02
9833.4951 1.1256e-02
9836.4453 1.3914e-02
9839.3965 1.6867e-02
9842.3486 1.7127e-02
9845.2998 1.5015e-02
9848.2549 8.9788e-03
9851.2080 7.1987e-03
9854.1641 1.2393e-02
9857.1201 1.0641e-02
9860.0771 1.0248e-02
9863.0361 1.4490e-02
9865.9941 1.1678e-02
9868.9541 1.2181e-02
9871.9150 8.9994e-03
9874.8760 1.2341e-02
9877.8389 1.2033e-02
9880.8018 1.0128e-02
9883.7666 1.6252e-02
9886.7324 1.2437e-02
9889.6982 1.2444e-02
9892.6641 1.3112e-02
9895.6338 1.3328e-02
9898.6016 1.1739e-02
9901.5713 9.4763e-03
9904.5420 9.4579e-03
9907.5127 1.1685e-02
9910.4854 1.4738e-02
9913.4590 7.2930e-03
9916.4326 9.6146e-03
9919.4072 1.4466e-02
9922.3828 1.3083e-02
9925.3584 1.6272e-02
9928.3379 1.3075e-02
9931.3164 9.8369e-03
9934.2949 1.2642e-02
9937.2754 9.5023e-03
9940.2568 1.0432e-02
9943.2383 8.6167e-03
9946.2207 9.6541e-03
9949.2061 1.1266e-02
9952.1904 1.0544e-02
9955.1758 7.7931e-03
9958.1631 9.4235e-03
9961.1494 9.3905e-03
9964.1387 9.4751e-03
9967.1279 1.1065e-02
9970.1182 1.0678e-02
9973.1084 1.2011e-02
9976.1006 8.6883e-03
9979.0928 1.1232e-02
9982.0859 9.0125e-03
9985.0820 1.5271e-02
9988.0771 1.2549e-02
9991.0732 1.2166e-02
9994.0713 9.2345e-03
9997.0693 1.3615e-02
10000.0684 1.3933e-02
10003.0674 1.4118e-02
10006.0684 1.1227e-02
10009.0713 8.5297e-03
10012.0742 1.5705e-02
10015.0771 1.0639e-02
10018.0820 9.6866e-03
10021.0879 1.2489e-02
10024.0938 1.0912e-02
10027.1006 1.2338e-02
10030.1084 1.3729e-02
10033.1172 1.1335e-02
10036.1270 8.9587e-03
10039.1387 8.7608e-03
10042.1504 1.1551e-02
10045.1631 7.9705e-03
10048.1768 1.2371e-02
10051.1924 6.7797e-03
10054.2061 1.1310e-02
10057.2227 1.0569e-02
10060.2402 7.8034e-03
10063.2578 1.0931e-02
10066.2773 1.0651e-02
10069.2969 8.3012e-03
10072.3174 9.3809e-03
10075.3379 1.3243e-02
10078.3623 7.6698e-03
10081.3848 7.4885e-03
10084.4102 4.8075e-03
10087.4346 7.3703e-03
10090.4619 7.1197e-03
10093.4883 1.5073e-02
10096.5166 1.2565e-02
10099.5459 1.2178e-02
10102.5742 1.1441e-02
10105.6055 9.9405e-03
10108.6367 1.2373e-02
10111.6709 2.7902e-03
10114.7041 9.3718e-03
10117.7383 9.3485e-03
10120.7734 1.1860e-02
10123.8105 1.0946e-02
10126.8477 1.1759e-02
10129.8857 9.9658e-03
10132.9248 8.5664e-03
10135.9648 1.3179e-02
10139.0049 1.4457e-02
10142.0479 1.3899e-02
10145.0879 6.7971e-03
10148.1318 9.3230e-03
10151.1768 8.1873e-03
10154.2227 9.0143e-03
10157.2686 9.8118e-03
10160.3154 8.5594e-03
10163.3643 9.5136e-03
10166.4121 6.3672e-03
10169.4629 1.1249e-02
10172.5137 1.1546e-02
10175.5654 6.7415e-03
10178.6191 8.7770e-03
10181.6719 6.9495e-03
10184.7256 8.9991e-03
10187.7822 7.8348e-03
10190.8379 6.9251e-03
10193.8945 7.0518e-03
10196.9541 7.8496e-03
10200.0127 9.1268e-03
10203.0723 5.8319e-03
10206.1328 9.7315e-03
10209.1953 9.3681e-03
10212.2578 1.1239e-02
10215.3223 7.0336e-03
10218.3867 6.9640e-03
10221.4521 1.2062e-02
10224.5186 7.9379e-03
10227.5850 1.3022e-02
10230.6543 7.3167e-03
10233.7246 1.0969e-02
10236.7930 9.4316e-03
10239.8643 8.5534e-03
10242.9355 1.0963e-02
10246.0098 1.3191e-02
10249.0830 7.0228e-03
10252.1572 7.9143e-03
10255.2334 8.9916e-03
10258.3096 7.3346e-03
10261.3877 1.1332e-02
10264.4648 1.3166e-02
10267.5449 1.0419e-02
10270.6250 9.7379e-03
