# time_explosion = 15.75
# 
3082.8928 1.2072e-01
3083.8179 1.2832e-01
3084.7432 9.8051e-02
3085.6685 7.9614e-02
3086.5940 1.1174e-01
3087.5200 9.9183e-02
3088.4463 1.1457e-01
3089.3728 1.0599e-01
3090.2996 1.1682e-01
3091.2268 1.1165e-01
3092.1541 8.6005e-02
3093.0815 1.1550e-01
3094.0098 1.3165e-01
3094.9380 9.6260e-02
3095.8665 1.1233e-01
3096.7952 1.1575e-01
3097.7241 1.1462e-01
3098.6536 9.6201e-02
3099.5828 8.3241e-02
3100.5129 1.0137e-01
3101.4431 8.0937e-02
3102.3735 8.8608e-02
3103.3042 1.2465e-01
3104.2354 7.5179e-02
3105.1665 1.0189e-01
3106.0981 1.0224e-01
3107.0300 1.0140e-01
3107.9619 9.0190e-02
3108.8943 9.4658e-02
3109.8269 8.6835e-02
3110.7600 8.2418e-02
3111.6929 8.9752e-02
3112.6265 8.4622e-02
3113.5605 7.2181e-02
3114.4944 8.3626e-02
3115.4290 8.2991e-02
3116.3635 9.4980e-02
3117.2986 9.2281e-02
3118.2336 6.5873e-02
3119.1689 8.9520e-02
3120.1047 8.0407e-02
3121.0410 9.7486e-02
3121.9773 8.6940e-02
3122.9136 8.9229e-02
3123.8508 8.9545e-02
3124.7878 8.2042e-02
3125.7251 8.2034e-02
3126.6628 7.7626e-02
3127.6008 9.2938e-02
3128.5393 9.3433e-02
3129.4778 9.6100e-02
3130.4170 8.5025e-02
3131.3557 7.4563e-02
3132.2954 7.8148e-02
3133.2349 6.8728e-02
3134.1748 7.1173e-02
3135.1150 8.1104e-02
3136.0559 5.8985e-02
3136.9968 7.7785e-02
3137.9377 8.0562e-02
3138.8789 6.1273e-02
3139.8206 7.7103e-02
3140.7625 8.3507e-02
3141.7046 7.3437e-02
3142.6472 6.8356e-02
3143.5901 6.3730e-02
3144.5334 5.2744e-02
3145.4766 7.0544e-02
3146.4202 6.3174e-02
3147.3643 6.6667e-02
3148.3086 6.8768e-02
3149.2529 7.0326e-02
3150.1975 7.4812e-02
3151.1426 8.2114e-02
3152.0881 7.7722e-02
3153.0337 8.8642e-02
3153.9795 7.9644e-02
3154.9255 9.9260e-02
3155.8723 8.9166e-02
3156.8188 7.9991e-02
3157.7661 6.7856e-02
3158.7134 6.6996e-02
3159.6609 9.0292e-02
3160.6086 6.8310e-02
3161.5571 7.3086e-02
3162.5054 5.7416e-02
3163.4541 8.4530e-02
3164.4031 7.6317e-02
3165.3528 9.6900e-02
3166.3022 8.5158e-02
3167.2522 1.0098e-01
3168.2024 7.5028e-02
3169.1526 9.1169e-02
3170.1035 7.7010e-02
3171.0544 7.1704e-02
3172.0061 7.9034e-02
3172.9573 8.8758e-02
3173.9092 8.4488e-02
3174.8613 9.6311e-02
3175.8140 7.4679e-02
3176.7668 8.3596e-02
3177.7197 8.0182e-02
3178.6729 1.0256e-01
3179.6267 8.1706e-02
3180.5808 8.4609e-02
3181.5347 7.6642e-02
3182.4893 7.3414e-02
3183.4438 9.5824e-02
3184.3987 1.0410e-01
3185.3542 6.4032e-02
3186.3101 9.6149e-02
3187.2659 8.8466e-02
3188.2217 8.1647e-02
3189.1785 1.0101e-01
3190.1350 7.7838e-02
3191.0920 7.0154e-02
3192.0493 7.9655e-02
3193.0071 9.3438e-02
3193.9651 8.2789e-02
3194.9233 8.4781e-02
3195.8818 8.5425e-02
3196.8408 9.3368e-02
3197.7996 7.3532e-02
3198.7590 9.3998e-02
3199.7185 8.4010e-02
3200.6782 7.8599e-02
3201.6387 8.2025e-02
3202.5991 8.5132e-02
3203.5598 9.2862e-02
3204.5208 7.2628e-02
3205.4824 7.2990e-02
3206.4441 8.6880e-02
3207.4058 7.5757e-02
3208.3682 8.3529e-02
3209.3306 9.2666e-02
3210.2935 6.7080e-02
3211.2563 7.9591e-02
3212.2200 7.7935e-02
3213.1833 8.9909e-02
3214.1472 9.7194e-02
3215.1118 7.9938e-02
3216.0764 9.8130e-02
3217.0413 9.1550e-02
3218.0061 9.8844e-02
3218.9714 9.6990e-02
3219.9373 1.0035e-01
3220.9031 8.3527e-02
3221.8699 9.6683e-02
3222.8362 7.9677e-02
3223.8030 9.0154e-02
3224.7700 8.6805e-02
3225.7375 7.4922e-02
3226.7053 9.4564e-02
3227.6731 7.8932e-02
3228.6416 1.0241e-01
3229.6101 7.0840e-02
3230.5791 7.6276e-02
3231.5483 8.0628e-02
3232.5178 8.5267e-02
3233.4875 9.0889e-02
3234.4575 1.0150e-01
3235.4280 8.7552e-02
3236.3984 7.9533e-02
3237.3691 7.3348e-02
3238.3403 1.0100e-01
3239.3120 8.0576e-02
3240.2839 7.7953e-02
3241.2559 7.8324e-02
3242.2285 7.4210e-02
3243.2012 8.8445e-02
3244.1743 7.7598e-02
3245.1472 9.8489e-02
3246.1208 9.0808e-02
3247.0947 7.4373e-02
3248.0688 7.3620e-02
3249.0432 9.3937e-02
3250.0178 8.9322e-02
3250.9929 7.8677e-02
3251.9680 7.9366e-02
3252.9438 7.2023e-02
3253.9194 9.3546e-02
3254.8958 7.9530e-02
3255.8723 8.4193e-02
3256.8489 8.8870e-02
3257.8262 7.8408e-02
3258.8035 7.6603e-02
3259.7810 9.3772e-02
3260.7593 9.7919e-02
3261.7373 9.5440e-02
3262.7158 7.3052e-02
3263.6946 8.3915e-02
3264.6736 1.1011e-01
3265.6531 9.2100e-02
3266.6331 7.6426e-02
3267.6130 9.3831e-02
3268.5930 8.7805e-02
3269.5735 1.0385e-01
3270.5544 8.6440e-02
3271.5356 9.2700e-02
3272.5171 1.0519e-01
3273.4990 8.8451e-02
3274.4812 7.6198e-02
3275.4634 1.1726e-01
3276.4458 9.7380e-02
3277.4287 9.3963e-02
3278.4124 9.9177e-02
3279.3958 9.9919e-02
3280.3794 1.0697e-01
3281.3635 9.8688e-02
3282.3479 8.9304e-02
3283.3325 1.0332e-01
3284.3179 1.2184e-01
3285.3030 1.0703e-01
3286.2888 1.0528e-01
3287.2744 9.7572e-02
3288.2605 1.3083e-01
3289.2471 1.0275e-01
3290.2339 7.9332e-02
3291.2212 1.0496e-01
3292.2083 1.1631e-01
3293.1958 1.2436e-01
3294.1838 1.0536e-01
3295.1724 7.9226e-02
3296.1609 1.0703e-01
3297.1497 1.1932e-01
3298.1387 1.0945e-01
3299.1282 1.3943e-01
3300.1177 1.3338e-01
3301.1079 1.3422e-01
3302.0984 9.5532e-02
3303.0889 1.2182e-01
3304.0798 1.0823e-01
3305.0713 1.0784e-01
3306.0627 1.3378e-01
3307.0544 1.4160e-01
3308.0466 1.3701e-01
3309.0391 1.3729e-01
3310.0317 1.7425e-01
3311.0247 1.3906e-01
3312.0178 1.5414e-01
3313.0117 1.4342e-01
3314.0054 1.3651e-01
3315.0000 1.2344e-01
3315.9941 1.2682e-01
3316.9890 1.7988e-01
3317.9839 1.3313e-01
3318.9795 1.1532e-01
3319.9751 1.5587e-01
3320.9712 1.4024e-01
3321.9678 1.2730e-01
3322.9639 1.4447e-01
3323.9607 1.3126e-01
3324.9580 1.3402e-01
3325.9558 1.3680e-01
3326.9536 1.1888e-01
3327.9514 1.8480e-01
3328.9497 1.1672e-01
3329.9482 1.5754e-01
3330.9475 1.3904e-01
3331.9468 1.4980e-01
3332.9463 1.5647e-01
3333.9463 1.6679e-01
3334.9463 1.6160e-01
3335.9473 1.1794e-01
3336.9478 1.5163e-01
3337.9487 1.5003e-01
3338.9502 1.5126e-01
3339.9517 1.5346e-01
3340.9536 1.2773e-01
3341.9561 1.5006e-01
3342.9587 1.5672e-01
3343.9614 1.9088e-01
3344.9651 1.7980e-01
3345.9685 1.7267e-01
3346.9722 1.7545e-01
3347.9763 1.4964e-01
3348.9805 1.7482e-01
3349.9854 1.7594e-01
3350.9902 1.2305e-01
3351.9956 1.7250e-01
3353.0010 1.5806e-01
3354.0073 1.5366e-01
3355.0129 1.8388e-01
3356.0198 1.5503e-01
3357.0264 1.6061e-01
3358.0334 1.6730e-01
3359.0410 1.8225e-01
3360.0488 1.6981e-01
3361.0569 1.8449e-01
3362.0654 1.6136e-01
3363.0740 1.9483e-01
3364.0828 1.8273e-01
3365.0918 1.4609e-01
3366.1013 1.7218e-01
3367.1113 1.9139e-01
3368.1213 1.7498e-01
3369.1318 2.0157e-01
3370.1426 1.6978e-01
3371.1536 1.8769e-01
3372.1650 1.8469e-01
3373.1768 1.9961e-01
3374.1885 1.8778e-01
3375.2004 1.8205e-01
3376.2134 1.5723e-01
3377.2261 2.0619e-01
3378.2395 1.8726e-01
3379.2529 2.2745e-01
3380.2664 1.9689e-01
3381.2805 2.0550e-01
3382.2952 2.0474e-01
3383.3098 1.9279e-01
3384.3250 2.2280e-01
3385.3401 1.8380e-01
3386.3557 1.8080e-01
3387.3716 2.0185e-01
3388.3879 1.9829e-01
3389.4045 1.6237e-01
3390.4211 2.3637e-01
3391.4385 2.0443e-01
3392.4558 2.4509e-01
3393.4736 1.7485e-01
3394.4915 2.1874e-01
3395.5100 1.9187e-01
3396.5286 2.1755e-01
3397.5474 1.9058e-01
3398.5667 2.2609e-01
3399.5862 2.2381e-01
3400.6062 1.9991e-01
3401.6262 2.1069e-01
3402.6467 1.8964e-01
3403.6677 2.1198e-01
3404.6887 2.0066e-01
3405.7100 2.1358e-01
3406.7319 2.0129e-01
3407.7539 2.3106e-01
3408.7764 2.1344e-01
3409.7988 2.0811e-01
3410.8218 2.0754e-01
3411.8450 2.1102e-01
3412.8687 2.0739e-01
3413.8923 1.9108e-01
3414.9167 2.1825e-01
3415.9412 2.4406e-01
3416.9658 2.1726e-01
3417.9907 2.5491e-01
3419.0164 2.3432e-01
3420.0420 2.2936e-01
3421.0681 2.3614e-01
3422.0945 2.2928e-01
3423.1208 2.0186e-01
3424.1479 2.3139e-01
3425.1753 2.3022e-01
3426.2029 2.4143e-01
3427.2307 2.3033e-01
3428.2588 2.5429e-01
3429.2871 2.1740e-01
3430.3159 2.0858e-01
3431.3452 2.4320e-01
3432.3748 2.4831e-01
3433.4041 2.3774e-01
3434.4346 2.4222e-01
3435.4646 2.4098e-01
3436.4954 2.0329e-01
3437.5261 2.1741e-01
3438.5579 2.9433e-01
3439.5894 2.1736e-01
3440.6208 2.1270e-01
3441.6531 2.2059e-01
3442.6855 2.2854e-01
3443.7183 2.4052e-01
3444.7515 2.2370e-01
3445.7852 2.3735e-01
3446.8186 2.3429e-01
3447.8525 2.1970e-01
3448.8872 2.3787e-01
3449.9216 2.3512e-01
3450.9568 2.0702e-01
3451.9919 1.9593e-01
3453.0276 1.8600e-01
3454.0637 2.1712e-01
3455.0999 1.8441e-01
3456.1362 2.1313e-01
3457.1731 1.9725e-01
3458.2102 2.2509e-01
3459.2476 1.9107e-01
3460.2856 2.3865e-01
3461.3235 2.1939e-01
3462.3621 2.0302e-01
3463.4004 1.9640e-01
3464.4399 2.2725e-01
3465.4790 2.1660e-01
3466.5188 1.9876e-01
3467.5586 1.9095e-01
3468.5989 2.3935e-01
3469.6394 2.0500e-01
3470.6804 2.1194e-01
3471.7217 2.1120e-01
3472.7629 2.3364e-01
3473.8049 2.2935e-01
3474.8469 2.3457e-01
3475.8894 1.9442e-01
3476.9321 2.5146e-01
3477.9751 2.0348e-01
3479.0188 2.3032e-01
3480.0625 2.1591e-01
3481.1064 2.4825e-01
3482.1509 2.2345e-01
3483.1956 2.7230e-01
3484.2407 1.9891e-01
3485.2856 2.6553e-01
3486.3313 2.1760e-01
3487.3772 2.4591e-01
3488.4233 2.2645e-01
3489.4697 2.4126e-01
3490.5168 2.5265e-01
3491.5640 2.3198e-01
3492.6116 2.2730e-01
3493.6592 2.3990e-01
3494.7073 2.1068e-01
3495.7556 2.4297e-01
3496.8044 1.9959e-01
3497.8535 1.9229e-01
3498.9026 2.1112e-01
3499.9526 2.4102e-01
3501.0024 2.2567e-01
3502.0527 2.1727e-01
3503.1033 2.4003e-01
3504.1543 2.2419e-01
3505.2058 2.3871e-01
3506.2571 2.4271e-01
3507.3088 2.0904e-01
3508.3613 2.1770e-01
3509.4136 2.1800e-01
3510.4663 1.8159e-01
3511.5193 2.2037e-01
3512.5730 1.9610e-01
3513.6270 2.4316e-01
3514.6809 2.2755e-01
3515.7351 2.0911e-01
3516.7898 2.1483e-01
3517.8452 2.1931e-01
3518.9004 2.3801e-01
3519.9561 2.0399e-01
3521.0122 2.0387e-01
3522.0686 1.7451e-01
3523.1250 1.9658e-01
3524.1821 2.4103e-01
3525.2390 2.1113e-01
3526.2969 2.3600e-01
3527.3547 2.1684e-01
3528.4126 2.2702e-01
3529.4714 1.9331e-01
3530.5303 1.8893e-01
3531.5894 2.3161e-01
3532.6487 2.0319e-01
3533.7090 1.7306e-01
3534.7688 2.3919e-01
3535.8293 2.1160e-01
3536.8901 2.0001e-01
3537.9512 2.2422e-01
3539.0122 2.3198e-01
3540.0740 2.1807e-01
3541.1360 2.0361e-01
3542.1987 2.1911e-01
3543.2612 1.9694e-01
3544.3245 2.0843e-01
3545.3875 2.7034e-01
3546.4509 1.7879e-01
3547.5154 1.9692e-01
3548.5793 2.0396e-01
3549.6438 2.2455e-01
3550.7087 1.9777e-01
3551.7739 2.0055e-01
3552.8396 1.8513e-01
3553.9053 2.2572e-01
3554.9714 2.2259e-01
3556.0378 1.9640e-01
3557.1050 2.2215e-01
3558.1716 2.0476e-01
3559.2395 2.0614e-01
3560.3071 2.1392e-01
3561.3752 1.7887e-01
3562.4436 2.0569e-01
3563.5125 2.1966e-01
3564.5813 1.8467e-01
3565.6506 2.2707e-01
3566.7205 1.8879e-01
3567.7905 1.7798e-01
3568.8611 2.0157e-01
3569.9316 2.2016e-01
3571.0027 2.0053e-01
3572.0737 1.9432e-01
3573.1455 1.8058e-01
3574.2175 2.0271e-01
3575.2896 1.9264e-01
3576.3625 1.8857e-01
3577.4351 1.9099e-01
3578.5083 1.9782e-01
3579.5820 1.9104e-01
3580.6560 2.1556e-01
3581.7300 2.0596e-01
3582.8047 2.3046e-01
3583.8792 1.8781e-01
3584.9546 2.1280e-01
3586.0298 2.0080e-01
3587.1060 2.1258e-01
3588.1821 2.3912e-01
3589.2583 2.2181e-01
3590.3352 1.9236e-01
3591.4124 1.9384e-01
3592.4897 2.2202e-01
3593.5671 2.1539e-01
3594.6455 1.8442e-01
3595.7241 2.0118e-01
3596.8025 2.0892e-01
3597.8818 2.4957e-01
3598.9609 2.3040e-01
3600.0405 1.9415e-01
3601.1204 2.1565e-01
3602.2009 2.5425e-01
3603.2817 2.4019e-01
3604.3625 2.3052e-01
3605.4441 2.1614e-01
3606.5256 2.1512e-01
3607.6074 2.2109e-01
3608.6899 2.1451e-01
3609.7725 2.3364e-01
3610.8552 2.3969e-01
3611.9385 2.2875e-01
3613.0222 2.2857e-01
3614.1062 2.3606e-01
3615.1904 2.4036e-01
3616.2749 2.2557e-01
3617.3599 2.6975e-01
3618.4451 2.5360e-01
3619.5303 2.7245e-01
3620.6165 2.6459e-01
3621.7024 2.3685e-01
3622.7891 2.2944e-01
3623.8760 2.6928e-01
3624.9631 2.7171e-01
3626.0508 2.5502e-01
3627.1382 2.7395e-01
3628.2266 2.3454e-01
3629.3152 2.6127e-01
3630.4038 2.5013e-01
3631.4927 2.4967e-01
3632.5825 2.4740e-01
3633.6721 2.5553e-01
3634.7622 2.4885e-01
3635.8528 2.8715e-01
3636.9434 2.2291e-01
3638.0347 2.4480e-01
3639.1257 2.6863e-01
3640.2178 3.1270e-01
3641.3098 2.7291e-01
3642.4021 2.7989e-01
3643.4946 2.6979e-01
3644.5881 2.4931e-01
3645.6814 2.3072e-01
3646.7751 2.5257e-01
3647.8691 2.8625e-01
3648.9634 2.7555e-01
3650.0581 2.8350e-01
3651.1533 2.6572e-01
3652.2480 2.5574e-01
3653.3442 2.4794e-01
3654.4402 2.3925e-01
3655.5364 2.2551e-01
3656.6333 2.2161e-01
3657.7300 2.8882e-01
3658.8274 2.3313e-01
3659.9250 2.8179e-01
3661.0232 2.5567e-01
3662.1213 2.5556e-01
3663.2202 2.7164e-01
3664.3188 2.9051e-01
3665.4182 2.7427e-01
3666.5181 2.7284e-01
3667.6179 2.5096e-01
3668.7183 2.5674e-01
3669.8186 2.7804e-01
3670.9197 2.6217e-01
3672.0210 2.2112e-01
3673.1226 2.0335e-01
3674.2241 2.5448e-01
3675.3269 2.3778e-01
3676.4294 2.5480e-01
3677.5325 2.2076e-01
3678.6355 2.5225e-01
3679.7390 2.7005e-01
3680.8430 2.1443e-01
3681.9473 2.7014e-01
3683.0518 2.6846e-01
3684.1570 2.4530e-01
3685.2620 2.5262e-01
3686.3677 2.6641e-01
3687.4739 2.3885e-01
3688.5796 2.7805e-01
3689.6865 2.5394e-01
3690.7932 2.4438e-01
3691.9006 2.3941e-01
3693.0081 2.3809e-01
3694.1160 2.6219e-01
3695.2241 2.5916e-01
3696.3328 2.7955e-01
3697.4417 2.5586e-01
3698.5508 2.4037e-01
3699.6606 2.2048e-01
3700.7703 2.2742e-01
3701.8806 2.3270e-01
3702.9910 2.2720e-01
3704.1023 2.4468e-01
3705.2136 1.8612e-01
3706.3247 2.4023e-01
3707.4370 2.5172e-01
3708.5491 2.4907e-01
3709.6616 2.3989e-01
3710.7744 2.4985e-01
3711.8877 2.1400e-01
3713.0012 2.3228e-01
3714.1152 2.2840e-01
3715.2292 2.2357e-01
3716.3440 2.4761e-01
3717.4590 2.2119e-01
3718.5742 2.3202e-01
3719.6897 1.9641e-01
3720.8057 2.0852e-01
3721.9219 2.2804e-01
3723.0383 2.3327e-01
3724.1553 2.2354e-01
3725.2725 2.3636e-01
3726.3904 2.1130e-01
3727.5081 2.4355e-01
3728.6265 2.3617e-01
3729.7451 1.9806e-01
3730.8640 2.3135e-01
3731.9832 2.3640e-01
3733.1028 1.9226e-01
3734.2227 2.1434e-01
3735.3428 1.8666e-01
3736.4636 2.2025e-01
3737.5842 2.1435e-01
3738.7056 2.2533e-01
3739.8276 2.1615e-01
3740.9490 1.9373e-01
3742.0718 2.0500e-01
3743.1943 2.0655e-01
3744.3171 2.0455e-01
3745.4404 1.9633e-01
3746.5640 1.8222e-01
3747.6880 2.2761e-01
3748.8125 2.1100e-01
3749.9368 2.0864e-01
3751.0620 1.8646e-01
3752.1873 1.7823e-01
3753.3130 2.0853e-01
3754.4387 1.8157e-01
3755.5652 1.9561e-01
3756.6919 1.9178e-01
3757.8188 1.8005e-01
3758.9463 2.0022e-01
3760.0737 1.9486e-01
3761.2019 1.8350e-01
3762.3306 1.7982e-01
3763.4590 1.7273e-01
3764.5881 2.0045e-01
3765.7175 1.9365e-01
3766.8472 1.8423e-01
3767.9771 1.8618e-01
3769.1079 1.8982e-01
3770.2383 1.8116e-01
3771.3694 1.7805e-01
3772.5007 1.7694e-01
3773.6328 1.9191e-01
3774.7646 1.9834e-01
3775.8972 2.0203e-01
3777.0298 1.8649e-01
3778.1628 1.7451e-01
3779.2964 1.7598e-01
3780.4302 1.9316e-01
3781.5642 1.8025e-01
3782.6987 1.8491e-01
3783.8335 1.9084e-01
3784.9690 1.9305e-01
3786.1042 1.7422e-01
3787.2400 1.7068e-01
3788.3762 2.0129e-01
3789.5125 2.0398e-01
3790.6497 1.6719e-01
3791.7869 1.9578e-01
3792.9246 1.9372e-01
3794.0625 1.6899e-01
3795.2007 1.8662e-01
3796.3391 1.8825e-01
3797.4778 1.8748e-01
3798.6169 1.8214e-01
3799.7568 1.9982e-01
3800.8967 2.0035e-01
3802.0371 2.1018e-01
3803.1775 1.7637e-01
3804.3181 1.9721e-01
3805.4597 2.1328e-01
3806.6013 2.1347e-01
3807.7434 2.0098e-01
3808.8857 1.6977e-01
3810.0286 1.8972e-01
3811.1714 2.2479e-01
3812.3149 1.9918e-01
3813.4583 2.0678e-01
3814.6025 1.8087e-01
3815.7468 2.1563e-01
3816.8916 2.2695e-01
3818.0369 2.3237e-01
3819.1824 2.3510e-01
3820.3281 2.4861e-01
3821.4741 2.5243e-01
3822.6201 2.3207e-01
3823.7671 2.3494e-01
3824.9143 2.8195e-01
3826.0615 2.4968e-01
3827.2097 2.4890e-01
3828.3577 2.7524e-01
3829.5063 2.9062e-01
3830.6553 2.7421e-01
3831.8044 2.8877e-01
3832.9539 2.8861e-01
3834.1035 2.6967e-01
3835.2539 2.7545e-01
3836.4045 2.9532e-01
3837.5554 3.2055e-01
3838.7068 2.9996e-01
3839.8582 3.2049e-01
3841.0103 2.7896e-01
3842.1628 2.7569e-01
3843.3152 2.9875e-01
3844.4683 3.1560e-01
3845.6216 3.2563e-01
3846.7754 3.3439e-01
3847.9294 2.7969e-01
3849.0835 3.4692e-01
3850.2383 2.9698e-01
3851.3933 3.2301e-01
3852.5488 3.2083e-01
3853.7051 3.3550e-01
3854.8606 3.3068e-01
3856.0173 3.4903e-01
3857.1741 3.3029e-01
3858.3313 3.7373e-01
3859.4883 3.3148e-01
3860.6465 3.2616e-01
3861.8047 3.3790e-01
3862.9631 3.4532e-01
3864.1221 3.6139e-01
3865.2815 3.4530e-01
3866.4412 3.1894e-01
3867.6011 3.1893e-01
3868.7610 2.8577e-01
3869.9216 3.4502e-01
3871.0828 3.2541e-01
3872.2441 3.3609e-01
3873.4058 3.1055e-01
3874.5676 3.1228e-01
3875.7302 2.8745e-01
3876.8931 3.3974e-01
3878.0559 3.4579e-01
3879.2192 2.7730e-01
3880.3831 3.1110e-01
3881.5474 3.2914e-01
3882.7119 3.5799e-01
3883.8767 3.2407e-01
3885.0420 3.1861e-01
3886.2073 3.4433e-01
3887.3728 3.2235e-01
3888.5391 3.3620e-01
3889.7061 3.6973e-01
3890.8730 3.7659e-01
3892.0400 3.0528e-01
3893.2078 3.1436e-01
3894.3755 3.4904e-01
3895.5439 3.2230e-01
3896.7126 3.1456e-01
3897.8813 3.4479e-01
3899.0508 3.1737e-01
3900.2209 3.3099e-01
3901.3909 3.1223e-01
3902.5613 3.2754e-01
3903.7322 3.6352e-01
3904.9031 3.2793e-01
3906.0747 3.3499e-01
3907.2463 3.3055e-01
3908.4187 3.8227e-01
3909.5911 3.7059e-01
3910.7642 3.2500e-01
3911.9373 3.1849e-01
3913.1111 3.4113e-01
3914.2849 3.4883e-01
3915.4592 3.6212e-01
3916.6335 3.1618e-01
3917.8086 3.1377e-01
3918.9839 3.5893e-01
3920.1597 3.5492e-01
3921.3359 3.5073e-01
3922.5120 3.5328e-01
3923.6887 3.2454e-01
3924.8660 3.5565e-01
3926.0432 3.4114e-01
3927.2212 3.9502e-01
3928.3994 3.8457e-01
3929.5779 3.6706e-01
3930.7568 3.4632e-01
3931.9360 3.9389e-01
3933.1157 3.9126e-01
3934.2954 3.8931e-01
3935.4758 3.9528e-01
3936.6562 3.7657e-01
3937.8374 4.0054e-01
3939.0186 4.0806e-01
3940.2004 3.9832e-01
3941.3826 4.2170e-01
3942.5649 4.0089e-01
3943.7478 3.8997e-01
3944.9307 4.0137e-01
3946.1147 3.6053e-01
3947.2983 3.6761e-01
3948.4824 3.7186e-01
3949.6670 3.8197e-01
3950.8521 3.9097e-01
3952.0369 4.1727e-01
3953.2227 4.3341e-01
3954.4089 4.0019e-01
3955.5950 3.8261e-01
3956.7812 3.9086e-01
3957.9688 3.7911e-01
3959.1560 3.3405e-01
3960.3438 3.8835e-01
3961.5320 3.6369e-01
3962.7202 4.1923e-01
3963.9094 4.3209e-01
3965.0984 4.3245e-01
3966.2881 4.0542e-01
3967.4778 3.8424e-01
3968.6680 3.9961e-01
3969.8584 4.0571e-01
3971.0498 4.1714e-01
3972.2412 3.6888e-01
3973.4326 4.3360e-01
3974.6248 3.9846e-01
3975.8171 3.8796e-01
3977.0095 4.5424e-01
3978.2029 4.6204e-01
3979.3962 4.2375e-01
3980.5901 3.8628e-01
3981.7844 4.5174e-01
3982.9790 4.2609e-01
3984.1736 4.3701e-01
3985.3691 4.8514e-01
3986.5647 4.2181e-01
3987.7605 4.4257e-01
3988.9568 4.3268e-01
3990.1538 4.3807e-01
3991.3506 4.4495e-01
3992.5481 4.5978e-01
3993.7456 4.1444e-01
3994.9441 4.6823e-01
3996.1423 4.5169e-01
3997.3413 4.0437e-01
3998.5408 4.1262e-01
3999.7397 4.6697e-01
4000.9402 4.1287e-01
4002.1401 3.7482e-01
4003.3408 3.6451e-01
4004.5415 4.1299e-01
4005.7434 4.0926e-01
4006.9448 4.2172e-01
4008.1470 3.8779e-01
4009.3496 4.3564e-01
4010.5522 4.3293e-01
4011.7556 4.5191e-01
4012.9587 4.0990e-01
4014.1628 4.3949e-01
4015.3672 4.2326e-01
4016.5715 4.1117e-01
4017.7769 3.7538e-01
4018.9817 4.3224e-01
4020.1875 4.4544e-01
4021.3936 3.9000e-01
4022.6003 4.2446e-01
4023.8071 3.9272e-01
4025.0142 4.4925e-01
4026.2214 4.3268e-01
4027.4294 4.1787e-01
4028.6377 4.0937e-01
4029.8462 4.1298e-01
4031.0554 4.2600e-01
4032.2646 4.5025e-01
4033.4744 4.2793e-01
4034.6843 4.4197e-01
4035.8945 4.1305e-01
4037.1052 4.3070e-01
4038.3167 4.6363e-01
4039.5281 4.4645e-01
4040.7397 4.0876e-01
4041.9524 4.3613e-01
4043.1648 3.9771e-01
4044.3777 4.5854e-01
4045.5913 4.1351e-01
4046.8047 4.5055e-01
4048.0186 4.1235e-01
4049.2332 4.2252e-01
4050.4480 3.9911e-01
4051.6628 3.7886e-01
4052.8784 3.6863e-01
4054.0942 4.5197e-01
4055.3108 4.5740e-01
4056.5273 3.6534e-01
4057.7444 3.7439e-01
4058.9614 3.7090e-01
4060.1792 3.9430e-01
4061.3970 3.5730e-01
4062.6155 4.1144e-01
4063.8345 3.9464e-01
4065.0535 4.2225e-01
4066.2732 4.2143e-01
4067.4929 3.8981e-01
4068.7131 3.9480e-01
4069.9338 3.6418e-01
4071.1548 3.9060e-01
4072.3762 4.3138e-01
4073.5981 3.7619e-01
4074.8201 3.9989e-01
4076.0427 3.8534e-01
4077.2654 3.6245e-01
4078.4885 3.6087e-01
4079.7119 3.6693e-01
4080.9358 3.4539e-01
4082.1602 4.2206e-01
4083.3845 3.7297e-01
4084.6099 3.8119e-01
4085.8354 4.0854e-01
4087.0608 3.1574e-01
4088.2869 3.5481e-01
4089.5137 3.3530e-01
4090.7407 3.4827e-01
4091.9678 3.5717e-01
4093.1953 3.0093e-01
4094.4233 3.2501e-01
4095.6519 3.9448e-01
4096.8799 3.7886e-01
4098.1094 3.4303e-01
4099.3384 3.6360e-01
4100.5684 3.0621e-01
4101.7988 3.5256e-01
4103.0293 3.3338e-01
4104.2598 3.0290e-01
4105.4912 3.4840e-01
4106.7231 3.4649e-01
4107.9546 2.9882e-01
4109.1875 3.7086e-01
4110.4204 3.2584e-01
4111.6533 3.3988e-01
4112.8867 3.4371e-01
4114.1211 3.2828e-01
4115.3545 3.1975e-01
4116.5898 3.4586e-01
4117.8247 3.1492e-01
4119.0596 3.1775e-01
4120.2954 3.5351e-01
4121.5317 3.3988e-01
4122.7681 3.4913e-01
4124.0049 3.4031e-01
4125.2422 3.7451e-01
4126.4800 3.0799e-01
4127.7178 3.4132e-01
4128.9561 3.1665e-01
4130.1948 3.6802e-01
4131.4336 3.1285e-01
4132.6733 3.1514e-01
4133.9126 3.7366e-01
4135.1533 3.2631e-01
4136.3936 3.5697e-01
4137.6348 3.4716e-01
4138.8760 3.2837e-01
4140.1172 3.4673e-01
4141.3599 3.1147e-01
4142.6021 3.7210e-01
4143.8447 3.6424e-01
4145.0879 3.3947e-01
4146.3315 3.2531e-01
4147.5752 3.5037e-01
4148.8198 3.1114e-01
4150.0640 3.3386e-01
4151.3091 3.6559e-01
4152.5547 3.1130e-01
4153.8003 3.2507e-01
4155.0464 3.6502e-01
4156.2930 3.6105e-01
4157.5400 3.2992e-01
4158.7871 3.6181e-01
4160.0352 3.1784e-01
4161.2827 3.3976e-01
4162.5312 3.4537e-01
4163.7803 3.2700e-01
4165.0293 3.2979e-01
4166.2783 3.2086e-01
4167.5288 3.5283e-01
4168.7788 3.3556e-01
4170.0298 3.7260e-01
4171.2803 3.2962e-01
4172.5317 3.3470e-01
4173.7837 3.5508e-01
4175.0356 3.2836e-01
4176.2886 3.4617e-01
4177.5410 3.3936e-01
4178.7944 3.6082e-01
4180.0479 3.2112e-01
4181.3022 3.0393e-01
4182.5566 3.6004e-01
4183.8115 3.3061e-01
4185.0664 3.4830e-01
4186.3223 3.3038e-01
4187.5776 3.3368e-01
4188.8340 3.4529e-01
4190.0903 3.4765e-01
4191.3477 3.3521e-01
4192.6050 3.5286e-01
4193.8628 3.3140e-01
4195.1206 3.4250e-01
4196.3794 3.8679e-01
4197.6387 3.2714e-01
4198.8975 3.2419e-01
4200.1577 3.2877e-01
4201.4175 2.9648e-01
4202.6782 3.3192e-01
4203.9390 3.1740e-01
4205.2002 3.2600e-01
4206.4614 3.0867e-01
4207.7231 3.3551e-01
4208.9858 3.2392e-01
4210.2485 3.4310e-01
4211.5112 3.3666e-01
4212.7749 2.9838e-01
4214.0391 3.1756e-01
4215.3032 3.1806e-01
4216.5679 3.5755e-01
4217.8330 3.0003e-01
4219.0981 3.5050e-01
4220.3638 3.6391e-01
4221.6299 3.3922e-01
4222.8965 3.4234e-01
4224.1636 3.4302e-01
4225.4302 3.3864e-01
4226.6978 3.1845e-01
4227.9658 2.8160e-01
4229.2349 2.8386e-01
4230.5034 3.2914e-01
4231.7725 2.9487e-01
4233.0415 3.2115e-01
4234.3115 3.1217e-01
4235.5825 3.2241e-01
4236.8525 3.3116e-01
4238.1235 3.3941e-01
4239.3955 3.2744e-01
4240.6670 3.1438e-01
4241.9390 3.0678e-01
4243.2119 2.9112e-01
4244.4844 3.3109e-01
4245.7583 3.1316e-01
4247.0317 3.4658e-01
4248.3062 3.2359e-01
4249.5806 3.2848e-01
4250.8555 3.0247e-01
4252.1309 3.5851e-01
4253.4062 2.9998e-01
4254.6821 3.1076e-01
4255.9590 3.4036e-01
4257.2358 3.1373e-01
4258.5127 3.7711e-01
4259.7900 3.0151e-01
4261.0679 2.8849e-01
4262.3462 3.1451e-01
4263.6250 3.8946e-01
4264.9043 3.4499e-01
4266.1841 3.0675e-01
4267.4639 2.9808e-01
4268.7432 3.1852e-01
4270.0244 3.3015e-01
4271.3052 3.0109e-01
4272.5869 3.1520e-01
4273.8682 3.1810e-01
4275.1509 3.1848e-01
4276.4336 3.0409e-01
4277.7163 3.2955e-01
4278.9995 3.1256e-01
4280.2837 2.8222e-01
4281.5674 3.0427e-01
4282.8521 3.0029e-01
4284.1367 3.0694e-01
4285.4219 2.9312e-01
4286.7075 3.1759e-01
4287.9937 3.1051e-01
4289.2798 3.2103e-01
4290.5669 2.8940e-01
4291.8540 3.4127e-01
4293.1416 3.3320e-01
4294.4292 2.9637e-01
4295.7183 2.8383e-01
4297.0063 2.9297e-01
4298.2954 3.0805e-01
4299.5854 3.0762e-01
4300.8750 2.6368e-01
4302.1650 3.1232e-01
4303.4561 2.8228e-01
4304.7471 3.0200e-01
4306.0381 3.0263e-01
4307.3301 2.8243e-01
4308.6221 2.7970e-01
4309.9150 2.9689e-01
4311.2075 2.7559e-01
4312.5015 2.9281e-01
4313.7949 2.8145e-01
4315.0889 2.9202e-01
4316.3838 2.7400e-01
4317.6787 2.9134e-01
4318.9741 2.7959e-01
4320.2700 2.4596e-01
4321.5654 2.8021e-01
4322.8623 2.8770e-01
4324.1592 2.5415e-01
4325.4565 2.8165e-01
4326.7539 2.9956e-01
4328.0518 2.9237e-01
4329.3501 2.7474e-01
4330.6494 2.9798e-01
4331.9482 2.7490e-01
4333.2480 2.4753e-01
4334.5479 2.8754e-01
4335.8477 2.6052e-01
4337.1489 2.6204e-01
4338.4502 2.6861e-01
4339.7515 3.0896e-01
4341.0537 2.7245e-01
4342.3560 3.0733e-01
4343.6582 2.6692e-01
4344.9614 2.6602e-01
4346.2646 2.7113e-01
4347.5693 2.6745e-01
4348.8735 2.9539e-01
4350.1782 2.7203e-01
4351.4829 2.7919e-01
4352.7886 2.5235e-01
4354.0938 3.1334e-01
4355.4009 2.5735e-01
4356.7070 2.6037e-01
4358.0137 3.0261e-01
4359.3218 2.7519e-01
4360.6294 2.5742e-01
4361.9375 2.7217e-01
4363.2461 2.5266e-01
4364.5552 2.5926e-01
4365.8643 2.4474e-01
4367.1743 2.6866e-01
4368.4844 2.5153e-01
4369.7954 2.4041e-01
4371.1060 2.7716e-01
4372.4170 2.7495e-01
4373.7285 2.7339e-01
4375.0415 2.7098e-01
4376.3540 2.6092e-01
4377.6665 2.5311e-01
4378.9800 2.7673e-01
4380.2935 2.7509e-01
4381.6074 2.6079e-01
4382.9219 2.7958e-01
4384.2363 2.7812e-01
4385.5522 2.8943e-01
4386.8677 2.5790e-01
4388.1841 2.6657e-01
4389.5010 2.6826e-01
4390.8169 2.6557e-01
4392.1343 2.7558e-01
4393.4521 2.9943e-01
4394.7700 2.6297e-01
4396.0884 2.5656e-01
4397.4077 2.6377e-01
4398.7266 2.8675e-01
4400.0464 2.8412e-01
4401.3667 2.8458e-01
4402.6870 2.9118e-01
4404.0073 2.6992e-01
4405.3291 2.8061e-01
4406.6504 2.9139e-01
4407.9722 2.4764e-01
4409.2944 2.6711e-01
4410.6172 2.8664e-01
4411.9404 2.9434e-01
4413.2642 2.6840e-01
4414.5879 3.2939e-01
4415.9126 2.9974e-01
4417.2373 2.5838e-01
4418.5625 3.1878e-01
4419.8882 3.1256e-01
4421.2139 2.8856e-01
4422.5405 3.1023e-01
4423.8672 3.2244e-01
4425.1938 3.1378e-01
4426.5220 3.0221e-01
4427.8496 3.2737e-01
4429.1787 3.3337e-01
4430.5063 3.4066e-01
4431.8364 2.9474e-01
4433.1655 3.3466e-01
4434.4956 3.1693e-01
4435.8262 3.4732e-01
4437.1567 2.9180e-01
4438.4878 3.0333e-01
4439.8193 3.0746e-01
4441.1514 3.6085e-01
4442.4834 3.2638e-01
4443.8164 3.3404e-01
4445.1494 3.4066e-01
4446.4829 3.1586e-01
4447.8169 3.5140e-01
4449.1514 3.4434e-01
4450.4863 2.9334e-01
4451.8213 3.3797e-01
4453.1567 3.5409e-01
4454.4927 3.6752e-01
4455.8291 3.1897e-01
4457.1660 3.2697e-01
4458.5029 3.3422e-01
4459.8403 3.4809e-01
4461.1787 3.5294e-01
4462.5171 3.0416e-01
4463.8555 3.3064e-01
4465.1948 3.7521e-01
4466.5347 3.2009e-01
4467.8740 3.3488e-01
4469.2144 3.2468e-01
4470.5552 3.5799e-01
4471.8970 3.3183e-01
4473.2383 3.6558e-01
4474.5806 3.1483e-01
4475.9229 3.5061e-01
4477.2651 4.2497e-01
4478.6084 3.4841e-01
4479.9521 3.6815e-01
4481.2959 3.7150e-01
4482.6406 3.7324e-01
4483.9854 3.4884e-01
4485.3306 3.8294e-01
4486.6763 3.4244e-01
4488.0220 4.0622e-01
4489.3682 3.9818e-01
4490.7153 3.7944e-01
4492.0620 3.5909e-01
4493.4102 3.5919e-01
4494.7578 3.7902e-01
4496.1069 3.6416e-01
4497.4556 3.8419e-01
4498.8047 3.8260e-01
4500.1543 3.8936e-01
4501.5044 3.6993e-01
4502.8550 3.6269e-01
4504.2056 3.5878e-01
4505.5566 3.5549e-01
4506.9082 3.7788e-01
4508.2607 3.8178e-01
4509.6133 3.8908e-01
4510.9658 3.4358e-01
4512.3193 3.5185e-01
4513.6729 3.6884e-01
4515.0273 3.7262e-01
4516.3818 4.1103e-01
4517.7363 4.0282e-01
4519.0918 3.6821e-01
4520.4473 4.1378e-01
4521.8037 3.4709e-01
4523.1606 3.7041e-01
4524.5171 3.8669e-01
4525.8750 3.6399e-01
4527.2324 4.0167e-01
4528.5903 3.9890e-01
4529.9492 3.9352e-01
4531.3081 3.4971e-01
4532.6675 3.6368e-01
4534.0269 4.1379e-01
4535.3872 3.7984e-01
4536.7480 4.1199e-01
4538.1094 3.8978e-01
4539.4702 4.1679e-01
4540.8320 3.9387e-01
4542.1943 3.7529e-01
4543.5576 4.0872e-01
4544.9199 3.8797e-01
4546.2842 3.5774e-01
4547.6475 3.7742e-01
4549.0117 3.9687e-01
4550.3770 4.2241e-01
4551.7417 3.6567e-01
4553.1074 3.9473e-01
4554.4731 3.8553e-01
4555.8398 4.2862e-01
4557.2061 3.6732e-01
4558.5732 4.0129e-01
4559.9414 3.8760e-01
4561.3086 3.8365e-01
4562.6772 4.2226e-01
4564.0459 4.1686e-01
4565.4150 3.5836e-01
4566.7852 4.0560e-01
4568.1553 3.8450e-01
4569.5249 3.9922e-01
4570.8965 3.7839e-01
4572.2676 4.0016e-01
4573.6392 3.7241e-01
4575.0117 3.8168e-01
4576.3838 3.9105e-01
4577.7568 4.0608e-01
4579.1304 4.4970e-01
4580.5039 3.7503e-01
4581.8784 3.9856e-01
4583.2524 4.2902e-01
4584.6274 4.0439e-01
4586.0029 3.3853e-01
4587.3789 3.9018e-01
4588.7549 3.6299e-01
4590.1318 3.7788e-01
4591.5083 3.8024e-01
4592.8857 3.8668e-01
4594.2642 3.8967e-01
4595.6426 3.9036e-01
4597.0210 3.5946e-01
4598.3999 3.9133e-01
4599.7798 3.9359e-01
4601.1597 3.6770e-01
4602.5396 3.8612e-01
4603.9204 3.9528e-01
4605.3022 3.6997e-01
4606.6836 3.3850e-01
4608.0649 3.8453e-01
4609.4478 3.8029e-01
4610.8306 3.5380e-01
4612.2144 3.5051e-01
4613.5977 3.9507e-01
4614.9819 3.9476e-01
4616.3662 3.8491e-01
4617.7515 3.6476e-01
4619.1362 3.8440e-01
4620.5225 3.6948e-01
4621.9082 3.9162e-01
4623.2949 3.3440e-01
4624.6816 3.9156e-01
4626.0693 3.5276e-01
4627.4570 3.8138e-01
4628.8457 3.6562e-01
4630.2334 3.9350e-01
4631.6230 3.5083e-01
4633.0127 3.6369e-01
4634.4028 3.7956e-01
4635.7935 3.6308e-01
4637.1831 3.4904e-01
4638.5742 4.0814e-01
4639.9658 3.8490e-01
4641.3579 3.2959e-01
4642.7505 3.7229e-01
4644.1436 3.6933e-01
4645.5371 3.6887e-01
4646.9307 3.8766e-01
4648.3247 3.5888e-01
4649.7188 3.4754e-01
4651.1138 3.7886e-01
4652.5093 3.8162e-01
4653.9048 3.4645e-01
4655.3018 3.5197e-01
4656.6978 4.1728e-01
4658.0947 3.2486e-01
4659.4922 3.6175e-01
4660.8896 3.5907e-01
4662.2886 3.7616e-01
4663.6865 3.5318e-01
4665.0859 3.9496e-01
4666.4854 3.6658e-01
4667.8853 3.3688e-01
4669.2861 3.8241e-01
4670.6870 3.5207e-01
4672.0874 3.7260e-01
4673.4897 3.6267e-01
4674.8916 3.5921e-01
4676.2944 3.7436e-01
4677.6968 3.8983e-01
4679.1006 3.3507e-01
4680.5039 3.4641e-01
4681.9082 3.6136e-01
4683.3125 3.3138e-01
4684.7173 3.4372e-01
4686.1230 3.4885e-01
4687.5288 3.5990e-01
4688.9351 3.8282e-01
4690.3423 3.8381e-01
4691.7490 3.6007e-01
4693.1562 3.6531e-01
4694.5645 3.5363e-01
4695.9731 3.3646e-01
4697.3818 3.8681e-01
4698.7910 3.6923e-01
4700.2002 3.2912e-01
4701.6104 3.2837e-01
4703.0205 3.7717e-01
4704.4316 3.3695e-01
4705.8433 3.6262e-01
4707.2549 3.4045e-01
4708.6670 3.6612e-01
4710.0796 3.5587e-01
4711.4927 3.8797e-01
4712.9058 3.4350e-01
4714.3203 3.4576e-01
4715.7344 3.4533e-01
4717.1494 3.4332e-01
4718.5645 3.6800e-01
4719.9800 3.3384e-01
4721.3955 3.4967e-01
4722.8120 3.1105e-01
4724.2290 3.3284e-01
4725.6460 3.5220e-01
4727.0645 3.4538e-01
4728.4824 3.6269e-01
4729.9004 3.1875e-01
4731.3198 2.9550e-01
4732.7388 3.6694e-01
4734.1587 3.9321e-01
4735.5791 3.4468e-01
4737.0000 3.4586e-01
4738.4209 3.3092e-01
4739.8428 3.1832e-01
4741.2646 3.4496e-01
4742.6870 3.5271e-01
4744.1094 3.1844e-01
4745.5327 3.1805e-01
4746.9565 3.2491e-01
4748.3804 3.5263e-01
4749.8052 3.2149e-01
4751.2300 3.3703e-01
4752.6548 3.1896e-01
4754.0811 3.6908e-01
4755.5078 3.2584e-01
4756.9341 3.4815e-01
4758.3608 3.2601e-01
4759.7886 3.2212e-01
4761.2168 3.4507e-01
4762.6445 3.5776e-01
4764.0737 3.2127e-01
4765.5029 3.1401e-01
4766.9326 3.5194e-01
4768.3628 3.3213e-01
4769.7930 3.3982e-01
4771.2236 3.5966e-01
4772.6553 3.4498e-01
4774.0869 3.1686e-01
4775.5190 3.0250e-01
4776.9521 3.1364e-01
4778.3853 3.5260e-01
4779.8184 3.2021e-01
4781.2524 3.2927e-01
4782.6870 3.1355e-01
4784.1226 3.5546e-01
4785.5571 3.3352e-01
4786.9927 3.0606e-01
4788.4292 3.2676e-01
4789.8652 3.5660e-01
4791.3022 3.1485e-01
4792.7397 3.3941e-01
4794.1777 3.3816e-01
4795.6152 3.5153e-01
4797.0542 3.5479e-01
4798.4937 3.1741e-01
4799.9331 3.2778e-01
4801.3735 3.2248e-01
4802.8140 3.1709e-01
4804.2544 3.3400e-01
4805.6958 3.2500e-01
4807.1377 3.3159e-01
4808.5796 3.2005e-01
4810.0220 3.3207e-01
4811.4653 2.8906e-01
4812.9087 3.3411e-01
4814.3525 3.1741e-01
4815.7969 3.1846e-01
4817.2417 3.0829e-01
4818.6865 3.0504e-01
4820.1328 3.5043e-01
4821.5786 3.3202e-01
4823.0249 3.4320e-01
4824.4717 3.3465e-01
4825.9189 3.2443e-01
4827.3667 3.2510e-01
4828.8149 3.0574e-01
4830.2637 2.9245e-01
4831.7124 3.1800e-01
4833.1621 3.2861e-01
4834.6118 2.8609e-01
4836.0620 3.2142e-01
4837.5137 3.3633e-01
4838.9644 3.2593e-01
4840.4165 3.1922e-01
4841.8687 2.8763e-01
4843.3208 3.1351e-01
4844.7739 3.4790e-01
4846.2275 3.1151e-01
4847.6812 3.2222e-01
4849.1357 2.8603e-01
4850.5903 3.0030e-01
4852.0454 3.0720e-01
4853.5015 2.7849e-01
4854.9575 2.9142e-01
4856.4136 2.7885e-01
4857.8706 2.8196e-01
4859.3281 2.8731e-01
4860.7861 3.1791e-01
4862.2437 3.2503e-01
4863.7026 2.7879e-01
4865.1621 3.3126e-01
4866.6211 2.8520e-01
4868.0815 3.0755e-01
4869.5420 2.7741e-01
4871.0024 2.6665e-01
4872.4639 2.6729e-01
4873.9263 2.8803e-01
4875.3877 2.8968e-01
4876.8506 2.7651e-01
4878.3135 2.9224e-01
4879.7773 3.0785e-01
4881.2412 2.7089e-01
4882.7051 2.8263e-01
4884.1704 2.5546e-01
4885.6357 2.9760e-01
4887.1011 2.9713e-01
4888.5674 2.7383e-01
4890.0337 2.9804e-01
4891.5010 2.8882e-01
4892.9683 2.5551e-01
4894.4360 2.9765e-01
4895.9043 2.7524e-01
4897.3730 2.6773e-01
4898.8423 2.9296e-01
4900.3120 2.8660e-01
4901.7827 2.6791e-01
4903.2529 2.5321e-01
4904.7231 2.7650e-01
4906.1953 2.6806e-01
4907.6675 2.5317e-01
4909.1392 2.8891e-01
4910.6123 2.8222e-01
4912.0854 2.6131e-01
4913.5586 2.7623e-01
4915.0332 3.1166e-01
4916.5073 2.8422e-01
4917.9819 2.6798e-01
4919.4575 2.9582e-01
4920.9331 2.9273e-01
4922.4097 2.9723e-01
4923.8872 2.6938e-01
4925.3638 2.6299e-01
4926.8418 2.7417e-01
4928.3188 2.8331e-01
4929.7979 2.6094e-01
4931.2769 2.5156e-01
4932.7563 3.0997e-01
4934.2358 2.5710e-01
4935.7168 2.4877e-01
4937.1963 2.9772e-01
4938.6782 2.8860e-01
4940.1597 2.5774e-01
4941.6416 2.5647e-01
4943.1250 2.6126e-01
4944.6069 2.5996e-01
4946.0908 2.5562e-01
4947.5752 2.8621e-01
4949.0586 2.4364e-01
4950.5435 2.4141e-01
4952.0278 2.3994e-01
4953.5142 2.4143e-01
4955.0010 2.5140e-01
4956.4873 2.4656e-01
4957.9741 2.5776e-01
4959.4614 2.3934e-01
4960.9492 2.6464e-01
4962.4370 2.6217e-01
4963.9258 2.3802e-01
4965.4150 2.6037e-01
4966.9048 2.6485e-01
4968.3945 2.7852e-01
4969.8853 2.6875e-01
4971.3765 2.3498e-01
4972.8677 2.2723e-01
4974.3599 2.4888e-01
4975.8521 2.6892e-01
4977.3447 2.4185e-01
4978.8379 2.2846e-01
4980.3315 2.3696e-01
4981.8257 2.5167e-01
4983.3203 2.5057e-01
4984.8159 2.1813e-01
4986.3105 2.4274e-01
4987.8066 2.4567e-01
4989.3027 2.5447e-01
4990.7998 2.3637e-01
4992.2974 2.4877e-01
4993.7939 2.5623e-01
4995.2930 2.7236e-01
4996.7915 2.2491e-01
4998.2905 2.3816e-01
4999.7896 2.4141e-01
5001.2896 2.1684e-01
5002.7900 2.3925e-01
5004.2915 2.6032e-01
5005.7925 2.1180e-01
5007.2944 2.1595e-01
5008.7964 2.6362e-01
5010.2993 2.0222e-01
5011.8022 2.3043e-01
5013.3057 3.0118e-01
5014.8101 2.3062e-01
5016.3145 2.0102e-01
5017.8184 2.2880e-01
5019.3247 2.5736e-01
5020.8301 2.1202e-01
5022.3359 2.1223e-01
5023.8428 2.3207e-01
5025.3496 2.1438e-01
5026.8579 2.2862e-01
5028.3657 2.2648e-01
5029.8740 2.0504e-01
5031.3828 2.2706e-01
5032.8926 2.0787e-01
5034.4023 2.2433e-01
5035.9131 2.0213e-01
5037.4233 2.1640e-01
5038.9346 2.0263e-01
5040.4463 2.0959e-01
5041.9585 2.1507e-01
5043.4712 2.1584e-01
5044.9839 2.2954e-01
5046.4980 2.1100e-01
5048.0112 2.2132e-01
5049.5259 2.2811e-01
5051.0415 2.0663e-01
5052.5562 2.2791e-01
5054.0723 2.1768e-01
5055.5884 2.1522e-01
5057.1045 2.1794e-01
5058.6221 1.8182e-01
5060.1401 2.4125e-01
5061.6577 2.1179e-01
5063.1763 2.2097e-01
5064.6953 2.3213e-01
5066.2144 2.1740e-01
5067.7339 2.3584e-01
5069.2549 2.2188e-01
5070.7759 2.0506e-01
5072.2969 1.8884e-01
5073.8188 2.0448e-01
5075.3403 1.9820e-01
5076.8628 2.1395e-01
5078.3867 2.1418e-01
5079.9097 1.7707e-01
5081.4336 1.8801e-01
5082.9580 2.0306e-01
5084.4829 1.9938e-01
5086.0083 1.9184e-01
5087.5342 1.9782e-01
5089.0605 1.8946e-01
5090.5874 2.1090e-01
5092.1143 1.8021e-01
5093.6421 1.8479e-01
5095.1699 1.8928e-01
5096.6987 2.0483e-01
5098.2275 2.3070e-01
5099.7573 1.9482e-01
5101.2871 1.8167e-01
5102.8179 1.9197e-01
5104.3481 1.9750e-01
5105.8799 1.7453e-01
5107.4111 2.2145e-01
5108.9438 2.0480e-01
5110.4761 1.8337e-01
5112.0093 1.9727e-01
5113.5435 2.2132e-01
5115.0771 1.9693e-01
5116.6118 2.2170e-01
5118.1470 1.8474e-01
5119.6816 1.9195e-01
5121.2183 2.0102e-01
5122.7544 1.8717e-01
5124.2910 2.3049e-01
5125.8286 2.1369e-01
5127.3667 2.0124e-01
5128.9043 1.9905e-01
5130.4429 1.9809e-01
5131.9824 1.9826e-01
5133.5220 1.9538e-01
5135.0615 2.0475e-01
5136.6021 2.2486e-01
5138.1436 1.9902e-01
5139.6846 2.0904e-01
5141.2266 2.2159e-01
5142.7690 1.9817e-01
5144.3125 2.0299e-01
5145.8550 1.9793e-01
5147.3989 1.9808e-01
5148.9429 2.1008e-01
5150.4883 2.0025e-01
5152.0332 2.6313e-01
5153.5781 2.3606e-01
5155.1245 2.0738e-01
5156.6714 2.1922e-01
5158.2178 2.3048e-01
5159.7656 2.3588e-01
5161.3130 2.2923e-01
5162.8618 2.3431e-01
5164.4106 2.3008e-01
5165.9604 2.3336e-01
5167.5098 2.5505e-01
5169.0605 2.2611e-01
5170.6108 2.7108e-01
5172.1621 2.4408e-01
5173.7139 2.3817e-01
5175.2656 2.4923e-01
5176.8188 2.3540e-01
5178.3711 2.6564e-01
5179.9253 2.4085e-01
5181.4790 2.4380e-01
5183.0337 2.4299e-01
5184.5884 2.0273e-01
5186.1436 2.3228e-01
5187.6992 2.2759e-01
5189.2559 2.3771e-01
5190.8130 2.3576e-01
5192.3696 2.1152e-01
5193.9277 2.7558e-01
5195.4858 2.3846e-01
5197.0439 2.5399e-01
5198.6035 2.5348e-01
5200.1636 2.6530e-01
5201.7231 2.3780e-01
5203.2837 2.3920e-01
5204.8447 2.5117e-01
5206.4058 2.5474e-01
5207.9683 2.1297e-01
5209.5303 2.5521e-01
5211.0933 2.2692e-01
5212.6567 2.4897e-01
5214.2202 2.4883e-01
5215.7847 2.4158e-01
5217.3496 2.4009e-01
5218.9150 2.4573e-01
5220.4800 2.5347e-01
5222.0464 2.5750e-01
5223.6128 2.7614e-01
5225.1802 2.3804e-01
5226.7480 2.7460e-01
5228.3154 2.5905e-01
5229.8843 2.6984e-01
5231.4526 2.4263e-01
5233.0225 2.6585e-01
5234.5928 2.5645e-01
5236.1626 2.4434e-01
5237.7339 2.7683e-01
5239.3052 2.6738e-01
5240.8770 2.6416e-01
5242.4492 2.4558e-01
5244.0220 2.8152e-01
5245.5947 2.7331e-01
5247.1689 2.7310e-01
5248.7422 2.5867e-01
5250.3174 2.2387e-01
5251.8921 2.5601e-01
5253.4678 2.8646e-01
5255.0439 2.7469e-01
5256.6211 2.8204e-01
5258.1978 2.8936e-01
5259.7749 2.3799e-01
5261.3530 2.2387e-01
5262.9312 2.5908e-01
5264.5098 2.5118e-01
5266.0898 2.9216e-01
5267.6694 2.4496e-01
5269.2495 2.4225e-01
5270.8311 2.5944e-01
5272.4116 2.6736e-01
5273.9941 2.6208e-01
5275.5757 2.5698e-01
5277.1587 2.5377e-01
5278.7422 2.5418e-01
5280.3252 2.6708e-01
5281.9092 2.3504e-01
5283.4937 2.6508e-01
5285.0786 2.6501e-01
5286.6641 2.3573e-01
5288.2500 2.6120e-01
5289.8369 2.6089e-01
5291.4238 2.3351e-01
5293.0117 2.9530e-01
5294.5996 2.6659e-01
5296.1870 2.4768e-01
5297.7764 2.6772e-01
5299.3662 2.4404e-01
5300.9561 2.5491e-01
5302.5459 2.6429e-01
5304.1367 2.6432e-01
5305.7280 2.7329e-01
5307.3188 2.5730e-01
5308.9116 2.3646e-01
5310.5044 2.4726e-01
5312.0977 2.5205e-01
5313.6919 2.6430e-01
5315.2856 2.4329e-01
5316.8799 2.2579e-01
5318.4751 2.4928e-01
5320.0708 2.8812e-01
5321.6665 2.6587e-01
5323.2632 2.4112e-01
5324.8604 2.4700e-01
5326.4575 2.5311e-01
5328.0557 2.5345e-01
5329.6533 2.6672e-01
5331.2534 2.4034e-01
5332.8516 2.6726e-01
5334.4517 2.1842e-01
5336.0522 2.6126e-01
5337.6533 2.5457e-01
5339.2544 2.5163e-01
5340.8560 2.0913e-01
5342.4585 2.7705e-01
5344.0605 2.4099e-01
5345.6646 2.1928e-01
5347.2681 2.2023e-01
5348.8726 2.4293e-01
5350.4771 2.2326e-01
5352.0825 2.4404e-01
5353.6875 2.2983e-01
5355.2944 2.5360e-01
5356.9009 2.4381e-01
5358.5073 2.3706e-01
5360.1152 2.1584e-01
5361.7236 2.4751e-01
5363.3315 2.2584e-01
5364.9404 2.1607e-01
5366.5503 2.3879e-01
5368.1602 2.1767e-01
5369.7705 2.0275e-01
5371.3813 2.2234e-01
5372.9932 2.3901e-01
5374.6050 2.1511e-01
5376.2173 2.1490e-01
5377.8301 2.5092e-01
5379.4434 2.2034e-01
5381.0576 2.2054e-01
5382.6714 2.4222e-01
5384.2861 1.8992e-01
5385.9014 2.1821e-01
5387.5171 2.2212e-01
5389.1343 2.4107e-01
5390.7505 2.3204e-01
5392.3677 2.2352e-01
5393.9858 2.1265e-01
5395.6035 2.3154e-01
5397.2222 2.1955e-01
5398.8413 2.1231e-01
5400.4609 2.2502e-01
5402.0811 2.1268e-01
5403.7017 1.8872e-01
5405.3228 2.1279e-01
5406.9448 2.1255e-01
5408.5659 2.1741e-01
5410.1890 2.0910e-01
5411.8115 2.1909e-01
5413.4360 2.1520e-01
5415.0596 2.2738e-01
5416.6841 2.0472e-01
5418.3096 2.1631e-01
5419.9351 2.0196e-01
5421.5605 1.8763e-01
5423.1875 2.2051e-01
5424.8145 2.2000e-01
5426.4414 1.8857e-01
5428.0693 2.2887e-01
5429.6982 2.0380e-01
5431.3271 2.4431e-01
5432.9565 2.1808e-01
5434.5859 1.9758e-01
5436.2163 1.9428e-01
5437.8472 1.9998e-01
5439.4785 2.1369e-01
5441.1104 2.3257e-01
5442.7427 1.9219e-01
5444.3760 1.9389e-01
5446.0098 1.8899e-01
5447.6431 2.0595e-01
5449.2778 2.3137e-01
5450.9121 2.2450e-01
5452.5474 1.9784e-01
5454.1826 2.2360e-01
5455.8193 2.1362e-01
5457.4565 1.9531e-01
5459.0933 1.9981e-01
5460.7310 2.0942e-01
5462.3696 1.9654e-01
5464.0073 2.0245e-01
5465.6475 2.0835e-01
5467.2871 2.0397e-01
5468.9272 2.2723e-01
5470.5674 2.1488e-01
5472.2090 2.1943e-01
5473.8506 2.2701e-01
5475.4927 1.9125e-01
5477.1353 2.0969e-01
5478.7783 2.3440e-01
5480.4224 2.0898e-01
5482.0659 2.1184e-01
5483.7104 2.3066e-01
5485.3560 2.1830e-01
5487.0010 2.0522e-01
5488.6475 2.0168e-01
5490.2944 2.0374e-01
5491.9414 2.2095e-01
5493.5889 2.2211e-01
5495.2368 1.8910e-01
5496.8857 2.0420e-01
5498.5342 1.7739e-01
5500.1841 2.1569e-01
5501.8340 2.1677e-01
5503.4849 2.0894e-01
5505.1357 1.8662e-01
5506.7871 2.0828e-01
5508.4395 1.9068e-01
5510.0923 2.1515e-01
5511.7451 2.0926e-01
5513.3984 1.9277e-01
5515.0522 2.0261e-01
5516.7070 2.0732e-01
5518.3623 1.9999e-01
5520.0176 1.9337e-01
5521.6733 2.0945e-01
5523.3301 2.0475e-01
5524.9868 2.1083e-01
5526.6450 2.0137e-01
5528.3027 1.9459e-01
5529.9609 2.2026e-01
5531.6201 1.8992e-01
5533.2793 2.3453e-01
5534.9395 2.0008e-01
5536.5996 2.1634e-01
5538.2607 2.0701e-01
5539.9229 2.0453e-01
5541.5840 2.1930e-01
5543.2466 2.0007e-01
5544.9102 2.2181e-01
5546.5728 1.9613e-01
5548.2373 1.9001e-01
5549.9019 2.0253e-01
5551.5664 1.8744e-01
5553.2324 1.5307e-01
5554.8984 1.9507e-01
5556.5645 2.0774e-01
5558.2310 1.6213e-01
5559.8989 2.0135e-01
5561.5669 2.0064e-01
5563.2354 2.2098e-01
5564.9043 1.8502e-01
5566.5732 1.8750e-01
5568.2437 2.0576e-01
5569.9150 1.8430e-01
5571.5854 1.8125e-01
5573.2568 2.0527e-01
5574.9287 1.8113e-01
5576.6011 1.6926e-01
5578.2739 1.9850e-01
5579.9482 1.9548e-01
5581.6216 2.0617e-01
5583.2959 1.9109e-01
5584.9717 1.9196e-01
5586.6470 2.0504e-01
5588.3223 2.0849e-01
5589.9990 2.0551e-01
5591.6763 1.9866e-01
5593.3535 1.9044e-01
5595.0317 2.0616e-01
5596.7104 2.1126e-01
5598.3892 2.0537e-01
5600.0688 2.0288e-01
5601.7490 1.9884e-01
5603.4292 1.9815e-01
5605.1104 1.6763e-01
5606.7915 1.9782e-01
5608.4741 1.9118e-01
5610.1562 2.1400e-01
5611.8394 2.2965e-01
5613.5234 2.1715e-01
5615.2075 2.1445e-01
5616.8916 2.0722e-01
5618.5767 1.8309e-01
5620.2627 2.1989e-01
5621.9482 1.8565e-01
5623.6348 1.7861e-01
5625.3218 2.2001e-01
5627.0098 1.9280e-01
5628.6982 2.0554e-01
5630.3867 1.9991e-01
5632.0757 1.9552e-01
5633.7651 1.8666e-01
5635.4551 1.8174e-01
5637.1460 2.0946e-01
5638.8369 1.9994e-01
5640.5283 1.9451e-01
5642.2207 2.0384e-01
5643.9141 2.0888e-01
5645.6069 1.8303e-01
5647.3003 1.9252e-01
5648.9946 1.9803e-01
5650.6895 2.1034e-01
5652.3848 2.3005e-01
5654.0801 2.1487e-01
5655.7759 1.8393e-01
5657.4736 2.2153e-01
5659.1709 1.9905e-01
5660.8682 2.2385e-01
5662.5664 1.8815e-01
5664.2651 1.9731e-01
5665.9644 2.3535e-01
5667.6641 2.2949e-01
5669.3647 2.0557e-01
5671.0649 2.0967e-01
5672.7666 1.9145e-01
5674.4688 1.8342e-01
5676.1709 2.2739e-01
5677.8740 2.0774e-01
5679.5771 2.2122e-01
5681.2812 1.9584e-01
5682.9858 1.9506e-01
5684.6899 2.0884e-01
5686.3950 1.9163e-01
5688.1021 2.1863e-01
5689.8076 2.1631e-01
5691.5146 2.1117e-01
5693.2222 2.1022e-01
5694.9302 1.8614e-01
5696.6382 1.9073e-01
5698.3477 2.1454e-01
5700.0571 2.2182e-01
5701.7671 2.1427e-01
5703.4775 2.0248e-01
5705.1885 2.1287e-01
5706.9004 2.1920e-01
5708.6123 2.1321e-01
5710.3252 2.1318e-01
5712.0381 2.2108e-01
5713.7524 2.2048e-01
5715.4663 2.1598e-01
5717.1812 2.1735e-01
5718.8955 2.2302e-01
5720.6118 2.1839e-01
5722.3271 2.0690e-01
5724.0444 2.1686e-01
5725.7617 1.9352e-01
5727.4795 1.9894e-01
5729.1973 2.3548e-01
5730.9165 2.2907e-01
5732.6353 2.1138e-01
5734.3550 2.3902e-01
5736.0757 1.9847e-01
5737.7969 2.0169e-01
5739.5176 2.0402e-01
5741.2397 2.0672e-01
5742.9624 2.2162e-01
5744.6851 2.0397e-01
5746.4082 2.2506e-01
5748.1323 2.2863e-01
5749.8569 2.1843e-01
5751.5815 2.1285e-01
5753.3076 1.8877e-01
5755.0332 1.8314e-01
5756.7593 1.8185e-01
5758.4863 2.0531e-01
5760.2144 1.9746e-01
5761.9424 2.0890e-01
5763.6709 2.0938e-01
5765.3999 1.9733e-01
5767.1294 1.8896e-01
5768.8594 1.8074e-01
5770.5908 2.1511e-01
5772.3213 1.9812e-01
5774.0527 2.1783e-01
5775.7856 1.8919e-01
5777.5181 1.9402e-01
5779.2515 2.2522e-01
5780.9844 2.0083e-01
5782.7192 2.1789e-01
5784.4546 1.9582e-01
5786.1899 2.0333e-01
5787.9253 1.9184e-01
5789.6626 1.9679e-01
5791.3984 1.9873e-01
5793.1362 2.1273e-01
5794.8745 1.9993e-01
5796.6123 2.0489e-01
5798.3516 2.0565e-01
5800.0913 1.9727e-01
5801.8306 2.2257e-01
5803.5713 1.9486e-01
5805.3125 1.6928e-01
5807.0537 1.9237e-01
5808.7964 2.1640e-01
5810.5391 1.8725e-01
5812.2822 1.8504e-01
5814.0259 1.7757e-01
5815.7700 1.8609e-01
5817.5151 1.6818e-01
5819.2598 1.8873e-01
5821.0059 1.7405e-01
5822.7524 1.9005e-01
5824.4990 1.7199e-01
5826.2461 1.6487e-01
5827.9937 1.8082e-01
5829.7427 2.0184e-01
5831.4912 1.5288e-01
5833.2407 1.6761e-01
5834.9912 1.9246e-01
5836.7417 1.7803e-01
5838.4922 1.8348e-01
5840.2446 1.6407e-01
5841.9961 1.6703e-01
5843.7490 1.8561e-01
5845.5020 1.8481e-01
5847.2559 1.5460e-01
5849.0103 1.5967e-01
5850.7642 1.7158e-01
5852.5195 1.9600e-01
5854.2754 1.6647e-01
5856.0317 1.7413e-01
5857.7881 1.5440e-01
5859.5454 1.9188e-01
5861.3032 1.8376e-01
5863.0625 1.7587e-01
5864.8208 2.0549e-01
5866.5806 1.9451e-01
5868.3403 1.7153e-01
5870.1006 1.7181e-01
5871.8618 1.9495e-01
5873.6230 1.6964e-01
5875.3857 1.7158e-01
5877.1479 2.0815e-01
5878.9111 1.9340e-01
5880.6748 1.7388e-01
5882.4390 1.6048e-01
5884.2036 1.5946e-01
5885.9692 1.8191e-01
5887.7349 1.7616e-01
5889.5010 1.7654e-01
5891.2676 1.6652e-01
5893.0356 1.6006e-01
5894.8032 1.5630e-01
5896.5718 1.8016e-01
5898.3408 1.7535e-01
5900.1108 1.8176e-01
5901.8804 1.8784e-01
5903.6509 2.0732e-01
5905.4219 1.6688e-01
5907.1938 1.4641e-01
5908.9663 1.7733e-01
5910.7383 1.8815e-01
5912.5112 1.7234e-01
5914.2856 1.6546e-01
5916.0601 1.9457e-01
5917.8345 1.7578e-01
5919.6099 1.8013e-01
5921.3857 1.9721e-01
5923.1621 1.7694e-01
5924.9395 1.7705e-01
5926.7163 1.9074e-01
5928.4946 1.7893e-01
5930.2729 1.7822e-01
5932.0522 1.8998e-01
5933.8315 1.9081e-01
5935.6123 2.0655e-01
5937.3926 1.7525e-01
5939.1738 1.7913e-01
5940.9556 1.9974e-01
5942.7383 1.8501e-01
5944.5210 1.9427e-01
5946.3042 1.6310e-01
5948.0879 1.7978e-01
5949.8726 1.6185e-01
5951.6572 2.1345e-01
5953.4434 1.9915e-01
5955.2290 1.8207e-01
5957.0151 1.6612e-01
5958.8022 2.0443e-01
5960.5903 1.8003e-01
5962.3789 1.7987e-01
5964.1670 1.8174e-01
5965.9561 1.9779e-01
5967.7466 1.6454e-01
5969.5366 1.8777e-01
5971.3276 1.7419e-01
5973.1187 1.9262e-01
5974.9106 1.9243e-01
5976.7031 1.8769e-01
5978.4961 1.6134e-01
5980.2900 1.6056e-01
5982.0845 1.5475e-01
5983.8789 1.8502e-01
5985.6729 1.7543e-01
5987.4692 1.6522e-01
5989.2651 1.7006e-01
5991.0620 1.9340e-01
5992.8589 1.8010e-01
5994.6572 1.7684e-01
5996.4556 1.8067e-01
5998.2549 1.6431e-01
6000.0547 1.7421e-01
6001.8545 1.5525e-01
6003.6548 1.8149e-01
6005.4561 1.6986e-01
6007.2578 1.8836e-01
6009.0596 1.9144e-01
6010.8623 1.7094e-01
6012.6660 1.7129e-01
6014.4697 1.7982e-01
6016.2739 1.6321e-01
6018.0786 1.9570e-01
6019.8843 1.6600e-01
6021.6909 1.8649e-01
6023.4966 1.7302e-01
6025.3037 1.7333e-01
6027.1108 1.5594e-01
6028.9199 1.7450e-01
6030.7285 1.6560e-01
6032.5366 1.7528e-01
6034.3472 1.5392e-01
6036.1577 1.9124e-01
6037.9683 1.6170e-01
6039.7793 1.7311e-01
6041.5918 1.7624e-01
6043.4038 1.5449e-01
6045.2173 1.8013e-01
6047.0312 1.7222e-01
6048.8447 1.7853e-01
6050.6592 1.7254e-01
6052.4751 1.8542e-01
6054.2905 1.7370e-01
6056.1069 1.4816e-01
6057.9233 1.6575e-01
6059.7407 1.8026e-01
6061.5586 1.8452e-01
6063.3770 1.7271e-01
6065.1968 1.5767e-01
6067.0161 1.7370e-01
6068.8359 1.7473e-01
6070.6567 1.7412e-01
6072.4785 1.6870e-01
6074.2998 1.9296e-01
6076.1221 1.6690e-01
6077.9448 1.6434e-01
6079.7681 1.9127e-01
6081.5918 1.8476e-01
6083.4160 1.3323e-01
6085.2417 1.5385e-01
6087.0664 1.7354e-01
6088.8936 1.6319e-01
6090.7197 1.7198e-01
6092.5469 1.9589e-01
6094.3745 1.5927e-01
6096.2031 1.5736e-01
6098.0327 1.5231e-01
6099.8613 1.7023e-01
6101.6914 1.5316e-01
6103.5220 1.7153e-01
6105.3530 1.7217e-01
6107.1846 1.7224e-01
6109.0171 1.8455e-01
6110.8496 1.5629e-01
6112.6831 1.4390e-01
6114.5166 1.6468e-01
6116.3511 1.7628e-01
6118.1855 1.3959e-01
6120.0210 1.7662e-01
6121.8574 1.6304e-01
6123.6938 1.7502e-01
6125.5308 1.7058e-01
6127.3687 1.4935e-01
6129.2065 1.7537e-01
6131.0454 1.4874e-01
6132.8843 1.7476e-01
6134.7246 1.6901e-01
6136.5649 1.6698e-01
6138.4062 1.6127e-01
6140.2476 1.6085e-01
6142.0894 1.6103e-01
6143.9316 1.4569e-01
6145.7759 1.6808e-01
6147.6191 1.6099e-01
6149.4634 1.3083e-01
6151.3081 1.5995e-01
6153.1538 1.3983e-01
6155.0000 1.4559e-01
6156.8462 1.5087e-01
6158.6934 1.5509e-01
6160.5410 1.4739e-01
6162.3892 1.6725e-01
6164.2373 1.5367e-01
6166.0869 1.7018e-01
6167.9370 1.5515e-01
6169.7871 1.7296e-01
6171.6387 1.2440e-01
6173.4897 1.5337e-01
6175.3413 1.4165e-01
6177.1938 1.4049e-01
6179.0474 1.5980e-01
6180.9009 1.5554e-01
6182.7549 1.3687e-01
6184.6104 1.3964e-01
6186.4653 1.3573e-01
6188.3213 1.3135e-01
6190.1782 1.4762e-01
6192.0356 1.6877e-01
6193.8931 1.2729e-01
6195.7505 1.3343e-01
6197.6099 1.5830e-01
6199.4688 1.4409e-01
6201.3281 1.4835e-01
6203.1895 1.5402e-01
6205.0498 1.4790e-01
6206.9121 1.4779e-01
6208.7739 1.3744e-01
6210.6367 1.3624e-01
6212.4995 1.2446e-01
6214.3633 1.5504e-01
6216.2275 1.2445e-01
6218.0923 1.3371e-01
6219.9575 1.4693e-01
6221.8237 1.3500e-01
6223.6904 1.3524e-01
6225.5576 1.3674e-01
6227.4258 1.2389e-01
6229.2935 1.3564e-01
6231.1621 1.2024e-01
6233.0317 1.5467e-01
6234.9019 1.5321e-01
6236.7720 1.0994e-01
6238.6431 1.4668e-01
6240.5146 1.2643e-01
6242.3867 1.3538e-01
6244.2598 1.0343e-01
6246.1323 1.4019e-01
6248.0063 1.2081e-01
6249.8813 1.2521e-01
6251.7559 1.1745e-01
6253.6313 1.2348e-01
6255.5073 1.1739e-01
6257.3843 1.1398e-01
6259.2617 1.2830e-01
6261.1392 1.1472e-01
6263.0176 1.2065e-01
6264.8970 1.3234e-01
6266.7759 1.0015e-01
6268.6562 1.0900e-01
6270.5361 1.1210e-01
6272.4180 1.1437e-01
6274.2993 1.1498e-01
6276.1816 1.0790e-01
6278.0645 1.0455e-01
6279.9478 1.1803e-01
6281.8320 8.6567e-02
6283.7168 1.1662e-01
6285.6021 1.1122e-01
6287.4868 1.1943e-01
6289.3740 1.0106e-01
6291.2603 1.2682e-01
6293.1475 1.0790e-01
6295.0352 1.0431e-01
6296.9238 1.1472e-01
6298.8130 1.1206e-01
6300.7026 1.1041e-01
6302.5933 9.2511e-02
6304.4839 1.0971e-01
6306.3755 1.1823e-01
6308.2676 1.1112e-01
6310.1597 1.2361e-01
6312.0527 9.6247e-02
6313.9468 1.2027e-01
6315.8398 1.0463e-01
6317.7349 1.2562e-01
6319.6304 9.9022e-02
6321.5269 1.2866e-01
6323.4233 1.1560e-01
6325.3198 1.1503e-01
6327.2178 1.1476e-01
6329.1157 1.1963e-01
6331.0146 1.0652e-01
6332.9131 1.0535e-01
6334.8140 1.1274e-01
6336.7139 1.2253e-01
6338.6147 1.0409e-01
6340.5166 1.3089e-01
6342.4189 9.8659e-02
6344.3213 9.9164e-02
6346.2246 9.3213e-02
6348.1284 1.2195e-01
6350.0332 1.0435e-01
6351.9380 1.2478e-01
6353.8442 9.8652e-02
6355.7500 1.0781e-01
6357.6572 1.1372e-01
6359.5645 1.1590e-01
6361.4717 1.1474e-01
6363.3804 1.0604e-01
6365.2891 1.2111e-01
6367.1987 1.2711e-01
6369.1089 1.2520e-01
6371.0200 1.2374e-01
6372.9312 1.1052e-01
6374.8428 1.0651e-01
6376.7549 1.1542e-01
6378.6685 1.1709e-01
6380.5820 1.1716e-01
6382.4966 1.0258e-01
6384.4111 1.2534e-01
6386.3257 1.2569e-01
6388.2422 1.2207e-01
6390.1587 1.1095e-01
6392.0752 1.0265e-01
6393.9932 1.2373e-01
6395.9116 1.1837e-01
6397.8301 1.1589e-01
6399.7490 1.0596e-01
6401.6694 1.1049e-01
6403.5898 1.3104e-01
6405.5112 1.2163e-01
6407.4331 1.1988e-01
6409.3545 1.2153e-01
6411.2778 1.2469e-01
6413.2012 1.1748e-01
6415.1250 1.1571e-01
6417.0493 1.3155e-01
6418.9741 1.0256e-01
6420.9004 9.4004e-02
6422.8262 1.1533e-01
6424.7534 1.1957e-01
6426.6812 1.1433e-01
6428.6094 1.3310e-01
6430.5381 1.0305e-01
6432.4668 1.1254e-01
6434.3960 1.3126e-01
6436.3267 1.2141e-01
6438.2578 1.2045e-01
6440.1895 1.1972e-01
6442.1216 1.2596e-01
6444.0537 1.1136e-01
6445.9868 1.1161e-01
6447.9209 1.1436e-01
6449.8550 1.2789e-01
6451.7905 1.0941e-01
6453.7256 1.2233e-01
6455.6621 1.3633e-01
6457.5986 1.0985e-01
6459.5356 1.3252e-01
6461.4741 1.2382e-01
6463.4121 1.1944e-01
6465.3506 1.1642e-01
6467.2905 1.1824e-01
6469.2310 1.2099e-01
6471.1719 1.1440e-01
6473.1128 1.0743e-01
6475.0552 1.1539e-01
6476.9976 1.0652e-01
6478.9409 1.0162e-01
6480.8848 1.1315e-01
6482.8286 1.1495e-01
6484.7739 1.0598e-01
6486.7192 1.0268e-01
6488.6650 1.2522e-01
6490.6113 1.1287e-01
6492.5581 8.6098e-02
6494.5063 1.1699e-01
6496.4546 1.1130e-01
6498.4038 1.0042e-01
6500.3535 1.1906e-01
6502.3032 1.1830e-01
6504.2539 1.0561e-01
6506.2056 1.1867e-01
6508.1572 1.2766e-01
6510.1099 9.6678e-02
6512.0625 1.2240e-01
6514.0166 1.1461e-01
6515.9702 1.1178e-01
6517.9258 9.7508e-02
6519.8809 1.2463e-01
6521.8364 1.1827e-01
6523.7930 1.0131e-01
6525.7505 1.0355e-01
6527.7075 1.2036e-01
6529.6665 1.2135e-01
6531.6255 1.0102e-01
6533.5845 1.1630e-01
6535.5449 1.2026e-01
6537.5054 1.0803e-01
6539.4668 1.1352e-01
6541.4282 1.1001e-01
6543.3911 1.2169e-01
6545.3545 1.0791e-01
6547.3179 9.7356e-02
6549.2817 9.9372e-02
6551.2466 1.0173e-01
6553.2124 1.1839e-01
6555.1777 1.1286e-01
6557.1445 1.0109e-01
6559.1113 1.0107e-01
6561.0796 8.9377e-02
6563.0479 9.3767e-02
6565.0166 1.0133e-01
6566.9863 1.0979e-01
6568.9561 1.0941e-01
6570.9268 1.0136e-01
6572.8979 1.0037e-01
6574.8701 8.2776e-02
6576.8423 9.0268e-02
6578.8154 1.0072e-01
6580.7896 9.8500e-02
6582.7632 1.0316e-01
6584.7383 1.0112e-01
6586.7139 9.6553e-02
6588.6895 1.0668e-01
6590.6660 8.8412e-02
6592.6431 9.9894e-02
6594.6211 8.4619e-02
6596.5996 8.1279e-02
6598.5791 1.0242e-01
6600.5581 1.0895e-01
6602.5386 9.2677e-02
6604.5190 8.6020e-02
6606.5005 9.2154e-02
6608.4824 8.4110e-02
6610.4648 1.0444e-01
6612.4482 8.7814e-02
6614.4326 9.1110e-02
6616.4160 9.7171e-02
6618.4009 1.0009e-01
6620.3867 1.0160e-01
6622.3730 1.0081e-01
6624.3594 8.8640e-02
6626.3467 9.0659e-02
6628.3350 8.1318e-02
6630.3232 9.3959e-02
6632.3125 9.0080e-02
6634.3022 8.6405e-02
6636.2920 8.4199e-02
6638.2827 9.8068e-02
6640.2744 8.9680e-02
6642.2671 9.6932e-02
6644.2593 7.8353e-02
6646.2529 6.1541e-02
6648.2471 9.3953e-02
6650.2412 9.3576e-02
6652.2358 8.2483e-02
6654.2314 6.4110e-02
6656.2280 8.5606e-02
6658.2251 9.0305e-02
6660.2222 1.0436e-01
6662.2207 8.8014e-02
6664.2197 7.9459e-02
6666.2178 8.6602e-02
6668.2178 1.0857e-01
6670.2188 9.3639e-02
6672.2192 8.9298e-02
6674.2212 9.3050e-02
6676.2241 7.8513e-02
6678.2266 7.0260e-02
6680.2300 9.0607e-02
6682.2334 8.2961e-02
6684.2388 8.2482e-02
6686.2446 7.7785e-02
6688.2500 9.3217e-02
6690.2563 9.0769e-02
6692.2627 5.9296e-02
6694.2715 8.3803e-02
6696.2793 7.4391e-02
6698.2881 8.1904e-02
6700.2979 7.1512e-02
6702.3081 6.5150e-02
6704.3188 7.5106e-02
6706.3301 6.0990e-02
6708.3418 6.3085e-02
6710.3545 7.1059e-02
6712.3672 6.8485e-02
6714.3809 5.9525e-02
6716.3955 7.5932e-02
6718.4106 6.1810e-02
6720.4263 6.6991e-02
6722.4419 6.4262e-02
6724.4585 7.8026e-02
6726.4756 8.3160e-02
6728.4946 6.4287e-02
6730.5127 7.8140e-02
6732.5312 6.4127e-02
6734.5513 6.9012e-02
6736.5718 7.1037e-02
6738.5923 6.9146e-02
6740.6152 6.2214e-02
6742.6367 6.6553e-02
6744.6587 6.3636e-02
6746.6831 5.5181e-02
6748.7065 6.9683e-02
6750.7310 5.9134e-02
6752.7563 6.7576e-02
6754.7822 5.9624e-02
6756.8091 7.5075e-02
6758.8359 7.2776e-02
6760.8633 6.1068e-02
6762.8916 7.4043e-02
6764.9209 6.8874e-02
6766.9502 7.2218e-02
6768.9805 7.5735e-02
6771.0107 6.9599e-02
6773.0425 6.8971e-02
6775.0742 8.0992e-02
6777.1064 7.2265e-02
6779.1401 7.2952e-02
6781.1733 6.3807e-02
6783.2080 6.2718e-02
6785.2427 7.0763e-02
6787.2783 6.6280e-02
6789.3149 6.6171e-02
6791.3516 8.2674e-02
6793.3887 6.8084e-02
6795.4272 6.7952e-02
6797.4653 7.2366e-02
6799.5049 7.4950e-02
6801.5444 6.4853e-02
6803.5854 6.8471e-02
6805.6260 6.7332e-02
6807.6685 6.7813e-02
6809.7100 6.4748e-02
6811.7534 6.6889e-02
6813.7964 7.2621e-02
6815.8408 6.8068e-02
6817.8853 6.2846e-02
6819.9312 6.1302e-02
6821.9771 7.1690e-02
6824.0234 6.2995e-02
6826.0703 5.9801e-02
6828.1182 7.6588e-02
6830.1670 6.7201e-02
6832.2163 7.0511e-02
6834.2651 6.8659e-02
6836.3154 6.5545e-02
6838.3667 6.6645e-02
6840.4180 6.2983e-02
6842.4702 6.7296e-02
6844.5229 7.8327e-02
6846.5762 6.4865e-02
6848.6304 5.9267e-02
6850.6851 6.5048e-02
6852.7402 6.0930e-02
6854.7959 6.3654e-02
6856.8525 4.9041e-02
6858.9097 7.2672e-02
6860.9668 6.8077e-02
6863.0254 5.8694e-02
6865.0845 6.5348e-02
6867.1440 5.5042e-02
6869.2041 6.9775e-02
6871.2646 4.9116e-02
6873.3257 4.7510e-02
6875.3882 6.0837e-02
6877.4512 5.4869e-02
6879.5137 6.7347e-02
6881.5781 6.5768e-02
6883.6421 5.3194e-02
6885.7075 6.4915e-02
6887.7729 6.8254e-02
6889.8394 6.9194e-02
6891.9062 5.5040e-02
6893.9746 5.2895e-02
6896.0425 6.0419e-02
6898.1113 5.9684e-02
6900.1802 5.3086e-02
6902.2505 5.2321e-02
6904.3213 5.0179e-02
6906.3926 5.7226e-02
6908.4648 5.1560e-02
6910.5366 6.5676e-02
6912.6099 7.1577e-02
6914.6841 6.1179e-02
6916.7588 6.2583e-02
6918.8335 5.9060e-02
6920.9092 6.0906e-02
6922.9849 5.9852e-02
6925.0620 5.6192e-02
6927.1401 5.9223e-02
6929.2178 4.9247e-02
6931.2964 6.7594e-02
6933.3760 5.4321e-02
6935.4561 5.4873e-02
6937.5371 5.4198e-02
6939.6182 7.3147e-02
6941.7002 6.3192e-02
6943.7822 6.6129e-02
6945.8657 5.4017e-02
6947.9487 5.4266e-02
6950.0337 5.0471e-02
6952.1182 5.9685e-02
6954.2046 5.8340e-02
6956.2905 6.0100e-02
6958.3779 6.7077e-02
6960.4644 7.0180e-02
6962.5527 5.9835e-02
6964.6421 6.9782e-02
6966.7314 6.1341e-02
6968.8208 5.2855e-02
6970.9116 5.8513e-02
6973.0029 6.4622e-02
6975.0947 6.8373e-02
6977.1880 6.3425e-02
6979.2803 6.5341e-02
6981.3745 6.3602e-02
6983.4692 5.8557e-02
6985.5635 5.4951e-02
6987.6602 5.2846e-02
6989.7559 7.0018e-02
6991.8525 5.8341e-02
6993.9507 5.1954e-02
6996.0488 5.6702e-02
6998.1479 4.5485e-02
7000.2471 6.9229e-02
7002.3467 5.5241e-02
7004.4468 6.0356e-02
7006.5488 5.4087e-02
7008.6514 5.8063e-02
7010.7529 5.5116e-02
7012.8564 5.7534e-02
7014.9609 5.5168e-02
7017.0654 4.9036e-02
7019.1699 6.3229e-02
7021.2759 5.6205e-02
7023.3823 5.9248e-02
7025.4893 5.7222e-02
7027.5977 5.0070e-02
7029.7051 5.9273e-02
7031.8145 5.7320e-02
7033.9238 5.7751e-02
7036.0337 6.0490e-02
7038.1450 4.4377e-02
7040.2559 5.6509e-02
7042.3687 5.5276e-02
7044.4805 6.0728e-02
7046.5938 5.1967e-02
7048.7080 5.3785e-02
7050.8228 5.3055e-02
7052.9385 4.4168e-02
7055.0542 7.2372e-02
7057.1704 5.2721e-02
7059.2881 6.4086e-02
7061.4053 5.2772e-02
7063.5234 5.4595e-02
7065.6431 6.2004e-02
7067.7627 6.3115e-02
7069.8828 5.6272e-02
7072.0039 5.8602e-02
7074.1255 4.9760e-02
7076.2476 6.2978e-02
7078.3706 4.6936e-02
7080.4937 5.5847e-02
7082.6187 6.4190e-02
7084.7432 4.8355e-02
7086.8687 5.7589e-02
7088.9946 5.1840e-02
7091.1216 5.7227e-02
7093.2490 6.6973e-02
7095.3765 5.5909e-02
7097.5049 5.3004e-02
7099.6348 6.8266e-02
7101.7642 4.8703e-02
7103.8945 6.1552e-02
7106.0264 5.5267e-02
7108.1582 5.5033e-02
7110.2905 5.5945e-02
7112.4229 6.0121e-02
7114.5571 5.7058e-02
7116.6914 4.5926e-02
7118.8262 5.8500e-02
7120.9619 6.1402e-02
7123.0986 5.5818e-02
7125.2354 6.9458e-02
7127.3730 5.3426e-02
7129.5112 6.1526e-02
7131.6499 4.6463e-02
7133.7896 4.9432e-02
7135.9292 4.8773e-02
7138.0703 6.1496e-02
7140.2119 6.0101e-02
7142.3540 4.6883e-02
7144.4966 4.5322e-02
7146.6396 3.6749e-02
7148.7842 4.8660e-02
7150.9287 5.5989e-02
7153.0742 4.4350e-02
7155.2197 5.7211e-02
7157.3667 4.2072e-02
7159.5137 3.6136e-02
7161.6616 4.6712e-02
7163.8101 4.6441e-02
7165.9590 4.9987e-02
7168.1089 4.7660e-02
7170.2593 4.5155e-02
7172.4102 5.0912e-02
7174.5625 4.9087e-02
7176.7144 4.8115e-02
7178.8672 4.9259e-02
7181.0210 4.8257e-02
7183.1753 6.0894e-02
7185.3306 4.8666e-02
7187.4858 4.1617e-02
7189.6421 5.3240e-02
7191.7988 4.9622e-02
7193.9565 4.8392e-02
7196.1147 5.8986e-02
7198.2734 5.4391e-02
7200.4336 5.9988e-02
7202.5928 3.6491e-02
7204.7539 4.6232e-02
7206.9155 5.7567e-02
7209.0771 4.9923e-02
7211.2402 5.8733e-02
7213.4033 5.6645e-02
7215.5674 5.4802e-02
7217.7324 4.8097e-02
7219.8979 4.6291e-02
7222.0635 4.9849e-02
7224.2300 5.6546e-02
7226.3979 4.0903e-02
7228.5654 5.5644e-02
7230.7334 5.5227e-02
7232.9033 4.3990e-02
7235.0728 5.6211e-02
7237.2432 4.8938e-02
7239.4150 5.0550e-02
7241.5864 4.1447e-02
7243.7593 5.0935e-02
7245.9321 5.2149e-02
7248.1060 4.7342e-02
7250.2803 4.4563e-02
7252.4551 4.9307e-02
7254.6313 6.1845e-02
7256.8076 4.1115e-02
7258.9849 4.7750e-02
7261.1626 5.7868e-02
7263.3408 4.5704e-02
7265.5200 3.6831e-02
7267.6992 5.4361e-02
7269.8799 5.5450e-02
7272.0605 4.9842e-02
7274.2422 4.9890e-02
7276.4243 4.1498e-02
7278.6069 5.0741e-02
7280.7910 5.4439e-02
7282.9751 4.7945e-02
7285.1602 4.8941e-02
7287.3452 4.1803e-02
7289.5317 5.7926e-02
7291.7188 5.6772e-02
7293.9067 4.3664e-02
7296.0947 3.5032e-02
7298.2832 5.0692e-02
7300.4727 3.8918e-02
7302.6631 4.8767e-02
7304.8540 4.3407e-02
7307.0454 5.0666e-02
7309.2373 3.9260e-02
7311.4292 4.9783e-02
7313.6235 5.5191e-02
7315.8179 4.7915e-02
7318.0122 5.5191e-02
7320.2075 4.6864e-02
7322.4038 4.6836e-02
7324.6001 5.0017e-02
7326.7979 4.7324e-02
7328.9961 4.8956e-02
7331.1943 4.6787e-02
7333.3936 4.1452e-02
7335.5938 3.9000e-02
7337.7944 5.3033e-02
7339.9956 4.4745e-02
7342.1982 4.9304e-02
7344.4004 4.7217e-02
7346.6035 5.2238e-02
7348.8081 4.6429e-02
7351.0127 5.5381e-02
7353.2183 4.5547e-02
7355.4238 6.3080e-02
7357.6304 5.0182e-02
7359.8374 3.6991e-02
7362.0459 4.4544e-02
7364.2549 4.8101e-02
7366.4634 4.6495e-02
7368.6738 4.2471e-02
7370.8838 4.8230e-02
7373.0957 4.6997e-02
7375.3071 4.8718e-02
7377.5200 4.4129e-02
7379.7334 4.0873e-02
7381.9473 4.7481e-02
7384.1616 4.7498e-02
7386.3770 5.1477e-02
7388.5928 5.2839e-02
7390.8096 4.8322e-02
7393.0264 4.7658e-02
7395.2446 4.4731e-02
7397.4639 4.4035e-02
7399.6826 3.5676e-02
7401.9023 4.8697e-02
7404.1230 4.7284e-02
7406.3438 3.9756e-02
7408.5654 4.8168e-02
7410.7886 4.7128e-02
7413.0122 4.2636e-02
7415.2354 3.6269e-02
7417.4604 4.5525e-02
7419.6855 4.3364e-02
7421.9116 5.3918e-02
7424.1382 4.8241e-02
7426.3652 4.5343e-02
7428.5933 4.3480e-02
7430.8218 4.2579e-02
7433.0513 3.5549e-02
7435.2808 3.8792e-02
7437.5117 5.2186e-02
7439.7432 3.9575e-02
7441.9741 4.3451e-02
7444.2070 3.3416e-02
7446.4404 4.5625e-02
7448.6748 5.0110e-02
7450.9097 5.0495e-02
7453.1440 4.0977e-02
7455.3809 4.1795e-02
7457.6167 4.4015e-02
7459.8545 3.9730e-02
7462.0923 3.7990e-02
7464.3306 3.7295e-02
7466.5698 3.8344e-02
7468.8096 5.0541e-02
7471.0503 4.6343e-02
7473.2920 4.4905e-02
7475.5342 4.4923e-02
7477.7769 4.1375e-02
7480.0205 4.0317e-02
7482.2637 5.4382e-02
7484.5088 4.6839e-02
7486.7539 3.5353e-02
7489.0000 3.8758e-02
7491.2471 4.3077e-02
7493.4937 4.7856e-02
7495.7422 3.4297e-02
7497.9912 5.3277e-02
7500.2402 3.4185e-02
7502.4902 4.2909e-02
7504.7412 3.0710e-02
7506.9927 3.6525e-02
7509.2441 3.5232e-02
7511.4976 3.8262e-02
7513.7510 3.8491e-02
7516.0044 3.4298e-02
7518.2593 4.7026e-02
7520.5151 3.9504e-02
7522.7715 4.4247e-02
7525.0283 3.5941e-02
7527.2861 2.9957e-02
7529.5439 4.0237e-02
7531.8027 4.7442e-02
7534.0620 4.2163e-02
7536.3228 4.2385e-02
7538.5835 3.8735e-02
7540.8447 3.6293e-02
7543.1074 3.5388e-02
7545.3706 4.3390e-02
7547.6338 4.5051e-02
7549.8984 4.7442e-02
7552.1626 3.7928e-02
7554.4292 3.4274e-02
7556.6948 3.6381e-02
7558.9619 3.6545e-02
7561.2295 3.9424e-02
7563.4976 2.4581e-02
7565.7671 3.5472e-02
7568.0366 4.0557e-02
7570.3071 3.4374e-02
7572.5786 5.5177e-02
7574.8511 3.5157e-02
7577.1230 3.8052e-02
7579.3960 4.1530e-02
7581.6694 4.4020e-02
7583.9443 3.4693e-02
7586.2192 3.8131e-02
7588.4956 4.3567e-02
7590.7715 4.2799e-02
7593.0488 4.2030e-02
7595.3262 2.9607e-02
7597.6060 3.6791e-02
7599.8843 3.6722e-02
7602.1641 2.9996e-02
7604.4448 3.5375e-02
7606.7271 4.7566e-02
7609.0093 4.0833e-02
7611.2910 2.6239e-02
7613.5752 3.4858e-02
7615.8589 3.2931e-02
7618.1440 3.2866e-02
7620.4292 3.8098e-02
7622.7153 3.2011e-02
7625.0020 2.9641e-02
7627.2896 3.3254e-02
7629.5781 4.0371e-02
7631.8662 3.2737e-02
7634.1562 4.1419e-02
7636.4468 4.2760e-02
7638.7378 2.9985e-02
7641.0288 3.5637e-02
7643.3213 3.7575e-02
7645.6138 3.2083e-02
7647.9072 3.2744e-02
7650.2021 4.1491e-02
7652.4971 3.1568e-02
7654.7935 3.2735e-02
7657.0894 3.7209e-02
7659.3867 3.8811e-02
7661.6846 3.2657e-02
7663.9829 2.3233e-02
7666.2817 4.1909e-02
7668.5825 4.6573e-02
7670.8823 3.8650e-02
7673.1841 3.8317e-02
7675.4854 3.8692e-02
7677.7891 2.8915e-02
7680.0918 3.3682e-02
7682.3960 3.4953e-02
7684.7002 3.6200e-02
7687.0059 3.6001e-02
7689.3125 4.1882e-02
7691.6191 3.5150e-02
7693.9268 3.5964e-02
7696.2344 3.2129e-02
7698.5430 3.3565e-02
7700.8530 2.9598e-02
7703.1631 3.0432e-02
7705.4746 2.5866e-02
7707.7856 3.4924e-02
7710.0981 3.0684e-02
7712.4111 3.9265e-02
7714.7251 3.3349e-02
7717.0391 3.4103e-02
7719.3540 3.2324e-02
7721.6699 4.0220e-02
7723.9868 3.1537e-02
7726.3042 4.1458e-02
7728.6216 3.4503e-02
7730.9409 3.3143e-02
7733.2593 3.6683e-02
7735.5796 2.9893e-02
7737.9004 4.1046e-02
7740.2217 2.9373e-02
7742.5435 3.2442e-02
7744.8662 3.8175e-02
7747.1895 4.0618e-02
7749.5142 3.9679e-02
7751.8394 3.7331e-02
7754.1650 2.1178e-02
7756.4907 3.8677e-02
7758.8174 3.5169e-02
7761.1450 3.3267e-02
7763.4736 2.9153e-02
7765.8022 2.9989e-02
7768.1323 2.9448e-02
7770.4634 3.2456e-02
7772.7944 2.8017e-02
7775.1260 3.0936e-02
7777.4585 3.3617e-02
7779.7915 2.5310e-02
7782.1260 3.7006e-02
7784.4604 3.1903e-02
7786.7954 2.9532e-02
7789.1318 2.7639e-02
7791.4683 2.8656e-02
7793.8062 2.8841e-02
7796.1436 4.1876e-02
7798.4824 3.6534e-02
7800.8218 3.8477e-02
7803.1626 2.6895e-02
7805.5034 3.1280e-02
7807.8447 3.8935e-02
7810.1880 3.1283e-02
7812.5303 3.7650e-02
7814.8745 3.6304e-02
7817.2192 2.8722e-02
7819.5640 3.9531e-02
7821.9106 3.3250e-02
7824.2559 3.2185e-02
7826.6040 3.5139e-02
7828.9521 3.9915e-02
7831.3003 2.6244e-02
7833.6499 2.9283e-02
7835.9995 2.4486e-02
7838.3511 3.0801e-02
7840.7021 3.6768e-02
7843.0547 2.6536e-02
7845.4077 3.9367e-02
7847.7603 2.9633e-02
7850.1152 3.4056e-02
7852.4702 2.8581e-02
7854.8262 3.0697e-02
7857.1821 2.5686e-02
7859.5396 4.1779e-02
7861.8975 3.1614e-02
7864.2559 4.4385e-02
7866.6157 3.1619e-02
7868.9756 3.3354e-02
7871.3359 3.2306e-02
7873.6978 3.0055e-02
7876.0601 3.3410e-02
7878.4224 5.0005e-02
7880.7856 3.8440e-02
7883.1509 2.8678e-02
7885.5151 3.5436e-02
7887.8809 3.3527e-02
7890.2476 4.5550e-02
7892.6147 4.1214e-02
7894.9814 3.2680e-02
7897.3501 2.8653e-02
7899.7192 3.7133e-02
7902.0898 3.8776e-02
7904.4604 3.5868e-02
7906.8311 3.6396e-02
7909.2036 3.7108e-02
7911.5767 3.5196e-02
7913.9497 3.5621e-02
7916.3247 3.5418e-02
7918.6987 4.2691e-02
7921.0742 4.3873e-02
7923.4512 3.4895e-02
7925.8276 2.8706e-02
7928.2051 3.2043e-02
7930.5845 4.0515e-02
7932.9634 3.5366e-02
7935.3433 4.2917e-02
7937.7236 3.4267e-02
7940.1050 2.7517e-02
7942.4873 3.2202e-02
7944.8701 3.0310e-02
7947.2529 3.5845e-02
7949.6377 3.9310e-02
7952.0225 3.7713e-02
7954.4082 4.0336e-02
7956.7949 3.7857e-02
7959.1807 3.2594e-02
7961.5688 3.1717e-02
7963.9580 3.9601e-02
7966.3462 3.6354e-02
7968.7368 3.7170e-02
7971.1274 3.0155e-02
7973.5181 3.5571e-02
7975.9111 3.6195e-02
7978.3032 3.3131e-02
7980.6973 2.6513e-02
7983.0908 3.8042e-02
7985.4858 4.0510e-02
7987.8823 3.3527e-02
7990.2778 3.5102e-02
7992.6748 3.5067e-02
7995.0728 3.5213e-02
7997.4717 3.1077e-02
7999.8711 3.8991e-02
8002.2710 5.0796e-02
8004.6709 4.2126e-02
8007.0723 3.2113e-02
8009.4746 3.8723e-02
8011.8779 3.8096e-02
8014.2812 3.3341e-02
8016.6855 4.1898e-02
8019.0903 3.5906e-02
8021.4966 4.3292e-02
8023.9028 2.9348e-02
8026.3105 3.8126e-02
8028.7173 2.6244e-02
8031.1260 3.3324e-02
8033.5361 2.4099e-02
8035.9458 3.6420e-02
8038.3569 4.2197e-02
8040.7681 3.9244e-02
8043.1807 3.0498e-02
8045.5933 3.2509e-02
8048.0068 3.7840e-02
8050.4214 2.7502e-02
8052.8364 2.7002e-02
8055.2520 3.0924e-02
8057.6689 2.7695e-02
8060.0864 3.7472e-02
8062.5049 3.4498e-02
8064.9229 4.4758e-02
8067.3423 3.4051e-02
8069.7632 2.9059e-02
8072.1836 2.6124e-02
8074.6050 2.7306e-02
8077.0278 3.1204e-02
8079.4507 3.9369e-02
8081.8745 2.8278e-02
8084.2988 3.8740e-02
8086.7251 3.8305e-02
8089.1509 2.8095e-02
8091.5771 3.3296e-02
8094.0049 4.3795e-02
8096.4331 3.0864e-02
8098.8618 3.4903e-02
8101.2910 3.0244e-02
8103.7217 3.5950e-02
8106.1528 2.9281e-02
8108.5845 2.8170e-02
8111.0171 3.7174e-02
8113.4502 3.3145e-02
8115.8843 3.2044e-02
8118.3188 3.3342e-02
8120.7549 3.4224e-02
8123.1914 3.6378e-02
8125.6284 3.3747e-02
8128.0659 3.1261e-02
8130.5049 3.1727e-02
8132.9438 3.0422e-02
8135.3833 2.8447e-02
8137.8237 3.0930e-02
8140.2651 3.0968e-02
8142.7075 3.4867e-02
8145.1504 3.2701e-02
8147.5938 3.6099e-02
8150.0376 3.2381e-02
8152.4834 3.7524e-02
8154.9292 2.7981e-02
8157.3750 4.1362e-02
8159.8228 2.5822e-02
8162.2705 3.3264e-02
8164.7192 3.4875e-02
8167.1685 3.2721e-02
8169.6187 3.1869e-02
8172.0693 3.2375e-02
8174.5210 3.4214e-02
8176.9736 3.7398e-02
8179.4268 3.5420e-02
8181.8809 3.6683e-02
8184.3350 3.6739e-02
8186.7900 3.4263e-02
8189.2456 3.5146e-02
8191.7031 3.0294e-02
8194.1602 2.6635e-02
8196.6191 3.6936e-02
8199.0781 3.7245e-02
8201.5371 3.8179e-02
8203.9980 3.5257e-02
8206.4590 2.9792e-02
8208.9219 2.8868e-02
8211.3838 3.5955e-02
8213.8477 3.0723e-02
8216.3115 3.4921e-02
8218.7764 3.7280e-02
8221.2422 4.0106e-02
8223.7090 3.3272e-02
8226.1758 3.7976e-02
8228.6436 2.6669e-02
8231.1123 3.2034e-02
8233.5811 3.5607e-02
8236.0518 3.0664e-02
8238.5215 4.3976e-02
8240.9932 4.0182e-02
8243.4658 3.7686e-02
8245.9395 3.0926e-02
8248.4131 3.6700e-02
8250.8877 3.8036e-02
8253.3623 3.3145e-02
8255.8389 2.9378e-02
8258.3154 3.7567e-02
8260.7920 4.3772e-02
8263.2715 3.1202e-02
8265.7500 2.8827e-02
8268.2305 3.7644e-02
8270.7100 3.9788e-02
8273.1914 3.2481e-02
8275.6738 2.6904e-02
8278.1553 3.5113e-02
8280.6396 3.4304e-02
8283.1240 3.6594e-02
8285.6094 3.9849e-02
8288.0947 3.7500e-02
8290.5811 2.4560e-02
8293.0674 3.3402e-02
8295.5557 2.6714e-02
8298.0449 3.2071e-02
8300.5352 3.4102e-02
8303.0234 3.9006e-02
8305.5156 3.5517e-02
8308.0068 2.6223e-02
8310.5000 3.3460e-02
8312.9922 3.7333e-02
8315.4863 3.1022e-02
8317.9805 3.5508e-02
8320.4766 2.6159e-02
8322.9717 3.6797e-02
8325.4697 4.0883e-02
8327.9668 3.8975e-02
8330.4658 3.0007e-02
8332.9639 4.6218e-02
8335.4648 3.1031e-02
8337.9648 4.0101e-02
8340.4668 2.8670e-02
8342.9688 3.4937e-02
8345.4717 3.4946e-02
8347.9746 3.2371e-02
8350.4795 3.1834e-02
8352.9844 3.9941e-02
8355.4902 3.6497e-02
8357.9971 3.4550e-02
8360.5039 2.0243e-02
8363.0127 2.9582e-02
8365.5215 3.9248e-02
8368.0312 3.5504e-02
8370.5420 3.4173e-02
8373.0527 3.8580e-02
8375.5654 3.4423e-02
8378.0771 3.7066e-02
8380.5908 4.2422e-02
8383.1045 2.5740e-02
8385.6191 3.4323e-02
8388.1348 3.7276e-02
8390.6523 3.2683e-02
8393.1689 3.7906e-02
8395.6865 3.2059e-02
8398.2061 3.3172e-02
8400.7246 3.3821e-02
8403.2461 3.6871e-02
8405.7666 3.0055e-02
8408.2881 3.1248e-02
8410.8105 3.6142e-02
8413.3340 3.8634e-02
8415.8584 2.6812e-02
8418.3818 3.3667e-02
8420.9082 3.3138e-02
8423.4346 2.8470e-02
8425.9609 3.9914e-02
8428.4893 2.3957e-02
8431.0186 3.3436e-02
8433.5479 3.1500e-02
8436.0771 3.5948e-02
8438.6074 3.4653e-02
8441.1396 3.1722e-02
8443.6729 3.7356e-02
8446.2051 2.6373e-02
8448.7383 4.3118e-02
8451.2734 3.2550e-02
8453.8086 4.1485e-02
8456.3457 3.1153e-02
8458.8828 3.2345e-02
8461.4199 3.5992e-02
8463.9580 4.2980e-02
8466.4971 3.3576e-02
8469.0371 3.3087e-02
8471.5781 4.0611e-02
8474.1191 4.1605e-02
8476.6621 3.3436e-02
8479.2051 4.0731e-02
8481.7480 3.7324e-02
8484.2930 3.4999e-02
8486.8379 3.2548e-02
8489.3848 3.6468e-02
8491.9316 3.7948e-02
8494.4795 4.2460e-02
8497.0264 2.7869e-02
8499.5762 2.6167e-02
8502.1260 4.6369e-02
8504.6777 3.2138e-02
8507.2285 3.4513e-02
8509.7803 3.3783e-02
8512.3330 4.0368e-02
8514.8857 2.8636e-02
8517.4414 3.8231e-02
8519.9961 2.8553e-02
8522.5527 4.9347e-02
8525.1094 3.2387e-02
8527.6670 3.2410e-02
8530.2246 3.9021e-02
8532.7842 2.5979e-02
8535.3438 3.5230e-02
8537.9053 3.2641e-02
8540.4668 3.4303e-02
8543.0273 3.5818e-02
8545.5908 4.5191e-02
8548.1543 4.4945e-02
8550.7188 2.9586e-02
8553.2842 3.1615e-02
8555.8496 4.1827e-02
8558.4170 3.1561e-02
8560.9844 3.5524e-02
8563.5527 3.9080e-02
8566.1221 3.6149e-02
8568.6914 4.0565e-02
8571.2617 4.1049e-02
8573.8350 2.6339e-02
8576.4062 3.7178e-02
8578.9785 4.4888e-02
8581.5527 3.8120e-02
8584.1270 3.8803e-02
8586.7031 4.1219e-02
8589.2783 3.7291e-02
8591.8555 3.4176e-02
8594.4326 3.7032e-02
8597.0117 3.0279e-02
8599.5898 3.4476e-02
8602.1699 3.7661e-02
8604.7500 3.3615e-02
8607.3320 4.0008e-02
8609.9150 3.3568e-02
8612.4971 3.6692e-02
8615.0811 3.3508e-02
8617.6660 3.1578e-02
8620.2500 4.0352e-02
8622.8369 3.9918e-02
8625.4229 3.8787e-02
8628.0117 3.4959e-02
8630.6006 3.8000e-02
8633.1885 4.1962e-02
8635.7793 4.2043e-02
8638.3711 3.4875e-02
8640.9609 3.4409e-02
8643.5527 3.2799e-02
8646.1465 3.2099e-02
8648.7393 3.1329e-02
8651.3350 4.0025e-02
8653.9307 3.3491e-02
8656.5264 4.8188e-02
8659.1230 3.5140e-02
8661.7207 3.9996e-02
8664.3203 3.1164e-02
8666.9189 3.1467e-02
8669.5186 3.3549e-02
8672.1201 3.1911e-02
8674.7217 3.5979e-02
8677.3242 3.7000e-02
8679.9277 2.5144e-02
8682.5312 3.3901e-02
8685.1367 3.6517e-02
8687.7412 2.8154e-02
8690.3477 3.7692e-02
8692.9551 3.3335e-02
8695.5625 3.6159e-02
8698.1709 2.6173e-02
8700.7803 3.4198e-02
8703.3916 3.9880e-02
8706.0020 3.3674e-02
8708.6133 4.0703e-02
8711.2266 3.1898e-02
8713.8398 3.9570e-02
8716.4541 2.3222e-02
8719.0684 3.8617e-02
8721.6846 3.6019e-02
8724.3018 3.1923e-02
8726.9189 4.2822e-02
8729.5371 3.5343e-02
8732.1553 3.8474e-02
8734.7754 4.1011e-02
8737.3955 3.7622e-02
8740.0166 3.5045e-02
8742.6387 3.1639e-02
8745.2607 3.5967e-02
8747.8848 3.0864e-02
8750.5098 4.1058e-02
8753.1348 3.8476e-02
8755.7607 4.1734e-02
8758.3867 2.7522e-02
8761.0146 3.6903e-02
8763.6436 3.6686e-02
8766.2715 4.3460e-02
8768.9023 4.0904e-02
8771.5322 3.2367e-02
8774.1641 3.0042e-02
8776.7959 4.1627e-02
8779.4287 3.4586e-02
8782.0635 3.9601e-02
8784.6982 4.1489e-02
8787.3330 3.3109e-02
8789.9697 3.6101e-02
8792.6074 3.6347e-02
8795.2451 2.5219e-02
8797.8838 2.8339e-02
8800.5234 2.9017e-02
8803.1621 3.6555e-02
8805.8027 2.9957e-02
8808.4453 3.7094e-02
8811.0879 3.5728e-02
8813.7314 3.6145e-02
8816.3750 3.1911e-02
8819.0205 3.6399e-02
8821.6660 3.5618e-02
8824.3125 2.4118e-02
8826.9590 3.2149e-02
8829.6084 3.2811e-02
8832.2568 3.9280e-02
8834.9062 3.6434e-02
8837.5557 3.1333e-02
8840.2080 3.2675e-02
8842.8594 2.2123e-02
8845.5127 3.2652e-02
8848.1670 3.1061e-02
8850.8213 3.6663e-02
8853.4766 2.5022e-02
8856.1328 3.4811e-02
8858.7881 3.3682e-02
8861.4463 2.8345e-02
8864.1045 4.6894e-02
8866.7646 2.8717e-02
8869.4238 3.5621e-02
8872.0850 3.0616e-02
8874.7471 2.8625e-02
8877.4092 3.0831e-02
8880.0732 2.8668e-02
8882.7373 4.0178e-02
8885.4014 3.3096e-02
8888.0674 3.1483e-02
8890.7334 3.4073e-02
8893.4004 3.7614e-02
8896.0684 3.1983e-02
8898.7373 3.5943e-02
8901.4072 2.9467e-02
8904.0771 2.6974e-02
8906.7480 2.8554e-02
8909.4199 3.3646e-02
8912.0938 2.4586e-02
8914.7676 3.4452e-02
8917.4414 3.3161e-02
8920.1172 3.1426e-02
8922.7930 3.4919e-02
8925.4697 2.9432e-02
8928.1475 2.9288e-02
8930.8262 3.1883e-02
8933.5049 3.6069e-02
8936.1855 3.5159e-02
8938.8652 3.2145e-02
8941.5469 2.3848e-02
8944.2295 3.3227e-02
8946.9141 2.7498e-02
8949.5977 2.1896e-02
8952.2822 3.4386e-02
8954.9678 3.2683e-02
8957.6553 3.3466e-02
8960.3418 3.6284e-02
8963.0293 3.4502e-02
8965.7178 3.2390e-02
8968.4082 2.6123e-02
8971.0986 3.4212e-02
8973.7910 3.3388e-02
8976.4824 2.0874e-02
8979.1748 3.6099e-02
8981.8691 3.1113e-02
8984.5635 3.5641e-02
8987.2588 3.0860e-02
8989.9551 2.9178e-02
8992.6523 2.3712e-02
8995.3506 2.8547e-02
8998.0488 2.9109e-02
9000.7480 2.7808e-02
9003.4482 3.0343e-02
9006.1494 3.2583e-02
9008.8516 2.7343e-02
9011.5537 3.6075e-02
9014.2578 3.2396e-02
9016.9609 2.6573e-02
9019.6660 2.8728e-02
9022.3721 2.7502e-02
9025.0791 2.7708e-02
9027.7871 3.4658e-02
9030.4951 3.6285e-02
9033.2051 2.8065e-02
9035.9150 1.8742e-02
9038.6260 2.8309e-02
9041.3369 2.2808e-02
9044.0498 2.1670e-02
9046.7627 2.8004e-02
9049.4766 3.0475e-02
9052.1914 3.2562e-02
9054.9072 2.4594e-02
9057.6240 2.7905e-02
9060.3398 2.7783e-02
9063.0586 3.2896e-02
9065.7773 3.0773e-02
9068.4971 1.6634e-02
9071.2168 2.2922e-02
9073.9395 2.5867e-02
9076.6611 2.6852e-02
9079.3848 3.6869e-02
9082.1074 2.4982e-02
9084.8330 2.0385e-02
9087.5576 2.5776e-02
9090.2832 2.8127e-02
9093.0117 2.5645e-02
9095.7393 2.4625e-02
9098.4688 2.2029e-02
9101.1973 2.3214e-02
9103.9287 2.6362e-02
9106.6592 2.2520e-02
9109.3906 2.6609e-02
9112.1250 2.2291e-02
9114.8584 2.1733e-02
9117.5928 3.0205e-02
9120.3271 1.9339e-02
9123.0635 2.3946e-02
9125.8008 3.1766e-02
9128.5391 2.8404e-02
9131.2764 2.5155e-02
9134.0156 2.6848e-02
9136.7568 3.3222e-02
9139.4980 2.0077e-02
9142.2383 1.8122e-02
9144.9814 2.3094e-02
9147.7266 2.4461e-02
9150.4707 1.8517e-02
9153.2158 2.6488e-02
9155.9609 1.9948e-02
9158.7070 2.9708e-02
9161.4551 2.3531e-02
9164.2041 2.8405e-02
9166.9531 2.1358e-02
9169.7031 2.8203e-02
9172.4541 2.7117e-02
9175.2051 2.2846e-02
9177.9580 2.6597e-02
9180.7109 2.5959e-02
9183.4668 2.5905e-02
9186.2207 3.0538e-02
9188.9766 1.9478e-02
9191.7334 2.9609e-02
9194.4912 2.7435e-02
9197.2490 1.8490e-02
9200.0088 2.9731e-02
9202.7686 2.8185e-02
9205.5293 2.1724e-02
9208.2920 2.7726e-02
9211.0527 2.9724e-02
9213.8164 2.3627e-02
9216.5811 1.5801e-02
9219.3467 2.4633e-02
9222.1113 2.5565e-02
9224.8789 2.6855e-02
9227.6455 2.4508e-02
9230.4141 2.3207e-02
9233.1836 2.9577e-02
9235.9531 2.2184e-02
9238.7246 2.7542e-02
9241.4951 2.2023e-02
9244.2686 2.0480e-02
9247.0410 2.4237e-02
9249.8154 1.9960e-02
9252.5908 2.6620e-02
9255.3652 2.0537e-02
9258.1426 2.3748e-02
9260.9209 2.6829e-02
9263.6992 2.6254e-02
9266.4775 1.8897e-02
9269.2568 2.0033e-02
9272.0381 2.6811e-02
9274.8203 2.9681e-02
9277.6025 2.7131e-02
9280.3857 2.3202e-02
9283.1709 3.0359e-02
9285.9541 2.6695e-02
9288.7402 2.1456e-02
9291.5264 2.4251e-02
9294.3135 2.1915e-02
9297.1025 2.2580e-02
9299.8926 2.7156e-02
9302.6816 2.6945e-02
9305.4727 2.2345e-02
9308.2646 3.0237e-02
9311.0566 1.6513e-02
9313.8506 2.1995e-02
9316.6436 2.0269e-02
9319.4395 2.1576e-02
9322.2354 2.2620e-02
9325.0322 2.5796e-02
9327.8291 2.1590e-02
9330.6279 2.5141e-02
9333.4277 1.8473e-02
9336.2266 2.5830e-02
9339.0283 2.5137e-02
9341.8291 3.0523e-02
9344.6318 2.5250e-02
9347.4355 2.7796e-02
9350.2402 1.8816e-02
9353.0449 2.3635e-02
9355.8516 2.6563e-02
9358.6572 1.9286e-02
9361.4658 2.2597e-02
9364.2734 2.0419e-02
9367.0830 2.1522e-02
9369.8936 3.1808e-02
9372.7041 2.5778e-02
9375.5156 2.6995e-02
9378.3291 2.5830e-02
9381.1416 2.2726e-02
9383.9561 3.0063e-02
9386.7715 2.2529e-02
9389.5879 2.1538e-02
9392.4043 2.1376e-02
9395.2217 2.4477e-02
9398.0400 1.6391e-02
9400.8594 2.3366e-02
9403.6807 1.6333e-02
9406.5020 3.0662e-02
9409.3242 2.0649e-02
9412.1465 2.1496e-02
9414.9707 2.2745e-02
9417.7939 2.1222e-02
9420.6201 2.5196e-02
9423.4453 1.9329e-02
9426.2725 2.4436e-02
9429.1006 2.4348e-02
9431.9287 2.3907e-02
9434.7588 2.4895e-02
9437.5898 1.9015e-02
9440.4209 2.4524e-02
9443.2529 1.5461e-02
9446.0859 1.7317e-02
9448.9199 1.8426e-02
9451.7549 2.3680e-02
9454.5889 2.2986e-02
9457.4268 2.9322e-02
9460.2637 2.4164e-02
9463.1016 2.1154e-02
9465.9414 2.6747e-02
9468.7803 2.6210e-02
9471.6211 1.9091e-02
9474.4629 1.9838e-02
9477.3047 2.2440e-02
9480.1484 1.9880e-02
9482.9922 1.8632e-02
9485.8369 2.6175e-02
9488.6836 1.9824e-02
9491.5303 2.0622e-02
9494.3760 2.2315e-02
9497.2256 2.6289e-02
9500.0742 1.5015e-02
9502.9238 1.8353e-02
9505.7754 2.1314e-02
9508.6270 2.3682e-02
9511.4805 2.7980e-02
9514.3320 2.1175e-02
9517.1875 2.1058e-02
9520.0420 1.8144e-02
9522.8984 2.3353e-02
9525.7559 2.1111e-02
9528.6133 1.9373e-02
9531.4717 1.6134e-02
9534.3311 1.5632e-02
9537.1914 2.1142e-02
9540.0518 2.1471e-02
9542.9150 1.8802e-02
9545.7773 2.1161e-02
9548.6416 1.9221e-02
9551.5059 1.3565e-02
9554.3711 2.3462e-02
9557.2373 2.0187e-02
9560.1045 2.6296e-02
9562.9727 2.5487e-02
9565.8418 1.8731e-02
9568.7109 1.6210e-02
9571.5820 2.6716e-02
9574.4531 1.8498e-02
9577.3252 2.2980e-02
9580.1992 2.1068e-02
9583.0723 2.1514e-02
9585.9473 1.7152e-02
9588.8242 1.7003e-02
9591.7002 2.0066e-02
9594.5781 1.7438e-02
9597.4561 1.9680e-02
9600.3350 1.9859e-02
9603.2158 1.8321e-02
9606.0957 2.2233e-02
9608.9775 2.0845e-02
9611.8613 1.9507e-02
9614.7441 1.7705e-02
9617.6279 1.2626e-02
9620.5137 2.2494e-02
9623.4014 1.3850e-02
9626.2881 1.4976e-02
9629.1748 1.8908e-02
9632.0645 2.2101e-02
9634.9541 2.3179e-02
9637.8438 1.8224e-02
9640.7363 1.6313e-02
9643.6270 1.6776e-02
9646.5215 1.6620e-02
9649.4141 1.9717e-02
9652.3086 1.9546e-02
9655.2051 1.7362e-02
9658.1016 1.8727e-02
9660.9990 2.0193e-02
9663.8975 2.3141e-02
9666.7969 1.4805e-02
9669.6973 1.5891e-02
9672.5967 1.4674e-02
9675.5000 1.5910e-02
9678.4023 1.3370e-02
9681.3057 1.8613e-02
9684.2109 1.7901e-02
9687.1152 1.8541e-02
9690.0215 1.6340e-02
9692.9287 1.1407e-02
9695.8369 1.9274e-02
9698.7441 1.4932e-02
9701.6553 2.2226e-02
9704.5645 1.3079e-02
9707.4775 1.6690e-02
9710.3887 1.2818e-02
9713.3008 2.1204e-02
9716.2158 1.5164e-02
9719.1299 1.1433e-02
9722.0459 2.0106e-02
9724.9629 1.2099e-02
9727.8809 1.3261e-02
9730.7988 1.3243e-02
9733.7178 1.4531e-02
9736.6387 1.7653e-02
9739.5586 1.3127e-02
9742.4805 1.9489e-02
9745.4033 1.3662e-02
9748.3281 1.6477e-02
9751.2520 1.2589e-02
9754.1777 1.5993e-02
9757.1035 1.9188e-02
9760.0303 2.0648e-02
9762.9590 1.7129e-02
9765.8877 1.5027e-02
9768.8174 1.3046e-02
9771.7480 1.8636e-02
9774.6797 1.8745e-02
9777.6113 1.3986e-02
9780.5459 1.4430e-02
9783.4795 1.4665e-02
9786.4141 1.0814e-02
9789.3496 1.2898e-02
9792.2871 1.4677e-02
9795.2256 1.3587e-02
9798.1641 1.5119e-02
9801.1035 9.8402e-03
9804.0430 1.8217e-02
9806.9844 1.5624e-02
9809.9268 1.4220e-02
9812.8691 1.4433e-02
9815.8125 1.6937e-02
9818.7578 1.2626e-02
9821.7041 1.3065e-02
9824.6494 1.6216e-02
9827.5967 1.1961e-02
9830.5469 1.3440e-02
9833.4951 1.4338e-02
9836.4453 1.5747e-02
9839.3965 1.0075e-02
9842.3486 9.6250e-03
9845.2998 1.5676e-02
9848.2549 1.4603e-02
9851.2080 1.0101e-02
9854.1641 1.6300e-02
9857.1201 2.1149e-02
9860.0771 1.4410e-02
9863.0361 9.0166e-03
9865.9941 1.6339e-02
9868.9541 1.6050e-02
9871.9150 1.3781e-02
9874.8760 1.1769e-02
9877.8389 1.4849e-02
9880.8018 1.3962e-02
9883.7666 1.3369e-02
9886.7324 1.4137e-02
9889.6982 1.5055e-02
9892.6641 1.0954e-02
9895.6338 1.4627e-02
9898.6016 1.3976e-02
9901.5713 1.4479e-02
9904.5420 6.8773e-03
9907.5127 1.4427e-02
9910.4854 1.1977e-02
9913.4590 9.2303e-03
9916.4326 1.0680e-02
9919.4072 8.5356e-03
9922.3828 1.2859e-02
9925.3584 1.5016e-02
9928.3379 1.2997e-02
9931.3164 1.2059e-02
9934.2949 1.1980e-02
9937.2754 1.3828e-02
9940.2568 1.3469e-02
9943.2383 9.9999e-03
9946.2207 1.2066e-02
9949.2061 1.1009e-02
9952.1904 1.3311e-02
9955.1758 1.1726e-02
9958.1631 1.1492e-02
9961.1494 8.9354e-03
9964.1387 1.0942e-02
9967.1279 8.8620e-03
9970.1182 1.4115e-02
9973.1084 8.3237e-03
9976.1006 1.4898e-02
9979.0928 1.3152e-02
9982.0859 1.2412e-02
9985.0820 1.2288e-02
9988.0771 1.5150e-02
9991.0732 1.1376e-02
9994.0713 1.1497e-02
9997.0693 1.4239e-02
10000.0684 7.7324e-03
10003.0674 5.8088e-03
10006.0684 1.2317e-02
10009.0713 4.6472e-03
10012.0742 1.4752e-02
10015.0771 1.0525e-02
10018.0820 9.8073e-03
10021.0879 1.3936e-02
10024.0938 9.5332e-03
10027.1006 1.3975e-02
10030.1084 1.2062e-02
10033.1172 1.0553e-02
10036.1270 9.4311e-03
10039.1387 6.0433e-03
10042.1504 8.4210e-03
10045.1631 9.7341e-03
10048.1768 1.0929e-02
10051.1924 9.0247e-03
10054.2061 6.7101e-03
10057.2227 2.0745e-02
10060.2402 9.2485e-03
10063.2578 1.1274e-02
10066.2773 1.1941e-02
10069.2969 1.1297e-02
10072.3174 1.4081e-02
10075.3379 9.3185e-03
10078.3623 1.2784e-02
10081.3848 1.0111e-02
10084.4102 9.2006e-03
10087.4346 8.9374e-03
10090.4619 6.3186e-03
10093.4883 7.2785e-03
10096.5166 7.9359e-03
10099.5459 9.1253e-03
10102.5742 5.8298e-03
10105.6055 1.1170e-02
10108.6367 7.9899e-03
10111.6709 7.2730e-03
10114.7041 9.9947e-03
10117.7383 5.9859e-03
10120.7734 6.4427e-03
10123.8105 1.1025e-02
10126.8477 1.0562e-02
10129.8857 1.3527e-02
10132.9248 8.4318e-03
10135.9648 1.0956e-02
10139.0049 1.3474e-02
10142.0479 1.1750e-02
10145.0879 8.7695e-03
10148.1318 1.1176e-02
10151.1768 1.2136e-02
10154.2227 1.1023e-02
10157.2686 1.4418e-02
10160.3154 1.1826e-02
10163.3643 6.7003e-03
10166.4121 1.3890e-02
10169.4629 9.9233e-03
10172.5137 1.2139e-02
10175.5654 1.4328e-02
10178.6191 9.7779e-03
10181.6719 9.3754e-03
10184.7256 1.1412e-02
10187.7822 1.1474e-02
10190.8379 1.0104e-02
10193.8945 7.0309e-03
10196.9541 1.2057e-02
10200.0127 1.1472e-02
10203.0723 1.2336e-02
10206.1328 8.7727e-03
10209.1953 8.4098e-03
10212.2578 9.6647e-03
10215.3223 9.4007e-03
10218.3867 6.1678e-03
10221.4521 1.5449e-02
10224.5186 4.7631e-03
10227.5850 8.8421e-03
10230.6543 9.4278e-03
10233.7246 6.4786e-03
10236.7930 7.1820e-03
10239.8643 1.0934e-02
10242.9355 8.7374e-03
10246.0098 1.3037e-02
10249.0830 8.0708e-03
10252.1572 1.0697e-02
10255.2334 6.1024e-03
10258.3096 8.5891e-03
10261.3877 1.0441e-02
10264.4648 6.9757e-03
10267.5449 1.2732e-02
10270.6250 1.3985e-02
