# time_explosion = 6.75
# 
3082.8928 5.2354e-02
3083.8179 5.5654e-02
3084.7432 7.1778e-02
3085.6685 5.6969e-02
3086.5940 7.1369e-02
3087.5200 6.0579e-02
3088.4463 4.7433e-02
3089.3728 7.3773e-02
3090.2996 5.7473e-02
3091.2268 5.3247e-02
3092.1541 7.9276e-02
3093.0815 5.7463e-02
3094.0098 6.5268e-02
3094.9380 7.5266e-02
3095.8665 4.7552e-02
3096.7952 7.3757e-02
3097.7241 6.6289e-02
3098.6536 5.0092e-02
3099.5828 5.7559e-02
3100.5129 5.7197e-02
3101.4431 6.2269e-02
3102.3735 4.3363e-02
3103.3042 4.8609e-02
3104.2354 6.5818e-02
3105.1665 5.9721e-02
3106.0981 4.4501e-02
3107.0300 6.1615e-02
3107.9619 6.2227e-02
3108.8943 3.5866e-02
3109.8269 5.5143e-02
3110.7600 4.0405e-02
3111.6929 4.3209e-02
3112.6265 6.8914e-02
3113.5605 4.2329e-02
3114.4944 3.9284e-02
3115.4290 4.0133e-02
3116.3635 5.1727e-02
3117.2986 5.9378e-02
3118.2336 4.5676e-02
3119.1689 6.3905e-02
3120.1047 5.0723e-02
3121.0410 4.7466e-02
3121.9773 4.2662e-02
3122.9136 3.7586e-02
3123.8508 3.0225e-02
3124.7878 5.6001e-02
3125.7251 4.7966e-02
3126.6628 4.2524e-02
3127.6008 6.9713e-02
3128.5393 4.5977e-02
3129.4778 6.8810e-02
3130.4170 3.9757e-02
3131.3557 4.8302e-02
3132.2954 3.6930e-02
3133.2349 6.1718e-02
3134.1748 5.1509e-02
3135.1150 3.5562e-02
3136.0559 4.1796e-02
3136.9968 4.5279e-02
3137.9377 4.3411e-02
3138.8789 4.4200e-02
3139.8206 2.7630e-02
3140.7625 6.2728e-02
3141.7046 3.6814e-02
3142.6472 5.1902e-02
3143.5901 4.7726e-02
3144.5334 4.5605e-02
3145.4766 3.7008e-02
3146.4202 5.8408e-02
3147.3643 4.4583e-02
3148.3086 4.6675e-02
3149.2529 4.1401e-02
3150.1975 4.9655e-02
3151.1426 3.8267e-02
3152.0881 6.3934e-02
3153.0337 5.3410e-02
3153.9795 4.6270e-02
3154.9255 6.6615e-02
3155.8723 5.6568e-02
3156.8188 4.4757e-02
3157.7661 5.9296e-02
3158.7134 4.6584e-02
3159.6609 5.2088e-02
3160.6086 4.9725e-02
3161.5571 6.0419e-02
3162.5054 4.1640e-02
3163.4541 4.8531e-02
3164.4031 4.6669e-02
3165.3528 6.9085e-02
3166.3022 5.2409e-02
3167.2522 5.9155e-02
3168.2024 5.2329e-02
3169.1526 5.1400e-02
3170.1035 4.8477e-02
3171.0544 7.0055e-02
3172.0061 6.7276e-02
3172.9573 5.1162e-02
3173.9092 4.8343e-02
3174.8613 3.9870e-02
3175.8140 5.3189e-02
3176.7668 6.8810e-02
3177.7197 5.1796e-02
3178.6729 5.7884e-02
3179.6267 4.8204e-02
3180.5808 2.8622e-02
3181.5347 5.1452e-02
3182.4893 4.9100e-02
3183.4438 5.6906e-02
3184.3987 5.7947e-02
3185.3542 5.6389e-02
3186.3101 5.5895e-02
3187.2659 5.1559e-02
3188.2217 2.2805e-02
3189.1785 5.8886e-02
3190.1350 4.5527e-02
3191.0920 6.3262e-02
3192.0493 6.3346e-02
3193.0071 3.3907e-02
3193.9651 3.9002e-02
3194.9233 5.6135e-02
3195.8818 5.4752e-02
3196.8408 5.1451e-02
3197.7996 5.0918e-02
3198.7590 5.2530e-02
3199.7185 4.6601e-02
3200.6782 4.1525e-02
3201.6387 4.2311e-02
3202.5991 4.7086e-02
3203.5598 6.5974e-02
3204.5208 4.7971e-02
3205.4824 4.4557e-02
3206.4441 4.3479e-02
3207.4058 4.4289e-02
3208.3682 4.9370e-02
3209.3306 5.0034e-02
3210.2935 4.0235e-02
3211.2563 2.2858e-02
3212.2200 4.0560e-02
3213.1833 4.0137e-02
3214.1472 4.3777e-02
3215.1118 7.2214e-02
3216.0764 5.6634e-02
3217.0413 4.3638e-02
3218.0061 4.0051e-02
3218.9714 5.0314e-02
3219.9373 5.3857e-02
3220.9031 4.6319e-02
3221.8699 4.8775e-02
3222.8362 4.9199e-02
3223.8030 5.6533e-02
3224.7700 4.1173e-02
3225.7375 5.3418e-02
3226.7053 3.8374e-02
3227.6731 4.2117e-02
3228.6416 3.7720e-02
3229.6101 4.7859e-02
3230.5791 2.1788e-02
3231.5483 6.1104e-02
3232.5178 5.4421e-02
3233.4875 4.9371e-02
3234.4575 3.0757e-02
3235.4280 5.7915e-02
3236.3984 4.4771e-02
3237.3691 5.7029e-02
3238.3403 2.2986e-02
3239.3120 4.3062e-02
3240.2839 3.4384e-02
3241.2559 6.4630e-02
3242.2285 3.3800e-02
3243.2012 5.2555e-02
3244.1743 3.8816e-02
3245.1472 5.2676e-02
3246.1208 3.7380e-02
3247.0947 3.6994e-02
3248.0688 3.7848e-02
3249.0432 4.4151e-02
3250.0178 3.7372e-02
3250.9929 2.8051e-02
3251.9680 3.8348e-02
3252.9438 2.5663e-02
3253.9194 4.5128e-02
3254.8958 5.1552e-02
3255.8723 4.2691e-02
3256.8489 3.6215e-02
3257.8262 3.4228e-02
3258.8035 4.9990e-02
3259.7810 3.9653e-02
3260.7593 4.6842e-02
3261.7373 2.5427e-02
3262.7158 4.3737e-02
3263.6946 4.3086e-02
3264.6736 3.9157e-02
3265.6531 3.9364e-02
3266.6331 5.1945e-02
3267.6130 6.0345e-02
3268.5930 3.3373e-02
3269.5735 4.8293e-02
3270.5544 4.5700e-02
3271.5356 3.8205e-02
3272.5171 5.4112e-02
3273.4990 5.0583e-02
3274.4812 4.6513e-02
3275.4634 4.9457e-02
3276.4458 4.3378e-02
3277.4287 4.4133e-02
3278.4124 6.5191e-02
3279.3958 5.1941e-02
3280.3794 4.9453e-02
3281.3635 6.1382e-02
3282.3479 5.4379e-02
3283.3325 5.6617e-02
3284.3179 5.5295e-02
3285.3030 5.0131e-02
3286.2888 5.0250e-02
3287.2744 6.6757e-02
3288.2605 3.7576e-02
3289.2471 5.8012e-02
3290.2339 7.4563e-02
3291.2212 3.8383e-02
3292.2083 5.7783e-02
3293.1958 6.1474e-02
3294.1838 5.1045e-02
3295.1724 8.0259e-02
3296.1609 6.2896e-02
3297.1497 6.2228e-02
3298.1387 4.7193e-02
3299.1282 6.9469e-02
3300.1177 8.0823e-02
3301.1079 8.0717e-02
3302.0984 5.4863e-02
3303.0889 6.5880e-02
3304.0798 7.0655e-02
3305.0713 1.0220e-01
3306.0627 7.2356e-02
3307.0544 7.0227e-02
3308.0466 8.1754e-02
3309.0391 1.1211e-01
3310.0317 8.3976e-02
3311.0247 1.0040e-01
3312.0178 8.3706e-02
3313.0117 9.5336e-02
3314.0054 9.3996e-02
3315.0000 7.0283e-02
3315.9941 8.3167e-02
3316.9890 1.0179e-01
3317.9839 1.0772e-01
3318.9795 7.2545e-02
3319.9751 8.7202e-02
3320.9712 9.4364e-02
3321.9678 8.1249e-02
3322.9639 7.3023e-02
3323.9607 1.0944e-01
3324.9580 7.7026e-02
3325.9558 9.0064e-02
3326.9536 8.2539e-02
3327.9514 9.9957e-02
3328.9497 8.2985e-02
3329.9482 1.1230e-01
3330.9475 1.1364e-01
3331.9468 7.3478e-02
3332.9463 1.0038e-01
3333.9463 9.1694e-02
3334.9463 1.1384e-01
3335.9473 8.8052e-02
3336.9478 1.1169e-01
3337.9487 1.0653e-01
3338.9502 9.6023e-02
3339.9517 6.8389e-02
3340.9536 1.0276e-01
3341.9561 9.5500e-02
3342.9587 1.1238e-01
3343.9614 1.2579e-01
3344.9651 1.1175e-01
3345.9685 9.2625e-02
3346.9722 1.3726e-01
3347.9763 1.0865e-01
3348.9805 6.6561e-02
3349.9854 1.0657e-01
3350.9902 1.1671e-01
3351.9956 1.0060e-01
3353.0010 1.1668e-01
3354.0073 1.0407e-01
3355.0129 9.0747e-02
3356.0198 8.7319e-02
3357.0264 1.0987e-01
3358.0334 8.5827e-02
3359.0410 9.2376e-02
3360.0488 1.0051e-01
3361.0569 1.0802e-01
3362.0654 9.1262e-02
3363.0740 1.0940e-01
3364.0828 1.0862e-01
3365.0918 1.0622e-01
3366.1013 8.1299e-02
3367.1113 1.3413e-01
3368.1213 1.0373e-01
3369.1318 1.3136e-01
3370.1426 8.7963e-02
3371.1536 1.1975e-01
3372.1650 1.2377e-01
3373.1768 1.2895e-01
3374.1885 1.2029e-01
3375.2004 1.1780e-01
3376.2134 9.7368e-02
3377.2261 1.1046e-01
3378.2395 1.3408e-01
3379.2529 9.6219e-02
3380.2664 1.0597e-01
3381.2805 1.2162e-01
3382.2952 1.2146e-01
3383.3098 1.3122e-01
3384.3250 9.7737e-02
3385.3401 1.3055e-01
3386.3557 1.2449e-01
3387.3716 1.3150e-01
3388.3879 1.0864e-01
3389.4045 1.0977e-01
3390.4211 1.3298e-01
3391.4385 9.7348e-02
3392.4558 8.8718e-02
3393.4736 1.1210e-01
3394.4915 1.2135e-01
3395.5100 1.1345e-01
3396.5286 1.1282e-01
3397.5474 9.5965e-02
3398.5667 1.2934e-01
3399.5862 1.2560e-01
3400.6062 8.1821e-02
3401.6262 9.5347e-02
3402.6467 9.2991e-02
3403.6677 1.3891e-01
3404.6887 1.4391e-01
3405.7100 9.4824e-02
3406.7319 1.2585e-01
3407.7539 1.2481e-01
3408.7764 1.1472e-01
3409.7988 1.2677e-01
3410.8218 1.0732e-01
3411.8450 1.3183e-01
3412.8687 1.0393e-01
3413.8923 1.2581e-01
3414.9167 1.3383e-01
3415.9412 1.2161e-01
3416.9658 1.2620e-01
3417.9907 1.2967e-01
3419.0164 1.5070e-01
3420.0420 8.9878e-02
3421.0681 1.2904e-01
3422.0945 1.5318e-01
3423.1208 9.6686e-02
3424.1479 1.2237e-01
3425.1753 1.1344e-01
3426.2029 1.3716e-01
3427.2307 1.1224e-01
3428.2588 1.2263e-01
3429.2871 1.4387e-01
3430.3159 1.2776e-01
3431.3452 1.2439e-01
3432.3748 1.1992e-01
3433.4041 1.1187e-01
3434.4346 1.1733e-01
3435.4646 1.6864e-01
3436.4954 1.3163e-01
3437.5261 1.3322e-01
3438.5579 1.1340e-01
3439.5894 1.5025e-01
3440.6208 1.2407e-01
3441.6531 1.5636e-01
3442.6855 1.6974e-01
3443.7183 1.4505e-01
3444.7515 1.2883e-01
3445.7852 1.6246e-01
3446.8186 1.4438e-01
3447.8525 1.6172e-01
3448.8872 1.6964e-01
3449.9216 1.5938e-01
3450.9568 1.6219e-01
3451.9919 1.2985e-01
3453.0276 1.7925e-01
3454.0637 1.4742e-01
3455.0999 1.7164e-01
3456.1362 1.6013e-01
3457.1731 1.5492e-01
3458.2102 1.4437e-01
3459.2476 1.3099e-01
3460.2856 1.3872e-01
3461.3235 1.4998e-01
3462.3621 1.6775e-01
3463.4004 1.3503e-01
3464.4399 1.4753e-01
3465.4790 1.5535e-01
3466.5188 1.5298e-01
3467.5586 1.7942e-01
3468.5989 1.5260e-01
3469.6394 1.4473e-01
3470.6804 1.5365e-01
3471.7217 1.5126e-01
3472.7629 1.6044e-01
3473.8049 1.2978e-01
3474.8469 1.5676e-01
3475.8894 1.6251e-01
3476.9321 1.8995e-01
3477.9751 1.6063e-01
3479.0188 1.5560e-01
3480.0625 1.7730e-01
3481.1064 1.3665e-01
3482.1509 1.8554e-01
3483.1956 1.5793e-01
3484.2407 1.8726e-01
3485.2856 1.3330e-01
3486.3313 1.4555e-01
3487.3772 1.2375e-01
3488.4233 1.5407e-01
3489.4697 1.4679e-01
3490.5168 1.2926e-01
3491.5640 1.5457e-01
3492.6116 1.7239e-01
3493.6592 1.3874e-01
3494.7073 1.3277e-01
3495.7556 1.8567e-01
3496.8044 1.5057e-01
3497.8535 1.5750e-01
3498.9026 1.2700e-01
3499.9526 1.3190e-01
3501.0024 1.7607e-01
3502.0527 1.5634e-01
3503.1033 1.4851e-01
3504.1543 1.3148e-01
3505.2058 1.4265e-01
3506.2571 1.1110e-01
3507.3088 1.4023e-01
3508.3613 1.3269e-01
3509.4136 1.6489e-01
3510.4663 1.5038e-01
3511.5193 1.3734e-01
3512.5730 1.8112e-01
3513.6270 1.2558e-01
3514.6809 1.5854e-01
3515.7351 1.2908e-01
3516.7898 1.6272e-01
3517.8452 1.1032e-01
3518.9004 1.3229e-01
3519.9561 1.5355e-01
3521.0122 1.4256e-01
3522.0686 1.1964e-01
3523.1250 1.2707e-01
3524.1821 1.2343e-01
3525.2390 1.1471e-01
3526.2969 1.5818e-01
3527.3547 1.2104e-01
3528.4126 1.3298e-01
3529.4714 1.2267e-01
3530.5303 1.4569e-01
3531.5894 1.2938e-01
3532.6487 1.4434e-01
3533.7090 1.5384e-01
3534.7688 1.1605e-01
3535.8293 1.1946e-01
3536.8901 1.5476e-01
3537.9512 1.4688e-01
3539.0122 1.3489e-01
3540.0740 1.0718e-01
3541.1360 1.0887e-01
3542.1987 1.1617e-01
3543.2612 1.4698e-01
3544.3245 1.1487e-01
3545.3875 1.1351e-01
3546.4509 1.3186e-01
3547.5154 1.3963e-01
3548.5793 1.3978e-01
3549.6438 1.2030e-01
3550.7087 1.1139e-01
3551.7739 1.1881e-01
3552.8396 1.3259e-01
3553.9053 1.4219e-01
3554.9714 1.0895e-01
3556.0378 9.6806e-02
3557.1050 8.0253e-02
3558.1716 1.1399e-01
3559.2395 1.1593e-01
3560.3071 1.2191e-01
3561.3752 1.0547e-01
3562.4436 1.0759e-01
3563.5125 1.0809e-01
3564.5813 8.4588e-02
3565.6506 1.2037e-01
3566.7205 1.1038e-01
3567.7905 1.2722e-01
3568.8611 9.0099e-02
3569.9316 8.8009e-02
3571.0027 8.5594e-02
3572.0737 1.1961e-01
3573.1455 1.3429e-01
3574.2175 1.1937e-01
3575.2896 1.4406e-01
3576.3625 1.2048e-01
3577.4351 1.1643e-01
3578.5083 1.0729e-01
3579.5820 1.0248e-01
3580.6560 1.2585e-01
3581.7300 9.5843e-02
3582.8047 1.2076e-01
3583.8792 1.1924e-01
3584.9546 1.1016e-01
3586.0298 1.0466e-01
3587.1060 1.5553e-01
3588.1821 1.4619e-01
3589.2583 1.0469e-01
3590.3352 1.1571e-01
3591.4124 1.2343e-01
3592.4897 9.4561e-02
3593.5671 9.3662e-02
3594.6455 1.1992e-01
3595.7241 1.3852e-01
3596.8025 1.4312e-01
3597.8818 9.9861e-02
3598.9609 1.1556e-01
3600.0405 1.1046e-01
3601.1204 1.2570e-01
3602.2009 1.0080e-01
3603.2817 1.0918e-01
3604.3625 8.3231e-02
3605.4441 1.0209e-01
3606.5256 1.0765e-01
3607.6074 8.5253e-02
3608.6899 9.7888e-02
3609.7725 1.0246e-01
3610.8552 9.5096e-02
3611.9385 8.0196e-02
3613.0222 1.2025e-01
3614.1062 9.9943e-02
3615.1904 8.2343e-02
3616.2749 9.6539e-02
3617.3599 9.4015e-02
3618.4451 1.0175e-01
3619.5303 8.9112e-02
3620.6165 1.1212e-01
3621.7024 1.0666e-01
3622.7891 1.0927e-01
3623.8760 9.1959e-02
3624.9631 1.0101e-01
3626.0508 8.6255e-02
3627.1382 9.1362e-02
3628.2266 1.3164e-01
3629.3152 9.8282e-02
3630.4038 9.5285e-02
3631.4927 9.8673e-02
3632.5825 1.0582e-01
3633.6721 1.1045e-01
3634.7622 8.5751e-02
3635.8528 6.1639e-02
3636.9434 1.0370e-01
3638.0347 1.1028e-01
3639.1257 1.0184e-01
3640.2178 1.0967e-01
3641.3098 9.5839e-02
3642.4021 8.9922e-02
3643.4946 1.1683e-01
3644.5881 8.3064e-02
3645.6814 9.4944e-02
3646.7751 8.3208e-02
3647.8691 8.2504e-02
3648.9634 1.1050e-01
3650.0581 8.3699e-02
3651.1533 1.2075e-01
3652.2480 8.6551e-02
3653.3442 1.2427e-01
3654.4402 1.2358e-01
3655.5364 9.3929e-02
3656.6333 7.0948e-02
3657.7300 1.3270e-01
3658.8274 1.0910e-01
3659.9250 8.3650e-02
3661.0232 8.9416e-02
3662.1213 1.0356e-01
3663.2202 1.0079e-01
3664.3188 1.0443e-01
3665.4182 1.1458e-01
3666.5181 8.2691e-02
3667.6179 8.5394e-02
3668.7183 1.0822e-01
3669.8186 1.0836e-01
3670.9197 1.3878e-01
3672.0210 1.1166e-01
3673.1226 1.1816e-01
3674.2241 9.5998e-02
3675.3269 1.3962e-01
3676.4294 1.2174e-01
3677.5325 1.1999e-01
3678.6355 1.1560e-01
3679.7390 1.4437e-01
3680.8430 1.0795e-01
3681.9473 1.3943e-01
3683.0518 1.0255e-01
3684.1570 1.0911e-01
3685.2620 1.1805e-01
3686.3677 1.0604e-01
3687.4739 1.2963e-01
3688.5796 1.2329e-01
3689.6865 1.3948e-01
3690.7932 1.2421e-01
3691.9006 1.2788e-01
3693.0081 1.2235e-01
3694.1160 1.3409e-01
3695.2241 1.2759e-01
3696.3328 1.1570e-01
3697.4417 1.3336e-01
3698.5508 8.5249e-02
3699.6606 1.0848e-01
3700.7703 1.0439e-01
3701.8806 1.0978e-01
3702.9910 1.4104e-01
3704.1023 1.2824e-01
3705.2136 1.4031e-01
3706.3247 1.1292e-01
3707.4370 1.0487e-01
3708.5491 1.3242e-01
3709.6616 1.1530e-01
3710.7744 9.6331e-02
3711.8877 1.4169e-01
3713.0012 1.1182e-01
3714.1152 1.4505e-01
3715.2292 1.0279e-01
3716.3440 1.0442e-01
3717.4590 1.2814e-01
3718.5742 1.2934e-01
3719.6897 1.0719e-01
3720.8057 1.0658e-01
3721.9219 1.4560e-01
3723.0383 1.1251e-01
3724.1553 1.0456e-01
3725.2725 1.3125e-01
3726.3904 1.1858e-01
3727.5081 1.3641e-01
3728.6265 9.1143e-02
3729.7451 1.2026e-01
3730.8640 1.1514e-01
3731.9832 9.3678e-02
3733.1028 1.0537e-01
3734.2227 1.2691e-01
3735.3428 1.4326e-01
3736.4636 1.1927e-01
3737.5842 9.6862e-02
3738.7056 1.1148e-01
3739.8276 1.2859e-01
3740.9490 9.7418e-02
3742.0718 1.0737e-01
3743.1943 1.2771e-01
3744.3171 8.4953e-02
3745.4404 1.0885e-01
3746.5640 1.3301e-01
3747.6880 1.4439e-01
3748.8125 1.0005e-01
3749.9368 1.1016e-01
3751.0620 1.2411e-01
3752.1873 7.3398e-02
3753.3130 9.3175e-02
3754.4387 1.0674e-01
3755.5652 1.1129e-01
3756.6919 9.2632e-02
3757.8188 1.0749e-01
3758.9463 7.8856e-02
3760.0737 1.2346e-01
3761.2019 9.4383e-02
3762.3306 8.3018e-02
3763.4590 1.0283e-01
3764.5881 8.5299e-02
3765.7175 6.9281e-02
3766.8472 1.0337e-01
3767.9771 7.9752e-02
3769.1079 8.6668e-02
3770.2383 7.5617e-02
3771.3694 1.0062e-01
3772.5007 7.7381e-02
3773.6328 1.0447e-01
3774.7646 9.9759e-02
3775.8972 8.3281e-02
3777.0298 6.8725e-02
3778.1628 7.0419e-02
3779.2964 6.4746e-02
3780.4302 7.7932e-02
3781.5642 7.0879e-02
3782.6987 7.0165e-02
3783.8335 5.4460e-02
3784.9690 1.1422e-01
3786.1042 6.8497e-02
3787.2400 7.4199e-02
3788.3762 8.1627e-02
3789.5125 8.0973e-02
3790.6497 7.5663e-02
3791.7869 5.2393e-02
3792.9246 7.0160e-02
3794.0625 4.3314e-02
3795.2007 7.8043e-02
3796.3391 8.5246e-02
3797.4778 9.0429e-02
3798.6169 6.7935e-02
3799.7568 7.0342e-02
3800.8967 7.6800e-02
3802.0371 6.6544e-02
3803.1775 7.7214e-02
3804.3181 8.2989e-02
3805.4597 7.3759e-02
3806.6013 7.7581e-02
3807.7434 9.2469e-02
3808.8857 9.1023e-02
3810.0286 6.8865e-02
3811.1714 6.5655e-02
3812.3149 9.7758e-02
3813.4583 6.9976e-02
3814.6025 8.0286e-02
3815.7468 6.2607e-02
3816.8916 5.3768e-02
3818.0369 6.9523e-02
3819.1824 7.0260e-02
3820.3281 7.3498e-02
3821.4741 5.2981e-02
3822.6201 6.3184e-02
3823.7671 7.0405e-02
3824.9143 6.5457e-02
3826.0615 7.8809e-02
3827.2097 8.6921e-02
3828.3577 8.8267e-02
3829.5063 7.2770e-02
3830.6553 7.1425e-02
3831.8044 8.8513e-02
3832.9539 7.0632e-02
3834.1035 6.2346e-02
3835.2539 5.0948e-02
3836.4045 7.8146e-02
3837.5554 8.5021e-02
3838.7068 7.1111e-02
3839.8582 8.9103e-02
3841.0103 8.8252e-02
3842.1628 8.1838e-02
3843.3152 6.7151e-02
3844.4683 8.4714e-02
3845.6216 7.8052e-02
3846.7754 7.7475e-02
3847.9294 1.0206e-01
3849.0835 1.0125e-01
3850.2383 7.3217e-02
3851.3933 6.9663e-02
3852.5488 8.6615e-02
3853.7051 9.7326e-02
3854.8606 7.9092e-02
3856.0173 8.7238e-02
3857.1741 7.9297e-02
3858.3313 8.4335e-02
3859.4883 1.2960e-01
3860.6465 1.3123e-01
3861.8047 1.0810e-01
3862.9631 1.3613e-01
3864.1221 1.0224e-01
3865.2815 9.8307e-02
3866.4412 9.8390e-02
3867.6011 1.0262e-01
3868.7610 1.1182e-01
3869.9216 1.2121e-01
3871.0828 1.3309e-01
3872.2441 1.3847e-01
3873.4058 1.1326e-01
3874.5676 1.2928e-01
3875.7302 1.0750e-01
3876.8931 1.1568e-01
3878.0559 1.2558e-01
3879.2192 1.0906e-01
3880.3831 1.1678e-01
3881.5474 1.1428e-01
3882.7119 1.2311e-01
3883.8767 1.3123e-01
3885.0420 1.2310e-01
3886.2073 1.4002e-01
3887.3728 1.3278e-01
3888.5391 1.3344e-01
3889.7061 1.2315e-01
3890.8730 1.0785e-01
3892.0400 1.5157e-01
3893.2078 1.0738e-01
3894.3755 1.2011e-01
3895.5439 1.3718e-01
3896.7126 1.1371e-01
3897.8813 1.4509e-01
3899.0508 1.3158e-01
3900.2209 1.0891e-01
3901.3909 1.0980e-01
3902.5613 1.4844e-01
3903.7322 1.4654e-01
3904.9031 1.5932e-01
3906.0747 1.5519e-01
3907.2463 1.2143e-01
3908.4187 1.7180e-01
3909.5911 1.7415e-01
3910.7642 1.3324e-01
3911.9373 1.2819e-01
3913.1111 1.4989e-01
3914.2849 2.0294e-01
3915.4592 1.5073e-01
3916.6335 1.4270e-01
3917.8086 1.3885e-01
3918.9839 1.4832e-01
3920.1597 1.4752e-01
3921.3359 1.5859e-01
3922.5120 1.7359e-01
3923.6887 1.4471e-01
3924.8660 1.7589e-01
3926.0432 1.7656e-01
3927.2212 1.6278e-01
3928.3994 1.3872e-01
3929.5779 1.4642e-01
3930.7568 1.7027e-01
3931.9360 1.5397e-01
3933.1157 1.6081e-01
3934.2954 1.4880e-01
3935.4758 1.7255e-01
3936.6562 1.5739e-01
3937.8374 1.5573e-01
3939.0186 1.5483e-01
3940.2004 1.6792e-01
3941.3826 1.4676e-01
3942.5649 1.2763e-01
3943.7478 1.5822e-01
3944.9307 1.9050e-01
3946.1147 1.6253e-01
3947.2983 1.6710e-01
3948.4824 1.4700e-01
3949.6670 1.4938e-01
3950.8521 1.7414e-01
3952.0369 1.3474e-01
3953.2227 1.7833e-01
3954.4089 1.5890e-01
3955.5950 1.6728e-01
3956.7812 1.5219e-01
3957.9688 1.7218e-01
3959.1560 1.6734e-01
3960.3438 1.7203e-01
3961.5320 1.7431e-01
3962.7202 1.4447e-01
3963.9094 1.4528e-01
3965.0984 1.9494e-01
3966.2881 1.8487e-01
3967.4778 1.7634e-01
3968.6680 1.4837e-01
3969.8584 1.3765e-01
3971.0498 2.1269e-01
3972.2412 1.6564e-01
3973.4326 1.7028e-01
3974.6248 1.8313e-01
3975.8171 1.9166e-01
3977.0095 1.8370e-01
3978.2029 1.6812e-01
3979.3962 1.3951e-01
3980.5901 1.6956e-01
3981.7844 1.6259e-01
3982.9790 2.0264e-01
3984.1736 1.7403e-01
3985.3691 1.7435e-01
3986.5647 1.7180e-01
3987.7605 1.8180e-01
3988.9568 1.7994e-01
3990.1538 1.9622e-01
3991.3506 1.7171e-01
3992.5481 2.0027e-01
3993.7456 2.2270e-01
3994.9441 1.8460e-01
3996.1423 1.6510e-01
3997.3413 1.6868e-01
3998.5408 1.8732e-01
3999.7397 1.5560e-01
4000.9402 1.8349e-01
4002.1401 1.8779e-01
4003.3408 1.8298e-01
4004.5415 1.6496e-01
4005.7434 1.7108e-01
4006.9448 2.1069e-01
4008.1470 1.9776e-01
4009.3496 1.9139e-01
4010.5522 1.5637e-01
4011.7556 1.8835e-01
4012.9587 1.9058e-01
4014.1628 1.8153e-01
4015.3672 1.9775e-01
4016.5715 1.5666e-01
4017.7769 1.7757e-01
4018.9817 1.9400e-01
4020.1875 1.6809e-01
4021.3936 1.9794e-01
4022.6003 1.8552e-01
4023.8071 1.8194e-01
4025.0142 1.9117e-01
4026.2214 1.6769e-01
4027.4294 1.6846e-01
4028.6377 1.7009e-01
4029.8462 1.7155e-01
4031.0554 1.9320e-01
4032.2646 1.7134e-01
4033.4744 2.1456e-01
4034.6843 1.5573e-01
4035.8945 1.5261e-01
4037.1052 1.9437e-01
4038.3167 1.2441e-01
4039.5281 1.7832e-01
4040.7397 1.7148e-01
4041.9524 1.6515e-01
4043.1648 1.8792e-01
4044.3777 1.8385e-01
4045.5913 1.7373e-01
4046.8047 1.8345e-01
4048.0186 1.3717e-01
4049.2332 1.9874e-01
4050.4480 1.6261e-01
4051.6628 1.6624e-01
4052.8784 1.2344e-01
4054.0942 1.6203e-01
4055.3108 1.6119e-01
4056.5273 1.4883e-01
4057.7444 1.6795e-01
4058.9614 1.5644e-01
4060.1792 1.9856e-01
4061.3970 1.7502e-01
4062.6155 1.8768e-01
4063.8345 1.6785e-01
4065.0535 1.7680e-01
4066.2732 1.8650e-01
4067.4929 1.7329e-01
4068.7131 1.5171e-01
4069.9338 1.7782e-01
4071.1548 1.7388e-01
4072.3762 2.0331e-01
4073.5981 1.8624e-01
4074.8201 1.2860e-01
4076.0427 1.6185e-01
4077.2654 1.5835e-01
4078.4885 1.6495e-01
4079.7119 2.0276e-01
4080.9358 1.6851e-01
4082.1602 1.5475e-01
4083.3845 1.7838e-01
4084.6099 1.5683e-01
4085.8354 1.8636e-01
4087.0608 2.0036e-01
4088.2869 1.9074e-01
4089.5137 1.7254e-01
4090.7407 1.6575e-01
4091.9678 1.6027e-01
4093.1953 2.0988e-01
4094.4233 1.7154e-01
4095.6519 1.4900e-01
4096.8799 1.5382e-01
4098.1094 1.7654e-01
4099.3384 1.6280e-01
4100.5684 1.6431e-01
4101.7988 1.7890e-01
4103.0293 1.3802e-01
4104.2598 1.3649e-01
4105.4912 1.6402e-01
4106.7231 1.8759e-01
4107.9546 1.4492e-01
4109.1875 1.5460e-01
4110.4204 1.3612e-01
4111.6533 1.6279e-01
4112.8867 1.7637e-01
4114.1211 2.0395e-01
4115.3545 1.4658e-01
4116.5898 1.6519e-01
4117.8247 1.8231e-01
4119.0596 1.9165e-01
4120.2954 1.6041e-01
4121.5317 1.7645e-01
4122.7681 1.4462e-01
4124.0049 1.7232e-01
4125.2422 1.5692e-01
4126.4800 1.7564e-01
4127.7178 1.6039e-01
4128.9561 1.6789e-01
4130.1948 1.3686e-01
4131.4336 1.9169e-01
4132.6733 1.8460e-01
4133.9126 1.3872e-01
4135.1533 1.6492e-01
4136.3936 1.5183e-01
4137.6348 1.5005e-01
4138.8760 1.3998e-01
4140.1172 1.4783e-01
4141.3599 1.4938e-01
4142.6021 1.4403e-01
4143.8447 1.6801e-01
4145.0879 1.5226e-01
4146.3315 1.3342e-01
4147.5752 1.8997e-01
4148.8198 1.4519e-01
4150.0640 1.6516e-01
4151.3091 1.2444e-01
4152.5547 1.8947e-01
4153.8003 1.3994e-01
4155.0464 1.5181e-01
4156.2930 1.4631e-01
4157.5400 1.5923e-01
4158.7871 1.6559e-01
4160.0352 1.7509e-01
4161.2827 1.5732e-01
4162.5312 1.7793e-01
4163.7803 1.4057e-01
4165.0293 1.6454e-01
4166.2783 1.2033e-01
4167.5288 1.7125e-01
4168.7788 1.4955e-01
4170.0298 1.4608e-01
4171.2803 1.5948e-01
4172.5317 1.2886e-01
4173.7837 1.5125e-01
4175.0356 1.2243e-01
4176.2886 1.6306e-01
4177.5410 1.2123e-01
4178.7944 1.3795e-01
4180.0479 1.5225e-01
4181.3022 1.6975e-01
4182.5566 1.5145e-01
4183.8115 1.1942e-01
4185.0664 1.4670e-01
4186.3223 1.5438e-01
4187.5776 1.5251e-01
4188.8340 1.4412e-01
4190.0903 1.3864e-01
4191.3477 1.4867e-01
4192.6050 1.2110e-01
4193.8628 1.3689e-01
4195.1206 1.5667e-01
4196.3794 1.5620e-01
4197.6387 1.5440e-01
4198.8975 1.4663e-01
4200.1577 1.7705e-01
4201.4175 1.3877e-01
4202.6782 1.3692e-01
4203.9390 1.2027e-01
4205.2002 1.4625e-01
4206.4614 1.0711e-01
4207.7231 1.5939e-01
4208.9858 1.2609e-01
4210.2485 1.4118e-01
4211.5112 1.5019e-01
4212.7749 1.2490e-01
4214.0391 1.5509e-01
4215.3032 1.4110e-01
4216.5679 1.3395e-01
4217.8330 1.3823e-01
4219.0981 1.5835e-01
4220.3638 1.4567e-01
4221.6299 1.3431e-01
4222.8965 1.5714e-01
4224.1636 1.3916e-01
4225.4302 1.2854e-01
4226.6978 1.3097e-01
4227.9658 1.3317e-01
4229.2349 1.5815e-01
4230.5034 1.4086e-01
4231.7725 1.4907e-01
4233.0415 1.1617e-01
4234.3115 1.4151e-01
4235.5825 1.1407e-01
4236.8525 1.5345e-01
4238.1235 1.2937e-01
4239.3955 1.0299e-01
4240.6670 1.2816e-01
4241.9390 1.3206e-01
4243.2119 9.9114e-02
4244.4844 8.7462e-02
4245.7583 1.0859e-01
4247.0317 1.1037e-01
4248.3062 1.1649e-01
4249.5806 9.5108e-02
4250.8555 9.9595e-02
4252.1309 1.2918e-01
4253.4062 1.2698e-01
4254.6821 1.2825e-01
4255.9590 1.2306e-01
4257.2358 1.3099e-01
4258.5127 1.2413e-01
4259.7900 1.0731e-01
4261.0679 1.3237e-01
4262.3462 9.1182e-02
4263.6250 1.0733e-01
4264.9043 1.4523e-01
4266.1841 1.4439e-01
4267.4639 1.0063e-01
4268.7432 1.3838e-01
4270.0244 8.1372e-02
4271.3052 1.2470e-01
4272.5869 1.0783e-01
4273.8682 1.2144e-01
4275.1509 1.2330e-01
4276.4336 1.1579e-01
4277.7163 9.7435e-02
4278.9995 1.4676e-01
4280.2837 1.3267e-01
4281.5674 1.3999e-01
4282.8521 1.2056e-01
4284.1367 1.4521e-01
4285.4219 1.1319e-01
4286.7075 1.1662e-01
4287.9937 1.1663e-01
4289.2798 1.2415e-01
4290.5669 9.2776e-02
4291.8540 1.0650e-01
4293.1416 1.2363e-01
4294.4292 1.1949e-01
4295.7183 9.1477e-02
4297.0063 1.1704e-01
4298.2954 1.4126e-01
4299.5854 1.1997e-01
4300.8750 9.3667e-02
4302.1650 1.1345e-01
4303.4561 1.1217e-01
4304.7471 1.1936e-01
4306.0381 9.3944e-02
4307.3301 1.0919e-01
4308.6221 1.0607e-01
4309.9150 9.9903e-02
4311.2075 1.3837e-01
4312.5015 1.1551e-01
4313.7949 1.1045e-01
4315.0889 1.2494e-01
4316.3838 1.1595e-01
4317.6787 8.6491e-02
4318.9741 1.1777e-01
4320.2700 1.4594e-01
4321.5654 1.0216e-01
4322.8623 9.1266e-02
4324.1592 1.1164e-01
4325.4565 9.0008e-02
4326.7539 1.1075e-01
4328.0518 1.1930e-01
4329.3501 8.8470e-02
4330.6494 1.0847e-01
4331.9482 9.6547e-02
4333.2480 1.0846e-01
4334.5479 1.1115e-01
4335.8477 1.3340e-01
4337.1489 1.0649e-01
4338.4502 1.1777e-01
4339.7515 1.0964e-01
4341.0537 1.2221e-01
4342.3560 9.3860e-02
4343.6582 8.0342e-02
4344.9614 1.4241e-01
4346.2646 1.0195e-01
4347.5693 8.9015e-02
4348.8735 1.1011e-01
4350.1782 1.0516e-01
4351.4829 9.4247e-02
4352.7886 1.3066e-01
4354.0938 1.0314e-01
4355.4009 1.0154e-01
4356.7070 1.1944e-01
4358.0137 1.1736e-01
4359.3218 1.2091e-01
4360.6294 1.0639e-01
4361.9375 8.1530e-02
4363.2461 1.0025e-01
4364.5552 1.0348e-01
4365.8643 1.1720e-01
4367.1743 1.1930e-01
4368.4844 1.1604e-01
4369.7954 1.1935e-01
4371.1060 1.1913e-01
4372.4170 1.0962e-01
4373.7285 1.1620e-01
4375.0415 1.4016e-01
4376.3540 1.1041e-01
4377.6665 1.5199e-01
4378.9800 1.2046e-01
4380.2935 1.1134e-01
4381.6074 1.2503e-01
4382.9219 9.7176e-02
4384.2363 7.7862e-02
4385.5522 1.3231e-01
4386.8677 1.2646e-01
4388.1841 1.1627e-01
4389.5010 9.7278e-02
4390.8169 1.1876e-01
4392.1343 1.2180e-01
4393.4521 1.2952e-01
4394.7700 1.4133e-01
4396.0884 1.2782e-01
4397.4077 9.2330e-02
4398.7266 1.2124e-01
4400.0464 1.3265e-01
4401.3667 1.2185e-01
4402.6870 1.3045e-01
4404.0073 1.2416e-01
4405.3291 1.5591e-01
4406.6504 9.3468e-02
4407.9722 1.1583e-01
4409.2944 1.2159e-01
4410.6172 1.0662e-01
4411.9404 1.5165e-01
4413.2642 1.4333e-01
4414.5879 1.0390e-01
4415.9126 7.2782e-02
4417.2373 9.6423e-02
4418.5625 1.0913e-01
4419.8882 1.1021e-01
4421.2139 1.2152e-01
4422.5405 1.1432e-01
4423.8672 1.2809e-01
4425.1938 1.3468e-01
4426.5220 1.1023e-01
4427.8496 1.3346e-01
4429.1787 1.1285e-01
4430.5063 1.1011e-01
4431.8364 1.2494e-01
4433.1655 1.3839e-01
4434.4956 1.3390e-01
4435.8262 1.2393e-01
4437.1567 1.3314e-01
4438.4878 1.1006e-01
4439.8193 1.2454e-01
4441.1514 1.3978e-01
4442.4834 1.0161e-01
4443.8164 1.6641e-01
4445.1494 1.1054e-01
4446.4829 1.2940e-01
4447.8169 1.4013e-01
4449.1514 1.4110e-01
4450.4863 1.2750e-01
4451.8213 1.3522e-01
4453.1567 1.2401e-01
4454.4927 1.3076e-01
4455.8291 1.1846e-01
4457.1660 1.1868e-01
4458.5029 1.4101e-01
4459.8403 1.1215e-01
4461.1787 1.5556e-01
4462.5171 1.3367e-01
4463.8555 1.3789e-01
4465.1948 1.2506e-01
4466.5347 1.5073e-01
4467.8740 1.2600e-01
4469.2144 1.3545e-01
4470.5552 1.1736e-01
4471.8970 1.1628e-01
4473.2383 1.0852e-01
4474.5806 1.4682e-01
4475.9229 1.1609e-01
4477.2651 1.5983e-01
4478.6084 1.1272e-01
4479.9521 1.3190e-01
4481.2959 1.4875e-01
4482.6406 1.5361e-01
4483.9854 1.2764e-01
4485.3306 1.4993e-01
4486.6763 9.8975e-02
4488.0220 1.3431e-01
4489.3682 1.4764e-01
4490.7153 1.1889e-01
4492.0620 1.4087e-01
4493.4102 1.5598e-01
4494.7578 1.3404e-01
4496.1069 1.6978e-01
4497.4556 1.3135e-01
4498.8047 1.3678e-01
4500.1543 1.6446e-01
4501.5044 1.3417e-01
4502.8550 1.2128e-01
4504.2056 1.3417e-01
4505.5566 1.1627e-01
4506.9082 1.2966e-01
4508.2607 1.6491e-01
4509.6133 1.4127e-01
4510.9658 1.4842e-01
4512.3193 1.3094e-01
4513.6729 1.2380e-01
4515.0273 1.6219e-01
4516.3818 1.5997e-01
4517.7363 1.3698e-01
4519.0918 1.4098e-01
4520.4473 1.3338e-01
4521.8037 1.2776e-01
4523.1606 1.4418e-01
4524.5171 1.4170e-01
4525.8750 1.4338e-01
4527.2324 1.3187e-01
4528.5903 1.2624e-01
4529.9492 1.4993e-01
4531.3081 1.4311e-01
4532.6675 1.4752e-01
4534.0269 1.2413e-01
4535.3872 1.4264e-01
4536.7480 1.6439e-01
4538.1094 1.3935e-01
4539.4702 1.3590e-01
4540.8320 9.9604e-02
4542.1943 1.6611e-01
4543.5576 1.5363e-01
4544.9199 1.5349e-01
4546.2842 1.4237e-01
4547.6475 1.4959e-01
4549.0117 1.3077e-01
4550.3770 1.4678e-01
4551.7417 1.0261e-01
4553.1074 1.3818e-01
4554.4731 1.8785e-01
4555.8398 1.2131e-01
4557.2061 1.0667e-01
4558.5732 1.4959e-01
4559.9414 1.6485e-01
4561.3086 1.5465e-01
4562.6772 1.5028e-01
4564.0459 1.1728e-01
4565.4150 1.4886e-01
4566.7852 1.5523e-01
4568.1553 1.3444e-01
4569.5249 1.6410e-01
4570.8965 1.6486e-01
4572.2676 1.2925e-01
4573.6392 1.4822e-01
4575.0117 1.7024e-01
4576.3838 1.3934e-01
4577.7568 1.1973e-01
4579.1304 1.3993e-01
4580.5039 1.3745e-01
4581.8784 1.0282e-01
4583.2524 1.5415e-01
4584.6274 1.4770e-01
4586.0029 1.2170e-01
4587.3789 1.2969e-01
4588.7549 1.2667e-01
4590.1318 1.6256e-01
4591.5083 1.4396e-01
4592.8857 1.6091e-01
4594.2642 1.5236e-01
4595.6426 1.3328e-01
4597.0210 1.4396e-01
4598.3999 1.3194e-01
4599.7798 1.2642e-01
4601.1597 1.0725e-01
4602.5396 1.3026e-01
4603.9204 1.4196e-01
4605.3022 1.3169e-01
4606.6836 1.2193e-01
4608.0649 1.2263e-01
4609.4478 1.3915e-01
4610.8306 1.1298e-01
4612.2144 1.3278e-01
4613.5977 1.4121e-01
4614.9819 1.5306e-01
4616.3662 1.5345e-01
4617.7515 1.3948e-01
4619.1362 1.3814e-01
4620.5225 1.4315e-01
4621.9082 1.5292e-01
4623.2949 1.2570e-01
4624.6816 1.2468e-01
4626.0693 1.7265e-01
4627.4570 1.3963e-01
4628.8457 1.3822e-01
4630.2334 1.6716e-01
4631.6230 1.3550e-01
4633.0127 1.2382e-01
4634.4028 1.4890e-01
4635.7935 1.3038e-01
4637.1831 1.4934e-01
4638.5742 1.2499e-01
4639.9658 1.6400e-01
4641.3579 1.3499e-01
4642.7505 1.2756e-01
4644.1436 1.2145e-01
4645.5371 1.1846e-01
4646.9307 1.3985e-01
4648.3247 1.4230e-01
4649.7188 1.3775e-01
4651.1138 1.3853e-01
4652.5093 1.4927e-01
4653.9048 1.4106e-01
4655.3018 1.5450e-01
4656.6978 1.2987e-01
4658.0947 1.3950e-01
4659.4922 1.3775e-01
4660.8896 1.0465e-01
4662.2886 1.2574e-01
4663.6865 1.4112e-01
4665.0859 1.3071e-01
4666.4854 1.4793e-01
4667.8853 1.1941e-01
4669.2861 1.5666e-01
4670.6870 1.1681e-01
4672.0874 1.2202e-01
4673.4897 1.4595e-01
4674.8916 1.3409e-01
4676.2944 1.1297e-01
4677.6968 1.4653e-01
4679.1006 1.4595e-01
4680.5039 1.4466e-01
4681.9082 1.3686e-01
4683.3125 1.3579e-01
4684.7173 1.3780e-01
4686.1230 1.0234e-01
4687.5288 1.6376e-01
4688.9351 1.4963e-01
4690.3423 1.0612e-01
4691.7490 1.3664e-01
4693.1562 1.3133e-01
4694.5645 1.3714e-01
4695.9731 1.0949e-01
4697.3818 1.4894e-01
4698.7910 1.5874e-01
4700.2002 1.6329e-01
4701.6104 1.2966e-01
4703.0205 1.7024e-01
4704.4316 1.7136e-01
4705.8433 1.5599e-01
4707.2549 1.4292e-01
4708.6670 1.5282e-01
4710.0796 1.3657e-01
4711.4927 1.3651e-01
4712.9058 1.0765e-01
4714.3203 1.6308e-01
4715.7344 1.3734e-01
4717.1494 1.4883e-01
4718.5645 1.4758e-01
4719.9800 1.5546e-01
4721.3955 1.2489e-01
4722.8120 1.2255e-01
4724.2290 1.3064e-01
4725.6460 1.3739e-01
4727.0645 1.1486e-01
4728.4824 1.4643e-01
4729.9004 1.2703e-01
4731.3198 1.3326e-01
4732.7388 1.2274e-01
4734.1587 1.2403e-01
4735.5791 1.2768e-01
4737.0000 1.3203e-01
4738.4209 1.5235e-01
4739.8428 1.2960e-01
4741.2646 8.9520e-02
4742.6870 1.1697e-01
4744.1094 1.3939e-01
4745.5327 1.5662e-01
4746.9565 9.8803e-02
4748.3804 1.2788e-01
4749.8052 1.2249e-01
4751.2300 1.1364e-01
4752.6548 1.4279e-01
4754.0811 1.2897e-01
4755.5078 1.1875e-01
4756.9341 1.2587e-01
4758.3608 1.0164e-01
4759.7886 1.2803e-01
4761.2168 1.2776e-01
4762.6445 1.5964e-01
4764.0737 1.1573e-01
4765.5029 1.3348e-01
4766.9326 1.3098e-01
4768.3628 1.4545e-01
4769.7930 7.9503e-02
4771.2236 1.2093e-01
4772.6553 1.1164e-01
4774.0869 1.1828e-01
4775.5190 1.3634e-01
4776.9521 1.3004e-01
4778.3853 1.3986e-01
4779.8184 9.8557e-02
4781.2524 1.2145e-01
4782.6870 1.2310e-01
4784.1226 9.3588e-02
4785.5571 1.2577e-01
4786.9927 1.0509e-01
4788.4292 1.1492e-01
4789.8652 1.2337e-01
4791.3022 1.1220e-01
4792.7397 9.5079e-02
4794.1777 1.1727e-01
4795.6152 1.0768e-01
4797.0542 1.1917e-01
4798.4937 1.3930e-01
4799.9331 1.1469e-01
4801.3735 1.1021e-01
4802.8140 1.1295e-01
4804.2544 1.1678e-01
4805.6958 1.1715e-01
4807.1377 1.0937e-01
4808.5796 1.0559e-01
4810.0220 9.9404e-02
4811.4653 1.3611e-01
4812.9087 1.0692e-01
4814.3525 1.1325e-01
4815.7969 1.0231e-01
4817.2417 1.1397e-01
4818.6865 1.2873e-01
4820.1328 1.3346e-01
4821.5786 1.1960e-01
4823.0249 1.1729e-01
4824.4717 1.2405e-01
4825.9189 8.5456e-02
4827.3667 9.5315e-02
4828.8149 9.9775e-02
4830.2637 9.3773e-02
4831.7124 1.0956e-01
4833.1621 1.1565e-01
4834.6118 1.1197e-01
4836.0620 9.7200e-02
4837.5137 1.0479e-01
4838.9644 1.1208e-01
4840.4165 1.1939e-01
4841.8687 9.5903e-02
4843.3208 1.1189e-01
4844.7739 1.1834e-01
4846.2275 1.2927e-01
4847.6812 1.2034e-01
4849.1357 7.2033e-02
4850.5903 1.1928e-01
4852.0454 1.3274e-01
4853.5015 1.3454e-01
4854.9575 1.3790e-01
4856.4136 1.1897e-01
4857.8706 1.1558e-01
4859.3281 1.0269e-01
4860.7861 1.0040e-01
4862.2437 1.5013e-01
4863.7026 9.0489e-02
4865.1621 1.1202e-01
4866.6211 1.2136e-01
4868.0815 1.0622e-01
4869.5420 1.1285e-01
4871.0024 1.2167e-01
4872.4639 1.1117e-01
4873.9263 1.1060e-01
4875.3877 1.2112e-01
4876.8506 1.1612e-01
4878.3135 9.8908e-02
4879.7773 1.1176e-01
4881.2412 1.2988e-01
4882.7051 1.0914e-01
4884.1704 1.0145e-01
4885.6357 1.0608e-01
4887.1011 1.0684e-01
4888.5674 1.0642e-01
4890.0337 1.2320e-01
4891.5010 9.8795e-02
4892.9683 1.1427e-01
4894.4360 1.0897e-01
4895.9043 1.0736e-01
4897.3730 1.0763e-01
4898.8423 1.0142e-01
4900.3120 1.2172e-01
4901.7827 9.2105e-02
4903.2529 1.0418e-01
4904.7231 1.0983e-01
4906.1953 8.4498e-02
4907.6675 1.3698e-01
4909.1392 1.1924e-01
4910.6123 1.5132e-01
4912.0854 1.1415e-01
4913.5586 8.1912e-02
4915.0332 1.2667e-01
4916.5073 1.2191e-01
4917.9819 1.2295e-01
4919.4575 9.2886e-02
4920.9331 1.1064e-01
4922.4097 1.1330e-01
4923.8872 1.2531e-01
4925.3638 9.8071e-02
4926.8418 8.8712e-02
4928.3188 1.0734e-01
4929.7979 1.1127e-01
4931.2769 1.0529e-01
4932.7563 1.0312e-01
4934.2358 1.2607e-01
4935.7168 8.5855e-02
4937.1963 1.1073e-01
4938.6782 1.1502e-01
4940.1597 1.1548e-01
4941.6416 9.8525e-02
4943.1250 8.8446e-02
4944.6069 7.2948e-02
4946.0908 9.9719e-02
4947.5752 1.0583e-01
4949.0586 7.9939e-02
4950.5435 9.8517e-02
4952.0278 9.8650e-02
4953.5142 9.0330e-02
4955.0010 8.5176e-02
4956.4873 9.7151e-02
4957.9741 1.0499e-01
4959.4614 9.6594e-02
4960.9492 9.5711e-02
4962.4370 9.7845e-02
4963.9258 9.0998e-02
4965.4150 1.2191e-01
4966.9048 1.0356e-01
4968.3945 1.0108e-01
4969.8853 1.1136e-01
4971.3765 1.0092e-01
4972.8677 1.0213e-01
4974.3599 8.3104e-02
4975.8521 9.7676e-02
4977.3447 8.8037e-02
4978.8379 7.2717e-02
4980.3315 9.1593e-02
4981.8257 1.0594e-01
4983.3203 9.8622e-02
4984.8159 7.7439e-02
4986.3105 9.4869e-02
4987.8066 9.7364e-02
4989.3027 1.0116e-01
4990.7998 9.6994e-02
4992.2974 9.9744e-02
4993.7939 8.8553e-02
4995.2930 1.1221e-01
4996.7915 8.6598e-02
4998.2905 6.3059e-02
4999.7896 1.0062e-01
5001.2896 9.0879e-02
5002.7900 8.0310e-02
5004.2915 5.2028e-02
5005.7925 1.1582e-01
5007.2944 8.3849e-02
5008.7964 9.0631e-02
5010.2993 7.7077e-02
5011.8022 6.9445e-02
5013.3057 1.0406e-01
5014.8101 8.3165e-02
5016.3145 8.1746e-02
5017.8184 6.0035e-02
5019.3247 8.2866e-02
5020.8301 7.7793e-02
5022.3359 8.8490e-02
5023.8428 8.9362e-02
5025.3496 7.6025e-02
5026.8579 6.1445e-02
5028.3657 8.9819e-02
5029.8740 6.6780e-02
5031.3828 7.8377e-02
5032.8926 7.8281e-02
5034.4023 8.1492e-02
5035.9131 5.8589e-02
5037.4233 8.8372e-02
5038.9346 1.0127e-01
5040.4463 7.4887e-02
5041.9585 7.1256e-02
5043.4712 6.9776e-02
5044.9839 7.7520e-02
5046.4980 7.9803e-02
5048.0112 8.3914e-02
5049.5259 8.6560e-02
5051.0415 7.6560e-02
5052.5562 7.8883e-02
5054.0723 5.7016e-02
5055.5884 1.0034e-01
5057.1045 8.9940e-02
5058.6221 8.6144e-02
5060.1401 7.9599e-02
5061.6577 8.0044e-02
5063.1763 1.0355e-01
5064.6953 9.3351e-02
5066.2144 7.9540e-02
5067.7339 7.5854e-02
5069.2549 6.7699e-02
5070.7759 7.8151e-02
5072.2969 9.4868e-02
5073.8188 8.1388e-02
5075.3403 8.0787e-02
5076.8628 8.2094e-02
5078.3867 9.2632e-02
5079.9097 1.0747e-01
5081.4336 7.2097e-02
5082.9580 8.3555e-02
5084.4829 8.2178e-02
5086.0083 8.6026e-02
5087.5342 1.0043e-01
5089.0605 8.3068e-02
5090.5874 1.0843e-01
5092.1143 9.5045e-02
5093.6421 9.8203e-02
5095.1699 8.4253e-02
5096.6987 8.7529e-02
5098.2275 9.5565e-02
5099.7573 7.7537e-02
5101.2871 7.9467e-02
5102.8179 8.2873e-02
5104.3481 8.1938e-02
5105.8799 8.9024e-02
5107.4111 8.8992e-02
5108.9438 7.8655e-02
5110.4761 1.0931e-01
5112.0093 8.4748e-02
5113.5435 9.7983e-02
5115.0771 9.0858e-02
5116.6118 1.0792e-01
5118.1470 1.0712e-01
5119.6816 1.2181e-01
5121.2183 9.2846e-02
5122.7544 1.1722e-01
5124.2910 1.0821e-01
5125.8286 9.4392e-02
5127.3667 1.0892e-01
5128.9043 9.5168e-02
5130.4429 8.8515e-02
5131.9824 9.1806e-02
5133.5220 1.0885e-01
5135.0615 1.0375e-01
5136.6021 8.4781e-02
5138.1436 7.8522e-02
5139.6846 7.9241e-02
5141.2266 9.6171e-02
5142.7690 1.2569e-01
5144.3125 1.0491e-01
5145.8550 8.9075e-02
5147.3989 9.2725e-02
5148.9429 9.1932e-02
5150.4883 9.9343e-02
5152.0332 9.6524e-02
5153.5781 8.6917e-02
5155.1245 8.4201e-02
5156.6714 1.0440e-01
5158.2178 1.0075e-01
5159.7656 9.3551e-02
5161.3130 1.0394e-01
5162.8618 8.9346e-02
5164.4106 1.1772e-01
5165.9604 1.0655e-01
5167.5098 9.9065e-02
5169.0605 1.0274e-01
5170.6108 9.6836e-02
5172.1621 1.0188e-01
5173.7139 1.0159e-01
5175.2656 1.1069e-01
5176.8188 8.6334e-02
5178.3711 1.1867e-01
5179.9253 9.6120e-02
5181.4790 8.9983e-02
5183.0337 9.7395e-02
5184.5884 9.7346e-02
5186.1436 1.1441e-01
5187.6992 9.0197e-02
5189.2559 1.0303e-01
5190.8130 1.0028e-01
5192.3696 8.2373e-02
5193.9277 9.7009e-02
5195.4858 9.1681e-02
5197.0439 9.3124e-02
5198.6035 8.4882e-02
5200.1636 8.6824e-02
5201.7231 1.1757e-01
5203.2837 9.7618e-02
5204.8447 8.0756e-02
5206.4058 9.1631e-02
5207.9683 8.4171e-02
5209.5303 1.0120e-01
5211.0933 9.5897e-02
5212.6567 1.2625e-01
5214.2202 1.1147e-01
5215.7847 1.2006e-01
5217.3496 1.0684e-01
5218.9150 1.3425e-01
5220.4800 1.0207e-01
5222.0464 9.5858e-02
5223.6128 9.3180e-02
5225.1802 8.6344e-02
5226.7480 1.2031e-01
5228.3154 1.0302e-01
5229.8843 1.1153e-01
5231.4526 1.1028e-01
5233.0225 9.7270e-02
5234.5928 7.0389e-02
5236.1626 8.8482e-02
5237.7339 1.0508e-01
5239.3052 9.9748e-02
5240.8770 8.2030e-02
5242.4492 1.0777e-01
5244.0220 8.5626e-02
5245.5947 1.2292e-01
5247.1689 9.9822e-02
5248.7422 8.5661e-02
5250.3174 1.1043e-01
5251.8921 9.6807e-02
5253.4678 9.1824e-02
5255.0439 1.1176e-01
5256.6211 1.1439e-01
5258.1978 1.0528e-01
5259.7749 8.1296e-02
5261.3530 9.2174e-02
5262.9312 9.0405e-02
5264.5098 8.8678e-02
5266.0898 8.6231e-02
5267.6694 1.0186e-01
5269.2495 9.9773e-02
5270.8311 9.0712e-02
5272.4116 1.0733e-01
5273.9941 9.9069e-02
5275.5757 8.7233e-02
5277.1587 1.3754e-01
5278.7422 1.1887e-01
5280.3252 1.1021e-01
5281.9092 1.1076e-01
5283.4937 1.1230e-01
5285.0786 1.2982e-01
5286.6641 1.0792e-01
5288.2500 8.0824e-02
5289.8369 1.2450e-01
5291.4238 1.0553e-01
5293.0117 1.1805e-01
5294.5996 1.1038e-01
5296.1870 9.8875e-02
5297.7764 8.8414e-02
5299.3662 9.0521e-02
5300.9561 9.8417e-02
5302.5459 1.0759e-01
5304.1367 1.2004e-01
5305.7280 8.1027e-02
5307.3188 1.0910e-01
5308.9116 1.1093e-01
5310.5044 1.1952e-01
5312.0977 7.8413e-02
5313.6919 9.9617e-02
5315.2856 9.0182e-02
5316.8799 1.3766e-01
5318.4751 9.2651e-02
5320.0708 1.0553e-01
5321.6665 9.4632e-02
5323.2632 9.4506e-02
5324.8604 9.2913e-02
5326.4575 1.1288e-01
5328.0557 1.0763e-01
5329.6533 9.4742e-02
5331.2534 1.0500e-01
5332.8516 1.0739e-01
5334.4517 8.9504e-02
5336.0522 9.4072e-02
5337.6533 9.3173e-02
5339.2544 9.4733e-02
5340.8560 1.1223e-01
5342.4585 1.0271e-01
5344.0605 8.5676e-02
5345.6646 9.9584e-02
5347.2681 9.2032e-02
5348.8726 8.2053e-02
5350.4771 7.1524e-02
5352.0825 1.2066e-01
5353.6875 8.9490e-02
5355.2944 8.6759e-02
5356.9009 1.0332e-01
5358.5073 1.2529e-01
5360.1152 9.4765e-02
5361.7236 1.0212e-01
5363.3315 1.0335e-01
5364.9404 7.5318e-02
5366.5503 9.6110e-02
5368.1602 9.7735e-02
5369.7705 1.0285e-01
5371.3813 8.8450e-02
5372.9932 1.2811e-01
5374.6050 7.2229e-02
5376.2173 8.4497e-02
5377.8301 9.9623e-02
5379.4434 7.5293e-02
5381.0576 8.8009e-02
5382.6714 8.0300e-02
5384.2861 1.0953e-01
5385.9014 9.1951e-02
5387.5171 9.1916e-02
5389.1343 9.7181e-02
5390.7505 1.0485e-01
5392.3677 1.0461e-01
5393.9858 6.5200e-02
5395.6035 1.0350e-01
5397.2222 8.9061e-02
5398.8413 7.2758e-02
5400.4609 7.2954e-02
5402.0811 9.1593e-02
5403.7017 9.4229e-02
5405.3228 7.8529e-02
5406.9448 9.9959e-02
5408.5659 1.0203e-01
5410.1890 7.4902e-02
5411.8115 1.1541e-01
5413.4360 8.8657e-02
5415.0596 8.4954e-02
5416.6841 9.5977e-02
5418.3096 8.1529e-02
5419.9351 9.7912e-02
5421.5605 8.6169e-02
5423.1875 9.6286e-02
5424.8145 8.5728e-02
5426.4414 8.5518e-02
5428.0693 8.0599e-02
5429.6982 8.9289e-02
5431.3271 8.0938e-02
5432.9565 7.8055e-02
5434.5859 9.5099e-02
5436.2163 9.1875e-02
5437.8472 7.8547e-02
5439.4785 1.1975e-01
5441.1104 7.9066e-02
5442.7427 1.0075e-01
5444.3760 9.1118e-02
5446.0098 9.4901e-02
5447.6431 7.6751e-02
5449.2778 7.5385e-02
5450.9121 9.9493e-02
5452.5474 7.3479e-02
5454.1826 9.6713e-02
5455.8193 9.1103e-02
5457.4565 8.4113e-02
5459.0933 7.1737e-02
5460.7310 7.7873e-02
5462.3696 6.2470e-02
5464.0073 9.8348e-02
5465.6475 7.7474e-02
5467.2871 9.4301e-02
5468.9272 8.6023e-02
5470.5674 7.6956e-02
5472.2090 7.4175e-02
5473.8506 8.8561e-02
5475.4927 6.7627e-02
5477.1353 6.6372e-02
5478.7783 6.5044e-02
5480.4224 7.3181e-02
5482.0659 8.0680e-02
5483.7104 8.3416e-02
5485.3560 7.6166e-02
5487.0010 7.4280e-02
5488.6475 9.8542e-02
5490.2944 7.9213e-02
5491.9414 9.1053e-02
5493.5889 7.1697e-02
5495.2368 9.8961e-02
5496.8857 9.6486e-02
5498.5342 7.9208e-02
5500.1841 9.1419e-02
5501.8340 7.6018e-02
5503.4849 9.7201e-02
5505.1357 7.9119e-02
5506.7871 6.2633e-02
5508.4395 7.9586e-02
5510.0923 8.1144e-02
5511.7451 8.4190e-02
5513.3984 8.0630e-02
5515.0522 1.1000e-01
5516.7070 7.8489e-02
5518.3623 9.7037e-02
5520.0176 7.2064e-02
5521.6733 7.0936e-02
5523.3301 9.8547e-02
5524.9868 7.2949e-02
5526.6450 7.9121e-02
5528.3027 1.0175e-01
5529.9609 9.7462e-02
5531.6201 7.7131e-02
5533.2793 7.8405e-02
5534.9395 6.8606e-02
5536.5996 7.7899e-02
5538.2607 9.2299e-02
5539.9229 7.7750e-02
5541.5840 9.1044e-02
5543.2466 9.7596e-02
5544.9102 6.9613e-02
5546.5728 7.8614e-02
5548.2373 7.5672e-02
5549.9019 9.2291e-02
5551.5664 9.2798e-02
5553.2324 9.9957e-02
5554.8984 8.6646e-02
5556.5645 1.0399e-01
5558.2310 8.2882e-02
5559.8989 9.4987e-02
5561.5669 8.2097e-02
5563.2354 6.7949e-02
5564.9043 7.7991e-02
5566.5732 1.0414e-01
5568.2437 8.0355e-02
5569.9150 1.1007e-01
5571.5854 8.5888e-02
5573.2568 8.4365e-02
5574.9287 8.7101e-02
5576.6011 9.0063e-02
5578.2739 5.3504e-02
5579.9482 9.8168e-02
5581.6216 7.1741e-02
5583.2959 8.9415e-02
5584.9717 9.2797e-02
5586.6470 8.5950e-02
5588.3223 7.9490e-02
5589.9990 8.2767e-02
5591.6763 7.9871e-02
5593.3535 5.6671e-02
5595.0317 8.6029e-02
5596.7104 6.5376e-02
5598.3892 9.1247e-02
5600.0688 7.3231e-02
5601.7490 7.2471e-02
5603.4292 9.1683e-02
5605.1104 7.0861e-02
5606.7915 7.4094e-02
5608.4741 8.0771e-02
5610.1562 9.0480e-02
5611.8394 8.1803e-02
5613.5234 7.6537e-02
5615.2075 7.1394e-02
5616.8916 8.6670e-02
5618.5767 8.0053e-02
5620.2627 8.3480e-02
5621.9482 6.7441e-02
5623.6348 7.8623e-02
5625.3218 9.3643e-02
5627.0098 8.2829e-02
5628.6982 8.4294e-02
5630.3867 8.7842e-02
5632.0757 6.4148e-02
5633.7651 9.4913e-02
5635.4551 7.3245e-02
5637.1460 7.1753e-02
5638.8369 9.0794e-02
5640.5283 7.7901e-02
5642.2207 7.4548e-02
5643.9141 9.2936e-02
5645.6069 8.7261e-02
5647.3003 8.5268e-02
5648.9946 8.8443e-02
5650.6895 5.6494e-02
5652.3848 8.2439e-02
5654.0801 8.0195e-02
5655.7759 7.0036e-02
5657.4736 7.8447e-02
5659.1709 6.6546e-02
5660.8682 7.4179e-02
5662.5664 7.6415e-02
5664.2651 7.9071e-02
5665.9644 8.3085e-02
5667.6641 7.5466e-02
5669.3647 7.2505e-02
5671.0649 7.9558e-02
5672.7666 7.3025e-02
5674.4688 7.6000e-02
5676.1709 7.6418e-02
5677.8740 9.3245e-02
5679.5771 8.7027e-02
5681.2812 6.2625e-02
5682.9858 8.5817e-02
5684.6899 6.6044e-02
5686.3950 7.9371e-02
5688.1021 8.1314e-02
5689.8076 8.0891e-02
5691.5146 7.3969e-02
5693.2222 8.1862e-02
5694.9302 8.9502e-02
5696.6382 6.8567e-02
5698.3477 7.2346e-02
5700.0571 8.0285e-02
5701.7671 8.4559e-02
5703.4775 7.9456e-02
5705.1885 9.4546e-02
5706.9004 9.4056e-02
5708.6123 6.3317e-02
5710.3252 7.9563e-02
5712.0381 8.5486e-02
5713.7524 8.6687e-02
5715.4663 7.8958e-02
5717.1812 6.9354e-02
5718.8955 8.8505e-02
5720.6118 7.2674e-02
5722.3271 7.3997e-02
5724.0444 6.1598e-02
5725.7617 6.8943e-02
5727.4795 7.0763e-02
5729.1973 8.0976e-02
5730.9165 6.6288e-02
5732.6353 5.3543e-02
5734.3550 7.5157e-02
5736.0757 9.5223e-02
5737.7969 8.1755e-02
5739.5176 7.9828e-02
5741.2397 6.9532e-02
5742.9624 8.6457e-02
5744.6851 7.5831e-02
5746.4082 7.4568e-02
5748.1323 5.8148e-02
5749.8569 8.8243e-02
5751.5815 7.8122e-02
5753.3076 7.6633e-02
5755.0332 9.1347e-02
5756.7593 6.3424e-02
5758.4863 6.5742e-02
5760.2144 7.0352e-02
5761.9424 8.1508e-02
5763.6709 7.8781e-02
5765.3999 7.2624e-02
5767.1294 8.5222e-02
5768.8594 8.0024e-02
5770.5908 8.7430e-02
5772.3213 7.8746e-02
5774.0527 7.9869e-02
5775.7856 5.8387e-02
5777.5181 5.8432e-02
5779.2515 7.8739e-02
5780.9844 6.5630e-02
5782.7192 8.5722e-02
5784.4546 9.0655e-02
5786.1899 6.9928e-02
5787.9253 4.7932e-02
5789.6626 5.9506e-02
5791.3984 6.5147e-02
5793.1362 7.1394e-02
5794.8745 4.6451e-02
5796.6123 7.6419e-02
5798.3516 6.1243e-02
5800.0913 6.7614e-02
5801.8306 7.0637e-02
5803.5713 6.5038e-02
5805.3125 6.3972e-02
5807.0537 5.9797e-02
5808.7964 5.4133e-02
5810.5391 5.1164e-02
5812.2822 7.4952e-02
5814.0259 5.5205e-02
5815.7700 7.7092e-02
5817.5151 7.9674e-02
5819.2598 5.9557e-02
5821.0059 6.6749e-02
5822.7524 5.7255e-02
5824.4990 1.0797e-01
5826.2461 7.0574e-02
5827.9937 9.6856e-02
5829.7427 7.7602e-02
5831.4912 5.2714e-02
5833.2407 4.6067e-02
5834.9912 6.6899e-02
5836.7417 6.3435e-02
5838.4922 8.5668e-02
5840.2446 6.6889e-02
5841.9961 7.6730e-02
5843.7490 6.0064e-02
5845.5020 7.0618e-02
5847.2559 6.9090e-02
5849.0103 6.7117e-02
5850.7642 5.6634e-02
5852.5195 6.5780e-02
5854.2754 5.9974e-02
5856.0317 6.5523e-02
5857.7881 7.3014e-02
5859.5454 7.9623e-02
5861.3032 7.5850e-02
5863.0625 8.0176e-02
5864.8208 7.5486e-02
5866.5806 7.6550e-02
5868.3403 5.1053e-02
5870.1006 7.9251e-02
5871.8618 6.9830e-02
5873.6230 6.9479e-02
5875.3857 5.7954e-02
5877.1479 8.2616e-02
5878.9111 8.3528e-02
5880.6748 8.7526e-02
5882.4390 7.2071e-02
5884.2036 8.1599e-02
5885.9692 7.7508e-02
5887.7349 6.1768e-02
5889.5010 5.4342e-02
5891.2676 5.7912e-02
5893.0356 6.4744e-02
5894.8032 6.6143e-02
5896.5718 6.2619e-02
5898.3408 6.4938e-02
5900.1108 6.2008e-02
5901.8804 7.0428e-02
5903.6509 6.2408e-02
5905.4219 5.5053e-02
5907.1938 5.9087e-02
5908.9663 6.6638e-02
5910.7383 5.9902e-02
5912.5112 6.8917e-02
5914.2856 8.2062e-02
5916.0601 6.6106e-02
5917.8345 5.8645e-02
5919.6099 5.3759e-02
5921.3857 7.2585e-02
5923.1621 5.7754e-02
5924.9395 6.3700e-02
5926.7163 6.7404e-02
5928.4946 6.1461e-02
5930.2729 6.5436e-02
5932.0522 6.6673e-02
5933.8315 6.7077e-02
5935.6123 6.4824e-02
5937.3926 8.2845e-02
5939.1738 6.3411e-02
5940.9556 6.3615e-02
5942.7383 6.8296e-02
5944.5210 7.0957e-02
5946.3042 6.8827e-02
5948.0879 8.6667e-02
5949.8726 6.6686e-02
5951.6572 6.0281e-02
5953.4434 7.4772e-02
5955.2290 5.9428e-02
5957.0151 6.2871e-02
5958.8022 6.2147e-02
5960.5903 6.6491e-02
5962.3789 5.7974e-02
5964.1670 7.0140e-02
5965.9561 7.6188e-02
5967.7466 5.2017e-02
5969.5366 6.1959e-02
5971.3276 5.1592e-02
5973.1187 8.1998e-02
5974.9106 5.7914e-02
5976.7031 7.0403e-02
5978.4961 4.5303e-02
5980.2900 6.6462e-02
5982.0845 5.6757e-02
5983.8789 6.5759e-02
5985.6729 5.8987e-02
5987.4692 5.7970e-02
5989.2651 6.9620e-02
5991.0620 6.7067e-02
5992.8589 6.1565e-02
5994.6572 5.2987e-02
5996.4556 7.5035e-02
5998.2549 5.7303e-02
6000.0547 5.1655e-02
6001.8545 5.2488e-02
6003.6548 4.0150e-02
6005.4561 6.0558e-02
6007.2578 7.5476e-02
6009.0596 5.7006e-02
6010.8623 7.1078e-02
6012.6660 4.7438e-02
6014.4697 6.2198e-02
6016.2739 5.7290e-02
6018.0786 5.3050e-02
6019.8843 6.8476e-02
6021.6909 6.6120e-02
6023.4966 6.5340e-02
6025.3037 5.9206e-02
6027.1108 5.8528e-02
6028.9199 7.1043e-02
6030.7285 7.3723e-02
6032.5366 6.4318e-02
6034.3472 6.4484e-02
6036.1577 5.3504e-02
6037.9683 6.5030e-02
6039.7793 5.9075e-02
6041.5918 6.8162e-02
6043.4038 6.7327e-02
6045.2173 7.4001e-02
6047.0312 6.3456e-02
6048.8447 6.0679e-02
6050.6592 4.7277e-02
6052.4751 5.2294e-02
6054.2905 5.7527e-02
6056.1069 7.2089e-02
6057.9233 5.3290e-02
6059.7407 6.6699e-02
6061.5586 5.8618e-02
6063.3770 4.6323e-02
6065.1968 5.1618e-02
6067.0161 6.1678e-02
6068.8359 5.2187e-02
6070.6567 5.9160e-02
6072.4785 5.8530e-02
6074.2998 7.1982e-02
6076.1221 4.3887e-02
6077.9448 5.9345e-02
6079.7681 5.0921e-02
6081.5918 8.7549e-02
6083.4160 6.6410e-02
6085.2417 5.1793e-02
6087.0664 7.2599e-02
6088.8936 4.6563e-02
6090.7197 6.0048e-02
6092.5469 6.1506e-02
6094.3745 8.4817e-02
6096.2031 5.0294e-02
6098.0327 6.9145e-02
6099.8613 6.2268e-02
6101.6914 6.1661e-02
6103.5220 5.0089e-02
6105.3530 5.5074e-02
6107.1846 5.7699e-02
6109.0171 5.6702e-02
6110.8496 4.7704e-02
6112.6831 4.9243e-02
6114.5166 4.3750e-02
6116.3511 6.4220e-02
6118.1855 4.3233e-02
6120.0210 7.1867e-02
6121.8574 5.8777e-02
6123.6938 7.2409e-02
6125.5308 7.5112e-02
6127.3687 4.8573e-02
6129.2065 7.2860e-02
6131.0454 5.3076e-02
6132.8843 5.9098e-02
6134.7246 6.2943e-02
6136.5649 5.5465e-02
6138.4062 3.9527e-02
6140.2476 5.6531e-02
6142.0894 7.0303e-02
6143.9316 6.2493e-02
6145.7759 5.3164e-02
6147.6191 6.2517e-02
6149.4634 4.8761e-02
6151.3081 5.7727e-02
6153.1538 5.0901e-02
6155.0000 5.9710e-02
6156.8462 6.9982e-02
6158.6934 5.2539e-02
6160.5410 4.6364e-02
6162.3892 5.8862e-02
6164.2373 5.6470e-02
6166.0869 4.8685e-02
6167.9370 5.1416e-02
6169.7871 5.3042e-02
6171.6387 4.7866e-02
6173.4897 4.5454e-02
6175.3413 6.7778e-02
6177.1938 5.5842e-02
6179.0474 4.8487e-02
6180.9009 5.3020e-02
6182.7549 5.9372e-02
6184.6104 5.9475e-02
6186.4653 5.8054e-02
6188.3213 5.5865e-02
6190.1782 6.1665e-02
6192.0356 6.6949e-02
6193.8931 3.8772e-02
6195.7505 4.0613e-02
6197.6099 8.3332e-02
6199.4688 5.2671e-02
6201.3281 5.7659e-02
6203.1895 6.9080e-02
6205.0498 4.8968e-02
6206.9121 5.0625e-02
6208.7739 5.2141e-02
6210.6367 5.7083e-02
6212.4995 5.0687e-02
6214.3633 5.2553e-02
6216.2275 5.2617e-02
6218.0923 4.4895e-02
6219.9575 7.6285e-02
6221.8237 4.8440e-02
6223.6904 6.0447e-02
6225.5576 7.1237e-02
6227.4258 4.9674e-02
6229.2935 6.3174e-02
6231.1621 5.2860e-02
6233.0317 6.8835e-02
6234.9019 5.3049e-02
6236.7720 4.7084e-02
6238.6431 6.8256e-02
6240.5146 5.4283e-02
6242.3867 4.1532e-02
6244.2598 4.7444e-02
6246.1323 6.0835e-02
6248.0063 4.3680e-02
6249.8813 4.1125e-02
6251.7559 5.8601e-02
6253.6313 6.1163e-02
6255.5073 6.5887e-02
6257.3843 4.3369e-02
6259.2617 4.6700e-02
6261.1392 6.1759e-02
6263.0176 3.9905e-02
6264.8970 5.8088e-02
6266.7759 5.3200e-02
6268.6562 4.8332e-02
6270.5361 5.7583e-02
6272.4180 3.6698e-02
6274.2993 4.1320e-02
6276.1816 4.8356e-02
6278.0645 5.1415e-02
6279.9478 5.3845e-02
6281.8320 4.5224e-02
6283.7168 6.4203e-02
6285.6021 5.3098e-02
6287.4868 5.9298e-02
6289.3740 3.5327e-02
6291.2603 4.2690e-02
6293.1475 5.8204e-02
6295.0352 5.2508e-02
6296.9238 5.6662e-02
6298.8130 4.8418e-02
6300.7026 3.8789e-02
6302.5933 3.6144e-02
6304.4839 3.1520e-02
6306.3755 5.2905e-02
6308.2676 4.1940e-02
6310.1597 5.2299e-02
6312.0527 6.1326e-02
6313.9468 4.6092e-02
6315.8398 3.9080e-02
6317.7349 3.3991e-02
6319.6304 4.9541e-02
6321.5269 5.0709e-02
6323.4233 3.9926e-02
6325.3198 5.6618e-02
6327.2178 4.0907e-02
6329.1157 4.9947e-02
6331.0146 5.3447e-02
6332.9131 5.1986e-02
6334.8140 4.4928e-02
6336.7139 5.7668e-02
6338.6147 2.8735e-02
6340.5166 3.1590e-02
6342.4189 5.3798e-02
6344.3213 3.4953e-02
6346.2246 5.9388e-02
6348.1284 3.4952e-02
6350.0332 4.0805e-02
6351.9380 4.8401e-02
6353.8442 5.5325e-02
6355.7500 4.2493e-02
6357.6572 5.4407e-02
6359.5645 5.4441e-02
6361.4717 2.6033e-02
6363.3804 4.7810e-02
6365.2891 4.1919e-02
6367.1987 4.6121e-02
6369.1089 4.4606e-02
6371.0200 4.1966e-02
6372.9312 5.8195e-02
6374.8428 3.5983e-02
6376.7549 4.1930e-02
6378.6685 3.8611e-02
6380.5820 5.5735e-02
6382.4966 4.2345e-02
6384.4111 3.3087e-02
6386.3257 3.7551e-02
6388.2422 4.4510e-02
6390.1587 5.0513e-02
6392.0752 4.8331e-02
6393.9932 4.8784e-02
6395.9116 5.0086e-02
6397.8301 5.3478e-02
6399.7490 4.6243e-02
6401.6694 4.6070e-02
6403.5898 4.7601e-02
6405.5112 3.9525e-02
6407.4331 6.2688e-02
6409.3545 4.2560e-02
6411.2778 4.7417e-02
6413.2012 4.6861e-02
6415.1250 4.8352e-02
6417.0493 4.8039e-02
6418.9741 4.3623e-02
6420.9004 5.6133e-02
6422.8262 4.0750e-02
6424.7534 4.0967e-02
6426.6812 3.8200e-02
6428.6094 3.9640e-02
6430.5381 5.4525e-02
6432.4668 4.8481e-02
6434.3960 3.9026e-02
6436.3267 3.1995e-02
6438.2578 2.7453e-02
6440.1895 3.3646e-02
6442.1216 4.1076e-02
6444.0537 5.6739e-02
6445.9868 2.8711e-02
6447.9209 4.3548e-02
6449.8550 5.6196e-02
6451.7905 5.5591e-02
6453.7256 4.8014e-02
6455.6621 3.8298e-02
6457.5986 4.6935e-02
6459.5356 4.1956e-02
6461.4741 2.6971e-02
6463.4121 4.7505e-02
6465.3506 4.5121e-02
6467.2905 5.0020e-02
6469.2310 5.0969e-02
6471.1719 4.2748e-02
6473.1128 4.3309e-02
6475.0552 3.7215e-02
6476.9976 4.2146e-02
6478.9409 3.8512e-02
6480.8848 5.2390e-02
6482.8286 4.4014e-02
6484.7739 5.8688e-02
6486.7192 4.0121e-02
6488.6650 4.1721e-02
6490.6113 3.8209e-02
6492.5581 5.1219e-02
6494.5063 3.2492e-02
6496.4546 3.7518e-02
6498.4038 5.1284e-02
6500.3535 4.8628e-02
6502.3032 4.7968e-02
6504.2539 2.9959e-02
6506.2056 5.8905e-02
6508.1572 3.9265e-02
6510.1099 3.6549e-02
6512.0625 4.9903e-02
6514.0166 3.7491e-02
6515.9702 4.2088e-02
6517.9258 4.1761e-02
6519.8809 3.7911e-02
6521.8364 5.8800e-02
6523.7930 4.7747e-02
6525.7505 4.2839e-02
6527.7075 3.7478e-02
6529.6665 3.4966e-02
6531.6255 4.6442e-02
6533.5845 5.6420e-02
6535.5449 4.8129e-02
6537.5054 4.7984e-02
6539.4668 4.7096e-02
6541.4282 3.2114e-02
6543.3911 5.8062e-02
6545.3545 4.1345e-02
6547.3179 3.3242e-02
6549.2817 3.6592e-02
6551.2466 4.8610e-02
6553.2124 2.7896e-02
6555.1777 4.2836e-02
6557.1445 4.2391e-02
6559.1113 3.6350e-02
6561.0796 4.4049e-02
6563.0479 5.4691e-02
6565.0166 3.6784e-02
6566.9863 4.6129e-02
6568.9561 3.7136e-02
6570.9268 4.6189e-02
6572.8979 4.2376e-02
6574.8701 3.4412e-02
6576.8423 3.1252e-02
6578.8154 4.2577e-02
6580.7896 3.5155e-02
6582.7632 3.0568e-02
6584.7383 3.9971e-02
6586.7139 3.9736e-02
6588.6895 3.7319e-02
6590.6660 3.3280e-02
6592.6431 4.9256e-02
6594.6211 3.8460e-02
6596.5996 4.6654e-02
6598.5791 5.0184e-02
6600.5581 4.7787e-02
6602.5386 3.3239e-02
6604.5190 3.5197e-02
6606.5005 3.7976e-02
6608.4824 4.0825e-02
6610.4648 5.0096e-02
6612.4482 3.1499e-02
6614.4326 3.7153e-02
6616.4160 4.7321e-02
6618.4009 4.3259e-02
6620.3867 5.6540e-02
6622.3730 5.1375e-02
6624.3594 2.6953e-02
6626.3467 3.1319e-02
6628.3350 4.0633e-02
6630.3232 3.9425e-02
6632.3125 3.6739e-02
6634.3022 5.3412e-02
6636.2920 4.7930e-02
6638.2827 3.7640e-02
6640.2744 4.9904e-02
6642.2671 3.2054e-02
6644.2593 4.2110e-02
6646.2529 3.4244e-02
6648.2471 3.2918e-02
6650.2412 4.8286e-02
6652.2358 3.2925e-02
6654.2314 4.0370e-02
6656.2280 4.0513e-02
6658.2251 4.0946e-02
6660.2222 4.7475e-02
6662.2207 3.6442e-02
6664.2197 4.2755e-02
6666.2178 3.6341e-02
6668.2178 4.4342e-02
6670.2188 4.2607e-02
6672.2192 3.4212e-02
6674.2212 5.8230e-02
6676.2241 5.0239e-02
6678.2266 3.4633e-02
6680.2300 2.9258e-02
6682.2334 3.6707e-02
6684.2388 4.0065e-02
6686.2446 4.0886e-02
6688.2500 4.1540e-02
6690.2563 5.3889e-02
6692.2627 4.5032e-02
6694.2715 4.8412e-02
6696.2793 4.1583e-02
6698.2881 4.5412e-02
6700.2979 5.1320e-02
6702.3081 3.3639e-02
6704.3188 4.3335e-02
6706.3301 5.0419e-02
6708.3418 4.4641e-02
6710.3545 4.1764e-02
6712.3672 5.4459e-02
6714.3809 3.1404e-02
6716.3955 3.9319e-02
6718.4106 3.6149e-02
6720.4263 3.1335e-02
6722.4419 4.2324e-02
6724.4585 4.4018e-02
6726.4756 3.0455e-02
6728.4946 4.2538e-02
6730.5127 3.6336e-02
6732.5312 3.8162e-02
6734.5513 4.2489e-02
6736.5718 3.9062e-02
6738.5923 3.5312e-02
6740.6152 2.9821e-02
6742.6367 2.7117e-02
6744.6587 3.6830e-02
6746.6831 5.0580e-02
6748.7065 4.4722e-02
6750.7310 4.8588e-02
6752.7563 4.1878e-02
6754.7822 3.2770e-02
6756.8091 3.4310e-02
6758.8359 3.9014e-02
6760.8633 4.6821e-02
6762.8916 4.9374e-02
6764.9209 3.4563e-02
6766.9502 3.7842e-02
6768.9805 3.7209e-02
6771.0107 3.6615e-02
6773.0425 3.5445e-02
6775.0742 4.5181e-02
6777.1064 3.8373e-02
6779.1401 3.1493e-02
6781.1733 3.2349e-02
6783.2080 3.3102e-02
6785.2427 3.8015e-02
6787.2783 3.1817e-02
6789.3149 4.2734e-02
6791.3516 3.0209e-02
6793.3887 3.0395e-02
6795.4272 3.2138e-02
6797.4653 5.0088e-02
6799.5049 3.3974e-02
6801.5444 4.3625e-02
6803.5854 3.5299e-02
6805.6260 2.9120e-02
6807.6685 3.4016e-02
6809.7100 3.7491e-02
6811.7534 3.5606e-02
6813.7964 3.9924e-02
6815.8408 4.2410e-02
6817.8853 4.0758e-02
6819.9312 3.1525e-02
6821.9771 2.8642e-02
6824.0234 2.5568e-02
6826.0703 2.7698e-02
6828.1182 4.3288e-02
6830.1670 3.1575e-02
6832.2163 3.0055e-02
6834.2651 3.1296e-02
6836.3154 2.9763e-02
6838.3667 2.7370e-02
6840.4180 2.7395e-02
6842.4702 3.9781e-02
6844.5229 4.2809e-02
6846.5762 4.5946e-02
6848.6304 3.8339e-02
6850.6851 4.3953e-02
6852.7402 3.8204e-02
6854.7959 4.0402e-02
6856.8525 3.7242e-02
6858.9097 4.0400e-02
6860.9668 4.9181e-02
6863.0254 3.7921e-02
6865.0845 2.3948e-02
6867.1440 3.7770e-02
6869.2041 2.6898e-02
6871.2646 3.8061e-02
6873.3257 4.6003e-02
6875.3882 4.8873e-02
6877.4512 3.2713e-02
6879.5137 3.3529e-02
6881.5781 3.0658e-02
6883.6421 3.8625e-02
6885.7075 3.1196e-02
6887.7729 4.1263e-02
6889.8394 4.4346e-02
6891.9062 3.6145e-02
6893.9746 3.6730e-02
6896.0425 3.9333e-02
6898.1113 3.0292e-02
6900.1802 3.1088e-02
6902.2505 3.0317e-02
6904.3213 3.1327e-02
6906.3926 3.4731e-02
6908.4648 4.7420e-02
6910.5366 3.5486e-02
6912.6099 5.0593e-02
6914.6841 3.1817e-02
6916.7588 3.4008e-02
6918.8335 4.4346e-02
6920.9092 3.9792e-02
6922.9849 3.7894e-02
6925.0620 2.8702e-02
6927.1401 3.3485e-02
6929.2178 3.3004e-02
6931.2964 2.5202e-02
6933.3760 2.8969e-02
6935.4561 4.5635e-02
6937.5371 3.4773e-02
6939.6182 2.9954e-02
6941.7002 2.5255e-02
6943.7822 2.6387e-02
6945.8657 2.0480e-02
6947.9487 1.8905e-02
6950.0337 3.0587e-02
6952.1182 3.2008e-02
6954.2046 4.3086e-02
6956.2905 3.6988e-02
6958.3779 3.8359e-02
6960.4644 3.2721e-02
6962.5527 1.7979e-02
6964.6421 2.8367e-02
6966.7314 2.8691e-02
6968.8208 4.1691e-02
6970.9116 3.8196e-02
6973.0029 2.6969e-02
6975.0947 3.3476e-02
6977.1880 2.7041e-02
6979.2803 4.6107e-02
6981.3745 2.7900e-02
6983.4692 3.9978e-02
6985.5635 2.2299e-02
6987.6602 2.4435e-02
6989.7559 4.3210e-02
6991.8525 4.8988e-02
6993.9507 3.9374e-02
6996.0488 3.3487e-02
6998.1479 3.9144e-02
7000.2471 2.4261e-02
7002.3467 2.4022e-02
7004.4468 3.0654e-02
7006.5488 3.7012e-02
7008.6514 3.3122e-02
7010.7529 2.8593e-02
7012.8564 3.1315e-02
7014.9609 2.8137e-02
7017.0654 3.6197e-02
7019.1699 2.3088e-02
7021.2759 4.0075e-02
7023.3823 3.1284e-02
7025.4893 3.3607e-02
7027.5977 3.4528e-02
7029.7051 4.0415e-02
7031.8145 4.6798e-02
7033.9238 4.5900e-02
7036.0337 3.3081e-02
7038.1450 3.8184e-02
7040.2559 2.8336e-02
7042.3687 2.3228e-02
7044.4805 3.1804e-02
7046.5938 3.1815e-02
7048.7080 3.6195e-02
7050.8228 3.1035e-02
7052.9385 2.2463e-02
7055.0542 3.3982e-02
7057.1704 2.6709e-02
7059.2881 3.8371e-02
7061.4053 3.1167e-02
7063.5234 3.6510e-02
7065.6431 3.9955e-02
7067.7627 3.1741e-02
7069.8828 2.3790e-02
7072.0039 4.1199e-02
7074.1255 4.1829e-02
7076.2476 3.6120e-02
7078.3706 3.3747e-02
7080.4937 2.6940e-02
7082.6187 2.9022e-02
7084.7432 4.2443e-02
7086.8687 2.9113e-02
7088.9946 3.1605e-02
7091.1216 4.3292e-02
7093.2490 3.6775e-02
7095.3765 3.2972e-02
7097.5049 3.6345e-02
7099.6348 3.8918e-02
7101.7642 3.2488e-02
7103.8945 3.3098e-02
7106.0264 4.2281e-02
7108.1582 2.1577e-02
7110.2905 1.8159e-02
7112.4229 2.5319e-02
7114.5571 3.4383e-02
7116.6914 4.3233e-02
7118.8262 4.2247e-02
7120.9619 2.7177e-02
7123.0986 4.8749e-02
7125.2354 3.4080e-02
7127.3730 3.2091e-02
7129.5112 2.1672e-02
7131.6499 3.5502e-02
7133.7896 3.2646e-02
7135.9292 3.0650e-02
7138.0703 3.3297e-02
7140.2119 2.9408e-02
7142.3540 2.7831e-02
7144.4966 3.1300e-02
7146.6396 2.9250e-02
7148.7842 2.5244e-02
7150.9287 3.7619e-02
7153.0742 2.8759e-02
7155.2197 1.8101e-02
7157.3667 3.5894e-02
7159.5137 3.2174e-02
7161.6616 2.8760e-02
7163.8101 2.3118e-02
7165.9590 2.6357e-02
7168.1089 2.3258e-02
7170.2593 4.3846e-02
7172.4102 2.5861e-02
7174.5625 4.2917e-02
7176.7144 2.5631e-02
7178.8672 3.4475e-02
7181.0210 3.5014e-02
7183.1753 3.4082e-02
7185.3306 2.3810e-02
7187.4858 2.8779e-02
7189.6421 2.8109e-02
7191.7988 4.4341e-02
7193.9565 2.2077e-02
7196.1147 3.5449e-02
7198.2734 3.1366e-02
7200.4336 3.5258e-02
7202.5928 2.1127e-02
7204.7539 4.4265e-02
7206.9155 2.7616e-02
7209.0771 2.9528e-02
7211.2402 3.6832e-02
7213.4033 4.1304e-02
7215.5674 2.1923e-02
7217.7324 2.8250e-02
7219.8979 3.5329e-02
7222.0635 3.2073e-02
7224.2300 3.0243e-02
7226.3979 3.2043e-02
7228.5654 2.9651e-02
7230.7334 2.9848e-02
7232.9033 3.8087e-02
7235.0728 2.4412e-02
7237.2432 2.9254e-02
7239.4150 2.6093e-02
7241.5864 2.6516e-02
7243.7593 3.0730e-02
7245.9321 2.8414e-02
7248.1060 2.8597e-02
7250.2803 2.1195e-02
7252.4551 3.7289e-02
7254.6313 2.9315e-02
7256.8076 2.4868e-02
7258.9849 3.6671e-02
7261.1626 2.1822e-02
7263.3408 4.2622e-02
7265.5200 3.3075e-02
7267.6992 3.3105e-02
7269.8799 2.4596e-02
7272.0605 3.9020e-02
7274.2422 1.7926e-02
7276.4243 2.3793e-02
7278.6069 3.2704e-02
7280.7910 2.1576e-02
7282.9751 2.6807e-02
7285.1602 3.1963e-02
7287.3452 3.7783e-02
7289.5317 2.5470e-02
7291.7188 2.2813e-02
7293.9067 2.8503e-02
7296.0947 3.5806e-02
7298.2832 3.8730e-02
7300.4727 3.0349e-02
7302.6631 2.4810e-02
7304.8540 3.1913e-02
7307.0454 2.3395e-02
7309.2373 1.8121e-02
7311.4292 3.2064e-02
7313.6235 2.2316e-02
7315.8179 3.0290e-02
7318.0122 2.0768e-02
7320.2075 2.5142e-02
7322.4038 2.4218e-02
7324.6001 2.6773e-02
7326.7979 3.1477e-02
7328.9961 3.5740e-02
7331.1943 3.2840e-02
7333.3936 2.2379e-02
7335.5938 1.4265e-02
7337.7944 2.4726e-02
7339.9956 2.4600e-02
7342.1982 1.9863e-02
7344.4004 2.5706e-02
7346.6035 2.0930e-02
7348.8081 4.2775e-02
7351.0127 4.4319e-02
7353.2183 3.6369e-02
7355.4238 1.9898e-02
7357.6304 2.8962e-02
7359.8374 3.2848e-02
7362.0459 2.5851e-02
7364.2549 2.4200e-02
7366.4634 2.2983e-02
7368.6738 2.5574e-02
7370.8838 2.6822e-02
7373.0957 2.2625e-02
7375.3071 3.7883e-02
7377.5200 2.9620e-02
7379.7334 1.6897e-02
7381.9473 2.8989e-02
7384.1616 1.4808e-02
7386.3770 2.9136e-02
7388.5928 2.3672e-02
7390.8096 2.4204e-02
7393.0264 2.1660e-02
7395.2446 2.9863e-02
7397.4639 3.2153e-02
7399.6826 3.6908e-02
7401.9023 2.2904e-02
7404.1230 2.4624e-02
7406.3438 2.1687e-02
7408.5654 2.2323e-02
7410.7886 2.3270e-02
7413.0122 2.3753e-02
7415.2354 3.2220e-02
7417.4604 3.8399e-02
7419.6855 2.3934e-02
7421.9116 2.4781e-02
7424.1382 3.5911e-02
7426.3652 3.0006e-02
7428.5933 2.6674e-02
7430.8218 2.3302e-02
7433.0513 2.1331e-02
7435.2808 3.7699e-02
7437.5117 3.3146e-02
7439.7432 2.8158e-02
7441.9741 3.1013e-02
7444.2070 2.3985e-02
7446.4404 2.8651e-02
7448.6748 2.8857e-02
7450.9097 2.4527e-02
7453.1440 2.2412e-02
7455.3809 3.6028e-02
7457.6167 2.2060e-02
7459.8545 3.6644e-02
7462.0923 2.7967e-02
7464.3306 1.9170e-02
7466.5698 2.5535e-02
7468.8096 2.0121e-02
7471.0503 1.4900e-02
7473.2920 1.8115e-02
7475.5342 2.3004e-02
7477.7769 2.5906e-02
7480.0205 2.6475e-02
7482.2637 2.6564e-02
7484.5088 2.1571e-02
7486.7539 2.9039e-02
7489.0000 3.3536e-02
7491.2471 2.6463e-02
7493.4937 2.1931e-02
7495.7422 1.6067e-02
7497.9912 3.4667e-02
7500.2402 1.9720e-02
7502.4902 2.1434e-02
7504.7412 3.3592e-02
7506.9927 2.2988e-02
7509.2441 2.4098e-02
7511.4976 2.2518e-02
7513.7510 2.5483e-02
7516.0044 3.6753e-02
7518.2593 3.1024e-02
7520.5151 3.3255e-02
7522.7715 2.4768e-02
7525.0283 1.5722e-02
7527.2861 2.8106e-02
7529.5439 2.1540e-02
7531.8027 2.6969e-02
7534.0620 2.4601e-02
7536.3228 2.4906e-02
7538.5835 2.1407e-02
7540.8447 2.1217e-02
7543.1074 2.2162e-02
7545.3706 3.5670e-02
7547.6338 3.0002e-02
7549.8984 1.8590e-02
7552.1626 2.6013e-02
7554.4292 3.0447e-02
7556.6948 2.8365e-02
7558.9619 2.9775e-02
7561.2295 1.9683e-02
7563.4976 2.9438e-02
7565.7671 2.3035e-02
7568.0366 1.9580e-02
7570.3071 2.1608e-02
7572.5786 2.1075e-02
7574.8511 2.3449e-02
7577.1230 1.8991e-02
7579.3960 2.0942e-02
7581.6694 2.0006e-02
7583.9443 2.5961e-02
7586.2192 2.0595e-02
7588.4956 3.4892e-02
7590.7715 1.7502e-02
7593.0488 2.6284e-02
7595.3262 2.7382e-02
7597.6060 2.0705e-02
7599.8843 2.6904e-02
7602.1641 2.4346e-02
7604.4448 2.2048e-02
7606.7271 1.4892e-02
7609.0093 2.8174e-02
7611.2910 3.1720e-02
7613.5752 2.7175e-02
7615.8589 2.9863e-02
7618.1440 2.7392e-02
7620.4292 2.9947e-02
7622.7153 2.3732e-02
7625.0020 2.4303e-02
7627.2896 3.1525e-02
7629.5781 2.6628e-02
7631.8662 2.4367e-02
7634.1562 2.3134e-02
7636.4468 2.4764e-02
7638.7378 2.4605e-02
7641.0288 1.9565e-02
7643.3213 2.5112e-02
7645.6138 2.0772e-02
7647.9072 1.9672e-02
7650.2021 2.5909e-02
7652.4971 2.3883e-02
7654.7935 2.8880e-02
7657.0894 2.8921e-02
7659.3867 1.7976e-02
7661.6846 3.1436e-02
7663.9829 1.5066e-02
7666.2817 2.3328e-02
7668.5825 2.7760e-02
7670.8823 3.3485e-02
7673.1841 2.7489e-02
7675.4854 1.4868e-02
7677.7891 2.1235e-02
7680.0918 1.1640e-02
7682.3960 1.9766e-02
7684.7002 2.4693e-02
7687.0059 2.4254e-02
7689.3125 2.0198e-02
7691.6191 2.1324e-02
7693.9268 2.2817e-02
7696.2344 2.4579e-02
7698.5430 2.0472e-02
7700.8530 1.9693e-02
7703.1631 1.4905e-02
7705.4746 2.3699e-02
7707.7856 1.7340e-02
7710.0981 2.3352e-02
7712.4111 2.8309e-02
7714.7251 2.1987e-02
7717.0391 2.0976e-02
7719.3540 2.9900e-02
7721.6699 1.2474e-02
7723.9868 2.6789e-02
7726.3042 2.7711e-02
7728.6216 2.7945e-02
7730.9409 2.7372e-02
7733.2593 2.4551e-02
7735.5796 2.1483e-02
7737.9004 2.2747e-02
7740.2217 2.3398e-02
7742.5435 1.5125e-02
7744.8662 3.1194e-02
7747.1895 2.0379e-02
7749.5142 2.0146e-02
7751.8394 2.4177e-02
7754.1650 2.7509e-02
7756.4907 3.4057e-02
7758.8174 2.4321e-02
7761.1450 2.1341e-02
7763.4736 3.0043e-02
7765.8022 2.1881e-02
7768.1323 1.6313e-02
7770.4634 1.0720e-02
7772.7944 2.7596e-02
7775.1260 1.8084e-02
7777.4585 2.8997e-02
7779.7915 2.4724e-02
7782.1260 1.9888e-02
7784.4604 2.5194e-02
7786.7954 2.6643e-02
7789.1318 1.8836e-02
7791.4683 1.9563e-02
7793.8062 2.3501e-02
7796.1436 2.1017e-02
7798.4824 2.0778e-02
7800.8218 2.0461e-02
7803.1626 1.1259e-02
7805.5034 2.0007e-02
7807.8447 2.2034e-02
7810.1880 1.8486e-02
7812.5303 2.6927e-02
7814.8745 1.3581e-02
7817.2192 1.9498e-02
7819.5640 2.3983e-02
7821.9106 1.9573e-02
7824.2559 2.3437e-02
7826.6040 3.1559e-02
7828.9521 2.8291e-02
7831.3003 2.6133e-02
7833.6499 2.2628e-02
7835.9995 1.2794e-02
7838.3511 2.6123e-02
7840.7021 2.1297e-02
7843.0547 2.2501e-02
7845.4077 1.8390e-02
7847.7603 2.5042e-02
7850.1152 3.0754e-02
7852.4702 1.9364e-02
7854.8262 2.2418e-02
7857.1821 2.7940e-02
7859.5396 1.4315e-02
7861.8975 1.5281e-02
7864.2559 3.0726e-02
7866.6157 2.8175e-02
7868.9756 2.2173e-02
7871.3359 1.5155e-02
7873.6978 2.4395e-02
7876.0601 2.8125e-02
7878.4224 1.4699e-02
7880.7856 2.4425e-02
7883.1509 2.1800e-02
7885.5151 2.1048e-02
7887.8809 2.3464e-02
7890.2476 2.6239e-02
7892.6147 1.5136e-02
7894.9814 2.0423e-02
7897.3501 2.1019e-02
7899.7192 1.7104e-02
7902.0898 2.8501e-02
7904.4604 2.4373e-02
7906.8311 2.8123e-02
7909.2036 2.5755e-02
7911.5767 2.4293e-02
7913.9497 1.9802e-02
7916.3247 3.3229e-02
7918.6987 1.6671e-02
7921.0742 2.7541e-02
7923.4512 1.8908e-02
7925.8276 1.7547e-02
7928.2051 3.8327e-02
7930.5845 2.3165e-02
7932.9634 3.4673e-02
7935.3433 1.3293e-02
7937.7236 2.0108e-02
7940.1050 2.7955e-02
7942.4873 1.2848e-02
7944.8701 2.1864e-02
7947.2529 2.7490e-02
7949.6377 2.3283e-02
7952.0225 1.3713e-02
7954.4082 2.1966e-02
7956.7949 2.4021e-02
7959.1807 1.7826e-02
7961.5688 2.0296e-02
7963.9580 2.5050e-02
7966.3462 2.1419e-02
7968.7368 2.3945e-02
7971.1274 2.0087e-02
7973.5181 2.5164e-02
7975.9111 1.8868e-02
7978.3032 1.7822e-02
7980.6973 2.5117e-02
7983.0908 1.8799e-02
7985.4858 1.7051e-02
7987.8823 2.0892e-02
7990.2778 2.7797e-02
7992.6748 2.3786e-02
7995.0728 2.6542e-02
7997.4717 3.3246e-02
7999.8711 1.2112e-02
8002.2710 2.7676e-02
8004.6709 1.3837e-02
8007.0723 3.4047e-02
8009.4746 3.2149e-02
8011.8779 1.6504e-02
8014.2812 1.9528e-02
8016.6855 1.4256e-02
8019.0903 2.3317e-02
8021.4966 1.7344e-02
8023.9028 1.7762e-02
8026.3105 2.1047e-02
8028.7173 2.3073e-02
8031.1260 1.3837e-02
8033.5361 2.0388e-02
8035.9458 2.1501e-02
8038.3569 1.7052e-02
8040.7681 3.4410e-02
8043.1807 1.7829e-02
8045.5933 2.8349e-02
8048.0068 2.2717e-02
8050.4214 2.3890e-02
8052.8364 2.1767e-02
8055.2520 1.9097e-02
8057.6689 2.4705e-02
8060.0864 1.9708e-02
8062.5049 2.2445e-02
8064.9229 1.9722e-02
8067.3423 1.9683e-02
8069.7632 1.9987e-02
8072.1836 2.3388e-02
8074.6050 2.3263e-02
8077.0278 2.5626e-02
8079.4507 1.7041e-02
8081.8745 1.9360e-02
8084.2988 2.9355e-02
8086.7251 1.5454e-02
8089.1509 1.8105e-02
8091.5771 2.6460e-02
8094.0049 2.0120e-02
8096.4331 1.9171e-02
8098.8618 2.7565e-02
8101.2910 1.5602e-02
8103.7217 2.3882e-02
8106.1528 1.5608e-02
8108.5845 1.4676e-02
8111.0171 2.0636e-02
8113.4502 1.6743e-02
8115.8843 1.3712e-02
8118.3188 1.9442e-02
8120.7549 1.6801e-02
8123.1914 1.5276e-02
8125.6284 1.8990e-02
8128.0659 2.8316e-02
8130.5049 2.5288e-02
8132.9438 2.1619e-02
8135.3833 2.3888e-02
8137.8237 2.0609e-02
8140.2651 1.2283e-02
8142.7075 1.8778e-02
8145.1504 2.8160e-02
8147.5938 1.8590e-02
8150.0376 2.1900e-02
8152.4834 2.1039e-02
8154.9292 2.2873e-02
8157.3750 1.8102e-02
8159.8228 2.1539e-02
8162.2705 2.8516e-02
8164.7192 2.3507e-02
8167.1685 2.0828e-02
8169.6187 2.5540e-02
8172.0693 2.4496e-02
8174.5210 2.8606e-02
8176.9736 2.6341e-02
8179.4268 1.7733e-02
8181.8809 2.3301e-02
8184.3350 2.1881e-02
8186.7900 2.7641e-02
8189.2456 2.1430e-02
8191.7031 2.4318e-02
8194.1602 2.2554e-02
8196.6191 2.4532e-02
8199.0781 2.0029e-02
8201.5371 1.3051e-02
8203.9980 2.2702e-02
8206.4590 1.7836e-02
8208.9219 2.0974e-02
8211.3838 1.7339e-02
8213.8477 1.1706e-02
8216.3115 1.4130e-02
8218.7764 2.1151e-02
8221.2422 2.0571e-02
8223.7090 2.8596e-02
8226.1758 2.5816e-02
8228.6436 2.7580e-02
8231.1123 1.7872e-02
8233.5811 2.3506e-02
8236.0518 2.4084e-02
8238.5215 1.3833e-02
8240.9932 1.8421e-02
8243.4658 1.9437e-02
8245.9395 1.4890e-02
8248.4131 1.6581e-02
8250.8877 2.0293e-02
8253.3623 2.0319e-02
8255.8389 2.0713e-02
8258.3154 2.0544e-02
8260.7920 1.5898e-02
8263.2715 1.1949e-02
8265.7500 1.9670e-02
8268.2305 1.0654e-02
8270.7100 2.7563e-02
8273.1914 1.8059e-02
8275.6738 1.1324e-02
8278.1553 2.5672e-02
8280.6396 1.5613e-02
8283.1240 2.0764e-02
8285.6094 1.9472e-02
8288.0947 1.0393e-02
8290.5811 1.4469e-02
8293.0674 2.7583e-02
8295.5557 1.9695e-02
8298.0449 1.9489e-02
8300.5352 2.0375e-02
8303.0234 2.6103e-02
8305.5156 1.6657e-02
8308.0068 1.6333e-02
8310.5000 2.1199e-02
8312.9922 2.2502e-02
8315.4863 2.0511e-02
8317.9805 2.3343e-02
8320.4766 2.2506e-02
8322.9717 2.0858e-02
8325.4697 2.0298e-02
8327.9668 1.9049e-02
8330.4658 1.4069e-02
8332.9639 1.7166e-02
8335.4648 1.4163e-02
8337.9648 2.2559e-02
8340.4668 1.7814e-02
8342.9688 2.3519e-02
8345.4717 1.4122e-02
8347.9746 1.9463e-02
8350.4795 1.1287e-02
8352.9844 1.0052e-02
8355.4902 1.8136e-02
8357.9971 1.3672e-02
8360.5039 2.0911e-02
8363.0127 2.7439e-02
8365.5215 1.9195e-02
8368.0312 2.5267e-02
8370.5420 1.4060e-02
8373.0527 1.1083e-02
8375.5654 2.7380e-02
8378.0771 1.6005e-02
8380.5908 1.9512e-02
8383.1045 2.1570e-02
8385.6191 1.8448e-02
8388.1348 2.0948e-02
8390.6523 1.3771e-02
8393.1689 3.0390e-02
8395.6865 2.1152e-02
8398.2061 2.4360e-02
8400.7246 2.1517e-02
8403.2461 2.6480e-02
8405.7666 2.0581e-02
8408.2881 1.8104e-02
8410.8105 1.9652e-02
8413.3340 2.3625e-02
8415.8584 2.1592e-02
8418.3818 2.2570e-02
8420.9082 1.4765e-02
8423.4346 1.9634e-02
8425.9609 1.9773e-02
8428.4893 2.0684e-02
8431.0186 2.7895e-02
8433.5479 1.7660e-02
8436.0771 1.7947e-02
8438.6074 2.0088e-02
8441.1396 2.8962e-02
8443.6729 2.6703e-02
8446.2051 1.1933e-02
8448.7383 1.5396e-02
8451.2734 1.3200e-02
8453.8086 1.8073e-02
8456.3457 1.8886e-02
8458.8828 2.4149e-02
8461.4199 2.1366e-02
8463.9580 2.0419e-02
8466.4971 2.4816e-02
8469.0371 1.7843e-02
8471.5781 1.7826e-02
8474.1191 2.5358e-02
8476.6621 2.3129e-02
8479.2051 2.9590e-02
8481.7480 1.8985e-02
8484.2930 3.1160e-02
8486.8379 1.9290e-02
8489.3848 2.1519e-02
8491.9316 1.9097e-02
8494.4795 2.2465e-02
8497.0264 1.9918e-02
8499.5762 2.9418e-02
8502.1260 1.7875e-02
8504.6777 1.7034e-02
8507.2285 2.9014e-02
8509.7803 1.3464e-02
8512.3330 2.2453e-02
8514.8857 1.4030e-02
8517.4414 2.2490e-02
8519.9961 1.4807e-02
8522.5527 2.1159e-02
8525.1094 1.9078e-02
8527.6670 2.5299e-02
8530.2246 2.4825e-02
8532.7842 1.5749e-02
8535.3438 2.8583e-02
8537.9053 2.3420e-02
8540.4668 2.3838e-02
8543.0273 1.8260e-02
8545.5908 1.8674e-02
8548.1543 1.6049e-02
8550.7188 2.1782e-02
8553.2842 2.9770e-02
8555.8496 1.9732e-02
8558.4170 1.9451e-02
8560.9844 1.5979e-02
8563.5527 2.2555e-02
8566.1221 2.8839e-02
8568.6914 1.4273e-02
8571.2617 1.7880e-02
8573.8350 2.3699e-02
8576.4062 2.4061e-02
8578.9785 8.7223e-03
8581.5527 1.6459e-02
8584.1270 1.9430e-02
8586.7031 1.7890e-02
8589.2783 2.2052e-02
8591.8555 1.9206e-02
8594.4326 2.4422e-02
8597.0117 2.0506e-02
8599.5898 2.2748e-02
8602.1699 1.1544e-02
8604.7500 2.7109e-02
8607.3320 2.2326e-02
8609.9150 1.8756e-02
8612.4971 2.2308e-02
8615.0811 1.7141e-02
8617.6660 1.7699e-02
8620.2500 3.0848e-02
8622.8369 2.0944e-02
8625.4229 2.1791e-02
8628.0117 8.6671e-03
8630.6006 1.8985e-02
8633.1885 1.0544e-02
8635.7793 1.4491e-02
8638.3711 1.2791e-02
8640.9609 2.1584e-02
8643.5527 2.6106e-02
8646.1465 2.3141e-02
8648.7393 2.7781e-02
8651.3350 2.9988e-02
8653.9307 1.7870e-02
8656.5264 2.1762e-02
8659.1230 2.0640e-02
8661.7207 2.5103e-02
8664.3203 2.0788e-02
8666.9189 2.4129e-02
8669.5186 1.7023e-02
8672.1201 2.3766e-02
8674.7217 1.8723e-02
8677.3242 2.1939e-02
8679.9277 1.4935e-02
8682.5312 1.9321e-02
8685.1367 1.4694e-02
8687.7412 1.6138e-02
8690.3477 1.9721e-02
8692.9551 2.1669e-02
8695.5625 1.6112e-02
8698.1709 1.7019e-02
8700.7803 2.3902e-02
8703.3916 2.2914e-02
8706.0020 2.6197e-02
8708.6133 2.1607e-02
8711.2266 1.4075e-02
8713.8398 1.9027e-02
8716.4541 1.9990e-02
8719.0684 2.0807e-02
8721.6846 2.1508e-02
8724.3018 2.2794e-02
8726.9189 2.2992e-02
8729.5371 1.9137e-02
8732.1553 1.6304e-02
8734.7754 2.2276e-02
8737.3955 1.6366e-02
8740.0166 3.2192e-02
8742.6387 1.8299e-02
8745.2607 9.5002e-03
8747.8848 1.5498e-02
8750.5098 1.9381e-02
8753.1348 2.2106e-02
8755.7607 2.4021e-02
8758.3867 1.8670e-02
8761.0146 2.0637e-02
8763.6436 8.6036e-03
8766.2715 1.6491e-02
8768.9023 2.0111e-02
8771.5322 1.7583e-02
8774.1641 2.1288e-02
8776.7959 1.7903e-02
8779.4287 1.7009e-02
8782.0635 1.5286e-02
8784.6982 1.7847e-02
8787.3330 1.0512e-02
8789.9697 1.0881e-02
8792.6074 1.8405e-02
8795.2451 2.6553e-02
8797.8838 2.8228e-02
8800.5234 2.0652e-02
8803.1621 1.8090e-02
8805.8027 1.9254e-02
8808.4453 1.5917e-02
8811.0879 1.8396e-02
8813.7314 2.1066e-02
8816.3750 1.6675e-02
8819.0205 2.4542e-02
8821.6660 1.8265e-02
8824.3125 1.5525e-02
8826.9590 1.3662e-02
8829.6084 1.7226e-02
8832.2568 1.3434e-02
8834.9062 1.3945e-02
8837.5557 1.7988e-02
8840.2080 2.0052e-02
8842.8594 2.1950e-02
8845.5127 2.1689e-02
8848.1670 1.3722e-02
8850.8213 1.7829e-02
8853.4766 2.2712e-02
8856.1328 1.8528e-02
8858.7881 1.7423e-02
8861.4463 2.4072e-02
8864.1045 1.8072e-02
8866.7646 2.0374e-02
8869.4238 1.7090e-02
8872.0850 1.2466e-02
8874.7471 1.4913e-02
8877.4092 1.6270e-02
8880.0732 1.8428e-02
8882.7373 1.7236e-02
8885.4014 1.3562e-02
8888.0674 2.1954e-02
8890.7334 1.4530e-02
8893.4004 2.1038e-02
8896.0684 2.3433e-02
8898.7373 1.8956e-02
8901.4072 1.4630e-02
8904.0771 1.6338e-02
8906.7480 1.3873e-02
8909.4199 2.0452e-02
8912.0938 1.7908e-02
8914.7676 2.1351e-02
8917.4414 2.3911e-02
8920.1172 1.6572e-02
8922.7930 2.7360e-02
8925.4697 2.2124e-02
8928.1475 1.5555e-02
8930.8262 2.0851e-02
8933.5049 9.3704e-03
8936.1855 1.4843e-02
8938.8652 1.9112e-02
8941.5469 1.2156e-02
8944.2295 1.9384e-02
8946.9141 1.8952e-02
8949.5977 1.5838e-02
8952.2822 2.0326e-02
8954.9678 1.6479e-02
8957.6553 1.3383e-02
8960.3418 1.3586e-02
8963.0293 2.0112e-02
8965.7178 1.5796e-02
8968.4082 1.5524e-02
8971.0986 2.7366e-02
8973.7910 1.6685e-02
8976.4824 2.0977e-02
8979.1748 2.1396e-02
8981.8691 1.5021e-02
8984.5635 2.0091e-02
8987.2588 1.8054e-02
8989.9551 1.4516e-02
8992.6523 2.0048e-02
8995.3506 1.5711e-02
8998.0488 1.3737e-02
9000.7480 1.4231e-02
9003.4482 1.8332e-02
9006.1494 1.2115e-02
9008.8516 1.8554e-02
9011.5537 1.5182e-02
9014.2578 1.2085e-02
9016.9609 1.4309e-02
9019.6660 1.6411e-02
9022.3721 1.7323e-02
9025.0791 1.1808e-02
9027.7871 1.1119e-02
9030.4951 1.7025e-02
9033.2051 9.9458e-03
9035.9150 1.3915e-02
9038.6260 2.0286e-02
9041.3369 1.6661e-02
9044.0498 1.2894e-02
9046.7627 1.6399e-02
9049.4766 1.2991e-02
9052.1914 2.7416e-02
9054.9072 1.3593e-02
9057.6240 1.1946e-02
9060.3398 1.7210e-02
9063.0586 1.5014e-02
9065.7773 1.9087e-02
9068.4971 1.0623e-02
9071.2168 1.7665e-02
9073.9395 1.9473e-02
9076.6611 1.5733e-02
9079.3848 1.2836e-02
9082.1074 1.4706e-02
9084.8330 1.4471e-02
9087.5576 1.4824e-02
9090.2832 1.5714e-02
9093.0117 9.0549e-03
9095.7393 1.8451e-02
9098.4688 8.3502e-03
9101.1973 2.2626e-02
9103.9287 1.3050e-02
9106.6592 5.1365e-03
9109.3906 1.1977e-02
9112.1250 2.6111e-02
9114.8584 1.7744e-02
9117.5928 1.1926e-02
9120.3271 1.6710e-02
9123.0635 1.3744e-02
9125.8008 1.3612e-02
9128.5391 1.9258e-02
9131.2764 1.6666e-02
9134.0156 1.4862e-02
9136.7568 1.2047e-02
9139.4980 1.1018e-02
9142.2383 1.7409e-02
9144.9814 1.6010e-02
9147.7266 1.2865e-02
9150.4707 1.4531e-02
9153.2158 1.6695e-02
9155.9609 1.4244e-02
9158.7070 1.3294e-02
9161.4551 1.0667e-02
9164.2041 1.4495e-02
9166.9531 1.7007e-02
9169.7031 1.6283e-02
9172.4541 1.0580e-02
9175.2051 9.9110e-03
9177.9580 1.9472e-02
9180.7109 1.4756e-02
9183.4668 1.8498e-02
9186.2207 1.7654e-02
9188.9766 1.1714e-02
9191.7334 9.2433e-03
9194.4912 1.6367e-02
9197.2490 2.2386e-02
9200.0088 1.1545e-02
9202.7686 1.2661e-02
9205.5293 1.2154e-02
9208.2920 1.6359e-02
9211.0527 7.5009e-03
9213.8164 9.6032e-03
9216.5811 1.5872e-02
9219.3467 1.8849e-02
9222.1113 1.1375e-02
9224.8789 1.9129e-02
9227.6455 2.2373e-02
9230.4141 1.4556e-02
9233.1836 1.5949e-02
9235.9531 1.8886e-02
9238.7246 1.2671e-02
9241.4951 1.3206e-02
9244.2686 1.5922e-02
9247.0410 9.3341e-03
9249.8154 1.4762e-02
9252.5908 1.1572e-02
9255.3652 1.2196e-02
9258.1426 6.6551e-03
9260.9209 1.6981e-02
9263.6992 9.7556e-03
9266.4775 1.0173e-02
9269.2568 1.6500e-02
9272.0381 8.6139e-03
9274.8203 7.6018e-03
9277.6025 1.0939e-02
9280.3857 1.1874e-02
9283.1709 1.2381e-02
9285.9541 1.8564e-02
9288.7402 1.4681e-02
9291.5264 9.5753e-03
9294.3135 1.7050e-02
9297.1025 1.5850e-02
9299.8926 1.7742e-02
9302.6816 6.7521e-03
9305.4727 9.2349e-03
9308.2646 1.0170e-02
9311.0566 1.4127e-02
9313.8506 1.8209e-02
9316.6436 6.6235e-03
9319.4395 5.7546e-03
9322.2354 1.4592e-02
9325.0322 1.9454e-02
9327.8291 1.1994e-02
9330.6279 1.4392e-02
9333.4277 1.9058e-02
9336.2266 8.9227e-03
9339.0283 1.1153e-02
9341.8291 1.6689e-02
9344.6318 1.5105e-02
9347.4355 9.8849e-03
9350.2402 1.3455e-02
9353.0449 1.1688e-02
9355.8516 1.5342e-02
9358.6572 9.5262e-03
9361.4658 1.6229e-02
9364.2734 9.6588e-03
9367.0830 1.5583e-02
9369.8936 1.3260e-02
9372.7041 9.3201e-03
9375.5156 1.8063e-02
9378.3291 1.4269e-02
9381.1416 9.7580e-03
9383.9561 1.0271e-02
9386.7715 8.9171e-03
9389.5879 9.4543e-03
9392.4043 1.5657e-02
9395.2217 1.4736e-02
9398.0400 1.2244e-02
9400.8594 1.1805e-02
9403.6807 1.1689e-02
9406.5020 1.2946e-02
9409.3242 1.3164e-02
9412.1465 1.7091e-02
9414.9707 1.2402e-02
9417.7939 1.2449e-02
9420.6201 2.0363e-02
9423.4453 1.3258e-02
9426.2725 1.3259e-02
9429.1006 1.1122e-02
9431.9287 1.0664e-02
9434.7588 1.3515e-02
9437.5898 7.8613e-03
9440.4209 1.2160e-02
9443.2529 1.1056e-02
9446.0859 1.0130e-02
9448.9199 8.7272e-03
9451.7549 1.0164e-02
9454.5889 1.3017e-02
9457.4268 9.4440e-03
9460.2637 7.1917e-03
9463.1016 1.3378e-02
9465.9414 1.2220e-02
9468.7803 9.1951e-03
9471.6211 1.2158e-02
9474.4629 8.9427e-03
9477.3047 8.7025e-03
9480.1484 8.8268e-03
9482.9922 6.4899e-03
9485.8369 1.6951e-02
9488.6836 8.8314e-03
9491.5303 7.3318e-03
9494.3760 1.1045e-02
9497.2256 1.2889e-02
9500.0742 8.0874e-03
9502.9238 7.3639e-03
9505.7754 1.1318e-02
9508.6270 1.1676e-02
9511.4805 1.4416e-02
9514.3320 1.0303e-02
9517.1875 1.5300e-02
9520.0420 1.2829e-02
9522.8984 1.0425e-02
9525.7559 1.0275e-02
9528.6133 8.7432e-03
9531.4717 1.1879e-02
9534.3311 4.2678e-03
9537.1914 1.7786e-02
9540.0518 1.4010e-02
9542.9150 1.4387e-02
9545.7773 7.5597e-03
9548.6416 8.3052e-03
9551.5059 7.0251e-03
9554.3711 9.3202e-03
9557.2373 9.1748e-03
9560.1045 1.2655e-02
9562.9727 1.3058e-02
9565.8418 1.7189e-02
9568.7109 1.1377e-02
9571.5820 4.8297e-03
9574.4531 8.2245e-03
9577.3252 9.6235e-03
9580.1992 1.0365e-02
9583.0723 8.9706e-03
9585.9473 1.2324e-02
9588.8242 7.7182e-03
9591.7002 8.6524e-03
9594.5781 1.3968e-02
9597.4561 1.1316e-02
9600.3350 1.2897e-02
9603.2158 1.6016e-02
9606.0957 9.9669e-03
9608.9775 8.1897e-03
9611.8613 1.0071e-02
9614.7441 1.4244e-02
9617.6279 1.2304e-02
9620.5137 9.4648e-03
9623.4014 1.0796e-02
9626.2881 1.1904e-02
9629.1748 9.6196e-03
9632.0645 5.0231e-03
9634.9541 1.0183e-02
9637.8438 1.2314e-02
9640.7363 1.1258e-02
9643.6270 9.9464e-03
9646.5215 1.1760e-02
9649.4141 1.0726e-02
9652.3086 1.0972e-02
9655.2051 9.6381e-03
9658.1016 1.0725e-02
9660.9990 1.1347e-02
9663.8975 1.3477e-02
9666.7969 1.1633e-02
9669.6973 8.7906e-03
9672.5967 6.0890e-03
9675.5000 9.1476e-03
9678.4023 4.8633e-03
9681.3057 1.4403e-02
9684.2109 1.0716e-02
9687.1152 4.6123e-03
9690.0215 1.0069e-02
9692.9287 1.5525e-02
9695.8369 1.5573e-02
9698.7441 1.8817e-02
9701.6553 1.2566e-02
9704.5645 9.2353e-03
9707.4775 6.0522e-03
9710.3887 9.4148e-03
9713.3008 6.6823e-03
9716.2158 1.2005e-02
9719.1299 1.5342e-02
9722.0459 1.0664e-02
9724.9629 1.3824e-02
9727.8809 7.1697e-03
9730.7988 5.8359e-03
9733.7178 6.3170e-03
9736.6387 1.3009e-02
9739.5586 1.2836e-02
9742.4805 1.3193e-02
9745.4033 1.1140e-02
9748.3281 9.4435e-03
9751.2520 9.6307e-03
9754.1777 7.4876e-03
9757.1035 6.8505e-03
9760.0303 1.5655e-02
9762.9590 1.1526e-02
9765.8877 1.0122e-02
9768.8174 7.3283e-03
9771.7480 9.6473e-03
9774.6797 1.9093e-02
9777.6113 5.4885e-03
9780.5459 7.6614e-03
9783.4795 1.2354e-02
9786.4141 6.6129e-03
9789.3496 1.3100e-02
9792.2871 1.2987e-02
9795.2256 9.9973e-03
9798.1641 1.0076e-02
9801.1035 1.0449e-02
9804.0430 6.0843e-03
9806.9844 9.6805e-03
9809.9268 8.4706e-03
9812.8691 1.0814e-02
9815.8125 1.4352e-02
9818.7578 6.6392e-03
9821.7041 9.6764e-03
9824.6494 8.5568e-03
9827.5967 4.2416e-03
9830.5469 3.4395e-03
9833.4951 1.0697e-02
9836.4453 1.0721e-02
9839.3965 7.6687e-03
9842.3486 5.2430e-03
9845.2998 7.4705e-03
9848.2549 1.5860e-02
9851.2080 1.2526e-02
9854.1641 8.6236e-03
9857.1201 6.7296e-03
9860.0771 1.2802e-02
9863.0361 9.6795e-03
9865.9941 1.5445e-02
9868.9541 1.0177e-02
9871.9150 8.9498e-03
9874.8760 1.0145e-02
9877.8389 8.9527e-03
9880.8018 8.9583e-03
9883.7666 7.3509e-03
9886.7324 5.2414e-03
9889.6982 5.4487e-03
9892.6641 1.6260e-02
9895.6338 1.2712e-02
9898.6016 1.3917e-02
9901.5713 1.2093e-02
9904.5420 1.6680e-02
9907.5127 1.0556e-02
9910.4854 4.6591e-03
9913.4590 1.1676e-02
9916.4326 1.1838e-02
9919.4072 1.1246e-02
9922.3828 4.8931e-03
9925.3584 1.0357e-02
9928.3379 6.4973e-03
9931.3164 5.2218e-03
9934.2949 5.4894e-03
9937.2754 7.3832e-03
9940.2568 7.4539e-03
9943.2383 1.5088e-02
9946.2207 7.4699e-03
9949.2061 1.2969e-02
9952.1904 8.6874e-03
9955.1758 4.2931e-03
9958.1631 1.1276e-02
9961.1494 1.4029e-02
9964.1387 9.0183e-03
9967.1279 1.2374e-02
9970.1182 5.4767e-03
9973.1084 7.9213e-03
9976.1006 7.0354e-03
9979.0928 1.0517e-02
9982.0859 4.1151e-03
9985.0820 8.2962e-03
9988.0771 6.2270e-03
9991.0732 9.2314e-03
9994.0713 6.8585e-03
9997.0693 5.4088e-03
10000.0684 1.0572e-02
10003.0674 8.7406e-03
10006.0684 9.1154e-03
10009.0713 7.0514e-03
10012.0742 4.1576e-03
10015.0771 1.0553e-02
10018.0820 8.2094e-03
10021.0879 5.9414e-03
10024.0938 8.8313e-03
10027.1006 8.5691e-03
10030.1084 9.2900e-03
10033.1172 8.8471e-03
10036.1270 1.0888e-02
10039.1387 1.1657e-02
10042.1504 8.0667e-03
10045.1631 9.2399e-03
10048.1768 8.2210e-03
10051.1924 8.1618e-03
10054.2061 1.1108e-02
10057.2227 5.7068e-03
10060.2402 1.1409e-02
10063.2578 9.3456e-03
10066.2773 6.6521e-03
10069.2969 1.2281e-02
10072.3174 9.2670e-03
10075.3379 1.0622e-02
10078.3623 9.2471e-03
10081.3848 5.4377e-03
10084.4102 5.5401e-03
10087.4346 7.4846e-03
10090.4619 4.8209e-03
10093.4883 1.1600e-02
10096.5166 5.0320e-03
10099.5459 1.1129e-02
10102.5742 7.7840e-03
10105.6055 5.7076e-03
10108.6367 8.4687e-03
10111.6709 1.3805e-02
10114.7041 5.9012e-03
10117.7383 8.8779e-03
10120.7734 1.0903e-02
10123.8105 6.7954e-03
10126.8477 7.9271e-03
10129.8857 6.6521e-03
10132.9248 3.4506e-03
10135.9648 8.5086e-03
10139.0049 7.9249e-03
10142.0479 6.1599e-03
10145.0879 1.0975e-02
10148.1318 1.0686e-02
10151.1768 1.1483e-02
10154.2227 9.0748e-03
10157.2686 3.3347e-03
10160.3154 9.6014e-03
10163.3643 8.9241e-03
10166.4121 6.7121e-03
10169.4629 8.4255e-03
10172.5137 9.8188e-03
10175.5654 1.2962e-02
10178.6191 7.2529e-03
10181.6719 3.4847e-03
10184.7256 8.2435e-03
10187.7822 1.1923e-02
10190.8379 1.6290e-02
10193.8945 6.6868e-03
10196.9541 6.2018e-03
10200.0127 9.7907e-03
10203.0723 1.4939e-02
10206.1328 8.5836e-03
10209.1953 6.8433e-03
10212.2578 5.8886e-03
10215.3223 8.1443e-03
10218.3867 5.9109e-03
10221.4521 5.3143e-03
10224.5186 6.8300e-03
10227.5850 4.5022e-03
10230.6543 7.8762e-03
10233.7246 5.1689e-03
10236.7930 9.8208e-03
10239.8643 8.4831e-03
10242.9355 8.5659e-03
10246.0098 7.8092e-03
10249.0830 8.7542e-03
10252.1572 5.0449e-03
10255.2334 1.3334e-02
10258.3096 7.4721e-03
10261.3877 3.8968e-03
10264.4648 4.9095e-03
10267.5449 7.2310e-03
10270.6250 9.6353e-03
