# time_explosion = 16.75
# 
3082.8928 6.6895e-02
3083.8179 8.2438e-02
3084.7432 6.0909e-02
3085.6685 7.6294e-02
3086.5940 9.2257e-02
3087.5200 4.7317e-02
3088.4463 8.4114e-02
3089.3728 6.8004e-02
3090.2996 7.7536e-02
3091.2268 6.6113e-02
3092.1541 8.4011e-02
3093.0815 7.0457e-02
3094.0098 6.9358e-02
3094.9380 8.4505e-02
3095.8665 6.8090e-02
3096.7952 7.2483e-02
3097.7241 7.2594e-02
3098.6536 7.9304e-02
3099.5828 5.6678e-02
3100.5129 5.7940e-02
3101.4431 6.1310e-02
3102.3735 6.7136e-02
3103.3042 6.7496e-02
3104.2354 5.4490e-02
3105.1665 7.3072e-02
3106.0981 9.3020e-02
3107.0300 6.5183e-02
3107.9619 7.3305e-02
3108.8943 6.1389e-02
3109.8269 5.5370e-02
3110.7600 7.1868e-02
3111.6929 5.5739e-02
3112.6265 6.6477e-02
3113.5605 6.3008e-02
3114.4944 6.6358e-02
3115.4290 7.1991e-02
3116.3635 6.7499e-02
3117.2986 7.2275e-02
3118.2336 5.7117e-02
3119.1689 5.9922e-02
3120.1047 6.5015e-02
3121.0410 5.1573e-02
3121.9773 7.7041e-02
3122.9136 6.8630e-02
3123.8508 5.1245e-02
3124.7878 4.6811e-02
3125.7251 5.2890e-02
3126.6628 7.7175e-02
3127.6008 5.0442e-02
3128.5393 5.2017e-02
3129.4778 5.2252e-02
3130.4170 4.6591e-02
3131.3557 6.9469e-02
3132.2954 7.0839e-02
3133.2349 5.7998e-02
3134.1748 5.5200e-02
3135.1150 4.8842e-02
3136.0559 5.1518e-02
3136.9968 6.0896e-02
3137.9377 5.6562e-02
3138.8789 5.1052e-02
3139.8206 6.4273e-02
3140.7625 4.5937e-02
3141.7046 4.8931e-02
3142.6472 6.9299e-02
3143.5901 5.8542e-02
3144.5334 4.9617e-02
3145.4766 5.4717e-02
3146.4202 4.1003e-02
3147.3643 6.3400e-02
3148.3086 6.2124e-02
3149.2529 5.3449e-02
3150.1975 4.9466e-02
3151.1426 3.6180e-02
3152.0881 4.7516e-02
3153.0337 5.3518e-02
3153.9795 4.1965e-02
3154.9255 4.9083e-02
3155.8723 4.6082e-02
3156.8188 6.0186e-02
3157.7661 6.2468e-02
3158.7134 4.9768e-02
3159.6609 4.8291e-02
3160.6086 5.7625e-02
3161.5571 6.7513e-02
3162.5054 5.5496e-02
3163.4541 5.4886e-02
3164.4031 6.2512e-02
3165.3528 5.6733e-02
3166.3022 8.0114e-02
3167.2522 6.2171e-02
3168.2024 5.2332e-02
3169.1526 6.2792e-02
3170.1035 6.6010e-02
3171.0544 7.6454e-02
3172.0061 4.3770e-02
3172.9573 6.5474e-02
3173.9092 5.3800e-02
3174.8613 6.4569e-02
3175.8140 3.6512e-02
3176.7668 5.2376e-02
3177.7197 8.2064e-02
3178.6729 6.5668e-02
3179.6267 6.9680e-02
3180.5808 5.0484e-02
3181.5347 5.4460e-02
3182.4893 6.8241e-02
3183.4438 5.5163e-02
3184.3987 5.7546e-02
3185.3542 6.3100e-02
3186.3101 6.7337e-02
3187.2659 7.0279e-02
3188.2217 5.1466e-02
3189.1785 7.5881e-02
3190.1350 6.8524e-02
3191.0920 6.1429e-02
3192.0493 5.0989e-02
3193.0071 7.9143e-02
3193.9651 7.1124e-02
3194.9233 5.8410e-02
3195.8818 8.1748e-02
3196.8408 8.3651e-02
3197.7996 5.7639e-02
3198.7590 4.7353e-02
3199.7185 5.5786e-02
3200.6782 8.2627e-02
3201.6387 7.8686e-02
3202.5991 7.4306e-02
3203.5598 7.9740e-02
3204.5208 7.1637e-02
3205.4824 6.9056e-02
3206.4441 5.6398e-02
3207.4058 6.1779e-02
3208.3682 5.9708e-02
3209.3306 5.0834e-02
3210.2935 6.6828e-02
3211.2563 5.2887e-02
3212.2200 6.8020e-02
3213.1833 4.8037e-02
3214.1472 6.7321e-02
3215.1118 4.2513e-02
3216.0764 5.3227e-02
3217.0413 6.0925e-02
3218.0061 5.3640e-02
3218.9714 7.0216e-02
3219.9373 5.9261e-02
3220.9031 6.9719e-02
3221.8699 5.3626e-02
3222.8362 5.1013e-02
3223.8030 6.7556e-02
3224.7700 6.8251e-02
3225.7375 7.9824e-02
3226.7053 5.9789e-02
3227.6731 5.2804e-02
3228.6416 5.8067e-02
3229.6101 5.4317e-02
3230.5791 5.5884e-02
3231.5483 4.3527e-02
3232.5178 6.3091e-02
3233.4875 7.3936e-02
3234.4575 4.6432e-02
3235.4280 5.4921e-02
3236.3984 7.5171e-02
3237.3691 5.2521e-02
3238.3403 4.6022e-02
3239.3120 4.6788e-02
3240.2839 5.2902e-02
3241.2559 5.5664e-02
3242.2285 6.5945e-02
3243.2012 6.5103e-02
3244.1743 6.9367e-02
3245.1472 5.5747e-02
3246.1208 7.1180e-02
3247.0947 4.4426e-02
3248.0688 4.6601e-02
3249.0432 5.8480e-02
3250.0178 4.2439e-02
3250.9929 5.4519e-02
3251.9680 3.9167e-02
3252.9438 3.3843e-02
3253.9194 7.7475e-02
3254.8958 7.6936e-02
3255.8723 4.8983e-02
3256.8489 6.3324e-02
3257.8262 5.4768e-02
3258.8035 5.1140e-02
3259.7810 5.5839e-02
3260.7593 7.4089e-02
3261.7373 5.5178e-02
3262.7158 6.7875e-02
3263.6946 7.2071e-02
3264.6736 6.1560e-02
3265.6531 5.8815e-02
3266.6331 5.8579e-02
3267.6130 6.5181e-02
3268.5930 6.0049e-02
3269.5735 6.4211e-02
3270.5544 6.3643e-02
3271.5356 3.9226e-02
3272.5171 6.6308e-02
3273.4990 6.5893e-02
3274.4812 6.7777e-02
3275.4634 6.1305e-02
3276.4458 6.4074e-02
3277.4287 7.2526e-02
3278.4124 7.5616e-02
3279.3958 6.6277e-02
3280.3794 6.9196e-02
3281.3635 4.6732e-02
3282.3479 7.3564e-02
3283.3325 5.4703e-02
3284.3179 6.4033e-02
3285.3030 5.4132e-02
3286.2888 6.9784e-02
3287.2744 8.6359e-02
3288.2605 9.7261e-02
3289.2471 5.6643e-02
3290.2339 8.8317e-02
3291.2212 7.6299e-02
3292.2083 6.3069e-02
3293.1958 7.6655e-02
3294.1838 6.0886e-02
3295.1724 7.1052e-02
3296.1609 6.6054e-02
3297.1497 5.7205e-02
3298.1387 5.5736e-02
3299.1282 6.8451e-02
3300.1177 6.1884e-02
3301.1079 6.8605e-02
3302.0984 7.1707e-02
3303.0889 6.7271e-02
3304.0798 7.3691e-02
3305.0713 7.1195e-02
3306.0627 6.3717e-02
3307.0544 7.6459e-02
3308.0466 7.4462e-02
3309.0391 8.0222e-02
3310.0317 7.4682e-02
3311.0247 8.2289e-02
3312.0178 8.0711e-02
3313.0117 8.4109e-02
3314.0054 7.4208e-02
3315.0000 8.0959e-02
3315.9941 6.9338e-02
3316.9890 6.4908e-02
3317.9839 6.3302e-02
3318.9795 6.9887e-02
3319.9751 8.2910e-02
3320.9712 6.4502e-02
3321.9678 6.0200e-02
3322.9639 9.0353e-02
3323.9607 7.2467e-02
3324.9580 6.1050e-02
3325.9558 8.3357e-02
3326.9536 8.9372e-02
3327.9514 9.2261e-02
3328.9497 8.9428e-02
3329.9482 7.6879e-02
3330.9475 7.8059e-02
3331.9468 8.8119e-02
3332.9463 7.6868e-02
3333.9463 1.0000e-01
3334.9463 8.4488e-02
3335.9473 7.5413e-02
3336.9478 6.9751e-02
3337.9487 8.0558e-02
3338.9502 6.3840e-02
3339.9517 8.4749e-02
3340.9536 7.3886e-02
3341.9561 6.0834e-02
3342.9587 9.8564e-02
3343.9614 1.0060e-01
3344.9651 8.3347e-02
3345.9685 7.5858e-02
3346.9722 7.2109e-02
3347.9763 1.0179e-01
3348.9805 9.3557e-02
3349.9854 7.1746e-02
3350.9902 7.8370e-02
3351.9956 7.8537e-02
3353.0010 7.8991e-02
3354.0073 7.1651e-02
3355.0129 7.1664e-02
3356.0198 9.2090e-02
3357.0264 8.1855e-02
3358.0334 6.9969e-02
3359.0410 8.9440e-02
3360.0488 8.5978e-02
3361.0569 8.9070e-02
3362.0654 8.5404e-02
3363.0740 9.1394e-02
3364.0828 1.1764e-01
3365.0918 9.9324e-02
3366.1013 8.5330e-02
3367.1113 1.0727e-01
3368.1213 6.5839e-02
3369.1318 1.0200e-01
3370.1426 7.8449e-02
3371.1536 9.6772e-02
3372.1650 9.4880e-02
3373.1768 9.5840e-02
3374.1885 1.2710e-01
3375.2004 1.0376e-01
3376.2134 7.3233e-02
3377.2261 9.4748e-02
3378.2395 7.9835e-02
3379.2529 9.5141e-02
3380.2664 8.8237e-02
3381.2805 1.1191e-01
3382.2952 9.5204e-02
3383.3098 1.0404e-01
3384.3250 1.0443e-01
3385.3401 1.0501e-01
3386.3557 9.8216e-02
3387.3716 9.3735e-02
3388.3879 1.0453e-01
3389.4045 9.0061e-02
3390.4211 9.4167e-02
3391.4385 9.9455e-02
3392.4558 1.0744e-01
3393.4736 1.3981e-01
3394.4915 9.2462e-02
3395.5100 1.1129e-01
3396.5286 1.1726e-01
3397.5474 1.0749e-01
3398.5667 1.1023e-01
3399.5862 1.2445e-01
3400.6062 7.8599e-02
3401.6262 9.8474e-02
3402.6467 1.2951e-01
3403.6677 1.0994e-01
3404.6887 1.1373e-01
3405.7100 1.4976e-01
3406.7319 1.0346e-01
3407.7539 9.8811e-02
3408.7764 1.1059e-01
3409.7988 1.1750e-01
3410.8218 8.7909e-02
3411.8450 1.2449e-01
3412.8687 1.3947e-01
3413.8923 1.0720e-01
3414.9167 1.2644e-01
3415.9412 1.1216e-01
3416.9658 1.2668e-01
3417.9907 1.1682e-01
3419.0164 1.2434e-01
3420.0420 1.0517e-01
3421.0681 1.1370e-01
3422.0945 1.3678e-01
3423.1208 1.3272e-01
3424.1479 1.1914e-01
3425.1753 1.2531e-01
3426.2029 1.3816e-01
3427.2307 1.4784e-01
3428.2588 1.4304e-01
3429.2871 9.9547e-02
3430.3159 1.0544e-01
3431.3452 1.3578e-01
3432.3748 1.0613e-01
3433.4041 1.1105e-01
3434.4346 1.4702e-01
3435.4646 9.9692e-02
3436.4954 9.9793e-02
3437.5261 1.1632e-01
3438.5579 1.1865e-01
3439.5894 1.4168e-01
3440.6208 9.9045e-02
3441.6531 1.3283e-01
3442.6855 1.3887e-01
3443.7183 1.3144e-01
3444.7515 1.3340e-01
3445.7852 1.2878e-01
3446.8186 1.3427e-01
3447.8525 1.4183e-01
3448.8872 1.1339e-01
3449.9216 1.3799e-01
3450.9568 1.0182e-01
3451.9919 1.4715e-01
3453.0276 1.2190e-01
3454.0637 1.3058e-01
3455.0999 1.3832e-01
3456.1362 1.1970e-01
3457.1731 1.3342e-01
3458.2102 1.2404e-01
3459.2476 1.3627e-01
3460.2856 1.0985e-01
3461.3235 1.2650e-01
3462.3621 1.3201e-01
3463.4004 1.4960e-01
3464.4399 1.0904e-01
3465.4790 1.4179e-01
3466.5188 1.4618e-01
3467.5586 1.2881e-01
3468.5989 1.2427e-01
3469.6394 1.1253e-01
3470.6804 1.0951e-01
3471.7217 1.3027e-01
3472.7629 1.6216e-01
3473.8049 1.2945e-01
3474.8469 1.3072e-01
3475.8894 1.4275e-01
3476.9321 1.3692e-01
3477.9751 1.2411e-01
3479.0188 1.2689e-01
3480.0625 1.3607e-01
3481.1064 1.2433e-01
3482.1509 1.2076e-01
3483.1956 1.3695e-01
3484.2407 1.3694e-01
3485.2856 1.5240e-01
3486.3313 1.3245e-01
3487.3772 1.2933e-01
3488.4233 1.1172e-01
3489.4697 1.4124e-01
3490.5168 1.1524e-01
3491.5640 1.4889e-01
3492.6116 1.3869e-01
3493.6592 1.2684e-01
3494.7073 1.4498e-01
3495.7556 1.5481e-01
3496.8044 1.3426e-01
3497.8535 1.4651e-01
3498.9026 1.5646e-01
3499.9526 1.5650e-01
3501.0024 1.5017e-01
3502.0527 1.5257e-01
3503.1033 1.4621e-01
3504.1543 1.2913e-01
3505.2058 1.4238e-01
3506.2571 1.2454e-01
3507.3088 1.4704e-01
3508.3613 1.4321e-01
3509.4136 1.2427e-01
3510.4663 1.5426e-01
3511.5193 1.2861e-01
3512.5730 1.5126e-01
3513.6270 1.2302e-01
3514.6809 1.3720e-01
3515.7351 1.5684e-01
3516.7898 1.2014e-01
3517.8452 1.2895e-01
3518.9004 1.4368e-01
3519.9561 1.2670e-01
3521.0122 1.4310e-01
3522.0686 1.3689e-01
3523.1250 1.4794e-01
3524.1821 1.5605e-01
3525.2390 1.4882e-01
3526.2969 1.6541e-01
3527.3547 1.6843e-01
3528.4126 1.3525e-01
3529.4714 1.1825e-01
3530.5303 1.1368e-01
3531.5894 1.3963e-01
3532.6487 1.2601e-01
3533.7090 1.1854e-01
3534.7688 1.2361e-01
3535.8293 1.4255e-01
3536.8901 1.3783e-01
3537.9512 1.5916e-01
3539.0122 1.2686e-01
3540.0740 1.5641e-01
3541.1360 1.2541e-01
3542.1987 1.4954e-01
3543.2612 1.2482e-01
3544.3245 1.5615e-01
3545.3875 1.2076e-01
3546.4509 1.1497e-01
3547.5154 1.2697e-01
3548.5793 1.4978e-01
3549.6438 1.6266e-01
3550.7087 1.4697e-01
3551.7739 1.4133e-01
3552.8396 1.4086e-01
3553.9053 1.3854e-01
3554.9714 1.2915e-01
3556.0378 1.4669e-01
3557.1050 1.1663e-01
3558.1716 1.6387e-01
3559.2395 1.4341e-01
3560.3071 1.4226e-01
3561.3752 1.5264e-01
3562.4436 1.4411e-01
3563.5125 1.3450e-01
3564.5813 1.3859e-01
3565.6506 1.8201e-01
3566.7205 1.5463e-01
3567.7905 1.8864e-01
3568.8611 1.2590e-01
3569.9316 1.4251e-01
3571.0027 1.5345e-01
3572.0737 1.6121e-01
3573.1455 1.4011e-01
3574.2175 1.5700e-01
3575.2896 1.5847e-01
3576.3625 1.4354e-01
3577.4351 1.4059e-01
3578.5083 1.8090e-01
3579.5820 1.7137e-01
3580.6560 1.6761e-01
3581.7300 1.5897e-01
3582.8047 1.5058e-01
3583.8792 1.4936e-01
3584.9546 1.2449e-01
3586.0298 1.5127e-01
3587.1060 1.4967e-01
3588.1821 1.5855e-01
3589.2583 1.6613e-01
3590.3352 1.5923e-01
3591.4124 1.6803e-01
3592.4897 1.3695e-01
3593.5671 1.8051e-01
3594.6455 1.4466e-01
3595.7241 1.2286e-01
3596.8025 1.3664e-01
3597.8818 1.5902e-01
3598.9609 1.6035e-01
3600.0405 1.7286e-01
3601.1204 1.7897e-01
3602.2009 1.8554e-01
3603.2817 1.5908e-01
3604.3625 1.4071e-01
3605.4441 1.6179e-01
3606.5256 1.5504e-01
3607.6074 1.3839e-01
3608.6899 1.4828e-01
3609.7725 1.6152e-01
3610.8552 1.5450e-01
3611.9385 1.4466e-01
3613.0222 1.4511e-01
3614.1062 1.9436e-01
3615.1904 1.4524e-01
3616.2749 1.5951e-01
3617.3599 1.2323e-01
3618.4451 1.8157e-01
3619.5303 1.5342e-01
3620.6165 1.6422e-01
3621.7024 1.5829e-01
3622.7891 1.6804e-01
3623.8760 1.6305e-01
3624.9631 1.6909e-01
3626.0508 1.4600e-01
3627.1382 1.3311e-01
3628.2266 1.5301e-01
3629.3152 1.4105e-01
3630.4038 1.3633e-01
3631.4927 1.4605e-01
3632.5825 1.5110e-01
3633.6721 1.4584e-01
3634.7622 1.3968e-01
3635.8528 1.4072e-01
3636.9434 1.3136e-01
3638.0347 1.4055e-01
3639.1257 1.2256e-01
3640.2178 1.3513e-01
3641.3098 1.4315e-01
3642.4021 1.3101e-01
3643.4946 1.6808e-01
3644.5881 1.5277e-01
3645.6814 1.7355e-01
3646.7751 1.5426e-01
3647.8691 1.4549e-01
3648.9634 1.5497e-01
3650.0581 1.5681e-01
3651.1533 1.2758e-01
3652.2480 1.1724e-01
3653.3442 1.2826e-01
3654.4402 1.6364e-01
3655.5364 1.5832e-01
3656.6333 1.6505e-01
3657.7300 1.4657e-01
3658.8274 1.4997e-01
3659.9250 1.5626e-01
3661.0232 1.4927e-01
3662.1213 1.5989e-01
3663.2202 1.4947e-01
3664.3188 1.3335e-01
3665.4182 1.5478e-01
3666.5181 1.7133e-01
3667.6179 1.6745e-01
3668.7183 1.5700e-01
3669.8186 1.5835e-01
3670.9197 1.8279e-01
3672.0210 1.5330e-01
3673.1226 1.6653e-01
3674.2241 1.6035e-01
3675.3269 1.5784e-01
3676.4294 1.6484e-01
3677.5325 2.0193e-01
3678.6355 1.4967e-01
3679.7390 1.8319e-01
3680.8430 1.6238e-01
3681.9473 1.8242e-01
3683.0518 2.3046e-01
3684.1570 1.9118e-01
3685.2620 1.7738e-01
3686.3677 1.9751e-01
3687.4739 1.7144e-01
3688.5796 2.2163e-01
3689.6865 1.9232e-01
3690.7932 2.0203e-01
3691.9006 2.3939e-01
3693.0081 2.3058e-01
3694.1160 2.2001e-01
3695.2241 2.0150e-01
3696.3328 2.1264e-01
3697.4417 2.3359e-01
3698.5508 2.4864e-01
3699.6606 2.0419e-01
3700.7703 2.3540e-01
3701.8806 2.2497e-01
3702.9910 2.3525e-01
3704.1023 2.3997e-01
3705.2136 2.2608e-01
3706.3247 2.4693e-01
3707.4370 2.7380e-01
3708.5491 2.3930e-01
3709.6616 2.7039e-01
3710.7744 2.5414e-01
3711.8877 2.5951e-01
3713.0012 2.7903e-01
3714.1152 2.4224e-01
3715.2292 2.5169e-01
3716.3440 2.6680e-01
3717.4590 2.9999e-01
3718.5742 2.6096e-01
3719.6897 2.6783e-01
3720.8057 2.5609e-01
3721.9219 2.8813e-01
3723.0383 2.6830e-01
3724.1553 2.5340e-01
3725.2725 2.6573e-01
3726.3904 2.7513e-01
3727.5081 2.9273e-01
3728.6265 2.9208e-01
3729.7451 3.1029e-01
3730.8640 2.4683e-01
3731.9832 2.3156e-01
3733.1028 2.7334e-01
3734.2227 2.7511e-01
3735.3428 2.7886e-01
3736.4636 2.5646e-01
3737.5842 2.7083e-01
3738.7056 2.9525e-01
3739.8276 2.9332e-01
3740.9490 2.6166e-01
3742.0718 2.6336e-01
3743.1943 2.0164e-01
3744.3171 2.5541e-01
3745.4404 2.5380e-01
3746.5640 2.7661e-01
3747.6880 2.2726e-01
3748.8125 2.3131e-01
3749.9368 2.2745e-01
3751.0620 2.4442e-01
3752.1873 2.4509e-01
3753.3130 2.4748e-01
3754.4387 2.5500e-01
3755.5652 2.4389e-01
3756.6919 2.2934e-01
3757.8188 2.5321e-01
3758.9463 2.4883e-01
3760.0737 2.5283e-01
3761.2019 2.3291e-01
3762.3306 2.3268e-01
3763.4590 1.9587e-01
3764.5881 2.3660e-01
3765.7175 2.2086e-01
3766.8472 2.0917e-01
3767.9771 2.3714e-01
3769.1079 1.7986e-01
3770.2383 1.9174e-01
3771.3694 1.8694e-01
3772.5007 2.0405e-01
3773.6328 1.8718e-01
3774.7646 1.7029e-01
3775.8972 2.0319e-01
3777.0298 2.0674e-01
3778.1628 1.8853e-01
3779.2964 1.7240e-01
3780.4302 1.7395e-01
3781.5642 1.9387e-01
3782.6987 1.9912e-01
3783.8335 1.6970e-01
3784.9690 1.7397e-01
3786.1042 1.5606e-01
3787.2400 1.7551e-01
3788.3762 1.9971e-01
3789.5125 1.5566e-01
3790.6497 1.5862e-01
3791.7869 1.4470e-01
3792.9246 1.7073e-01
3794.0625 1.4454e-01
3795.2007 1.6122e-01
3796.3391 1.5322e-01
3797.4778 1.7514e-01
3798.6169 1.6340e-01
3799.7568 1.6144e-01
3800.8967 1.5869e-01
3802.0371 1.4905e-01
3803.1775 1.5018e-01
3804.3181 1.1420e-01
3805.4597 1.4778e-01
3806.6013 1.5272e-01
3807.7434 1.4962e-01
3808.8857 1.2006e-01
3810.0286 1.2496e-01
3811.1714 1.4686e-01
3812.3149 1.2518e-01
3813.4583 1.3343e-01
3814.6025 1.2023e-01
3815.7468 1.2708e-01
3816.8916 1.2847e-01
3818.0369 1.1773e-01
3819.1824 1.3016e-01
3820.3281 1.2361e-01
3821.4741 1.1759e-01
3822.6201 1.1996e-01
3823.7671 1.2044e-01
3824.9143 1.3520e-01
3826.0615 1.1313e-01
3827.2097 1.5406e-01
3828.3577 1.2195e-01
3829.5063 1.6189e-01
3830.6553 1.3232e-01
3831.8044 1.3448e-01
3832.9539 1.3618e-01
3834.1035 1.3245e-01
3835.2539 1.4888e-01
3836.4045 1.4468e-01
3837.5554 1.4940e-01
3838.7068 1.6176e-01
3839.8582 1.5853e-01
3841.0103 1.4616e-01
3842.1628 1.4408e-01
3843.3152 1.6402e-01
3844.4683 1.5002e-01
3845.6216 1.4220e-01
3846.7754 1.4996e-01
3847.9294 1.6554e-01
3849.0835 1.3333e-01
3850.2383 1.7063e-01
3851.3933 1.6403e-01
3852.5488 2.0139e-01
3853.7051 1.6264e-01
3854.8606 1.9438e-01
3856.0173 1.9672e-01
3857.1741 1.8705e-01
3858.3313 1.9382e-01
3859.4883 1.9557e-01
3860.6465 1.9287e-01
3861.8047 1.9635e-01
3862.9631 1.9527e-01
3864.1221 2.2448e-01
3865.2815 2.0206e-01
3866.4412 1.9897e-01
3867.6011 2.3045e-01
3868.7610 2.1061e-01
3869.9216 1.9073e-01
3871.0828 2.1894e-01
3872.2441 2.1543e-01
3873.4058 2.0330e-01
3874.5676 2.0293e-01
3875.7302 1.9492e-01
3876.8931 2.2504e-01
3878.0559 2.3139e-01
3879.2192 2.2255e-01
3880.3831 2.2919e-01
3881.5474 2.2130e-01
3882.7119 2.5060e-01
3883.8767 1.9795e-01
3885.0420 2.4195e-01
3886.2073 2.3435e-01
3887.3728 2.3572e-01
3888.5391 2.4213e-01
3889.7061 2.1570e-01
3890.8730 2.3285e-01
3892.0400 2.4192e-01
3893.2078 2.5271e-01
3894.3755 2.5742e-01
3895.5439 2.6961e-01
3896.7126 2.0212e-01
3897.8813 2.2560e-01
3899.0508 2.5757e-01
3900.2209 2.5532e-01
3901.3909 2.6457e-01
3902.5613 2.6967e-01
3903.7322 2.4645e-01
3904.9031 2.1716e-01
3906.0747 2.4810e-01
3907.2463 2.8315e-01
3908.4187 2.5406e-01
3909.5911 2.7026e-01
3910.7642 2.5762e-01
3911.9373 2.2279e-01
3913.1111 2.6318e-01
3914.2849 2.5804e-01
3915.4592 2.5858e-01
3916.6335 2.5521e-01
3917.8086 2.7516e-01
3918.9839 2.2259e-01
3920.1597 2.6381e-01
3921.3359 2.9557e-01
3922.5120 2.8029e-01
3923.6887 2.7487e-01
3924.8660 2.8881e-01
3926.0432 2.8788e-01
3927.2212 2.4776e-01
3928.3994 2.4474e-01
3929.5779 2.7842e-01
3930.7568 2.9134e-01
3931.9360 2.8514e-01
3933.1157 2.7422e-01
3934.2954 2.4283e-01
3935.4758 2.8059e-01
3936.6562 2.6383e-01
3937.8374 3.0212e-01
3939.0186 2.8407e-01
3940.2004 2.8477e-01
3941.3826 2.9182e-01
3942.5649 2.9513e-01
3943.7478 2.7790e-01
3944.9307 2.9254e-01
3946.1147 2.9234e-01
3947.2983 2.9861e-01
3948.4824 2.7980e-01
3949.6670 3.1006e-01
3950.8521 3.0174e-01
3952.0369 3.0208e-01
3953.2227 2.9603e-01
3954.4089 3.1060e-01
3955.5950 3.0765e-01
3956.7812 2.9677e-01
3957.9688 3.1291e-01
3959.1560 3.4470e-01
3960.3438 3.0706e-01
3961.5320 3.3020e-01
3962.7202 3.4920e-01
3963.9094 3.1305e-01
3965.0984 3.2271e-01
3966.2881 3.0705e-01
3967.4778 2.8059e-01
3968.6680 3.0668e-01
3969.8584 3.1189e-01
3971.0498 3.1852e-01
3972.2412 3.2367e-01
3973.4326 3.3555e-01
3974.6248 3.1483e-01
3975.8171 3.3525e-01
3977.0095 3.0789e-01
3978.2029 3.3142e-01
3979.3962 3.4123e-01
3980.5901 3.6737e-01
3981.7844 3.2663e-01
3982.9790 3.6855e-01
3984.1736 3.8321e-01
3985.3691 3.6140e-01
3986.5647 3.6248e-01
3987.7605 3.6014e-01
3988.9568 3.0284e-01
3990.1538 3.7773e-01
3991.3506 3.5804e-01
3992.5481 3.2782e-01
3993.7456 3.3930e-01
3994.9441 3.2566e-01
3996.1423 3.3629e-01
3997.3413 3.9966e-01
3998.5408 3.1727e-01
3999.7397 3.6111e-01
4000.9402 3.7300e-01
4002.1401 3.4697e-01
4003.3408 3.3551e-01
4004.5415 3.6564e-01
4005.7434 3.3412e-01
4006.9448 3.6921e-01
4008.1470 3.4714e-01
4009.3496 3.3591e-01
4010.5522 3.0971e-01
4011.7556 3.6753e-01
4012.9587 3.3815e-01
4014.1628 3.4806e-01
4015.3672 3.3311e-01
4016.5715 3.6515e-01
4017.7769 3.7227e-01
4018.9817 3.4685e-01
4020.1875 3.4072e-01
4021.3936 3.4044e-01
4022.6003 3.6736e-01
4023.8071 3.2910e-01
4025.0142 3.0584e-01
4026.2214 3.3809e-01
4027.4294 3.8425e-01
4028.6377 3.4028e-01
4029.8462 3.6367e-01
4031.0554 2.8898e-01
4032.2646 3.5725e-01
4033.4744 3.5400e-01
4034.6843 3.4926e-01
4035.8945 3.2590e-01
4037.1052 3.4230e-01
4038.3167 3.3291e-01
4039.5281 3.2654e-01
4040.7397 3.0843e-01
4041.9524 3.3596e-01
4043.1648 3.5217e-01
4044.3777 3.8732e-01
4045.5913 2.9876e-01
4046.8047 3.3133e-01
4048.0186 3.3329e-01
4049.2332 3.6594e-01
4050.4480 3.7327e-01
4051.6628 3.4003e-01
4052.8784 3.3806e-01
4054.0942 3.0622e-01
4055.3108 3.2345e-01
4056.5273 3.3463e-01
4057.7444 3.2875e-01
4058.9614 3.1869e-01
4060.1792 3.2498e-01
4061.3970 3.0623e-01
4062.6155 3.1610e-01
4063.8345 3.2325e-01
4065.0535 3.4216e-01
4066.2732 3.0978e-01
4067.4929 3.1556e-01
4068.7131 3.1580e-01
4069.9338 2.8752e-01
4071.1548 3.0666e-01
4072.3762 3.1662e-01
4073.5981 3.2338e-01
4074.8201 2.8415e-01
4076.0427 2.7538e-01
4077.2654 2.9794e-01
4078.4885 3.1402e-01
4079.7119 3.0989e-01
4080.9358 2.6635e-01
4082.1602 3.0473e-01
4083.3845 3.2785e-01
4084.6099 2.9992e-01
4085.8354 2.9442e-01
4087.0608 2.9693e-01
4088.2869 2.6989e-01
4089.5137 2.7473e-01
4090.7407 2.8136e-01
4091.9678 2.8734e-01
4093.1953 2.7119e-01
4094.4233 2.4281e-01
4095.6519 3.0061e-01
4096.8799 2.9450e-01
4098.1094 2.8531e-01
4099.3384 2.7930e-01
4100.5684 3.0520e-01
4101.7988 2.5247e-01
4103.0293 2.4934e-01
4104.2598 2.5120e-01
4105.4912 2.9912e-01
4106.7231 2.8208e-01
4107.9546 2.3974e-01
4109.1875 2.7631e-01
4110.4204 2.2707e-01
4111.6533 2.4125e-01
4112.8867 2.9870e-01
4114.1211 3.0369e-01
4115.3545 2.7272e-01
4116.5898 2.7886e-01
4117.8247 2.5460e-01
4119.0596 2.8275e-01
4120.2954 2.3484e-01
4121.5317 2.7494e-01
4122.7681 2.7919e-01
4124.0049 2.4620e-01
4125.2422 2.6458e-01
4126.4800 2.6854e-01
4127.7178 2.3724e-01
4128.9561 2.5684e-01
4130.1948 2.6187e-01
4131.4336 2.5896e-01
4132.6733 2.2947e-01
4133.9126 2.3980e-01
4135.1533 2.6922e-01
4136.3936 2.4872e-01
4137.6348 2.5165e-01
4138.8760 2.3075e-01
4140.1172 2.5014e-01
4141.3599 2.2875e-01
4142.6021 2.3604e-01
4143.8447 2.1765e-01
4145.0879 2.1913e-01
4146.3315 2.3244e-01
4147.5752 2.2156e-01
4148.8198 2.7343e-01
4150.0640 2.3464e-01
4151.3091 2.3878e-01
4152.5547 2.2543e-01
4153.8003 2.2373e-01
4155.0464 2.2938e-01
4156.2930 2.0637e-01
4157.5400 2.3520e-01
4158.7871 2.2809e-01
4160.0352 2.1222e-01
4161.2827 2.1547e-01
4162.5312 2.0792e-01
4163.7803 2.3331e-01
4165.0293 2.6021e-01
4166.2783 2.7019e-01
4167.5288 2.1138e-01
4168.7788 2.3575e-01
4170.0298 2.4989e-01
4171.2803 2.8033e-01
4172.5317 2.5732e-01
4173.7837 2.4913e-01
4175.0356 2.5174e-01
4176.2886 3.1328e-01
4177.5410 2.1024e-01
4178.7944 2.6360e-01
4180.0479 2.5586e-01
4181.3022 2.7591e-01
4182.5566 2.9906e-01
4183.8115 2.4641e-01
4185.0664 2.6841e-01
4186.3223 2.7908e-01
4187.5776 2.7412e-01
4188.8340 2.7975e-01
4190.0903 2.7625e-01
4191.3477 2.7218e-01
4192.6050 2.4565e-01
4193.8628 2.6919e-01
4195.1206 2.7042e-01
4196.3794 3.1429e-01
4197.6387 2.8646e-01
4198.8975 2.6225e-01
4200.1577 2.7934e-01
4201.4175 2.4576e-01
4202.6782 2.5670e-01
4203.9390 3.0573e-01
4205.2002 2.7514e-01
4206.4614 2.6480e-01
4207.7231 2.8345e-01
4208.9858 2.7975e-01
4210.2485 2.5784e-01
4211.5112 2.3560e-01
4212.7749 2.6028e-01
4214.0391 2.8907e-01
4215.3032 2.2375e-01
4216.5679 2.7558e-01
4217.8330 2.5389e-01
4219.0981 2.4630e-01
4220.3638 2.6573e-01
4221.6299 2.5092e-01
4222.8965 2.4002e-01
4224.1636 2.3826e-01
4225.4302 2.7258e-01
4226.6978 2.4742e-01
4227.9658 2.6544e-01
4229.2349 2.4262e-01
4230.5034 2.3518e-01
4231.7725 2.3055e-01
4233.0415 2.4937e-01
4234.3115 2.8605e-01
4235.5825 2.1813e-01
4236.8525 2.2670e-01
4238.1235 1.9320e-01
4239.3955 2.4206e-01
4240.6670 2.3877e-01
4241.9390 2.3362e-01
4243.2119 2.4382e-01
4244.4844 2.4580e-01
4245.7583 2.3024e-01
4247.0317 2.2281e-01
4248.3062 2.5070e-01
4249.5806 2.5043e-01
4250.8555 2.3894e-01
4252.1309 2.5791e-01
4253.4062 2.3770e-01
4254.6821 2.3625e-01
4255.9590 2.1168e-01
4257.2358 2.2203e-01
4258.5127 2.5726e-01
4259.7900 2.6794e-01
4261.0679 2.0836e-01
4262.3462 2.6392e-01
4263.6250 2.4953e-01
4264.9043 2.4403e-01
4266.1841 2.5827e-01
4267.4639 2.3344e-01
4268.7432 2.4958e-01
4270.0244 2.5026e-01
4271.3052 2.3801e-01
4272.5869 2.1993e-01
4273.8682 2.3342e-01
4275.1509 2.3578e-01
4276.4336 2.3835e-01
4277.7163 2.4100e-01
4278.9995 2.2299e-01
4280.2837 2.2652e-01
4281.5674 2.4319e-01
4282.8521 2.3102e-01
4284.1367 2.0867e-01
4285.4219 2.1124e-01
4286.7075 2.0054e-01
4287.9937 1.9472e-01
4289.2798 2.3905e-01
4290.5669 2.1948e-01
4291.8540 2.2660e-01
4293.1416 2.2451e-01
4294.4292 2.4097e-01
4295.7183 2.1490e-01
4297.0063 2.5300e-01
4298.2954 2.4625e-01
4299.5854 2.4680e-01
4300.8750 2.5224e-01
4302.1650 2.4539e-01
4303.4561 2.3809e-01
4304.7471 2.4279e-01
4306.0381 2.4105e-01
4307.3301 2.2706e-01
4308.6221 2.2850e-01
4309.9150 2.5518e-01
4311.2075 2.4208e-01
4312.5015 2.4318e-01
4313.7949 2.1348e-01
4315.0889 2.5235e-01
4316.3838 2.1385e-01
4317.6787 2.3638e-01
4318.9741 2.2345e-01
4320.2700 2.5665e-01
4321.5654 2.3241e-01
4322.8623 2.2200e-01
4324.1592 2.3625e-01
4325.4565 2.0970e-01
4326.7539 2.3462e-01
4328.0518 2.3572e-01
4329.3501 2.1109e-01
4330.6494 1.9925e-01
4331.9482 2.3281e-01
4333.2480 2.0908e-01
4334.5479 1.9043e-01
4335.8477 2.2441e-01
4337.1489 2.3583e-01
4338.4502 2.0276e-01
4339.7515 2.2003e-01
4341.0537 2.3254e-01
4342.3560 2.2290e-01
4343.6582 2.0352e-01
4344.9614 2.1724e-01
4346.2646 2.0710e-01
4347.5693 2.3760e-01
4348.8735 2.1667e-01
4350.1782 2.2400e-01
4351.4829 2.0952e-01
4352.7886 2.0447e-01
4354.0938 1.9282e-01
4355.4009 2.1372e-01
4356.7070 2.0471e-01
4358.0137 1.6781e-01
4359.3218 2.0064e-01
4360.6294 2.0138e-01
4361.9375 1.8756e-01
4363.2461 2.0201e-01
4364.5552 1.9035e-01
4365.8643 1.7609e-01
4367.1743 1.8853e-01
4368.4844 1.6902e-01
4369.7954 1.9898e-01
4371.1060 2.0655e-01
4372.4170 1.9398e-01
4373.7285 2.0620e-01
4375.0415 2.0120e-01
4376.3540 1.9531e-01
4377.6665 2.0151e-01
4378.9800 1.7353e-01
4380.2935 1.7079e-01
4381.6074 1.7522e-01
4382.9219 2.3190e-01
4384.2363 1.7942e-01
4385.5522 1.5925e-01
4386.8677 1.7941e-01
4388.1841 1.8770e-01
4389.5010 1.6919e-01
4390.8169 1.6270e-01
4392.1343 1.8943e-01
4393.4521 1.6513e-01
4394.7700 1.9310e-01
4396.0884 1.6989e-01
4397.4077 2.0549e-01
4398.7266 2.1258e-01
4400.0464 1.8630e-01
4401.3667 2.0064e-01
4402.6870 1.8826e-01
4404.0073 1.8896e-01
4405.3291 1.9922e-01
4406.6504 1.9796e-01
4407.9722 1.8190e-01
4409.2944 1.5308e-01
4410.6172 1.8834e-01
4411.9404 2.1779e-01
4413.2642 2.0660e-01
4414.5879 2.1203e-01
4415.9126 2.1454e-01
4417.2373 1.9392e-01
4418.5625 1.8523e-01
4419.8882 1.7449e-01
4421.2139 1.8850e-01
4422.5405 2.1363e-01
4423.8672 2.2234e-01
4425.1938 1.7299e-01
4426.5220 1.9000e-01
4427.8496 1.8584e-01
4429.1787 1.9606e-01
4430.5063 2.0659e-01
4431.8364 2.0006e-01
4433.1655 1.8611e-01
4434.4956 1.9055e-01
4435.8262 2.1440e-01
4437.1567 2.1989e-01
4438.4878 2.1424e-01
4439.8193 2.2556e-01
4441.1514 2.4505e-01
4442.4834 2.2522e-01
4443.8164 2.1388e-01
4445.1494 1.9990e-01
4446.4829 2.0689e-01
4447.8169 2.4609e-01
4449.1514 2.3068e-01
4450.4863 2.4638e-01
4451.8213 2.4694e-01
4453.1567 2.9070e-01
4454.4927 2.3234e-01
4455.8291 2.6180e-01
4457.1660 2.7587e-01
4458.5029 2.5109e-01
4459.8403 2.2008e-01
4461.1787 2.4348e-01
4462.5171 2.7724e-01
4463.8555 2.7380e-01
4465.1948 2.7315e-01
4466.5347 3.1330e-01
4467.8740 2.6992e-01
4469.2144 2.6135e-01
4470.5552 2.5679e-01
4471.8970 2.3895e-01
4473.2383 2.6661e-01
4474.5806 2.6621e-01
4475.9229 2.9606e-01
4477.2651 3.0560e-01
4478.6084 2.7855e-01
4479.9521 2.3898e-01
4481.2959 2.6126e-01
4482.6406 2.8597e-01
4483.9854 2.7447e-01
4485.3306 3.1164e-01
4486.6763 3.0011e-01
4488.0220 3.0274e-01
4489.3682 3.0621e-01
4490.7153 2.8316e-01
4492.0620 3.0687e-01
4493.4102 2.9173e-01
4494.7578 2.9801e-01
4496.1069 3.0975e-01
4497.4556 2.9317e-01
4498.8047 3.0058e-01
4500.1543 3.1608e-01
4501.5044 3.5675e-01
4502.8550 2.9352e-01
4504.2056 2.9025e-01
4505.5566 3.1266e-01
4506.9082 3.1190e-01
4508.2607 3.4127e-01
4509.6133 3.0599e-01
4510.9658 3.3791e-01
4512.3193 3.1972e-01
4513.6729 3.5156e-01
4515.0273 3.0180e-01
4516.3818 3.0568e-01
4517.7363 3.3075e-01
4519.0918 3.4582e-01
4520.4473 3.2966e-01
4521.8037 2.9681e-01
4523.1606 3.0699e-01
4524.5171 3.1991e-01
4525.8750 3.2076e-01
4527.2324 3.0590e-01
4528.5903 3.3632e-01
4529.9492 3.2986e-01
4531.3081 3.3483e-01
4532.6675 3.2553e-01
4534.0269 3.2986e-01
4535.3872 3.2203e-01
4536.7480 3.4285e-01
4538.1094 3.5516e-01
4539.4702 3.4565e-01
4540.8320 3.7037e-01
4542.1943 3.4175e-01
4543.5576 3.5047e-01
4544.9199 3.7986e-01
4546.2842 3.6508e-01
4547.6475 3.6231e-01
4549.0117 3.2989e-01
4550.3770 4.0670e-01
4551.7417 3.7922e-01
4553.1074 3.6013e-01
4554.4731 3.9566e-01
4555.8398 3.7196e-01
4557.2061 3.2813e-01
4558.5732 3.8132e-01
4559.9414 3.6760e-01
4561.3086 3.5120e-01
4562.6772 3.2791e-01
4564.0459 3.4913e-01
4565.4150 3.7648e-01
4566.7852 3.7515e-01
4568.1553 3.8455e-01
4569.5249 4.0737e-01
4570.8965 4.2115e-01
4572.2676 3.6156e-01
4573.6392 3.5692e-01
4575.0117 3.5474e-01
4576.3838 3.4215e-01
4577.7568 3.6902e-01
4579.1304 3.9713e-01
4580.5039 3.8492e-01
4581.8784 3.5843e-01
4583.2524 3.5709e-01
4584.6274 3.1765e-01
4586.0029 3.6134e-01
4587.3789 4.0754e-01
4588.7549 3.4606e-01
4590.1318 3.2956e-01
4591.5083 3.7037e-01
4592.8857 3.4546e-01
4594.2642 3.6041e-01
4595.6426 3.6625e-01
4597.0210 3.5379e-01
4598.3999 3.6003e-01
4599.7798 3.9047e-01
4601.1597 3.6056e-01
4602.5396 3.8862e-01
4603.9204 4.1049e-01
4605.3022 3.1441e-01
4606.6836 3.7307e-01
4608.0649 3.7129e-01
4609.4478 3.6615e-01
4610.8306 3.8373e-01
4612.2144 3.5008e-01
4613.5977 3.5495e-01
4614.9819 3.5204e-01
4616.3662 3.5795e-01
4617.7515 3.7259e-01
4619.1362 3.9295e-01
4620.5225 3.6656e-01
4621.9082 3.8468e-01
4623.2949 3.5923e-01
4624.6816 3.2635e-01
4626.0693 3.5665e-01
4627.4570 3.5192e-01
4628.8457 3.9185e-01
4630.2334 3.7934e-01
4631.6230 3.6955e-01
4633.0127 3.5105e-01
4634.4028 3.9429e-01
4635.7935 3.6413e-01
4637.1831 3.4430e-01
4638.5742 3.5936e-01
4639.9658 3.6117e-01
4641.3579 3.5189e-01
4642.7505 3.4725e-01
4644.1436 3.8164e-01
4645.5371 3.8466e-01
4646.9307 3.9577e-01
4648.3247 4.1272e-01
4649.7188 3.6980e-01
4651.1138 3.7897e-01
4652.5093 3.7494e-01
4653.9048 3.7299e-01
4655.3018 3.4631e-01
4656.6978 3.2826e-01
4658.0947 3.2537e-01
4659.4922 3.2742e-01
4660.8896 3.5208e-01
4662.2886 3.7139e-01
4663.6865 3.3960e-01
4665.0859 3.4841e-01
4666.4854 3.2690e-01
4667.8853 3.4387e-01
4669.2861 3.3818e-01
4670.6870 3.5810e-01
4672.0874 3.0772e-01
4673.4897 3.6590e-01
4674.8916 3.0703e-01
4676.2944 3.2091e-01
4677.6968 3.2921e-01
4679.1006 3.5252e-01
4680.5039 3.3886e-01
4681.9082 3.3508e-01
4683.3125 3.3968e-01
4684.7173 3.3481e-01
4686.1230 3.6762e-01
4687.5288 3.3838e-01
4688.9351 3.0957e-01
4690.3423 3.4316e-01
4691.7490 3.3323e-01
4693.1562 3.2296e-01
4694.5645 3.0417e-01
4695.9731 3.3447e-01
4697.3818 3.2045e-01
4698.7910 3.2723e-01
4700.2002 3.3470e-01
4701.6104 3.4752e-01
4703.0205 3.1959e-01
4704.4316 3.7456e-01
4705.8433 3.3142e-01
4707.2549 3.5017e-01
4708.6670 3.4360e-01
4710.0796 3.2390e-01
4711.4927 2.9169e-01
4712.9058 3.6056e-01
4714.3203 3.2204e-01
4715.7344 3.3790e-01
4717.1494 3.6033e-01
4718.5645 3.3313e-01
4719.9800 3.3687e-01
4721.3955 3.2315e-01
4722.8120 3.0767e-01
4724.2290 3.3266e-01
4725.6460 3.2286e-01
4727.0645 3.5367e-01
4728.4824 2.8955e-01
4729.9004 3.2127e-01
4731.3198 3.3555e-01
4732.7388 3.2368e-01
4734.1587 2.9183e-01
4735.5791 3.2413e-01
4737.0000 2.9319e-01
4738.4209 3.2703e-01
4739.8428 2.9255e-01
4741.2646 2.9760e-01
4742.6870 2.7243e-01
4744.1094 2.9209e-01
4745.5327 2.9757e-01
4746.9565 2.7618e-01
4748.3804 3.0164e-01
4749.8052 3.0295e-01
4751.2300 2.7845e-01
4752.6548 3.0191e-01
4754.0811 3.4294e-01
4755.5078 2.6128e-01
4756.9341 2.7915e-01
4758.3608 2.8601e-01
4759.7886 3.1354e-01
4761.2168 2.6053e-01
4762.6445 2.9993e-01
4764.0737 2.8065e-01
4765.5029 3.0108e-01
4766.9326 2.8382e-01
4768.3628 2.7066e-01
4769.7930 2.7205e-01
4771.2236 3.2013e-01
4772.6553 2.6594e-01
4774.0869 2.6617e-01
4775.5190 2.7049e-01
4776.9521 2.5011e-01
4778.3853 2.5464e-01
4779.8184 2.5978e-01
4781.2524 2.3805e-01
4782.6870 2.5498e-01
4784.1226 2.2202e-01
4785.5571 2.6002e-01
4786.9927 2.5414e-01
4788.4292 2.7218e-01
4789.8652 2.6150e-01
4791.3022 2.5018e-01
4792.7397 3.1369e-01
4794.1777 2.8139e-01
4795.6152 2.8983e-01
4797.0542 2.4554e-01
4798.4937 2.7732e-01
4799.9331 2.5928e-01
4801.3735 2.6033e-01
4802.8140 2.9348e-01
4804.2544 2.9008e-01
4805.6958 2.3679e-01
4807.1377 2.6864e-01
4808.5796 2.7733e-01
4810.0220 2.7382e-01
4811.4653 2.9342e-01
4812.9087 2.7448e-01
4814.3525 2.6041e-01
4815.7969 2.5351e-01
4817.2417 2.8850e-01
4818.6865 2.7588e-01
4820.1328 2.6024e-01
4821.5786 2.7132e-01
4823.0249 2.8361e-01
4824.4717 2.6729e-01
4825.9189 2.8155e-01
4827.3667 2.6332e-01
4828.8149 2.9287e-01
4830.2637 2.9136e-01
4831.7124 2.9431e-01
4833.1621 2.5278e-01
4834.6118 2.6137e-01
4836.0620 2.5480e-01
4837.5137 2.3136e-01
4838.9644 2.6403e-01
4840.4165 2.7196e-01
4841.8687 2.5449e-01
4843.3208 2.3161e-01
4844.7739 2.5806e-01
4846.2275 2.8696e-01
4847.6812 2.4743e-01
4849.1357 2.3756e-01
4850.5903 2.2940e-01
4852.0454 2.3265e-01
4853.5015 2.5894e-01
4854.9575 2.6956e-01
4856.4136 2.4522e-01
4857.8706 2.6704e-01
4859.3281 2.4610e-01
4860.7861 2.6899e-01
4862.2437 2.4483e-01
4863.7026 2.5129e-01
4865.1621 2.6335e-01
4866.6211 2.1717e-01
4868.0815 2.4753e-01
4869.5420 2.2656e-01
4871.0024 2.2450e-01
4872.4639 2.4052e-01
4873.9263 2.3089e-01
4875.3877 2.2362e-01
4876.8506 2.6248e-01
4878.3135 2.6143e-01
4879.7773 2.4068e-01
4881.2412 2.3876e-01
4882.7051 2.4422e-01
4884.1704 2.3967e-01
4885.6357 2.2875e-01
4887.1011 2.2951e-01
4888.5674 2.2418e-01
4890.0337 2.5006e-01
4891.5010 2.1623e-01
4892.9683 2.2575e-01
4894.4360 2.4033e-01
4895.9043 2.1589e-01
4897.3730 2.1262e-01
4898.8423 2.3929e-01
4900.3120 2.4232e-01
4901.7827 2.2993e-01
4903.2529 2.5058e-01
4904.7231 2.3321e-01
4906.1953 2.3041e-01
4907.6675 2.4999e-01
4909.1392 2.4795e-01
4910.6123 2.6091e-01
4912.0854 2.4334e-01
4913.5586 2.3001e-01
4915.0332 2.7028e-01
4916.5073 2.5766e-01
4917.9819 2.6355e-01
4919.4575 2.5164e-01
4920.9331 2.6232e-01
4922.4097 2.5309e-01
4923.8872 2.4132e-01
4925.3638 2.4540e-01
4926.8418 2.2626e-01
4928.3188 2.5883e-01
4929.7979 2.4445e-01
4931.2769 2.5812e-01
4932.7563 2.6425e-01
4934.2358 2.5250e-01
4935.7168 2.5842e-01
4937.1963 2.5858e-01
4938.6782 2.5506e-01
4940.1597 2.5576e-01
4941.6416 2.5322e-01
4943.1250 2.3062e-01
4944.6069 2.4246e-01
4946.0908 1.9792e-01
4947.5752 2.4298e-01
4949.0586 2.1943e-01
4950.5435 2.4644e-01
4952.0278 2.3738e-01
4953.5142 2.2722e-01
4955.0010 2.0012e-01
4956.4873 2.4071e-01
4957.9741 2.2762e-01
4959.4614 2.1386e-01
4960.9492 1.8859e-01
4962.4370 2.2406e-01
4963.9258 1.9337e-01
4965.4150 1.8763e-01
4966.9048 1.9229e-01
4968.3945 2.1515e-01
4969.8853 2.0351e-01
4971.3765 2.0114e-01
4972.8677 1.9843e-01
4974.3599 1.9989e-01
4975.8521 2.0059e-01
4977.3447 1.9008e-01
4978.8379 1.8599e-01
4980.3315 1.8790e-01
4981.8257 2.0238e-01
4983.3203 1.7748e-01
4984.8159 1.8228e-01
4986.3105 1.7850e-01
4987.8066 1.6769e-01
4989.3027 1.8149e-01
4990.7998 1.6430e-01
4992.2974 1.8052e-01
4993.7939 1.8113e-01
4995.2930 1.8665e-01
4996.7915 1.5311e-01
4998.2905 1.7537e-01
4999.7896 1.8122e-01
5001.2896 2.0596e-01
5002.7900 1.7004e-01
5004.2915 1.6096e-01
5005.7925 1.5504e-01
5007.2944 1.8821e-01
5008.7964 1.8171e-01
5010.2993 1.7972e-01
5011.8022 1.6182e-01
5013.3057 1.9200e-01
5014.8101 1.8738e-01
5016.3145 2.0050e-01
5017.8184 1.8081e-01
5019.3247 1.9342e-01
5020.8301 2.0899e-01
5022.3359 1.8358e-01
5023.8428 1.7951e-01
5025.3496 1.8887e-01
5026.8579 1.8962e-01
5028.3657 1.8889e-01
5029.8740 1.9939e-01
5031.3828 2.0068e-01
5032.8926 2.1055e-01
5034.4023 1.9765e-01
5035.9131 1.7353e-01
5037.4233 2.0957e-01
5038.9346 1.8360e-01
5040.4463 1.9276e-01
5041.9585 1.9713e-01
5043.4712 2.0694e-01
5044.9839 2.1747e-01
5046.4980 1.7720e-01
5048.0112 2.0377e-01
5049.5259 2.1561e-01
5051.0415 1.7252e-01
5052.5562 1.9628e-01
5054.0723 2.0130e-01
5055.5884 2.1721e-01
5057.1045 2.1709e-01
5058.6221 2.2511e-01
5060.1401 2.0288e-01
5061.6577 2.3793e-01
5063.1763 2.2533e-01
5064.6953 2.3302e-01
5066.2144 2.2696e-01
5067.7339 2.1818e-01
5069.2549 2.1691e-01
5070.7759 2.1226e-01
5072.2969 2.1522e-01
5073.8188 2.1693e-01
5075.3403 2.0396e-01
5076.8628 2.2830e-01
5078.3867 2.1259e-01
5079.9097 2.0955e-01
5081.4336 2.0468e-01
5082.9580 2.2866e-01
5084.4829 2.0895e-01
5086.0083 1.9259e-01
5087.5342 2.3172e-01
5089.0605 1.9215e-01
5090.5874 2.0670e-01
5092.1143 2.0330e-01
5093.6421 1.9362e-01
5095.1699 2.1275e-01
5096.6987 2.1080e-01
5098.2275 2.1862e-01
5099.7573 2.1294e-01
5101.2871 2.0734e-01
5102.8179 2.0793e-01
5104.3481 2.2615e-01
5105.8799 2.1933e-01
5107.4111 1.9815e-01
5108.9438 2.0789e-01
5110.4761 2.0069e-01
5112.0093 2.0741e-01
5113.5435 2.0589e-01
5115.0771 1.9321e-01
5116.6118 2.1152e-01
5118.1470 2.0801e-01
5119.6816 2.1134e-01
5121.2183 2.0608e-01
5122.7544 2.2542e-01
5124.2910 1.8238e-01
5125.8286 2.1629e-01
5127.3667 2.0015e-01
5128.9043 2.1426e-01
5130.4429 1.9182e-01
5131.9824 1.9580e-01
5133.5220 2.0510e-01
5135.0615 2.1568e-01
5136.6021 2.0241e-01
5138.1436 1.9654e-01
5139.6846 1.8701e-01
5141.2266 1.8562e-01
5142.7690 2.1505e-01
5144.3125 1.7617e-01
5145.8550 2.0490e-01
5147.3989 2.3549e-01
5148.9429 1.7730e-01
5150.4883 2.0422e-01
5152.0332 2.0754e-01
5153.5781 2.1894e-01
5155.1245 2.2484e-01
5156.6714 2.0032e-01
5158.2178 2.3778e-01
5159.7656 2.1029e-01
5161.3130 2.3007e-01
5162.8618 2.0541e-01
5164.4106 2.2397e-01
5165.9604 1.9372e-01
5167.5098 2.1165e-01
5169.0605 2.2274e-01
5170.6108 2.1291e-01
5172.1621 1.9442e-01
5173.7139 2.2595e-01
5175.2656 2.2743e-01
5176.8188 2.5939e-01
5178.3711 2.0346e-01
5179.9253 2.4145e-01
5181.4790 2.1227e-01
5183.0337 2.3375e-01
5184.5884 2.3730e-01
5186.1436 2.3931e-01
5187.6992 2.2976e-01
5189.2559 2.4342e-01
5190.8130 2.4547e-01
5192.3696 2.2337e-01
5193.9277 2.0950e-01
5195.4858 2.3971e-01
5197.0439 2.3958e-01
5198.6035 2.2762e-01
5200.1636 2.3313e-01
5201.7231 1.9445e-01
5203.2837 2.2115e-01
5204.8447 2.5008e-01
5206.4058 2.3345e-01
5207.9683 2.5772e-01
5209.5303 2.4416e-01
5211.0933 2.3146e-01
5212.6567 2.1718e-01
5214.2202 2.4968e-01
5215.7847 2.3439e-01
5217.3496 2.4882e-01
5218.9150 2.4072e-01
5220.4800 2.4529e-01
5222.0464 2.5306e-01
5223.6128 2.5089e-01
5225.1802 2.3846e-01
5226.7480 2.3109e-01
5228.3154 2.6756e-01
5229.8843 2.4220e-01
5231.4526 2.4520e-01
5233.0225 2.6901e-01
5234.5928 2.8248e-01
5236.1626 2.3638e-01
5237.7339 2.6889e-01
5239.3052 2.3168e-01
5240.8770 2.3817e-01
5242.4492 2.4080e-01
5244.0220 2.5224e-01
5245.5947 2.3877e-01
5247.1689 2.0736e-01
5248.7422 2.5563e-01
5250.3174 2.3605e-01
5251.8921 2.7543e-01
5253.4678 2.5157e-01
5255.0439 2.5822e-01
5256.6211 2.5940e-01
5258.1978 2.4182e-01
5259.7749 2.4212e-01
5261.3530 2.5959e-01
5262.9312 2.3181e-01
5264.5098 2.3841e-01
5266.0898 2.7989e-01
5267.6694 2.5106e-01
5269.2495 2.4403e-01
5270.8311 3.0246e-01
5272.4116 2.5369e-01
5273.9941 2.5622e-01
5275.5757 2.4004e-01
5277.1587 2.2494e-01
5278.7422 2.3090e-01
5280.3252 2.4093e-01
5281.9092 2.3213e-01
5283.4937 2.2627e-01
5285.0786 2.7261e-01
5286.6641 2.6201e-01
5288.2500 2.3882e-01
5289.8369 2.2404e-01
5291.4238 2.3907e-01
5293.0117 2.6670e-01
5294.5996 2.4663e-01
5296.1870 2.3787e-01
5297.7764 2.3652e-01
5299.3662 2.3307e-01
5300.9561 2.2829e-01
5302.5459 2.0681e-01
5304.1367 2.1539e-01
5305.7280 2.4857e-01
5307.3188 2.5083e-01
5308.9116 2.4730e-01
5310.5044 2.5280e-01
5312.0977 2.4777e-01
5313.6919 2.5488e-01
5315.2856 2.2603e-01
5316.8799 2.3111e-01
5318.4751 2.7180e-01
5320.0708 2.3137e-01
5321.6665 2.7122e-01
5323.2632 2.6199e-01
5324.8604 2.4446e-01
5326.4575 2.6184e-01
5328.0557 2.5907e-01
5329.6533 2.5915e-01
5331.2534 2.5314e-01
5332.8516 2.4822e-01
5334.4517 2.2933e-01
5336.0522 2.4991e-01
5337.6533 2.5227e-01
5339.2544 2.3208e-01
5340.8560 2.4824e-01
5342.4585 2.3493e-01
5344.0605 2.4507e-01
5345.6646 2.4681e-01
5347.2681 2.5984e-01
5348.8726 2.5198e-01
5350.4771 2.7506e-01
5352.0825 2.4698e-01
5353.6875 2.3217e-01
5355.2944 2.5873e-01
5356.9009 2.3066e-01
5358.5073 2.2868e-01
5360.1152 2.2870e-01
5361.7236 2.5332e-01
5363.3315 2.4731e-01
5364.9404 2.2721e-01
5366.5503 2.0634e-01
5368.1602 2.4127e-01
5369.7705 2.4187e-01
5371.3813 2.5623e-01
5372.9932 2.3226e-01
5374.6050 2.0022e-01
5376.2173 2.2543e-01
5377.8301 2.4210e-01
5379.4434 2.0159e-01
5381.0576 1.9770e-01
5382.6714 1.7874e-01
5384.2861 1.9105e-01
5385.9014 1.9429e-01
5387.5171 2.0143e-01
5389.1343 2.0299e-01
5390.7505 2.0484e-01
5392.3677 1.9029e-01
5393.9858 1.7321e-01
5395.6035 1.8709e-01
5397.2222 2.0240e-01
5398.8413 1.7319e-01
5400.4609 1.9662e-01
5402.0811 1.7920e-01
5403.7017 1.8401e-01
5405.3228 1.8274e-01
5406.9448 1.8129e-01
5408.5659 1.9430e-01
5410.1890 1.8084e-01
5411.8115 1.7219e-01
5413.4360 1.6616e-01
5415.0596 2.0265e-01
5416.6841 1.9472e-01
5418.3096 1.6681e-01
5419.9351 1.8828e-01
5421.5605 1.6779e-01
5423.1875 2.1100e-01
5424.8145 1.7961e-01
5426.4414 1.9346e-01
5428.0693 1.9852e-01
5429.6982 1.9735e-01
5431.3271 2.0616e-01
5432.9565 1.8471e-01
5434.5859 2.0293e-01
5436.2163 1.9493e-01
5437.8472 1.8157e-01
5439.4785 1.8109e-01
5441.1104 1.6945e-01
5442.7427 2.0115e-01
5444.3760 1.8939e-01
5446.0098 1.8282e-01
5447.6431 1.9003e-01
5449.2778 1.8766e-01
5450.9121 1.8703e-01
5452.5474 1.7179e-01
5454.1826 1.9605e-01
5455.8193 1.8604e-01
5457.4565 1.6455e-01
5459.0933 1.8389e-01
5460.7310 1.6791e-01
5462.3696 2.2751e-01
5464.0073 1.7494e-01
5465.6475 1.8869e-01
5467.2871 2.2389e-01
5468.9272 1.9851e-01
5470.5674 1.9194e-01
5472.2090 1.8040e-01
5473.8506 2.0592e-01
5475.4927 2.0622e-01
5477.1353 1.8000e-01
5478.7783 1.6786e-01
5480.4224 1.8805e-01
5482.0659 2.0049e-01
5483.7104 1.8850e-01
5485.3560 2.2449e-01
5487.0010 1.9869e-01
5488.6475 2.0328e-01
5490.2944 1.8393e-01
5491.9414 2.0771e-01
5493.5889 1.9386e-01
5495.2368 2.0219e-01
5496.8857 1.9985e-01
5498.5342 2.1565e-01
5500.1841 1.9725e-01
5501.8340 2.0462e-01
5503.4849 1.8301e-01
5505.1357 2.2314e-01
5506.7871 2.0877e-01
5508.4395 2.0481e-01
5510.0923 2.0153e-01
5511.7451 2.0828e-01
5513.3984 2.2425e-01
5515.0522 1.8929e-01
5516.7070 2.2575e-01
5518.3623 1.7297e-01
5520.0176 2.0736e-01
5521.6733 2.0610e-01
5523.3301 2.0082e-01
5524.9868 1.9853e-01
5526.6450 1.6244e-01
5528.3027 1.7028e-01
5529.9609 1.9348e-01
5531.6201 1.7688e-01
5533.2793 1.7727e-01
5534.9395 1.6133e-01
5536.5996 1.6725e-01
5538.2607 1.8865e-01
5539.9229 2.2291e-01
5541.5840 1.8242e-01
5543.2466 1.9613e-01
5544.9102 1.7965e-01
5546.5728 1.8057e-01
5548.2373 1.7235e-01
5549.9019 1.7482e-01
5551.5664 1.7865e-01
5553.2324 1.8741e-01
5554.8984 1.7383e-01
5556.5645 1.8243e-01
5558.2310 1.8190e-01
5559.8989 1.8213e-01
5561.5669 1.7399e-01
5563.2354 1.7441e-01
5564.9043 2.0835e-01
5566.5732 1.7185e-01
5568.2437 1.9590e-01
5569.9150 1.5827e-01
5571.5854 1.8768e-01
5573.2568 1.7094e-01
5574.9287 1.7013e-01
5576.6011 1.5715e-01
5578.2739 1.7189e-01
5579.9482 1.6987e-01
5581.6216 1.9583e-01
5583.2959 1.5404e-01
5584.9717 1.7886e-01
5586.6470 1.7074e-01
5588.3223 1.7553e-01
5589.9990 1.5592e-01
5591.6763 1.3500e-01
5593.3535 1.5704e-01
5595.0317 1.8544e-01
5596.7104 1.6171e-01
5598.3892 1.6662e-01
5600.0688 1.7080e-01
5601.7490 1.6432e-01
5603.4292 1.7215e-01
5605.1104 1.5860e-01
5606.7915 1.4551e-01
5608.4741 1.7099e-01
5610.1562 1.6277e-01
5611.8394 1.5222e-01
5613.5234 1.7065e-01
5615.2075 1.6748e-01
5616.8916 1.7048e-01
5618.5767 1.7295e-01
5620.2627 1.5720e-01
5621.9482 1.5329e-01
5623.6348 1.5235e-01
5625.3218 1.8023e-01
5627.0098 1.3992e-01
5628.6982 1.6693e-01
5630.3867 1.7382e-01
5632.0757 2.0410e-01
5633.7651 1.9145e-01
5635.4551 1.6450e-01
5637.1460 1.7076e-01
5638.8369 2.0057e-01
5640.5283 1.7300e-01
5642.2207 1.6781e-01
5643.9141 1.8704e-01
5645.6069 1.8769e-01
5647.3003 2.0044e-01
5648.9946 1.8390e-01
5650.6895 2.0564e-01
5652.3848 1.6419e-01
5654.0801 1.7660e-01
5655.7759 2.0074e-01
5657.4736 2.1461e-01
5659.1709 1.8008e-01
5660.8682 1.8338e-01
5662.5664 1.6866e-01
5664.2651 1.5855e-01
5665.9644 1.7649e-01
5667.6641 1.5730e-01
5669.3647 1.6523e-01
5671.0649 1.9078e-01
5672.7666 1.8803e-01
5674.4688 1.7176e-01
5676.1709 1.8118e-01
5677.8740 1.8414e-01
5679.5771 1.7459e-01
5681.2812 1.7987e-01
5682.9858 1.7915e-01
5684.6899 1.8366e-01
5686.3950 1.7126e-01
5688.1021 2.1389e-01
5689.8076 2.1102e-01
5691.5146 2.1134e-01
5693.2222 1.8693e-01
5694.9302 2.0063e-01
5696.6382 1.8385e-01
5698.3477 1.9908e-01
5700.0571 2.1208e-01
5701.7671 1.9500e-01
5703.4775 2.0926e-01
5705.1885 2.0746e-01
5706.9004 1.7306e-01
5708.6123 2.0837e-01
5710.3252 1.9697e-01
5712.0381 1.8632e-01
5713.7524 2.2769e-01
5715.4663 2.1814e-01
5717.1812 1.9805e-01
5718.8955 1.9251e-01
5720.6118 2.2607e-01
5722.3271 2.0345e-01
5724.0444 1.8844e-01
5725.7617 2.0014e-01
5727.4795 1.9641e-01
5729.1973 2.1689e-01
5730.9165 2.3385e-01
5732.6353 2.1792e-01
5734.3550 1.7591e-01
5736.0757 2.0696e-01
5737.7969 1.9969e-01
5739.5176 1.8897e-01
5741.2397 1.9724e-01
5742.9624 1.8643e-01
5744.6851 1.6155e-01
5746.4082 1.4539e-01
5748.1323 1.8685e-01
5749.8569 2.0003e-01
5751.5815 1.9868e-01
5753.3076 2.0708e-01
5755.0332 1.8740e-01
5756.7593 1.9116e-01
5758.4863 2.1366e-01
5760.2144 1.9091e-01
5761.9424 2.1088e-01
5763.6709 2.1074e-01
5765.3999 1.8792e-01
5767.1294 2.0433e-01
5768.8594 1.6853e-01
5770.5908 1.9218e-01
5772.3213 1.8301e-01
5774.0527 1.8902e-01
5775.7856 2.1448e-01
5777.5181 2.1132e-01
5779.2515 2.2508e-01
5780.9844 1.8919e-01
5782.7192 1.9984e-01
5784.4546 1.8206e-01
5786.1899 1.6871e-01
5787.9253 1.6880e-01
5789.6626 1.8285e-01
5791.3984 1.9607e-01
5793.1362 1.8665e-01
5794.8745 2.1252e-01
5796.6123 2.1191e-01
5798.3516 2.0521e-01
5800.0913 1.8737e-01
5801.8306 1.9830e-01
5803.5713 1.9774e-01
5805.3125 2.0110e-01
5807.0537 1.9134e-01
5808.7964 1.7141e-01
5810.5391 1.7902e-01
5812.2822 1.9926e-01
5814.0259 1.9056e-01
5815.7700 2.4025e-01
5817.5151 2.1258e-01
5819.2598 2.0611e-01
5821.0059 1.9178e-01
5822.7524 1.7824e-01
5824.4990 1.8134e-01
5826.2461 1.8574e-01
5827.9937 1.7595e-01
5829.7427 1.7464e-01
5831.4912 1.8599e-01
5833.2407 2.0680e-01
5834.9912 1.8846e-01
5836.7417 2.1157e-01
5838.4922 1.7168e-01
5840.2446 1.8367e-01
5841.9961 1.5702e-01
5843.7490 1.5339e-01
5845.5020 1.7463e-01
5847.2559 1.6567e-01
5849.0103 1.6962e-01
5850.7642 1.6627e-01
5852.5195 1.6782e-01
5854.2754 1.8770e-01
5856.0317 1.6709e-01
5857.7881 1.7834e-01
5859.5454 1.5777e-01
5861.3032 1.7198e-01
5863.0625 1.6076e-01
5864.8208 1.7047e-01
5866.5806 1.7838e-01
5868.3403 1.6344e-01
5870.1006 1.3952e-01
5871.8618 1.7107e-01
5873.6230 1.6014e-01
5875.3857 1.5521e-01
5877.1479 1.5431e-01
5878.9111 1.6721e-01
5880.6748 1.5578e-01
5882.4390 1.3481e-01
5884.2036 1.4850e-01
5885.9692 1.5959e-01
5887.7349 1.3313e-01
5889.5010 1.6104e-01
5891.2676 1.4708e-01
5893.0356 1.4920e-01
5894.8032 1.4915e-01
5896.5718 1.5379e-01
5898.3408 1.6152e-01
5900.1108 1.5226e-01
5901.8804 1.3279e-01
5903.6509 1.3721e-01
5905.4219 1.3123e-01
5907.1938 1.2884e-01
5908.9663 1.5062e-01
5910.7383 1.4588e-01
5912.5112 1.3717e-01
5914.2856 1.6007e-01
5916.0601 1.5524e-01
5917.8345 1.5353e-01
5919.6099 1.5128e-01
5921.3857 1.3362e-01
5923.1621 1.4306e-01
5924.9395 1.4901e-01
5926.7163 1.5069e-01
5928.4946 1.5358e-01
5930.2729 1.5971e-01
5932.0522 1.5428e-01
5933.8315 1.3467e-01
5935.6123 1.5432e-01
5937.3926 1.3396e-01
5939.1738 1.5558e-01
5940.9556 1.4472e-01
5942.7383 1.5386e-01
5944.5210 1.4716e-01
5946.3042 1.4424e-01
5948.0879 1.4024e-01
5949.8726 1.7798e-01
5951.6572 1.3435e-01
5953.4434 1.4827e-01
5955.2290 1.7896e-01
5957.0151 1.4082e-01
5958.8022 1.5981e-01
5960.5903 1.5050e-01
5962.3789 1.8703e-01
5964.1670 1.5857e-01
5965.9561 1.3991e-01
5967.7466 1.6099e-01
5969.5366 1.7302e-01
5971.3276 1.4722e-01
5973.1187 1.8142e-01
5974.9106 1.7644e-01
5976.7031 1.5386e-01
5978.4961 1.5860e-01
5980.2900 1.6815e-01
5982.0845 1.7632e-01
5983.8789 1.7602e-01
5985.6729 1.5632e-01
5987.4692 1.7831e-01
5989.2651 1.6942e-01
5991.0620 1.6596e-01
5992.8589 1.7833e-01
5994.6572 1.7710e-01
5996.4556 1.5967e-01
5998.2549 1.6266e-01
6000.0547 1.8593e-01
6001.8545 1.8371e-01
6003.6548 1.9484e-01
6005.4561 1.6730e-01
6007.2578 1.4782e-01
6009.0596 1.3786e-01
6010.8623 1.6760e-01
6012.6660 1.6063e-01
6014.4697 1.6101e-01
6016.2739 1.7945e-01
6018.0786 1.8583e-01
6019.8843 1.7798e-01
6021.6909 1.7185e-01
6023.4966 1.7230e-01
6025.3037 1.6722e-01
6027.1108 1.6038e-01
6028.9199 1.7559e-01
6030.7285 1.6257e-01
6032.5366 1.9257e-01
6034.3472 1.5304e-01
6036.1577 1.5677e-01
6037.9683 1.6634e-01
6039.7793 1.7247e-01
6041.5918 1.6193e-01
6043.4038 1.8692e-01
6045.2173 1.4762e-01
6047.0312 1.9355e-01
6048.8447 1.6079e-01
6050.6592 1.7609e-01
6052.4751 1.6599e-01
6054.2905 1.6192e-01
6056.1069 1.7907e-01
6057.9233 1.6528e-01
6059.7407 1.6548e-01
6061.5586 1.7091e-01
6063.3770 1.7509e-01
6065.1968 1.7033e-01
6067.0161 1.6791e-01
6068.8359 1.3196e-01
6070.6567 1.6802e-01
6072.4785 1.4397e-01
6074.2998 1.5894e-01
6076.1221 1.4390e-01
6077.9448 1.6739e-01
6079.7681 1.5621e-01
6081.5918 1.6393e-01
6083.4160 1.4460e-01
6085.2417 1.5231e-01
6087.0664 1.6987e-01
6088.8936 1.5679e-01
6090.7197 1.6054e-01
6092.5469 1.6949e-01
6094.3745 1.7240e-01
6096.2031 1.4361e-01
6098.0327 1.4726e-01
6099.8613 1.5842e-01
6101.6914 1.7051e-01
6103.5220 1.5843e-01
6105.3530 1.7155e-01
6107.1846 1.3792e-01
6109.0171 1.5850e-01
6110.8496 1.8372e-01
6112.6831 1.6491e-01
6114.5166 1.6319e-01
6116.3511 1.5281e-01
6118.1855 1.5628e-01
6120.0210 1.4380e-01
6121.8574 1.6706e-01
6123.6938 1.4885e-01
6125.5308 1.6342e-01
6127.3687 1.8403e-01
6129.2065 1.4574e-01
6131.0454 1.4301e-01
6132.8843 1.6437e-01
6134.7246 1.5791e-01
6136.5649 1.4129e-01
6138.4062 1.6766e-01
6140.2476 1.6750e-01
6142.0894 1.5436e-01
6143.9316 1.4440e-01
6145.7759 1.5585e-01
6147.6191 1.6227e-01
6149.4634 1.4650e-01
6151.3081 1.5144e-01
6153.1538 1.5080e-01
6155.0000 1.4341e-01
6156.8462 1.5183e-01
6158.6934 1.6305e-01
6160.5410 1.7768e-01
6162.3892 1.4163e-01
6164.2373 1.4951e-01
6166.0869 1.5281e-01
6167.9370 1.5240e-01
6169.7871 1.6963e-01
6171.6387 1.4615e-01
6173.4897 1.4043e-01
6175.3413 1.4045e-01
6177.1938 1.4362e-01
6179.0474 1.4318e-01
6180.9009 1.6031e-01
6182.7549 1.4378e-01
6184.6104 1.5022e-01
6186.4653 1.4834e-01
6188.3213 1.3034e-01
6190.1782 1.6983e-01
6192.0356 1.6019e-01
6193.8931 1.4476e-01
6195.7505 1.5391e-01
6197.6099 1.2756e-01
6199.4688 1.2115e-01
6201.3281 1.2737e-01
6203.1895 1.4690e-01
6205.0498 1.4299e-01
6206.9121 1.4102e-01
6208.7739 1.2029e-01
6210.6367 1.3841e-01
6212.4995 1.3140e-01
6214.3633 1.2099e-01
6216.2275 1.4996e-01
6218.0923 1.3482e-01
6219.9575 1.1356e-01
6221.8237 1.2589e-01
6223.6904 1.2946e-01
6225.5576 1.2398e-01
6227.4258 1.2447e-01
6229.2935 1.2279e-01
6231.1621 1.2814e-01
6233.0317 1.2649e-01
6234.9019 1.4605e-01
6236.7720 1.2186e-01
6238.6431 1.2058e-01
6240.5146 1.2041e-01
6242.3867 1.2064e-01
6244.2598 1.1177e-01
6246.1323 1.1485e-01
6248.0063 1.1785e-01
6249.8813 1.1980e-01
6251.7559 1.2839e-01
6253.6313 1.3041e-01
6255.5073 1.0522e-01
6257.3843 1.2249e-01
6259.2617 1.0784e-01
6261.1392 1.0227e-01
6263.0176 1.0965e-01
6264.8970 1.2147e-01
6266.7759 1.0862e-01
6268.6562 9.5897e-02
6270.5361 8.3227e-02
6272.4180 1.0045e-01
6274.2993 1.1265e-01
6276.1816 1.1358e-01
6278.0645 8.4306e-02
6279.9478 1.0779e-01
6281.8320 9.6149e-02
6283.7168 9.4420e-02
6285.6021 7.9493e-02
6287.4868 1.0337e-01
6289.3740 9.6023e-02
6291.2603 8.9811e-02
6293.1475 1.0117e-01
6295.0352 8.5362e-02
6296.9238 9.9617e-02
6298.8130 9.0166e-02
6300.7026 9.8719e-02
6302.5933 7.7044e-02
6304.4839 9.2108e-02
6306.3755 1.1861e-01
6308.2676 9.2564e-02
6310.1597 9.3001e-02
6312.0527 7.1450e-02
6313.9468 9.0086e-02
6315.8398 1.0012e-01
6317.7349 1.0310e-01
6319.6304 8.8710e-02
6321.5269 7.7347e-02
6323.4233 8.7506e-02
6325.3198 7.7088e-02
6327.2178 1.0424e-01
6329.1157 8.4330e-02
6331.0146 8.8766e-02
6332.9131 1.1393e-01
6334.8140 1.0624e-01
6336.7139 9.7202e-02
6338.6147 9.3742e-02
6340.5166 1.0102e-01
6342.4189 9.6992e-02
6344.3213 9.8478e-02
6346.2246 9.5691e-02
6348.1284 1.0011e-01
6350.0332 9.3060e-02
6351.9380 9.0432e-02
6353.8442 1.0385e-01
6355.7500 9.6269e-02
6357.6572 9.2479e-02
6359.5645 1.1510e-01
6361.4717 1.1136e-01
6363.3804 1.0073e-01
6365.2891 1.2760e-01
6367.1987 9.5796e-02
6369.1089 1.0504e-01
6371.0200 1.2125e-01
6372.9312 1.0861e-01
6374.8428 1.2577e-01
6376.7549 1.1216e-01
6378.6685 1.1508e-01
6380.5820 9.9972e-02
6382.4966 1.1731e-01
6384.4111 1.1771e-01
6386.3257 1.2733e-01
6388.2422 1.2708e-01
6390.1587 1.0791e-01
6392.0752 1.1797e-01
6393.9932 1.1963e-01
6395.9116 1.0800e-01
6397.8301 1.1523e-01
6399.7490 1.2267e-01
6401.6694 1.2228e-01
6403.5898 1.2696e-01
6405.5112 1.0659e-01
6407.4331 1.1645e-01
6409.3545 1.1375e-01
6411.2778 1.2392e-01
6413.2012 1.1309e-01
6415.1250 1.2551e-01
6417.0493 1.1160e-01
6418.9741 1.0111e-01
6420.9004 1.1220e-01
6422.8262 1.3314e-01
6424.7534 1.2028e-01
6426.6812 1.2420e-01
6428.6094 1.2771e-01
6430.5381 1.0638e-01
6432.4668 1.0139e-01
6434.3960 1.1790e-01
6436.3267 1.2257e-01
6438.2578 1.1260e-01
6440.1895 1.1608e-01
6442.1216 1.0878e-01
6444.0537 1.2950e-01
6445.9868 1.3245e-01
6447.9209 1.1986e-01
6449.8550 9.0027e-02
6451.7905 1.0133e-01
6453.7256 1.2403e-01
6455.6621 1.0250e-01
6457.5986 1.4476e-01
6459.5356 1.1869e-01
6461.4741 1.3190e-01
6463.4121 1.1781e-01
6465.3506 1.4231e-01
6467.2905 1.0774e-01
6469.2310 1.2087e-01
6471.1719 1.2417e-01
6473.1128 1.2168e-01
6475.0552 1.0783e-01
6476.9976 1.0826e-01
6478.9409 1.0388e-01
6480.8848 1.2537e-01
6482.8286 1.1883e-01
6484.7739 1.1167e-01
6486.7192 1.1028e-01
6488.6650 1.2543e-01
6490.6113 1.2366e-01
6492.5581 1.4616e-01
6494.5063 1.1849e-01
6496.4546 1.1453e-01
6498.4038 1.2020e-01
6500.3535 1.1985e-01
6502.3032 1.3433e-01
6504.2539 1.1988e-01
6506.2056 1.3318e-01
6508.1572 1.1891e-01
6510.1099 9.2212e-02
6512.0625 1.1219e-01
6514.0166 1.1285e-01
6515.9702 1.2752e-01
6517.9258 1.1451e-01
6519.8809 1.0139e-01
6521.8364 1.1245e-01
6523.7930 1.2473e-01
6525.7505 1.2779e-01
6527.7075 1.1772e-01
6529.6665 1.0755e-01
6531.6255 1.0938e-01
6533.5845 1.1284e-01
6535.5449 1.2710e-01
6537.5054 9.5694e-02
6539.4668 1.0487e-01
6541.4282 1.2612e-01
6543.3911 9.5013e-02
6545.3545 1.0612e-01
6547.3179 1.1135e-01
6549.2817 1.0420e-01
6551.2466 1.0130e-01
6553.2124 8.3480e-02
6555.1777 1.0232e-01
6557.1445 1.0638e-01
6559.1113 9.9672e-02
6561.0796 9.6314e-02
6563.0479 1.0434e-01
6565.0166 1.1362e-01
6566.9863 1.1032e-01
6568.9561 1.0928e-01
6570.9268 9.6851e-02
6572.8979 1.1119e-01
6574.8701 1.0998e-01
6576.8423 1.0914e-01
6578.8154 1.0106e-01
6580.7896 1.2492e-01
6582.7632 1.1782e-01
6584.7383 1.1103e-01
6586.7139 1.0287e-01
6588.6895 1.0977e-01
6590.6660 1.1354e-01
6592.6431 1.0239e-01
6594.6211 1.0025e-01
6596.5996 1.0406e-01
6598.5791 9.1846e-02
6600.5581 8.5091e-02
6602.5386 1.0277e-01
6604.5190 9.6313e-02
6606.5005 9.1332e-02
6608.4824 9.6536e-02
6610.4648 9.5547e-02
6612.4482 1.0193e-01
6614.4326 9.2334e-02
6616.4160 1.0173e-01
6618.4009 1.1635e-01
6620.3867 1.1125e-01
6622.3730 9.2731e-02
6624.3594 8.9829e-02
6626.3467 1.0331e-01
6628.3350 9.9280e-02
6630.3232 8.3313e-02
6632.3125 1.0342e-01
6634.3022 1.0737e-01
6636.2920 9.5800e-02
6638.2827 9.8436e-02
6640.2744 8.9049e-02
6642.2671 9.5805e-02
6644.2593 9.5083e-02
6646.2529 9.2947e-02
6648.2471 1.0038e-01
6650.2412 6.9321e-02
6652.2358 1.0338e-01
6654.2314 9.1159e-02
6656.2280 8.9927e-02
6658.2251 9.2821e-02
6660.2222 7.7861e-02
6662.2207 9.9097e-02
6664.2197 8.5983e-02
6666.2178 1.0245e-01
6668.2178 8.0792e-02
6670.2188 8.8155e-02
6672.2192 7.4584e-02
6674.2212 9.3040e-02
6676.2241 9.5385e-02
6678.2266 6.9739e-02
6680.2300 9.4738e-02
6682.2334 9.3226e-02
6684.2388 8.3736e-02
6686.2446 1.0139e-01
6688.2500 7.9919e-02
6690.2563 8.5490e-02
6692.2627 7.8491e-02
6694.2715 8.2370e-02
6696.2793 7.4380e-02
6698.2881 8.3789e-02
6700.2979 9.8619e-02
6702.3081 6.6079e-02
6704.3188 8.1504e-02
6706.3301 6.7731e-02
6708.3418 9.2435e-02
6710.3545 8.8748e-02
6712.3672 7.2346e-02
6714.3809 5.8569e-02
6716.3955 7.0392e-02
6718.4106 7.2284e-02
6720.4263 7.7347e-02
6722.4419 6.6057e-02
6724.4585 7.7757e-02
6726.4756 8.1129e-02
6728.4946 7.3303e-02
6730.5127 8.7386e-02
6732.5312 7.6160e-02
6734.5513 6.8048e-02
6736.5718 5.9320e-02
6738.5923 7.6624e-02
6740.6152 8.4444e-02
6742.6367 6.1873e-02
6744.6587 7.9706e-02
6746.6831 8.4237e-02
6748.7065 8.1651e-02
6750.7310 6.1332e-02
6752.7563 6.8296e-02
6754.7822 8.2085e-02
6756.8091 7.8943e-02
6758.8359 6.4678e-02
6760.8633 6.2281e-02
6762.8916 6.8713e-02
6764.9209 7.8735e-02
6766.9502 6.6358e-02
6768.9805 5.6073e-02
6771.0107 7.6553e-02
6773.0425 6.6509e-02
6775.0742 7.1910e-02
6777.1064 6.9746e-02
6779.1401 6.1772e-02
6781.1733 5.8463e-02
6783.2080 6.7441e-02
6785.2427 6.6587e-02
6787.2783 6.4430e-02
6789.3149 6.9899e-02
6791.3516 6.1140e-02
6793.3887 6.8230e-02
6795.4272 7.0728e-02
6797.4653 6.4920e-02
6799.5049 5.9154e-02
6801.5444 5.3537e-02
6803.5854 7.2408e-02
6805.6260 4.9201e-02
6807.6685 6.9866e-02
6809.7100 5.7060e-02
6811.7534 6.0611e-02
6813.7964 5.9737e-02
6815.8408 5.2193e-02
6817.8853 4.8457e-02
6819.9312 5.8204e-02
6821.9771 5.9223e-02
6824.0234 6.7600e-02
6826.0703 5.1228e-02
6828.1182 6.3518e-02
6830.1670 7.0618e-02
6832.2163 6.2085e-02
6834.2651 5.5315e-02
6836.3154 6.6021e-02
6838.3667 6.1433e-02
6840.4180 5.4580e-02
6842.4702 5.9589e-02
6844.5229 5.9763e-02
6846.5762 6.8460e-02
6848.6304 4.9887e-02
6850.6851 5.7765e-02
6852.7402 6.1453e-02
6854.7959 6.4459e-02
6856.8525 5.2471e-02
6858.9097 5.2242e-02
6860.9668 6.1567e-02
6863.0254 4.6440e-02
6865.0845 6.5312e-02
6867.1440 5.1131e-02
6869.2041 5.4268e-02
6871.2646 6.1156e-02
6873.3257 5.8000e-02
6875.3882 6.5721e-02
6877.4512 6.2516e-02
6879.5137 5.8125e-02
6881.5781 6.0127e-02
6883.6421 6.1365e-02
6885.7075 5.6508e-02
6887.7729 5.6791e-02
6889.8394 6.0091e-02
6891.9062 4.5501e-02
6893.9746 6.1227e-02
6896.0425 5.1748e-02
6898.1113 4.7169e-02
6900.1802 5.4407e-02
6902.2505 4.8514e-02
6904.3213 5.6871e-02
6906.3926 5.3519e-02
6908.4648 5.7790e-02
6910.5366 5.1598e-02
6912.6099 5.4287e-02
6914.6841 5.5195e-02
6916.7588 6.3849e-02
6918.8335 4.8627e-02
6920.9092 5.5876e-02
6922.9849 6.0716e-02
6925.0620 6.1789e-02
6927.1401 4.2738e-02
6929.2178 5.7344e-02
6931.2964 5.5071e-02
6933.3760 4.8134e-02
6935.4561 5.6606e-02
6937.5371 5.4274e-02
6939.6182 5.6197e-02
6941.7002 5.8066e-02
6943.7822 5.9126e-02
6945.8657 6.3260e-02
6947.9487 5.6261e-02
6950.0337 5.5700e-02
6952.1182 6.4608e-02
6954.2046 5.1327e-02
6956.2905 5.8317e-02
6958.3779 6.9254e-02
6960.4644 5.2062e-02
6962.5527 6.3237e-02
6964.6421 5.2184e-02
6966.7314 6.7569e-02
6968.8208 6.0722e-02
6970.9116 4.8355e-02
6973.0029 4.7087e-02
6975.0947 5.6011e-02
6977.1880 4.8694e-02
6979.2803 4.9233e-02
6981.3745 5.3690e-02
6983.4692 5.8802e-02
6985.5635 5.1915e-02
6987.6602 6.1016e-02
6989.7559 4.3965e-02
6991.8525 4.7662e-02
6993.9507 4.4649e-02
6996.0488 5.4965e-02
6998.1479 4.7948e-02
7000.2471 5.8345e-02
7002.3467 5.4596e-02
7004.4468 5.3485e-02
7006.5488 5.3693e-02
7008.6514 5.6860e-02
7010.7529 5.5629e-02
7012.8564 4.4596e-02
7014.9609 5.0954e-02
7017.0654 5.7431e-02
7019.1699 5.8543e-02
7021.2759 5.2434e-02
7023.3823 5.2825e-02
7025.4893 4.3765e-02
7027.5977 5.4079e-02
7029.7051 4.9730e-02
7031.8145 5.2912e-02
7033.9238 5.6907e-02
7036.0337 5.1298e-02
7038.1450 4.8444e-02
7040.2559 3.6913e-02
7042.3687 5.0512e-02
7044.4805 5.4489e-02
7046.5938 5.0933e-02
7048.7080 4.7947e-02
7050.8228 5.5366e-02
7052.9385 5.0538e-02
7055.0542 5.1444e-02
7057.1704 5.5224e-02
7059.2881 5.6013e-02
7061.4053 5.4193e-02
7063.5234 6.0726e-02
7065.6431 5.5617e-02
7067.7627 4.4701e-02
7069.8828 6.6007e-02
7072.0039 5.1657e-02
7074.1255 5.3896e-02
7076.2476 4.6680e-02
7078.3706 5.5557e-02
7080.4937 5.2863e-02
7082.6187 4.9251e-02
7084.7432 5.4776e-02
7086.8687 4.9816e-02
7088.9946 4.9187e-02
7091.1216 5.6558e-02
7093.2490 4.8802e-02
7095.3765 5.0706e-02
7097.5049 5.1640e-02
7099.6348 4.6736e-02
7101.7642 5.6111e-02
7103.8945 5.1083e-02
7106.0264 5.9572e-02
7108.1582 5.8636e-02
7110.2905 5.0966e-02
7112.4229 5.8361e-02
7114.5571 5.1753e-02
7116.6914 5.1354e-02
7118.8262 6.2016e-02
7120.9619 4.1248e-02
7123.0986 4.7572e-02
7125.2354 5.4797e-02
7127.3730 5.2275e-02
7129.5112 4.7957e-02
7131.6499 5.4278e-02
7133.7896 4.2862e-02
7135.9292 5.7420e-02
7138.0703 6.1198e-02
7140.2119 4.2818e-02
7142.3540 6.3089e-02
7144.4966 4.4916e-02
7146.6396 4.5370e-02
7148.7842 5.2029e-02
7150.9287 5.3435e-02
7153.0742 4.4583e-02
7155.2197 4.9658e-02
7157.3667 5.4929e-02
7159.5137 4.8360e-02
7161.6616 4.0061e-02
7163.8101 5.1473e-02
7165.9590 4.8279e-02
7168.1089 4.9869e-02
7170.2593 4.3475e-02
7172.4102 6.7579e-02
7174.5625 5.5127e-02
7176.7144 4.1721e-02
7178.8672 5.4130e-02
7181.0210 5.6515e-02
7183.1753 4.8146e-02
7185.3306 4.9021e-02
7187.4858 4.5474e-02
7189.6421 5.5787e-02
7191.7988 4.9173e-02
7193.9565 5.1853e-02
7196.1147 5.1356e-02
7198.2734 5.7393e-02
7200.4336 5.4003e-02
7202.5928 4.6810e-02
7204.7539 4.1237e-02
7206.9155 4.3759e-02
7209.0771 4.3057e-02
7211.2402 4.5569e-02
7213.4033 5.4697e-02
7215.5674 4.9468e-02
7217.7324 5.2048e-02
7219.8979 6.0799e-02
7222.0635 6.3348e-02
7224.2300 4.0490e-02
7226.3979 4.8929e-02
7228.5654 4.2490e-02
7230.7334 5.7821e-02
7232.9033 3.8332e-02
7235.0728 4.0504e-02
7237.2432 4.8061e-02
7239.4150 4.6029e-02
7241.5864 4.2804e-02
7243.7593 4.7741e-02
7245.9321 4.2201e-02
7248.1060 4.7703e-02
7250.2803 3.9899e-02
7252.4551 5.4207e-02
7254.6313 4.6444e-02
7256.8076 4.2521e-02
7258.9849 4.9203e-02
7261.1626 5.7310e-02
7263.3408 4.9935e-02
7265.5200 4.7345e-02
7267.6992 4.6820e-02
7269.8799 5.2995e-02
7272.0605 5.1859e-02
7274.2422 4.9983e-02
7276.4243 4.3194e-02
7278.6069 4.4439e-02
7280.7910 5.4413e-02
7282.9751 4.5376e-02
7285.1602 4.2759e-02
7287.3452 4.0487e-02
7289.5317 5.2578e-02
7291.7188 4.5571e-02
7293.9067 4.0457e-02
7296.0947 4.7452e-02
7298.2832 5.1037e-02
7300.4727 4.6008e-02
7302.6631 3.8096e-02
7304.8540 3.5845e-02
7307.0454 4.1773e-02
7309.2373 5.0911e-02
7311.4292 4.7708e-02
7313.6235 4.8822e-02
7315.8179 3.5035e-02
7318.0122 4.2261e-02
7320.2075 4.7050e-02
7322.4038 4.3914e-02
7324.6001 4.0270e-02
7326.7979 5.7368e-02
7328.9961 3.7613e-02
7331.1943 5.2448e-02
7333.3936 4.4828e-02
7335.5938 4.5256e-02
7337.7944 3.9063e-02
7339.9956 4.7342e-02
7342.1982 3.2059e-02
7344.4004 5.3832e-02
7346.6035 5.0697e-02
7348.8081 4.1420e-02
7351.0127 3.3187e-02
7353.2183 4.5477e-02
7355.4238 4.6850e-02
7357.6304 3.8875e-02
7359.8374 4.2301e-02
7362.0459 3.8078e-02
7364.2549 4.2386e-02
7366.4634 3.4781e-02
7368.6738 6.3163e-02
7370.8838 4.2147e-02
7373.0957 4.0552e-02
7375.3071 4.9491e-02
7377.5200 4.0429e-02
7379.7334 4.1404e-02
7381.9473 4.3621e-02
7384.1616 4.1571e-02
7386.3770 4.9818e-02
7388.5928 4.4221e-02
7390.8096 3.2437e-02
7393.0264 3.3292e-02
7395.2446 4.4734e-02
7397.4639 4.5110e-02
7399.6826 4.4071e-02
7401.9023 4.6342e-02
7404.1230 4.0851e-02
7406.3438 3.9237e-02
7408.5654 3.5836e-02
7410.7886 4.0571e-02
7413.0122 4.4523e-02
7415.2354 4.9598e-02
7417.4604 3.8011e-02
7419.6855 3.4599e-02
7421.9116 4.7511e-02
7424.1382 4.2747e-02
7426.3652 3.8796e-02
7428.5933 4.5463e-02
7430.8218 4.1446e-02
7433.0513 4.1493e-02
7435.2808 2.9346e-02
7437.5117 3.7429e-02
7439.7432 3.6837e-02
7441.9741 3.7185e-02
7444.2070 2.9146e-02
7446.4404 3.7116e-02
7448.6748 3.9055e-02
7450.9097 4.5342e-02
7453.1440 4.4471e-02
7455.3809 4.3332e-02
7457.6167 3.7994e-02
7459.8545 3.3733e-02
7462.0923 4.2686e-02
7464.3306 3.1660e-02
7466.5698 4.3605e-02
7468.8096 3.3545e-02
7471.0503 4.3735e-02
7473.2920 4.0077e-02
7475.5342 3.5179e-02
7477.7769 3.4737e-02
7480.0205 3.4507e-02
7482.2637 3.5780e-02
7484.5088 4.0046e-02
7486.7539 4.5526e-02
7489.0000 3.6071e-02
7491.2471 4.2254e-02
7493.4937 3.5974e-02
7495.7422 4.2895e-02
7497.9912 3.6901e-02
7500.2402 3.3243e-02
7502.4902 4.0886e-02
7504.7412 3.9187e-02
7506.9927 4.2381e-02
7509.2441 3.4745e-02
7511.4976 3.3989e-02
7513.7510 3.2003e-02
7516.0044 4.5315e-02
7518.2593 3.7547e-02
7520.5151 3.6491e-02
7522.7715 3.6053e-02
7525.0283 3.6767e-02
7527.2861 3.4021e-02
7529.5439 3.9169e-02
7531.8027 4.3720e-02
7534.0620 3.6574e-02
7536.3228 4.1198e-02
7538.5835 3.7613e-02
7540.8447 3.6691e-02
7543.1074 3.9303e-02
7545.3706 3.8349e-02
7547.6338 3.5693e-02
7549.8984 4.4256e-02
7552.1626 3.3926e-02
7554.4292 2.7060e-02
7556.6948 4.0006e-02
7558.9619 3.7955e-02
7561.2295 3.5426e-02
7563.4976 4.1995e-02
7565.7671 4.0652e-02
7568.0366 4.0717e-02
7570.3071 4.6711e-02
7572.5786 4.2512e-02
7574.8511 4.3968e-02
7577.1230 2.9804e-02
7579.3960 3.6357e-02
7581.6694 3.3763e-02
7583.9443 2.8677e-02
7586.2192 3.2086e-02
7588.4956 3.1326e-02
7590.7715 3.6720e-02
7593.0488 3.8102e-02
7595.3262 3.4680e-02
7597.6060 3.3384e-02
7599.8843 3.6396e-02
7602.1641 3.6887e-02
7604.4448 3.0825e-02
7606.7271 3.7650e-02
7609.0093 3.1609e-02
7611.2910 2.8345e-02
7613.5752 2.9584e-02
7615.8589 3.4856e-02
7618.1440 2.9947e-02
7620.4292 3.6210e-02
7622.7153 3.8186e-02
7625.0020 3.1457e-02
7627.2896 3.2958e-02
7629.5781 3.2208e-02
7631.8662 2.9112e-02
7634.1562 4.1616e-02
7636.4468 4.2938e-02
7638.7378 3.0871e-02
7641.0288 3.7345e-02
7643.3213 3.3557e-02
7645.6138 3.3725e-02
7647.9072 2.4901e-02
7650.2021 3.7450e-02
7652.4971 4.1080e-02
7654.7935 2.2848e-02
7657.0894 2.6788e-02
7659.3867 3.5455e-02
7661.6846 3.1132e-02
7663.9829 3.2181e-02
7666.2817 3.9145e-02
7668.5825 3.2776e-02
7670.8823 3.0116e-02
7673.1841 2.9748e-02
7675.4854 4.0398e-02
7677.7891 2.7479e-02
7680.0918 3.6571e-02
7682.3960 3.1939e-02
7684.7002 3.8205e-02
7687.0059 3.2987e-02
7689.3125 3.5203e-02
7691.6191 2.9216e-02
7693.9268 3.9430e-02
7696.2344 3.2178e-02
7698.5430 2.4843e-02
7700.8530 2.3642e-02
7703.1631 3.8887e-02
7705.4746 4.2597e-02
7707.7856 3.3573e-02
7710.0981 4.7220e-02
7712.4111 3.9209e-02
7714.7251 3.3809e-02
7717.0391 3.0468e-02
7719.3540 3.5322e-02
7721.6699 2.9191e-02
7723.9868 2.3341e-02
7726.3042 3.5714e-02
7728.6216 2.8767e-02
7730.9409 3.5212e-02
7733.2593 3.0450e-02
7735.5796 3.8365e-02
7737.9004 4.2247e-02
7740.2217 2.6384e-02
7742.5435 3.0234e-02
7744.8662 3.7812e-02
7747.1895 3.3042e-02
7749.5142 3.1297e-02
7751.8394 2.7750e-02
7754.1650 3.8283e-02
7756.4907 3.1231e-02
7758.8174 3.0943e-02
7761.1450 2.8590e-02
7763.4736 3.5835e-02
7765.8022 3.1501e-02
7768.1323 2.4738e-02
7770.4634 3.6780e-02
7772.7944 3.6147e-02
7775.1260 3.7053e-02
7777.4585 2.8972e-02
7779.7915 3.7894e-02
7782.1260 3.5247e-02
7784.4604 3.3273e-02
7786.7954 3.8429e-02
7789.1318 3.4317e-02
7791.4683 3.1292e-02
7793.8062 2.7645e-02
7796.1436 3.0155e-02
7798.4824 3.1641e-02
7800.8218 4.0832e-02
7803.1626 2.8152e-02
7805.5034 2.8478e-02
7807.8447 3.3325e-02
7810.1880 3.0638e-02
7812.5303 3.3085e-02
7814.8745 3.5760e-02
7817.2192 3.9577e-02
7819.5640 2.8506e-02
7821.9106 3.4092e-02
7824.2559 3.1856e-02
7826.6040 3.0001e-02
7828.9521 2.6159e-02
7831.3003 3.5889e-02
7833.6499 3.3551e-02
7835.9995 3.5270e-02
7838.3511 2.9716e-02
7840.7021 3.1078e-02
7843.0547 3.2682e-02
7845.4077 3.1007e-02
7847.7603 4.4098e-02
7850.1152 3.1430e-02
7852.4702 2.6529e-02
7854.8262 2.9102e-02
7857.1821 3.8261e-02
7859.5396 3.4782e-02
7861.8975 3.7657e-02
7864.2559 3.3482e-02
7866.6157 3.8090e-02
7868.9756 3.9875e-02
7871.3359 2.9750e-02
7873.6978 2.3906e-02
7876.0601 3.8192e-02
7878.4224 3.3439e-02
7880.7856 3.3449e-02
7883.1509 3.2216e-02
7885.5151 2.3902e-02
7887.8809 4.4365e-02
7890.2476 3.8854e-02
7892.6147 1.9983e-02
7894.9814 4.3334e-02
7897.3501 4.0749e-02
7899.7192 3.8372e-02
7902.0898 3.2732e-02
7904.4604 4.1874e-02
7906.8311 3.4315e-02
7909.2036 3.6820e-02
7911.5767 3.9524e-02
7913.9497 2.1747e-02
7916.3247 4.1482e-02
7918.6987 2.5962e-02
7921.0742 3.9551e-02
7923.4512 3.7948e-02
7925.8276 3.5225e-02
7928.2051 3.1148e-02
7930.5845 3.3068e-02
7932.9634 3.3230e-02
7935.3433 2.7607e-02
7937.7236 2.3546e-02
7940.1050 3.8696e-02
7942.4873 3.3390e-02
7944.8701 3.2968e-02
7947.2529 3.5854e-02
7949.6377 2.9345e-02
7952.0225 4.3490e-02
7954.4082 3.4554e-02
7956.7949 3.4554e-02
7959.1807 3.0659e-02
7961.5688 2.1565e-02
7963.9580 2.6518e-02
7966.3462 3.2598e-02
7968.7368 3.7989e-02
7971.1274 2.6132e-02
7973.5181 3.0306e-02
7975.9111 3.3983e-02
7978.3032 3.5574e-02
7980.6973 3.2606e-02
7983.0908 3.3897e-02
7985.4858 3.0672e-02
7987.8823 4.1636e-02
7990.2778 3.0213e-02
7992.6748 3.3414e-02
7995.0728 3.0548e-02
7997.4717 3.5952e-02
7999.8711 3.6068e-02
8002.2710 3.5573e-02
8004.6709 3.2163e-02
8007.0723 3.9783e-02
8009.4746 3.4862e-02
8011.8779 3.9640e-02
8014.2812 4.2758e-02
8016.6855 3.2492e-02
8019.0903 2.8744e-02
8021.4966 4.0457e-02
8023.9028 3.2936e-02
8026.3105 3.3565e-02
8028.7173 3.4309e-02
8031.1260 2.8998e-02
8033.5361 3.5503e-02
8035.9458 2.6028e-02
8038.3569 3.4559e-02
8040.7681 2.9042e-02
8043.1807 4.0680e-02
8045.5933 2.5631e-02
8048.0068 3.5000e-02
8050.4214 3.3318e-02
8052.8364 3.3269e-02
8055.2520 2.4563e-02
8057.6689 3.2424e-02
8060.0864 2.9201e-02
8062.5049 3.8548e-02
8064.9229 3.1668e-02
8067.3423 2.8364e-02
8069.7632 3.1817e-02
8072.1836 2.9713e-02
8074.6050 2.4866e-02
8077.0278 2.7193e-02
8079.4507 4.3914e-02
8081.8745 4.0631e-02
8084.2988 3.2033e-02
8086.7251 3.5026e-02
8089.1509 3.5881e-02
8091.5771 2.9947e-02
8094.0049 3.4842e-02
8096.4331 3.4376e-02
8098.8618 3.5887e-02
8101.2910 2.8911e-02
8103.7217 3.0286e-02
8106.1528 2.9471e-02
8108.5845 2.7460e-02
8111.0171 2.4185e-02
8113.4502 3.4338e-02
8115.8843 3.3736e-02
8118.3188 2.7910e-02
8120.7549 2.1380e-02
8123.1914 3.8347e-02
8125.6284 3.9119e-02
8128.0659 2.7795e-02
8130.5049 4.0123e-02
8132.9438 3.3643e-02
8135.3833 2.5017e-02
8137.8237 2.3521e-02
8140.2651 3.3924e-02
8142.7075 3.0903e-02
8145.1504 2.3432e-02
8147.5938 3.1427e-02
8150.0376 2.8454e-02
8152.4834 2.9859e-02
8154.9292 2.7866e-02
8157.3750 2.9024e-02
8159.8228 3.2315e-02
8162.2705 3.0653e-02
8164.7192 3.4846e-02
8167.1685 3.1702e-02
8169.6187 4.2689e-02
8172.0693 3.2975e-02
8174.5210 2.6200e-02
8176.9736 2.3929e-02
8179.4268 3.5723e-02
8181.8809 3.2014e-02
8184.3350 3.7909e-02
8186.7900 3.4364e-02
8189.2456 2.8017e-02
8191.7031 3.8828e-02
8194.1602 3.4756e-02
8196.6191 2.9748e-02
8199.0781 4.2713e-02
8201.5371 3.9517e-02
8203.9980 2.7325e-02
8206.4590 3.5410e-02
8208.9219 2.7170e-02
8211.3838 2.8596e-02
8213.8477 3.2832e-02
8216.3115 3.1791e-02
8218.7764 3.0786e-02
8221.2422 3.7339e-02
8223.7090 3.4071e-02
8226.1758 2.9368e-02
8228.6436 2.6439e-02
8231.1123 3.0750e-02
8233.5811 4.0229e-02
8236.0518 2.7145e-02
8238.5215 3.7018e-02
8240.9932 3.3640e-02
8243.4658 2.8700e-02
8245.9395 3.1719e-02
8248.4131 3.0024e-02
8250.8877 3.2373e-02
8253.3623 2.9866e-02
8255.8389 3.8578e-02
8258.3154 4.0394e-02
8260.7920 3.6574e-02
8263.2715 2.9343e-02
8265.7500 3.9556e-02
8268.2305 3.2839e-02
8270.7100 3.3938e-02
8273.1914 2.6694e-02
8275.6738 3.5062e-02
8278.1553 3.4922e-02
8280.6396 2.9470e-02
8283.1240 2.8027e-02
8285.6094 3.7883e-02
8288.0947 4.0450e-02
8290.5811 3.6600e-02
8293.0674 3.5743e-02
8295.5557 3.1663e-02
8298.0449 3.1858e-02
8300.5352 3.6112e-02
8303.0234 3.5382e-02
8305.5156 3.7640e-02
8308.0068 2.9717e-02
8310.5000 2.7644e-02
8312.9922 4.0549e-02
8315.4863 4.1673e-02
8317.9805 3.5920e-02
8320.4766 3.3252e-02
8322.9717 4.2373e-02
8325.4697 3.6189e-02
8327.9668 3.8357e-02
8330.4658 3.5100e-02
8332.9639 3.5907e-02
8335.4648 3.2284e-02
8337.9648 4.2061e-02
8340.4668 4.2086e-02
8342.9688 3.7941e-02
8345.4717 3.9124e-02
8347.9746 3.8367e-02
8350.4795 3.8904e-02
8352.9844 3.9836e-02
8355.4902 3.4785e-02
8357.9971 3.2089e-02
8360.5039 3.1791e-02
8363.0127 3.6298e-02
8365.5215 3.9500e-02
8368.0312 4.1226e-02
8370.5420 3.2873e-02
8373.0527 3.0783e-02
8375.5654 4.1489e-02
8378.0771 3.5974e-02
8380.5908 3.9363e-02
8383.1045 3.5318e-02
8385.6191 3.1134e-02
8388.1348 3.5545e-02
8390.6523 3.6961e-02
8393.1689 3.8527e-02
8395.6865 3.5020e-02
8398.2061 3.6922e-02
8400.7246 3.3542e-02
8403.2461 4.4400e-02
8405.7666 3.9466e-02
8408.2881 4.1281e-02
8410.8105 4.2561e-02
8413.3340 4.7529e-02
8415.8584 3.7501e-02
8418.3818 3.8814e-02
8420.9082 3.1207e-02
8423.4346 3.4630e-02
8425.9609 3.8478e-02
8428.4893 3.6248e-02
8431.0186 3.7222e-02
8433.5479 3.6037e-02
8436.0771 3.4249e-02
8438.6074 4.8666e-02
8441.1396 4.5563e-02
8443.6729 3.8202e-02
8446.2051 4.3031e-02
8448.7383 3.6646e-02
8451.2734 3.6944e-02
8453.8086 3.4160e-02
8456.3457 4.1258e-02
8458.8828 3.4082e-02
8461.4199 4.3587e-02
8463.9580 4.0922e-02
8466.4971 3.2739e-02
8469.0371 3.6142e-02
8471.5781 3.2723e-02
8474.1191 4.8470e-02
8476.6621 3.8416e-02
8479.2051 3.7461e-02
8481.7480 3.3696e-02
8484.2930 3.1660e-02
8486.8379 5.0035e-02
8489.3848 3.5562e-02
8491.9316 4.1272e-02
8494.4795 4.0304e-02
8497.0264 3.8247e-02
8499.5762 3.8152e-02
8502.1260 4.1336e-02
8504.6777 3.7309e-02
8507.2285 3.9417e-02
8509.7803 3.8218e-02
8512.3330 4.0954e-02
8514.8857 3.9631e-02
8517.4414 5.3896e-02
8519.9961 4.2087e-02
8522.5527 5.0041e-02
8525.1094 4.3939e-02
8527.6670 4.0818e-02
8530.2246 4.2810e-02
8532.7842 4.8726e-02
8535.3438 5.3394e-02
8537.9053 4.5164e-02
8540.4668 3.9974e-02
8543.0273 3.4378e-02
8545.5908 4.5462e-02
8548.1543 4.1486e-02
8550.7188 4.6128e-02
8553.2842 3.7311e-02
8555.8496 4.7418e-02
8558.4170 4.7508e-02
8560.9844 4.2140e-02
8563.5527 4.0218e-02
8566.1221 5.1788e-02
8568.6914 4.2538e-02
8571.2617 4.1511e-02
8573.8350 4.9014e-02
8576.4062 4.6934e-02
8578.9785 4.4464e-02
8581.5527 4.2834e-02
8584.1270 4.7366e-02
8586.7031 3.8033e-02
8589.2783 4.7378e-02
8591.8555 3.7473e-02
8594.4326 4.9396e-02
8597.0117 4.4149e-02
8599.5898 5.0207e-02
8602.1699 4.2292e-02
8604.7500 4.2712e-02
8607.3320 4.6178e-02
8609.9150 5.1457e-02
8612.4971 5.1866e-02
8615.0811 5.3621e-02
8617.6660 3.7517e-02
8620.2500 4.7438e-02
8622.8369 4.1420e-02
8625.4229 4.1787e-02
8628.0117 4.4122e-02
8630.6006 4.6224e-02
8633.1885 6.0017e-02
8635.7793 4.0740e-02
8638.3711 4.2894e-02
8640.9609 4.3830e-02
8643.5527 4.5513e-02
8646.1465 5.5692e-02
8648.7393 4.4203e-02
8651.3350 4.6585e-02
8653.9307 5.0193e-02
8656.5264 4.0733e-02
8659.1230 4.0980e-02
8661.7207 5.1697e-02
8664.3203 4.7699e-02
8666.9189 3.7953e-02
8669.5186 4.7606e-02
8672.1201 3.3460e-02
8674.7217 3.2686e-02
8677.3242 4.5921e-02
8679.9277 3.8698e-02
8682.5312 3.8005e-02
8685.1367 5.1181e-02
8687.7412 3.7911e-02
8690.3477 4.7772e-02
8692.9551 5.2616e-02
8695.5625 5.2483e-02
8698.1709 4.2629e-02
8700.7803 5.0528e-02
8703.3916 4.8850e-02
8706.0020 3.8251e-02
8708.6133 4.4972e-02
8711.2266 4.0920e-02
8713.8398 4.2325e-02
8716.4541 4.8069e-02
8719.0684 4.1666e-02
8721.6846 4.9446e-02
8724.3018 4.6310e-02
8726.9189 4.4667e-02
8729.5371 3.9278e-02
8732.1553 4.6372e-02
8734.7754 4.3136e-02
8737.3955 4.6904e-02
8740.0166 4.3176e-02
8742.6387 4.7966e-02
8745.2607 4.9712e-02
8747.8848 4.2896e-02
8750.5098 4.6011e-02
8753.1348 3.5092e-02
8755.7607 3.9216e-02
8758.3867 4.3999e-02
8761.0146 4.0382e-02
8763.6436 3.8934e-02
8766.2715 3.6652e-02
8768.9023 3.5441e-02
8771.5322 4.3497e-02
8774.1641 4.1803e-02
8776.7959 4.9289e-02
8779.4287 4.4604e-02
8782.0635 3.2651e-02
8784.6982 3.9114e-02
8787.3330 4.9541e-02
8789.9697 3.3031e-02
8792.6074 3.6252e-02
8795.2451 3.4288e-02
8797.8838 3.5845e-02
8800.5234 3.8675e-02
8803.1621 4.3022e-02
8805.8027 3.0720e-02
8808.4453 4.8454e-02
8811.0879 4.7889e-02
8813.7314 3.6473e-02
8816.3750 3.5989e-02
8819.0205 4.1361e-02
8821.6660 3.9271e-02
8824.3125 3.8352e-02
8826.9590 3.9399e-02
8829.6084 3.2649e-02
8832.2568 4.2451e-02
8834.9062 3.8444e-02
8837.5557 4.3445e-02
8840.2080 4.1774e-02
8842.8594 4.3045e-02
8845.5127 3.9365e-02
8848.1670 3.5489e-02
8850.8213 4.1010e-02
8853.4766 3.2936e-02
8856.1328 3.6936e-02
8858.7881 3.8806e-02
8861.4463 3.9826e-02
8864.1045 4.6309e-02
8866.7646 3.5552e-02
8869.4238 3.8583e-02
8872.0850 3.7758e-02
8874.7471 3.9673e-02
8877.4092 3.1001e-02
8880.0732 3.2586e-02
8882.7373 3.5341e-02
8885.4014 3.9817e-02
8888.0674 3.4633e-02
8890.7334 4.2123e-02
8893.4004 3.6386e-02
8896.0684 3.6786e-02
8898.7373 2.7398e-02
8901.4072 3.6036e-02
8904.0771 3.7469e-02
8906.7480 3.2304e-02
8909.4199 3.1987e-02
8912.0938 3.2037e-02
8914.7676 3.8689e-02
8917.4414 4.1822e-02
8920.1172 3.2877e-02
8922.7930 3.7081e-02
8925.4697 4.1453e-02
8928.1475 3.4165e-02
8930.8262 3.7084e-02
8933.5049 3.9729e-02
8936.1855 4.2206e-02
8938.8652 3.7254e-02
8941.5469 3.4598e-02
8944.2295 2.7257e-02
8946.9141 2.8211e-02
8949.5977 3.6244e-02
8952.2822 3.8029e-02
8954.9678 3.9484e-02
8957.6553 3.5605e-02
8960.3418 3.3436e-02
8963.0293 3.7755e-02
8965.7178 3.5961e-02
8968.4082 3.4276e-02
8971.0986 3.3022e-02
8973.7910 3.4908e-02
8976.4824 2.6342e-02
8979.1748 3.5537e-02
8981.8691 3.7466e-02
8984.5635 2.8903e-02
8987.2588 3.2616e-02
8989.9551 3.6423e-02
8992.6523 3.4781e-02
8995.3506 3.1361e-02
8998.0488 2.7863e-02
9000.7480 3.3134e-02
9003.4482 3.2291e-02
9006.1494 3.2235e-02
9008.8516 2.7660e-02
9011.5537 4.0962e-02
9014.2578 4.1011e-02
9016.9609 2.1212e-02
9019.6660 3.5358e-02
9022.3721 3.7655e-02
9025.0791 3.3889e-02
9027.7871 3.6831e-02
9030.4951 2.9514e-02
9033.2051 3.4775e-02
9035.9150 2.6736e-02
9038.6260 3.1046e-02
9041.3369 4.0480e-02
9044.0498 3.6790e-02
9046.7627 2.5536e-02
9049.4766 3.2340e-02
9052.1914 2.7768e-02
9054.9072 2.8630e-02
9057.6240 2.6900e-02
9060.3398 3.4576e-02
9063.0586 3.6998e-02
9065.7773 2.9723e-02
9068.4971 3.4472e-02
9071.2168 3.2126e-02
9073.9395 2.5618e-02
9076.6611 2.7291e-02
9079.3848 3.5433e-02
9082.1074 2.8688e-02
9084.8330 2.8441e-02
9087.5576 3.2350e-02
9090.2832 3.5516e-02
9093.0117 2.9764e-02
9095.7393 2.9224e-02
9098.4688 3.6186e-02
9101.1973 2.9633e-02
9103.9287 2.5662e-02
9106.6592 2.8599e-02
9109.3906 2.9976e-02
9112.1250 2.3844e-02
9114.8584 2.8351e-02
9117.5928 3.0246e-02
9120.3271 3.1259e-02
9123.0635 3.0763e-02
9125.8008 2.6687e-02
9128.5391 3.3914e-02
9131.2764 2.8973e-02
9134.0156 2.9330e-02
9136.7568 3.0873e-02
9139.4980 3.2592e-02
9142.2383 2.6908e-02
9144.9814 3.1798e-02
9147.7266 1.8913e-02
9150.4707 2.5815e-02
9153.2158 2.4321e-02
9155.9609 2.6809e-02
9158.7070 2.6235e-02
9161.4551 2.6446e-02
9164.2041 2.6638e-02
9166.9531 2.6200e-02
9169.7031 2.6487e-02
9172.4541 2.4097e-02
9175.2051 2.3773e-02
9177.9580 2.2421e-02
9180.7109 2.4724e-02
9183.4668 2.4461e-02
9186.2207 2.4313e-02
9188.9766 3.0944e-02
9191.7334 2.7768e-02
9194.4912 2.5411e-02
9197.2490 2.4778e-02
9200.0088 3.2300e-02
9202.7686 2.4525e-02
9205.5293 2.6327e-02
9208.2920 2.0942e-02
9211.0527 2.8861e-02
9213.8164 3.1219e-02
9216.5811 2.3684e-02
9219.3467 1.6626e-02
9222.1113 2.0137e-02
9224.8789 2.0106e-02
9227.6455 2.1508e-02
9230.4141 2.3101e-02
9233.1836 1.6188e-02
9235.9531 2.3987e-02
9238.7246 2.4123e-02
9241.4951 1.6167e-02
9244.2686 1.3958e-02
9247.0410 2.2238e-02
9249.8154 2.7390e-02
9252.5908 2.0071e-02
9255.3652 2.5961e-02
9258.1426 2.4597e-02
9260.9209 2.1315e-02
9263.6992 3.0846e-02
9266.4775 2.4059e-02
9269.2568 2.7645e-02
9272.0381 2.0352e-02
9274.8203 2.5001e-02
9277.6025 1.6449e-02
9280.3857 2.9304e-02
9283.1709 2.0363e-02
9285.9541 2.2003e-02
9288.7402 2.2473e-02
9291.5264 2.5619e-02
9294.3135 3.1113e-02
9297.1025 1.7598e-02
9299.8926 2.8570e-02
9302.6816 2.5952e-02
9305.4727 2.3163e-02
9308.2646 2.2678e-02
9311.0566 1.9551e-02
9313.8506 2.8594e-02
9316.6436 2.2143e-02
9319.4395 2.1251e-02
9322.2354 2.7638e-02
9325.0322 2.5165e-02
9327.8291 2.3771e-02
9330.6279 2.3954e-02
9333.4277 2.0105e-02
9336.2266 1.8016e-02
9339.0283 1.2036e-02
9341.8291 2.8027e-02
9344.6318 2.5279e-02
9347.4355 2.2310e-02
9350.2402 2.3352e-02
9353.0449 2.4662e-02
9355.8516 1.6271e-02
9358.6572 2.3047e-02
9361.4658 2.6214e-02
9364.2734 2.6649e-02
9367.0830 2.5127e-02
9369.8936 2.6453e-02
9372.7041 1.8649e-02
9375.5156 2.0538e-02
9378.3291 2.3920e-02
9381.1416 2.9493e-02
9383.9561 2.3152e-02
9386.7715 2.8122e-02
9389.5879 2.0017e-02
9392.4043 2.1612e-02
9395.2217 2.3512e-02
9398.0400 2.7377e-02
9400.8594 1.8965e-02
9403.6807 2.6946e-02
9406.5020 1.3623e-02
9409.3242 2.0028e-02
9412.1465 1.6645e-02
9414.9707 1.9554e-02
9417.7939 1.6956e-02
9420.6201 1.9634e-02
9423.4453 1.5088e-02
9426.2725 1.8163e-02
9429.1006 2.4281e-02
9431.9287 2.2687e-02
9434.7588 1.7991e-02
9437.5898 2.1489e-02
9440.4209 2.2120e-02
9443.2529 2.7488e-02
9446.0859 2.0136e-02
9448.9199 1.9628e-02
9451.7549 2.7413e-02
9454.5889 2.3766e-02
9457.4268 2.4597e-02
9460.2637 1.8476e-02
9463.1016 2.2037e-02
9465.9414 2.2698e-02
9468.7803 2.1274e-02
9471.6211 2.6254e-02
9474.4629 1.7640e-02
9477.3047 1.7591e-02
9480.1484 2.5127e-02
9482.9922 1.8260e-02
9485.8369 1.8440e-02
9488.6836 2.1625e-02
9491.5303 2.0913e-02
9494.3760 1.8845e-02
9497.2256 1.9922e-02
9500.0742 1.8402e-02
9502.9238 1.9854e-02
9505.7754 1.4091e-02
9508.6270 1.8089e-02
9511.4805 1.4008e-02
9514.3320 2.1345e-02
9517.1875 2.2103e-02
9520.0420 2.0012e-02
9522.8984 1.8702e-02
9525.7559 2.4863e-02
9528.6133 2.1323e-02
9531.4717 1.3670e-02
9534.3311 2.1095e-02
9537.1914 1.7105e-02
9540.0518 1.5633e-02
9542.9150 1.9227e-02
9545.7773 1.5295e-02
9548.6416 1.8912e-02
9551.5059 1.4054e-02
9554.3711 1.6651e-02
9557.2373 2.1076e-02
9560.1045 1.8122e-02
9562.9727 1.7468e-02
9565.8418 1.3845e-02
9568.7109 2.0659e-02
9571.5820 1.2040e-02
9574.4531 1.5929e-02
9577.3252 1.5006e-02
9580.1992 1.8705e-02
9583.0723 1.7130e-02
9585.9473 1.4640e-02
9588.8242 1.6406e-02
9591.7002 1.7503e-02
9594.5781 1.7322e-02
9597.4561 1.6586e-02
9600.3350 2.1403e-02
9603.2158 1.6696e-02
9606.0957 2.7002e-02
9608.9775 1.5000e-02
9611.8613 1.1856e-02
9614.7441 1.7920e-02
9617.6279 1.6342e-02
9620.5137 1.4414e-02
9623.4014 1.0956e-02
9626.2881 1.6184e-02
9629.1748 1.4176e-02
9632.0645 1.5161e-02
9634.9541 1.6123e-02
9637.8438 2.2382e-02
9640.7363 1.7941e-02
9643.6270 1.4203e-02
9646.5215 1.1071e-02
9649.4141 1.4663e-02
9652.3086 1.3580e-02
9655.2051 1.5283e-02
9658.1016 1.3736e-02
9660.9990 1.4281e-02
9663.8975 1.4079e-02
9666.7969 1.3846e-02
9669.6973 1.5691e-02
9672.5967 1.4817e-02
9675.5000 1.4351e-02
9678.4023 1.4950e-02
9681.3057 1.3185e-02
9684.2109 1.4322e-02
9687.1152 1.7823e-02
9690.0215 1.6709e-02
9692.9287 1.6910e-02
9695.8369 1.4453e-02
9698.7441 1.6687e-02
9701.6553 1.3080e-02
9704.5645 1.2408e-02
9707.4775 1.2716e-02
9710.3887 1.4669e-02
9713.3008 1.0364e-02
9716.2158 1.3785e-02
9719.1299 1.3058e-02
9722.0459 1.5795e-02
9724.9629 9.9743e-03
9727.8809 1.7905e-02
9730.7988 1.2595e-02
9733.7178 1.5683e-02
9736.6387 1.5679e-02
9739.5586 1.4394e-02
9742.4805 7.7683e-03
9745.4033 1.2050e-02
9748.3281 8.7496e-03
9751.2520 1.7546e-02
9754.1777 1.0933e-02
9757.1035 1.7738e-02
9760.0303 1.7305e-02
9762.9590 1.2207e-02
9765.8877 1.4016e-02
9768.8174 1.4378e-02
9771.7480 1.3436e-02
9774.6797 1.4246e-02
9777.6113 2.2327e-02
9780.5459 1.6173e-02
9783.4795 1.6126e-02
9786.4141 9.6942e-03
9789.3496 1.0185e-02
9792.2871 1.5355e-02
9795.2256 1.1912e-02
9798.1641 1.1086e-02
9801.1035 9.2528e-03
9804.0430 7.9420e-03
9806.9844 8.5481e-03
9809.9268 1.2592e-02
9812.8691 1.7707e-02
9815.8125 1.1523e-02
9818.7578 1.5323e-02
9821.7041 8.1823e-03
9824.6494 1.2719e-02
9827.5967 9.5496e-03
9830.5469 1.6402e-02
9833.4951 1.8942e-02
9836.4453 1.6572e-02
9839.3965 9.0417e-03
9842.3486 9.2790e-03
9845.2998 1.1212e-02
9848.2549 1.3244e-02
9851.2080 1.6347e-02
9854.1641 1.5348e-02
9857.1201 1.3592e-02
9860.0771 1.4389e-02
9863.0361 1.3566e-02
9865.9941 1.4450e-02
9868.9541 1.5734e-02
9871.9150 1.2056e-02
9874.8760 6.8736e-03
9877.8389 1.4082e-02
9880.8018 9.6658e-03
9883.7666 1.3618e-02
9886.7324 1.1804e-02
9889.6982 6.9320e-03
9892.6641 1.1615e-02
9895.6338 1.2154e-02
9898.6016 1.1416e-02
9901.5713 9.5386e-03
9904.5420 9.9469e-03
9907.5127 1.4065e-02
9910.4854 1.3743e-02
9913.4590 1.2888e-02
9916.4326 1.2942e-02
9919.4072 9.0168e-03
9922.3828 9.1215e-03
9925.3584 8.9763e-03
9928.3379 1.1971e-02
9931.3164 8.5540e-03
9934.2949 1.1921e-02
9937.2754 9.8926e-03
9940.2568 1.2943e-02
9943.2383 1.1428e-02
9946.2207 1.1838e-02
9949.2061 1.1692e-02
9952.1904 1.4431e-02
9955.1758 1.0511e-02
9958.1631 1.2709e-02
9961.1494 1.3617e-02
9964.1387 1.0640e-02
9967.1279 7.1793e-03
9970.1182 1.1774e-02
9973.1084 8.7325e-03
9976.1006 8.2187e-03
9979.0928 1.1586e-02
9982.0859 1.0482e-02
9985.0820 1.0576e-02
9988.0771 1.4478e-02
9991.0732 1.3677e-02
9994.0713 1.3643e-02
9997.0693 1.0544e-02
10000.0684 9.2528e-03
10003.0674 1.4225e-02
10006.0684 7.6289e-03
10009.0713 9.4422e-03
10012.0742 1.1297e-02
10015.0771 1.4070e-02
10018.0820 1.2699e-02
10021.0879 1.0354e-02
10024.0938 1.1945e-02
10027.1006 8.2973e-03
10030.1084 8.3768e-03
10033.1172 5.1697e-03
10036.1270 7.4344e-03
10039.1387 7.2252e-03
10042.1504 8.5146e-03
10045.1631 1.0389e-02
10048.1768 7.4583e-03
10051.1924 1.0115e-02
10054.2061 9.8483e-03
10057.2227 7.6796e-03
10060.2402 7.4641e-03
10063.2578 1.3399e-02
10066.2773 9.2946e-03
10069.2969 7.7805e-03
10072.3174 1.5250e-02
10075.3379 9.1821e-03
10078.3623 1.0670e-02
10081.3848 8.5805e-03
10084.4102 1.4661e-02
10087.4346 1.1701e-02
10090.4619 1.1869e-02
10093.4883 6.8093e-03
10096.5166 1.1950e-02
10099.5459 1.0124e-02
10102.5742 8.6226e-03
10105.6055 5.9791e-03
10108.6367 1.0650e-02
10111.6709 1.4531e-02
10114.7041 8.3452e-03
10117.7383 9.8516e-03
10120.7734 1.2176e-02
10123.8105 8.8034e-03
10126.8477 1.2608e-02
10129.8857 8.6660e-03
10132.9248 5.9058e-03
10135.9648 9.6840e-03
10139.0049 8.5215e-03
10142.0479 9.1357e-03
10145.0879 4.1114e-03
10148.1318 4.9553e-03
10151.1768 7.1656e-03
10154.2227 6.1836e-03
10157.2686 7.3622e-03
10160.3154 8.4712e-03
10163.3643 9.3243e-03
10166.4121 1.1860e-02
10169.4629 7.7966e-03
10172.5137 1.6303e-02
10175.5654 8.5117e-03
10178.6191 1.0402e-02
10181.6719 1.1363e-02
10184.7256 6.0449e-03
10187.7822 9.5690e-03
10190.8379 8.9903e-03
10193.8945 3.7309e-03
10196.9541 1.2026e-02
10200.0127 1.0120e-02
10203.0723 9.5780e-03
10206.1328 9.3898e-03
10209.1953 7.0818e-03
10212.2578 1.2557e-02
10215.3223 7.3119e-03
10218.3867 9.0709e-03
10221.4521 9.9501e-03
10224.5186 8.0811e-03
10227.5850 6.6235e-03
10230.6543 1.3106e-02
10233.7246 5.3705e-03
10236.7930 1.2460e-02
10239.8643 7.8953e-03
10242.9355 9.9486e-03
10246.0098 8.6293e-03
10249.0830 8.9897e-03
10252.1572 1.2576e-02
10255.2334 9.2068e-03
10258.3096 1.0746e-02
10261.3877 9.4437e-03
10264.4648 1.0999e-02
10267.5449 1.0655e-02
10270.6250 1.2571e-02
