# time_explosion = 3.75
# 
3082.8928 3.3828e-02
3083.8179 4.6731e-02
3084.7432 4.7833e-02
3085.6685 2.6337e-02
3086.5940 2.4415e-02
3087.5200 3.3299e-02
3088.4463 3.3315e-02
3089.3728 2.8721e-02
3090.2996 2.8248e-02
3091.2268 2.3084e-02
3092.1541 2.4050e-02
3093.0815 3.3971e-02
3094.0098 2.3034e-02
3094.9380 3.1984e-02
3095.8665 2.3080e-02
3096.7952 3.5340e-02
3097.7241 2.2811e-02
3098.6536 2.1122e-02
3099.5828 2.2758e-02
3100.5129 2.2651e-02
3101.4431 3.3541e-02
3102.3735 4.7285e-02
3103.3042 2.1410e-02
3104.2354 2.4335e-02
3105.1665 5.0589e-02
3106.0981 2.4226e-02
3107.0300 2.5454e-02
3107.9619 2.2158e-02
3108.8943 3.8598e-02
3109.8269 8.2209e-03
3110.7600 2.0160e-02
3111.6929 3.2414e-02
3112.6265 2.7647e-02
3113.5605 3.2769e-02
3114.4944 3.5979e-02
3115.4290 2.7765e-02
3116.3635 3.1187e-02
3117.2986 1.9620e-02
3118.2336 5.3639e-02
3119.1689 1.4336e-02
3120.1047 2.7026e-02
3121.0410 1.7027e-02
3121.9773 2.7604e-02
3122.9136 2.0202e-02
3123.8508 1.3408e-02
3124.7878 1.5302e-02
3125.7251 2.0465e-02
3126.6628 1.8490e-02
3127.6008 3.5866e-02
3128.5393 1.8132e-02
3129.4778 3.1628e-02
3130.4170 3.3985e-03
3131.3557 2.2684e-02
3132.2954 4.1343e-02
3133.2349 2.5970e-02
3134.1748 2.7318e-02
3135.1150 3.8922e-02
3136.0559 3.3889e-02
3136.9968 4.6607e-02
3137.9377 1.8983e-02
3138.8789 1.4496e-02
3139.8206 1.3069e-02
3140.7625 3.1417e-02
3141.7046 2.1403e-02
3142.6472 1.3517e-02
3143.5901 2.6405e-02
3144.5334 2.4523e-02
3145.4766 1.9231e-02
3146.4202 2.4618e-02
3147.3643 1.9786e-02
3148.3086 5.4685e-03
3149.2529 3.5572e-02
3150.1975 1.4788e-02
3151.1426 3.2554e-02
3152.0881 1.9059e-02
3153.0337 2.8396e-02
3153.9795 1.3860e-02
3154.9255 1.7479e-02
3155.8723 2.1130e-02
3156.8188 1.8486e-02
3157.7661 3.4921e-02
3158.7134 3.0411e-02
3159.6609 4.3021e-02
3160.6086 2.4037e-02
3161.5571 2.6666e-02
3162.5054 2.2338e-02
3163.4541 2.6807e-02
3164.4031 2.1382e-02
3165.3528 2.1486e-02
3166.3022 1.4682e-02
3167.2522 5.1607e-02
3168.2024 2.6018e-02
3169.1526 3.1061e-02
3170.1035 1.5736e-02
3171.0544 1.5816e-02
3172.0061 3.1833e-02
3172.9573 2.2036e-02
3173.9092 3.0800e-02
3174.8613 2.6526e-02
3175.8140 3.3056e-02
3176.7668 2.7569e-02
3177.7197 2.3852e-02
3178.6729 1.3474e-02
3179.6267 3.6444e-02
3180.5808 9.5931e-03
3181.5347 3.4126e-02
3182.4893 2.9469e-02
3183.4438 1.9777e-02
3184.3987 3.8392e-02
3185.3542 4.5815e-02
3186.3101 2.2542e-02
3187.2659 3.7096e-02
3188.2217 2.6330e-02
3189.1785 2.4176e-02
3190.1350 1.2712e-02
3191.0920 2.2403e-02
3192.0493 2.4882e-02
3193.0071 2.4761e-02
3193.9651 4.5127e-02
3194.9233 1.3727e-02
3195.8818 1.8739e-02
3196.8408 2.5357e-02
3197.7996 2.2988e-02
3198.7590 2.7919e-02
3199.7185 3.5391e-02
3200.6782 1.3401e-02
3201.6387 5.6984e-02
3202.5991 3.4130e-02
3203.5598 3.6844e-02
3204.5208 2.3162e-02
3205.4824 5.0253e-02
3206.4441 3.1970e-02
3207.4058 3.3628e-02
3208.3682 3.3105e-02
3209.3306 2.9322e-02
3210.2935 2.0606e-02
3211.2563 4.3430e-02
3212.2200 2.4194e-02
3213.1833 1.6993e-02
3214.1472 2.6144e-02
3215.1118 3.4429e-02
3216.0764 3.0058e-02
3217.0413 1.5407e-02
3218.0061 1.3541e-02
3218.9714 2.8021e-02
3219.9373 4.1271e-02
3220.9031 2.3303e-02
3221.8699 3.6109e-02
3222.8362 1.4786e-02
3223.8030 4.0764e-02
3224.7700 2.5341e-02
3225.7375 1.3492e-02
3226.7053 1.6473e-02
3227.6731 1.2577e-02
3228.6416 3.3832e-02
3229.6101 2.7363e-02
3230.5791 1.9766e-02
3231.5483 3.2982e-02
3232.5178 3.9574e-02
3233.4875 2.9677e-02
3234.4575 2.5521e-02
3235.4280 7.1718e-03
3236.3984 1.9851e-02
3237.3691 1.9606e-02
3238.3403 2.6726e-02
3239.3120 8.9217e-03
3240.2839 2.0296e-02
3241.2559 1.9261e-02
3242.2285 9.0177e-03
3243.2012 2.1383e-02
3244.1743 3.1141e-02
3245.1472 1.4415e-02
3246.1208 2.5969e-02
3247.0947 1.6208e-02
3248.0688 1.3319e-02
3249.0432 2.1487e-02
3250.0178 2.2728e-02
3250.9929 3.1586e-02
3251.9680 1.6942e-02
3252.9438 7.6589e-03
3253.9194 2.3918e-02
3254.8958 2.7507e-02
3255.8723 1.1879e-02
3256.8489 2.7158e-02
3257.8262 3.3538e-02
3258.8035 1.8033e-02
3259.7810 3.3089e-02
3260.7593 2.1130e-02
3261.7373 2.5305e-02
3262.7158 1.4714e-02
3263.6946 1.9343e-02
3264.6736 2.6883e-02
3265.6531 3.5370e-02
3266.6331 2.7369e-02
3267.6130 1.5394e-02
3268.5930 1.3585e-02
3269.5735 2.9797e-02
3270.5544 2.0625e-02
3271.5356 3.1223e-02
3272.5171 2.2587e-02
3273.4990 1.9395e-02
3274.4812 3.0843e-02
3275.4634 2.2381e-02
3276.4458 1.6666e-02
3277.4287 2.1430e-02
3278.4124 3.9724e-02
3279.3958 3.1115e-02
3280.3794 2.4752e-02
3281.3635 2.2390e-02
3282.3479 2.3030e-02
3283.3325 3.1544e-02
3284.3179 2.3370e-02
3285.3030 1.4226e-02
3286.2888 4.1011e-02
3287.2744 2.6660e-02
3288.2605 2.1144e-02
3289.2471 1.9687e-02
3290.2339 3.4185e-02
3291.2212 4.1030e-02
3292.2083 2.9859e-02
3293.1958 4.3504e-02
3294.1838 4.4717e-02
3295.1724 2.3579e-02
3296.1609 3.6045e-02
3297.1497 4.1742e-02
3298.1387 2.2218e-02
3299.1282 2.0425e-02
3300.1177 3.0602e-02
3301.1079 3.4172e-02
3302.0984 3.0232e-02
3303.0889 4.1606e-02
3304.0798 3.9013e-02
3305.0713 2.9523e-02
3306.0627 4.7111e-02
3307.0544 4.7393e-02
3308.0466 5.1331e-02
3309.0391 3.6576e-02
3310.0317 4.1241e-02
3311.0247 2.8710e-02
3312.0178 4.4258e-02
3313.0117 4.7067e-02
3314.0054 2.4672e-02
3315.0000 2.7438e-02
3315.9941 5.2517e-02
3316.9890 4.5316e-02
3317.9839 3.7424e-02
3318.9795 4.0669e-02
3319.9751 4.3858e-02
3320.9712 3.7041e-02
3321.9678 2.8246e-02
3322.9639 3.8393e-02
3323.9607 4.4806e-02
3324.9580 6.0389e-02
3325.9558 3.6833e-02
3326.9536 5.4357e-02
3327.9514 3.1691e-02
3328.9497 4.2183e-02
3329.9482 4.8840e-02
3330.9475 4.5919e-02
3331.9468 4.2141e-02
3332.9463 6.0362e-02
3333.9463 3.0984e-02
3334.9463 6.1277e-02
3335.9473 4.6995e-02
3336.9478 4.4419e-02
3337.9487 4.5995e-02
3338.9502 3.9851e-02
3339.9517 4.7755e-02
3340.9536 4.6351e-02
3341.9561 3.0089e-02
3342.9587 4.7603e-02
3343.9614 3.3930e-02
3344.9651 3.7557e-02
3345.9685 6.8762e-02
3346.9722 4.5841e-02
3347.9763 4.9392e-02
3348.9805 4.3434e-02
3349.9854 4.7906e-02
3350.9902 3.8910e-02
3351.9956 5.0451e-02
3353.0010 4.9290e-02
3354.0073 2.2886e-02
3355.0129 5.6746e-02
3356.0198 5.6611e-02
3357.0264 5.2079e-02
3358.0334 4.5059e-02
3359.0410 3.4581e-02
3360.0488 6.9267e-02
3361.0569 8.9124e-02
3362.0654 5.0167e-02
3363.0740 5.1977e-02
3364.0828 4.3861e-02
3365.0918 6.0003e-02
3366.1013 6.0207e-02
3367.1113 2.7732e-02
3368.1213 6.1483e-02
3369.1318 5.9551e-02
3370.1426 3.4961e-02
3371.1536 3.3702e-02
3372.1650 4.7340e-02
3373.1768 6.0003e-02
3374.1885 6.1733e-02
3375.2004 6.2913e-02
3376.2134 6.0278e-02
3377.2261 5.4128e-02
3378.2395 6.2865e-02
3379.2529 7.6388e-02
3380.2664 4.9594e-02
3381.2805 4.4528e-02
3382.2952 6.3999e-02
3383.3098 4.2109e-02
3384.3250 3.8016e-02
3385.3401 3.7775e-02
3386.3557 5.6686e-02
3387.3716 6.4065e-02
3388.3879 5.7012e-02
3389.4045 4.4684e-02
3390.4211 5.2110e-02
3391.4385 8.1555e-02
3392.4558 7.4841e-02
3393.4736 4.1988e-02
3394.4915 4.2732e-02
3395.5100 4.7053e-02
3396.5286 4.9612e-02
3397.5474 5.3852e-02
3398.5667 6.3387e-02
3399.5862 6.2224e-02
3400.6062 6.3508e-02
3401.6262 5.3498e-02
3402.6467 4.2866e-02
3403.6677 5.4130e-02
3404.6887 4.2287e-02
3405.7100 3.0711e-02
3406.7319 3.2486e-02
3407.7539 3.8036e-02
3408.7764 6.6487e-02
3409.7988 4.0382e-02
3410.8218 6.1242e-02
3411.8450 4.0367e-02
3412.8687 4.8768e-02
3413.8923 5.8071e-02
3414.9167 8.1087e-02
3415.9412 4.0274e-02
3416.9658 6.1012e-02
3417.9907 5.3672e-02
3419.0164 3.5733e-02
3420.0420 5.8268e-02
3421.0681 6.5057e-02
3422.0945 4.9222e-02
3423.1208 5.4942e-02
3424.1479 4.4357e-02
3425.1753 4.2718e-02
3426.2029 4.2840e-02
3427.2307 3.4256e-02
3428.2588 5.3023e-02
3429.2871 5.9360e-02
3430.3159 6.2260e-02
3431.3452 4.1335e-02
3432.3748 7.8626e-02
3433.4041 6.0958e-02
3434.4346 7.4052e-02
3435.4646 6.5609e-02
3436.4954 8.6650e-02
3437.5261 5.6948e-02
3438.5579 5.5141e-02
3439.5894 5.4880e-02
3440.6208 8.2521e-02
3441.6531 5.8894e-02
3442.6855 6.5967e-02
3443.7183 4.6484e-02
3444.7515 4.2102e-02
3445.7852 8.6313e-02
3446.8186 4.5713e-02
3447.8525 4.5477e-02
3448.8872 6.0735e-02
3449.9216 8.9036e-02
3450.9568 5.8784e-02
3451.9919 8.0937e-02
3453.0276 7.4217e-02
3454.0637 1.1544e-01
3455.0999 6.2027e-02
3456.1362 7.4556e-02
3457.1731 6.7660e-02
3458.2102 8.9870e-02
3459.2476 4.5916e-02
3460.2856 6.5126e-02
3461.3235 6.4268e-02
3462.3621 6.6019e-02
3463.4004 3.0646e-02
3464.4399 1.0610e-01
3465.4790 7.9924e-02
3466.5188 7.5074e-02
3467.5586 7.0584e-02
3468.5989 7.9565e-02
3469.6394 8.1839e-02
3470.6804 8.6357e-02
3471.7217 6.3455e-02
3472.7629 7.7607e-02
3473.8049 7.9245e-02
3474.8469 6.5277e-02
3475.8894 6.7528e-02
3476.9321 3.6381e-02
3477.9751 6.9658e-02
3479.0188 4.5518e-02
3480.0625 6.2958e-02
3481.1064 8.0497e-02
3482.1509 7.1885e-02
3483.1956 4.1465e-02
3484.2407 6.1854e-02
3485.2856 8.4815e-02
3486.3313 8.2730e-02
3487.3772 5.6470e-02
3488.4233 5.2880e-02
3489.4697 4.7776e-02
3490.5168 6.1280e-02
3491.5640 5.1814e-02
3492.6116 6.2479e-02
3493.6592 5.3317e-02
3494.7073 6.4978e-02
3495.7556 6.0033e-02
3496.8044 5.2221e-02
3497.8535 5.3048e-02
3498.9026 5.9984e-02
3499.9526 5.8011e-02
3501.0024 4.9073e-02
3502.0527 8.5854e-02
3503.1033 6.2893e-02
3504.1543 6.3044e-02
3505.2058 6.1880e-02
3506.2571 9.0520e-02
3507.3088 3.9116e-02
3508.3613 5.3376e-02
3509.4136 6.7997e-02
3510.4663 8.1363e-02
3511.5193 3.6962e-02
3512.5730 7.1517e-02
3513.6270 3.1062e-02
3514.6809 6.2518e-02
3515.7351 4.9844e-02
3516.7898 4.3214e-02
3517.8452 6.8842e-02
3518.9004 5.6816e-02
3519.9561 6.2712e-02
3521.0122 4.2995e-02
3522.0686 8.4242e-02
3523.1250 6.1510e-02
3524.1821 6.2818e-02
3525.2390 5.8815e-02
3526.2969 3.7202e-02
3527.3547 7.9318e-02
3528.4126 4.6472e-02
3529.4714 4.8919e-02
3530.5303 3.9318e-02
3531.5894 6.1723e-02
3532.6487 6.6722e-02
3533.7090 5.6405e-02
3534.7688 6.4199e-02
3535.8293 5.9864e-02
3536.8901 6.8346e-02
3537.9512 4.6970e-02
3539.0122 4.2378e-02
3540.0740 7.0801e-02
3541.1360 1.6094e-02
3542.1987 4.8612e-02
3543.2612 2.6216e-02
3544.3245 6.0513e-02
3545.3875 3.8745e-02
3546.4509 4.9348e-02
3547.5154 6.9053e-02
3548.5793 5.3750e-02
3549.6438 6.8945e-02
3550.7087 4.7474e-02
3551.7739 3.6942e-02
3552.8396 6.6299e-02
3553.9053 6.0807e-02
3554.9714 5.1082e-02
3556.0378 5.8936e-02
3557.1050 5.1225e-02
3558.1716 5.1470e-02
3559.2395 5.0141e-02
3560.3071 5.1849e-02
3561.3752 5.3579e-02
3562.4436 3.5771e-02
3563.5125 7.3678e-02
3564.5813 6.1173e-02
3565.6506 6.3979e-02
3566.7205 5.2466e-02
3567.7905 3.9372e-02
3568.8611 3.7751e-02
3569.9316 6.8414e-02
3571.0027 6.5147e-02
3572.0737 3.5888e-02
3573.1455 5.9165e-02
3574.2175 4.5411e-02
3575.2896 5.4015e-02
3576.3625 4.2715e-02
3577.4351 4.2887e-02
3578.5083 3.6534e-02
3579.5820 3.5200e-02
3580.6560 5.7143e-02
3581.7300 4.4844e-02
3582.8047 5.0486e-02
3583.8792 3.1672e-02
3584.9546 4.9421e-02
3586.0298 3.0562e-02
3587.1060 5.4441e-02
3588.1821 6.0310e-02
3589.2583 6.1761e-02
3590.3352 3.8711e-02
3591.4124 4.6018e-02
3592.4897 4.4273e-02
3593.5671 3.3271e-02
3594.6455 3.6018e-02
3595.7241 4.9771e-02
3596.8025 4.8462e-02
3597.8818 3.6501e-02
3598.9609 3.4879e-02
3600.0405 3.4734e-02
3601.1204 3.7184e-02
3602.2009 2.1019e-02
3603.2817 2.8468e-02
3604.3625 4.7890e-02
3605.4441 4.3318e-02
3606.5256 6.4939e-02
3607.6074 3.8999e-02
3608.6899 2.6688e-02
3609.7725 3.4744e-02
3610.8552 4.7099e-02
3611.9385 2.4248e-02
3613.0222 4.0997e-02
3614.1062 5.1623e-02
3615.1904 5.1769e-02
3616.2749 4.7470e-02
3617.3599 3.0275e-02
3618.4451 5.5437e-02
3619.5303 6.1797e-02
3620.6165 5.5134e-02
3621.7024 4.7125e-02
3622.7891 5.1203e-02
3623.8760 3.6124e-02
3624.9631 4.1469e-02
3626.0508 3.2952e-02
3627.1382 4.0640e-02
3628.2266 3.7229e-02
3629.3152 5.0235e-02
3630.4038 3.5091e-02
3631.4927 1.6631e-02
3632.5825 4.1994e-02
3633.6721 4.0181e-02
3634.7622 3.5298e-02
3635.8528 4.7177e-02
3636.9434 4.5087e-02
3638.0347 4.1747e-02
3639.1257 3.6206e-02
3640.2178 5.8809e-02
3641.3098 5.2233e-02
3642.4021 5.1348e-02
3643.4946 3.8811e-02
3644.5881 1.9752e-02
3645.6814 6.0826e-02
3646.7751 4.0616e-02
3647.8691 3.6973e-02
3648.9634 6.1068e-02
3650.0581 4.0395e-02
3651.1533 5.5445e-02
3652.2480 2.2122e-02
3653.3442 5.1119e-02
3654.4402 4.3358e-02
3655.5364 3.9639e-02
3656.6333 4.4275e-02
3657.7300 2.6656e-02
3658.8274 5.0345e-02
3659.9250 5.0971e-02
3661.0232 2.3832e-02
3662.1213 4.8264e-02
3663.2202 6.9014e-02
3664.3188 4.0462e-02
3665.4182 5.0016e-02
3666.5181 4.5744e-02
3667.6179 3.8220e-02
3668.7183 2.8974e-02
3669.8186 3.1843e-02
3670.9197 3.1093e-02
3672.0210 5.5949e-02
3673.1226 4.5799e-02
3674.2241 3.1256e-02
3675.3269 5.8964e-02
3676.4294 7.5818e-02
3677.5325 4.6955e-02
3678.6355 5.0701e-02
3679.7390 3.4569e-02
3680.8430 3.7562e-02
3681.9473 4.2162e-02
3683.0518 6.4548e-02
3684.1570 3.8942e-02
3685.2620 3.4716e-02
3686.3677 5.0333e-02
3687.4739 3.4289e-02
3688.5796 3.8893e-02
3689.6865 6.1511e-02
3690.7932 4.6837e-02
3691.9006 3.6184e-02
3693.0081 5.5782e-02
3694.1160 4.5699e-02
3695.2241 3.5207e-02
3696.3328 3.5781e-02
3697.4417 4.9973e-02
3698.5508 5.6298e-02
3699.6606 2.8425e-02
3700.7703 6.7169e-02
3701.8806 3.6973e-02
3702.9910 5.9720e-02
3704.1023 5.8290e-02
3705.2136 7.7445e-02
3706.3247 6.7949e-02
3707.4370 3.9748e-02
3708.5491 7.1389e-02
3709.6616 4.2938e-02
3710.7744 7.3971e-02
3711.8877 3.0732e-02
3713.0012 5.3997e-02
3714.1152 6.5297e-02
3715.2292 5.8843e-02
3716.3440 6.3301e-02
3717.4590 3.6024e-02
3718.5742 3.6745e-02
3719.6897 4.8033e-02
3720.8057 6.4336e-02
3721.9219 5.9660e-02
3723.0383 6.9383e-02
3724.1553 5.4535e-02
3725.2725 3.7543e-02
3726.3904 4.5750e-02
3727.5081 7.9907e-02
3728.6265 5.4580e-02
3729.7451 4.8257e-02
3730.8640 5.2092e-02
3731.9832 7.0337e-02
3733.1028 4.5484e-02
3734.2227 5.7865e-02
3735.3428 5.0596e-02
3736.4636 5.4374e-02
3737.5842 5.1854e-02
3738.7056 3.9102e-02
3739.8276 4.8147e-02
3740.9490 5.1975e-02
3742.0718 6.0397e-02
3743.1943 4.0076e-02
3744.3171 4.5737e-02
3745.4404 4.2724e-02
3746.5640 5.6669e-02
3747.6880 5.2176e-02
3748.8125 8.3272e-02
3749.9368 5.2447e-02
3751.0620 5.7870e-02
3752.1873 6.1152e-02
3753.3130 5.1393e-02
3754.4387 5.8566e-02
3755.5652 6.2058e-02
3756.6919 3.8680e-02
3757.8188 7.9870e-02
3758.9463 3.4637e-02
3760.0737 3.6928e-02
3761.2019 4.5317e-02
3762.3306 6.7469e-02
3763.4590 5.2046e-02
3764.5881 5.9736e-02
3765.7175 5.4006e-02
3766.8472 4.7611e-02
3767.9771 5.5972e-02
3769.1079 3.6989e-02
3770.2383 4.6286e-02
3771.3694 2.9407e-02
3772.5007 5.3810e-02
3773.6328 4.0668e-02
3774.7646 4.9279e-02
3775.8972 5.8038e-02
3777.0298 2.3293e-02
3778.1628 5.3056e-02
3779.2964 4.2802e-02
3780.4302 3.8024e-02
3781.5642 4.3409e-02
3782.6987 5.7621e-02
3783.8335 3.6064e-02
3784.9690 5.5690e-02
3786.1042 4.8677e-02
3787.2400 4.0175e-02
3788.3762 3.7093e-02
3789.5125 5.1519e-02
3790.6497 2.2545e-02
3791.7869 2.0176e-02
3792.9246 4.7164e-02
3794.0625 3.7747e-02
3795.2007 4.0138e-02
3796.3391 5.6536e-02
3797.4778 2.5693e-02
3798.6169 2.7918e-02
3799.7568 3.4292e-02
3800.8967 4.0522e-02
3802.0371 2.7608e-02
3803.1775 4.1048e-02
3804.3181 1.6667e-02
3805.4597 4.1222e-02
3806.6013 3.3961e-02
3807.7434 4.8048e-02
3808.8857 3.3690e-02
3810.0286 1.3779e-02
3811.1714 3.9841e-02
3812.3149 3.5411e-02
3813.4583 5.3833e-02
3814.6025 4.5567e-02
3815.7468 3.0652e-02
3816.8916 3.7845e-02
3818.0369 3.1788e-02
3819.1824 3.6768e-02
3820.3281 2.7605e-02
3821.4741 3.0570e-02
3822.6201 3.6891e-02
3823.7671 6.0934e-02
3824.9143 3.0653e-02
3826.0615 2.3228e-02
3827.2097 4.9713e-02
3828.3577 3.8943e-02
3829.5063 4.2798e-02
3830.6553 4.0769e-02
3831.8044 3.1007e-02
3832.9539 5.2268e-02
3834.1035 2.5146e-02
3835.2539 2.5220e-02
3836.4045 2.4632e-02
3837.5554 4.5382e-02
3838.7068 9.8176e-03
3839.8582 4.9876e-02
3841.0103 3.1080e-02
3842.1628 3.2596e-02
3843.3152 2.4870e-02
3844.4683 4.1256e-02
3845.6216 2.7078e-02
3846.7754 3.8475e-02
3847.9294 3.2427e-02
3849.0835 2.3632e-02
3850.2383 2.4763e-02
3851.3933 3.5693e-02
3852.5488 2.7232e-02
3853.7051 5.5282e-02
3854.8606 5.6038e-02
3856.0173 3.3320e-02
3857.1741 4.7238e-02
3858.3313 4.8470e-02
3859.4883 3.9518e-02
3860.6465 4.8249e-02
3861.8047 3.2998e-02
3862.9631 4.9639e-02
3864.1221 4.5399e-02
3865.2815 3.7348e-02
3866.4412 4.3792e-02
3867.6011 5.8385e-02
3868.7610 5.0340e-02
3869.9216 2.7487e-02
3871.0828 6.6816e-02
3872.2441 5.3026e-02
3873.4058 5.7331e-02
3874.5676 6.3098e-02
3875.7302 5.2623e-02
3876.8931 5.9169e-02
3878.0559 8.0391e-02
3879.2192 4.3110e-02
3880.3831 5.3340e-02
3881.5474 6.2139e-02
3882.7119 3.7601e-02
3883.8767 5.7690e-02
3885.0420 5.5154e-02
3886.2073 6.0515e-02
3887.3728 6.2279e-02
3888.5391 6.0014e-02
3889.7061 7.9283e-02
3890.8730 6.6316e-02
3892.0400 6.4286e-02
3893.2078 4.2651e-02
3894.3755 7.1723e-02
3895.5439 4.4778e-02
3896.7126 5.1230e-02
3897.8813 8.7898e-02
3899.0508 5.5178e-02
3900.2209 9.1071e-02
3901.3909 6.4500e-02
3902.5613 7.0389e-02
3903.7322 6.4908e-02
3904.9031 3.6606e-02
3906.0747 6.0930e-02
3907.2463 5.2280e-02
3908.4187 5.3084e-02
3909.5911 5.6075e-02
3910.7642 4.7703e-02
3911.9373 5.9435e-02
3913.1111 6.1825e-02
3914.2849 5.7115e-02
3915.4592 6.6300e-02
3916.6335 4.2043e-02
3917.8086 6.6839e-02
3918.9839 4.6169e-02
3920.1597 4.9029e-02
3921.3359 8.7942e-02
3922.5120 4.9975e-02
3923.6887 5.8027e-02
3924.8660 4.7207e-02
3926.0432 7.5887e-02
3927.2212 7.3184e-02
3928.3994 7.5983e-02
3929.5779 5.5598e-02
3930.7568 4.4720e-02
3931.9360 6.2503e-02
3933.1157 6.1718e-02
3934.2954 5.4405e-02
3935.4758 7.5344e-02
3936.6562 7.2244e-02
3937.8374 8.0225e-02
3939.0186 5.5126e-02
3940.2004 6.0238e-02
3941.3826 4.4836e-02
3942.5649 6.9778e-02
3943.7478 6.0367e-02
3944.9307 6.0837e-02
3946.1147 3.8114e-02
3947.2983 7.8404e-02
3948.4824 8.6094e-02
3949.6670 7.1608e-02
3950.8521 6.9201e-02
3952.0369 8.2133e-02
3953.2227 8.1926e-02
3954.4089 5.2185e-02
3955.5950 7.4699e-02
3956.7812 7.2418e-02
3957.9688 6.6822e-02
3959.1560 6.4421e-02
3960.3438 4.4952e-02
3961.5320 6.8561e-02
3962.7202 8.8757e-02
3963.9094 7.9856e-02
3965.0984 6.3144e-02
3966.2881 8.0871e-02
3967.4778 8.3472e-02
3968.6680 6.9759e-02
3969.8584 6.2082e-02
3971.0498 7.0853e-02
3972.2412 6.9634e-02
3973.4326 7.7089e-02
3974.6248 5.8270e-02
3975.8171 8.1765e-02
3977.0095 1.2388e-01
3978.2029 8.8732e-02
3979.3962 5.9707e-02
3980.5901 4.2244e-02
3981.7844 7.0025e-02
3982.9790 8.8942e-02
3984.1736 5.5510e-02
3985.3691 1.3090e-01
3986.5647 1.0869e-01
3987.7605 6.7980e-02
3988.9568 6.5309e-02
3990.1538 7.1745e-02
3991.3506 8.7167e-02
3992.5481 7.4858e-02
3993.7456 9.1040e-02
3994.9441 9.0375e-02
3996.1423 7.3742e-02
3997.3413 4.8187e-02
3998.5408 7.7136e-02
3999.7397 7.2494e-02
4000.9402 1.0921e-01
4002.1401 8.4323e-02
4003.3408 6.8018e-02
4004.5415 8.9114e-02
4005.7434 7.8792e-02
4006.9448 6.2511e-02
4008.1470 7.6748e-02
4009.3496 6.9724e-02
4010.5522 6.6513e-02
4011.7556 8.9951e-02
4012.9587 9.4216e-02
4014.1628 8.1518e-02
4015.3672 7.9045e-02
4016.5715 6.6107e-02
4017.7769 8.5743e-02
4018.9817 8.9112e-02
4020.1875 8.7596e-02
4021.3936 9.2160e-02
4022.6003 1.2024e-01
4023.8071 9.3469e-02
4025.0142 9.2214e-02
4026.2214 9.9179e-02
4027.4294 9.8870e-02
4028.6377 8.0420e-02
4029.8462 6.4723e-02
4031.0554 7.4552e-02
4032.2646 1.0153e-01
4033.4744 8.7685e-02
4034.6843 5.7673e-02
4035.8945 6.2221e-02
4037.1052 7.3291e-02
4038.3167 5.7343e-02
4039.5281 7.5653e-02
4040.7397 8.6643e-02
4041.9524 8.1028e-02
4043.1648 7.5007e-02
4044.3777 9.8591e-02
4045.5913 9.5467e-02
4046.8047 7.0829e-02
4048.0186 7.1715e-02
4049.2332 6.9052e-02
4050.4480 5.7464e-02
4051.6628 6.8565e-02
4052.8784 8.9156e-02
4054.0942 7.8586e-02
4055.3108 4.0850e-02
4056.5273 6.6024e-02
4057.7444 8.5489e-02
4058.9614 7.5431e-02
4060.1792 6.9762e-02
4061.3970 5.4280e-02
4062.6155 5.9279e-02
4063.8345 9.2609e-02
4065.0535 9.0168e-02
4066.2732 5.8312e-02
4067.4929 6.5016e-02
4068.7131 8.1763e-02
4069.9338 6.1245e-02
4071.1548 7.5969e-02
4072.3762 6.8142e-02
4073.5981 8.5843e-02
4074.8201 5.3608e-02
4076.0427 5.8723e-02
4077.2654 6.8495e-02
4078.4885 7.8711e-02
4079.7119 7.1961e-02
4080.9358 6.1928e-02
4082.1602 5.8949e-02
4083.3845 7.4394e-02
4084.6099 5.0188e-02
4085.8354 7.5549e-02
4087.0608 8.1537e-02
4088.2869 7.3302e-02
4089.5137 5.6524e-02
4090.7407 8.1006e-02
4091.9678 1.1394e-01
4093.1953 9.8255e-02
4094.4233 5.6541e-02
4095.6519 6.3123e-02
4096.8799 9.0959e-02
4098.1094 8.5040e-02
4099.3384 6.4801e-02
4100.5684 6.0568e-02
4101.7988 4.7472e-02
4103.0293 8.7143e-02
4104.2598 7.3101e-02
4105.4912 5.4094e-02
4106.7231 7.1821e-02
4107.9546 6.0238e-02
4109.1875 7.0873e-02
4110.4204 5.5806e-02
4111.6533 5.6757e-02
4112.8867 6.5259e-02
4114.1211 7.4261e-02
4115.3545 6.0530e-02
4116.5898 5.8853e-02
4117.8247 7.0384e-02
4119.0596 7.8537e-02
4120.2954 5.7620e-02
4121.5317 7.4781e-02
4122.7681 5.2302e-02
4124.0049 6.1426e-02
4125.2422 1.0181e-01
4126.4800 6.8595e-02
4127.7178 6.9963e-02
4128.9561 7.1512e-02
4130.1948 7.5986e-02
4131.4336 9.0723e-02
4132.6733 7.0918e-02
4133.9126 6.2934e-02
4135.1533 7.3728e-02
4136.3936 9.2920e-02
4137.6348 6.7265e-02
4138.8760 7.9663e-02
4140.1172 6.3785e-02
4141.3599 5.7255e-02
4142.6021 8.1724e-02
4143.8447 6.9260e-02
4145.0879 8.0741e-02
4146.3315 8.9126e-02
4147.5752 8.4941e-02
4148.8198 4.8179e-02
4150.0640 8.2112e-02
4151.3091 4.9693e-02
4152.5547 4.6000e-02
4153.8003 6.2493e-02
4155.0464 7.5534e-02
4156.2930 8.1502e-02
4157.5400 6.5502e-02
4158.7871 6.3031e-02
4160.0352 5.4015e-02
4161.2827 6.8865e-02
4162.5312 4.9361e-02
4163.7803 6.8575e-02
4165.0293 7.0213e-02
4166.2783 6.4851e-02
4167.5288 7.0469e-02
4168.7788 6.1283e-02
4170.0298 5.2497e-02
4171.2803 2.8942e-02
4172.5317 6.7678e-02
4173.7837 5.2338e-02
4175.0356 6.0639e-02
4176.2886 3.5891e-02
4177.5410 2.3108e-02
4178.7944 5.5347e-02
4180.0479 7.6031e-02
4181.3022 7.0528e-02
4182.5566 7.0766e-02
4183.8115 6.1738e-02
4185.0664 5.4212e-02
4186.3223 5.6912e-02
4187.5776 5.4246e-02
4188.8340 4.8528e-02
4190.0903 5.2525e-02
4191.3477 5.2396e-02
4192.6050 6.7568e-02
4193.8628 4.2388e-02
4195.1206 5.2955e-02
4196.3794 4.5746e-02
4197.6387 5.9728e-02
4198.8975 5.6048e-02
4200.1577 7.0385e-02
4201.4175 5.1459e-02
4202.6782 8.3793e-02
4203.9390 5.7125e-02
4205.2002 6.7444e-02
4206.4614 5.2269e-02
4207.7231 3.0902e-02
4208.9858 4.5681e-02
4210.2485 7.1642e-02
4211.5112 6.9562e-02
4212.7749 4.2475e-02
4214.0391 4.1962e-02
4215.3032 5.5005e-02
4216.5679 4.8567e-02
4217.8330 6.0848e-02
4219.0981 6.6020e-02
4220.3638 4.7157e-02
4221.6299 4.2118e-02
4222.8965 6.2550e-02
4224.1636 6.0022e-02
4225.4302 5.7481e-02
4226.6978 3.6695e-02
4227.9658 4.4852e-02
4229.2349 6.3531e-02
4230.5034 7.1704e-02
4231.7725 7.0835e-02
4233.0415 5.2053e-02
4234.3115 6.6958e-02
4235.5825 4.3248e-02
4236.8525 3.9166e-02
4238.1235 4.9677e-02
4239.3955 6.7544e-02
4240.6670 3.3404e-02
4241.9390 6.0813e-02
4243.2119 5.0346e-02
4244.4844 5.0187e-02
4245.7583 6.0892e-02
4247.0317 4.8245e-02
4248.3062 4.2548e-02
4249.5806 5.9950e-02
4250.8555 4.1504e-02
4252.1309 4.6246e-02
4253.4062 7.1500e-02
4254.6821 6.4610e-02
4255.9590 5.1394e-02
4257.2358 5.9029e-02
4258.5127 3.8999e-02
4259.7900 5.4914e-02
4261.0679 3.8595e-02
4262.3462 3.7598e-02
4263.6250 3.4083e-02
4264.9043 4.5943e-02
4266.1841 2.8017e-02
4267.4639 5.0606e-02
4268.7432 6.1697e-02
4270.0244 3.8515e-02
4271.3052 5.8303e-02
4272.5869 3.0212e-02
4273.8682 6.0642e-02
4275.1509 5.8765e-02
4276.4336 6.0305e-02
4277.7163 5.1820e-02
4278.9995 5.4254e-02
4280.2837 3.7929e-02
4281.5674 3.9488e-02
4282.8521 3.8918e-02
4284.1367 4.0167e-02
4285.4219 3.9346e-02
4286.7075 4.2390e-02
4287.9937 3.0010e-02
4289.2798 5.9978e-02
4290.5669 4.2648e-02
4291.8540 6.0559e-02
4293.1416 3.2967e-02
4294.4292 2.4193e-02
4295.7183 2.9849e-02
4297.0063 7.0603e-02
4298.2954 5.2826e-02
4299.5854 5.6475e-02
4300.8750 4.3778e-02
4302.1650 4.1288e-02
4303.4561 4.7689e-02
4304.7471 3.1014e-02
4306.0381 5.9374e-02
4307.3301 4.7059e-02
4308.6221 2.1685e-02
4309.9150 6.9125e-02
4311.2075 6.2301e-02
4312.5015 3.8265e-02
4313.7949 4.0873e-02
4315.0889 3.3324e-02
4316.3838 3.3908e-02
4317.6787 4.2682e-02
4318.9741 4.1242e-02
4320.2700 5.6933e-02
4321.5654 3.8710e-02
4322.8623 4.8323e-02
4324.1592 4.1158e-02
4325.4565 3.3148e-02
4326.7539 4.0912e-02
4328.0518 4.2001e-02
4329.3501 4.9548e-02
4330.6494 4.7829e-02
4331.9482 4.0218e-02
4333.2480 5.4252e-02
4334.5479 3.7409e-02
4335.8477 5.4421e-02
4337.1489 6.7607e-02
4338.4502 4.7033e-02
4339.7515 2.6036e-02
4341.0537 5.3766e-02
4342.3560 5.1768e-02
4343.6582 7.6893e-02
4344.9614 4.9359e-02
4346.2646 4.0164e-02
4347.5693 6.4112e-02
4348.8735 4.2879e-02
4350.1782 4.2336e-02
4351.4829 6.8489e-02
4352.7886 3.6212e-02
4354.0938 2.6610e-02
4355.4009 6.5534e-02
4356.7070 3.1721e-02
4358.0137 5.3606e-02
4359.3218 4.6941e-02
4360.6294 5.7735e-02
4361.9375 5.8814e-02
4363.2461 2.7118e-02
4364.5552 4.4429e-02
4365.8643 4.9793e-02
4367.1743 5.7711e-02
4368.4844 6.2633e-02
4369.7954 5.5278e-02
4371.1060 4.0682e-02
4372.4170 5.4739e-02
4373.7285 3.8957e-02
4375.0415 2.8078e-02
4376.3540 4.0437e-02
4377.6665 3.3970e-02
4378.9800 3.6487e-02
4380.2935 5.6787e-02
4381.6074 4.7245e-02
4382.9219 5.3356e-02
4384.2363 3.9419e-02
4385.5522 5.8124e-02
4386.8677 3.9454e-02
4388.1841 4.3185e-02
4389.5010 4.6005e-02
4390.8169 6.8179e-02
4392.1343 4.3679e-02
4393.4521 4.3602e-02
4394.7700 3.7484e-02
4396.0884 4.6790e-02
4397.4077 6.2203e-02
4398.7266 4.8052e-02
4400.0464 7.1336e-02
4401.3667 5.7231e-02
4402.6870 3.6728e-02
4404.0073 4.8162e-02
4405.3291 5.2170e-02
4406.6504 4.6962e-02
4407.9722 5.2714e-02
4409.2944 5.5175e-02
4410.6172 3.4475e-02
4411.9404 4.9156e-02
4413.2642 4.0765e-02
4414.5879 4.1831e-02
4415.9126 4.8300e-02
4417.2373 6.0847e-02
4418.5625 4.8157e-02
4419.8882 4.4637e-02
4421.2139 5.2470e-02
4422.5405 7.7215e-02
4423.8672 3.4933e-02
4425.1938 4.5089e-02
4426.5220 4.3475e-02
4427.8496 4.9693e-02
4429.1787 3.7265e-02
4430.5063 4.4599e-02
4431.8364 5.1732e-02
4433.1655 3.2542e-02
4434.4956 4.2656e-02
4435.8262 4.2436e-02
4437.1567 4.1706e-02
4438.4878 5.2204e-02
4439.8193 4.9556e-02
4441.1514 5.8622e-02
4442.4834 5.3406e-02
4443.8164 5.4160e-02
4445.1494 7.2870e-02
4446.4829 5.9540e-02
4447.8169 5.0556e-02
4449.1514 4.2130e-02
4450.4863 6.3965e-02
4451.8213 4.2489e-02
4453.1567 5.3398e-02
4454.4927 5.1860e-02
4455.8291 6.6111e-02
4457.1660 4.2515e-02
4458.5029 4.7622e-02
4459.8403 4.8960e-02
4461.1787 6.6353e-02
4462.5171 5.3322e-02
4463.8555 5.0051e-02
4465.1948 6.0413e-02
4466.5347 6.5824e-02
4467.8740 4.4819e-02
4469.2144 6.0016e-02
4470.5552 5.8780e-02
4471.8970 6.3052e-02
4473.2383 8.6683e-02
4474.5806 5.7961e-02
4475.9229 3.8906e-02
4477.2651 5.1782e-02
4478.6084 5.3908e-02
4479.9521 4.9236e-02
4481.2959 4.7109e-02
4482.6406 3.9907e-02
4483.9854 6.2785e-02
4485.3306 8.0157e-02
4486.6763 5.5153e-02
4488.0220 6.0461e-02
4489.3682 6.0064e-02
4490.7153 4.8433e-02
4492.0620 6.3891e-02
4493.4102 5.9351e-02
4494.7578 7.0677e-02
4496.1069 7.3352e-02
4497.4556 5.2579e-02
4498.8047 5.0392e-02
4500.1543 7.4646e-02
4501.5044 4.4880e-02
4502.8550 4.8315e-02
4504.2056 6.8798e-02
4505.5566 5.5791e-02
4506.9082 6.7392e-02
4508.2607 6.1484e-02
4509.6133 5.3373e-02
4510.9658 6.0498e-02
4512.3193 7.5236e-02
4513.6729 5.8181e-02
4515.0273 7.1485e-02
4516.3818 8.1321e-02
4517.7363 4.6698e-02
4519.0918 6.9770e-02
4520.4473 6.2994e-02
4521.8037 4.5846e-02
4523.1606 6.9801e-02
4524.5171 6.3479e-02
4525.8750 9.6222e-02
4527.2324 5.2182e-02
4528.5903 6.1779e-02
4529.9492 7.4568e-02
4531.3081 6.1488e-02
4532.6675 7.3217e-02
4534.0269 4.4106e-02
4535.3872 6.9991e-02
4536.7480 6.0128e-02
4538.1094 6.2445e-02
4539.4702 6.3730e-02
4540.8320 8.2809e-02
4542.1943 5.5438e-02
4543.5576 5.8063e-02
4544.9199 4.3361e-02
4546.2842 7.5224e-02
4547.6475 6.5030e-02
4549.0117 5.6998e-02
4550.3770 4.5663e-02
4551.7417 7.6582e-02
4553.1074 5.5923e-02
4554.4731 6.0707e-02
4555.8398 8.5029e-02
4557.2061 6.4107e-02
4558.5732 4.7098e-02
4559.9414 6.0427e-02
4561.3086 6.0408e-02
4562.6772 5.1726e-02
4564.0459 5.4138e-02
4565.4150 6.8371e-02
4566.7852 6.5584e-02
4568.1553 6.5781e-02
4569.5249 8.3120e-02
4570.8965 6.6193e-02
4572.2676 6.9979e-02
4573.6392 5.0334e-02
4575.0117 5.9995e-02
4576.3838 7.6870e-02
4577.7568 6.4082e-02
4579.1304 4.7262e-02
4580.5039 4.5871e-02
4581.8784 7.0906e-02
4583.2524 6.1890e-02
4584.6274 5.5390e-02
4586.0029 9.6140e-02
4587.3789 6.8213e-02
4588.7549 5.7379e-02
4590.1318 4.9875e-02
4591.5083 5.5401e-02
4592.8857 7.2783e-02
4594.2642 8.4387e-02
4595.6426 7.1669e-02
4597.0210 3.8761e-02
4598.3999 6.7237e-02
4599.7798 5.7830e-02
4601.1597 6.3798e-02
4602.5396 5.4744e-02
4603.9204 6.0078e-02
4605.3022 6.4025e-02
4606.6836 6.0665e-02
4608.0649 4.2173e-02
4609.4478 7.5570e-02
4610.8306 5.4410e-02
4612.2144 7.7337e-02
4613.5977 6.1562e-02
4614.9819 7.3814e-02
4616.3662 5.0761e-02
4617.7515 5.9651e-02
4619.1362 5.4670e-02
4620.5225 5.0673e-02
4621.9082 7.8966e-02
4623.2949 8.7674e-02
4624.6816 4.8769e-02
4626.0693 5.4820e-02
4627.4570 6.4747e-02
4628.8457 6.4621e-02
4630.2334 4.3342e-02
4631.6230 6.6620e-02
4633.0127 7.5525e-02
4634.4028 5.8126e-02
4635.7935 7.0825e-02
4637.1831 6.7223e-02
4638.5742 6.5515e-02
4639.9658 6.0982e-02
4641.3579 6.9724e-02
4642.7505 7.2295e-02
4644.1436 4.4098e-02
4645.5371 6.4136e-02
4646.9307 7.2233e-02
4648.3247 6.0206e-02
4649.7188 6.9644e-02
4651.1138 6.2348e-02
4652.5093 6.2181e-02
4653.9048 5.1960e-02
4655.3018 6.6332e-02
4656.6978 6.5391e-02
4658.0947 7.7308e-02
4659.4922 5.6711e-02
4660.8896 7.1372e-02
4662.2886 6.8798e-02
4663.6865 6.9218e-02
4665.0859 6.3206e-02
4666.4854 4.9957e-02
4667.8853 3.3873e-02
4669.2861 6.6873e-02
4670.6870 5.5067e-02
4672.0874 5.0075e-02
4673.4897 5.0821e-02
4674.8916 5.7748e-02
4676.2944 5.3548e-02
4677.6968 3.3794e-02
4679.1006 6.6103e-02
4680.5039 3.5421e-02
4681.9082 7.1085e-02
4683.3125 2.8321e-02
4684.7173 7.2473e-02
4686.1230 5.7947e-02
4687.5288 6.5330e-02
4688.9351 3.9801e-02
4690.3423 3.1143e-02
4691.7490 5.2757e-02
4693.1562 5.5135e-02
4694.5645 4.8882e-02
4695.9731 5.2129e-02
4697.3818 4.7267e-02
4698.7910 4.8185e-02
4700.2002 7.8558e-02
4701.6104 5.8289e-02
4703.0205 6.1085e-02
4704.4316 5.1366e-02
4705.8433 4.2497e-02
4707.2549 4.2274e-02
4708.6670 6.6287e-02
4710.0796 5.6984e-02
4711.4927 5.7422e-02
4712.9058 5.7771e-02
4714.3203 4.1575e-02
4715.7344 5.9768e-02
4717.1494 4.3840e-02
4718.5645 5.8251e-02
4719.9800 4.2618e-02
4721.3955 6.2299e-02
4722.8120 3.8008e-02
4724.2290 3.7467e-02
4725.6460 5.4114e-02
4727.0645 5.0430e-02
4728.4824 5.3122e-02
4729.9004 3.1920e-02
4731.3198 4.5182e-02
4732.7388 7.2014e-02
4734.1587 6.1107e-02
4735.5791 8.1285e-02
4737.0000 4.3518e-02
4738.4209 5.6797e-02
4739.8428 4.8725e-02
4741.2646 5.6250e-02
4742.6870 5.9888e-02
4744.1094 5.0823e-02
4745.5327 3.3493e-02
4746.9565 3.7444e-02
4748.3804 4.1249e-02
4749.8052 5.5543e-02
4751.2300 5.1630e-02
4752.6548 6.0113e-02
4754.0811 3.9789e-02
4755.5078 4.8886e-02
4756.9341 5.3016e-02
4758.3608 4.5287e-02
4759.7886 4.6471e-02
4761.2168 5.4356e-02
4762.6445 5.7539e-02
4764.0737 8.9154e-02
4765.5029 5.2260e-02
4766.9326 6.4317e-02
4768.3628 5.9283e-02
4769.7930 7.0637e-02
4771.2236 4.3221e-02
4772.6553 6.8664e-02
4774.0869 4.4577e-02
4775.5190 6.1460e-02
4776.9521 7.3649e-02
4778.3853 3.9534e-02
4779.8184 3.5670e-02
4781.2524 6.0584e-02
4782.6870 4.8525e-02
4784.1226 5.1722e-02
4785.5571 5.6714e-02
4786.9927 4.8559e-02
4788.4292 4.2524e-02
4789.8652 4.5333e-02
4791.3022 5.9756e-02
4792.7397 6.0270e-02
4794.1777 5.7603e-02
4795.6152 5.5713e-02
4797.0542 3.0489e-02
4798.4937 4.7553e-02
4799.9331 4.9687e-02
4801.3735 5.2376e-02
4802.8140 5.5403e-02
4804.2544 5.2914e-02
4805.6958 5.6514e-02
4807.1377 6.7608e-02
4808.5796 5.5188e-02
4810.0220 5.4985e-02
4811.4653 4.9139e-02
4812.9087 3.5093e-02
4814.3525 4.6088e-02
4815.7969 6.2683e-02
4817.2417 5.2549e-02
4818.6865 3.2481e-02
4820.1328 5.0698e-02
4821.5786 5.3023e-02
4823.0249 5.6090e-02
4824.4717 3.8853e-02
4825.9189 4.6647e-02
4827.3667 6.5286e-02
4828.8149 5.1159e-02
4830.2637 4.5722e-02
4831.7124 4.3016e-02
4833.1621 3.9378e-02
4834.6118 5.6533e-02
4836.0620 4.1895e-02
4837.5137 3.8096e-02
4838.9644 3.7019e-02
4840.4165 4.1258e-02
4841.8687 4.5628e-02
4843.3208 4.1023e-02
4844.7739 4.8626e-02
4846.2275 5.6351e-02
4847.6812 5.3003e-02
4849.1357 4.0642e-02
4850.5903 4.6954e-02
4852.0454 4.1028e-02
4853.5015 6.0977e-02
4854.9575 4.4512e-02
4856.4136 3.6285e-02
4857.8706 4.2934e-02
4859.3281 4.2461e-02
4860.7861 4.1029e-02
4862.2437 4.8797e-02
4863.7026 5.4300e-02
4865.1621 4.7348e-02
4866.6211 3.4722e-02
4868.0815 3.6021e-02
4869.5420 5.1047e-02
4871.0024 6.1141e-02
4872.4639 5.3168e-02
4873.9263 5.8222e-02
4875.3877 6.1569e-02
4876.8506 4.8106e-02
4878.3135 5.7888e-02
4879.7773 7.2643e-02
4881.2412 5.4439e-02
4882.7051 6.6357e-02
4884.1704 4.5890e-02
4885.6357 6.2801e-02
4887.1011 4.1734e-02
4888.5674 4.1663e-02
4890.0337 3.1824e-02
4891.5010 3.5446e-02
4892.9683 3.7656e-02
4894.4360 3.6420e-02
4895.9043 4.7440e-02
4897.3730 5.2195e-02
4898.8423 5.1702e-02
4900.3120 5.2945e-02
4901.7827 3.7844e-02
4903.2529 5.8719e-02
4904.7231 4.0580e-02
4906.1953 4.1419e-02
4907.6675 5.7010e-02
4909.1392 3.2538e-02
4910.6123 5.7026e-02
4912.0854 4.3301e-02
4913.5586 3.5468e-02
4915.0332 4.2389e-02
4916.5073 4.4392e-02
4917.9819 4.5101e-02
4919.4575 4.0153e-02
4920.9331 5.1663e-02
4922.4097 4.7096e-02
4923.8872 5.3793e-02
4925.3638 5.0807e-02
4926.8418 3.1703e-02
4928.3188 5.0146e-02
4929.7979 3.5677e-02
4931.2769 4.6168e-02
4932.7563 3.9050e-02
4934.2358 4.8108e-02
4935.7168 2.6582e-02
4937.1963 2.8934e-02
4938.6782 4.2595e-02
4940.1597 4.6889e-02
4941.6416 6.3991e-02
4943.1250 5.1627e-02
4944.6069 4.0980e-02
4946.0908 3.7938e-02
4947.5752 2.8694e-02
4949.0586 2.9631e-02
4950.5435 2.6429e-02
4952.0278 3.6081e-02
4953.5142 4.8278e-02
4955.0010 3.9449e-02
4956.4873 4.4275e-02
4957.9741 4.5452e-02
4959.4614 3.8700e-02
4960.9492 1.9814e-02
4962.4370 5.5246e-02
4963.9258 3.5623e-02
4965.4150 4.1204e-02
4966.9048 3.7110e-02
4968.3945 4.3741e-02
4969.8853 6.4231e-02
4971.3765 3.3726e-02
4972.8677 2.4217e-02
4974.3599 2.8002e-02
4975.8521 2.8839e-02
4977.3447 3.5643e-02
4978.8379 2.8828e-02
4980.3315 3.3116e-02
4981.8257 1.6892e-02
4983.3203 4.1619e-02
4984.8159 2.8140e-02
4986.3105 2.5321e-02
4987.8066 4.1472e-02
4989.3027 2.7933e-02
4990.7998 4.1767e-02
4992.2974 3.8349e-02
4993.7939 3.6529e-02
4995.2930 4.5868e-02
4996.7915 2.9727e-02
4998.2905 2.9175e-02
4999.7896 5.7797e-02
5001.2896 3.8915e-02
5002.7900 3.3754e-02
5004.2915 4.3187e-02
5005.7925 1.9239e-02
5007.2944 4.6988e-02
5008.7964 4.1719e-02
5010.2993 3.2969e-02
5011.8022 2.9967e-02
5013.3057 2.5355e-02
5014.8101 2.2725e-02
5016.3145 2.0924e-02
5017.8184 1.8582e-02
5019.3247 2.8750e-02
5020.8301 4.9968e-02
5022.3359 2.5891e-02
5023.8428 2.5047e-02
5025.3496 3.7068e-02
5026.8579 2.8222e-02
5028.3657 3.6384e-02
5029.8740 4.1903e-02
5031.3828 2.8528e-02
5032.8926 2.9438e-02
5034.4023 2.9299e-02
5035.9131 2.8961e-02
5037.4233 2.1752e-02
5038.9346 3.0113e-02
5040.4463 2.0880e-02
5041.9585 4.0250e-02
5043.4712 3.2354e-02
5044.9839 3.8486e-02
5046.4980 2.9918e-02
5048.0112 3.1481e-02
5049.5259 4.3675e-02
5051.0415 2.6076e-02
5052.5562 3.8386e-02
5054.0723 3.5365e-02
5055.5884 3.0452e-02
5057.1045 2.5488e-02
5058.6221 4.1369e-02
5060.1401 2.9399e-02
5061.6577 4.1531e-02
5063.1763 2.3645e-02
5064.6953 2.1273e-02
5066.2144 2.3256e-02
5067.7339 3.8819e-02
5069.2549 2.9809e-02
5070.7759 3.5065e-02
5072.2969 3.2949e-02
5073.8188 2.9503e-02
5075.3403 2.6568e-02
5076.8628 5.6659e-02
5078.3867 4.0462e-02
5079.9097 2.8669e-02
5081.4336 2.5115e-02
5082.9580 2.9172e-02
5084.4829 2.1354e-02
5086.0083 2.3837e-02
5087.5342 3.5367e-02
5089.0605 3.2307e-02
5090.5874 3.0712e-02
5092.1143 3.6201e-02
5093.6421 3.8009e-02
5095.1699 3.2153e-02
5096.6987 3.8118e-02
5098.2275 3.4952e-02
5099.7573 3.9700e-02
5101.2871 2.5815e-02
5102.8179 3.9674e-02
5104.3481 4.8386e-02
5105.8799 4.0187e-02
5107.4111 3.3616e-02
5108.9438 3.1859e-02
5110.4761 2.8743e-02
5112.0093 3.2160e-02
5113.5435 2.9179e-02
5115.0771 4.5139e-02
5116.6118 4.1538e-02
5118.1470 4.3480e-02
5119.6816 3.3375e-02
5121.2183 3.6778e-02
5122.7544 3.3823e-02
5124.2910 5.4941e-02
5125.8286 2.6750e-02
5127.3667 2.8536e-02
5128.9043 3.3151e-02
5130.4429 4.5562e-02
5131.9824 5.0586e-02
5133.5220 4.8513e-02
5135.0615 3.8441e-02
5136.6021 4.1951e-02
5138.1436 4.0123e-02
5139.6846 3.8510e-02
5141.2266 2.8087e-02
5142.7690 2.3940e-02
5144.3125 5.1480e-02
5145.8550 3.5100e-02
5147.3989 2.0529e-02
5148.9429 5.0334e-02
5150.4883 2.4052e-02
5152.0332 4.8695e-02
5153.5781 1.9675e-02
5155.1245 3.0688e-02
5156.6714 2.6111e-02
5158.2178 2.2713e-02
5159.7656 5.1152e-02
5161.3130 4.0536e-02
5162.8618 2.7061e-02
5164.4106 4.5639e-02
5165.9604 3.9020e-02
5167.5098 2.5864e-02
5169.0605 3.1491e-02
5170.6108 5.1339e-02
5172.1621 3.3619e-02
5173.7139 2.3346e-02
5175.2656 4.6128e-02
5176.8188 3.5588e-02
5178.3711 2.5038e-02
5179.9253 4.7368e-02
5181.4790 5.4552e-02
5183.0337 4.5632e-02
5184.5884 3.4206e-02
5186.1436 4.0702e-02
5187.6992 2.5504e-02
5189.2559 2.9872e-02
5190.8130 2.2180e-02
5192.3696 4.4471e-02
5193.9277 4.5193e-02
5195.4858 4.0938e-02
5197.0439 3.9977e-02
5198.6035 6.1247e-02
5200.1636 4.0426e-02
5201.7231 3.6678e-02
5203.2837 3.2778e-02
5204.8447 4.1628e-02
5206.4058 3.7823e-02
5207.9683 4.1744e-02
5209.5303 3.2395e-02
5211.0933 3.4208e-02
5212.6567 3.5763e-02
5214.2202 4.8563e-02
5215.7847 4.0333e-02
5217.3496 4.7855e-02
5218.9150 3.8829e-02
5220.4800 3.4890e-02
5222.0464 3.9518e-02
5223.6128 4.5613e-02
5225.1802 2.9330e-02
5226.7480 5.1597e-02
5228.3154 3.8336e-02
5229.8843 4.2824e-02
5231.4526 3.7347e-02
5233.0225 4.0115e-02
5234.5928 2.3331e-02
5236.1626 4.9914e-02
5237.7339 3.8992e-02
5239.3052 4.1661e-02
5240.8770 3.7919e-02
5242.4492 4.3097e-02
5244.0220 4.6596e-02
5245.5947 3.2804e-02
5247.1689 3.9035e-02
5248.7422 4.0596e-02
5250.3174 2.1000e-02
5251.8921 3.4438e-02
5253.4678 4.0752e-02
5255.0439 2.5112e-02
5256.6211 4.8131e-02
5258.1978 4.0943e-02
5259.7749 3.8546e-02
5261.3530 3.5611e-02
5262.9312 3.9533e-02
5264.5098 3.4602e-02
5266.0898 3.7088e-02
5267.6694 6.0692e-02
5269.2495 4.2985e-02
5270.8311 4.2532e-02
5272.4116 4.0013e-02
5273.9941 3.8325e-02
5275.5757 4.8585e-02
5277.1587 5.8650e-02
5278.7422 2.3341e-02
5280.3252 4.2580e-02
5281.9092 1.8874e-02
5283.4937 4.5503e-02
5285.0786 5.3970e-02
5286.6641 5.2630e-02
5288.2500 4.5866e-02
5289.8369 3.1266e-02
5291.4238 4.8709e-02
5293.0117 4.4605e-02
5294.5996 3.3083e-02
5296.1870 4.9418e-02
5297.7764 3.3042e-02
5299.3662 4.5009e-02
5300.9561 5.9870e-02
5302.5459 3.7636e-02
5304.1367 3.4150e-02
5305.7280 4.7611e-02
5307.3188 4.7382e-02
5308.9116 4.2335e-02
5310.5044 5.3562e-02
5312.0977 6.0856e-02
5313.6919 3.7026e-02
5315.2856 4.1449e-02
5316.8799 4.7917e-02
5318.4751 4.8337e-02
5320.0708 3.8670e-02
5321.6665 5.1754e-02
5323.2632 3.9214e-02
5324.8604 3.5931e-02
5326.4575 3.2914e-02
5328.0557 4.9391e-02
5329.6533 5.3366e-02
5331.2534 3.7534e-02
5332.8516 3.9615e-02
5334.4517 3.9218e-02
5336.0522 4.1902e-02
5337.6533 2.9676e-02
5339.2544 3.3723e-02
5340.8560 3.1755e-02
5342.4585 4.1317e-02
5344.0605 6.0293e-02
5345.6646 3.3297e-02
5347.2681 4.6960e-02
5348.8726 2.5926e-02
5350.4771 2.5533e-02
5352.0825 4.8542e-02
5353.6875 4.1781e-02
5355.2944 2.7015e-02
5356.9009 3.4800e-02
5358.5073 4.3124e-02
5360.1152 4.3360e-02
5361.7236 4.8677e-02
5363.3315 2.2916e-02
5364.9404 2.1652e-02
5366.5503 3.1332e-02
5368.1602 3.2591e-02
5369.7705 2.2895e-02
5371.3813 4.3667e-02
5372.9932 3.7860e-02
5374.6050 4.9389e-02
5376.2173 3.3677e-02
5377.8301 4.5973e-02
5379.4434 3.6987e-02
5381.0576 3.7349e-02
5382.6714 3.7794e-02
5384.2861 4.4731e-02
5385.9014 3.9000e-02
5387.5171 3.5723e-02
5389.1343 2.1325e-02
5390.7505 3.5364e-02
5392.3677 4.3514e-02
5393.9858 6.1606e-02
5395.6035 4.2647e-02
5397.2222 3.8933e-02
5398.8413 2.8923e-02
5400.4609 1.8805e-02
5402.0811 3.2836e-02
5403.7017 3.1983e-02
5405.3228 4.8224e-02
5406.9448 2.1020e-02
5408.5659 4.4166e-02
5410.1890 3.5639e-02
5411.8115 5.0498e-02
5413.4360 2.2598e-02
5415.0596 3.0232e-02
5416.6841 2.5495e-02
5418.3096 3.4623e-02
5419.9351 3.1299e-02
5421.5605 2.9534e-02
5423.1875 3.0991e-02
5424.8145 4.0454e-02
5426.4414 2.7163e-02
5428.0693 3.0330e-02
5429.6982 3.7354e-02
5431.3271 3.2359e-02
5432.9565 3.2765e-02
5434.5859 4.8974e-02
5436.2163 3.9978e-02
5437.8472 1.9221e-02
5439.4785 3.5762e-02
5441.1104 4.1396e-02
5442.7427 3.7448e-02
5444.3760 4.6927e-02
5446.0098 3.3238e-02
5447.6431 2.8904e-02
5449.2778 3.7971e-02
5450.9121 2.2388e-02
5452.5474 3.9294e-02
5454.1826 5.2901e-02
5455.8193 3.6463e-02
5457.4565 3.1127e-02
5459.0933 4.6418e-02
5460.7310 2.5685e-02
5462.3696 3.7256e-02
5464.0073 2.8382e-02
5465.6475 1.2635e-02
5467.2871 3.0151e-02
5468.9272 4.9241e-02
5470.5674 3.1117e-02
5472.2090 3.0840e-02
5473.8506 3.9266e-02
5475.4927 4.3437e-02
5477.1353 1.8800e-02
5478.7783 4.1789e-02
5480.4224 2.6580e-02
5482.0659 2.6079e-02
5483.7104 5.0770e-02
5485.3560 3.5628e-02
5487.0010 4.9583e-02
5488.6475 2.2983e-02
5490.2944 2.3046e-02
5491.9414 2.7382e-02
5493.5889 4.1141e-02
5495.2368 2.3137e-02
5496.8857 3.5449e-02
5498.5342 3.0446e-02
5500.1841 2.7360e-02
5501.8340 1.6963e-02
5503.4849 3.7358e-02
5505.1357 3.5899e-02
5506.7871 3.9764e-02
5508.4395 2.3022e-02
5510.0923 3.8134e-02
5511.7451 2.5824e-02
5513.3984 4.3465e-02
5515.0522 3.4419e-02
5516.7070 3.0378e-02
5518.3623 3.1430e-02
5520.0176 4.1618e-02
5521.6733 3.2230e-02
5523.3301 5.6589e-02
5524.9868 3.7000e-02
5526.6450 3.9750e-02
5528.3027 4.9775e-02
5529.9609 2.6163e-02
5531.6201 2.7367e-02
5533.2793 3.0837e-02
5534.9395 3.2077e-02
5536.5996 2.2115e-02
5538.2607 2.9574e-02
5539.9229 2.3652e-02
5541.5840 2.5304e-02
5543.2466 4.1839e-02
5544.9102 4.7374e-02
5546.5728 3.4040e-02
5548.2373 4.0098e-02
5549.9019 2.5498e-02
5551.5664 5.6461e-02
5553.2324 2.3885e-02
5554.8984 2.5907e-02
5556.5645 3.5659e-02
5558.2310 3.1381e-02
5559.8989 3.2021e-02
5561.5669 2.7321e-02
5563.2354 2.2012e-02
5564.9043 4.1026e-02
5566.5732 3.0848e-02
5568.2437 5.1309e-02
5569.9150 2.3935e-02
5571.5854 1.8498e-02
5573.2568 2.5493e-02
5574.9287 3.0760e-02
5576.6011 3.0494e-02
5578.2739 4.6962e-02
5579.9482 3.0045e-02
5581.6216 3.5027e-02
5583.2959 3.6297e-02
5584.9717 2.0612e-02
5586.6470 3.5051e-02
5588.3223 3.6904e-02
5589.9990 2.6516e-02
5591.6763 3.8700e-02
5593.3535 2.0247e-02
5595.0317 4.1334e-02
5596.7104 2.6556e-02
5598.3892 4.4836e-02
5600.0688 3.7525e-02
5601.7490 3.6373e-02
5603.4292 1.3358e-02
5605.1104 2.0726e-02
5606.7915 2.5170e-02
5608.4741 2.8082e-02
5610.1562 4.7641e-02
5611.8394 4.3367e-02
5613.5234 2.6374e-02
5615.2075 4.5251e-02
5616.8916 4.0669e-02
5618.5767 3.1812e-02
5620.2627 4.2907e-02
5621.9482 3.0544e-02
5623.6348 2.2994e-02
5625.3218 4.7889e-02
5627.0098 3.3388e-02
5628.6982 3.4551e-02
5630.3867 3.4989e-02
5632.0757 3.1908e-02
5633.7651 2.2120e-02
5635.4551 4.7307e-02
5637.1460 4.7995e-02
5638.8369 2.0338e-02
5640.5283 4.8381e-02
5642.2207 4.4336e-02
5643.9141 3.2889e-02
5645.6069 4.0692e-02
5647.3003 3.7526e-02
5648.9946 4.1788e-02
5650.6895 2.2020e-02
5652.3848 2.9336e-02
5654.0801 2.7001e-02
5655.7759 5.0317e-02
5657.4736 3.8468e-02
5659.1709 2.8774e-02
5660.8682 2.9450e-02
5662.5664 3.3837e-02
5664.2651 3.9726e-02
5665.9644 3.2550e-02
5667.6641 2.1270e-02
5669.3647 4.9049e-02
5671.0649 3.6082e-02
5672.7666 3.1128e-02
5674.4688 3.0753e-02
5676.1709 2.8216e-02
5677.8740 3.1310e-02
5679.5771 2.4370e-02
5681.2812 2.5220e-02
5682.9858 3.2024e-02
5684.6899 3.8010e-02
5686.3950 3.3926e-02
5688.1021 1.8416e-02
5689.8076 2.7460e-02
5691.5146 1.7848e-02
5693.2222 2.1382e-02
5694.9302 4.2458e-02
5696.6382 3.1231e-02
5698.3477 4.2015e-02
5700.0571 2.8887e-02
5701.7671 3.0637e-02
5703.4775 3.4524e-02
5705.1885 4.0151e-02
5706.9004 3.6136e-02
5708.6123 3.2823e-02
5710.3252 2.5233e-02
5712.0381 4.1134e-02
5713.7524 3.3453e-02
5715.4663 2.1969e-02
5717.1812 3.9631e-02
5718.8955 2.6709e-02
5720.6118 3.9093e-02
5722.3271 2.4345e-02
5724.0444 2.9939e-02
5725.7617 2.3542e-02
5727.4795 2.1840e-02
5729.1973 3.2572e-02
5730.9165 1.6284e-02
5732.6353 1.7379e-02
5734.3550 2.0520e-02
5736.0757 1.8397e-02
5737.7969 2.1769e-02
5739.5176 3.3370e-02
5741.2397 2.9265e-02
5742.9624 1.1090e-02
5744.6851 2.6212e-02
5746.4082 3.3081e-02
5748.1323 4.3280e-02
5749.8569 2.9654e-02
5751.5815 2.7300e-02
5753.3076 2.4940e-02
5755.0332 3.1672e-02
5756.7593 3.4781e-02
5758.4863 3.6000e-02
5760.2144 2.2367e-02
5761.9424 3.4635e-02
5763.6709 1.6512e-02
5765.3999 2.1650e-02
5767.1294 3.1899e-02
5768.8594 4.4853e-02
5770.5908 1.8714e-02
5772.3213 2.8321e-02
5774.0527 5.0324e-02
5775.7856 2.9622e-02
5777.5181 3.4742e-02
5779.2515 4.3260e-02
5780.9844 5.2953e-02
5782.7192 2.9546e-02
5784.4546 2.6188e-02
5786.1899 3.3109e-02
5787.9253 2.5466e-02
5789.6626 2.7225e-02
5791.3984 1.8551e-02
5793.1362 1.6582e-02
5794.8745 3.7967e-02
5796.6123 3.2233e-02
5798.3516 4.0993e-02
5800.0913 2.3621e-02
5801.8306 3.2294e-02
5803.5713 1.8254e-02
5805.3125 3.2001e-02
5807.0537 3.2871e-02
5808.7964 3.8604e-02
5810.5391 3.0459e-02
5812.2822 2.7971e-02
5814.0259 2.5201e-02
5815.7700 1.9332e-02
5817.5151 2.2152e-02
5819.2598 4.4800e-02
5821.0059 2.4121e-02
5822.7524 2.3316e-02
5824.4990 2.1312e-02
5826.2461 3.1034e-02
5827.9937 3.2263e-02
5829.7427 1.6773e-02
5831.4912 3.5263e-02
5833.2407 3.4418e-02
5834.9912 1.9580e-02
5836.7417 4.2140e-02
5838.4922 1.3748e-02
5840.2446 4.0051e-02
5841.9961 3.9448e-02
5843.7490 3.4192e-02
5845.5020 3.7680e-02
5847.2559 1.4049e-02
5849.0103 3.7765e-02
5850.7642 2.4437e-02
5852.5195 4.4613e-02
5854.2754 3.7133e-02
5856.0317 2.5393e-02
5857.7881 3.0289e-02
5859.5454 1.4505e-02
5861.3032 2.8319e-02
5863.0625 3.0004e-02
5864.8208 2.8956e-02
5866.5806 3.8454e-02
5868.3403 2.9768e-02
5870.1006 3.4636e-02
5871.8618 3.4557e-02
5873.6230 2.7608e-02
5875.3857 4.4905e-02
5877.1479 2.5140e-02
5878.9111 3.6631e-02
5880.6748 1.5310e-02
5882.4390 2.5035e-02
5884.2036 2.8703e-02
5885.9692 2.9611e-02
5887.7349 1.9179e-02
5889.5010 3.3792e-02
5891.2676 3.1761e-02
5893.0356 2.8616e-02
5894.8032 3.6087e-02
5896.5718 3.3233e-02
5898.3408 1.9019e-02
5900.1108 2.7553e-02
5901.8804 1.8392e-02
5903.6509 3.1902e-02
5905.4219 1.8090e-02
5907.1938 2.2811e-02
5908.9663 3.6269e-02
5910.7383 2.4857e-02
5912.5112 3.3047e-02
5914.2856 3.8702e-02
5916.0601 2.5377e-02
5917.8345 1.8988e-02
5919.6099 3.2620e-02
5921.3857 2.0225e-02
5923.1621 3.1685e-02
5924.9395 2.8648e-02
5926.7163 2.7005e-02
5928.4946 2.6346e-02
5930.2729 2.1542e-02
5932.0522 3.2616e-02
5933.8315 3.6709e-02
5935.6123 2.3175e-02
5937.3926 4.0487e-02
5939.1738 2.8190e-02
5940.9556 4.2510e-02
5942.7383 2.8393e-02
5944.5210 2.2080e-02
5946.3042 2.1868e-02
5948.0879 2.7677e-02
5949.8726 3.4863e-02
5951.6572 3.2920e-02
5953.4434 2.6243e-02
5955.2290 3.8241e-02
5957.0151 3.5923e-02
5958.8022 3.5024e-02
5960.5903 3.5381e-02
5962.3789 3.5166e-02
5964.1670 3.4571e-02
5965.9561 4.0462e-02
5967.7466 2.7475e-02
5969.5366 2.7062e-02
5971.3276 3.4168e-02
5973.1187 6.9475e-03
5974.9106 2.8927e-02
5976.7031 1.7183e-02
5978.4961 2.9843e-02
5980.2900 3.9467e-02
5982.0845 1.9801e-02
5983.8789 2.9547e-02
5985.6729 1.4581e-02
5987.4692 3.5149e-02
5989.2651 2.8062e-02
5991.0620 2.7029e-02
5992.8589 1.9433e-02
5994.6572 2.7682e-02
5996.4556 3.5156e-02
5998.2549 2.8945e-02
6000.0547 2.8622e-02
6001.8545 2.7889e-02
6003.6548 2.2043e-02
6005.4561 2.1430e-02
6007.2578 2.7858e-02
6009.0596 3.9414e-02
6010.8623 2.8534e-02
6012.6660 2.3977e-02
6014.4697 2.7779e-02
6016.2739 3.4571e-02
6018.0786 2.3175e-02
6019.8843 3.7220e-02
6021.6909 4.0774e-02
6023.4966 1.7647e-02
6025.3037 2.8470e-02
6027.1108 3.9309e-02
6028.9199 1.7274e-02
6030.7285 2.3248e-02
6032.5366 2.8336e-02
6034.3472 3.3741e-02
6036.1577 3.6236e-02
6037.9683 3.4832e-02
6039.7793 2.6496e-02
6041.5918 1.6128e-02
6043.4038 2.5453e-02
6045.2173 2.3653e-02
6047.0312 3.4901e-02
6048.8447 4.0265e-02
6050.6592 2.5300e-02
6052.4751 3.1676e-02
6054.2905 2.9776e-02
6056.1069 2.1066e-02
6057.9233 1.8709e-02
6059.7407 2.0399e-02
6061.5586 2.8679e-02
6063.3770 3.3392e-02
6065.1968 2.0988e-02
6067.0161 2.4358e-02
6068.8359 1.4732e-02
6070.6567 2.8955e-02
6072.4785 3.2020e-02
6074.2998 1.9402e-02
6076.1221 3.0334e-02
6077.9448 1.8802e-02
6079.7681 2.6918e-02
6081.5918 2.5878e-02
6083.4160 2.9088e-02
6085.2417 2.4967e-02
6087.0664 2.3296e-02
6088.8936 2.3464e-02
6090.7197 3.8191e-02
6092.5469 3.8233e-02
6094.3745 3.1950e-02
6096.2031 1.5612e-02
6098.0327 3.1095e-02
6099.8613 2.9564e-02
6101.6914 2.4575e-02
6103.5220 2.6669e-02
6105.3530 2.4050e-02
6107.1846 2.4905e-02
6109.0171 4.3001e-02
6110.8496 3.5034e-02
6112.6831 2.2399e-02
6114.5166 2.7776e-02
6116.3511 3.5693e-02
6118.1855 2.5087e-02
6120.0210 3.2744e-02
6121.8574 2.9695e-02
6123.6938 2.8928e-02
6125.5308 2.9813e-02
6127.3687 2.7637e-02
6129.2065 3.4570e-02
6131.0454 3.0700e-02
6132.8843 3.2342e-02
6134.7246 1.9415e-02
6136.5649 2.1939e-02
6138.4062 3.0963e-02
6140.2476 2.0294e-02
6142.0894 2.0418e-02
6143.9316 1.7826e-02
6145.7759 2.7013e-02
6147.6191 2.7084e-02
6149.4634 2.6067e-02
6151.3081 1.6156e-02
6153.1538 2.1429e-02
6155.0000 3.2958e-02
6156.8462 3.1582e-02
6158.6934 3.1867e-02
6160.5410 1.5284e-02
6162.3892 1.9300e-02
6164.2373 4.4853e-02
6166.0869 2.5077e-02
6167.9370 1.8806e-02
6169.7871 2.1474e-02
6171.6387 3.3456e-02
6173.4897 1.9219e-02
6175.3413 3.2402e-02
6177.1938 1.7015e-02
6179.0474 2.9329e-02
6180.9009 4.1678e-02
6182.7549 1.9494e-02
6184.6104 3.1276e-02
6186.4653 2.8737e-02
6188.3213 2.3169e-02
6190.1782 2.0348e-02
6192.0356 3.6284e-02
6193.8931 2.7722e-02
6195.7505 2.0004e-02
6197.6099 1.7342e-02
6199.4688 2.1028e-02
6201.3281 3.0071e-02
6203.1895 2.7890e-02
6205.0498 1.4229e-02
6206.9121 2.7880e-02
6208.7739 2.2651e-02
6210.6367 2.8139e-02
6212.4995 2.1802e-02
6214.3633 2.3675e-02
6216.2275 2.3897e-02
6218.0923 2.9752e-02
6219.9575 2.7241e-02
6221.8237 2.4096e-02
6223.6904 2.0294e-02
6225.5576 3.5138e-02
6227.4258 3.6446e-02
6229.2935 3.5429e-02
6231.1621 2.1271e-02
6233.0317 1.5824e-02
6234.9019 3.0344e-02
6236.7720 2.8400e-02
6238.6431 1.7634e-02
6240.5146 2.6978e-02
6242.3867 1.6830e-02
6244.2598 2.9886e-02
6246.1323 1.7481e-02
6248.0063 2.5308e-02
6249.8813 2.3346e-02
6251.7559 1.8391e-02
6253.6313 2.5815e-02
6255.5073 8.4342e-03
6257.3843 2.6830e-02
6259.2617 2.2716e-02
6261.1392 2.0359e-02
6263.0176 1.1789e-02
6264.8970 2.5047e-02
6266.7759 1.9861e-02
6268.6562 1.8122e-02
6270.5361 3.7784e-02
6272.4180 2.8193e-02
6274.2993 1.8579e-02
6276.1816 2.2473e-02
6278.0645 2.1868e-02
6279.9478 2.6448e-02
6281.8320 2.5348e-02
6283.7168 2.5834e-02
6285.6021 1.6598e-02
6287.4868 2.2128e-02
6289.3740 2.2667e-02
6291.2603 2.2189e-02
6293.1475 1.3334e-02
6295.0352 3.6999e-02
6296.9238 1.6735e-02
6298.8130 1.9774e-02
6300.7026 1.7574e-02
6302.5933 2.5694e-02
6304.4839 2.0340e-02
6306.3755 2.9290e-02
6308.2676 2.6395e-02
6310.1597 3.4682e-02
6312.0527 2.0512e-02
6313.9468 2.8407e-02
6315.8398 1.8146e-02
6317.7349 2.4003e-02
6319.6304 1.9086e-02
6321.5269 2.1550e-02
6323.4233 2.1339e-02
6325.3198 1.9110e-02
6327.2178 2.3047e-02
6329.1157 1.8962e-02
6331.0146 1.6705e-02
6332.9131 2.4165e-02
6334.8140 2.7577e-02
6336.7139 1.7616e-02
6338.6147 2.8393e-02
6340.5166 2.2242e-02
6342.4189 2.0607e-02
6344.3213 2.4906e-02
6346.2246 1.8909e-02
6348.1284 3.0310e-02
6350.0332 1.8314e-02
6351.9380 2.1923e-02
6353.8442 1.4270e-02
6355.7500 1.4344e-02
6357.6572 2.5524e-02
6359.5645 1.3416e-02
6361.4717 2.6043e-02
6363.3804 4.0943e-02
6365.2891 2.1843e-02
6367.1987 2.4666e-02
6369.1089 3.7016e-02
6371.0200 2.9433e-02
6372.9312 2.0441e-02
6374.8428 2.4139e-02
6376.7549 1.1770e-02
6378.6685 1.0994e-02
6380.5820 2.5540e-02
6382.4966 2.0016e-02
6384.4111 1.2025e-02
6386.3257 3.6396e-02
6388.2422 2.7982e-02
6390.1587 2.6242e-02
6392.0752 1.6611e-02
6393.9932 2.8759e-02
6395.9116 2.5324e-02
6397.8301 2.4258e-02
6399.7490 1.3710e-02
6401.6694 2.3910e-02
6403.5898 1.5372e-02
6405.5112 1.9447e-02
6407.4331 2.3952e-02
6409.3545 1.6438e-02
6411.2778 2.5724e-02
6413.2012 2.4424e-02
6415.1250 1.8364e-02
6417.0493 1.3034e-02
6418.9741 1.4935e-02
6420.9004 2.1212e-02
6422.8262 1.5893e-02
6424.7534 1.2506e-02
6426.6812 2.7229e-02
6428.6094 2.7344e-02
6430.5381 1.4856e-02
6432.4668 3.2868e-02
6434.3960 1.3958e-02
6436.3267 2.4184e-02
6438.2578 1.8717e-02
6440.1895 2.0686e-02
6442.1216 2.2595e-02
6444.0537 1.3247e-02
6445.9868 1.6854e-02
6447.9209 1.6967e-02
6449.8550 1.2568e-02
6451.7905 2.1538e-02
6453.7256 2.7606e-02
6455.6621 2.0986e-02
6457.5986 2.1010e-02
6459.5356 1.7255e-02
6461.4741 2.8337e-02
6463.4121 2.2814e-02
6465.3506 1.9296e-02
6467.2905 2.2424e-02
6469.2310 1.6772e-02
6471.1719 1.6262e-02
6473.1128 1.4533e-02
6475.0552 2.0868e-02
6476.9976 2.1020e-02
6478.9409 1.5369e-02
6480.8848 2.6910e-02
6482.8286 1.0825e-02
6484.7739 3.2633e-02
6486.7192 1.7050e-02
6488.6650 1.9226e-02
6490.6113 1.9462e-02
6492.5581 1.9633e-02
6494.5063 2.6324e-02
6496.4546 2.7343e-02
6498.4038 2.0996e-02
6500.3535 1.4423e-02
6502.3032 2.2722e-02
6504.2539 2.8246e-02
6506.2056 2.3244e-02
6508.1572 2.0133e-02
6510.1099 1.1298e-02
6512.0625 9.9117e-03
6514.0166 1.6171e-02
6515.9702 1.5994e-02
6517.9258 1.1187e-02
6519.8809 2.6042e-02
6521.8364 1.1246e-02
6523.7930 2.1967e-02
6525.7505 2.7285e-02
6527.7075 1.4669e-02
6529.6665 1.0676e-02
6531.6255 2.8885e-02
6533.5845 1.9393e-02
6535.5449 1.9505e-02
6537.5054 2.4984e-02
6539.4668 1.7063e-02
6541.4282 2.4140e-02
6543.3911 1.9532e-02
6545.3545 1.6396e-02
6547.3179 2.5988e-02
6549.2817 1.1098e-02
6551.2466 2.4215e-02
6553.2124 1.5483e-02
6555.1777 1.1004e-02
6557.1445 2.5046e-02
6559.1113 1.0380e-02
6561.0796 1.6120e-02
6563.0479 1.7796e-02
6565.0166 1.6473e-02
6566.9863 1.8641e-02
6568.9561 2.5636e-02
6570.9268 1.4807e-02
6572.8979 1.4825e-02
6574.8701 1.0300e-02
6576.8423 1.8049e-02
6578.8154 2.7896e-02
6580.7896 2.7558e-02
6582.7632 1.8052e-02
6584.7383 2.6090e-02
6586.7139 2.2600e-02
6588.6895 2.4992e-02
6590.6660 1.8169e-02
6592.6431 1.2468e-02
6594.6211 1.9876e-02
6596.5996 1.6697e-02
6598.5791 1.4404e-02
6600.5581 2.2350e-02
6602.5386 2.3371e-02
6604.5190 2.1140e-02
6606.5005 2.1280e-02
6608.4824 2.1693e-02
6610.4648 1.0184e-02
6612.4482 2.1965e-02
6614.4326 2.2371e-02
6616.4160 1.7108e-02
6618.4009 2.6888e-02
6620.3867 1.3324e-02
6622.3730 1.3772e-02
6624.3594 1.5758e-02
6626.3467 1.6188e-02
6628.3350 1.2702e-02
6630.3232 2.8086e-02
6632.3125 1.6824e-02
6634.3022 2.1857e-02
6636.2920 1.7850e-02
6638.2827 1.8463e-02
6640.2744 2.4635e-02
6642.2671 2.0333e-02
6644.2593 1.1997e-02
6646.2529 1.8019e-02
6648.2471 1.9805e-02
6650.2412 2.2018e-02
6652.2358 1.6860e-02
6654.2314 1.5688e-02
6656.2280 1.6777e-02
6658.2251 3.1268e-02
6660.2222 1.3081e-02
6662.2207 1.9757e-02
6664.2197 2.1129e-02
6666.2178 1.6234e-02
6668.2178 1.8039e-02
6670.2188 1.6198e-02
6672.2192 2.8279e-02
6674.2212 2.8228e-02
6676.2241 1.4360e-02
6678.2266 2.1456e-02
6680.2300 1.5888e-02
6682.2334 1.8060e-02
6684.2388 2.3196e-02
6686.2446 2.5766e-02
6688.2500 1.6898e-02
6690.2563 3.0400e-02
6692.2627 1.9725e-02
6694.2715 1.0828e-02
6696.2793 2.0470e-02
6698.2881 1.8911e-02
6700.2979 1.7293e-02
6702.3081 1.9910e-02
6704.3188 9.1596e-03
6706.3301 1.5673e-02
6708.3418 1.9172e-02
6710.3545 1.5860e-02
6712.3672 1.2056e-02
6714.3809 2.1363e-02
6716.3955 1.5926e-02
6718.4106 6.9165e-03
6720.4263 1.5713e-02
6722.4419 1.3468e-02
6724.4585 2.6925e-02
6726.4756 2.4642e-02
6728.4946 2.1262e-02
6730.5127 1.6068e-02
6732.5312 1.4412e-02
6734.5513 2.2282e-02
6736.5718 1.1616e-02
6738.5923 2.2843e-02
6740.6152 3.0285e-02
6742.6367 2.1112e-02
6744.6587 1.5924e-02
6746.6831 1.6821e-02
6748.7065 2.3852e-02
6750.7310 1.7120e-02
6752.7563 1.9517e-02
6754.7822 1.8146e-02
6756.8091 1.4646e-02
6758.8359 2.1932e-02
6760.8633 1.9658e-02
6762.8916 1.7069e-02
6764.9209 1.6022e-02
6766.9502 1.6500e-02
6768.9805 1.2254e-02
6771.0107 2.1267e-02
6773.0425 2.4295e-02
6775.0742 2.6857e-02
6777.1064 1.6796e-02
6779.1401 2.1482e-02
6781.1733 1.4698e-02
6783.2080 1.6641e-02
6785.2427 2.1106e-02
6787.2783 1.9563e-02
6789.3149 2.0030e-02
6791.3516 2.9426e-02
6793.3887 1.0498e-02
6795.4272 1.6722e-02
6797.4653 1.1975e-02
6799.5049 1.9327e-02
6801.5444 3.1331e-02
6803.5854 1.3396e-02
6805.6260 1.7893e-02
6807.6685 2.1667e-02
6809.7100 2.6452e-02
6811.7534 1.9473e-02
6813.7964 2.3598e-02
6815.8408 1.8898e-02
6817.8853 1.5211e-02
6819.9312 1.6678e-02
6821.9771 2.3643e-02
6824.0234 1.6965e-02
6826.0703 4.6479e-03
6828.1182 1.8199e-02
6830.1670 2.2637e-02
6832.2163 2.9253e-02
6834.2651 2.3116e-02
6836.3154 2.2895e-02
6838.3667 2.1674e-02
6840.4180 2.3600e-02
6842.4702 1.0779e-02
6844.5229 1.5636e-02
6846.5762 1.5891e-02
6848.6304 1.3001e-02
6850.6851 2.3619e-02
6852.7402 1.5265e-02
6854.7959 1.4795e-02
6856.8525 1.3358e-02
6858.9097 1.8501e-02
6860.9668 1.3811e-02
6863.0254 1.8808e-02
6865.0845 1.9961e-02
6867.1440 1.0942e-02
6869.2041 1.4658e-02
6871.2646 1.7791e-02
6873.3257 1.6276e-02
6875.3882 1.4511e-02
6877.4512 2.0165e-02
6879.5137 1.4972e-02
6881.5781 1.7056e-02
6883.6421 1.9891e-02
6885.7075 1.8940e-02
6887.7729 2.1694e-02
6889.8394 1.3959e-02
6891.9062 1.2565e-02
6893.9746 2.1659e-02
6896.0425 1.2387e-02
6898.1113 2.0604e-02
6900.1802 2.3299e-02
6902.2505 7.1470e-03
6904.3213 1.8359e-02
6906.3926 2.9511e-02
6908.4648 2.2917e-02
6910.5366 1.2250e-02
6912.6099 2.0198e-02
6914.6841 1.1064e-02
6916.7588 1.3617e-02
6918.8335 1.4440e-02
6920.9092 1.8749e-02
6922.9849 1.2876e-02
6925.0620 1.6974e-02
6927.1401 3.0136e-02
6929.2178 1.2604e-02
6931.2964 1.8704e-02
6933.3760 1.0747e-02
6935.4561 1.9806e-02
6937.5371 1.2386e-02
6939.6182 2.9301e-02
6941.7002 7.5125e-03
6943.7822 8.6925e-03
6945.8657 1.2624e-02
6947.9487 1.8109e-02
6950.0337 2.3198e-02
6952.1182 1.3783e-02
6954.2046 2.4854e-02
6956.2905 1.6427e-02
6958.3779 1.8393e-02
6960.4644 1.3354e-02
6962.5527 1.8980e-02
6964.6421 2.4788e-02
6966.7314 1.5467e-02
6968.8208 8.7952e-03
6970.9116 2.9769e-03
6973.0029 1.2189e-02
6975.0947 2.3768e-02
6977.1880 1.9987e-02
6979.2803 2.3027e-02
6981.3745 2.1163e-02
6983.4692 1.0798e-02
6985.5635 2.0974e-02
6987.6602 1.1450e-02
6989.7559 8.5827e-03
6991.8525 1.2217e-02
6993.9507 1.9058e-02
6996.0488 2.1289e-02
6998.1479 1.9664e-02
7000.2471 1.6321e-02
7002.3467 1.3403e-02
7004.4468 2.3011e-02
7006.5488 1.4901e-02
7008.6514 1.4585e-02
7010.7529 1.3695e-02
7012.8564 1.2273e-02
7014.9609 1.3353e-02
7017.0654 1.5218e-02
7019.1699 1.6712e-02
7021.2759 2.0119e-02
7023.3823 1.4985e-02
7025.4893 5.7674e-03
7027.5977 1.2364e-02
7029.7051 1.0915e-02
7031.8145 1.5294e-02
7033.9238 1.9114e-02
7036.0337 1.4107e-02
7038.1450 2.4423e-02
7040.2559 2.0986e-02
7042.3687 1.7265e-02
7044.4805 2.5285e-02
7046.5938 1.2795e-02
7048.7080 1.4600e-02
7050.8228 1.7242e-02
7052.9385 9.7988e-03
7055.0542 1.8469e-02
7057.1704 1.6156e-02
7059.2881 2.5510e-02
7061.4053 3.4293e-03
7063.5234 1.6628e-02
7065.6431 2.0555e-02
7067.7627 1.9596e-02
7069.8828 1.6285e-02
7072.0039 2.1875e-02
7074.1255 1.3172e-02
7076.2476 2.5500e-02
7078.3706 1.2869e-02
7080.4937 7.2876e-03
7082.6187 1.6160e-02
7084.7432 1.3508e-02
7086.8687 2.1116e-02
7088.9946 2.1257e-02
7091.1216 9.3589e-03
7093.2490 1.5421e-02
7095.3765 3.5135e-03
7097.5049 1.4354e-02
7099.6348 1.7561e-02
7101.7642 4.1822e-03
7103.8945 8.6525e-03
7106.0264 1.9855e-02
7108.1582 1.0445e-02
7110.2905 1.3462e-02
7112.4229 2.5134e-02
7114.5571 3.6740e-03
7116.6914 2.2516e-02
7118.8262 2.0268e-02
7120.9619 1.7987e-02
7123.0986 1.5233e-02
7125.2354 7.0449e-03
7127.3730 8.2533e-03
7129.5112 1.0221e-02
7131.6499 1.9137e-02
7133.7896 2.5998e-02
7135.9292 1.2315e-02
7138.0703 1.5353e-02
7140.2119 1.1884e-02
7142.3540 2.2766e-02
7144.4966 2.2395e-02
7146.6396 1.6088e-02
7148.7842 1.7082e-02
7150.9287 9.0625e-03
7153.0742 1.2286e-02
7155.2197 1.4085e-02
7157.3667 1.0916e-02
7159.5137 1.6186e-02
7161.6616 5.3806e-03
7163.8101 1.5987e-02
7165.9590 6.9988e-03
7168.1089 1.8404e-02
7170.2593 2.5632e-02
7172.4102 1.9075e-02
7174.5625 1.1999e-02
7176.7144 1.6961e-02
7178.8672 1.0521e-02
7181.0210 5.8530e-03
7183.1753 2.5746e-02
7185.3306 1.5549e-02
7187.4858 5.4406e-03
7189.6421 1.6991e-02
7191.7988 1.4191e-02
7193.9565 1.3232e-02
7196.1147 1.8296e-02
7198.2734 1.6246e-02
7200.4336 1.5368e-02
7202.5928 1.7409e-02
7204.7539 1.7899e-02
7206.9155 1.3257e-02
7209.0771 1.6898e-02
7211.2402 1.3213e-02
7213.4033 2.2387e-02
7215.5674 1.1284e-02
7217.7324 1.4098e-02
7219.8979 1.2037e-02
7222.0635 2.0709e-02
7224.2300 1.6507e-02
7226.3979 2.1508e-02
7228.5654 2.0716e-02
7230.7334 1.2905e-02
7232.9033 1.7083e-02
7235.0728 1.6771e-02
7237.2432 2.9474e-02
7239.4150 7.2902e-03
7241.5864 9.4496e-03
7243.7593 7.8801e-03
7245.9321 1.6655e-02
7248.1060 1.6333e-02
7250.2803 1.0473e-02
7252.4551 2.3703e-02
7254.6313 9.7110e-03
7256.8076 2.0428e-02
7258.9849 2.7935e-02
7261.1626 1.8206e-02
7263.3408 1.5242e-02
7265.5200 1.7050e-02
7267.6992 1.2635e-02
7269.8799 2.2825e-02
7272.0605 8.4122e-03
7274.2422 1.3063e-02
7276.4243 1.3054e-02
7278.6069 1.8263e-02
7280.7910 1.5169e-02
7282.9751 2.4575e-02
7285.1602 1.1774e-02
7287.3452 1.5774e-02
7289.5317 1.3681e-02
7291.7188 1.2255e-02
7293.9067 2.1513e-02
7296.0947 1.6030e-02
7298.2832 1.9812e-02
7300.4727 3.6067e-03
7302.6631 1.9090e-02
7304.8540 1.6120e-02
7307.0454 1.1606e-02
7309.2373 1.6236e-02
7311.4292 8.4392e-03
7313.6235 1.5139e-02
7315.8179 1.8866e-02
7318.0122 6.8113e-03
7320.2075 1.3972e-02
7322.4038 9.5157e-03
7324.6001 1.5505e-02
7326.7979 9.1286e-03
7328.9961 1.5576e-02
7331.1943 9.5711e-03
7333.3936 1.8567e-02
7335.5938 1.7604e-02
7337.7944 1.2822e-02
7339.9956 1.2355e-02
7342.1982 1.7665e-02
7344.4004 4.8911e-03
7346.6035 1.3223e-02
7348.8081 6.3485e-03
7351.0127 1.2396e-02
7353.2183 1.3202e-02
7355.4238 1.0027e-02
7357.6304 6.1861e-03
7359.8374 1.1398e-02
7362.0459 9.7303e-03
7364.2549 1.3650e-02
7366.4634 1.6080e-02
7368.6738 1.6560e-02
7370.8838 7.5232e-03
7373.0957 9.7921e-03
7375.3071 6.7630e-03
7377.5200 1.1735e-02
7379.7334 1.2948e-02
7381.9473 5.5748e-03
7384.1616 9.9983e-03
7386.3770 1.3866e-02
7388.5928 1.4018e-02
7390.8096 1.1586e-02
7393.0264 1.0777e-02
7395.2446 9.0745e-03
7397.4639 8.4797e-03
7399.6826 1.0543e-02
7401.9023 2.0054e-02
7404.1230 1.6947e-02
7406.3438 1.9145e-02
7408.5654 1.0331e-02
7410.7886 1.6437e-02
7413.0122 1.0927e-02
7415.2354 1.3635e-02
7417.4604 1.8871e-02
7419.6855 1.6624e-02
7421.9116 1.5646e-02
7424.1382 1.3384e-02
7426.3652 8.8202e-03
7428.5933 1.5157e-02
7430.8218 1.0754e-02
7433.0513 1.8875e-02
7435.2808 1.1674e-02
7437.5117 1.5971e-02
7439.7432 1.0452e-02
7441.9741 6.7859e-03
7444.2070 1.2118e-02
7446.4404 6.5925e-03
7448.6748 1.0665e-02
7450.9097 6.8358e-03
7453.1440 2.0830e-02
7455.3809 1.7997e-02
7457.6167 7.5293e-03
7459.8545 1.5992e-02
7462.0923 7.7973e-03
7464.3306 8.4387e-03
7466.5698 6.7180e-03
7468.8096 8.3060e-03
7471.0503 1.8278e-02
7473.2920 8.5027e-03
7475.5342 1.2862e-02
7477.7769 1.6132e-02
7480.0205 9.4431e-03
7482.2637 1.0048e-02
7484.5088 1.9240e-02
7486.7539 1.7314e-02
7489.0000 1.7702e-02
7491.2471 1.5632e-02
7493.4937 1.4049e-02
7495.7422 1.1879e-02
7497.9912 1.2180e-02
7500.2402 1.4963e-02
7502.4902 1.3762e-02
7504.7412 1.5655e-02
7506.9927 1.4004e-02
7509.2441 1.7220e-02
7511.4976 1.8837e-02
7513.7510 2.1289e-02
7516.0044 1.5040e-02
7518.2593 2.1002e-02
7520.5151 1.5693e-02
7522.7715 1.6376e-02
7525.0283 1.8993e-02
7527.2861 1.2943e-02
7529.5439 1.0388e-02
7531.8027 1.9172e-02
7534.0620 1.2192e-02
7536.3228 1.7597e-02
7538.5835 1.5044e-02
7540.8447 1.7925e-02
7543.1074 1.0639e-02
7545.3706 1.2937e-02
7547.6338 7.5940e-03
7549.8984 1.1426e-02
7552.1626 1.7482e-02
7554.4292 1.9769e-02
7556.6948 1.2620e-02
7558.9619 1.3317e-02
7561.2295 8.8251e-03
7563.4976 1.3583e-02
7565.7671 8.4745e-03
7568.0366 1.6846e-02
7570.3071 1.2301e-02
7572.5786 8.8320e-03
7574.8511 1.5520e-02
7577.1230 1.4941e-02
7579.3960 1.1831e-02
7581.6694 1.5568e-02
7583.9443 1.5444e-02
7586.2192 8.7428e-03
7588.4956 1.5025e-02
7590.7715 1.4255e-02
7593.0488 1.9657e-02
7595.3262 1.4159e-02
7597.6060 2.3972e-02
7599.8843 1.2980e-02
7602.1641 1.0713e-02
7604.4448 1.3349e-02
7606.7271 1.8461e-02
7609.0093 5.6351e-03
7611.2910 5.6390e-03
7613.5752 1.5900e-02
7615.8589 1.0306e-02
7618.1440 2.2551e-02
7620.4292 3.6201e-03
7622.7153 1.8089e-02
7625.0020 1.3220e-02
7627.2896 4.6452e-03
7629.5781 6.4548e-03
7631.8662 2.0110e-02
7634.1562 1.0709e-02
7636.4468 6.5370e-03
7638.7378 7.8060e-03
7641.0288 1.5023e-02
7643.3213 6.6533e-03
7645.6138 1.0452e-02
7647.9072 5.3130e-03
7650.2021 1.1971e-02
7652.4971 1.7917e-02
7654.7935 1.3384e-02
7657.0894 4.6879e-03
7659.3867 1.0731e-02
7661.6846 1.0933e-02
7663.9829 1.0698e-02
7666.2817 9.0891e-03
7668.5825 7.0520e-03
7670.8823 1.0204e-02
7673.1841 1.8674e-02
7675.4854 1.2047e-02
7677.7891 1.1268e-02
7680.0918 1.2698e-02
7682.3960 7.9754e-03
7684.7002 1.6356e-02
7687.0059 1.1165e-02
7689.3125 5.4087e-03
7691.6191 2.1647e-02
7693.9268 1.0001e-02
7696.2344 8.1509e-03
7698.5430 1.1041e-02
7700.8530 1.5997e-02
7703.1631 8.3290e-03
7705.4746 6.2958e-03
7707.7856 7.3855e-03
7710.0981 8.8023e-03
7712.4111 1.0757e-02
7714.7251 4.9474e-03
7717.0391 1.6475e-02
7719.3540 1.3504e-02
7721.6699 6.6446e-03
7723.9868 1.5333e-02
7726.3042 9.3177e-03
7728.6216 1.6314e-02
7730.9409 1.2934e-02
7733.2593 5.6505e-03
7735.5796 1.1915e-02
7737.9004 9.7490e-03
7740.2217 7.9650e-03
7742.5435 4.6355e-03
7744.8662 6.7669e-03
7747.1895 9.4055e-03
7749.5142 9.7530e-03
7751.8394 1.6444e-02
7754.1650 1.4346e-02
7756.4907 3.6407e-03
7758.8174 7.5100e-03
7761.1450 1.6739e-02
7763.4736 1.1330e-02
7765.8022 1.5690e-02
7768.1323 8.1707e-03
7770.4634 3.8281e-03
7772.7944 1.2416e-02
7775.1260 7.9822e-03
7777.4585 1.5284e-02
7779.7915 7.5861e-03
7782.1260 1.2536e-02
7784.4604 7.3508e-03
7786.7954 8.9384e-03
7789.1318 1.6566e-02
7791.4683 1.3373e-02
7793.8062 1.2015e-02
7796.1436 4.4824e-03
7798.4824 5.2917e-03
7800.8218 1.2594e-02
7803.1626 1.1968e-02
7805.5034 6.2839e-03
7807.8447 9.3979e-03
7810.1880 4.0550e-03
7812.5303 1.7074e-02
7814.8745 7.2338e-03
7817.2192 6.9893e-03
7819.5640 6.9220e-03
7821.9106 1.2350e-02
7824.2559 1.1917e-02
7826.6040 7.1941e-03
7828.9521 1.1300e-02
7831.3003 1.4268e-02
7833.6499 1.2614e-02
7835.9995 1.5989e-02
7838.3511 8.8272e-03
7840.7021 8.9959e-03
7843.0547 6.9656e-03
7845.4077 1.5230e-02
7847.7603 1.4576e-02
7850.1152 4.7389e-03
7852.4702 7.4295e-03
7854.8262 9.6041e-03
7857.1821 0.0000e+00
7859.5396 1.0734e-02
7861.8975 1.1368e-02
7864.2559 5.6061e-03
7866.6157 9.4259e-03
7868.9756 1.4538e-02
7871.3359 1.1032e-02
7873.6978 1.2116e-02
7876.0601 1.1769e-02
7878.4224 6.0092e-03
7880.7856 6.0301e-03
7883.1509 1.0052e-02
7885.5151 9.1798e-03
7887.8809 7.9026e-03
7890.2476 1.0466e-02
7892.6147 5.1814e-03
7894.9814 2.6471e-03
7897.3501 1.5652e-02
7899.7192 1.2086e-02
7902.0898 5.7827e-03
7904.4604 8.8738e-03
7906.8311 7.9621e-03
7909.2036 4.2051e-03
7911.5767 3.4522e-03
7913.9497 6.2991e-03
7916.3247 1.7836e-02
7918.6987 1.1688e-02
7921.0742 1.1718e-03
7923.4512 1.3991e-02
7925.8276 4.4496e-03
7928.2051 4.6627e-03
7930.5845 1.5720e-02
7932.9634 7.7024e-03
7935.3433 6.8387e-03
7937.7236 1.0831e-02
7940.1050 8.2259e-03
7942.4873 7.2383e-03
7944.8701 1.0650e-02
7947.2529 3.0761e-03
7949.6377 5.5232e-03
7952.0225 8.5872e-03
7954.4082 9.4590e-03
7956.7949 3.3230e-03
7959.1807 1.1960e-02
7961.5688 9.0757e-03
7963.9580 1.0663e-02
7966.3462 8.3128e-03
7968.7368 1.2736e-02
7971.1274 5.8276e-03
7973.5181 1.4788e-02
7975.9111 1.3632e-02
7978.3032 8.7274e-03
7980.6973 3.4579e-03
7983.0908 1.4990e-02
7985.4858 1.3547e-02
7987.8823 9.3326e-03
7990.2778 9.9528e-03
7992.6748 4.3727e-03
7995.0728 7.1793e-03
7997.4717 9.8489e-03
7999.8711 1.2174e-02
8002.2710 1.5200e-02
8004.6709 7.2398e-03
8007.0723 1.4878e-02
8009.4746 1.0019e-02
8011.8779 1.2250e-02
8014.2812 1.6558e-02
8016.6855 4.0089e-03
8019.0903 1.4279e-02
8021.4966 9.5008e-03
8023.9028 7.4687e-03
8026.3105 1.1013e-02
8028.7173 4.6611e-03
8031.1260 1.7078e-02
8033.5361 1.0125e-02
8035.9458 7.1631e-03
8038.3569 8.2354e-03
8040.7681 1.1382e-02
8043.1807 6.1978e-03
8045.5933 9.4728e-03
8048.0068 1.3248e-02
8050.4214 4.0771e-03
8052.8364 9.0122e-03
8055.2520 1.2352e-02
8057.6689 9.0735e-03
8060.0864 1.5288e-02
8062.5049 7.7170e-03
8064.9229 1.1676e-02
8067.3423 5.4730e-03
8069.7632 1.1794e-02
8072.1836 8.8409e-03
8074.6050 1.0125e-02
8077.0278 7.8869e-03
8079.4507 9.0531e-03
8081.8745 9.9282e-03
8084.2988 1.2547e-02
8086.7251 4.8638e-03
8089.1509 3.7812e-03
8091.5771 6.0413e-03
8094.0049 1.3501e-02
8096.4331 8.5515e-03
8098.8618 5.2276e-03
8101.2910 1.4555e-02
8103.7217 8.5652e-03
8106.1528 7.4350e-03
8108.5845 1.1665e-02
8111.0171 9.1741e-03
8113.4502 9.2418e-03
8115.8843 1.9913e-03
8118.3188 9.3046e-03
8120.7549 1.0046e-02
8123.1914 6.6907e-03
8125.6284 8.8539e-03
8128.0659 2.7660e-03
8130.5049 3.9622e-03
8132.9438 4.8505e-03
8135.3833 4.2164e-03
8137.8237 9.6960e-03
8140.2651 1.0054e-02
8142.7075 1.1800e-02
8145.1504 1.3702e-02
8147.5938 9.0387e-03
8150.0376 7.2009e-03
8152.4834 1.0073e-02
8154.9292 5.2028e-03
8157.3750 6.8129e-03
8159.8228 1.5061e-02
8162.2705 8.1440e-03
8164.7192 4.7586e-03
8167.1685 9.6270e-03
8169.6187 1.2372e-02
8172.0693 5.4877e-03
8174.5210 5.9158e-03
8176.9736 3.2930e-03
8179.4268 1.6026e-02
8181.8809 6.2456e-03
8184.3350 5.8245e-03
8186.7900 1.2073e-02
8189.2456 8.2264e-03
8191.7031 9.5116e-03
8194.1602 5.4799e-03
8196.6191 1.1913e-02
8199.0781 8.2108e-03
8201.5371 6.5355e-03
8203.9980 6.7366e-03
8206.4590 8.1720e-03
8208.9219 4.2082e-03
8211.3838 1.4072e-02
8213.8477 1.2040e-02
8216.3115 6.3231e-03
8218.7764 1.1811e-02
8221.2422 5.4536e-03
8223.7090 1.1414e-02
8226.1758 9.0428e-03
8228.6436 6.6691e-03
8231.1123 5.7242e-03
8233.5811 1.0673e-02
8236.0518 4.0584e-03
8238.5215 9.4191e-03
8240.9932 9.0000e-03
8243.4658 6.3132e-03
8245.9395 1.0702e-02
8248.4131 9.6680e-03
8250.8877 1.9285e-03
8253.3623 9.3443e-03
8255.8389 7.7852e-03
8258.3154 6.9980e-03
8260.7920 4.1756e-04
8263.2715 5.9839e-03
8265.7500 9.4849e-03
8268.2305 1.3756e-02
8270.7100 3.9930e-03
8273.1914 1.4303e-02
8275.6738 4.0125e-03
8278.1553 4.7817e-03
8280.6396 1.4462e-02
8283.1240 1.2974e-02
8285.6094 7.5084e-03
8288.0947 7.3369e-03
8290.5811 6.8575e-03
8293.0674 1.0468e-02
8295.5557 5.5099e-03
8298.0449 4.5859e-03
8300.5352 5.0034e-03
8303.0234 7.3000e-03
8305.5156 1.2775e-02
8308.0068 1.0510e-02
8310.5000 7.6939e-03
8312.9922 6.2867e-03
8315.4863 8.2773e-03
8317.9805 6.0127e-03
8320.4766 8.6712e-03
8322.9717 7.2537e-03
8325.4697 6.7150e-03
8327.9668 3.6211e-03
8330.4658 6.2486e-03
8332.9639 7.4392e-03
8335.4648 8.1192e-03
8337.9648 7.4110e-03
8340.4668 3.6965e-03
8342.9688 3.6648e-03
8345.4717 5.0678e-03
8347.9746 8.0195e-03
8350.4795 1.0132e-02
8352.9844 1.0116e-02
8355.4902 6.4166e-03
8357.9971 4.4057e-03
8360.5039 7.3491e-03
8363.0127 7.6608e-03
8365.5215 9.5021e-03
8368.0312 4.2187e-03
8370.5420 1.5624e-02
8373.0527 1.1687e-02
8375.5654 9.2199e-03
8378.0771 5.1858e-03
8380.5908 1.1895e-02
8383.1045 5.0323e-03
8385.6191 7.3756e-03
8388.1348 8.2092e-03
8390.6523 1.4588e-02
8393.1689 6.8668e-03
8395.6865 1.3364e-02
8398.2061 1.1565e-02
8400.7246 6.6533e-03
8403.2461 1.1654e-02
8405.7666 1.9662e-03
8408.2881 5.7224e-03
8410.8105 6.8369e-03
8413.3340 8.9989e-03
8415.8584 9.0942e-03
8418.3818 8.2142e-03
8420.9082 1.2529e-02
8423.4346 8.5127e-03
8425.9609 9.6345e-03
8428.4893 9.7222e-03
8431.0186 1.0695e-02
8433.5479 7.6843e-03
8436.0771 8.3569e-03
8438.6074 7.3499e-03
8441.1396 7.5752e-03
8443.6729 3.8183e-03
8446.2051 6.9992e-03
8448.7383 3.7585e-03
8451.2734 8.3103e-03
8453.8086 9.5595e-03
8456.3457 7.8358e-03
8458.8828 5.5908e-03
8461.4199 4.7631e-03
8463.9580 1.8582e-02
8466.4971 6.9224e-03
8469.0371 1.0025e-02
8471.5781 7.8366e-03
8474.1191 6.4611e-03
8476.6621 8.1936e-03
8479.2051 1.0276e-02
8481.7480 4.2230e-03
8484.2930 6.7806e-03
8486.8379 1.1257e-02
8489.3848 1.0704e-02
8491.9316 4.2330e-03
8494.4795 8.8598e-03
8497.0264 5.7608e-03
8499.5762 8.1425e-03
8502.1260 4.6848e-03
8504.6777 3.1844e-03
8507.2285 9.4248e-03
8509.7803 4.7127e-03
8512.3330 6.8839e-03
8514.8857 6.9860e-03
8517.4414 9.1782e-03
8519.9961 8.4979e-03
8522.5527 5.3771e-03
8525.1094 8.1855e-03
8527.6670 5.8668e-03
8530.2246 6.2532e-03
8532.7842 9.0631e-03
8535.3438 5.4286e-03
8537.9053 7.8425e-03
8540.4668 1.0935e-02
8543.0273 9.3765e-03
8545.5908 1.1086e-02
8548.1543 6.2251e-03
8550.7188 5.9669e-03
8553.2842 5.4211e-03
8555.8496 5.7179e-03
8558.4170 3.2140e-03
8560.9844 5.6526e-03
8563.5527 4.5365e-03
8566.1221 1.0187e-02
8568.6914 1.2318e-02
8571.2617 6.2939e-03
8573.8350 8.4929e-03
8576.4062 1.0366e-02
8578.9785 7.4356e-04
8581.5527 8.5728e-03
8584.1270 1.1911e-02
8586.7031 8.4096e-03
8589.2783 1.1032e-02
8591.8555 9.6328e-03
8594.4326 8.0663e-03
8597.0117 9.4622e-03
8599.5898 5.4092e-03
8602.1699 7.5735e-03
8604.7500 8.6204e-03
8607.3320 4.2490e-03
8609.9150 1.2724e-02
8612.4971 9.8447e-03
8615.0811 3.3211e-03
8617.6660 6.5460e-03
8620.2500 5.7760e-03
8622.8369 7.1562e-03
8625.4229 8.9221e-03
8628.0117 9.4066e-03
8630.6006 9.9445e-03
8633.1885 8.1873e-03
8635.7793 7.5970e-03
8638.3711 1.1776e-02
8640.9609 8.6453e-03
8643.5527 8.9649e-03
8646.1465 6.9679e-03
8648.7393 8.8130e-03
8651.3350 1.3267e-02
8653.9307 8.8519e-03
8656.5264 2.8676e-03
8659.1230 1.2461e-02
8661.7207 7.8495e-03
8664.3203 9.7363e-03
8666.9189 3.4804e-03
8669.5186 9.9893e-03
8672.1201 1.0069e-02
8674.7217 8.3989e-03
8677.3242 9.4567e-03
8679.9277 5.0137e-03
8682.5312 1.2261e-02
8685.1367 7.9209e-03
8687.7412 1.1387e-02
8690.3477 9.9763e-03
8692.9551 9.0345e-03
8695.5625 9.1413e-03
8698.1709 9.8359e-03
8700.7803 1.0327e-02
8703.3916 8.7819e-03
8706.0020 1.7356e-02
8708.6133 4.7561e-03
8711.2266 6.2018e-03
8713.8398 1.4403e-02
8716.4541 5.7073e-03
8719.0684 1.1884e-02
8721.6846 9.6272e-03
8724.3018 7.3541e-03
8726.9189 7.1862e-03
8729.5371 8.7791e-03
8732.1553 7.5529e-03
8734.7754 2.7653e-03
8737.3955 7.0004e-03
8740.0166 1.1929e-02
8742.6387 4.3083e-03
8745.2607 8.3638e-03
8747.8848 1.2729e-02
8750.5098 4.7234e-03
8753.1348 8.6900e-03
8755.7607 7.2350e-03
8758.3867 1.1604e-02
8761.0146 9.5829e-03
8763.6436 5.3120e-03
8766.2715 5.8089e-03
8768.9023 6.4749e-03
8771.5322 6.6149e-03
8774.1641 6.9847e-03
8776.7959 5.2481e-03
8779.4287 7.8112e-03
8782.0635 1.0886e-02
8784.6982 6.1847e-03
8787.3330 6.9182e-03
8789.9697 7.3842e-03
8792.6074 7.3504e-03
8795.2451 8.0815e-03
8797.8838 9.1096e-03
8800.5234 7.8585e-03
8803.1621 9.1452e-03
8805.8027 1.6563e-02
8808.4453 1.3331e-02
8811.0879 7.7253e-03
8813.7314 9.9672e-03
8816.3750 8.7944e-03
8819.0205 8.9007e-03
8821.6660 4.3028e-03
8824.3125 9.8585e-03
8826.9590 5.2849e-03
8829.6084 6.8283e-03
8832.2568 1.0211e-02
8834.9062 1.0162e-02
8837.5557 5.8634e-03
8840.2080 3.9713e-03
8842.8594 1.5709e-02
8845.5127 1.3664e-02
8848.1670 3.3847e-03
8850.8213 8.0735e-03
8853.4766 7.3697e-03
8856.1328 7.2733e-03
8858.7881 6.2600e-03
8861.4463 3.5698e-03
8864.1045 1.1354e-02
8866.7646 3.8206e-03
8869.4238 8.2404e-03
8872.0850 4.8401e-03
8874.7471 9.1816e-03
8877.4092 3.4799e-03
8880.0732 7.4597e-03
8882.7373 3.1535e-03
8885.4014 6.4101e-03
8888.0674 5.7106e-03
8890.7334 1.3329e-02
8893.4004 4.8007e-03
8896.0684 5.1365e-03
8898.7373 1.6135e-02
8901.4072 1.0181e-02
8904.0771 5.2311e-03
8906.7480 9.2365e-03
8909.4199 1.1642e-02
8912.0938 3.8111e-03
8914.7676 7.6697e-03
8917.4414 4.7134e-03
8920.1172 1.2844e-02
8922.7930 7.3004e-03
8925.4697 7.4442e-03
8928.1475 7.7028e-03
8930.8262 8.4937e-03
8933.5049 6.8282e-03
8936.1855 7.9586e-03
8938.8652 5.3797e-03
8941.5469 4.8821e-03
8944.2295 1.0153e-02
8946.9141 1.5067e-02
8949.5977 8.8641e-03
8952.2822 8.1044e-03
8954.9678 7.8777e-03
8957.6553 7.0959e-03
8960.3418 5.8750e-03
8963.0293 6.7034e-03
8965.7178 1.3369e-02
8968.4082 9.1275e-03
8971.0986 1.0617e-02
8973.7910 7.7425e-03
8976.4824 7.4755e-03
8979.1748 6.2549e-03
8981.8691 6.7241e-03
8984.5635 5.3207e-03
8987.2588 3.2420e-03
8989.9551 6.2934e-03
8992.6523 2.9284e-03
8995.3506 1.5921e-02
8998.0488 7.7556e-03
9000.7480 9.7069e-03
9003.4482 1.6973e-02
9006.1494 1.0797e-02
9008.8516 1.1668e-02
9011.5537 3.3516e-03
9014.2578 6.2225e-03
9016.9609 1.2672e-02
9019.6660 3.5315e-03
9022.3721 8.9827e-03
9025.0791 4.0103e-03
9027.7871 1.1025e-02
9030.4951 5.6392e-03
9033.2051 6.3538e-03
9035.9150 4.1024e-03
9038.6260 7.5146e-03
9041.3369 7.0827e-03
9044.0498 9.3861e-03
9046.7627 7.2137e-03
9049.4766 7.9756e-03
9052.1914 4.0071e-03
9054.9072 7.7026e-03
9057.6240 5.6712e-03
9060.3398 3.3375e-03
9063.0586 2.4561e-03
9065.7773 5.9131e-03
9068.4971 7.9172e-03
9071.2168 5.3321e-03
9073.9395 4.1016e-03
9076.6611 9.7061e-03
9079.3848 2.7342e-03
9082.1074 3.7812e-03
9084.8330 6.5115e-03
9087.5576 9.7661e-03
9090.2832 1.0012e-02
9093.0117 8.8824e-03
9095.7393 8.6217e-03
9098.4688 1.1330e-02
9101.1973 6.4973e-03
9103.9287 8.8417e-03
9106.6592 4.5138e-03
9109.3906 8.3674e-03
9112.1250 4.7812e-03
9114.8584 7.8317e-03
9117.5928 8.8449e-03
9120.3271 4.0051e-03
9123.0635 4.2518e-03
9125.8008 1.2595e-03
9128.5391 3.4807e-03
9131.2764 9.1443e-03
9134.0156 1.2521e-03
9136.7568 2.0312e-03
9139.4980 7.7909e-03
9142.2383 5.0829e-03
9144.9814 2.3582e-04
9147.7266 2.1670e-03
9150.4707 6.5044e-03
9153.2158 8.4045e-03
9155.9609 5.2642e-03
9158.7070 6.8734e-03
9161.4551 1.4438e-02
9164.2041 9.8394e-03
9166.9531 4.7394e-03
9169.7031 6.4573e-03
9172.4541 6.7718e-03
9175.2051 1.0170e-02
9177.9580 4.8582e-03
9180.7109 9.6468e-03
9183.4668 7.2700e-03
9186.2207 9.2733e-03
9188.9766 2.0414e-03
9191.7334 4.2398e-03
9194.4912 6.9736e-03
9197.2490 2.5556e-03
9200.0088 5.2089e-03
9202.7686 8.4598e-03
9205.5293 3.6744e-03
9208.2920 4.3888e-03
9211.0527 5.2064e-03
9213.8164 3.1942e-03
9216.5811 6.6992e-03
9219.3467 7.4528e-03
9222.1113 7.0275e-03
9224.8789 4.0825e-03
9227.6455 2.7739e-03
9230.4141 4.2943e-03
9233.1836 3.7966e-03
9235.9531 8.0928e-03
9238.7246 4.4600e-04
9241.4951 5.2958e-03
9244.2686 7.1771e-03
9247.0410 4.3021e-03
9249.8154 4.1568e-03
9252.5908 7.5623e-03
9255.3652 3.5714e-03
9258.1426 6.3490e-03
9260.9209 4.4456e-03
9263.6992 1.3344e-03
9266.4775 7.0866e-03
9269.2568 3.8161e-03
9272.0381 1.0017e-02
9274.8203 8.1658e-03
9277.6025 1.0422e-02
9280.3857 3.8521e-04
9283.1709 3.6753e-03
9285.9541 6.4730e-03
9288.7402 5.1325e-03
9291.5264 3.3637e-03
9294.3135 2.0819e-03
9297.1025 2.1877e-03
9299.8926 1.8063e-03
9302.6816 8.4276e-03
9305.4727 5.5990e-03
9308.2646 1.6394e-03
9311.0566 4.8107e-03
9313.8506 8.2306e-03
9316.6436 4.4496e-03
9319.4395 8.2769e-03
9322.2354 6.3559e-03
9325.0322 4.2468e-03
9327.8291 3.9913e-03
9330.6279 4.2149e-03
9333.4277 2.2136e-03
9336.2266 4.2520e-03
9339.0283 4.8628e-03
9341.8291 3.7062e-03
9344.6318 5.2043e-03
9347.4355 5.6927e-03
9350.2402 1.0227e-02
9353.0449 5.0623e-03
9355.8516 7.1079e-03
9358.6572 2.5506e-03
9361.4658 1.2363e-02
9364.2734 5.7763e-03
9367.0830 8.3910e-03
9369.8936 1.7788e-03
9372.7041 6.8782e-03
9375.5156 2.3826e-03
9378.3291 4.2934e-03
9381.1416 4.5218e-03
9383.9561 4.3617e-03
9386.7715 6.7851e-03
9389.5879 2.3465e-03
9392.4043 3.5761e-03
9395.2217 7.2211e-03
9398.0400 5.1775e-03
9400.8594 2.5019e-03
9403.6807 3.2532e-03
9406.5020 2.0819e-03
9409.3242 6.7900e-03
9412.1465 1.6923e-03
9414.9707 3.9928e-03
9417.7939 2.8755e-03
9420.6201 3.4570e-03
9423.4453 2.8184e-03
9426.2725 4.0551e-03
9429.1006 5.5097e-03
9431.9287 4.2826e-03
9434.7588 6.1794e-03
9437.5898 1.0358e-03
9440.4209 3.0022e-03
9443.2529 6.8595e-04
9446.0859 2.9181e-03
9448.9199 5.7566e-03
9451.7549 3.5425e-03
9454.5889 3.9256e-03
9457.4268 6.9830e-03
9460.2637 5.7578e-03
9463.1016 4.0659e-03
9465.9414 6.3284e-03
9468.7803 4.3313e-03
9471.6211 8.7999e-03
9474.4629 3.6914e-03
9477.3047 2.3428e-03
9480.1484 7.2633e-03
9482.9922 5.0245e-03
9485.8369 2.6639e-03
9488.6836 6.9299e-03
9491.5303 4.5375e-03
9494.3760 3.0835e-03
9497.2256 2.9559e-03
9500.0742 3.4983e-03
9502.9238 3.5383e-03
9505.7754 3.9955e-03
9508.6270 5.9223e-03
9511.4805 4.6493e-03
9514.3320 5.5595e-03
9517.1875 3.0195e-03
9520.0420 1.4151e-03
9522.8984 1.6159e-03
9525.7559 4.8356e-03
9528.6133 5.1922e-03
9531.4717 2.8821e-03
9534.3311 3.5713e-03
9537.1914 1.8385e-03
9540.0518 7.7182e-03
9542.9150 5.5741e-03
9545.7773 1.5705e-03
9548.6416 1.8288e-03
9551.5059 7.2430e-03
9554.3711 5.4844e-03
9557.2373 5.1518e-03
9560.1045 4.7485e-03
9562.9727 6.0820e-03
9565.8418 6.3314e-03
9568.7109 1.6014e-03
9571.5820 2.3816e-03
9574.4531 4.2055e-03
9577.3252 1.0693e-02
9580.1992 5.6498e-03
9583.0723 4.2139e-03
9585.9473 4.9355e-03
9588.8242 6.7090e-03
9591.7002 4.7999e-03
9594.5781 4.8447e-03
9597.4561 1.8992e-03
9600.3350 5.3837e-03
9603.2158 5.0643e-03
9606.0957 2.9226e-03
9608.9775 3.3917e-03
9611.8613 4.8543e-03
9614.7441 2.6344e-03
9617.6279 1.2692e-03
9620.5137 2.0411e-03
9623.4014 8.9825e-03
9626.2881 7.8431e-04
9629.1748 1.5883e-03
9632.0645 5.1932e-03
9634.9541 3.9300e-03
9637.8438 4.8871e-03
9640.7363 4.3120e-03
9643.6270 4.7312e-03
9646.5215 2.7392e-03
9649.4141 2.0924e-04
9652.3086 1.4867e-03
9655.2051 1.8501e-03
9658.1016 6.4508e-03
9660.9990 4.7573e-03
9663.8975 4.3707e-03
9666.7969 4.5559e-03
9669.6973 3.2348e-03
9672.5967 3.1226e-03
9675.5000 3.7534e-03
9678.4023 3.4837e-03
9681.3057 4.2998e-03
9684.2109 3.0405e-03
9687.1152 4.7394e-03
9690.0215 5.6017e-03
9692.9287 6.0724e-03
9695.8369 2.9217e-03
9698.7441 4.7235e-03
9701.6553 3.1273e-03
9704.5645 4.1895e-03
9707.4775 1.3686e-03
9710.3887 5.1644e-03
9713.3008 2.2322e-03
9716.2158 5.4302e-03
9719.1299 1.6527e-03
9722.0459 2.2743e-03
9724.9629 6.5509e-03
9727.8809 4.8580e-03
9730.7988 1.5881e-03
9733.7178 4.7244e-03
9736.6387 4.3005e-03
9739.5586 4.9956e-03
9742.4805 6.7306e-04
9745.4033 7.2041e-03
9748.3281 5.5839e-03
9751.2520 2.3976e-03
9754.1777 3.6577e-03
9757.1035 2.2699e-03
9760.0303 3.5414e-03
9762.9590 6.0785e-03
9765.8877 4.8353e-03
9768.8174 3.3506e-03
9771.7480 3.3971e-03
9774.6797 3.7233e-03
9777.6113 3.8099e-03
9780.5459 4.1655e-04
9783.4795 1.6223e-03
9786.4141 3.8507e-03
9789.3496 1.1518e-03
9792.2871 4.3951e-03
9795.2256 1.3220e-03
9798.1641 5.3134e-04
9801.1035 4.2734e-03
9804.0430 2.9191e-03
9806.9844 1.5008e-03
9809.9268 1.4605e-03
9812.8691 1.3244e-03
9815.8125 3.8404e-03
9818.7578 2.7379e-03
9821.7041 5.1836e-03
9824.6494 6.9333e-03
9827.5967 5.0995e-03
9830.5469 4.0726e-03
9833.4951 2.8653e-03
9836.4453 2.7781e-03
9839.3965 2.7916e-03
9842.3486 3.6132e-03
9845.2998 5.6448e-03
9848.2549 5.7055e-03
9851.2080 5.0502e-03
9854.1641 3.0420e-04
9857.1201 4.7771e-03
9860.0771 3.9826e-03
9863.0361 3.3182e-03
9865.9941 6.0642e-03
9868.9541 9.8519e-03
9871.9150 3.6188e-03
9874.8760 2.1200e-03
9877.8389 1.8556e-03
9880.8018 2.2054e-03
9883.7666 2.1049e-03
9886.7324 2.3903e-03
9889.6982 1.8435e-03
9892.6641 2.9684e-03
9895.6338 6.1457e-03
9898.6016 3.4093e-04
9901.5713 1.4557e-03
9904.5420 4.3409e-03
9907.5127 4.8562e-03
9910.4854 4.1521e-03
9913.4590 2.3462e-03
9916.4326 1.9710e-03
9919.4072 5.2496e-03
9922.3828 6.8386e-03
9925.3584 5.4197e-03
9928.3379 3.0872e-03
9931.3164 2.1168e-03
9934.2949 6.2329e-03
9937.2754 1.0909e-03
9940.2568 2.2600e-03
9943.2383 5.4850e-03
9946.2207 1.3200e-03
9949.2061 4.1068e-03
9952.1904 1.1448e-03
9955.1758 6.5169e-04
9958.1631 3.2311e-03
9961.1494 3.6592e-03
9964.1387 2.5080e-03
9967.1279 3.9960e-03
9970.1182 4.9101e-03
9973.1084 4.5220e-03
9976.1006 2.6140e-03
9979.0928 6.2959e-03
9982.0859 3.8892e-03
9985.0820 3.0638e-03
9988.0771 8.1576e-03
9991.0732 5.7941e-03
9994.0713 3.6329e-03
9997.0693 4.7867e-03
10000.0684 4.2327e-03
10003.0674 3.4607e-03
10006.0684 2.4449e-04
10009.0713 8.6693e-03
10012.0742 5.3312e-03
10015.0771 2.4201e-03
10018.0820 5.9361e-03
10021.0879 2.2407e-03
10024.0938 3.9794e-03
10027.1006 5.1007e-03
10030.1084 4.9465e-03
10033.1172 3.1597e-03
10036.1270 2.5392e-03
10039.1387 2.9155e-03
10042.1504 6.2913e-03
10045.1631 5.1589e-03
10048.1768 1.2517e-03
10051.1924 3.0484e-03
10054.2061 5.6660e-03
10057.2227 2.5748e-03
10060.2402 2.4180e-03
10063.2578 5.3633e-03
10066.2773 3.0674e-03
10069.2969 3.0022e-03
10072.3174 4.5637e-03
10075.3379 2.9986e-03
10078.3623 8.2302e-03
10081.3848 5.6327e-03
10084.4102 2.0376e-03
10087.4346 2.9891e-03
10090.4619 4.4677e-03
10093.4883 2.1054e-03
10096.5166 2.3007e-03
10099.5459 5.9788e-03
10102.5742 2.9194e-03
10105.6055 5.3353e-03
10108.6367 2.1811e-03
10111.6709 2.6186e-03
10114.7041 2.3175e-03
10117.7383 2.7767e-03
10120.7734 1.4336e-03
10123.8105 3.3533e-03
10126.8477 1.1442e-03
10129.8857 5.2353e-03
10132.9248 2.1138e-03
10135.9648 1.8097e-03
10139.0049 4.2904e-03
10142.0479 2.9287e-03
10145.0879 3.4686e-03
10148.1318 2.9201e-03
10151.1768 4.4494e-04
10154.2227 5.4192e-03
10157.2686 1.4169e-03
10160.3154 4.1983e-03
10163.3643 2.0535e-03
10166.4121 4.7495e-03
10169.4629 2.1477e-03
10172.5137 3.5350e-03
10175.5654 5.8622e-03
10178.6191 4.0427e-03
10181.6719 5.2179e-03
10184.7256 5.5797e-03
10187.7822 2.0654e-03
10190.8379 5.3026e-03
10193.8945 2.7422e-03
10196.9541 2.2062e-03
10200.0127 2.1586e-03
10203.0723 3.1482e-03
10206.1328 6.1010e-03
10209.1953 5.7590e-03
10212.2578 3.6619e-03
10215.3223 2.6179e-03
10218.3867 2.6981e-03
10221.4521 4.3896e-03
10224.5186 2.1669e-03
10227.5850 1.4333e-03
10230.6543 7.2412e-03
10233.7246 4.1199e-03
10236.7930 1.5573e-03
10239.8643 3.3361e-03
10242.9355 3.2633e-04
10246.0098 3.1891e-03
10249.0830 6.7514e-03
10252.1572 1.8933e-03
10255.2334 3.4810e-03
10258.3096 8.8879e-04
10261.3877 2.7512e-03
10264.4648 4.2737e-03
10267.5449 5.3508e-03
10270.6250 4.1160e-03
