# time_explosion = 16.75
# 
3082.8928 8.3841e-02
3083.8179 6.5477e-02
3084.7432 8.6951e-02
3085.6685 6.2964e-02
3086.5940 7.4987e-02
3087.5200 8.0773e-02
3088.4463 7.7160e-02
3089.3728 8.2449e-02
3090.2996 8.7241e-02
3091.2268 8.7541e-02
3092.1541 6.8557e-02
3093.0815 6.8127e-02
3094.0098 7.5420e-02
3094.9380 6.7708e-02
3095.8665 9.0495e-02
3096.7952 7.7737e-02
3097.7241 8.3973e-02
3098.6536 8.1590e-02
3099.5828 5.5443e-02
3100.5129 7.5059e-02
3101.4431 5.6015e-02
3102.3735 6.0878e-02
3103.3042 6.9794e-02
3104.2354 6.9976e-02
3105.1665 6.3151e-02
3106.0981 8.6217e-02
3107.0300 6.2979e-02
3107.9619 7.5783e-02
3108.8943 6.6803e-02
3109.8269 6.1127e-02
3110.7600 4.9474e-02
3111.6929 6.7856e-02
3112.6265 6.7065e-02
3113.5605 5.6166e-02
3114.4944 6.1940e-02
3115.4290 7.1964e-02
3116.3635 7.1190e-02
3117.2986 5.5159e-02
3118.2336 6.8007e-02
3119.1689 8.3590e-02
3120.1047 6.6427e-02
3121.0410 5.8649e-02
3121.9773 8.6327e-02
3122.9136 6.9315e-02
3123.8508 6.4313e-02
3124.7878 7.5155e-02
3125.7251 6.9296e-02
3126.6628 6.6741e-02
3127.6008 5.2281e-02
3128.5393 6.4052e-02
3129.4778 5.6727e-02
3130.4170 4.9622e-02
3131.3557 4.3777e-02
3132.2954 8.3626e-02
3133.2349 5.7775e-02
3134.1748 6.3392e-02
3135.1150 6.6586e-02
3136.0559 5.6504e-02
3136.9968 6.5745e-02
3137.9377 4.8822e-02
3138.8789 6.9953e-02
3139.8206 4.9376e-02
3140.7625 6.4381e-02
3141.7046 6.6901e-02
3142.6472 5.9025e-02
3143.5901 5.4639e-02
3144.5334 5.7056e-02
3145.4766 4.8570e-02
3146.4202 7.3453e-02
3147.3643 6.5299e-02
3148.3086 6.0893e-02
3149.2529 7.6188e-02
3150.1975 5.7207e-02
3151.1426 6.4677e-02
3152.0881 5.5666e-02
3153.0337 5.6114e-02
3153.9795 7.2163e-02
3154.9255 6.2531e-02
3155.8723 4.8896e-02
3156.8188 7.0987e-02
3157.7661 4.5933e-02
3158.7134 7.4607e-02
3159.6609 5.8719e-02
3160.6086 7.1366e-02
3161.5571 7.8162e-02
3162.5054 6.9195e-02
3163.4541 6.9393e-02
3164.4031 5.3441e-02
3165.3528 7.0770e-02
3166.3022 5.4071e-02
3167.2522 6.0278e-02
3168.2024 6.1446e-02
3169.1526 6.4463e-02
3170.1035 4.7108e-02
3171.0544 6.2220e-02
3172.0061 7.0376e-02
3172.9573 6.3763e-02
3173.9092 5.7511e-02
3174.8613 1.0009e-01
3175.8140 7.7905e-02
3176.7668 6.7184e-02
3177.7197 7.3268e-02
3178.6729 6.9621e-02
3179.6267 5.8719e-02
3180.5808 7.3069e-02
3181.5347 6.1764e-02
3182.4893 6.6231e-02
3183.4438 5.1711e-02
3184.3987 4.8477e-02
3185.3542 7.3368e-02
3186.3101 7.8239e-02
3187.2659 7.6695e-02
3188.2217 7.5778e-02
3189.1785 6.7662e-02
3190.1350 6.8465e-02
3191.0920 6.7220e-02
3192.0493 7.5161e-02
3193.0071 5.3340e-02
3193.9651 4.5008e-02
3194.9233 7.3390e-02
3195.8818 6.4550e-02
3196.8408 7.3244e-02
3197.7996 7.3697e-02
3198.7590 6.3687e-02
3199.7185 6.5333e-02
3200.6782 7.1817e-02
3201.6387 6.3883e-02
3202.5991 7.1653e-02
3203.5598 7.3902e-02
3204.5208 4.9269e-02
3205.4824 8.9635e-02
3206.4441 7.1639e-02
3207.4058 7.2979e-02
3208.3682 6.3586e-02
3209.3306 6.8856e-02
3210.2935 7.1282e-02
3211.2563 5.5130e-02
3212.2200 7.9973e-02
3213.1833 8.5483e-02
3214.1472 7.0029e-02
3215.1118 6.7065e-02
3216.0764 5.0357e-02
3217.0413 6.3127e-02
3218.0061 7.0888e-02
3218.9714 7.0645e-02
3219.9373 7.3525e-02
3220.9031 6.7143e-02
3221.8699 6.6871e-02
3222.8362 6.8168e-02
3223.8030 7.1436e-02
3224.7700 5.4695e-02
3225.7375 5.8398e-02
3226.7053 4.8521e-02
3227.6731 6.0318e-02
3228.6416 6.7439e-02
3229.6101 6.9333e-02
3230.5791 6.6182e-02
3231.5483 9.4251e-02
3232.5178 5.3271e-02
3233.4875 6.6682e-02
3234.4575 6.6728e-02
3235.4280 5.6566e-02
3236.3984 6.9488e-02
3237.3691 7.1708e-02
3238.3403 5.6836e-02
3239.3120 7.3167e-02
3240.2839 6.8352e-02
3241.2559 7.3193e-02
3242.2285 6.3872e-02
3243.2012 6.0521e-02
3244.1743 7.1884e-02
3245.1472 5.4853e-02
3246.1208 7.7544e-02
3247.0947 8.0758e-02
3248.0688 8.6447e-02
3249.0432 4.2615e-02
3250.0178 5.8880e-02
3250.9929 6.3850e-02
3251.9680 8.1965e-02
3252.9438 5.9052e-02
3253.9194 8.7780e-02
3254.8958 8.4917e-02
3255.8723 5.9993e-02
3256.8489 8.5489e-02
3257.8262 4.7677e-02
3258.8035 7.1549e-02
3259.7810 6.6083e-02
3260.7593 8.0658e-02
3261.7373 6.8112e-02
3262.7158 5.8667e-02
3263.6946 7.9923e-02
3264.6736 7.1838e-02
3265.6531 7.1040e-02
3266.6331 5.7210e-02
3267.6130 8.4986e-02
3268.5930 6.3628e-02
3269.5735 8.1769e-02
3270.5544 6.3628e-02
3271.5356 6.7322e-02
3272.5171 6.4605e-02
3273.4990 9.2673e-02
3274.4812 7.5975e-02
3275.4634 7.8959e-02
3276.4458 8.3281e-02
3277.4287 6.4650e-02
3278.4124 7.4962e-02
3279.3958 1.0004e-01
3280.3794 5.8778e-02
3281.3635 7.7871e-02
3282.3479 9.2330e-02
3283.3325 8.0600e-02
3284.3179 7.8352e-02
3285.3030 8.7915e-02
3286.2888 9.1024e-02
3287.2744 9.4813e-02
3288.2605 8.5869e-02
3289.2471 7.7059e-02
3290.2339 9.7917e-02
3291.2212 8.7108e-02
3292.2083 8.7267e-02
3293.1958 8.5294e-02
3294.1838 1.1324e-01
3295.1724 9.7381e-02
3296.1609 7.9368e-02
3297.1497 1.0440e-01
3298.1387 8.1783e-02
3299.1282 8.7914e-02
3300.1177 1.1041e-01
3301.1079 9.5385e-02
3302.0984 1.0140e-01
3303.0889 8.6033e-02
3304.0798 1.1165e-01
3305.0713 9.6645e-02
3306.0627 9.3730e-02
3307.0544 1.1988e-01
3308.0466 9.7246e-02
3309.0391 9.5439e-02
3310.0317 9.1969e-02
3311.0247 1.0031e-01
3312.0178 1.2414e-01
3313.0117 1.1281e-01
3314.0054 1.0015e-01
3315.0000 1.0726e-01
3315.9941 1.1242e-01
3316.9890 1.0199e-01
3317.9839 1.1264e-01
3318.9795 1.1738e-01
3319.9751 1.1466e-01
3320.9712 1.1866e-01
3321.9678 1.1764e-01
3322.9639 1.2880e-01
3323.9607 1.2882e-01
3324.9580 9.7494e-02
3325.9558 1.3017e-01
3326.9536 1.0526e-01
3327.9514 1.1456e-01
3328.9497 1.1346e-01
3329.9482 1.3578e-01
3330.9475 1.0457e-01
3331.9468 1.1083e-01
3332.9463 1.3042e-01
3333.9463 8.3678e-02
3334.9463 1.0965e-01
3335.9473 1.2576e-01
3336.9478 1.1157e-01
3337.9487 1.2687e-01
3338.9502 1.4268e-01
3339.9517 1.4666e-01
3340.9536 1.2141e-01
3341.9561 1.0243e-01
3342.9587 1.3620e-01
3343.9614 1.0561e-01
3344.9651 1.3579e-01
3345.9685 1.4243e-01
3346.9722 1.3383e-01
3347.9763 1.1839e-01
3348.9805 1.3534e-01
3349.9854 1.2455e-01
3350.9902 1.0945e-01
3351.9956 1.0536e-01
3353.0010 1.3056e-01
3354.0073 1.3650e-01
3355.0129 1.3304e-01
3356.0198 1.2234e-01
3357.0264 1.2596e-01
3358.0334 1.1845e-01
3359.0410 1.2908e-01
3360.0488 1.3467e-01
3361.0569 1.4017e-01
3362.0654 1.4627e-01
3363.0740 1.3050e-01
3364.0828 1.6185e-01
3365.0918 1.4214e-01
3366.1013 1.4763e-01
3367.1113 1.4812e-01
3368.1213 1.4714e-01
3369.1318 1.4133e-01
3370.1426 1.3353e-01
3371.1536 1.6739e-01
3372.1650 1.3696e-01
3373.1768 1.3868e-01
3374.1885 1.7973e-01
3375.2004 1.6860e-01
3376.2134 1.5746e-01
3377.2261 1.1529e-01
3378.2395 1.4218e-01
3379.2529 1.3685e-01
3380.2664 1.3651e-01
3381.2805 1.5337e-01
3382.2952 1.6141e-01
3383.3098 1.3585e-01
3384.3250 1.5979e-01
3385.3401 1.6292e-01
3386.3557 1.4992e-01
3387.3716 1.2427e-01
3388.3879 1.7266e-01
3389.4045 1.6893e-01
3390.4211 1.5534e-01
3391.4385 1.6138e-01
3392.4558 1.5392e-01
3393.4736 1.9267e-01
3394.4915 2.0002e-01
3395.5100 1.8743e-01
3396.5286 1.7619e-01
3397.5474 1.6206e-01
3398.5667 1.8399e-01
3399.5862 1.6002e-01
3400.6062 1.8154e-01
3401.6262 1.8095e-01
3402.6467 1.7184e-01
3403.6677 1.7908e-01
3404.6887 1.5732e-01
3405.7100 1.7635e-01
3406.7319 1.4753e-01
3407.7539 1.5605e-01
3408.7764 1.6488e-01
3409.7988 1.9896e-01
3410.8218 1.6951e-01
3411.8450 1.6152e-01
3412.8687 1.8285e-01
3413.8923 1.6275e-01
3414.9167 1.7895e-01
3415.9412 1.5119e-01
3416.9658 1.6358e-01
3417.9907 1.6264e-01
3419.0164 1.9483e-01
3420.0420 1.6898e-01
3421.0681 1.8567e-01
3422.0945 1.8243e-01
3423.1208 2.0088e-01
3424.1479 1.7892e-01
3425.1753 2.0090e-01
3426.2029 1.5118e-01
3427.2307 1.7390e-01
3428.2588 1.8113e-01
3429.2871 1.5532e-01
3430.3159 1.9308e-01
3431.3452 1.8405e-01
3432.3748 2.0001e-01
3433.4041 1.7563e-01
3434.4346 1.8827e-01
3435.4646 1.3878e-01
3436.4954 1.8534e-01
3437.5261 1.7617e-01
3438.5579 1.6706e-01
3439.5894 1.7316e-01
3440.6208 2.0364e-01
3441.6531 1.4615e-01
3442.6855 1.8521e-01
3443.7183 1.7576e-01
3444.7515 1.7997e-01
3445.7852 1.8272e-01
3446.8186 2.1981e-01
3447.8525 1.3972e-01
3448.8872 1.7101e-01
3449.9216 1.6998e-01
3450.9568 1.7362e-01
3451.9919 1.8771e-01
3453.0276 2.0021e-01
3454.0637 1.6386e-01
3455.0999 1.6236e-01
3456.1362 1.8099e-01
3457.1731 1.8255e-01
3458.2102 1.5427e-01
3459.2476 1.5936e-01
3460.2856 1.8187e-01
3461.3235 1.6901e-01
3462.3621 1.7120e-01
3463.4004 1.7656e-01
3464.4399 1.8285e-01
3465.4790 1.8457e-01
3466.5188 1.8807e-01
3467.5586 1.8509e-01
3468.5989 1.8980e-01
3469.6394 1.7747e-01
3470.6804 1.4617e-01
3471.7217 1.8325e-01
3472.7629 1.9560e-01
3473.8049 1.9633e-01
3474.8469 1.5951e-01
3475.8894 1.7718e-01
3476.9321 1.6120e-01
3477.9751 1.7941e-01
3479.0188 1.5921e-01
3480.0625 1.8741e-01
3481.1064 1.7732e-01
3482.1509 1.7380e-01
3483.1956 1.9096e-01
3484.2407 1.8988e-01
3485.2856 1.6938e-01
3486.3313 1.9321e-01
3487.3772 1.7285e-01
3488.4233 2.0634e-01
3489.4697 1.5778e-01
3490.5168 1.7698e-01
3491.5640 1.9905e-01
3492.6116 1.7259e-01
3493.6592 1.6786e-01
3494.7073 1.7350e-01
3495.7556 1.7453e-01
3496.8044 1.7632e-01
3497.8535 1.7329e-01
3498.9026 1.5703e-01
3499.9526 1.6523e-01
3501.0024 1.8321e-01
3502.0527 1.5137e-01
3503.1033 1.7085e-01
3504.1543 1.5099e-01
3505.2058 1.8864e-01
3506.2571 1.6278e-01
3507.3088 1.6992e-01
3508.3613 1.6508e-01
3509.4136 1.9896e-01
3510.4663 2.0041e-01
3511.5193 1.7892e-01
3512.5730 1.8307e-01
3513.6270 1.8610e-01
3514.6809 1.6862e-01
3515.7351 1.6027e-01
3516.7898 1.8582e-01
3517.8452 1.7855e-01
3518.9004 1.6128e-01
3519.9561 1.8086e-01
3521.0122 1.6478e-01
3522.0686 1.8556e-01
3523.1250 1.7254e-01
3524.1821 1.8589e-01
3525.2390 1.7638e-01
3526.2969 1.5669e-01
3527.3547 1.5115e-01
3528.4126 1.7199e-01
3529.4714 1.8262e-01
3530.5303 1.7014e-01
3531.5894 1.7683e-01
3532.6487 1.7222e-01
3533.7090 1.4569e-01
3534.7688 1.5747e-01
3535.8293 1.8762e-01
3536.8901 1.6474e-01
3537.9512 1.4730e-01
3539.0122 2.0918e-01
3540.0740 1.6560e-01
3541.1360 1.6982e-01
3542.1987 1.7187e-01
3543.2612 1.8973e-01
3544.3245 1.6008e-01
3545.3875 1.7033e-01
3546.4509 2.0634e-01
3547.5154 1.7198e-01
3548.5793 1.5577e-01
3549.6438 1.8891e-01
3550.7087 1.7556e-01
3551.7739 1.9119e-01
3552.8396 1.5820e-01
3553.9053 1.5878e-01
3554.9714 1.7026e-01
3556.0378 1.5603e-01
3557.1050 1.5976e-01
3558.1716 1.7897e-01
3559.2395 1.7166e-01
3560.3071 1.6467e-01
3561.3752 1.6707e-01
3562.4436 1.6952e-01
3563.5125 1.5736e-01
3564.5813 1.4044e-01
3565.6506 1.5589e-01
3566.7205 1.6975e-01
3567.7905 1.4154e-01
3568.8611 1.6836e-01
3569.9316 1.4274e-01
3571.0027 1.7439e-01
3572.0737 1.2887e-01
3573.1455 1.3897e-01
3574.2175 1.6645e-01
3575.2896 1.8081e-01
3576.3625 1.8804e-01
3577.4351 1.8382e-01
3578.5083 1.7615e-01
3579.5820 1.8448e-01
3580.6560 1.7571e-01
3581.7300 2.0735e-01
3582.8047 1.6777e-01
3583.8792 2.0958e-01
3584.9546 1.7250e-01
3586.0298 1.7943e-01
3587.1060 1.5015e-01
3588.1821 2.1328e-01
3589.2583 1.8176e-01
3590.3352 1.6082e-01
3591.4124 1.7141e-01
3592.4897 1.9553e-01
3593.5671 1.6263e-01
3594.6455 1.6650e-01
3595.7241 1.9104e-01
3596.8025 1.8091e-01
3597.8818 1.8783e-01
3598.9609 1.6345e-01
3600.0405 2.0313e-01
3601.1204 1.9570e-01
3602.2009 1.9157e-01
3603.2817 1.9135e-01
3604.3625 1.7595e-01
3605.4441 1.7575e-01
3606.5256 1.9179e-01
3607.6074 2.0896e-01
3608.6899 1.9847e-01
3609.7725 1.9496e-01
3610.8552 2.1161e-01
3611.9385 2.3157e-01
3613.0222 1.9722e-01
3614.1062 2.1311e-01
3615.1904 2.3219e-01
3616.2749 2.3479e-01
3617.3599 1.8578e-01
3618.4451 1.9837e-01
3619.5303 1.8330e-01
3620.6165 1.9763e-01
3621.7024 2.2453e-01
3622.7891 2.1995e-01
3623.8760 1.6593e-01
3624.9631 2.1470e-01
3626.0508 2.2265e-01
3627.1382 1.9856e-01
3628.2266 2.2454e-01
3629.3152 2.0070e-01
3630.4038 2.1590e-01
3631.4927 2.1329e-01
3632.5825 2.0183e-01
3633.6721 2.2895e-01
3634.7622 1.9859e-01
3635.8528 2.2886e-01
3636.9434 2.1634e-01
3638.0347 2.1260e-01
3639.1257 2.3448e-01
3640.2178 2.0694e-01
3641.3098 2.2173e-01
3642.4021 2.0934e-01
3643.4946 2.1440e-01
3644.5881 2.4401e-01
3645.6814 1.8362e-01
3646.7751 2.1839e-01
3647.8691 2.2549e-01
3648.9634 2.1494e-01
3650.0581 2.2933e-01
3651.1533 2.2219e-01
3652.2480 2.2116e-01
3653.3442 2.1250e-01
3654.4402 2.2040e-01
3655.5364 2.3157e-01
3656.6333 2.0918e-01
3657.7300 2.2508e-01
3658.8274 2.0090e-01
3659.9250 1.9413e-01
3661.0232 2.0788e-01
3662.1213 2.1985e-01
3663.2202 2.2316e-01
3664.3188 2.2531e-01
3665.4182 2.0428e-01
3666.5181 1.9702e-01
3667.6179 2.2861e-01
3668.7183 2.4943e-01
3669.8186 2.3922e-01
3670.9197 2.3350e-01
3672.0210 1.8805e-01
3673.1226 2.2391e-01
3674.2241 2.2793e-01
3675.3269 2.4998e-01
3676.4294 2.2220e-01
3677.5325 2.4351e-01
3678.6355 1.9000e-01
3679.7390 2.1010e-01
3680.8430 2.3250e-01
3681.9473 2.1191e-01
3683.0518 2.1261e-01
3684.1570 2.2259e-01
3685.2620 2.2508e-01
3686.3677 2.3947e-01
3687.4739 2.1630e-01
3688.5796 2.2238e-01
3689.6865 1.7149e-01
3690.7932 2.1677e-01
3691.9006 2.3967e-01
3693.0081 2.0400e-01
3694.1160 2.0552e-01
3695.2241 1.9443e-01
3696.3328 2.2379e-01
3697.4417 1.9573e-01
3698.5508 2.0439e-01
3699.6606 2.3388e-01
3700.7703 2.2724e-01
3701.8806 2.0042e-01
3702.9910 2.0350e-01
3704.1023 2.4109e-01
3705.2136 1.9994e-01
3706.3247 2.0345e-01
3707.4370 1.9413e-01
3708.5491 1.8006e-01
3709.6616 1.8135e-01
3710.7744 2.1587e-01
3711.8877 2.0826e-01
3713.0012 2.2012e-01
3714.1152 1.9054e-01
3715.2292 1.8949e-01
3716.3440 1.9380e-01
3717.4590 2.2226e-01
3718.5742 1.7826e-01
3719.6897 2.1416e-01
3720.8057 2.0445e-01
3721.9219 1.9807e-01
3723.0383 1.9869e-01
3724.1553 1.8923e-01
3725.2725 1.7929e-01
3726.3904 1.6682e-01
3727.5081 1.9632e-01
3728.6265 2.0080e-01
3729.7451 2.0579e-01
3730.8640 1.9115e-01
3731.9832 1.9799e-01
3733.1028 1.8084e-01
3734.2227 1.8516e-01
3735.3428 1.8487e-01
3736.4636 1.7503e-01
3737.5842 1.8652e-01
3738.7056 1.7395e-01
3739.8276 1.8157e-01
3740.9490 1.8792e-01
3742.0718 1.6986e-01
3743.1943 1.8411e-01
3744.3171 1.6350e-01
3745.4404 1.7999e-01
3746.5640 1.6639e-01
3747.6880 1.6178e-01
3748.8125 1.6416e-01
3749.9368 1.8847e-01
3751.0620 1.6933e-01
3752.1873 1.6952e-01
3753.3130 1.7059e-01
3754.4387 1.8239e-01
3755.5652 1.6311e-01
3756.6919 1.7654e-01
3757.8188 1.6961e-01
3758.9463 1.7571e-01
3760.0737 1.4787e-01
3761.2019 1.3446e-01
3762.3306 1.7280e-01
3763.4590 1.8060e-01
3764.5881 1.5012e-01
3765.7175 1.6431e-01
3766.8472 1.6986e-01
3767.9771 1.6857e-01
3769.1079 1.8474e-01
3770.2383 1.6995e-01
3771.3694 1.6795e-01
3772.5007 1.6608e-01
3773.6328 1.4764e-01
3774.7646 1.7959e-01
3775.8972 1.7320e-01
3777.0298 1.6579e-01
3778.1628 1.7501e-01
3779.2964 1.8925e-01
3780.4302 1.7322e-01
3781.5642 1.6911e-01
3782.6987 1.2190e-01
3783.8335 1.5774e-01
3784.9690 1.6730e-01
3786.1042 1.6273e-01
3787.2400 1.5500e-01
3788.3762 1.5355e-01
3789.5125 1.8220e-01
3790.6497 1.6145e-01
3791.7869 1.5731e-01
3792.9246 1.4484e-01
3794.0625 1.5828e-01
3795.2007 1.5371e-01
3796.3391 1.5578e-01
3797.4778 1.5796e-01
3798.6169 1.5563e-01
3799.7568 1.8556e-01
3800.8967 1.7491e-01
3802.0371 1.7624e-01
3803.1775 1.7467e-01
3804.3181 1.7254e-01
3805.4597 1.7286e-01
3806.6013 1.4718e-01
3807.7434 1.9465e-01
3808.8857 1.9565e-01
3810.0286 1.9423e-01
3811.1714 1.7610e-01
3812.3149 2.0384e-01
3813.4583 1.7847e-01
3814.6025 1.7615e-01
3815.7468 1.7795e-01
3816.8916 1.7808e-01
3818.0369 2.0242e-01
3819.1824 2.1169e-01
3820.3281 2.1798e-01
3821.4741 2.3901e-01
3822.6201 2.1717e-01
3823.7671 2.1574e-01
3824.9143 2.1167e-01
3826.0615 1.8700e-01
3827.2097 2.0705e-01
3828.3577 2.5973e-01
3829.5063 2.1233e-01
3830.6553 2.4500e-01
3831.8044 2.6517e-01
3832.9539 2.2466e-01
3834.1035 2.8037e-01
3835.2539 2.5265e-01
3836.4045 2.5915e-01
3837.5554 2.7388e-01
3838.7068 2.4663e-01
3839.8582 2.7081e-01
3841.0103 2.8811e-01
3842.1628 2.7879e-01
3843.3152 2.8606e-01
3844.4683 2.9969e-01
3845.6216 2.9171e-01
3846.7754 2.5920e-01
3847.9294 3.3068e-01
3849.0835 2.8429e-01
3850.2383 3.1574e-01
3851.3933 2.8557e-01
3852.5488 2.9991e-01
3853.7051 3.3930e-01
3854.8606 2.8560e-01
3856.0173 2.9851e-01
3857.1741 2.7405e-01
3858.3313 3.0345e-01
3859.4883 3.3906e-01
3860.6465 3.2279e-01
3861.8047 3.3106e-01
3862.9631 3.2297e-01
3864.1221 3.0688e-01
3865.2815 3.3019e-01
3866.4412 2.7739e-01
3867.6011 3.0503e-01
3868.7610 3.4165e-01
3869.9216 2.8582e-01
3871.0828 3.3889e-01
3872.2441 2.8305e-01
3873.4058 2.7637e-01
3874.5676 3.0988e-01
3875.7302 3.1606e-01
3876.8931 2.8130e-01
3878.0559 3.4667e-01
3879.2192 2.9310e-01
3880.3831 3.2159e-01
3881.5474 3.4041e-01
3882.7119 3.1997e-01
3883.8767 2.8119e-01
3885.0420 3.0550e-01
3886.2073 3.3946e-01
3887.3728 3.0172e-01
3888.5391 3.2128e-01
3889.7061 3.3290e-01
3890.8730 3.6487e-01
3892.0400 3.5849e-01
3893.2078 3.5114e-01
3894.3755 3.2304e-01
3895.5439 3.0292e-01
3896.7126 3.1917e-01
3897.8813 3.1617e-01
3899.0508 3.1619e-01
3900.2209 2.8697e-01
3901.3909 3.5637e-01
3902.5613 3.0564e-01
3903.7322 2.9770e-01
3904.9031 3.0725e-01
3906.0747 2.8869e-01
3907.2463 3.1231e-01
3908.4187 3.2517e-01
3909.5911 3.1559e-01
3910.7642 3.1335e-01
3911.9373 3.4366e-01
3913.1111 3.1049e-01
3914.2849 3.3980e-01
3915.4592 3.2782e-01
3916.6335 3.3267e-01
3917.8086 3.0931e-01
3918.9839 3.0344e-01
3920.1597 3.2830e-01
3921.3359 3.2880e-01
3922.5120 3.3208e-01
3923.6887 3.2662e-01
3924.8660 3.2912e-01
3926.0432 3.2271e-01
3927.2212 3.0968e-01
3928.3994 3.6620e-01
3929.5779 3.6224e-01
3930.7568 3.6187e-01
3931.9360 3.3121e-01
3933.1157 3.2184e-01
3934.2954 3.6848e-01
3935.4758 4.2017e-01
3936.6562 3.9368e-01
3937.8374 3.4336e-01
3939.0186 3.1674e-01
3940.2004 3.8261e-01
3941.3826 3.8883e-01
3942.5649 4.1050e-01
3943.7478 3.7664e-01
3944.9307 3.3601e-01
3946.1147 4.0511e-01
3947.2983 3.5368e-01
3948.4824 3.4146e-01
3949.6670 3.7972e-01
3950.8521 3.8322e-01
3952.0369 3.6762e-01
3953.2227 3.5828e-01
3954.4089 3.9751e-01
3955.5950 3.9553e-01
3956.7812 4.2052e-01
3957.9688 3.8542e-01
3959.1560 3.9594e-01
3960.3438 4.1985e-01
3961.5320 4.3539e-01
3962.7202 4.3028e-01
3963.9094 3.7203e-01
3965.0984 3.8638e-01
3966.2881 4.1494e-01
3967.4778 3.8842e-01
3968.6680 3.8350e-01
3969.8584 3.3706e-01
3971.0498 4.2405e-01
3972.2412 4.2344e-01
3973.4326 4.1507e-01
3974.6248 4.3374e-01
3975.8171 3.8301e-01
3977.0095 4.1147e-01
3978.2029 4.0340e-01
3979.3962 4.1870e-01
3980.5901 4.3062e-01
3981.7844 4.2725e-01
3982.9790 4.3095e-01
3984.1736 4.2733e-01
3985.3691 4.2290e-01
3986.5647 4.0175e-01
3987.7605 3.9688e-01
3988.9568 4.2136e-01
3990.1538 3.8207e-01
3991.3506 4.3197e-01
3992.5481 4.5352e-01
3993.7456 4.7138e-01
3994.9441 4.1441e-01
3996.1423 4.0353e-01
3997.3413 4.0702e-01
3998.5408 4.5939e-01
3999.7397 4.0583e-01
4000.9402 4.0759e-01
4002.1401 4.0359e-01
4003.3408 3.9072e-01
4004.5415 4.1709e-01
4005.7434 4.0660e-01
4006.9448 4.2408e-01
4008.1470 3.7883e-01
4009.3496 3.8774e-01
4010.5522 3.8394e-01
4011.7556 4.1685e-01
4012.9587 4.2458e-01
4014.1628 4.2332e-01
4015.3672 4.4626e-01
4016.5715 4.2519e-01
4017.7769 4.1512e-01
4018.9817 4.5732e-01
4020.1875 4.1319e-01
4021.3936 3.9655e-01
4022.6003 4.2130e-01
4023.8071 4.0170e-01
4025.0142 3.7165e-01
4026.2214 3.7074e-01
4027.4294 3.9465e-01
4028.6377 4.1904e-01
4029.8462 4.2620e-01
4031.0554 3.7673e-01
4032.2646 4.1448e-01
4033.4744 3.9202e-01
4034.6843 3.7955e-01
4035.8945 3.8531e-01
4037.1052 3.8352e-01
4038.3167 3.8442e-01
4039.5281 4.2824e-01
4040.7397 4.4408e-01
4041.9524 3.4497e-01
4043.1648 3.6682e-01
4044.3777 3.9680e-01
4045.5913 4.0852e-01
4046.8047 3.8592e-01
4048.0186 4.2999e-01
4049.2332 3.7768e-01
4050.4480 3.6734e-01
4051.6628 3.6003e-01
4052.8784 3.4961e-01
4054.0942 3.7638e-01
4055.3108 3.4296e-01
4056.5273 3.7088e-01
4057.7444 3.9840e-01
4058.9614 3.8337e-01
4060.1792 3.4780e-01
4061.3970 4.0747e-01
4062.6155 3.7520e-01
4063.8345 3.4055e-01
4065.0535 3.7195e-01
4066.2732 3.7191e-01
4067.4929 3.5595e-01
4068.7131 3.5402e-01
4069.9338 3.7694e-01
4071.1548 3.0951e-01
4072.3762 3.1456e-01
4073.5981 3.6829e-01
4074.8201 3.6935e-01
4076.0427 3.5062e-01
4077.2654 3.4869e-01
4078.4885 3.5822e-01
4079.7119 3.0033e-01
4080.9358 3.2719e-01
4082.1602 3.4342e-01
4083.3845 3.2069e-01
4084.6099 3.5389e-01
4085.8354 3.6631e-01
4087.0608 3.3370e-01
4088.2869 3.0747e-01
4089.5137 3.0381e-01
4090.7407 3.1931e-01
4091.9678 3.5672e-01
4093.1953 3.0679e-01
4094.4233 3.1164e-01
4095.6519 2.8915e-01
4096.8799 3.2180e-01
4098.1094 3.2174e-01
4099.3384 3.1449e-01
4100.5684 3.0604e-01
4101.7988 3.0201e-01
4103.0293 3.3326e-01
4104.2598 3.2455e-01
4105.4912 3.0943e-01
4106.7231 3.3955e-01
4107.9546 3.0327e-01
4109.1875 3.3523e-01
4110.4204 3.3417e-01
4111.6533 2.9206e-01
4112.8867 2.9086e-01
4114.1211 3.1056e-01
4115.3545 3.0837e-01
4116.5898 3.5706e-01
4117.8247 2.8160e-01
4119.0596 3.3188e-01
4120.2954 3.1360e-01
4121.5317 3.2053e-01
4122.7681 2.9778e-01
4124.0049 3.1685e-01
4125.2422 3.0812e-01
4126.4800 2.9182e-01
4127.7178 3.1634e-01
4128.9561 2.9641e-01
4130.1948 3.3210e-01
4131.4336 2.8171e-01
4132.6733 3.0314e-01
4133.9126 2.7358e-01
4135.1533 3.1696e-01
4136.3936 3.1857e-01
4137.6348 2.9680e-01
4138.8760 3.2819e-01
4140.1172 3.0873e-01
4141.3599 3.2245e-01
4142.6021 2.9104e-01
4143.8447 2.9810e-01
4145.0879 3.0835e-01
4146.3315 3.1842e-01
4147.5752 3.2298e-01
4148.8198 2.7109e-01
4150.0640 3.2382e-01
4151.3091 2.6095e-01
4152.5547 3.1299e-01
4153.8003 3.4236e-01
4155.0464 3.1197e-01
4156.2930 2.7392e-01
4157.5400 3.2699e-01
4158.7871 3.3884e-01
4160.0352 3.0278e-01
4161.2827 3.4179e-01
4162.5312 3.3966e-01
4163.7803 3.2067e-01
4165.0293 3.1370e-01
4166.2783 3.0187e-01
4167.5288 2.8445e-01
4168.7788 3.3028e-01
4170.0298 2.9782e-01
4171.2803 3.1480e-01
4172.5317 3.0870e-01
4173.7837 3.4100e-01
4175.0356 3.3072e-01
4176.2886 3.1700e-01
4177.5410 2.9414e-01
4178.7944 2.7894e-01
4180.0479 3.3468e-01
4181.3022 3.0892e-01
4182.5566 2.8797e-01
4183.8115 3.2263e-01
4185.0664 2.9528e-01
4186.3223 3.0391e-01
4187.5776 3.1288e-01
4188.8340 3.6044e-01
4190.0903 3.2429e-01
4191.3477 2.5625e-01
4192.6050 2.9121e-01
4193.8628 3.0127e-01
4195.1206 3.5403e-01
4196.3794 3.0604e-01
4197.6387 2.9166e-01
4198.8975 3.1388e-01
4200.1577 2.7328e-01
4201.4175 3.1199e-01
4202.6782 3.0830e-01
4203.9390 3.0782e-01
4205.2002 3.0833e-01
4206.4614 2.9354e-01
4207.7231 2.9014e-01
4208.9858 3.0171e-01
4210.2485 3.0778e-01
4211.5112 2.9711e-01
4212.7749 3.0431e-01
4214.0391 3.0052e-01
4215.3032 3.5885e-01
4216.5679 2.9679e-01
4217.8330 3.1469e-01
4219.0981 3.0902e-01
4220.3638 3.0787e-01
4221.6299 2.8850e-01
4222.8965 2.8842e-01
4224.1636 2.7566e-01
4225.4302 3.2042e-01
4226.6978 2.7602e-01
4227.9658 2.7882e-01
4229.2349 3.1466e-01
4230.5034 2.7833e-01
4231.7725 3.1934e-01
4233.0415 3.0605e-01
4234.3115 2.8315e-01
4235.5825 3.3340e-01
4236.8525 3.1538e-01
4238.1235 2.5495e-01
4239.3955 3.1675e-01
4240.6670 2.8194e-01
4241.9390 3.0562e-01
4243.2119 3.1443e-01
4244.4844 2.8390e-01
4245.7583 3.1816e-01
4247.0317 2.9671e-01
4248.3062 3.1578e-01
4249.5806 3.2601e-01
4250.8555 2.9363e-01
4252.1309 2.6133e-01
4253.4062 3.1593e-01
4254.6821 3.1943e-01
4255.9590 2.8436e-01
4257.2358 2.8419e-01
4258.5127 3.1357e-01
4259.7900 2.5940e-01
4261.0679 2.7599e-01
4262.3462 3.0033e-01
4263.6250 2.9582e-01
4264.9043 2.8560e-01
4266.1841 2.8658e-01
4267.4639 2.8924e-01
4268.7432 3.0054e-01
4270.0244 2.6272e-01
4271.3052 3.1588e-01
4272.5869 2.8766e-01
4273.8682 3.0071e-01
4275.1509 3.1585e-01
4276.4336 2.9950e-01
4277.7163 2.9346e-01
4278.9995 2.8268e-01
4280.2837 3.2035e-01
4281.5674 2.7872e-01
4282.8521 2.3766e-01
4284.1367 3.1446e-01
4285.4219 2.9070e-01
4286.7075 2.8964e-01
4287.9937 2.7299e-01
4289.2798 3.2126e-01
4290.5669 2.9239e-01
4291.8540 3.1040e-01
4293.1416 2.8456e-01
4294.4292 2.9018e-01
4295.7183 2.6283e-01
4297.0063 2.8362e-01
4298.2954 2.8637e-01
4299.5854 3.0100e-01
4300.8750 2.7347e-01
4302.1650 2.7405e-01
4303.4561 2.6778e-01
4304.7471 2.8975e-01
4306.0381 2.7024e-01
4307.3301 2.7553e-01
4308.6221 2.6005e-01
4309.9150 3.1997e-01
4311.2075 2.8331e-01
4312.5015 2.9281e-01
4313.7949 3.0062e-01
4315.0889 2.5077e-01
4316.3838 2.5451e-01
4317.6787 2.9367e-01
4318.9741 3.0026e-01
4320.2700 2.4182e-01
4321.5654 2.6106e-01
4322.8623 2.7099e-01
4324.1592 2.8316e-01
4325.4565 2.8911e-01
4326.7539 2.6225e-01
4328.0518 2.7175e-01
4329.3501 2.4009e-01
4330.6494 2.7083e-01
4331.9482 2.7549e-01
4333.2480 2.6422e-01
4334.5479 2.9037e-01
4335.8477 2.7602e-01
4337.1489 2.7121e-01
4338.4502 2.6946e-01
4339.7515 2.9244e-01
4341.0537 2.7311e-01
4342.3560 2.8809e-01
4343.6582 3.0843e-01
4344.9614 2.3208e-01
4346.2646 2.7950e-01
4347.5693 2.8725e-01
4348.8735 2.9951e-01
4350.1782 2.7638e-01
4351.4829 2.5194e-01
4352.7886 2.8777e-01
4354.0938 2.8510e-01
4355.4009 2.6373e-01
4356.7070 2.7955e-01
4358.0137 2.6526e-01
4359.3218 2.5894e-01
4360.6294 2.5286e-01
4361.9375 2.5560e-01
4363.2461 2.8593e-01
4364.5552 2.9018e-01
4365.8643 2.6657e-01
4367.1743 2.8704e-01
4368.4844 2.4821e-01
4369.7954 2.7091e-01
4371.1060 2.7505e-01
4372.4170 2.5446e-01
4373.7285 2.6319e-01
4375.0415 2.7373e-01
4376.3540 2.7015e-01
4377.6665 2.2735e-01
4378.9800 2.7986e-01
4380.2935 2.3159e-01
4381.6074 2.8448e-01
4382.9219 3.0181e-01
4384.2363 2.5457e-01
4385.5522 2.5955e-01
4386.8677 2.7473e-01
4388.1841 2.7047e-01
4389.5010 2.7631e-01
4390.8169 2.6406e-01
4392.1343 2.5665e-01
4393.4521 2.5039e-01
4394.7700 2.6463e-01
4396.0884 2.8164e-01
4397.4077 2.8323e-01
4398.7266 2.7699e-01
4400.0464 2.5212e-01
4401.3667 2.9419e-01
4402.6870 2.4308e-01
4404.0073 2.7744e-01
4405.3291 2.8896e-01
4406.6504 2.9554e-01
4407.9722 2.5183e-01
4409.2944 2.6518e-01
4410.6172 2.9082e-01
4411.9404 2.9721e-01
4413.2642 2.4734e-01
4414.5879 2.8349e-01
4415.9126 2.8681e-01
4417.2373 2.6432e-01
4418.5625 2.8476e-01
4419.8882 2.8321e-01
4421.2139 2.9588e-01
4422.5405 2.8278e-01
4423.8672 3.1698e-01
4425.1938 2.9870e-01
4426.5220 3.2969e-01
4427.8496 2.7897e-01
4429.1787 2.9687e-01
4430.5063 2.9855e-01
4431.8364 3.1388e-01
4433.1655 3.0421e-01
4434.4956 2.7511e-01
4435.8262 2.6716e-01
4437.1567 3.2584e-01
4438.4878 2.8161e-01
4439.8193 3.3571e-01
4441.1514 2.9596e-01
4442.4834 3.1210e-01
4443.8164 3.0020e-01
4445.1494 3.4529e-01
4446.4829 3.0124e-01
4447.8169 3.5458e-01
4449.1514 3.0236e-01
4450.4863 3.2393e-01
4451.8213 3.1805e-01
4453.1567 3.1289e-01
4454.4927 3.5270e-01
4455.8291 3.2016e-01
4457.1660 3.1111e-01
4458.5029 3.4798e-01
4459.8403 3.5888e-01
4461.1787 3.5838e-01
4462.5171 3.7764e-01
4463.8555 3.9219e-01
4465.1948 3.4457e-01
4466.5347 3.4065e-01
4467.8740 3.7281e-01
4469.2144 3.3746e-01
4470.5552 3.1438e-01
4471.8970 3.3126e-01
4473.2383 3.7021e-01
4474.5806 3.9430e-01
4475.9229 3.5807e-01
4477.2651 3.3712e-01
4478.6084 3.3752e-01
4479.9521 3.6803e-01
4481.2959 3.7645e-01
4482.6406 3.3551e-01
4483.9854 3.4597e-01
4485.3306 3.6346e-01
4486.6763 3.8618e-01
4488.0220 4.0348e-01
4489.3682 3.7610e-01
4490.7153 3.4447e-01
4492.0620 3.5881e-01
4493.4102 3.7020e-01
4494.7578 3.4721e-01
4496.1069 3.8523e-01
4497.4556 3.5806e-01
4498.8047 3.9916e-01
4500.1543 3.8691e-01
4501.5044 3.8197e-01
4502.8550 3.8367e-01
4504.2056 3.2466e-01
4505.5566 3.6643e-01
4506.9082 3.5218e-01
4508.2607 3.5821e-01
4509.6133 3.9224e-01
4510.9658 3.6317e-01
4512.3193 3.9789e-01
4513.6729 4.0139e-01
4515.0273 3.6750e-01
4516.3818 3.6380e-01
4517.7363 3.5429e-01
4519.0918 4.1294e-01
4520.4473 4.0190e-01
4521.8037 3.9268e-01
4523.1606 4.3102e-01
4524.5171 3.8678e-01
4525.8750 3.8060e-01
4527.2324 3.9977e-01
4528.5903 3.8460e-01
4529.9492 4.1237e-01
4531.3081 3.6735e-01
4532.6675 3.7360e-01
4534.0269 3.7630e-01
4535.3872 4.1479e-01
4536.7480 4.0961e-01
4538.1094 3.5762e-01
4539.4702 3.9029e-01
4540.8320 3.6581e-01
4542.1943 3.9313e-01
4543.5576 3.7782e-01
4544.9199 4.2404e-01
4546.2842 4.0229e-01
4547.6475 3.8680e-01
4549.0117 3.6562e-01
4550.3770 4.2584e-01
4551.7417 3.8320e-01
4553.1074 4.0253e-01
4554.4731 4.2836e-01
4555.8398 3.9678e-01
4557.2061 3.9387e-01
4558.5732 3.7416e-01
4559.9414 4.1708e-01
4561.3086 3.7055e-01
4562.6772 3.9013e-01
4564.0459 3.9361e-01
4565.4150 4.0168e-01
4566.7852 4.0669e-01
4568.1553 3.6803e-01
4569.5249 3.8038e-01
4570.8965 3.5467e-01
4572.2676 3.7911e-01
4573.6392 3.8644e-01
4575.0117 3.8870e-01
4576.3838 4.1305e-01
4577.7568 3.7109e-01
4579.1304 3.6240e-01
4580.5039 3.4158e-01
4581.8784 4.1732e-01
4583.2524 3.4543e-01
4584.6274 3.9919e-01
4586.0029 4.4364e-01
4587.3789 4.1125e-01
4588.7549 4.1216e-01
4590.1318 4.4855e-01
4591.5083 3.6999e-01
4592.8857 3.9539e-01
4594.2642 3.6447e-01
4595.6426 3.7897e-01
4597.0210 3.8453e-01
4598.3999 3.8117e-01
4599.7798 3.9211e-01
4601.1597 3.9906e-01
4602.5396 3.6942e-01
4603.9204 4.0457e-01
4605.3022 3.8769e-01
4606.6836 3.3517e-01
4608.0649 3.8928e-01
4609.4478 3.9062e-01
4610.8306 3.8168e-01
4612.2144 4.0739e-01
4613.5977 3.9102e-01
4614.9819 3.8122e-01
4616.3662 3.8676e-01
4617.7515 3.7288e-01
4619.1362 3.6951e-01
4620.5225 4.0124e-01
4621.9082 3.8531e-01
4623.2949 3.8058e-01
4624.6816 3.8722e-01
4626.0693 4.1967e-01
4627.4570 3.7441e-01
4628.8457 3.8437e-01
4630.2334 4.3715e-01
4631.6230 3.9978e-01
4633.0127 3.8153e-01
4634.4028 3.6768e-01
4635.7935 4.2047e-01
4637.1831 3.7816e-01
4638.5742 3.6254e-01
4639.9658 4.0262e-01
4641.3579 3.9759e-01
4642.7505 3.7630e-01
4644.1436 3.4732e-01
4645.5371 3.3329e-01
4646.9307 3.2664e-01
4648.3247 3.9789e-01
4649.7188 3.8306e-01
4651.1138 4.0950e-01
4652.5093 3.4743e-01
4653.9048 3.6930e-01
4655.3018 3.6313e-01
4656.6978 3.6097e-01
4658.0947 3.5425e-01
4659.4922 3.8331e-01
4660.8896 3.6687e-01
4662.2886 3.6300e-01
4663.6865 3.4549e-01
4665.0859 3.5790e-01
4666.4854 3.5642e-01
4667.8853 3.7818e-01
4669.2861 3.7010e-01
4670.6870 3.9110e-01
4672.0874 3.7406e-01
4673.4897 3.6466e-01
4674.8916 3.7683e-01
4676.2944 3.8885e-01
4677.6968 4.0448e-01
4679.1006 3.6647e-01
4680.5039 3.3689e-01
4681.9082 3.8613e-01
4683.3125 3.7151e-01
4684.7173 3.7472e-01
4686.1230 3.6698e-01
4687.5288 3.8640e-01
4688.9351 3.8041e-01
4690.3423 3.4988e-01
4691.7490 3.9757e-01
4693.1562 3.6184e-01
4694.5645 3.6481e-01
4695.9731 3.7244e-01
4697.3818 3.4413e-01
4698.7910 3.8424e-01
4700.2002 3.6670e-01
4701.6104 3.7246e-01
4703.0205 3.5741e-01
4704.4316 3.6719e-01
4705.8433 3.7176e-01
4707.2549 3.4909e-01
4708.6670 3.0203e-01
4710.0796 3.6784e-01
4711.4927 3.4406e-01
4712.9058 3.4503e-01
4714.3203 3.5817e-01
4715.7344 3.5299e-01
4717.1494 3.4577e-01
4718.5645 3.3885e-01
4719.9800 3.3647e-01
4721.3955 3.2780e-01
4722.8120 3.3470e-01
4724.2290 3.6369e-01
4725.6460 3.4618e-01
4727.0645 3.2288e-01
4728.4824 3.4044e-01
4729.9004 3.7832e-01
4731.3198 3.6357e-01
4732.7388 3.2601e-01
4734.1587 3.5514e-01
4735.5791 3.3428e-01
4737.0000 3.6297e-01
4738.4209 3.5331e-01
4739.8428 3.3210e-01
4741.2646 3.3377e-01
4742.6870 3.3069e-01
4744.1094 3.4430e-01
4745.5327 3.3926e-01
4746.9565 3.3659e-01
4748.3804 3.1677e-01
4749.8052 3.2175e-01
4751.2300 3.2544e-01
4752.6548 3.3614e-01
4754.0811 3.3050e-01
4755.5078 3.2812e-01
4756.9341 3.1467e-01
4758.3608 3.5596e-01
4759.7886 3.5226e-01
4761.2168 3.3408e-01
4762.6445 3.1756e-01
4764.0737 3.7265e-01
4765.5029 2.8865e-01
4766.9326 3.4019e-01
4768.3628 3.9115e-01
4769.7930 3.1448e-01
4771.2236 3.1978e-01
4772.6553 3.2688e-01
4774.0869 3.2072e-01
4775.5190 3.5182e-01
4776.9521 3.2234e-01
4778.3853 3.5354e-01
4779.8184 3.4168e-01
4781.2524 3.2680e-01
4782.6870 3.5066e-01
4784.1226 3.5202e-01
4785.5571 3.2181e-01
4786.9927 3.4224e-01
4788.4292 3.4535e-01
4789.8652 3.0997e-01
4791.3022 3.1018e-01
4792.7397 3.3038e-01
4794.1777 3.2955e-01
4795.6152 3.2991e-01
4797.0542 3.3126e-01
4798.4937 3.3714e-01
4799.9331 3.3967e-01
4801.3735 3.7057e-01
4802.8140 3.1339e-01
4804.2544 2.9595e-01
4805.6958 3.6776e-01
4807.1377 3.1924e-01
4808.5796 3.2806e-01
4810.0220 3.3432e-01
4811.4653 3.6595e-01
4812.9087 3.5787e-01
4814.3525 3.0961e-01
4815.7969 3.2884e-01
4817.2417 3.7631e-01
4818.6865 3.1481e-01
4820.1328 3.5316e-01
4821.5786 3.2055e-01
4823.0249 3.1114e-01
4824.4717 3.2921e-01
4825.9189 3.1469e-01
4827.3667 3.1626e-01
4828.8149 3.1728e-01
4830.2637 2.9693e-01
4831.7124 3.5811e-01
4833.1621 3.4161e-01
4834.6118 3.1205e-01
4836.0620 3.2895e-01
4837.5137 3.4087e-01
4838.9644 2.9507e-01
4840.4165 3.5101e-01
4841.8687 2.9799e-01
4843.3208 3.1031e-01
4844.7739 3.2980e-01
4846.2275 3.3641e-01
4847.6812 2.5471e-01
4849.1357 2.9729e-01
4850.5903 3.0245e-01
4852.0454 3.2765e-01
4853.5015 3.2594e-01
4854.9575 3.2190e-01
4856.4136 3.3146e-01
4857.8706 2.4211e-01
4859.3281 2.9008e-01
4860.7861 2.9566e-01
4862.2437 3.1226e-01
4863.7026 2.8739e-01
4865.1621 2.8769e-01
4866.6211 2.8319e-01
4868.0815 3.0445e-01
4869.5420 3.0506e-01
4871.0024 3.0027e-01
4872.4639 2.9229e-01
4873.9263 2.8260e-01
4875.3877 3.0165e-01
4876.8506 2.7592e-01
4878.3135 2.9110e-01
4879.7773 2.9975e-01
4881.2412 2.7261e-01
4882.7051 2.9360e-01
4884.1704 3.0094e-01
4885.6357 2.9967e-01
4887.1011 2.7604e-01
4888.5674 3.1499e-01
4890.0337 3.0765e-01
4891.5010 2.6326e-01
4892.9683 2.9546e-01
4894.4360 2.7217e-01
4895.9043 2.6625e-01
4897.3730 2.8650e-01
4898.8423 2.8619e-01
4900.3120 2.9490e-01
4901.7827 2.6843e-01
4903.2529 2.9509e-01
4904.7231 3.1773e-01
4906.1953 2.7901e-01
4907.6675 2.9712e-01
4909.1392 3.0531e-01
4910.6123 2.8789e-01
4912.0854 2.5399e-01
4913.5586 2.7048e-01
4915.0332 3.1675e-01
4916.5073 2.8822e-01
4917.9819 2.8753e-01
4919.4575 2.5774e-01
4920.9331 2.9125e-01
4922.4097 3.0770e-01
4923.8872 2.8447e-01
4925.3638 2.4729e-01
4926.8418 2.8114e-01
4928.3188 2.6196e-01
4929.7979 2.9152e-01
4931.2769 2.6045e-01
4932.7563 3.1242e-01
4934.2358 2.8338e-01
4935.7168 2.8064e-01
4937.1963 2.8123e-01
4938.6782 2.4843e-01
4940.1597 2.7413e-01
4941.6416 2.8234e-01
4943.1250 2.5510e-01
4944.6069 2.5688e-01
4946.0908 2.4858e-01
4947.5752 2.6300e-01
4949.0586 2.5972e-01
4950.5435 2.9159e-01
4952.0278 2.4522e-01
4953.5142 2.4701e-01
4955.0010 2.6781e-01
4956.4873 2.6225e-01
4957.9741 2.4486e-01
4959.4614 2.3284e-01
4960.9492 2.6983e-01
4962.4370 2.5239e-01
4963.9258 2.4597e-01
4965.4150 2.3182e-01
4966.9048 2.8129e-01
4968.3945 2.5361e-01
4969.8853 2.8032e-01
4971.3765 2.6889e-01
4972.8677 2.1362e-01
4974.3599 2.5336e-01
4975.8521 2.2448e-01
4977.3447 2.2640e-01
4978.8379 2.7713e-01
4980.3315 2.5010e-01
4981.8257 2.6406e-01
4983.3203 2.4265e-01
4984.8159 2.3424e-01
4986.3105 2.4812e-01
4987.8066 2.4532e-01
4989.3027 2.6459e-01
4990.7998 2.2945e-01
4992.2974 1.9970e-01
4993.7939 2.7964e-01
4995.2930 2.4022e-01
4996.7915 2.6509e-01
4998.2905 2.5447e-01
4999.7896 2.3931e-01
5001.2896 2.4378e-01
5002.7900 2.3946e-01
5004.2915 2.5302e-01
5005.7925 2.1298e-01
5007.2944 2.4495e-01
5008.7964 2.6146e-01
5010.2993 2.3985e-01
5011.8022 2.4648e-01
5013.3057 2.3417e-01
5014.8101 2.4109e-01
5016.3145 2.3043e-01
5017.8184 2.3312e-01
5019.3247 2.4261e-01
5020.8301 2.6459e-01
5022.3359 2.2964e-01
5023.8428 2.2449e-01
5025.3496 2.3439e-01
5026.8579 2.5470e-01
5028.3657 2.1535e-01
5029.8740 2.2308e-01
5031.3828 2.3990e-01
5032.8926 2.3143e-01
5034.4023 2.3015e-01
5035.9131 2.3759e-01
5037.4233 2.4171e-01
5038.9346 2.3128e-01
5040.4463 2.4180e-01
5041.9585 2.2200e-01
5043.4712 2.3891e-01
5044.9839 2.3393e-01
5046.4980 2.5738e-01
5048.0112 2.2214e-01
5049.5259 2.3032e-01
5051.0415 2.0688e-01
5052.5562 2.2179e-01
5054.0723 2.1430e-01
5055.5884 2.0739e-01
5057.1045 2.2100e-01
5058.6221 2.4961e-01
5060.1401 2.0043e-01
5061.6577 2.1820e-01
5063.1763 2.6596e-01
5064.6953 2.1435e-01
5066.2144 2.0983e-01
5067.7339 2.0883e-01
5069.2549 2.5541e-01
5070.7759 2.3197e-01
5072.2969 2.0493e-01
5073.8188 2.2894e-01
5075.3403 2.1820e-01
5076.8628 2.1677e-01
5078.3867 2.6057e-01
5079.9097 2.1363e-01
5081.4336 2.2797e-01
5082.9580 2.0074e-01
5084.4829 2.2147e-01
5086.0083 2.2351e-01
5087.5342 2.0268e-01
5089.0605 2.1935e-01
5090.5874 2.1637e-01
5092.1143 1.9550e-01
5093.6421 2.0828e-01
5095.1699 2.0906e-01
5096.6987 2.1144e-01
5098.2275 1.9377e-01
5099.7573 1.8631e-01
5101.2871 2.1672e-01
5102.8179 2.2362e-01
5104.3481 2.1101e-01
5105.8799 2.0607e-01
5107.4111 1.8785e-01
5108.9438 1.9281e-01
5110.4761 2.2705e-01
5112.0093 1.9375e-01
5113.5435 1.8694e-01
5115.0771 2.0695e-01
5116.6118 2.1037e-01
5118.1470 2.0644e-01
5119.6816 2.1833e-01
5121.2183 2.0836e-01
5122.7544 2.1097e-01
5124.2910 2.1248e-01
5125.8286 2.1672e-01
5127.3667 2.2151e-01
5128.9043 2.2273e-01
5130.4429 2.1054e-01
5131.9824 2.1487e-01
5133.5220 2.2731e-01
5135.0615 2.0913e-01
5136.6021 2.4255e-01
5138.1436 2.2361e-01
5139.6846 2.0227e-01
5141.2266 1.8683e-01
5142.7690 2.2979e-01
5144.3125 2.2760e-01
5145.8550 2.1014e-01
5147.3989 2.3005e-01
5148.9429 2.3218e-01
5150.4883 2.2103e-01
5152.0332 2.2708e-01
5153.5781 2.2124e-01
5155.1245 2.4555e-01
5156.6714 1.9128e-01
5158.2178 2.2928e-01
5159.7656 2.3594e-01
5161.3130 2.3719e-01
5162.8618 2.3845e-01
5164.4106 2.0894e-01
5165.9604 2.2376e-01
5167.5098 2.3381e-01
5169.0605 2.3343e-01
5170.6108 2.3748e-01
5172.1621 2.1756e-01
5173.7139 2.5319e-01
5175.2656 2.6028e-01
5176.8188 2.4421e-01
5178.3711 2.4634e-01
5179.9253 2.6560e-01
5181.4790 2.3187e-01
5183.0337 2.5143e-01
5184.5884 2.4748e-01
5186.1436 2.4130e-01
5187.6992 2.3598e-01
5189.2559 2.6448e-01
5190.8130 2.4855e-01
5192.3696 2.4131e-01
5193.9277 2.4881e-01
5195.4858 2.1098e-01
5197.0439 2.5001e-01
5198.6035 2.8401e-01
5200.1636 2.4250e-01
5201.7231 2.5038e-01
5203.2837 2.3468e-01
5204.8447 2.5900e-01
5206.4058 2.3882e-01
5207.9683 2.7999e-01
5209.5303 2.3796e-01
5211.0933 2.5957e-01
5212.6567 2.3892e-01
5214.2202 2.5709e-01
5215.7847 2.5954e-01
5217.3496 2.9646e-01
5218.9150 2.6131e-01
5220.4800 2.7397e-01
5222.0464 2.5622e-01
5223.6128 2.7447e-01
5225.1802 2.8338e-01
5226.7480 2.6666e-01
5228.3154 2.4960e-01
5229.8843 2.8888e-01
5231.4526 2.5721e-01
5233.0225 2.7443e-01
5234.5928 2.7619e-01
5236.1626 2.6113e-01
5237.7339 2.6876e-01
5239.3052 2.4751e-01
5240.8770 2.6330e-01
5242.4492 2.5866e-01
5244.0220 2.9015e-01
5245.5947 2.5578e-01
5247.1689 3.0973e-01
5248.7422 2.6485e-01
5250.3174 2.6234e-01
5251.8921 2.7971e-01
5253.4678 2.4364e-01
5255.0439 2.3531e-01
5256.6211 2.7358e-01
5258.1978 2.5958e-01
5259.7749 2.5624e-01
5261.3530 2.6748e-01
5262.9312 2.3334e-01
5264.5098 2.5080e-01
5266.0898 2.7908e-01
5267.6694 2.5733e-01
5269.2495 2.6280e-01
5270.8311 3.0779e-01
5272.4116 2.5023e-01
5273.9941 2.6974e-01
5275.5757 2.8690e-01
5277.1587 2.6334e-01
5278.7422 2.8316e-01
5280.3252 2.5086e-01
5281.9092 2.7254e-01
5283.4937 2.9169e-01
5285.0786 2.7033e-01
5286.6641 2.7731e-01
5288.2500 2.5949e-01
5289.8369 2.5935e-01
5291.4238 2.7831e-01
5293.0117 2.6064e-01
5294.5996 2.8085e-01
5296.1870 3.0059e-01
5297.7764 2.5874e-01
5299.3662 2.5166e-01
5300.9561 2.7361e-01
5302.5459 2.7918e-01
5304.1367 2.7244e-01
5305.7280 2.7120e-01
5307.3188 2.5811e-01
5308.9116 2.4321e-01
5310.5044 2.7239e-01
5312.0977 2.4280e-01
5313.6919 2.5354e-01
5315.2856 2.7282e-01
5316.8799 2.7961e-01
5318.4751 2.8094e-01
5320.0708 2.6357e-01
5321.6665 2.4708e-01
5323.2632 2.9549e-01
5324.8604 2.6986e-01
5326.4575 2.7133e-01
5328.0557 2.6611e-01
5329.6533 2.6552e-01
5331.2534 2.7007e-01
5332.8516 2.5160e-01
5334.4517 2.5588e-01
5336.0522 2.5519e-01
5337.6533 2.7244e-01
5339.2544 2.8750e-01
5340.8560 2.6972e-01
5342.4585 2.6924e-01
5344.0605 2.5750e-01
5345.6646 2.4355e-01
5347.2681 2.2977e-01
5348.8726 2.4681e-01
5350.4771 2.3693e-01
5352.0825 2.3126e-01
5353.6875 2.3994e-01
5355.2944 2.5423e-01
5356.9009 2.7234e-01
5358.5073 2.4141e-01
5360.1152 2.4681e-01
5361.7236 2.2857e-01
5363.3315 2.6008e-01
5364.9404 2.3751e-01
5366.5503 2.3737e-01
5368.1602 2.4329e-01
5369.7705 2.0671e-01
5371.3813 2.3869e-01
5372.9932 2.3691e-01
5374.6050 2.0742e-01
5376.2173 2.4594e-01
5377.8301 2.3908e-01
5379.4434 2.0613e-01
5381.0576 2.4134e-01
5382.6714 2.4266e-01
5384.2861 2.2319e-01
5385.9014 2.5145e-01
5387.5171 2.3229e-01
5389.1343 2.2767e-01
5390.7505 2.2327e-01
5392.3677 2.1781e-01
5393.9858 2.2406e-01
5395.6035 2.3870e-01
5397.2222 2.2368e-01
5398.8413 2.0843e-01
5400.4609 2.1027e-01
5402.0811 2.2932e-01
5403.7017 2.1008e-01
5405.3228 2.0895e-01
5406.9448 2.1526e-01
5408.5659 2.2566e-01
5410.1890 2.2433e-01
5411.8115 2.5374e-01
5413.4360 2.1669e-01
5415.0596 2.1109e-01
5416.6841 2.1921e-01
5418.3096 2.1260e-01
5419.9351 2.2938e-01
5421.5605 2.2360e-01
5423.1875 2.2564e-01
5424.8145 2.2564e-01
5426.4414 2.3023e-01
5428.0693 2.2073e-01
5429.6982 2.0283e-01
5431.3271 2.0679e-01
5432.9565 2.0114e-01
5434.5859 2.1727e-01
5436.2163 2.3819e-01
5437.8472 2.3052e-01
5439.4785 2.2425e-01
5441.1104 1.9498e-01
5442.7427 2.0954e-01
5444.3760 2.2002e-01
5446.0098 2.2110e-01
5447.6431 2.0688e-01
5449.2778 2.1362e-01
5450.9121 2.2114e-01
5452.5474 1.9813e-01
5454.1826 1.9150e-01
5455.8193 2.4451e-01
5457.4565 2.2819e-01
5459.0933 2.2178e-01
5460.7310 2.1197e-01
5462.3696 2.0148e-01
5464.0073 2.1141e-01
5465.6475 2.2253e-01
5467.2871 2.3649e-01
5468.9272 2.3292e-01
5470.5674 2.1135e-01
5472.2090 2.1251e-01
5473.8506 2.2393e-01
5475.4927 2.2926e-01
5477.1353 2.3151e-01
5478.7783 1.9990e-01
5480.4224 2.5056e-01
5482.0659 2.3046e-01
5483.7104 2.1982e-01
5485.3560 2.3329e-01
5487.0010 1.9904e-01
5488.6475 2.3220e-01
5490.2944 2.2463e-01
5491.9414 2.1745e-01
5493.5889 2.0715e-01
5495.2368 2.3577e-01
5496.8857 2.0568e-01
5498.5342 2.1340e-01
5500.1841 2.1178e-01
5501.8340 2.0053e-01
5503.4849 2.1443e-01
5505.1357 2.4451e-01
5506.7871 2.3357e-01
5508.4395 2.2182e-01
5510.0923 2.1110e-01
5511.7451 2.2342e-01
5513.3984 2.3359e-01
5515.0522 2.2449e-01
5516.7070 2.0000e-01
5518.3623 2.0955e-01
5520.0176 2.3702e-01
5521.6733 2.0729e-01
5523.3301 2.0494e-01
5524.9868 2.0208e-01
5526.6450 2.1716e-01
5528.3027 2.0559e-01
5529.9609 2.1154e-01
5531.6201 2.2246e-01
5533.2793 2.1066e-01
5534.9395 1.9888e-01
5536.5996 1.9892e-01
5538.2607 2.5236e-01
5539.9229 2.1212e-01
5541.5840 2.3577e-01
5543.2466 1.9291e-01
5544.9102 2.0300e-01
5546.5728 1.8842e-01
5548.2373 2.0168e-01
5549.9019 2.2578e-01
5551.5664 2.2398e-01
5553.2324 2.1017e-01
5554.8984 2.3281e-01
5556.5645 2.1042e-01
5558.2310 2.0139e-01
5559.8989 2.0507e-01
5561.5669 2.1094e-01
5563.2354 1.9263e-01
5564.9043 2.0648e-01
5566.5732 2.2404e-01
5568.2437 2.2615e-01
5569.9150 2.1330e-01
5571.5854 1.6988e-01
5573.2568 2.1142e-01
5574.9287 1.8848e-01
5576.6011 1.9454e-01
5578.2739 2.0536e-01
5579.9482 1.8387e-01
5581.6216 2.0337e-01
5583.2959 2.0056e-01
5584.9717 1.9890e-01
5586.6470 2.0048e-01
5588.3223 1.7033e-01
5589.9990 2.0308e-01
5591.6763 1.8906e-01
5593.3535 2.0718e-01
5595.0317 2.1728e-01
5596.7104 2.1395e-01
5598.3892 1.9351e-01
5600.0688 1.9770e-01
5601.7490 2.0347e-01
5603.4292 2.2997e-01
5605.1104 1.9927e-01
5606.7915 2.2749e-01
5608.4741 2.1431e-01
5610.1562 2.1333e-01
5611.8394 1.8308e-01
5613.5234 1.9611e-01
5615.2075 1.8488e-01
5616.8916 2.1089e-01
5618.5767 2.2657e-01
5620.2627 2.1632e-01
5621.9482 2.0707e-01
5623.6348 1.9188e-01
5625.3218 1.9640e-01
5627.0098 1.8945e-01
5628.6982 2.0210e-01
5630.3867 2.2131e-01
5632.0757 1.9594e-01
5633.7651 2.2159e-01
5635.4551 1.9936e-01
5637.1460 2.1732e-01
5638.8369 2.0259e-01
5640.5283 1.9171e-01
5642.2207 1.9056e-01
5643.9141 2.1399e-01
5645.6069 2.2285e-01
5647.3003 2.1316e-01
5648.9946 1.8348e-01
5650.6895 1.9023e-01
5652.3848 1.9955e-01
5654.0801 2.0537e-01
5655.7759 1.9181e-01
5657.4736 1.9985e-01
5659.1709 2.1280e-01
5660.8682 2.1408e-01
5662.5664 1.8033e-01
5664.2651 2.1608e-01
5665.9644 2.2399e-01
5667.6641 2.2143e-01
5669.3647 2.2771e-01
5671.0649 2.4661e-01
5672.7666 2.1521e-01
5674.4688 2.0501e-01
5676.1709 2.0921e-01
5677.8740 1.9010e-01
5679.5771 2.1898e-01
5681.2812 2.2016e-01
5682.9858 2.2065e-01
5684.6899 2.0702e-01
5686.3950 2.0928e-01
5688.1021 1.7696e-01
5689.8076 2.2979e-01
5691.5146 1.9437e-01
5693.2222 1.9781e-01
5694.9302 2.1279e-01
5696.6382 2.1274e-01
5698.3477 2.0884e-01
5700.0571 2.3479e-01
5701.7671 1.9115e-01
5703.4775 2.1439e-01
5705.1885 2.2135e-01
5706.9004 1.9827e-01
5708.6123 2.0616e-01
5710.3252 2.1632e-01
5712.0381 2.3018e-01
5713.7524 2.2121e-01
5715.4663 2.1849e-01
5717.1812 2.1247e-01
5718.8955 2.3164e-01
5720.6118 1.9421e-01
5722.3271 2.3744e-01
5724.0444 2.3903e-01
5725.7617 2.2647e-01
5727.4795 2.2996e-01
5729.1973 2.2928e-01
5730.9165 2.0979e-01
5732.6353 2.3797e-01
5734.3550 2.3985e-01
5736.0757 2.0304e-01
5737.7969 2.1293e-01
5739.5176 2.0696e-01
5741.2397 2.1865e-01
5742.9624 1.9419e-01
5744.6851 2.0875e-01
5746.4082 2.1867e-01
5748.1323 2.1191e-01
5749.8569 2.3160e-01
5751.5815 1.7586e-01
5753.3076 1.9420e-01
5755.0332 2.2865e-01
5756.7593 2.1492e-01
5758.4863 2.1369e-01
5760.2144 2.2570e-01
5761.9424 2.3253e-01
5763.6709 2.2234e-01
5765.3999 2.0569e-01
5767.1294 1.7552e-01
5768.8594 2.1739e-01
5770.5908 1.8728e-01
5772.3213 2.0212e-01
5774.0527 2.0448e-01
5775.7856 1.9143e-01
5777.5181 1.9019e-01
5779.2515 2.1768e-01
5780.9844 2.1596e-01
5782.7192 1.9849e-01
5784.4546 2.1887e-01
5786.1899 2.0518e-01
5787.9253 2.2450e-01
5789.6626 2.3104e-01
5791.3984 2.0601e-01
5793.1362 1.9821e-01
5794.8745 1.9995e-01
5796.6123 1.8282e-01
5798.3516 1.8689e-01
5800.0913 2.0602e-01
5801.8306 1.9673e-01
5803.5713 1.9589e-01
5805.3125 2.1841e-01
5807.0537 2.1659e-01
5808.7964 2.0441e-01
5810.5391 2.1351e-01
5812.2822 2.0061e-01
5814.0259 2.1008e-01
5815.7700 1.8514e-01
5817.5151 1.7480e-01
5819.2598 2.0030e-01
5821.0059 1.9525e-01
5822.7524 1.7207e-01
5824.4990 1.8999e-01
5826.2461 1.8348e-01
5827.9937 1.9249e-01
5829.7427 1.7016e-01
5831.4912 1.7822e-01
5833.2407 1.6836e-01
5834.9912 1.6562e-01
5836.7417 1.8757e-01
5838.4922 1.7826e-01
5840.2446 1.8304e-01
5841.9961 1.6139e-01
5843.7490 1.7139e-01
5845.5020 1.8761e-01
5847.2559 1.8413e-01
5849.0103 1.9338e-01
5850.7642 1.5621e-01
5852.5195 1.9676e-01
5854.2754 1.8126e-01
5856.0317 1.6184e-01
5857.7881 1.8363e-01
5859.5454 1.7147e-01
5861.3032 1.8659e-01
5863.0625 1.8515e-01
5864.8208 1.5903e-01
5866.5806 1.8785e-01
5868.3403 1.7240e-01
5870.1006 1.9157e-01
5871.8618 1.9035e-01
5873.6230 1.9541e-01
5875.3857 1.7261e-01
5877.1479 1.5543e-01
5878.9111 1.8538e-01
5880.6748 1.7117e-01
5882.4390 1.8067e-01
5884.2036 1.8292e-01
5885.9692 1.5467e-01
5887.7349 1.7639e-01
5889.5010 1.8417e-01
5891.2676 1.7745e-01
5893.0356 1.9262e-01
5894.8032 1.9904e-01
5896.5718 1.9068e-01
5898.3408 1.9316e-01
5900.1108 1.7840e-01
5901.8804 1.5776e-01
5903.6509 1.9007e-01
5905.4219 1.7267e-01
5907.1938 1.9065e-01
5908.9663 1.8299e-01
5910.7383 1.7536e-01
5912.5112 1.8954e-01
5914.2856 2.0279e-01
5916.0601 1.6984e-01
5917.8345 1.8284e-01
5919.6099 2.0302e-01
5921.3857 1.6018e-01
5923.1621 1.8049e-01
5924.9395 1.8425e-01
5926.7163 1.7933e-01
5928.4946 1.7620e-01
5930.2729 1.8107e-01
5932.0522 2.0529e-01
5933.8315 1.8496e-01
5935.6123 1.7761e-01
5937.3926 1.7583e-01
5939.1738 1.7776e-01
5940.9556 1.8350e-01
5942.7383 1.7050e-01
5944.5210 1.6532e-01
5946.3042 1.7881e-01
5948.0879 1.7732e-01
5949.8726 1.7389e-01
5951.6572 1.8973e-01
5953.4434 2.0598e-01
5955.2290 1.8862e-01
5957.0151 1.8942e-01
5958.8022 1.6556e-01
5960.5903 1.8368e-01
5962.3789 1.4348e-01
5964.1670 1.7263e-01
5965.9561 1.8170e-01
5967.7466 1.9740e-01
5969.5366 1.6870e-01
5971.3276 1.7862e-01
5973.1187 1.5837e-01
5974.9106 2.0101e-01
5976.7031 1.8705e-01
5978.4961 1.8469e-01
5980.2900 1.6758e-01
5982.0845 1.7534e-01
5983.8789 1.8081e-01
5985.6729 2.0332e-01
5987.4692 2.0715e-01
5989.2651 1.8280e-01
5991.0620 1.9005e-01
5992.8589 1.6383e-01
5994.6572 1.7608e-01
5996.4556 1.7963e-01
5998.2549 1.8631e-01
6000.0547 1.7531e-01
6001.8545 1.7915e-01
6003.6548 1.6388e-01
6005.4561 1.6811e-01
6007.2578 1.8030e-01
6009.0596 1.9361e-01
6010.8623 1.7319e-01
6012.6660 1.8874e-01
6014.4697 1.8583e-01
6016.2739 1.7569e-01
6018.0786 1.8736e-01
6019.8843 1.7959e-01
6021.6909 1.7308e-01
6023.4966 1.7456e-01
6025.3037 1.8926e-01
6027.1108 1.6998e-01
6028.9199 1.6684e-01
6030.7285 1.7132e-01
6032.5366 1.7572e-01
6034.3472 1.7048e-01
6036.1577 1.4885e-01
6037.9683 1.7945e-01
6039.7793 1.7325e-01
6041.5918 1.4415e-01
6043.4038 1.7665e-01
6045.2173 1.6140e-01
6047.0312 1.8918e-01
6048.8447 1.6131e-01
6050.6592 1.7068e-01
6052.4751 1.5482e-01
6054.2905 1.5291e-01
6056.1069 1.9277e-01
6057.9233 1.8171e-01
6059.7407 1.7508e-01
6061.5586 1.6223e-01
6063.3770 1.7695e-01
6065.1968 1.9838e-01
6067.0161 1.5289e-01
6068.8359 1.5439e-01
6070.6567 1.7715e-01
6072.4785 1.7847e-01
6074.2998 1.7555e-01
6076.1221 1.6401e-01
6077.9448 1.7500e-01
6079.7681 1.5516e-01
6081.5918 1.9096e-01
6083.4160 1.6374e-01
6085.2417 1.6960e-01
6087.0664 1.7424e-01
6088.8936 1.6806e-01
6090.7197 1.7612e-01
6092.5469 1.5902e-01
6094.3745 1.6429e-01
6096.2031 1.6970e-01
6098.0327 1.9173e-01
6099.8613 1.8136e-01
6101.6914 1.7769e-01
6103.5220 1.8429e-01
6105.3530 1.6375e-01
6107.1846 1.6362e-01
6109.0171 1.6641e-01
6110.8496 1.8644e-01
6112.6831 1.5782e-01
6114.5166 1.8205e-01
6116.3511 1.6952e-01
6118.1855 1.7181e-01
6120.0210 1.6366e-01
6121.8574 1.5170e-01
6123.6938 1.6067e-01
6125.5308 1.7738e-01
6127.3687 1.5714e-01
6129.2065 1.7060e-01
6131.0454 1.9208e-01
6132.8843 1.6692e-01
6134.7246 1.7704e-01
6136.5649 1.5178e-01
6138.4062 1.7679e-01
6140.2476 1.6374e-01
6142.0894 1.5347e-01
6143.9316 1.8433e-01
6145.7759 1.4216e-01
6147.6191 1.5560e-01
6149.4634 1.4573e-01
6151.3081 1.5224e-01
6153.1538 1.8584e-01
6155.0000 1.7239e-01
6156.8462 1.6467e-01
6158.6934 1.6254e-01
6160.5410 1.6212e-01
6162.3892 1.7179e-01
6164.2373 1.7456e-01
6166.0869 1.4955e-01
6167.9370 1.6255e-01
6169.7871 1.4832e-01
6171.6387 1.4558e-01
6173.4897 1.5408e-01
6175.3413 1.6670e-01
6177.1938 1.5007e-01
6179.0474 1.5849e-01
6180.9009 1.6581e-01
6182.7549 1.4380e-01
6184.6104 1.4284e-01
6186.4653 1.6938e-01
6188.3213 1.6473e-01
6190.1782 1.4218e-01
6192.0356 1.5909e-01
6193.8931 1.5087e-01
6195.7505 1.5899e-01
6197.6099 1.4972e-01
6199.4688 1.4364e-01
6201.3281 1.6032e-01
6203.1895 1.2323e-01
6205.0498 1.5301e-01
6206.9121 1.4349e-01
6208.7739 1.6035e-01
6210.6367 1.2627e-01
6212.4995 1.3763e-01
6214.3633 1.3434e-01
6216.2275 1.3435e-01
6218.0923 1.3468e-01
6219.9575 1.4975e-01
6221.8237 1.3807e-01
6223.6904 1.6535e-01
6225.5576 1.3804e-01
6227.4258 1.3224e-01
6229.2935 1.5743e-01
6231.1621 1.2476e-01
6233.0317 1.3357e-01
6234.9019 1.5710e-01
6236.7720 1.3341e-01
6238.6431 1.2984e-01
6240.5146 1.2860e-01
6242.3867 1.1184e-01
6244.2598 1.2206e-01
6246.1323 1.3165e-01
6248.0063 1.4709e-01
6249.8813 1.2012e-01
6251.7559 1.4350e-01
6253.6313 1.1014e-01
6255.5073 1.1969e-01
6257.3843 1.1243e-01
6259.2617 1.2210e-01
6261.1392 1.2890e-01
6263.0176 1.2471e-01
6264.8970 1.3790e-01
6266.7759 9.5525e-02
6268.6562 1.0594e-01
6270.5361 1.2459e-01
6272.4180 9.9464e-02
6274.2993 1.0276e-01
6276.1816 1.3128e-01
6278.0645 1.1750e-01
6279.9478 8.3514e-02
6281.8320 1.0604e-01
6283.7168 1.1458e-01
6285.6021 1.1248e-01
6287.4868 1.1024e-01
6289.3740 1.1519e-01
6291.2603 1.1636e-01
6293.1475 1.1462e-01
6295.0352 1.2385e-01
6296.9238 1.1440e-01
6298.8130 1.0349e-01
6300.7026 1.1906e-01
6302.5933 1.1053e-01
6304.4839 1.0882e-01
6306.3755 1.2933e-01
6308.2676 9.8060e-02
6310.1597 1.2635e-01
6312.0527 1.0461e-01
6313.9468 1.2610e-01
6315.8398 1.2365e-01
6317.7349 9.3993e-02
6319.6304 1.0582e-01
6321.5269 1.2162e-01
6323.4233 1.1671e-01
6325.3198 1.1550e-01
6327.2178 1.2056e-01
6329.1157 1.1721e-01
6331.0146 9.7195e-02
6332.9131 1.2178e-01
6334.8140 1.1054e-01
6336.7139 1.2301e-01
6338.6147 1.1573e-01
6340.5166 1.0395e-01
6342.4189 1.2791e-01
6344.3213 1.0189e-01
6346.2246 1.1919e-01
6348.1284 1.0687e-01
6350.0332 1.3655e-01
6351.9380 1.2355e-01
6353.8442 1.2829e-01
6355.7500 1.0620e-01
6357.6572 1.2798e-01
6359.5645 1.2582e-01
6361.4717 1.2182e-01
6363.3804 1.0357e-01
6365.2891 1.1439e-01
6367.1987 1.1769e-01
6369.1089 1.1141e-01
6371.0200 1.2033e-01
6372.9312 1.2702e-01
6374.8428 1.1747e-01
6376.7549 1.3607e-01
6378.6685 1.1117e-01
6380.5820 1.3116e-01
6382.4966 1.4278e-01
6384.4111 1.1767e-01
6386.3257 1.0602e-01
6388.2422 1.2806e-01
6390.1587 1.1880e-01
6392.0752 1.3554e-01
6393.9932 1.1557e-01
6395.9116 1.0540e-01
6397.8301 1.1302e-01
6399.7490 1.2400e-01
6401.6694 1.3598e-01
6403.5898 1.0663e-01
6405.5112 1.2253e-01
6407.4331 1.2084e-01
6409.3545 1.2424e-01
6411.2778 1.3277e-01
6413.2012 1.1170e-01
6415.1250 1.3012e-01
6417.0493 1.2815e-01
6418.9741 1.3279e-01
6420.9004 1.1358e-01
6422.8262 1.0448e-01
6424.7534 1.1981e-01
6426.6812 1.3043e-01
6428.6094 1.2843e-01
6430.5381 1.2028e-01
6432.4668 1.0081e-01
6434.3960 1.1698e-01
6436.3267 1.1611e-01
6438.2578 1.3138e-01
6440.1895 1.1910e-01
6442.1216 1.1043e-01
6444.0537 1.2943e-01
6445.9868 1.4378e-01
6447.9209 1.0717e-01
6449.8550 1.0885e-01
6451.7905 1.1832e-01
6453.7256 1.2475e-01
6455.6621 1.3416e-01
6457.5986 1.3563e-01
6459.5356 1.0508e-01
6461.4741 1.1888e-01
6463.4121 1.1793e-01
6465.3506 1.2135e-01
6467.2905 1.2187e-01
6469.2310 1.2072e-01
6471.1719 1.0503e-01
6473.1128 1.1758e-01
6475.0552 1.2667e-01
6476.9976 1.2126e-01
6478.9409 1.2620e-01
6480.8848 1.2373e-01
6482.8286 1.0343e-01
6484.7739 1.2355e-01
6486.7192 1.2111e-01
6488.6650 1.3835e-01
6490.6113 1.1343e-01
6492.5581 1.2005e-01
6494.5063 1.2104e-01
6496.4546 1.2101e-01
6498.4038 1.1654e-01
6500.3535 1.1111e-01
6502.3032 1.1809e-01
6504.2539 1.0172e-01
6506.2056 1.1986e-01
6508.1572 1.2881e-01
6510.1099 1.0841e-01
6512.0625 1.2086e-01
6514.0166 8.8406e-02
6515.9702 1.2658e-01
6517.9258 1.0169e-01
6519.8809 1.0825e-01
6521.8364 1.1253e-01
6523.7930 1.1130e-01
6525.7505 1.1230e-01
6527.7075 1.0082e-01
6529.6665 1.1530e-01
6531.6255 9.6787e-02
6533.5845 1.3234e-01
6535.5449 8.7489e-02
6537.5054 1.0955e-01
6539.4668 1.0372e-01
6541.4282 1.0354e-01
6543.3911 1.0076e-01
6545.3545 1.2937e-01
6547.3179 1.1331e-01
6549.2817 9.0972e-02
6551.2466 1.1334e-01
6553.2124 1.0596e-01
6555.1777 1.2313e-01
6557.1445 9.6539e-02
6559.1113 1.0900e-01
6561.0796 1.1846e-01
6563.0479 9.3504e-02
6565.0166 1.1647e-01
6566.9863 1.0277e-01
6568.9561 1.0231e-01
6570.9268 1.0889e-01
6572.8979 1.1497e-01
6574.8701 9.8977e-02
6576.8423 1.1586e-01
6578.8154 9.5158e-02
6580.7896 1.0015e-01
6582.7632 9.9289e-02
6584.7383 1.2327e-01
6586.7139 9.5518e-02
6588.6895 1.1022e-01
6590.6660 1.0991e-01
6592.6431 1.0841e-01
6594.6211 9.1303e-02
6596.5996 1.0911e-01
6598.5791 1.2292e-01
6600.5581 9.7566e-02
6602.5386 1.1013e-01
6604.5190 1.0761e-01
6606.5005 9.8931e-02
6608.4824 9.2521e-02
6610.4648 8.9991e-02
6612.4482 8.7356e-02
6614.4326 8.7744e-02
6616.4160 1.0620e-01
6618.4009 1.1909e-01
6620.3867 9.9423e-02
6622.3730 1.0205e-01
6624.3594 9.2016e-02
6626.3467 8.9594e-02
6628.3350 1.0163e-01
6630.3232 9.6133e-02
6632.3125 9.5856e-02
6634.3022 1.0071e-01
6636.2920 9.5895e-02
6638.2827 9.2149e-02
6640.2744 9.1430e-02
6642.2671 8.3222e-02
6644.2593 9.3699e-02
6646.2529 1.0791e-01
6648.2471 9.6705e-02
6650.2412 1.0267e-01
6652.2358 8.8026e-02
6654.2314 1.0466e-01
6656.2280 1.0451e-01
6658.2251 9.5086e-02
6660.2222 1.0215e-01
6662.2207 9.3698e-02
6664.2197 9.3041e-02
6666.2178 8.2921e-02
6668.2178 8.9097e-02
6670.2188 8.6828e-02
6672.2192 9.0255e-02
6674.2212 8.1300e-02
6676.2241 7.4488e-02
6678.2266 7.6007e-02
6680.2300 9.8707e-02
6682.2334 7.3889e-02
6684.2388 8.7553e-02
6686.2446 8.7527e-02
6688.2500 8.9345e-02
6690.2563 7.8575e-02
6692.2627 7.4321e-02
6694.2715 8.3653e-02
6696.2793 6.9620e-02
6698.2881 8.6329e-02
6700.2979 8.9485e-02
6702.3081 8.6980e-02
6704.3188 7.4472e-02
6706.3301 9.2507e-02
6708.3418 7.8313e-02
6710.3545 7.4888e-02
6712.3672 1.0017e-01
6714.3809 7.6856e-02
6716.3955 7.8794e-02
6718.4106 7.4149e-02
6720.4263 6.8257e-02
6722.4419 7.6035e-02
6724.4585 6.9580e-02
6726.4756 8.1609e-02
6728.4946 6.8912e-02
6730.5127 6.1137e-02
6732.5312 7.3189e-02
6734.5513 6.8704e-02
6736.5718 6.9455e-02
6738.5923 7.7294e-02
6740.6152 8.0907e-02
6742.6367 7.7074e-02
6744.6587 8.0707e-02
6746.6831 6.4418e-02
6748.7065 7.3074e-02
6750.7310 6.5161e-02
6752.7563 6.8590e-02
6754.7822 8.0640e-02
6756.8091 7.0312e-02
6758.8359 7.9873e-02
6760.8633 6.2699e-02
6762.8916 6.2165e-02
6764.9209 6.2020e-02
6766.9502 7.2697e-02
6768.9805 8.5489e-02
6771.0107 6.6057e-02
6773.0425 8.0836e-02
6775.0742 5.8289e-02
6777.1064 6.0047e-02
6779.1401 6.7895e-02
6781.1733 7.5754e-02
6783.2080 6.5888e-02
6785.2427 5.8315e-02
6787.2783 7.2575e-02
6789.3149 6.4670e-02
6791.3516 6.9159e-02
6793.3887 7.1196e-02
6795.4272 6.8235e-02
6797.4653 8.1627e-02
6799.5049 7.1775e-02
6801.5444 7.5079e-02
6803.5854 7.4531e-02
6805.6260 6.2998e-02
6807.6685 7.8416e-02
6809.7100 5.6455e-02
6811.7534 7.0353e-02
6813.7964 7.6597e-02
6815.8408 6.6238e-02
6817.8853 8.2332e-02
6819.9312 7.3369e-02
6821.9771 6.7787e-02
6824.0234 6.9207e-02
6826.0703 7.2867e-02
6828.1182 6.0156e-02
6830.1670 6.7275e-02
6832.2163 5.2495e-02
6834.2651 6.7566e-02
6836.3154 7.5080e-02
6838.3667 6.2077e-02
6840.4180 6.5120e-02
6842.4702 6.2898e-02
6844.5229 5.9125e-02
6846.5762 6.4475e-02
6848.6304 6.1566e-02
6850.6851 5.0800e-02
6852.7402 6.9945e-02
6854.7959 7.4649e-02
6856.8525 5.4743e-02
6858.9097 5.7324e-02
6860.9668 6.2419e-02
6863.0254 6.0421e-02
6865.0845 5.5910e-02
6867.1440 6.8549e-02
6869.2041 6.1545e-02
6871.2646 6.8322e-02
6873.3257 6.0597e-02
6875.3882 6.0725e-02
6877.4512 7.7728e-02
6879.5137 5.5695e-02
6881.5781 6.5218e-02
6883.6421 5.6034e-02
6885.7075 5.9511e-02
6887.7729 5.4312e-02
6889.8394 6.9797e-02
6891.9062 6.7155e-02
6893.9746 5.0703e-02
6896.0425 5.6849e-02
6898.1113 5.5712e-02
6900.1802 5.2547e-02
6902.2505 6.8445e-02
6904.3213 5.4808e-02
6906.3926 5.6464e-02
6908.4648 5.8094e-02
6910.5366 6.3614e-02
6912.6099 6.3054e-02
6914.6841 5.8143e-02
6916.7588 4.0013e-02
6918.8335 5.6978e-02
6920.9092 5.8781e-02
6922.9849 6.3109e-02
6925.0620 6.2882e-02
6927.1401 5.5257e-02
6929.2178 5.7832e-02
6931.2964 5.2971e-02
6933.3760 6.1543e-02
6935.4561 4.9919e-02
6937.5371 6.6270e-02
6939.6182 6.0520e-02
6941.7002 6.1952e-02
6943.7822 5.2784e-02
6945.8657 5.0884e-02
6947.9487 5.5585e-02
6950.0337 5.0233e-02
6952.1182 6.0159e-02
6954.2046 5.7034e-02
6956.2905 6.3788e-02
6958.3779 6.6384e-02
6960.4644 5.7444e-02
6962.5527 6.2321e-02
6964.6421 5.7513e-02
6966.7314 4.9603e-02
6968.8208 5.0967e-02
6970.9116 4.7887e-02
6973.0029 6.7366e-02
6975.0947 5.7589e-02
6977.1880 6.5027e-02
6979.2803 5.4617e-02
6981.3745 6.2586e-02
6983.4692 6.0249e-02
6985.5635 6.0093e-02
6987.6602 5.6629e-02
6989.7559 7.9023e-02
6991.8525 5.8260e-02
6993.9507 6.4906e-02
6996.0488 5.6463e-02
6998.1479 5.8986e-02
7000.2471 6.0530e-02
7002.3467 4.9360e-02
7004.4468 7.3364e-02
7006.5488 5.2924e-02
7008.6514 5.6139e-02
7010.7529 6.0915e-02
7012.8564 4.6900e-02
7014.9609 6.6264e-02
7017.0654 5.5965e-02
7019.1699 5.2995e-02
7021.2759 6.3202e-02
7023.3823 6.1206e-02
7025.4893 5.2791e-02
7027.5977 5.6944e-02
7029.7051 6.2570e-02
7031.8145 5.2332e-02
7033.9238 5.4826e-02
7036.0337 5.1069e-02
7038.1450 5.0599e-02
7040.2559 5.1400e-02
7042.3687 5.2925e-02
7044.4805 5.6380e-02
7046.5938 5.7569e-02
7048.7080 4.6497e-02
7050.8228 5.6568e-02
7052.9385 5.2048e-02
7055.0542 7.3536e-02
7057.1704 5.5123e-02
7059.2881 5.7326e-02
7061.4053 6.3794e-02
7063.5234 6.8732e-02
7065.6431 5.6463e-02
7067.7627 6.3372e-02
7069.8828 5.0991e-02
7072.0039 6.0544e-02
7074.1255 6.4209e-02
7076.2476 6.8954e-02
7078.3706 5.3723e-02
7080.4937 4.8994e-02
7082.6187 4.9543e-02
7084.7432 5.5726e-02
7086.8687 5.1714e-02
7088.9946 6.3621e-02
7091.1216 7.3105e-02
7093.2490 5.0147e-02
7095.3765 6.3511e-02
7097.5049 4.4605e-02
7099.6348 5.9071e-02
7101.7642 4.1050e-02
7103.8945 4.6716e-02
7106.0264 7.1297e-02
7108.1582 4.4477e-02
7110.2905 6.0464e-02
7112.4229 6.2511e-02
7114.5571 5.1403e-02
7116.6914 5.6645e-02
7118.8262 5.3564e-02
7120.9619 5.9043e-02
7123.0986 6.0185e-02
7125.2354 5.2025e-02
7127.3730 5.5747e-02
7129.5112 6.4610e-02
7131.6499 6.4280e-02
7133.7896 4.0691e-02
7135.9292 4.2841e-02
7138.0703 5.1948e-02
7140.2119 5.3136e-02
7142.3540 5.7442e-02
7144.4966 4.7953e-02
7146.6396 4.9812e-02
7148.7842 6.8070e-02
7150.9287 4.6785e-02
7153.0742 5.0638e-02
7155.2197 6.2194e-02
7157.3667 4.7538e-02
7159.5137 4.5257e-02
7161.6616 4.6335e-02
7163.8101 6.0346e-02
7165.9590 4.8897e-02
7168.1089 5.1238e-02
7170.2593 4.8327e-02
7172.4102 5.0805e-02
7174.5625 4.5439e-02
7176.7144 4.8233e-02
7178.8672 5.4532e-02
7181.0210 5.0412e-02
7183.1753 5.7978e-02
7185.3306 4.5876e-02
7187.4858 5.7879e-02
7189.6421 6.0471e-02
7191.7988 5.6368e-02
7193.9565 5.7330e-02
7196.1147 4.3080e-02
7198.2734 5.6140e-02
7200.4336 4.6276e-02
7202.5928 4.9603e-02
7204.7539 4.4555e-02
7206.9155 4.5827e-02
7209.0771 4.0274e-02
7211.2402 4.7192e-02
7213.4033 4.7289e-02
7215.5674 4.8897e-02
7217.7324 4.8052e-02
7219.8979 5.1689e-02
7222.0635 4.8444e-02
7224.2300 4.7301e-02
7226.3979 5.9738e-02
7228.5654 5.2412e-02
7230.7334 4.9623e-02
7232.9033 7.2037e-02
7235.0728 4.8821e-02
7237.2432 5.6754e-02
7239.4150 5.4608e-02
7241.5864 5.3610e-02
7243.7593 5.5547e-02
7245.9321 4.7823e-02
7248.1060 3.9166e-02
7250.2803 4.2508e-02
7252.4551 4.3241e-02
7254.6313 5.8907e-02
7256.8076 4.3007e-02
7258.9849 4.9949e-02
7261.1626 4.9995e-02
7263.3408 5.5694e-02
7265.5200 5.6020e-02
7267.6992 5.2635e-02
7269.8799 5.8288e-02
7272.0605 5.9960e-02
7274.2422 4.1401e-02
7276.4243 4.5193e-02
7278.6069 5.5008e-02
7280.7910 4.3492e-02
7282.9751 5.1366e-02
7285.1602 4.2677e-02
7287.3452 3.5055e-02
7289.5317 6.0037e-02
7291.7188 4.8316e-02
7293.9067 4.5381e-02
7296.0947 4.8262e-02
7298.2832 4.9537e-02
7300.4727 5.7570e-02
7302.6631 4.6766e-02
7304.8540 4.3385e-02
7307.0454 5.1435e-02
7309.2373 5.5228e-02
7311.4292 4.7874e-02
7313.6235 5.0840e-02
7315.8179 5.0224e-02
7318.0122 5.1322e-02
7320.2075 5.3945e-02
7322.4038 5.3201e-02
7324.6001 4.6482e-02
7326.7979 4.5260e-02
7328.9961 4.4729e-02
7331.1943 4.7608e-02
7333.3936 4.8780e-02
7335.5938 4.4787e-02
7337.7944 4.8266e-02
7339.9956 5.5682e-02
7342.1982 5.2717e-02
7344.4004 5.0098e-02
7346.6035 4.5761e-02
7348.8081 4.5135e-02
7351.0127 4.5298e-02
7353.2183 4.3265e-02
7355.4238 4.4820e-02
7357.6304 4.5183e-02
7359.8374 4.5270e-02
7362.0459 4.5229e-02
7364.2549 5.1919e-02
7366.4634 5.9124e-02
7368.6738 4.7650e-02
7370.8838 4.3752e-02
7373.0957 4.8962e-02
7375.3071 3.7304e-02
7377.5200 4.8392e-02
7379.7334 4.0107e-02
7381.9473 4.4433e-02
7384.1616 5.0278e-02
7386.3770 4.8350e-02
7388.5928 4.6619e-02
7390.8096 4.3571e-02
7393.0264 5.9908e-02
7395.2446 4.4196e-02
7397.4639 5.6276e-02
7399.6826 4.7698e-02
7401.9023 3.8475e-02
7404.1230 5.4729e-02
7406.3438 4.6055e-02
7408.5654 3.7571e-02
7410.7886 3.9868e-02
7413.0122 4.4194e-02
7415.2354 5.4362e-02
7417.4604 4.2382e-02
7419.6855 4.2950e-02
7421.9116 3.8418e-02
7424.1382 3.8242e-02
7426.3652 4.0106e-02
7428.5933 3.9536e-02
7430.8218 5.1158e-02
7433.0513 4.0771e-02
7435.2808 4.8523e-02
7437.5117 4.8588e-02
7439.7432 4.0118e-02
7441.9741 4.3003e-02
7444.2070 4.3028e-02
7446.4404 4.6028e-02
7448.6748 4.3101e-02
7450.9097 4.2062e-02
7453.1440 4.4701e-02
7455.3809 3.7072e-02
7457.6167 3.5816e-02
7459.8545 5.0754e-02
7462.0923 4.7317e-02
7464.3306 5.9382e-02
7466.5698 4.6397e-02
7468.8096 3.5431e-02
7471.0503 3.5457e-02
7473.2920 3.7349e-02
7475.5342 3.8925e-02
7477.7769 3.9397e-02
7480.0205 4.2973e-02
7482.2637 3.6869e-02
7484.5088 3.7000e-02
7486.7539 4.2637e-02
7489.0000 3.1706e-02
7491.2471 4.7219e-02
7493.4937 4.3912e-02
7495.7422 4.9503e-02
7497.9912 4.2095e-02
7500.2402 3.8573e-02
7502.4902 3.4930e-02
7504.7412 4.2390e-02
7506.9927 3.8773e-02
7509.2441 3.6138e-02
7511.4976 3.5639e-02
7513.7510 3.5947e-02
7516.0044 3.7566e-02
7518.2593 4.1503e-02
7520.5151 4.1085e-02
7522.7715 4.6403e-02
7525.0283 4.7354e-02
7527.2861 3.8008e-02
7529.5439 3.7337e-02
7531.8027 3.4018e-02
7534.0620 4.2367e-02
7536.3228 4.5118e-02
7538.5835 4.3002e-02
7540.8447 4.0744e-02
7543.1074 4.0421e-02
7545.3706 3.1656e-02
7547.6338 3.5981e-02
7549.8984 3.3013e-02
7552.1626 4.3495e-02
7554.4292 3.8969e-02
7556.6948 4.0748e-02
7558.9619 3.8360e-02
7561.2295 4.2889e-02
7563.4976 2.9984e-02
7565.7671 3.5382e-02
7568.0366 3.5813e-02
7570.3071 3.2978e-02
7572.5786 3.5134e-02
7574.8511 3.8139e-02
7577.1230 4.5367e-02
7579.3960 3.8418e-02
7581.6694 3.5842e-02
7583.9443 3.7614e-02
7586.2192 3.5103e-02
7588.4956 2.8281e-02
7590.7715 3.2346e-02
7593.0488 3.7866e-02
7595.3262 3.7770e-02
7597.6060 3.8027e-02
7599.8843 3.9276e-02
7602.1641 3.3115e-02
7604.4448 2.2401e-02
7606.7271 4.2710e-02
7609.0093 4.2859e-02
7611.2910 3.6782e-02
7613.5752 4.3107e-02
7615.8589 3.9632e-02
7618.1440 4.2799e-02
7620.4292 3.2947e-02
7622.7153 4.1486e-02
7625.0020 2.8275e-02
7627.2896 3.1448e-02
7629.5781 2.8786e-02
7631.8662 2.5712e-02
7634.1562 3.1667e-02
7636.4468 2.8846e-02
7638.7378 3.5872e-02
7641.0288 4.8015e-02
7643.3213 3.0786e-02
7645.6138 3.8458e-02
7647.9072 2.7237e-02
7650.2021 2.9401e-02
7652.4971 3.7441e-02
7654.7935 3.6978e-02
7657.0894 2.8166e-02
7659.3867 3.8415e-02
7661.6846 3.2029e-02
7663.9829 3.5805e-02
7666.2817 4.0369e-02
7668.5825 3.0178e-02
7670.8823 3.3876e-02
7673.1841 3.2680e-02
7675.4854 3.9879e-02
7677.7891 3.9704e-02
7680.0918 3.0775e-02
7682.3960 4.0207e-02
7684.7002 2.5903e-02
7687.0059 3.8534e-02
7689.3125 3.7413e-02
7691.6191 3.4795e-02
7693.9268 2.6705e-02
7696.2344 3.2218e-02
7698.5430 3.0117e-02
7700.8530 3.4933e-02
7703.1631 3.6499e-02
7705.4746 3.5620e-02
7707.7856 2.8425e-02
7710.0981 3.2989e-02
7712.4111 4.2953e-02
7714.7251 2.7367e-02
7717.0391 3.3997e-02
7719.3540 2.8665e-02
7721.6699 3.3051e-02
7723.9868 2.8698e-02
7726.3042 3.3441e-02
7728.6216 3.2436e-02
7730.9409 2.9940e-02
7733.2593 3.3914e-02
7735.5796 3.3382e-02
7737.9004 3.2751e-02
7740.2217 2.5520e-02
7742.5435 3.5442e-02
7744.8662 3.4200e-02
7747.1895 3.5790e-02
7749.5142 2.8727e-02
7751.8394 3.4218e-02
7754.1650 2.9942e-02
7756.4907 2.7178e-02
7758.8174 3.9219e-02
7761.1450 3.5612e-02
7763.4736 3.2261e-02
7765.8022 4.4542e-02
7768.1323 2.4823e-02
7770.4634 3.0103e-02
7772.7944 3.2103e-02
7775.1260 2.3536e-02
7777.4585 4.0203e-02
7779.7915 3.0911e-02
7782.1260 3.4515e-02
7784.4604 3.6162e-02
7786.7954 2.9051e-02
7789.1318 3.5525e-02
7791.4683 2.7249e-02
7793.8062 3.1432e-02
7796.1436 3.5310e-02
7798.4824 3.2643e-02
7800.8218 2.9187e-02
7803.1626 2.9590e-02
7805.5034 2.9219e-02
7807.8447 3.3749e-02
7810.1880 3.4922e-02
7812.5303 3.0244e-02
7814.8745 3.2377e-02
7817.2192 3.9982e-02
7819.5640 3.8599e-02
7821.9106 3.2758e-02
7824.2559 4.0881e-02
7826.6040 3.8297e-02
7828.9521 3.3306e-02
7831.3003 3.5373e-02
7833.6499 3.7459e-02
7835.9995 2.7335e-02
7838.3511 3.6964e-02
7840.7021 3.0895e-02
7843.0547 2.7057e-02
7845.4077 3.7084e-02
7847.7603 3.1432e-02
7850.1152 2.7939e-02
7852.4702 3.3706e-02
7854.8262 3.8391e-02
7857.1821 3.1207e-02
7859.5396 3.5213e-02
7861.8975 3.7072e-02
7864.2559 3.2506e-02
7866.6157 3.3921e-02
7868.9756 3.3063e-02
7871.3359 4.2264e-02
7873.6978 2.8321e-02
7876.0601 3.1769e-02
7878.4224 2.6638e-02
7880.7856 4.4438e-02
7883.1509 3.7716e-02
7885.5151 3.1165e-02
7887.8809 3.2741e-02
7890.2476 3.3291e-02
7892.6147 3.1257e-02
7894.9814 2.8903e-02
7897.3501 3.2848e-02
7899.7192 3.3324e-02
7902.0898 4.0232e-02
7904.4604 3.2226e-02
7906.8311 3.4663e-02
7909.2036 3.0543e-02
7911.5767 2.5829e-02
7913.9497 4.1209e-02
7916.3247 4.5325e-02
7918.6987 2.9323e-02
7921.0742 3.2722e-02
7923.4512 3.8809e-02
7925.8276 3.8079e-02
7928.2051 3.3894e-02
7930.5845 3.2481e-02
7932.9634 4.0756e-02
7935.3433 4.2469e-02
7937.7236 3.7527e-02
7940.1050 3.8460e-02
7942.4873 3.9758e-02
7944.8701 3.5419e-02
7947.2529 3.1774e-02
7949.6377 2.9671e-02
7952.0225 3.3705e-02
7954.4082 3.7093e-02
7956.7949 3.8210e-02
7959.1807 3.9680e-02
7961.5688 2.5115e-02
7963.9580 3.2705e-02
7966.3462 3.3337e-02
7968.7368 3.2794e-02
7971.1274 2.9656e-02
7973.5181 3.5831e-02
7975.9111 2.8852e-02
7978.3032 3.3336e-02
7980.6973 3.2235e-02
7983.0908 3.0143e-02
7985.4858 3.8475e-02
7987.8823 3.4508e-02
7990.2778 2.8976e-02
7992.6748 2.9870e-02
7995.0728 3.5919e-02
7997.4717 3.0593e-02
7999.8711 3.5842e-02
8002.2710 3.5045e-02
8004.6709 4.5098e-02
8007.0723 2.7579e-02
8009.4746 3.0786e-02
8011.8779 3.4021e-02
8014.2812 2.9828e-02
8016.6855 3.9550e-02
8019.0903 3.6062e-02
8021.4966 2.9258e-02
8023.9028 3.2788e-02
8026.3105 2.6642e-02
8028.7173 3.9277e-02
8031.1260 4.1550e-02
8033.5361 3.1934e-02
8035.9458 3.8291e-02
8038.3569 3.8300e-02
8040.7681 3.2658e-02
8043.1807 3.3645e-02
8045.5933 3.6875e-02
8048.0068 3.3815e-02
8050.4214 3.8735e-02
8052.8364 3.0614e-02
8055.2520 4.1454e-02
8057.6689 3.3348e-02
8060.0864 3.6766e-02
8062.5049 3.6633e-02
8064.9229 3.2017e-02
8067.3423 4.0736e-02
8069.7632 3.3991e-02
8072.1836 3.4040e-02
8074.6050 3.1378e-02
8077.0278 3.8656e-02
8079.4507 3.2708e-02
8081.8745 3.3918e-02
8084.2988 3.1358e-02
8086.7251 3.0972e-02
8089.1509 3.4531e-02
8091.5771 3.7803e-02
8094.0049 2.9103e-02
8096.4331 2.7189e-02
8098.8618 3.3258e-02
8101.2910 3.3022e-02
8103.7217 3.2760e-02
8106.1528 3.3212e-02
8108.5845 3.6048e-02
8111.0171 3.6478e-02
8113.4502 3.2244e-02
8115.8843 2.7989e-02
8118.3188 3.4586e-02
8120.7549 3.4149e-02
8123.1914 3.2982e-02
8125.6284 3.0407e-02
8128.0659 3.0562e-02
8130.5049 2.9000e-02
8132.9438 3.4488e-02
8135.3833 3.8002e-02
8137.8237 3.1037e-02
8140.2651 3.3442e-02
8142.7075 2.5562e-02
8145.1504 3.9009e-02
8147.5938 3.5813e-02
8150.0376 3.1037e-02
8152.4834 3.8926e-02
8154.9292 3.5788e-02
8157.3750 3.0652e-02
8159.8228 3.3326e-02
8162.2705 3.0223e-02
8164.7192 3.1112e-02
8167.1685 3.2407e-02
8169.6187 2.8339e-02
8172.0693 3.0346e-02
8174.5210 3.3339e-02
8176.9736 3.0587e-02
8179.4268 3.0238e-02
8181.8809 3.5933e-02
8184.3350 2.6971e-02
8186.7900 3.6462e-02
8189.2456 3.9967e-02
8191.7031 3.2914e-02
8194.1602 2.7867e-02
8196.6191 3.2139e-02
8199.0781 2.9593e-02
8201.5371 3.3158e-02
8203.9980 3.0211e-02
8206.4590 3.0357e-02
8208.9219 3.8068e-02
8211.3838 3.4900e-02
8213.8477 3.4933e-02
8216.3115 3.2727e-02
8218.7764 3.2354e-02
8221.2422 4.0553e-02
8223.7090 4.4173e-02
8226.1758 2.9500e-02
8228.6436 2.7187e-02
8231.1123 3.5891e-02
8233.5811 4.0074e-02
8236.0518 2.9912e-02
8238.5215 3.6655e-02
8240.9932 3.6753e-02
8243.4658 3.7324e-02
8245.9395 3.2258e-02
8248.4131 2.8849e-02
8250.8877 3.1789e-02
8253.3623 4.4776e-02
8255.8389 3.6647e-02
8258.3154 3.5698e-02
8260.7920 3.2609e-02
8263.2715 4.0648e-02
8265.7500 3.2556e-02
8268.2305 4.5048e-02
8270.7100 3.3939e-02
8273.1914 3.7304e-02
8275.6738 4.1002e-02
8278.1553 3.5148e-02
8280.6396 3.5499e-02
8283.1240 3.7231e-02
8285.6094 3.0472e-02
8288.0947 3.9458e-02
8290.5811 3.1749e-02
8293.0674 4.5539e-02
8295.5557 3.7863e-02
8298.0449 3.6354e-02
8300.5352 3.3318e-02
8303.0234 3.7916e-02
8305.5156 3.7301e-02
8308.0068 3.4308e-02
8310.5000 4.2750e-02
8312.9922 3.4548e-02
8315.4863 3.1274e-02
8317.9805 3.3768e-02
8320.4766 3.8578e-02
8322.9717 3.5502e-02
8325.4697 3.7073e-02
8327.9668 2.9009e-02
8330.4658 3.1262e-02
8332.9639 3.6491e-02
8335.4648 3.7730e-02
8337.9648 3.6366e-02
8340.4668 3.2727e-02
8342.9688 4.0630e-02
8345.4717 3.6768e-02
8347.9746 3.1455e-02
8350.4795 2.6807e-02
8352.9844 3.9129e-02
8355.4902 3.8378e-02
8357.9971 4.2034e-02
8360.5039 3.2418e-02
8363.0127 3.4597e-02
8365.5215 4.2252e-02
8368.0312 2.8920e-02
8370.5420 3.6343e-02
8373.0527 2.9743e-02
8375.5654 3.6809e-02
8378.0771 4.1139e-02
8380.5908 3.5114e-02
8383.1045 4.1117e-02
8385.6191 3.7633e-02
8388.1348 3.1276e-02
8390.6523 2.9125e-02
8393.1689 3.1445e-02
8395.6865 2.9754e-02
8398.2061 3.1386e-02
8400.7246 3.8266e-02
8403.2461 4.5309e-02
8405.7666 2.9792e-02
8408.2881 2.4295e-02
8410.8105 3.2886e-02
8413.3340 2.9041e-02
8415.8584 3.7331e-02
8418.3818 3.4342e-02
8420.9082 4.1639e-02
8423.4346 3.6591e-02
8425.9609 3.5405e-02
8428.4893 3.9134e-02
8431.0186 3.8606e-02
8433.5479 3.7185e-02
8436.0771 3.1229e-02
8438.6074 3.2172e-02
8441.1396 3.2814e-02
8443.6729 3.5009e-02
8446.2051 3.4223e-02
8448.7383 3.8863e-02
8451.2734 3.6125e-02
8453.8086 3.2003e-02
8456.3457 2.9866e-02
8458.8828 3.5121e-02
8461.4199 3.7328e-02
8463.9580 3.3101e-02
8466.4971 3.6729e-02
8469.0371 3.7741e-02
8471.5781 3.3659e-02
8474.1191 3.2587e-02
8476.6621 3.6669e-02
8479.2051 3.0884e-02
8481.7480 2.9601e-02
8484.2930 3.4556e-02
8486.8379 5.0555e-02
8489.3848 3.4324e-02
8491.9316 3.6348e-02
8494.4795 3.9890e-02
8497.0264 3.9602e-02
8499.5762 3.1942e-02
8502.1260 3.9158e-02
8504.6777 3.7656e-02
8507.2285 3.8683e-02
8509.7803 3.8223e-02
8512.3330 4.6996e-02
8514.8857 3.6708e-02
8517.4414 4.4088e-02
8519.9961 2.8532e-02
8522.5527 4.1527e-02
8525.1094 3.3728e-02
8527.6670 5.2870e-02
8530.2246 4.0759e-02
8532.7842 3.5721e-02
8535.3438 2.9118e-02
8537.9053 3.6270e-02
8540.4668 3.0207e-02
8543.0273 3.9878e-02
8545.5908 3.6701e-02
8548.1543 3.9498e-02
8550.7188 3.6761e-02
8553.2842 3.4689e-02
8555.8496 2.9613e-02
8558.4170 3.8472e-02
8560.9844 4.5537e-02
8563.5527 3.4037e-02
8566.1221 4.8150e-02
8568.6914 4.2893e-02
8571.2617 3.8593e-02
8573.8350 3.4778e-02
8576.4062 3.7959e-02
8578.9785 3.9342e-02
8581.5527 3.1151e-02
8584.1270 4.3597e-02
8586.7031 3.8885e-02
8589.2783 3.4547e-02
8591.8555 3.9454e-02
8594.4326 4.2648e-02
8597.0117 4.1713e-02
8599.5898 3.8897e-02
8602.1699 4.0787e-02
8604.7500 4.3479e-02
8607.3320 4.1974e-02
8609.9150 3.6837e-02
8612.4971 3.3186e-02
8615.0811 3.9592e-02
8617.6660 4.6494e-02
8620.2500 3.8384e-02
8622.8369 3.9657e-02
8625.4229 3.9766e-02
8628.0117 4.1540e-02
8630.6006 4.2143e-02
8633.1885 3.1689e-02
8635.7793 4.3369e-02
8638.3711 3.1838e-02
8640.9609 5.3793e-02
8643.5527 4.5090e-02
8646.1465 3.7098e-02
8648.7393 4.0448e-02
8651.3350 4.0834e-02
8653.9307 3.6853e-02
8656.5264 3.3852e-02
8659.1230 3.5442e-02
8661.7207 4.5718e-02
8664.3203 3.5263e-02
8666.9189 4.7607e-02
8669.5186 3.8961e-02
8672.1201 4.0991e-02
8674.7217 3.7291e-02
8677.3242 3.5433e-02
8679.9277 3.8189e-02
8682.5312 4.1188e-02
8685.1367 4.4803e-02
8687.7412 3.4129e-02
8690.3477 4.0379e-02
8692.9551 3.6733e-02
8695.5625 3.8328e-02
8698.1709 4.2431e-02
8700.7803 3.4632e-02
8703.3916 4.7298e-02
8706.0020 4.7806e-02
8708.6133 3.6790e-02
8711.2266 4.2323e-02
8713.8398 3.9720e-02
8716.4541 3.6906e-02
8719.0684 3.4708e-02
8721.6846 3.7583e-02
8724.3018 3.4385e-02
8726.9189 3.2087e-02
8729.5371 3.5026e-02
8732.1553 4.2592e-02
8734.7754 3.2825e-02
8737.3955 3.4552e-02
8740.0166 3.4950e-02
8742.6387 3.3346e-02
8745.2607 4.3454e-02
8747.8848 3.8357e-02
8750.5098 4.0982e-02
8753.1348 4.3123e-02
8755.7607 3.8128e-02
8758.3867 4.0699e-02
8761.0146 3.9352e-02
8763.6436 3.9259e-02
8766.2715 4.3030e-02
8768.9023 3.2061e-02
8771.5322 4.1778e-02
8774.1641 3.1719e-02
8776.7959 3.2517e-02
8779.4287 3.5785e-02
8782.0635 3.9441e-02
8784.6982 3.5080e-02
8787.3330 3.7557e-02
8789.9697 4.1642e-02
8792.6074 3.6125e-02
8795.2451 3.8752e-02
8797.8838 3.9584e-02
8800.5234 4.0598e-02
8803.1621 3.5286e-02
8805.8027 3.5389e-02
8808.4453 3.5267e-02
8811.0879 3.8220e-02
8813.7314 3.5431e-02
8816.3750 3.7382e-02
8819.0205 3.2589e-02
8821.6660 2.9208e-02
8824.3125 4.1851e-02
8826.9590 2.9839e-02
8829.6084 2.9954e-02
8832.2568 3.2151e-02
8834.9062 3.2081e-02
8837.5557 3.1387e-02
8840.2080 2.8958e-02
8842.8594 3.0187e-02
8845.5127 3.7869e-02
8848.1670 3.2238e-02
8850.8213 3.7273e-02
8853.4766 2.9745e-02
8856.1328 3.3099e-02
8858.7881 3.7274e-02
8861.4463 3.4952e-02
8864.1045 4.0863e-02
8866.7646 3.5947e-02
8869.4238 3.4126e-02
8872.0850 3.4289e-02
8874.7471 4.0627e-02
8877.4092 3.8688e-02
8880.0732 3.0877e-02
8882.7373 3.7368e-02
8885.4014 3.5101e-02
8888.0674 3.3560e-02
8890.7334 3.5401e-02
8893.4004 3.0991e-02
8896.0684 3.3916e-02
8898.7373 3.6310e-02
8901.4072 3.4127e-02
8904.0771 2.9294e-02
8906.7480 3.4656e-02
8909.4199 3.0534e-02
8912.0938 2.9032e-02
8914.7676 3.6306e-02
8917.4414 3.1909e-02
8920.1172 3.8173e-02
8922.7930 2.9281e-02
8925.4697 2.6047e-02
8928.1475 3.7276e-02
8930.8262 4.0832e-02
8933.5049 2.8807e-02
8936.1855 3.3272e-02
8938.8652 3.0488e-02
8941.5469 3.0669e-02
8944.2295 3.2084e-02
8946.9141 3.2266e-02
8949.5977 3.4111e-02
8952.2822 2.8988e-02
8954.9678 3.3196e-02
8957.6553 4.1600e-02
8960.3418 3.4102e-02
8963.0293 3.2281e-02
8965.7178 2.6068e-02
8968.4082 3.5358e-02
8971.0986 3.4650e-02
8973.7910 2.6310e-02
8976.4824 2.8145e-02
8979.1748 2.9773e-02
8981.8691 3.1136e-02
8984.5635 2.6696e-02
8987.2588 3.0786e-02
8989.9551 2.0482e-02
8992.6523 2.5996e-02
8995.3506 2.9959e-02
8998.0488 2.6518e-02
9000.7480 2.6194e-02
9003.4482 3.4125e-02
9006.1494 4.0989e-02
9008.8516 3.1620e-02
9011.5537 3.2749e-02
9014.2578 3.3719e-02
9016.9609 4.0384e-02
9019.6660 3.2024e-02
9022.3721 2.8451e-02
9025.0791 3.6664e-02
9027.7871 2.8032e-02
9030.4951 3.3103e-02
9033.2051 3.6048e-02
9035.9150 1.9472e-02
9038.6260 2.3441e-02
9041.3369 3.2005e-02
9044.0498 3.0552e-02
9046.7627 2.3006e-02
9049.4766 3.3944e-02
9052.1914 2.9379e-02
9054.9072 3.2322e-02
9057.6240 3.1998e-02
9060.3398 2.7150e-02
9063.0586 3.3974e-02
9065.7773 2.6715e-02
9068.4971 2.5759e-02
9071.2168 3.1569e-02
9073.9395 2.8656e-02
9076.6611 2.6618e-02
9079.3848 3.3677e-02
9082.1074 3.3036e-02
9084.8330 2.4259e-02
9087.5576 3.5787e-02
9090.2832 3.7140e-02
9093.0117 3.2004e-02
9095.7393 2.7551e-02
9098.4688 2.6220e-02
9101.1973 3.3326e-02
9103.9287 3.5156e-02
9106.6592 2.2785e-02
9109.3906 2.3453e-02
9112.1250 2.5168e-02
9114.8584 2.2481e-02
9117.5928 2.7736e-02
9120.3271 2.7201e-02
9123.0635 2.5831e-02
9125.8008 2.7997e-02
9128.5391 2.7859e-02
9131.2764 3.4041e-02
9134.0156 2.7846e-02
9136.7568 2.8971e-02
9139.4980 2.7963e-02
9142.2383 2.8631e-02
9144.9814 2.7713e-02
9147.7266 2.0260e-02
9150.4707 2.3745e-02
9153.2158 2.2371e-02
9155.9609 3.2533e-02
9158.7070 2.6406e-02
9161.4551 2.8420e-02
9164.2041 3.3112e-02
9166.9531 2.3409e-02
9169.7031 2.7157e-02
9172.4541 2.9951e-02
9175.2051 2.9386e-02
9177.9580 2.6601e-02
9180.7109 2.2513e-02
9183.4668 2.8962e-02
9186.2207 3.0936e-02
9188.9766 2.8730e-02
9191.7334 2.9955e-02
9194.4912 2.3319e-02
9197.2490 3.1849e-02
9200.0088 2.2372e-02
9202.7686 2.5176e-02
9205.5293 2.9212e-02
9208.2920 2.4359e-02
9211.0527 3.0589e-02
9213.8164 2.8507e-02
9216.5811 2.2932e-02
9219.3467 2.0521e-02
9222.1113 3.1024e-02
9224.8789 2.1530e-02
9227.6455 3.1369e-02
9230.4141 2.7321e-02
9233.1836 2.1402e-02
9235.9531 2.6338e-02
9238.7246 3.0367e-02
9241.4951 2.7489e-02
9244.2686 2.3323e-02
9247.0410 2.6078e-02
9249.8154 2.2085e-02
9252.5908 2.3640e-02
9255.3652 3.2680e-02
9258.1426 2.3556e-02
9260.9209 2.6050e-02
9263.6992 2.5546e-02
9266.4775 2.5303e-02
9269.2568 2.6851e-02
9272.0381 2.3461e-02
9274.8203 3.0554e-02
9277.6025 2.4357e-02
9280.3857 3.2265e-02
9283.1709 2.4963e-02
9285.9541 2.4423e-02
9288.7402 2.9033e-02
9291.5264 2.4960e-02
9294.3135 2.6430e-02
9297.1025 2.8252e-02
9299.8926 2.1453e-02
9302.6816 2.6095e-02
9305.4727 2.5865e-02
9308.2646 2.3350e-02
9311.0566 2.9856e-02
9313.8506 2.4210e-02
9316.6436 2.9972e-02
9319.4395 2.7966e-02
9322.2354 2.7314e-02
9325.0322 2.1345e-02
9327.8291 2.1326e-02
9330.6279 2.3824e-02
9333.4277 1.9082e-02
9336.2266 2.7455e-02
9339.0283 2.7242e-02
9341.8291 2.2223e-02
9344.6318 1.8600e-02
9347.4355 1.6522e-02
9350.2402 1.9656e-02
9353.0449 3.1343e-02
9355.8516 2.9822e-02
9358.6572 3.1414e-02
9361.4658 2.1842e-02
9364.2734 2.7845e-02
9367.0830 2.0017e-02
9369.8936 2.7866e-02
9372.7041 2.4141e-02
9375.5156 2.1786e-02
9378.3291 2.9352e-02
9381.1416 2.4483e-02
9383.9561 2.5103e-02
9386.7715 2.5674e-02
9389.5879 2.3719e-02
9392.4043 2.8260e-02
9395.2217 2.5965e-02
9398.0400 2.3540e-02
9400.8594 2.0259e-02
9403.6807 2.0149e-02
9406.5020 1.9381e-02
9409.3242 2.0412e-02
9412.1465 2.1546e-02
9414.9707 1.4954e-02
9417.7939 1.8218e-02
9420.6201 2.3030e-02
9423.4453 2.4608e-02
9426.2725 2.7254e-02
9429.1006 2.4773e-02
9431.9287 2.0384e-02
9434.7588 2.1626e-02
9437.5898 1.4179e-02
9440.4209 1.9070e-02
9443.2529 2.3928e-02
9446.0859 2.2833e-02
9448.9199 2.0445e-02
9451.7549 2.2888e-02
9454.5889 2.1765e-02
9457.4268 2.4810e-02
9460.2637 2.4677e-02
9463.1016 1.9635e-02
9465.9414 1.8326e-02
9468.7803 2.0127e-02
9471.6211 1.5302e-02
9474.4629 2.2440e-02
9477.3047 2.0657e-02
9480.1484 2.0221e-02
9482.9922 2.3653e-02
9485.8369 1.6350e-02
9488.6836 1.8503e-02
9491.5303 2.0108e-02
9494.3760 1.6997e-02
9497.2256 2.5862e-02
9500.0742 2.2185e-02
9502.9238 2.0526e-02
9505.7754 1.8101e-02
9508.6270 1.5045e-02
9511.4805 2.4687e-02
9514.3320 1.8145e-02
9517.1875 1.7740e-02
9520.0420 1.9583e-02
9522.8984 2.5661e-02
9525.7559 1.8864e-02
9528.6133 1.4346e-02
9531.4717 2.0981e-02
9534.3311 2.3447e-02
9537.1914 1.9118e-02
9540.0518 1.7801e-02
9542.9150 2.6837e-02
9545.7773 1.2932e-02
9548.6416 1.8429e-02
9551.5059 2.5681e-02
9554.3711 2.7720e-02
9557.2373 1.5358e-02
9560.1045 2.6160e-02
9562.9727 2.3044e-02
9565.8418 1.6907e-02
9568.7109 2.1853e-02
9571.5820 1.8718e-02
9574.4531 1.2285e-02
9577.3252 2.5507e-02
9580.1992 1.9932e-02
9583.0723 2.2361e-02
9585.9473 1.9728e-02
9588.8242 1.8848e-02
9591.7002 1.3055e-02
9594.5781 2.0332e-02
9597.4561 1.5495e-02
9600.3350 1.9379e-02
9603.2158 2.2534e-02
9606.0957 2.2289e-02
9608.9775 1.5506e-02
9611.8613 1.9934e-02
9614.7441 1.4217e-02
9617.6279 1.9240e-02
9620.5137 2.0958e-02
9623.4014 1.5472e-02
9626.2881 1.7449e-02
9629.1748 2.1691e-02
9632.0645 1.6079e-02
9634.9541 1.6277e-02
9637.8438 1.6938e-02
9640.7363 1.9998e-02
9643.6270 2.1025e-02
9646.5215 1.6121e-02
9649.4141 1.8480e-02
9652.3086 1.1874e-02
9655.2051 1.9845e-02
9658.1016 1.2952e-02
9660.9990 1.8336e-02
9663.8975 1.4640e-02
9666.7969 1.7203e-02
9669.6973 1.4564e-02
9672.5967 1.5006e-02
9675.5000 1.2630e-02
9678.4023 2.1617e-02
9681.3057 1.9891e-02
9684.2109 1.9177e-02
9687.1152 1.4054e-02
9690.0215 2.0411e-02
9692.9287 1.8559e-02
9695.8369 1.9273e-02
9698.7441 1.0073e-02
9701.6553 1.8683e-02
9704.5645 1.7938e-02
9707.4775 1.4375e-02
9710.3887 1.3522e-02
9713.3008 1.3071e-02
9716.2158 1.6502e-02
9719.1299 1.6156e-02
9722.0459 1.7036e-02
9724.9629 1.3755e-02
9727.8809 1.1320e-02
9730.7988 1.8317e-02
9733.7178 1.3286e-02
9736.6387 1.1810e-02
9739.5586 1.5294e-02
9742.4805 1.7739e-02
9745.4033 1.5760e-02
9748.3281 1.4169e-02
9751.2520 2.2999e-02
9754.1777 1.0411e-02
9757.1035 1.1397e-02
9760.0303 1.9200e-02
9762.9590 1.1016e-02
9765.8877 1.4346e-02
9768.8174 1.5492e-02
9771.7480 1.5299e-02
9774.6797 1.3992e-02
9777.6113 2.1238e-02
9780.5459 1.4574e-02
9783.4795 1.1928e-02
9786.4141 1.4481e-02
9789.3496 1.5246e-02
9792.2871 1.0327e-02
9795.2256 1.3919e-02
9798.1641 1.3597e-02
9801.1035 1.3175e-02
9804.0430 1.6306e-02
9806.9844 1.0029e-02
9809.9268 1.2331e-02
9812.8691 1.5250e-02
9815.8125 1.3636e-02
9818.7578 1.3250e-02
9821.7041 1.1891e-02
9824.6494 1.4238e-02
9827.5967 1.4144e-02
9830.5469 1.4987e-02
9833.4951 1.8980e-02
9836.4453 1.0474e-02
9839.3965 1.3855e-02
9842.3486 1.6017e-02
9845.2998 1.6312e-02
9848.2549 1.5460e-02
9851.2080 9.4203e-03
9854.1641 1.1520e-02
9857.1201 1.2803e-02
9860.0771 1.3153e-02
9863.0361 1.3404e-02
9865.9941 1.2374e-02
9868.9541 1.3552e-02
9871.9150 1.1563e-02
9874.8760 1.7648e-02
9877.8389 1.4370e-02
9880.8018 1.2549e-02
9883.7666 1.5132e-02
9886.7324 1.5787e-02
9889.6982 8.1206e-03
9892.6641 8.1486e-03
9895.6338 1.0444e-02
9898.6016 9.8606e-03
9901.5713 1.4799e-02
9904.5420 1.2469e-02
9907.5127 9.4944e-03
9910.4854 1.3310e-02
9913.4590 1.0014e-02
9916.4326 7.3804e-03
9919.4072 9.3363e-03
9922.3828 1.1983e-02
9925.3584 1.1150e-02
9928.3379 1.6102e-02
9931.3164 1.2543e-02
9934.2949 7.9842e-03
9937.2754 1.0558e-02
9940.2568 1.2533e-02
9943.2383 8.5856e-03
9946.2207 1.4781e-02
9949.2061 8.8347e-03
9952.1904 1.9357e-02
9955.1758 1.1331e-02
9958.1631 1.3257e-02
9961.1494 1.0779e-02
9964.1387 1.3863e-02
9967.1279 1.1977e-02
9970.1182 1.2642e-02
9973.1084 1.1762e-02
9976.1006 7.6378e-03
9979.0928 1.2044e-02
9982.0859 9.4810e-03
9985.0820 1.1963e-02
9988.0771 7.3306e-03
9991.0732 1.3075e-02
9994.0713 9.5547e-03
9997.0693 1.2791e-02
10000.0684 1.4676e-02
10003.0674 1.1520e-02
10006.0684 1.1336e-02
10009.0713 1.1290e-02
10012.0742 1.0325e-02
10015.0771 1.3169e-02
10018.0820 1.1204e-02
10021.0879 1.0727e-02
10024.0938 1.1815e-02
10027.1006 1.3715e-02
10030.1084 1.5264e-02
10033.1172 1.0703e-02
10036.1270 1.3846e-02
10039.1387 9.6513e-03
10042.1504 9.4963e-03
10045.1631 1.0323e-02
10048.1768 1.1093e-02
10051.1924 8.7420e-03
10054.2061 1.1162e-02
10057.2227 1.3253e-02
10060.2402 7.3659e-03
10063.2578 9.9224e-03
10066.2773 7.7231e-03
10069.2969 6.1527e-03
10072.3174 1.1425e-02
10075.3379 8.4870e-03
10078.3623 1.0708e-02
10081.3848 1.1698e-02
10084.4102 1.3675e-02
10087.4346 8.4073e-03
10090.4619 3.5170e-03
10093.4883 1.0816e-02
10096.5166 9.8470e-03
10099.5459 1.0708e-02
10102.5742 8.9775e-03
10105.6055 1.3190e-02
10108.6367 1.3632e-02
10111.6709 9.6227e-03
10114.7041 6.6983e-03
10117.7383 6.9078e-03
10120.7734 8.3916e-03
10123.8105 9.9820e-03
10126.8477 1.0925e-02
10129.8857 1.2281e-02
10132.9248 1.0668e-02
10135.9648 1.1802e-02
10139.0049 9.9403e-03
10142.0479 1.0640e-02
10145.0879 1.0996e-02
10148.1318 1.0684e-02
10151.1768 1.2208e-02
10154.2227 6.1691e-03
10157.2686 6.5733e-03
10160.3154 1.0212e-02
10163.3643 1.2716e-02
10166.4121 1.1169e-02
10169.4629 8.6911e-03
10172.5137 1.0065e-02
10175.5654 7.4096e-03
10178.6191 8.4098e-03
10181.6719 1.1509e-02
10184.7256 1.0588e-02
10187.7822 1.1108e-02
10190.8379 7.3087e-03
10193.8945 9.3560e-03
10196.9541 7.0616e-03
10200.0127 8.2413e-03
10203.0723 1.0449e-02
10206.1328 8.8189e-03
10209.1953 1.1084e-02
10212.2578 1.0623e-02
10215.3223 6.9038e-03
10218.3867 8.9552e-03
10221.4521 1.8841e-02
10224.5186 8.2738e-03
10227.5850 8.7980e-03
10230.6543 1.1421e-02
10233.7246 1.0671e-02
10236.7930 5.4381e-03
10239.8643 8.8161e-03
10242.9355 1.2098e-02
10246.0098 1.0734e-02
10249.0830 8.0293e-03
10252.1572 1.1225e-02
10255.2334 6.5275e-03
10258.3096 9.8475e-03
10261.3877 1.1619e-02
10264.4648 7.5833e-03
10267.5449 6.6219e-03
10270.6250 1.1260e-02
