# time_explosion = 16.25
# 
3082.8928 1.1885e-01
3083.8179 1.1821e-01
3084.7432 1.2675e-01
3085.6685 1.0280e-01
3086.5940 1.3450e-01
3087.5200 1.0011e-01
3088.4463 1.1384e-01
3089.3728 1.2002e-01
3090.2996 1.1368e-01
3091.2268 1.3261e-01
3092.1541 1.2539e-01
3093.0815 1.3128e-01
3094.0098 1.3990e-01
3094.9380 1.2020e-01
3095.8665 1.2675e-01
3096.7952 1.1465e-01
3097.7241 1.0839e-01
3098.6536 8.7682e-02
3099.5828 9.2716e-02
3100.5129 1.4092e-01
3101.4431 1.1602e-01
3102.3735 1.0527e-01
3103.3042 1.0814e-01
3104.2354 9.5160e-02
3105.1665 1.1674e-01
3106.0981 8.7019e-02
3107.0300 9.4029e-02
3107.9619 1.0139e-01
3108.8943 1.0771e-01
3109.8269 8.6012e-02
3110.7600 9.2257e-02
3111.6929 1.1527e-01
3112.6265 9.6085e-02
3113.5605 9.8893e-02
3114.4944 1.0659e-01
3115.4290 8.2576e-02
3116.3635 8.4010e-02
3117.2986 6.5176e-02
3118.2336 1.2451e-01
3119.1689 9.3104e-02
3120.1047 7.6609e-02
3121.0410 8.2350e-02
3121.9773 8.1223e-02
3122.9136 8.6088e-02
3123.8508 9.2585e-02
3124.7878 8.8174e-02
3125.7251 8.0947e-02
3126.6628 8.0325e-02
3127.6008 7.0241e-02
3128.5393 8.8153e-02
3129.4778 6.9039e-02
3130.4170 8.5295e-02
3131.3557 6.0775e-02
3132.2954 5.9874e-02
3133.2349 4.6223e-02
3134.1748 7.3234e-02
3135.1150 7.8916e-02
3136.0559 6.5183e-02
3136.9968 6.3654e-02
3137.9377 6.9356e-02
3138.8789 9.9543e-02
3139.8206 8.0713e-02
3140.7625 8.5828e-02
3141.7046 7.5127e-02
3142.6472 8.5591e-02
3143.5901 8.2858e-02
3144.5334 7.6349e-02
3145.4766 8.4789e-02
3146.4202 4.7248e-02
3147.3643 5.9401e-02
3148.3086 7.9635e-02
3149.2529 8.2024e-02
3150.1975 6.6995e-02
3151.1426 5.9636e-02
3152.0881 6.9519e-02
3153.0337 7.7261e-02
3153.9795 7.8961e-02
3154.9255 9.1420e-02
3155.8723 9.0121e-02
3156.8188 6.8875e-02
3157.7661 7.6098e-02
3158.7134 8.1961e-02
3159.6609 8.7951e-02
3160.6086 7.9786e-02
3161.5571 8.9890e-02
3162.5054 7.9113e-02
3163.4541 5.7238e-02
3164.4031 7.2959e-02
3165.3528 7.4801e-02
3166.3022 8.3854e-02
3167.2522 7.8476e-02
3168.2024 1.0830e-01
3169.1526 1.1791e-01
3170.1035 1.0231e-01
3171.0544 1.0060e-01
3172.0061 8.6164e-02
3172.9573 7.8851e-02
3173.9092 9.0963e-02
3174.8613 7.4947e-02
3175.8140 6.7191e-02
3176.7668 8.8770e-02
3177.7197 8.2029e-02
3178.6729 5.9953e-02
3179.6267 1.0855e-01
3180.5808 8.0104e-02
3181.5347 8.2955e-02
3182.4893 9.8784e-02
3183.4438 8.6720e-02
3184.3987 8.8074e-02
3185.3542 1.0741e-01
3186.3101 1.1091e-01
3187.2659 7.7250e-02
3188.2217 8.3106e-02
3189.1785 9.9975e-02
3190.1350 1.2089e-01
3191.0920 1.0411e-01
3192.0493 1.1288e-01
3193.0071 1.2857e-01
3193.9651 1.1352e-01
3194.9233 1.2068e-01
3195.8818 1.0333e-01
3196.8408 1.1003e-01
3197.7996 1.0799e-01
3198.7590 1.1083e-01
3199.7185 1.1930e-01
3200.6782 9.5655e-02
3201.6387 9.3280e-02
3202.5991 9.4701e-02
3203.5598 9.3402e-02
3204.5208 9.1737e-02
3205.4824 1.4008e-01
3206.4441 1.2389e-01
3207.4058 8.1144e-02
3208.3682 1.2045e-01
3209.3306 9.7122e-02
3210.2935 1.0024e-01
3211.2563 9.5606e-02
3212.2200 1.0340e-01
3213.1833 8.2650e-02
3214.1472 6.7079e-02
3215.1118 1.0695e-01
3216.0764 9.6435e-02
3217.0413 9.1885e-02
3218.0061 1.0719e-01
3218.9714 1.0198e-01
3219.9373 1.1625e-01
3220.9031 7.4877e-02
3221.8699 9.5612e-02
3222.8362 9.9991e-02
3223.8030 9.5416e-02
3224.7700 8.7471e-02
3225.7375 7.8468e-02
3226.7053 6.3706e-02
3227.6731 8.3006e-02
3228.6416 9.1812e-02
3229.6101 8.2617e-02
3230.5791 7.2147e-02
3231.5483 9.9385e-02
3232.5178 7.8258e-02
3233.4875 8.8117e-02
3234.4575 7.1043e-02
3235.4280 5.6921e-02
3236.3984 7.8864e-02
3237.3691 5.8336e-02
3238.3403 5.7101e-02
3239.3120 8.2883e-02
3240.2839 6.8230e-02
3241.2559 7.9560e-02
3242.2285 9.3412e-02
3243.2012 7.6466e-02
3244.1743 6.9026e-02
3245.1472 6.8466e-02
3246.1208 8.5706e-02
3247.0947 7.2551e-02
3248.0688 8.4660e-02
3249.0432 6.5094e-02
3250.0178 8.6261e-02
3250.9929 6.1487e-02
3251.9680 6.7939e-02
3252.9438 5.8654e-02
3253.9194 7.1655e-02
3254.8958 6.1918e-02
3255.8723 8.2765e-02
3256.8489 6.3984e-02
3257.8262 5.8865e-02
3258.8035 5.9932e-02
3259.7810 7.0640e-02
3260.7593 4.8067e-02
3261.7373 7.6410e-02
3262.7158 1.0353e-01
3263.6946 1.0189e-01
3264.6736 7.3342e-02
3265.6531 7.5556e-02
3266.6331 8.3818e-02
3267.6130 5.3214e-02
3268.5930 7.2267e-02
3269.5735 6.4393e-02
3270.5544 5.9944e-02
3271.5356 7.7696e-02
3272.5171 6.5714e-02
3273.4990 7.9010e-02
3274.4812 5.8016e-02
3275.4634 6.8415e-02
3276.4458 9.5246e-02
3277.4287 8.3183e-02
3278.4124 7.9316e-02
3279.3958 9.3891e-02
3280.3794 8.6081e-02
3281.3635 7.5218e-02
3282.3479 7.4691e-02
3283.3325 8.5998e-02
3284.3179 6.8523e-02
3285.3030 7.5481e-02
3286.2888 9.7480e-02
3287.2744 8.9070e-02
3288.2605 1.1349e-01
3289.2471 7.5919e-02
3290.2339 9.4004e-02
3291.2212 6.2662e-02
3292.2083 8.3356e-02
3293.1958 7.9475e-02
3294.1838 8.9320e-02
3295.1724 7.8447e-02
3296.1609 8.5604e-02
3297.1497 8.4920e-02
3298.1387 1.0022e-01
3299.1282 1.0506e-01
3300.1177 9.3770e-02
3301.1079 1.0190e-01
3302.0984 1.1456e-01
3303.0889 9.0600e-02
3304.0798 1.0031e-01
3305.0713 9.8768e-02
3306.0627 9.3428e-02
3307.0544 1.0269e-01
3308.0466 1.0459e-01
3309.0391 1.0525e-01
3310.0317 1.0256e-01
3311.0247 1.0419e-01
3312.0178 8.5186e-02
3313.0117 1.0927e-01
3314.0054 1.0931e-01
3315.0000 1.0859e-01
3315.9941 9.0825e-02
3316.9890 1.0561e-01
3317.9839 7.4761e-02
3318.9795 9.2752e-02
3319.9751 8.4420e-02
3320.9712 1.0011e-01
3321.9678 8.8717e-02
3322.9639 1.1492e-01
3323.9607 1.1133e-01
3324.9580 9.7807e-02
3325.9558 1.3464e-01
3326.9536 9.3927e-02
3327.9514 1.1517e-01
3328.9497 7.3866e-02
3329.9482 9.3435e-02
3330.9475 1.1683e-01
3331.9468 1.0292e-01
3332.9463 1.3032e-01
3333.9463 1.2510e-01
3334.9463 1.1101e-01
3335.9473 1.2073e-01
3336.9478 1.4334e-01
3337.9487 1.1946e-01
3338.9502 1.3255e-01
3339.9517 1.1220e-01
3340.9536 8.3041e-02
3341.9561 1.2017e-01
3342.9587 1.0997e-01
3343.9614 1.1765e-01
3344.9651 1.1257e-01
3345.9685 1.3152e-01
3346.9722 1.0214e-01
3347.9763 1.2416e-01
3348.9805 1.2306e-01
3349.9854 1.0385e-01
3350.9902 1.1900e-01
3351.9956 1.5429e-01
3353.0010 1.2867e-01
3354.0073 1.2664e-01
3355.0129 1.2302e-01
3356.0198 1.0872e-01
3357.0264 1.0656e-01
3358.0334 1.2006e-01
3359.0410 1.2286e-01
3360.0488 1.3476e-01
3361.0569 1.2664e-01
3362.0654 1.2101e-01
3363.0740 1.3604e-01
3364.0828 1.3577e-01
3365.0918 1.1346e-01
3366.1013 1.4784e-01
3367.1113 1.2460e-01
3368.1213 1.1024e-01
3369.1318 1.3270e-01
3370.1426 1.2482e-01
3371.1536 1.1898e-01
3372.1650 1.3874e-01
3373.1768 1.4448e-01
3374.1885 1.1742e-01
3375.2004 1.3019e-01
3376.2134 1.4498e-01
3377.2261 1.4198e-01
3378.2395 1.8437e-01
3379.2529 1.6055e-01
3380.2664 1.3000e-01
3381.2805 1.0968e-01
3382.2952 1.2250e-01
3383.3098 1.2738e-01
3384.3250 1.7660e-01
3385.3401 1.1873e-01
3386.3557 1.4537e-01
3387.3716 1.2987e-01
3388.3879 1.5111e-01
3389.4045 1.5093e-01
3390.4211 1.2937e-01
3391.4385 1.8135e-01
3392.4558 1.2447e-01
3393.4736 1.1617e-01
3394.4915 1.4087e-01
3395.5100 1.4402e-01
3396.5286 1.3940e-01
3397.5474 1.5820e-01
3398.5667 1.5333e-01
3399.5862 1.3739e-01
3400.6062 1.5127e-01
3401.6262 1.7256e-01
3402.6467 1.8836e-01
3403.6677 1.4972e-01
3404.6887 1.5431e-01
3405.7100 1.6771e-01
3406.7319 1.4139e-01
3407.7539 1.5348e-01
3408.7764 1.5025e-01
3409.7988 1.6146e-01
3410.8218 1.4866e-01
3411.8450 1.6282e-01
3412.8687 1.2510e-01
3413.8923 1.5349e-01
3414.9167 1.4199e-01
3415.9412 1.6665e-01
3416.9658 1.6746e-01
3417.9907 1.4862e-01
3419.0164 1.8113e-01
3420.0420 1.8271e-01
3421.0681 1.6740e-01
3422.0945 1.7027e-01
3423.1208 1.8292e-01
3424.1479 1.6106e-01
3425.1753 1.6317e-01
3426.2029 1.5321e-01
3427.2307 1.8070e-01
3428.2588 1.4865e-01
3429.2871 1.6597e-01
3430.3159 1.7611e-01
3431.3452 1.5929e-01
3432.3748 1.7004e-01
3433.4041 1.8217e-01
3434.4346 1.6158e-01
3435.4646 1.7139e-01
3436.4954 1.8205e-01
3437.5261 1.7278e-01
3438.5579 1.7670e-01
3439.5894 1.7311e-01
3440.6208 1.9181e-01
3441.6531 1.7294e-01
3442.6855 1.6600e-01
3443.7183 1.7276e-01
3444.7515 1.4753e-01
3445.7852 1.6145e-01
3446.8186 1.5135e-01
3447.8525 1.9155e-01
3448.8872 2.1939e-01
3449.9216 1.8246e-01
3450.9568 1.8140e-01
3451.9919 1.6009e-01
3453.0276 1.9492e-01
3454.0637 1.6793e-01
3455.0999 1.9515e-01
3456.1362 1.7426e-01
3457.1731 1.7449e-01
3458.2102 1.4440e-01
3459.2476 1.6099e-01
3460.2856 1.9660e-01
3461.3235 2.2003e-01
3462.3621 1.9090e-01
3463.4004 1.8779e-01
3464.4399 1.9237e-01
3465.4790 1.7068e-01
3466.5188 2.1554e-01
3467.5586 1.9959e-01
3468.5989 1.9968e-01
3469.6394 2.0327e-01
3470.6804 1.9545e-01
3471.7217 2.0738e-01
3472.7629 1.5757e-01
3473.8049 1.8416e-01
3474.8469 1.5864e-01
3475.8894 2.1885e-01
3476.9321 1.9486e-01
3477.9751 2.1046e-01
3479.0188 1.7762e-01
3480.0625 1.8479e-01
3481.1064 1.6931e-01
3482.1509 1.6934e-01
3483.1956 1.9216e-01
3484.2407 2.1620e-01
3485.2856 1.9844e-01
3486.3313 2.0087e-01
3487.3772 2.1595e-01
3488.4233 1.8178e-01
3489.4697 1.8572e-01
3490.5168 2.1286e-01
3491.5640 1.8068e-01
3492.6116 1.7947e-01
3493.6592 2.1710e-01
3494.7073 2.2036e-01
3495.7556 1.8105e-01
3496.8044 1.8426e-01
3497.8535 2.0814e-01
3498.9026 2.0479e-01
3499.9526 2.0526e-01
3501.0024 2.0444e-01
3502.0527 1.8995e-01
3503.1033 1.5353e-01
3504.1543 2.0601e-01
3505.2058 1.8277e-01
3506.2571 1.7962e-01
3507.3088 1.8792e-01
3508.3613 2.4017e-01
3509.4136 2.0321e-01
3510.4663 2.0399e-01
3511.5193 1.5240e-01
3512.5730 1.4481e-01
3513.6270 2.4631e-01
3514.6809 2.1136e-01
3515.7351 2.0163e-01
3516.7898 2.2027e-01
3517.8452 1.9523e-01
3518.9004 1.9994e-01
3519.9561 1.9965e-01
3521.0122 2.0102e-01
3522.0686 1.9741e-01
3523.1250 1.9242e-01
3524.1821 1.9064e-01
3525.2390 2.0358e-01
3526.2969 2.1533e-01
3527.3547 2.2520e-01
3528.4126 1.8122e-01
3529.4714 1.9190e-01
3530.5303 2.0683e-01
3531.5894 1.9659e-01
3532.6487 1.9228e-01
3533.7090 2.1772e-01
3534.7688 2.1035e-01
3535.8293 2.0236e-01
3536.8901 2.0699e-01
3537.9512 1.6702e-01
3539.0122 1.8600e-01
3540.0740 2.1488e-01
3541.1360 1.9934e-01
3542.1987 1.9986e-01
3543.2612 1.7819e-01
3544.3245 1.8247e-01
3545.3875 1.8883e-01
3546.4509 1.9337e-01
3547.5154 1.8574e-01
3548.5793 1.9373e-01
3549.6438 2.2253e-01
3550.7087 1.8528e-01
3551.7739 2.1660e-01
3552.8396 1.9767e-01
3553.9053 1.6969e-01
3554.9714 1.8781e-01
3556.0378 1.7926e-01
3557.1050 1.6735e-01
3558.1716 1.7985e-01
3559.2395 1.7585e-01
3560.3071 1.6604e-01
3561.3752 1.7720e-01
3562.4436 1.6104e-01
3563.5125 1.6780e-01
3564.5813 1.7876e-01
3565.6506 1.6535e-01
3566.7205 1.7065e-01
3567.7905 2.1230e-01
3568.8611 2.0534e-01
3569.9316 1.9164e-01
3571.0027 2.1163e-01
3572.0737 1.9283e-01
3573.1455 1.6432e-01
3574.2175 2.1721e-01
3575.2896 1.9654e-01
3576.3625 1.9653e-01
3577.4351 1.9054e-01
3578.5083 1.8450e-01
3579.5820 1.9496e-01
3580.6560 1.8619e-01
3581.7300 1.8330e-01
3582.8047 1.7844e-01
3583.8792 1.9361e-01
3584.9546 2.3073e-01
3586.0298 2.1682e-01
3587.1060 2.1806e-01
3588.1821 1.9258e-01
3589.2583 2.2183e-01
3590.3352 2.2026e-01
3591.4124 2.2040e-01
3592.4897 2.2022e-01
3593.5671 2.3375e-01
3594.6455 2.4275e-01
3595.7241 2.5629e-01
3596.8025 2.3126e-01
3597.8818 2.1223e-01
3598.9609 2.4004e-01
3600.0405 2.3186e-01
3601.1204 2.1451e-01
3602.2009 2.2129e-01
3603.2817 2.5118e-01
3604.3625 2.4455e-01
3605.4441 2.5587e-01
3606.5256 2.1893e-01
3607.6074 2.4471e-01
3608.6899 2.6789e-01
3609.7725 2.3208e-01
3610.8552 2.3793e-01
3611.9385 2.1420e-01
3613.0222 2.4334e-01
3614.1062 2.5827e-01
3615.1904 2.2299e-01
3616.2749 2.0140e-01
3617.3599 2.0862e-01
3618.4451 2.3175e-01
3619.5303 1.9619e-01
3620.6165 2.4918e-01
3621.7024 2.2302e-01
3622.7891 2.2378e-01
3623.8760 2.0664e-01
3624.9631 2.0778e-01
3626.0508 2.0666e-01
3627.1382 2.1051e-01
3628.2266 1.7431e-01
3629.3152 2.2525e-01
3630.4038 1.7818e-01
3631.4927 1.5940e-01
3632.5825 1.9583e-01
3633.6721 2.1598e-01
3634.7622 1.9551e-01
3635.8528 1.9941e-01
3636.9434 2.0517e-01
3638.0347 1.9463e-01
3639.1257 2.1699e-01
3640.2178 1.8134e-01
3641.3098 1.9654e-01
3642.4021 1.9632e-01
3643.4946 1.7894e-01
3644.5881 1.8047e-01
3645.6814 1.9939e-01
3646.7751 2.0029e-01
3647.8691 1.9090e-01
3648.9634 1.8760e-01
3650.0581 1.9595e-01
3651.1533 1.8836e-01
3652.2480 1.7967e-01
3653.3442 2.0522e-01
3654.4402 1.9149e-01
3655.5364 1.9134e-01
3656.6333 1.5336e-01
3657.7300 1.8113e-01
3658.8274 1.8249e-01
3659.9250 1.9656e-01
3661.0232 2.0577e-01
3662.1213 2.2058e-01
3663.2202 2.0625e-01
3664.3188 2.0471e-01
3665.4182 2.2713e-01
3666.5181 2.1197e-01
3667.6179 2.4551e-01
3668.7183 2.0313e-01
3669.8186 2.3309e-01
3670.9197 2.0334e-01
3672.0210 2.0670e-01
3673.1226 1.8291e-01
3674.2241 2.0627e-01
3675.3269 2.0394e-01
3676.4294 2.1875e-01
3677.5325 1.8956e-01
3678.6355 2.3683e-01
3679.7390 2.1386e-01
3680.8430 2.2533e-01
3681.9473 2.5831e-01
3683.0518 2.3075e-01
3684.1570 2.2355e-01
3685.2620 2.5654e-01
3686.3677 2.4894e-01
3687.4739 2.2973e-01
3688.5796 2.3126e-01
3689.6865 2.2450e-01
3690.7932 2.5341e-01
3691.9006 2.6633e-01
3693.0081 2.5363e-01
3694.1160 2.6891e-01
3695.2241 2.2546e-01
3696.3328 2.7734e-01
3697.4417 2.7809e-01
3698.5508 2.8698e-01
3699.6606 2.8492e-01
3700.7703 3.0547e-01
3701.8806 2.9889e-01
3702.9910 2.5448e-01
3704.1023 2.9816e-01
3705.2136 2.9348e-01
3706.3247 2.7633e-01
3707.4370 2.5065e-01
3708.5491 3.2398e-01
3709.6616 3.2224e-01
3710.7744 2.8820e-01
3711.8877 3.4847e-01
3713.0012 3.0103e-01
3714.1152 3.4188e-01
3715.2292 3.2470e-01
3716.3440 3.1728e-01
3717.4590 3.3572e-01
3718.5742 3.5933e-01
3719.6897 3.6377e-01
3720.8057 3.3956e-01
3721.9219 3.7184e-01
3723.0383 3.2607e-01
3724.1553 3.4362e-01
3725.2725 3.5489e-01
3726.3904 3.7915e-01
3727.5081 3.1165e-01
3728.6265 3.9087e-01
3729.7451 3.2721e-01
3730.8640 4.1175e-01
3731.9832 3.5442e-01
3733.1028 3.8452e-01
3734.2227 3.7697e-01
3735.3428 4.0056e-01
3736.4636 3.4683e-01
3737.5842 3.7531e-01
3738.7056 3.3781e-01
3739.8276 3.6104e-01
3740.9490 3.5675e-01
3742.0718 3.6747e-01
3743.1943 3.6255e-01
3744.3171 3.5777e-01
3745.4404 3.8671e-01
3746.5640 3.3867e-01
3747.6880 3.8855e-01
3748.8125 3.6912e-01
3749.9368 3.5261e-01
3751.0620 3.6015e-01
3752.1873 2.8709e-01
3753.3130 3.1577e-01
3754.4387 3.6207e-01
3755.5652 3.3716e-01
3756.6919 3.1016e-01
3757.8188 3.2179e-01
3758.9463 3.3531e-01
3760.0737 3.0874e-01
3761.2019 3.0568e-01
3762.3306 2.8759e-01
3763.4590 2.8954e-01
3764.5881 2.7462e-01
3765.7175 2.8388e-01
3766.8472 2.9521e-01
3767.9771 2.7641e-01
3769.1079 2.6829e-01
3770.2383 2.8293e-01
3771.3694 2.5399e-01
3772.5007 2.3807e-01
3773.6328 2.5479e-01
3774.7646 2.4997e-01
3775.8972 2.3505e-01
3777.0298 2.6817e-01
3778.1628 2.5065e-01
3779.2964 2.3412e-01
3780.4302 2.2826e-01
3781.5642 2.1503e-01
3782.6987 2.0171e-01
3783.8335 2.4948e-01
3784.9690 2.1637e-01
3786.1042 2.3145e-01
3787.2400 1.9351e-01
3788.3762 2.0442e-01
3789.5125 1.9112e-01
3790.6497 2.1847e-01
3791.7869 2.0541e-01
3792.9246 2.0457e-01
3794.0625 1.9094e-01
3795.2007 2.1859e-01
3796.3391 2.0057e-01
3797.4778 1.7768e-01
3798.6169 1.6003e-01
3799.7568 1.6871e-01
3800.8967 1.8101e-01
3802.0371 1.7899e-01
3803.1775 1.8203e-01
3804.3181 1.6990e-01
3805.4597 2.0608e-01
3806.6013 1.7994e-01
3807.7434 1.6747e-01
3808.8857 1.6434e-01
3810.0286 1.5665e-01
3811.1714 1.8972e-01
3812.3149 1.5679e-01
3813.4583 1.4994e-01
3814.6025 1.5079e-01
3815.7468 1.6121e-01
3816.8916 1.6723e-01
3818.0369 1.5717e-01
3819.1824 1.6504e-01
3820.3281 1.6057e-01
3821.4741 1.6357e-01
3822.6201 1.3854e-01
3823.7671 1.5236e-01
3824.9143 1.5232e-01
3826.0615 1.8570e-01
3827.2097 1.7510e-01
3828.3577 1.7270e-01
3829.5063 1.4969e-01
3830.6553 1.5260e-01
3831.8044 1.5041e-01
3832.9539 1.6601e-01
3834.1035 1.6114e-01
3835.2539 1.5346e-01
3836.4045 1.6087e-01
3837.5554 1.6008e-01
3838.7068 1.5918e-01
3839.8582 1.5484e-01
3841.0103 1.7234e-01
3842.1628 1.5211e-01
3843.3152 2.1255e-01
3844.4683 1.9331e-01
3845.6216 1.8571e-01
3846.7754 2.0676e-01
3847.9294 2.2307e-01
3849.0835 2.2024e-01
3850.2383 1.8214e-01
3851.3933 2.0921e-01
3852.5488 2.2314e-01
3853.7051 1.9820e-01
3854.8606 2.0916e-01
3856.0173 2.3718e-01
3857.1741 2.2765e-01
3858.3313 2.1954e-01
3859.4883 2.2803e-01
3860.6465 2.3689e-01
3861.8047 2.8081e-01
3862.9631 2.3175e-01
3864.1221 2.4097e-01
3865.2815 2.5292e-01
3866.4412 3.0513e-01
3867.6011 2.4185e-01
3868.7610 2.5193e-01
3869.9216 2.3374e-01
3871.0828 2.5919e-01
3872.2441 2.4536e-01
3873.4058 2.2939e-01
3874.5676 2.6635e-01
3875.7302 2.6796e-01
3876.8931 2.9525e-01
3878.0559 2.7115e-01
3879.2192 2.7299e-01
3880.3831 2.6293e-01
3881.5474 2.4730e-01
3882.7119 2.6833e-01
3883.8767 2.7593e-01
3885.0420 2.7659e-01
3886.2073 2.9407e-01
3887.3728 2.9195e-01
3888.5391 2.5976e-01
3889.7061 2.7683e-01
3890.8730 2.7118e-01
3892.0400 2.8698e-01
3893.2078 2.6189e-01
3894.3755 2.7734e-01
3895.5439 2.7223e-01
3896.7126 2.9465e-01
3897.8813 2.5459e-01
3899.0508 2.7521e-01
3900.2209 2.7828e-01
3901.3909 3.3769e-01
3902.5613 3.1515e-01
3903.7322 2.6607e-01
3904.9031 2.8044e-01
3906.0747 3.0809e-01
3907.2463 3.0031e-01
3908.4187 2.8467e-01
3909.5911 3.2202e-01
3910.7642 2.8340e-01
3911.9373 3.0572e-01
3913.1111 2.5568e-01
3914.2849 2.8134e-01
3915.4592 2.9040e-01
3916.6335 2.8822e-01
3917.8086 2.9858e-01
3918.9839 3.0554e-01
3920.1597 2.9493e-01
3921.3359 2.8780e-01
3922.5120 2.9065e-01
3923.6887 3.1869e-01
3924.8660 3.1281e-01
3926.0432 3.1491e-01
3927.2212 2.9897e-01
3928.3994 3.1074e-01
3929.5779 2.6683e-01
3930.7568 2.9290e-01
3931.9360 2.8365e-01
3933.1157 2.9354e-01
3934.2954 3.2977e-01
3935.4758 3.2119e-01
3936.6562 3.1709e-01
3937.8374 3.6153e-01
3939.0186 3.1744e-01
3940.2004 3.0892e-01
3941.3826 3.5378e-01
3942.5649 3.4202e-01
3943.7478 3.0249e-01
3944.9307 3.1828e-01
3946.1147 3.3393e-01
3947.2983 3.5843e-01
3948.4824 2.9429e-01
3949.6670 3.3636e-01
3950.8521 3.2171e-01
3952.0369 3.2391e-01
3953.2227 3.4501e-01
3954.4089 3.2550e-01
3955.5950 3.5159e-01
3956.7812 3.4235e-01
3957.9688 3.6532e-01
3959.1560 3.2711e-01
3960.3438 3.5870e-01
3961.5320 3.8765e-01
3962.7202 3.6236e-01
3963.9094 3.7242e-01
3965.0984 3.1663e-01
3966.2881 3.4641e-01
3967.4778 3.5629e-01
3968.6680 3.5120e-01
3969.8584 3.8562e-01
3971.0498 3.7150e-01
3972.2412 3.5961e-01
3973.4326 3.2643e-01
3974.6248 3.7812e-01
3975.8171 3.9068e-01
3977.0095 4.1021e-01
3978.2029 3.9182e-01
3979.3962 3.7708e-01
3980.5901 3.9730e-01
3981.7844 3.5572e-01
3982.9790 3.4152e-01
3984.1736 3.7105e-01
3985.3691 3.9031e-01
3986.5647 3.6185e-01
3987.7605 3.5947e-01
3988.9568 4.2321e-01
3990.1538 4.0365e-01
3991.3506 3.8028e-01
3992.5481 3.7019e-01
3993.7456 4.0124e-01
3994.9441 3.9458e-01
3996.1423 3.6650e-01
3997.3413 4.1305e-01
3998.5408 3.9646e-01
3999.7397 3.9695e-01
4000.9402 4.4048e-01
4002.1401 3.7784e-01
4003.3408 3.8099e-01
4004.5415 3.9940e-01
4005.7434 4.3335e-01
4006.9448 4.0210e-01
4008.1470 4.0986e-01
4009.3496 4.3376e-01
4010.5522 4.0047e-01
4011.7556 4.0994e-01
4012.9587 4.2420e-01
4014.1628 4.4910e-01
4015.3672 4.3902e-01
4016.5715 3.6102e-01
4017.7769 4.1336e-01
4018.9817 4.0659e-01
4020.1875 3.9422e-01
4021.3936 3.9723e-01
4022.6003 3.9855e-01
4023.8071 3.8681e-01
4025.0142 3.9810e-01
4026.2214 3.5510e-01
4027.4294 4.1519e-01
4028.6377 4.0772e-01
4029.8462 3.6600e-01
4031.0554 4.1483e-01
4032.2646 4.5652e-01
4033.4744 4.5491e-01
4034.6843 3.9873e-01
4035.8945 3.9654e-01
4037.1052 3.8050e-01
4038.3167 3.9667e-01
4039.5281 3.9168e-01
4040.7397 3.7289e-01
4041.9524 3.8684e-01
4043.1648 4.2600e-01
4044.3777 4.0276e-01
4045.5913 3.8558e-01
4046.8047 4.0379e-01
4048.0186 3.5126e-01
4049.2332 3.8137e-01
4050.4480 4.1459e-01
4051.6628 3.7521e-01
4052.8784 3.9227e-01
4054.0942 4.3396e-01
4055.3108 3.9301e-01
4056.5273 3.9897e-01
4057.7444 3.8304e-01
4058.9614 4.0623e-01
4060.1792 4.1778e-01
4061.3970 4.0350e-01
4062.6155 3.9623e-01
4063.8345 4.0603e-01
4065.0535 4.3020e-01
4066.2732 3.5196e-01
4067.4929 3.8920e-01
4068.7131 3.6164e-01
4069.9338 3.7884e-01
4071.1548 3.9945e-01
4072.3762 3.2550e-01
4073.5981 3.7289e-01
4074.8201 3.3862e-01
4076.0427 3.7708e-01
4077.2654 3.7517e-01
4078.4885 3.8396e-01
4079.7119 3.6807e-01
4080.9358 3.7943e-01
4082.1602 3.4902e-01
4083.3845 3.1339e-01
4084.6099 3.7512e-01
4085.8354 3.2400e-01
4087.0608 3.2932e-01
4088.2869 3.3112e-01
4089.5137 3.2586e-01
4090.7407 3.2859e-01
4091.9678 3.3546e-01
4093.1953 3.4017e-01
4094.4233 3.4513e-01
4095.6519 3.3571e-01
4096.8799 3.3572e-01
4098.1094 3.1060e-01
4099.3384 3.4689e-01
4100.5684 3.4028e-01
4101.7988 3.4345e-01
4103.0293 3.4085e-01
4104.2598 3.5473e-01
4105.4912 3.1807e-01
4106.7231 3.2348e-01
4107.9546 3.4044e-01
4109.1875 3.6296e-01
4110.4204 3.6101e-01
4111.6533 3.5575e-01
4112.8867 3.1493e-01
4114.1211 3.6834e-01
4115.3545 3.4584e-01
4116.5898 3.5217e-01
4117.8247 3.7650e-01
4119.0596 3.0024e-01
4120.2954 3.0566e-01
4121.5317 3.3847e-01
4122.7681 3.4776e-01
4124.0049 3.1313e-01
4125.2422 3.2917e-01
4126.4800 3.5131e-01
4127.7178 3.8233e-01
4128.9561 3.7566e-01
4130.1948 3.3082e-01
4131.4336 3.3636e-01
4132.6733 3.2095e-01
4133.9126 3.0779e-01
4135.1533 3.3244e-01
4136.3936 2.8807e-01
4137.6348 3.1776e-01
4138.8760 3.4379e-01
4140.1172 3.0037e-01
4141.3599 3.1152e-01
4142.6021 2.9928e-01
4143.8447 3.2059e-01
4145.0879 3.3900e-01
4146.3315 3.3550e-01
4147.5752 3.2954e-01
4148.8198 3.2686e-01
4150.0640 2.9516e-01
4151.3091 3.4264e-01
4152.5547 3.2643e-01
4153.8003 3.5393e-01
4155.0464 3.2371e-01
4156.2930 2.9965e-01
4157.5400 2.8369e-01
4158.7871 2.8718e-01
4160.0352 2.6338e-01
4161.2827 2.6958e-01
4162.5312 2.8768e-01
4163.7803 2.8693e-01
4165.0293 2.5246e-01
4166.2783 3.2739e-01
4167.5288 3.0063e-01
4168.7788 2.7906e-01
4170.0298 3.0768e-01
4171.2803 2.7723e-01
4172.5317 2.9883e-01
4173.7837 2.9773e-01
4175.0356 3.2257e-01
4176.2886 2.8486e-01
4177.5410 3.0319e-01
4178.7944 3.2277e-01
4180.0479 2.9566e-01
4181.3022 2.9830e-01
4182.5566 2.8876e-01
4183.8115 3.1821e-01
4185.0664 3.2690e-01
4186.3223 3.3559e-01
4187.5776 3.6581e-01
4188.8340 3.0693e-01
4190.0903 3.2766e-01
4191.3477 3.4623e-01
4192.6050 3.5100e-01
4193.8628 3.3901e-01
4195.1206 3.3484e-01
4196.3794 3.1408e-01
4197.6387 2.7049e-01
4198.8975 3.2561e-01
4200.1577 3.2345e-01
4201.4175 2.8706e-01
4202.6782 3.1496e-01
4203.9390 3.0489e-01
4205.2002 3.5058e-01
4206.4614 3.4870e-01
4207.7231 3.5365e-01
4208.9858 3.1988e-01
4210.2485 3.7635e-01
4211.5112 3.4682e-01
4212.7749 3.3401e-01
4214.0391 3.3823e-01
4215.3032 3.3131e-01
4216.5679 3.1098e-01
4217.8330 3.5186e-01
4219.0981 3.5086e-01
4220.3638 3.5375e-01
4221.6299 3.7369e-01
4222.8965 3.5029e-01
4224.1636 3.2548e-01
4225.4302 3.5452e-01
4226.6978 3.1639e-01
4227.9658 3.0234e-01
4229.2349 3.1236e-01
4230.5034 3.3872e-01
4231.7725 3.1853e-01
4233.0415 3.1997e-01
4234.3115 3.1857e-01
4235.5825 3.1962e-01
4236.8525 3.2441e-01
4238.1235 2.9203e-01
4239.3955 3.0829e-01
4240.6670 3.3055e-01
4241.9390 3.0492e-01
4243.2119 2.7791e-01
4244.4844 2.9219e-01
4245.7583 2.9204e-01
4247.0317 2.9171e-01
4248.3062 3.2613e-01
4249.5806 2.9917e-01
4250.8555 2.9727e-01
4252.1309 2.9841e-01
4253.4062 2.8857e-01
4254.6821 2.9196e-01
4255.9590 2.9384e-01
4257.2358 3.0431e-01
4258.5127 3.2222e-01
4259.7900 2.8980e-01
4261.0679 2.6675e-01
4262.3462 2.6628e-01
4263.6250 3.2213e-01
4264.9043 2.8623e-01
4266.1841 3.1200e-01
4267.4639 3.0397e-01
4268.7432 2.7758e-01
4270.0244 3.0319e-01
4271.3052 3.1777e-01
4272.5869 3.0043e-01
4273.8682 2.5262e-01
4275.1509 3.2891e-01
4276.4336 2.9982e-01
4277.7163 2.9754e-01
4278.9995 3.3067e-01
4280.2837 2.8245e-01
4281.5674 3.0845e-01
4282.8521 3.0857e-01
4284.1367 2.8038e-01
4285.4219 3.1022e-01
4286.7075 3.0189e-01
4287.9937 2.7813e-01
4289.2798 3.2362e-01
4290.5669 2.6820e-01
4291.8540 3.0668e-01
4293.1416 2.7866e-01
4294.4292 3.3031e-01
4295.7183 2.6624e-01
4297.0063 2.8911e-01
4298.2954 2.9415e-01
4299.5854 3.4606e-01
4300.8750 2.6239e-01
4302.1650 2.6624e-01
4303.4561 2.9197e-01
4304.7471 2.8442e-01
4306.0381 2.8938e-01
4307.3301 3.0495e-01
4308.6221 2.7805e-01
4309.9150 2.7749e-01
4311.2075 2.9003e-01
4312.5015 2.9985e-01
4313.7949 2.8824e-01
4315.0889 2.8768e-01
4316.3838 2.8422e-01
4317.6787 2.5896e-01
4318.9741 2.8450e-01
4320.2700 2.7170e-01
4321.5654 3.1030e-01
4322.8623 2.7056e-01
4324.1592 2.5474e-01
4325.4565 3.0553e-01
4326.7539 2.7916e-01
4328.0518 2.6812e-01
4329.3501 2.8623e-01
4330.6494 2.7831e-01
4331.9482 2.6852e-01
4333.2480 2.6252e-01
4334.5479 2.9024e-01
4335.8477 3.1897e-01
4337.1489 2.7957e-01
4338.4502 2.7097e-01
4339.7515 3.0360e-01
4341.0537 2.8442e-01
4342.3560 3.0830e-01
4343.6582 2.7739e-01
4344.9614 2.8727e-01
4346.2646 2.8593e-01
4347.5693 2.7162e-01
4348.8735 2.6198e-01
4350.1782 2.7725e-01
4351.4829 2.7352e-01
4352.7886 2.6907e-01
4354.0938 2.6650e-01
4355.4009 3.0171e-01
4356.7070 2.8919e-01
4358.0137 3.1800e-01
4359.3218 2.5783e-01
4360.6294 2.6338e-01
4361.9375 3.0097e-01
4363.2461 2.8856e-01
4364.5552 2.9330e-01
4365.8643 2.9864e-01
4367.1743 2.8248e-01
4368.4844 2.7500e-01
4369.7954 2.8673e-01
4371.1060 2.2850e-01
4372.4170 2.8423e-01
4373.7285 2.8211e-01
4375.0415 2.4807e-01
4376.3540 2.3385e-01
4377.6665 2.4904e-01
4378.9800 2.9323e-01
4380.2935 2.6961e-01
4381.6074 2.4621e-01
4382.9219 2.5721e-01
4384.2363 2.6150e-01
4385.5522 2.4352e-01
4386.8677 2.3646e-01
4388.1841 2.4252e-01
4389.5010 2.5441e-01
4390.8169 2.5608e-01
4392.1343 2.4659e-01
4393.4521 2.3545e-01
4394.7700 2.4657e-01
4396.0884 2.1593e-01
4397.4077 2.2202e-01
4398.7266 2.2483e-01
4400.0464 2.4159e-01
4401.3667 2.3118e-01
4402.6870 2.1956e-01
4404.0073 2.3863e-01
4405.3291 2.3283e-01
4406.6504 2.1955e-01
4407.9722 2.6064e-01
4409.2944 2.3873e-01
4410.6172 2.2377e-01
4411.9404 2.6145e-01
4413.2642 2.1642e-01
4414.5879 2.1129e-01
4415.9126 2.1045e-01
4417.2373 2.1501e-01
4418.5625 2.1526e-01
4419.8882 2.3429e-01
4421.2139 2.4382e-01
4422.5405 2.1395e-01
4423.8672 2.2809e-01
4425.1938 2.1785e-01
4426.5220 2.1288e-01
4427.8496 2.6178e-01
4429.1787 2.1823e-01
4430.5063 2.2906e-01
4431.8364 2.4569e-01
4433.1655 2.5899e-01
4434.4956 2.2966e-01
4435.8262 2.4725e-01
4437.1567 2.5435e-01
4438.4878 2.4310e-01
4439.8193 2.6943e-01
4441.1514 2.7573e-01
4442.4834 2.3243e-01
4443.8164 2.2160e-01
4445.1494 2.6043e-01
4446.4829 2.6971e-01
4447.8169 2.7268e-01
4449.1514 2.6061e-01
4450.4863 2.4908e-01
4451.8213 2.6943e-01
4453.1567 2.3780e-01
4454.4927 2.5326e-01
4455.8291 2.6694e-01
4457.1660 3.1631e-01
4458.5029 2.8195e-01
4459.8403 3.1263e-01
4461.1787 2.9776e-01
4462.5171 2.8104e-01
4463.8555 2.8720e-01
4465.1948 3.0330e-01
4466.5347 3.2588e-01
4467.8740 3.0030e-01
4469.2144 2.6815e-01
4470.5552 3.0946e-01
4471.8970 3.0969e-01
4473.2383 3.1943e-01
4474.5806 2.7663e-01
4475.9229 2.8578e-01
4477.2651 3.1528e-01
4478.6084 3.2834e-01
4479.9521 3.1406e-01
4481.2959 3.1145e-01
4482.6406 3.3397e-01
4483.9854 3.3347e-01
4485.3306 3.2468e-01
4486.6763 3.0318e-01
4488.0220 3.2552e-01
4489.3682 2.9973e-01
4490.7153 3.4919e-01
4492.0620 3.2350e-01
4493.4102 3.3272e-01
4494.7578 3.6027e-01
4496.1069 3.1815e-01
4497.4556 3.5185e-01
4498.8047 3.5427e-01
4500.1543 3.3667e-01
4501.5044 3.3278e-01
4502.8550 3.2873e-01
4504.2056 3.2782e-01
4505.5566 3.4875e-01
4506.9082 3.2245e-01
4508.2607 3.7323e-01
4509.6133 3.6749e-01
4510.9658 3.6965e-01
4512.3193 3.5692e-01
4513.6729 3.4764e-01
4515.0273 3.7053e-01
4516.3818 3.7261e-01
4517.7363 3.6720e-01
4519.0918 3.6514e-01
4520.4473 3.8339e-01
4521.8037 3.7756e-01
4523.1606 4.0451e-01
4524.5171 3.9639e-01
4525.8750 3.8409e-01
4527.2324 3.9328e-01
4528.5903 3.3782e-01
4529.9492 3.2174e-01
4531.3081 3.4390e-01
4532.6675 3.1757e-01
4534.0269 3.2894e-01
4535.3872 4.1463e-01
4536.7480 3.5036e-01
4538.1094 4.1563e-01
4539.4702 3.4823e-01
4540.8320 3.7469e-01
4542.1943 3.7853e-01
4543.5576 3.8595e-01
4544.9199 3.8442e-01
4546.2842 4.0236e-01
4547.6475 3.3846e-01
4549.0117 3.7357e-01
4550.3770 3.7236e-01
4551.7417 4.1523e-01
4553.1074 3.7497e-01
4554.4731 3.7839e-01
4555.8398 3.6031e-01
4557.2061 4.1083e-01
4558.5732 3.5690e-01
4559.9414 3.6987e-01
4561.3086 3.6824e-01
4562.6772 3.7590e-01
4564.0459 3.5668e-01
4565.4150 3.7772e-01
4566.7852 3.8043e-01
4568.1553 3.8676e-01
4569.5249 3.5719e-01
4570.8965 3.9508e-01
4572.2676 3.8724e-01
4573.6392 3.8357e-01
4575.0117 3.9198e-01
4576.3838 3.6698e-01
4577.7568 3.6549e-01
4579.1304 3.7977e-01
4580.5039 3.8206e-01
4581.8784 3.6045e-01
4583.2524 3.8278e-01
4584.6274 4.1870e-01
4586.0029 3.5372e-01
4587.3789 3.7498e-01
4588.7549 3.9388e-01
4590.1318 3.7738e-01
4591.5083 3.3855e-01
4592.8857 3.5028e-01
4594.2642 3.9890e-01
4595.6426 3.6853e-01
4597.0210 4.2447e-01
4598.3999 3.8875e-01
4599.7798 3.7869e-01
4601.1597 3.6481e-01
4602.5396 3.6728e-01
4603.9204 3.7382e-01
4605.3022 3.9499e-01
4606.6836 3.5810e-01
4608.0649 3.7913e-01
4609.4478 3.6190e-01
4610.8306 3.8986e-01
4612.2144 3.5448e-01
4613.5977 4.0046e-01
4614.9819 3.7753e-01
4616.3662 3.8534e-01
4617.7515 3.5700e-01
4619.1362 3.5601e-01
4620.5225 3.6999e-01
4621.9082 3.8901e-01
4623.2949 3.4351e-01
4624.6816 3.5641e-01
4626.0693 3.6146e-01
4627.4570 3.9312e-01
4628.8457 3.5546e-01
4630.2334 3.3867e-01
4631.6230 3.6850e-01
4633.0127 3.5905e-01
4634.4028 3.4206e-01
4635.7935 3.8037e-01
4637.1831 3.4622e-01
4638.5742 4.0272e-01
4639.9658 3.8875e-01
4641.3579 3.7559e-01
4642.7505 3.6151e-01
4644.1436 3.8495e-01
4645.5371 3.8202e-01
4646.9307 3.3507e-01
4648.3247 4.0627e-01
4649.7188 3.5277e-01
4651.1138 3.4376e-01
4652.5093 3.3534e-01
4653.9048 3.6971e-01
4655.3018 3.4374e-01
4656.6978 3.3995e-01
4658.0947 3.7323e-01
4659.4922 3.4659e-01
4660.8896 3.8170e-01
4662.2886 3.9535e-01
4663.6865 3.3361e-01
4665.0859 3.4320e-01
4666.4854 3.5832e-01
4667.8853 3.4707e-01
4669.2861 3.3428e-01
4670.6870 3.5016e-01
4672.0874 3.3686e-01
4673.4897 3.6241e-01
4674.8916 3.3148e-01
4676.2944 3.2098e-01
4677.6968 3.4141e-01
4679.1006 3.7814e-01
4680.5039 3.5283e-01
4681.9082 3.7076e-01
4683.3125 3.5406e-01
4684.7173 3.5333e-01
4686.1230 3.3159e-01
4687.5288 3.6120e-01
4688.9351 3.4744e-01
4690.3423 3.4851e-01
4691.7490 3.6458e-01
4693.1562 3.2133e-01
4694.5645 3.2653e-01
4695.9731 3.5536e-01
4697.3818 3.5672e-01
4698.7910 3.2810e-01
4700.2002 3.2999e-01
4701.6104 3.3841e-01
4703.0205 3.4603e-01
4704.4316 3.4739e-01
4705.8433 3.6251e-01
4707.2549 3.6205e-01
4708.6670 3.1242e-01
4710.0796 3.2239e-01
4711.4927 3.2476e-01
4712.9058 3.0852e-01
4714.3203 3.3051e-01
4715.7344 3.1062e-01
4717.1494 3.3258e-01
4718.5645 3.2364e-01
4719.9800 3.2852e-01
4721.3955 3.4635e-01
4722.8120 3.7391e-01
4724.2290 3.3718e-01
4725.6460 3.5853e-01
4727.0645 3.1589e-01
4728.4824 3.4384e-01
4729.9004 3.2430e-01
4731.3198 3.3071e-01
4732.7388 3.0814e-01
4734.1587 3.4488e-01
4735.5791 3.1369e-01
4737.0000 3.2960e-01
4738.4209 3.3555e-01
4739.8428 3.2170e-01
4741.2646 3.2310e-01
4742.6870 3.0729e-01
4744.1094 3.1174e-01
4745.5327 3.2269e-01
4746.9565 3.1899e-01
4748.3804 3.1401e-01
4749.8052 3.0615e-01
4751.2300 3.1094e-01
4752.6548 3.1741e-01
4754.0811 2.8815e-01
4755.5078 2.9691e-01
4756.9341 3.0596e-01
4758.3608 3.3151e-01
4759.7886 2.8595e-01
4761.2168 2.6948e-01
4762.6445 2.7060e-01
4764.0737 2.6737e-01
4765.5029 2.9112e-01
4766.9326 2.6095e-01
4768.3628 2.6688e-01
4769.7930 2.8628e-01
4771.2236 2.6480e-01
4772.6553 2.9477e-01
4774.0869 3.0716e-01
4775.5190 3.0220e-01
4776.9521 2.7770e-01
4778.3853 2.8665e-01
4779.8184 2.9441e-01
4781.2524 2.8703e-01
4782.6870 2.6299e-01
4784.1226 3.0231e-01
4785.5571 3.0389e-01
4786.9927 2.7133e-01
4788.4292 3.0587e-01
4789.8652 2.7409e-01
4791.3022 2.7790e-01
4792.7397 2.9193e-01
4794.1777 3.2451e-01
4795.6152 2.9223e-01
4797.0542 2.5821e-01
4798.4937 2.8895e-01
4799.9331 2.9597e-01
4801.3735 2.7268e-01
4802.8140 2.7752e-01
4804.2544 3.2475e-01
4805.6958 2.7967e-01
4807.1377 2.7940e-01
4808.5796 3.1770e-01
4810.0220 2.6931e-01
4811.4653 2.7251e-01
4812.9087 2.9626e-01
4814.3525 2.9827e-01
4815.7969 2.7786e-01
4817.2417 2.9969e-01
4818.6865 2.8011e-01
4820.1328 2.8471e-01
4821.5786 3.0490e-01
4823.0249 3.0995e-01
4824.4717 2.5218e-01
4825.9189 3.0733e-01
4827.3667 3.0320e-01
4828.8149 2.9844e-01
4830.2637 2.7116e-01
4831.7124 2.8726e-01
4833.1621 2.7076e-01
4834.6118 3.1642e-01
4836.0620 3.1282e-01
4837.5137 3.0686e-01
4838.9644 2.9800e-01
4840.4165 3.0892e-01
4841.8687 2.8848e-01
4843.3208 2.8334e-01
4844.7739 3.1592e-01
4846.2275 2.7971e-01
4847.6812 2.9847e-01
4849.1357 2.8472e-01
4850.5903 2.8581e-01
4852.0454 2.4760e-01
4853.5015 2.8278e-01
4854.9575 2.5321e-01
4856.4136 2.6054e-01
4857.8706 2.7074e-01
4859.3281 2.5161e-01
4860.7861 2.5265e-01
4862.2437 2.5575e-01
4863.7026 2.4116e-01
4865.1621 2.3468e-01
4866.6211 2.4624e-01
4868.0815 2.3957e-01
4869.5420 2.8000e-01
4871.0024 2.7291e-01
4872.4639 2.6665e-01
4873.9263 2.3444e-01
4875.3877 2.2626e-01
4876.8506 2.4287e-01
4878.3135 2.7192e-01
4879.7773 2.4477e-01
4881.2412 2.3179e-01
4882.7051 2.3421e-01
4884.1704 2.3922e-01
4885.6357 2.5147e-01
4887.1011 2.3700e-01
4888.5674 2.2839e-01
4890.0337 2.7419e-01
4891.5010 2.4113e-01
4892.9683 2.5485e-01
4894.4360 2.3120e-01
4895.9043 2.5052e-01
4897.3730 2.3167e-01
4898.8423 2.5282e-01
4900.3120 2.8886e-01
4901.7827 2.5117e-01
4903.2529 2.4847e-01
4904.7231 2.3573e-01
4906.1953 2.5910e-01
4907.6675 2.4678e-01
4909.1392 2.8927e-01
4910.6123 2.8224e-01
4912.0854 2.4520e-01
4913.5586 2.4727e-01
4915.0332 2.4712e-01
4916.5073 2.7155e-01
4917.9819 2.9344e-01
4919.4575 2.3379e-01
4920.9331 2.5763e-01
4922.4097 2.6041e-01
4923.8872 2.4784e-01
4925.3638 2.6190e-01
4926.8418 2.5821e-01
4928.3188 2.1803e-01
4929.7979 2.5224e-01
4931.2769 2.5961e-01
4932.7563 2.5670e-01
4934.2358 2.7412e-01
4935.7168 2.5180e-01
4937.1963 2.6247e-01
4938.6782 2.5043e-01
4940.1597 2.6377e-01
4941.6416 2.7445e-01
4943.1250 2.4216e-01
4944.6069 2.3457e-01
4946.0908 2.7782e-01
4947.5752 2.6942e-01
4949.0586 2.4065e-01
4950.5435 2.6198e-01
4952.0278 2.4404e-01
4953.5142 2.2333e-01
4955.0010 2.4173e-01
4956.4873 2.7367e-01
4957.9741 2.3344e-01
4959.4614 2.3112e-01
4960.9492 2.2470e-01
4962.4370 2.3508e-01
4963.9258 2.1109e-01
4965.4150 2.2668e-01
4966.9048 2.4805e-01
4968.3945 2.3347e-01
4969.8853 2.4400e-01
4971.3765 2.1036e-01
4972.8677 2.1712e-01
4974.3599 2.3988e-01
4975.8521 2.1549e-01
4977.3447 2.3867e-01
4978.8379 2.3718e-01
4980.3315 2.1430e-01
4981.8257 2.2729e-01
4983.3203 2.2354e-01
4984.8159 2.0102e-01
4986.3105 2.1570e-01
4987.8066 2.2413e-01
4989.3027 2.0421e-01
4990.7998 2.0745e-01
4992.2974 1.9131e-01
4993.7939 2.1354e-01
4995.2930 2.0619e-01
4996.7915 2.3684e-01
4998.2905 1.8854e-01
4999.7896 1.7826e-01
5001.2896 1.9510e-01
5002.7900 2.1741e-01
5004.2915 2.2460e-01
5005.7925 1.8650e-01
5007.2944 2.2584e-01
5008.7964 1.6575e-01
5010.2993 1.9685e-01
5011.8022 1.8577e-01
5013.3057 2.2588e-01
5014.8101 1.9667e-01
5016.3145 1.8946e-01
5017.8184 1.9874e-01
5019.3247 1.8796e-01
5020.8301 1.7369e-01
5022.3359 2.0494e-01
5023.8428 2.0823e-01
5025.3496 2.3298e-01
5026.8579 1.9879e-01
5028.3657 2.0610e-01
5029.8740 2.1615e-01
5031.3828 2.1741e-01
5032.8926 1.9814e-01
5034.4023 2.0706e-01
5035.9131 2.1227e-01
5037.4233 2.2945e-01
5038.9346 1.9969e-01
5040.4463 2.2151e-01
5041.9585 1.9715e-01
5043.4712 2.1017e-01
5044.9839 2.0489e-01
5046.4980 2.2949e-01
5048.0112 1.8104e-01
5049.5259 1.8852e-01
5051.0415 2.2465e-01
5052.5562 2.3783e-01
5054.0723 2.2377e-01
5055.5884 2.0415e-01
5057.1045 1.7896e-01
5058.6221 2.0606e-01
5060.1401 2.4659e-01
5061.6577 2.1859e-01
5063.1763 2.0770e-01
5064.6953 2.3917e-01
5066.2144 2.1440e-01
5067.7339 2.1299e-01
5069.2549 1.9536e-01
5070.7759 1.9904e-01
5072.2969 1.9003e-01
5073.8188 2.0611e-01
5075.3403 2.3855e-01
5076.8628 2.2219e-01
5078.3867 1.8056e-01
5079.9097 2.1388e-01
5081.4336 2.3929e-01
5082.9580 2.2020e-01
5084.4829 2.2172e-01
5086.0083 2.1806e-01
5087.5342 2.1446e-01
5089.0605 2.2862e-01
5090.5874 2.3703e-01
5092.1143 2.2639e-01
5093.6421 2.2159e-01
5095.1699 2.0506e-01
5096.6987 2.2915e-01
5098.2275 1.9199e-01
5099.7573 1.9686e-01
5101.2871 2.1767e-01
5102.8179 1.8722e-01
5104.3481 2.2895e-01
5105.8799 1.8849e-01
5107.4111 2.1666e-01
5108.9438 2.1814e-01
5110.4761 2.0815e-01
5112.0093 1.9754e-01
5113.5435 2.1251e-01
5115.0771 2.1349e-01
5116.6118 2.1679e-01
5118.1470 1.8775e-01
5119.6816 2.0900e-01
5121.2183 2.2660e-01
5122.7544 1.9828e-01
5124.2910 2.4062e-01
5125.8286 2.1062e-01
5127.3667 2.2083e-01
5128.9043 1.9710e-01
5130.4429 2.0155e-01
5131.9824 2.0959e-01
5133.5220 2.3951e-01
5135.0615 2.0410e-01
5136.6021 2.1676e-01
5138.1436 2.0634e-01
5139.6846 1.8273e-01
5141.2266 1.9710e-01
5142.7690 1.9993e-01
5144.3125 1.9038e-01
5145.8550 2.1944e-01
5147.3989 2.1632e-01
5148.9429 1.9484e-01
5150.4883 2.1970e-01
5152.0332 2.1961e-01
5153.5781 2.3059e-01
5155.1245 2.1474e-01
5156.6714 2.0629e-01
5158.2178 1.8791e-01
5159.7656 2.3020e-01
5161.3130 2.2249e-01
5162.8618 2.1759e-01
5164.4106 2.0292e-01
5165.9604 2.0723e-01
5167.5098 2.0135e-01
5169.0605 2.2676e-01
5170.6108 2.1347e-01
5172.1621 2.3476e-01
5173.7139 2.1100e-01
5175.2656 2.1718e-01
5176.8188 2.2101e-01
5178.3711 2.2479e-01
5179.9253 2.1402e-01
5181.4790 2.4720e-01
5183.0337 2.1259e-01
5184.5884 2.1902e-01
5186.1436 2.3492e-01
5187.6992 2.3652e-01
5189.2559 2.3232e-01
5190.8130 2.3634e-01
5192.3696 2.0161e-01
5193.9277 2.1642e-01
5195.4858 2.4009e-01
5197.0439 2.3621e-01
5198.6035 2.3153e-01
5200.1636 2.3529e-01
5201.7231 2.4492e-01
5203.2837 2.1729e-01
5204.8447 2.7064e-01
5206.4058 2.3456e-01
5207.9683 2.3466e-01
5209.5303 2.1983e-01
5211.0933 2.5033e-01
5212.6567 2.4619e-01
5214.2202 2.3751e-01
5215.7847 2.6342e-01
5217.3496 2.6792e-01
5218.9150 2.7685e-01
5220.4800 2.3217e-01
5222.0464 2.4969e-01
5223.6128 2.5374e-01
5225.1802 2.4283e-01
5226.7480 2.3385e-01
5228.3154 2.3615e-01
5229.8843 2.4716e-01
5231.4526 2.5604e-01
5233.0225 2.3982e-01
5234.5928 2.8803e-01
5236.1626 2.3582e-01
5237.7339 2.6570e-01
5239.3052 2.3228e-01
5240.8770 2.0095e-01
5242.4492 2.7089e-01
5244.0220 2.5021e-01
5245.5947 2.4671e-01
5247.1689 2.5026e-01
5248.7422 2.3722e-01
5250.3174 2.8232e-01
5251.8921 2.4937e-01
5253.4678 2.7515e-01
5255.0439 2.4021e-01
5256.6211 2.6490e-01
5258.1978 2.4690e-01
5259.7749 2.7123e-01
5261.3530 2.7704e-01
5262.9312 2.6845e-01
5264.5098 2.7938e-01
5266.0898 2.8324e-01
5267.6694 2.8125e-01
5269.2495 2.6797e-01
5270.8311 2.5795e-01
5272.4116 2.5999e-01
5273.9941 2.6485e-01
5275.5757 2.5262e-01
5277.1587 2.4264e-01
5278.7422 2.7622e-01
5280.3252 2.6323e-01
5281.9092 2.4393e-01
5283.4937 2.7135e-01
5285.0786 2.5658e-01
5286.6641 2.3320e-01
5288.2500 2.4962e-01
5289.8369 2.4633e-01
5291.4238 2.4578e-01
5293.0117 2.5482e-01
5294.5996 2.6248e-01
5296.1870 2.4460e-01
5297.7764 2.5960e-01
5299.3662 2.3326e-01
5300.9561 2.2827e-01
5302.5459 2.4135e-01
5304.1367 2.4635e-01
5305.7280 2.4418e-01
5307.3188 2.4546e-01
5308.9116 2.4634e-01
5310.5044 2.6190e-01
5312.0977 2.5168e-01
5313.6919 2.2926e-01
5315.2856 2.6981e-01
5316.8799 2.4216e-01
5318.4751 2.5581e-01
5320.0708 2.6238e-01
5321.6665 2.3976e-01
5323.2632 2.3752e-01
5324.8604 2.5444e-01
5326.4575 2.3681e-01
5328.0557 2.4894e-01
5329.6533 2.7736e-01
5331.2534 2.4743e-01
5332.8516 2.6405e-01
5334.4517 2.7654e-01
5336.0522 2.7535e-01
5337.6533 2.4363e-01
5339.2544 2.7779e-01
5340.8560 2.5752e-01
5342.4585 2.4859e-01
5344.0605 2.6537e-01
5345.6646 2.6294e-01
5347.2681 2.5413e-01
5348.8726 2.5710e-01
5350.4771 2.3478e-01
5352.0825 2.5527e-01
5353.6875 2.2764e-01
5355.2944 2.7075e-01
5356.9009 2.5659e-01
5358.5073 2.1957e-01
5360.1152 2.4660e-01
5361.7236 2.1587e-01
5363.3315 2.3840e-01
5364.9404 2.3617e-01
5366.5503 2.3342e-01
5368.1602 2.3259e-01
5369.7705 2.3082e-01
5371.3813 2.2446e-01
5372.9932 2.0605e-01
5374.6050 2.2673e-01
5376.2173 2.2432e-01
5377.8301 1.7711e-01
5379.4434 2.1517e-01
5381.0576 1.8758e-01
5382.6714 1.9580e-01
5384.2861 2.0380e-01
5385.9014 2.1078e-01
5387.5171 2.0757e-01
5389.1343 1.9040e-01
5390.7505 1.9121e-01
5392.3677 1.8912e-01
5393.9858 2.2144e-01
5395.6035 1.9446e-01
5397.2222 2.0073e-01
5398.8413 2.0185e-01
5400.4609 1.9019e-01
5402.0811 1.9561e-01
5403.7017 2.0453e-01
5405.3228 1.9544e-01
5406.9448 2.0550e-01
5408.5659 1.8227e-01
5410.1890 1.9876e-01
5411.8115 2.2300e-01
5413.4360 1.9476e-01
5415.0596 2.0066e-01
5416.6841 1.9287e-01
5418.3096 2.0448e-01
5419.9351 1.9887e-01
5421.5605 1.9151e-01
5423.1875 1.9221e-01
5424.8145 2.2734e-01
5426.4414 1.9836e-01
5428.0693 1.7853e-01
5429.6982 1.7579e-01
5431.3271 1.8479e-01
5432.9565 1.9611e-01
5434.5859 1.8852e-01
5436.2163 2.0002e-01
5437.8472 1.8563e-01
5439.4785 2.0198e-01
5441.1104 2.0164e-01
5442.7427 1.8091e-01
5444.3760 2.1559e-01
5446.0098 1.7075e-01
5447.6431 1.6312e-01
5449.2778 2.1221e-01
5450.9121 1.9870e-01
5452.5474 1.8335e-01
5454.1826 1.9554e-01
5455.8193 1.9883e-01
5457.4565 1.9581e-01
5459.0933 1.8433e-01
5460.7310 1.9020e-01
5462.3696 1.8984e-01
5464.0073 1.6795e-01
5465.6475 2.0357e-01
5467.2871 1.9974e-01
5468.9272 1.7991e-01
5470.5674 2.0403e-01
5472.2090 1.8354e-01
5473.8506 1.8518e-01
5475.4927 1.8372e-01
5477.1353 1.9303e-01
5478.7783 2.0947e-01
5480.4224 1.8414e-01
5482.0659 1.9990e-01
5483.7104 1.8996e-01
5485.3560 1.8676e-01
5487.0010 2.2167e-01
5488.6475 1.9831e-01
5490.2944 1.9215e-01
5491.9414 1.7441e-01
5493.5889 2.0755e-01
5495.2368 1.8429e-01
5496.8857 2.1244e-01
5498.5342 2.0581e-01
5500.1841 2.0578e-01
5501.8340 1.9853e-01
5503.4849 1.9079e-01
5505.1357 1.8658e-01
5506.7871 1.9467e-01
5508.4395 2.0608e-01
5510.0923 1.7720e-01
5511.7451 1.8860e-01
5513.3984 2.0523e-01
5515.0522 1.8136e-01
5516.7070 1.9395e-01
5518.3623 2.3151e-01
5520.0176 2.1340e-01
5521.6733 1.8397e-01
5523.3301 1.8090e-01
5524.9868 1.6858e-01
5526.6450 1.8867e-01
5528.3027 1.8098e-01
5529.9609 1.9238e-01
5531.6201 1.8241e-01
5533.2793 1.7829e-01
5534.9395 1.9680e-01
5536.5996 1.7735e-01
5538.2607 2.0657e-01
5539.9229 2.0514e-01
5541.5840 1.8579e-01
5543.2466 1.8418e-01
5544.9102 1.7941e-01
5546.5728 1.8180e-01
5548.2373 2.1147e-01
5549.9019 1.8944e-01
5551.5664 2.0210e-01
5553.2324 2.0552e-01
5554.8984 1.9415e-01
5556.5645 1.9503e-01
5558.2310 1.5782e-01
5559.8989 1.7211e-01
5561.5669 1.7757e-01
5563.2354 1.9772e-01
5564.9043 1.8473e-01
5566.5732 1.5967e-01
5568.2437 1.6509e-01
5569.9150 1.6579e-01
5571.5854 1.8859e-01
5573.2568 1.6898e-01
5574.9287 1.6323e-01
5576.6011 1.4539e-01
5578.2739 1.7611e-01
5579.9482 1.5298e-01
5581.6216 1.7444e-01
5583.2959 1.6915e-01
5584.9717 1.9590e-01
5586.6470 1.9977e-01
5588.3223 1.5971e-01
5589.9990 1.7149e-01
5591.6763 1.4709e-01
5593.3535 1.8540e-01
5595.0317 1.5770e-01
5596.7104 1.8499e-01
5598.3892 1.6750e-01
5600.0688 1.7032e-01
5601.7490 1.4843e-01
5603.4292 1.8086e-01
5605.1104 1.4883e-01
5606.7915 1.7577e-01
5608.4741 1.5973e-01
5610.1562 1.7027e-01
5611.8394 1.7175e-01
5613.5234 1.8858e-01
5615.2075 1.7008e-01
5616.8916 1.8463e-01
5618.5767 1.8540e-01
5620.2627 1.7722e-01
5621.9482 1.6951e-01
5623.6348 1.9063e-01
5625.3218 1.8380e-01
5627.0098 2.0364e-01
5628.6982 1.5535e-01
5630.3867 1.7607e-01
5632.0757 1.8610e-01
5633.7651 1.7017e-01
5635.4551 1.7704e-01
5637.1460 1.9622e-01
5638.8369 1.7876e-01
5640.5283 1.8511e-01
5642.2207 2.0790e-01
5643.9141 1.7781e-01
5645.6069 1.8843e-01
5647.3003 1.8625e-01
5648.9946 1.9806e-01
5650.6895 1.7874e-01
5652.3848 2.0539e-01
5654.0801 1.7667e-01
5655.7759 1.7717e-01
5657.4736 2.0221e-01
5659.1709 2.0645e-01
5660.8682 1.7763e-01
5662.5664 2.0201e-01
5664.2651 1.8506e-01
5665.9644 1.8767e-01
5667.6641 1.8205e-01
5669.3647 2.1464e-01
5671.0649 1.7579e-01
5672.7666 1.7295e-01
5674.4688 1.7652e-01
5676.1709 2.0220e-01
5677.8740 1.8467e-01
5679.5771 2.0810e-01
5681.2812 1.7611e-01
5682.9858 1.8037e-01
5684.6899 1.7837e-01
5686.3950 2.0105e-01
5688.1021 1.9370e-01
5689.8076 2.2073e-01
5691.5146 2.0055e-01
5693.2222 2.0155e-01
5694.9302 2.1342e-01
5696.6382 1.7957e-01
5698.3477 2.1856e-01
5700.0571 1.9772e-01
5701.7671 2.1109e-01
5703.4775 2.0185e-01
5705.1885 1.8580e-01
5706.9004 1.7933e-01
5708.6123 2.0147e-01
5710.3252 1.9262e-01
5712.0381 1.8417e-01
5713.7524 2.1400e-01
5715.4663 2.0115e-01
5717.1812 1.9770e-01
5718.8955 1.8841e-01
5720.6118 2.0113e-01
5722.3271 2.0575e-01
5724.0444 2.0574e-01
5725.7617 2.0710e-01
5727.4795 2.0898e-01
5729.1973 1.9583e-01
5730.9165 2.0690e-01
5732.6353 2.0374e-01
5734.3550 1.9746e-01
5736.0757 1.9091e-01
5737.7969 2.2386e-01
5739.5176 1.8176e-01
5741.2397 2.3442e-01
5742.9624 1.9950e-01
5744.6851 2.0209e-01
5746.4082 2.0871e-01
5748.1323 1.9155e-01
5749.8569 1.7887e-01
5751.5815 1.8233e-01
5753.3076 1.8743e-01
5755.0332 2.0780e-01
5756.7593 1.8086e-01
5758.4863 1.9818e-01
5760.2144 1.7522e-01
5761.9424 2.0160e-01
5763.6709 2.0478e-01
5765.3999 1.9721e-01
5767.1294 2.0196e-01
5768.8594 1.7211e-01
5770.5908 1.9569e-01
5772.3213 2.1851e-01
5774.0527 2.0302e-01
5775.7856 1.9515e-01
5777.5181 1.9338e-01
5779.2515 2.0980e-01
5780.9844 1.8959e-01
5782.7192 2.0016e-01
5784.4546 2.2454e-01
5786.1899 1.6784e-01
5787.9253 1.9007e-01
5789.6626 1.9202e-01
5791.3984 1.9762e-01
5793.1362 2.0498e-01
5794.8745 1.9579e-01
5796.6123 1.7157e-01
5798.3516 1.7881e-01
5800.0913 1.8896e-01
5801.8306 2.1357e-01
5803.5713 1.8497e-01
5805.3125 2.0856e-01
5807.0537 2.1828e-01
5808.7964 2.1409e-01
5810.5391 1.9319e-01
5812.2822 1.8836e-01
5814.0259 1.6662e-01
5815.7700 2.2500e-01
5817.5151 1.7445e-01
5819.2598 1.9208e-01
5821.0059 2.0385e-01
5822.7524 1.6157e-01
5824.4990 1.7128e-01
5826.2461 1.7284e-01
5827.9937 1.9584e-01
5829.7427 1.9037e-01
5831.4912 1.7732e-01
5833.2407 2.0099e-01
5834.9912 1.8140e-01
5836.7417 1.6839e-01
5838.4922 1.6729e-01
5840.2446 1.7995e-01
5841.9961 1.7293e-01
5843.7490 1.8141e-01
5845.5020 1.8475e-01
5847.2559 1.6656e-01
5849.0103 1.6944e-01
5850.7642 1.5650e-01
5852.5195 1.9424e-01
5854.2754 1.5738e-01
5856.0317 1.7781e-01
5857.7881 1.6283e-01
5859.5454 1.8757e-01
5861.3032 1.6215e-01
5863.0625 1.5410e-01
5864.8208 1.6330e-01
5866.5806 1.6009e-01
5868.3403 1.5201e-01
5870.1006 1.8806e-01
5871.8618 1.7397e-01
5873.6230 1.5445e-01
5875.3857 1.5385e-01
5877.1479 1.6183e-01
5878.9111 1.8076e-01
5880.6748 1.6351e-01
5882.4390 1.8543e-01
5884.2036 1.7996e-01
5885.9692 1.5409e-01
5887.7349 1.5711e-01
5889.5010 1.6256e-01
5891.2676 1.5223e-01
5893.0356 1.5227e-01
5894.8032 1.4676e-01
5896.5718 1.5816e-01
5898.3408 1.6211e-01
5900.1108 1.2692e-01
5901.8804 1.5825e-01
5903.6509 1.7786e-01
5905.4219 1.6029e-01
5907.1938 1.7336e-01
5908.9663 1.5890e-01
5910.7383 1.5835e-01
5912.5112 1.6199e-01
5914.2856 1.6634e-01
5916.0601 1.5232e-01
5917.8345 1.4068e-01
5919.6099 1.5002e-01
5921.3857 1.3327e-01
5923.1621 1.4495e-01
5924.9395 1.5785e-01
5926.7163 1.4848e-01
5928.4946 1.4915e-01
5930.2729 1.5641e-01
5932.0522 1.3927e-01
5933.8315 1.4109e-01
5935.6123 1.3277e-01
5937.3926 1.4240e-01
5939.1738 1.5365e-01
5940.9556 1.4567e-01
5942.7383 1.6548e-01
5944.5210 1.6371e-01
5946.3042 1.7535e-01
5948.0879 1.8110e-01
5949.8726 1.4960e-01
5951.6572 1.5226e-01
5953.4434 1.5711e-01
5955.2290 1.6034e-01
5957.0151 1.7497e-01
5958.8022 1.6976e-01
5960.5903 1.8073e-01
5962.3789 1.4776e-01
5964.1670 1.5022e-01
5965.9561 1.6574e-01
5967.7466 1.7409e-01
5969.5366 1.7570e-01
5971.3276 1.6363e-01
5973.1187 1.5854e-01
5974.9106 1.7366e-01
5976.7031 1.5533e-01
5978.4961 1.5701e-01
5980.2900 1.7437e-01
5982.0845 1.6206e-01
5983.8789 1.5599e-01
5985.6729 1.8368e-01
5987.4692 1.6001e-01
5989.2651 1.7912e-01
5991.0620 1.8492e-01
5992.8589 1.6672e-01
5994.6572 1.7030e-01
5996.4556 1.6334e-01
5998.2549 1.6383e-01
6000.0547 1.9959e-01
6001.8545 1.5309e-01
6003.6548 1.7226e-01
6005.4561 1.8351e-01
6007.2578 1.5610e-01
6009.0596 1.6596e-01
6010.8623 1.8474e-01
6012.6660 1.8325e-01
6014.4697 1.5597e-01
6016.2739 1.6143e-01
6018.0786 1.6402e-01
6019.8843 1.5205e-01
6021.6909 1.4694e-01
6023.4966 1.5950e-01
6025.3037 1.7180e-01
6027.1108 1.7132e-01
6028.9199 1.8549e-01
6030.7285 1.9316e-01
6032.5366 1.7596e-01
6034.3472 1.6693e-01
6036.1577 1.8380e-01
6037.9683 1.7762e-01
6039.7793 1.7068e-01
6041.5918 1.5333e-01
6043.4038 1.9448e-01
6045.2173 1.5874e-01
6047.0312 1.9779e-01
6048.8447 1.5618e-01
6050.6592 1.7119e-01
6052.4751 1.7475e-01
6054.2905 1.6218e-01
6056.1069 1.7349e-01
6057.9233 1.8666e-01
6059.7407 1.3141e-01
6061.5586 1.7054e-01
6063.3770 1.6563e-01
6065.1968 1.5397e-01
6067.0161 1.7135e-01
6068.8359 1.6318e-01
6070.6567 1.5898e-01
6072.4785 1.6028e-01
6074.2998 1.6481e-01
6076.1221 1.7314e-01
6077.9448 1.5027e-01
6079.7681 1.7941e-01
6081.5918 1.7419e-01
6083.4160 1.6404e-01
6085.2417 1.5989e-01
6087.0664 1.7060e-01
6088.8936 1.5392e-01
6090.7197 1.4784e-01
6092.5469 1.9684e-01
6094.3745 1.6591e-01
6096.2031 1.6946e-01
6098.0327 1.6207e-01
6099.8613 1.6195e-01
6101.6914 1.7786e-01
6103.5220 1.4992e-01
6105.3530 1.5578e-01
6107.1846 1.5068e-01
6109.0171 1.6212e-01
6110.8496 1.6177e-01
6112.6831 1.6059e-01
6114.5166 1.5047e-01
6116.3511 1.4517e-01
6118.1855 1.6499e-01
6120.0210 1.7244e-01
6121.8574 1.5041e-01
6123.6938 1.6564e-01
6125.5308 1.5794e-01
6127.3687 1.5927e-01
6129.2065 1.5925e-01
6131.0454 1.5866e-01
6132.8843 1.6093e-01
6134.7246 1.5366e-01
6136.5649 1.5791e-01
6138.4062 1.5917e-01
6140.2476 1.6191e-01
6142.0894 1.6207e-01
6143.9316 1.7244e-01
6145.7759 1.4751e-01
6147.6191 1.8348e-01
6149.4634 1.5460e-01
6151.3081 1.7278e-01
6153.1538 1.4260e-01
6155.0000 1.8005e-01
6156.8462 1.5628e-01
6158.6934 1.5018e-01
6160.5410 1.6320e-01
6162.3892 1.7040e-01
6164.2373 1.5493e-01
6166.0869 1.6932e-01
6167.9370 1.4102e-01
6169.7871 1.4676e-01
6171.6387 1.5166e-01
6173.4897 1.6249e-01
6175.3413 1.4501e-01
6177.1938 1.5355e-01
6179.0474 1.4723e-01
6180.9009 1.5802e-01
6182.7549 1.5024e-01
6184.6104 1.5515e-01
6186.4653 1.7762e-01
6188.3213 1.5334e-01
6190.1782 1.4387e-01
6192.0356 1.4555e-01
6193.8931 1.5314e-01
6195.7505 1.4358e-01
6197.6099 1.6221e-01
6199.4688 1.6423e-01
6201.3281 1.1819e-01
6203.1895 1.2871e-01
6205.0498 1.4244e-01
6206.9121 1.3296e-01
6208.7739 1.5578e-01
6210.6367 1.3375e-01
6212.4995 1.5509e-01
6214.3633 1.3753e-01
6216.2275 1.3451e-01
6218.0923 1.4558e-01
6219.9575 1.4208e-01
6221.8237 1.3672e-01
6223.6904 1.2250e-01
6225.5576 1.0970e-01
6227.4258 1.3110e-01
6229.2935 1.3703e-01
6231.1621 1.1846e-01
6233.0317 1.2624e-01
6234.9019 1.1582e-01
6236.7720 1.3123e-01
6238.6431 1.3586e-01
6240.5146 1.1198e-01
6242.3867 1.3695e-01
6244.2598 1.2663e-01
6246.1323 1.2319e-01
6248.0063 1.1202e-01
6249.8813 1.3070e-01
6251.7559 1.2888e-01
6253.6313 8.7470e-02
6255.5073 1.1946e-01
6257.3843 1.2366e-01
6259.2617 1.2023e-01
6261.1392 1.2358e-01
6263.0176 9.1161e-02
6264.8970 1.1149e-01
6266.7759 1.0898e-01
6268.6562 1.1698e-01
6270.5361 1.1507e-01
6272.4180 1.1608e-01
6274.2993 8.8147e-02
6276.1816 1.1857e-01
6278.0645 7.6472e-02
6279.9478 1.1958e-01
6281.8320 9.6625e-02
6283.7168 9.3647e-02
6285.6021 7.1775e-02
6287.4868 8.3739e-02
6289.3740 1.0879e-01
6291.2603 9.6880e-02
6293.1475 9.0962e-02
6295.0352 9.9573e-02
6296.9238 9.6548e-02
6298.8130 1.1021e-01
6300.7026 9.9837e-02
6302.5933 8.7388e-02
6304.4839 1.0177e-01
6306.3755 9.6669e-02
6308.2676 9.7630e-02
6310.1597 9.7377e-02
6312.0527 9.5499e-02
6313.9468 9.6561e-02
6315.8398 1.0985e-01
6317.7349 8.5266e-02
6319.6304 1.0100e-01
6321.5269 8.9004e-02
6323.4233 9.9819e-02
6325.3198 9.5394e-02
6327.2178 1.1417e-01
6329.1157 9.5527e-02
6331.0146 1.0319e-01
6332.9131 9.6479e-02
6334.8140 1.0350e-01
6336.7139 9.5312e-02
6338.6147 1.0829e-01
6340.5166 1.1808e-01
6342.4189 9.0689e-02
6344.3213 9.6831e-02
6346.2246 1.0180e-01
6348.1284 9.9418e-02
6350.0332 1.2246e-01
6351.9380 1.1054e-01
6353.8442 1.2682e-01
6355.7500 1.0567e-01
6357.6572 1.0242e-01
6359.5645 1.1253e-01
6361.4717 1.0796e-01
6363.3804 9.8310e-02
6365.2891 1.2191e-01
6367.1987 1.1329e-01
6369.1089 1.2069e-01
6371.0200 1.0528e-01
6372.9312 1.0294e-01
6374.8428 1.0901e-01
6376.7549 1.1797e-01
6378.6685 9.2639e-02
6380.5820 1.1993e-01
6382.4966 1.1127e-01
6384.4111 1.0619e-01
6386.3257 1.0657e-01
6388.2422 1.0760e-01
6390.1587 1.0841e-01
6392.0752 1.3232e-01
6393.9932 1.1922e-01
6395.9116 1.0943e-01
6397.8301 1.1640e-01
6399.7490 9.8899e-02
6401.6694 1.0612e-01
6403.5898 1.1770e-01
6405.5112 1.0943e-01
6407.4331 1.1794e-01
6409.3545 1.3509e-01
6411.2778 1.1509e-01
6413.2012 1.3060e-01
6415.1250 1.2314e-01
6417.0493 1.1157e-01
6418.9741 1.1677e-01
6420.9004 1.0576e-01
6422.8262 1.2504e-01
6424.7534 1.1611e-01
6426.6812 1.2016e-01
6428.6094 1.2589e-01
6430.5381 1.0615e-01
6432.4668 1.2704e-01
6434.3960 1.0357e-01
6436.3267 1.4189e-01
6438.2578 1.1384e-01
6440.1895 1.0050e-01
6442.1216 1.0719e-01
6444.0537 1.1025e-01
6445.9868 1.1097e-01
6447.9209 1.2274e-01
6449.8550 1.2181e-01
6451.7905 1.2305e-01
6453.7256 1.1078e-01
6455.6621 1.3560e-01
6457.5986 1.1248e-01
6459.5356 9.7858e-02
6461.4741 1.2157e-01
6463.4121 1.2167e-01
6465.3506 1.2871e-01
6467.2905 1.1471e-01
6469.2310 1.2384e-01
6471.1719 1.2523e-01
6473.1128 1.2261e-01
6475.0552 1.1986e-01
6476.9976 1.2849e-01
6478.9409 1.3135e-01
6480.8848 1.2669e-01
6482.8286 1.1623e-01
6484.7739 1.1310e-01
6486.7192 1.2575e-01
6488.6650 1.2903e-01
6490.6113 1.2837e-01
6492.5581 1.1945e-01
6494.5063 1.1371e-01
6496.4546 1.0369e-01
6498.4038 1.0117e-01
6500.3535 1.1655e-01
6502.3032 1.1206e-01
6504.2539 1.1631e-01
6506.2056 1.2000e-01
6508.1572 9.6157e-02
6510.1099 1.1830e-01
6512.0625 1.1346e-01
6514.0166 1.1441e-01
6515.9702 1.2298e-01
6517.9258 1.0515e-01
6519.8809 1.2437e-01
6521.8364 1.0805e-01
6523.7930 1.1739e-01
6525.7505 1.0236e-01
6527.7075 1.1126e-01
6529.6665 1.0801e-01
6531.6255 1.1742e-01
6533.5845 1.3024e-01
6535.5449 1.1907e-01
6537.5054 1.2023e-01
6539.4668 1.1495e-01
6541.4282 1.0567e-01
6543.3911 1.0305e-01
6545.3545 9.6839e-02
6547.3179 9.1335e-02
6549.2817 1.1430e-01
6551.2466 1.0987e-01
6553.2124 1.1412e-01
6555.1777 1.0167e-01
6557.1445 1.0607e-01
6559.1113 1.1010e-01
6561.0796 1.1046e-01
6563.0479 1.1501e-01
6565.0166 1.0513e-01
6566.9863 1.2869e-01
6568.9561 1.0730e-01
6570.9268 9.4820e-02
6572.8979 9.9340e-02
6574.8701 1.0444e-01
6576.8423 1.1080e-01
6578.8154 1.1560e-01
6580.7896 1.0212e-01
6582.7632 9.5611e-02
6584.7383 8.5962e-02
6586.7139 1.1911e-01
6588.6895 9.2680e-02
6590.6660 1.0324e-01
6592.6431 1.0458e-01
6594.6211 1.0860e-01
6596.5996 1.1492e-01
6598.5791 9.8987e-02
6600.5581 1.0584e-01
6602.5386 1.0204e-01
6604.5190 8.7502e-02
6606.5005 9.1791e-02
6608.4824 9.9789e-02
6610.4648 1.0690e-01
6612.4482 1.1547e-01
6614.4326 1.0532e-01
6616.4160 9.0821e-02
6618.4009 8.8151e-02
6620.3867 1.0981e-01
6622.3730 9.2883e-02
6624.3594 1.0802e-01
6626.3467 8.2022e-02
6628.3350 9.6323e-02
6630.3232 8.3163e-02
6632.3125 9.0211e-02
6634.3022 8.8387e-02
6636.2920 9.3863e-02
6638.2827 9.1843e-02
6640.2744 9.4688e-02
6642.2671 1.0488e-01
6644.2593 9.7830e-02
6646.2529 8.9497e-02
6648.2471 7.3182e-02
6650.2412 8.7143e-02
6652.2358 8.5051e-02
6654.2314 8.7987e-02
6656.2280 9.2471e-02
6658.2251 8.7657e-02
6660.2222 8.6915e-02
6662.2207 8.8392e-02
6664.2197 8.6287e-02
6666.2178 8.7702e-02
6668.2178 8.2758e-02
6670.2188 1.0308e-01
6672.2192 7.3659e-02
6674.2212 9.8792e-02
6676.2241 7.9569e-02
6678.2266 8.3850e-02
6680.2300 7.7559e-02
6682.2334 1.0472e-01
6684.2388 7.7126e-02
6686.2446 7.3816e-02
6688.2500 7.4597e-02
6690.2563 8.1750e-02
6692.2627 7.1876e-02
6694.2715 8.0153e-02
6696.2793 7.6651e-02
6698.2881 8.2737e-02
6700.2979 8.1631e-02
6702.3081 8.8949e-02
6704.3188 7.9501e-02
6706.3301 7.6825e-02
6708.3418 8.2170e-02
6710.3545 7.9540e-02
6712.3672 6.4122e-02
6714.3809 6.7003e-02
6716.3955 8.1252e-02
6718.4106 6.7613e-02
6720.4263 8.2139e-02
6722.4419 7.6656e-02
6724.4585 7.0891e-02
6726.4756 8.2091e-02
6728.4946 8.0056e-02
6730.5127 6.7988e-02
6732.5312 5.8231e-02
6734.5513 6.1916e-02
6736.5718 7.1371e-02
6738.5923 6.7620e-02
6740.6152 6.7718e-02
6742.6367 6.3493e-02
6744.6587 7.2844e-02
6746.6831 5.9355e-02
6748.7065 6.6707e-02
6750.7310 7.1419e-02
6752.7563 6.8598e-02
6754.7822 6.9183e-02
6756.8091 7.2431e-02
6758.8359 6.0911e-02
6760.8633 7.7079e-02
6762.8916 6.8859e-02
6764.9209 7.1885e-02
6766.9502 5.5106e-02
6768.9805 6.8737e-02
6771.0107 6.3595e-02
6773.0425 6.7015e-02
6775.0742 6.2447e-02
6777.1064 6.1499e-02
6779.1401 5.5776e-02
6781.1733 7.0217e-02
6783.2080 6.6652e-02
6785.2427 6.8149e-02
6787.2783 6.3643e-02
6789.3149 7.9504e-02
6791.3516 6.9074e-02
6793.3887 7.1535e-02
6795.4272 5.9091e-02
6797.4653 6.3739e-02
6799.5049 6.3812e-02
6801.5444 5.4925e-02
6803.5854 5.5918e-02
6805.6260 7.1003e-02
6807.6685 6.6626e-02
6809.7100 5.9693e-02
6811.7534 6.7801e-02
6813.7964 5.3908e-02
6815.8408 6.4236e-02
6817.8853 5.4946e-02
6819.9312 6.1977e-02
6821.9771 7.2658e-02
6824.0234 6.8588e-02
6826.0703 6.7211e-02
6828.1182 6.5786e-02
6830.1670 6.5173e-02
6832.2163 4.7420e-02
6834.2651 5.8877e-02
6836.3154 6.5130e-02
6838.3667 7.0343e-02
6840.4180 5.6847e-02
6842.4702 5.4306e-02
6844.5229 6.6563e-02
6846.5762 5.2438e-02
6848.6304 4.7016e-02
6850.6851 5.3182e-02
6852.7402 7.4123e-02
6854.7959 5.9674e-02
6856.8525 7.1091e-02
6858.9097 7.3665e-02
6860.9668 5.4108e-02
6863.0254 5.8468e-02
6865.0845 5.3258e-02
6867.1440 5.8162e-02
6869.2041 4.7336e-02
6871.2646 5.4908e-02
6873.3257 5.7557e-02
6875.3882 6.1658e-02
6877.4512 6.1083e-02
6879.5137 6.4578e-02
6881.5781 6.0066e-02
6883.6421 6.3203e-02
6885.7075 5.4225e-02
6887.7729 5.7131e-02
6889.8394 4.6773e-02
6891.9062 5.1089e-02
6893.9746 5.4806e-02
6896.0425 5.9997e-02
6898.1113 4.8570e-02
6900.1802 5.2902e-02
6902.2505 5.6355e-02
6904.3213 6.4911e-02
6906.3926 4.7223e-02
6908.4648 5.7281e-02
6910.5366 5.6832e-02
6912.6099 5.4440e-02
6914.6841 5.3862e-02
6916.7588 4.3678e-02
6918.8335 7.2710e-02
6920.9092 5.6587e-02
6922.9849 6.7085e-02
6925.0620 5.5688e-02
6927.1401 5.1535e-02
6929.2178 6.1072e-02
6931.2964 4.9685e-02
6933.3760 4.7685e-02
6935.4561 4.8566e-02
6937.5371 5.5058e-02
6939.6182 5.3886e-02
6941.7002 5.3590e-02
6943.7822 5.5270e-02
6945.8657 4.7693e-02
6947.9487 5.8168e-02
6950.0337 5.7752e-02
6952.1182 5.1343e-02
6954.2046 7.7496e-02
6956.2905 4.2804e-02
6958.3779 5.8650e-02
6960.4644 5.5538e-02
6962.5527 6.0264e-02
6964.6421 5.5841e-02
6966.7314 5.6331e-02
6968.8208 4.5492e-02
6970.9116 4.8498e-02
6973.0029 6.2422e-02
6975.0947 5.3222e-02
6977.1880 5.7215e-02
6979.2803 6.1020e-02
6981.3745 5.4102e-02
6983.4692 3.4809e-02
6985.5635 4.8894e-02
6987.6602 5.1526e-02
6989.7559 5.4900e-02
6991.8525 4.9867e-02
6993.9507 4.2279e-02
6996.0488 5.4574e-02
6998.1479 5.8854e-02
7000.2471 5.0786e-02
7002.3467 6.1934e-02
7004.4468 5.2599e-02
7006.5488 5.7322e-02
7008.6514 5.2316e-02
7010.7529 4.8397e-02
7012.8564 5.1765e-02
7014.9609 5.2143e-02
7017.0654 5.6920e-02
7019.1699 5.8147e-02
7021.2759 5.2433e-02
7023.3823 5.4644e-02
7025.4893 4.6274e-02
7027.5977 5.2411e-02
7029.7051 4.5450e-02
7031.8145 6.7523e-02
7033.9238 6.8301e-02
7036.0337 5.6494e-02
7038.1450 4.4603e-02
7040.2559 4.8289e-02
7042.3687 5.4783e-02
7044.4805 4.7371e-02
7046.5938 5.1677e-02
7048.7080 5.5745e-02
7050.8228 4.6636e-02
7052.9385 4.1838e-02
7055.0542 5.4113e-02
7057.1704 4.3373e-02
7059.2881 5.5981e-02
7061.4053 5.4268e-02
7063.5234 5.9975e-02
7065.6431 5.3543e-02
7067.7627 4.9789e-02
7069.8828 3.7413e-02
7072.0039 5.6293e-02
7074.1255 6.0460e-02
7076.2476 5.8392e-02
7078.3706 6.5088e-02
7080.4937 4.1570e-02
7082.6187 5.5352e-02
7084.7432 5.7428e-02
7086.8687 5.4707e-02
7088.9946 4.8913e-02
7091.1216 4.4662e-02
7093.2490 6.3184e-02
7095.3765 6.3036e-02
7097.5049 5.2197e-02
7099.6348 4.5518e-02
7101.7642 4.8743e-02
7103.8945 5.1734e-02
7106.0264 6.1164e-02
7108.1582 4.6996e-02
7110.2905 6.2552e-02
7112.4229 5.2654e-02
7114.5571 5.3705e-02
7116.6914 5.1572e-02
7118.8262 4.7850e-02
7120.9619 4.9442e-02
7123.0986 4.8913e-02
7125.2354 3.6386e-02
7127.3730 4.8404e-02
7129.5112 4.9280e-02
7131.6499 7.1277e-02
7133.7896 5.4789e-02
7135.9292 4.9024e-02
7138.0703 5.1570e-02
7140.2119 5.6586e-02
7142.3540 5.2386e-02
7144.4966 5.5828e-02
7146.6396 4.3534e-02
7148.7842 5.8635e-02
7150.9287 5.4482e-02
7153.0742 4.9421e-02
7155.2197 5.0379e-02
7157.3667 4.7334e-02
7159.5137 5.6366e-02
7161.6616 4.4139e-02
7163.8101 5.3115e-02
7165.9590 5.5331e-02
7168.1089 5.0066e-02
7170.2593 4.9098e-02
7172.4102 4.7408e-02
7174.5625 5.6569e-02
7176.7144 5.8036e-02
7178.8672 4.5912e-02
7181.0210 4.5502e-02
7183.1753 5.1371e-02
7185.3306 4.1369e-02
7187.4858 4.8804e-02
7189.6421 5.2919e-02
7191.7988 4.9965e-02
7193.9565 4.6669e-02
7196.1147 4.9274e-02
7198.2734 4.1214e-02
7200.4336 4.6650e-02
7202.5928 6.6561e-02
7204.7539 4.9286e-02
7206.9155 5.0529e-02
7209.0771 4.0991e-02
7211.2402 5.6656e-02
7213.4033 5.3741e-02
7215.5674 4.1418e-02
7217.7324 5.2071e-02
7219.8979 5.5394e-02
7222.0635 4.2228e-02
7224.2300 4.7583e-02
7226.3979 5.1883e-02
7228.5654 3.9910e-02
7230.7334 5.0197e-02
7232.9033 4.6508e-02
7235.0728 4.1342e-02
7237.2432 3.7106e-02
7239.4150 4.3267e-02
7241.5864 4.3060e-02
7243.7593 4.8200e-02
7245.9321 5.5968e-02
7248.1060 4.6784e-02
7250.2803 4.5822e-02
7252.4551 4.8863e-02
7254.6313 4.9046e-02
7256.8076 4.8608e-02
7258.9849 3.7477e-02
7261.1626 5.4970e-02
7263.3408 4.9469e-02
7265.5200 4.6082e-02
7267.6992 4.4677e-02
7269.8799 3.4720e-02
7272.0605 5.1139e-02
7274.2422 5.9786e-02
7276.4243 5.6323e-02
7278.6069 5.1168e-02
7280.7910 4.4960e-02
7282.9751 3.8528e-02
7285.1602 4.3616e-02
7287.3452 4.6161e-02
7289.5317 4.6169e-02
7291.7188 5.4382e-02
7293.9067 4.9326e-02
7296.0947 5.4732e-02
7298.2832 3.9279e-02
7300.4727 4.3903e-02
7302.6631 5.3155e-02
7304.8540 4.1212e-02
7307.0454 5.9899e-02
7309.2373 3.6237e-02
7311.4292 4.1273e-02
7313.6235 4.1690e-02
7315.8179 3.8836e-02
7318.0122 4.1080e-02
7320.2075 4.5110e-02
7322.4038 3.9541e-02
7324.6001 3.9768e-02
7326.7979 4.1630e-02
7328.9961 4.7100e-02
7331.1943 5.5193e-02
7333.3936 4.5203e-02
7335.5938 4.8661e-02
7337.7944 3.4882e-02
7339.9956 5.2589e-02
7342.1982 5.1130e-02
7344.4004 3.8718e-02
7346.6035 3.8112e-02
7348.8081 3.5562e-02
7351.0127 4.6804e-02
7353.2183 4.9453e-02
7355.4238 4.6460e-02
7357.6304 4.9599e-02
7359.8374 4.9823e-02
7362.0459 3.9013e-02
7364.2549 4.5812e-02
7366.4634 4.7556e-02
7368.6738 4.2184e-02
7370.8838 5.9591e-02
7373.0957 4.1222e-02
7375.3071 4.7595e-02
7377.5200 4.0045e-02
7379.7334 3.9672e-02
7381.9473 4.6002e-02
7384.1616 4.8925e-02
7386.3770 5.1314e-02
7388.5928 4.1022e-02
7390.8096 4.8050e-02
7393.0264 3.5601e-02
7395.2446 4.1428e-02
7397.4639 4.7336e-02
7399.6826 5.6469e-02
7401.9023 2.5726e-02
7404.1230 4.9371e-02
7406.3438 4.0735e-02
7408.5654 3.8596e-02
7410.7886 4.7221e-02
7413.0122 5.0437e-02
7415.2354 4.3954e-02
7417.4604 4.1357e-02
7419.6855 4.1818e-02
7421.9116 3.6163e-02
7424.1382 4.4927e-02
7426.3652 4.2989e-02
7428.5933 4.5846e-02
7430.8218 4.8466e-02
7433.0513 4.0244e-02
7435.2808 4.3485e-02
7437.5117 3.5479e-02
7439.7432 3.7151e-02
7441.9741 3.9106e-02
7444.2070 3.6946e-02
7446.4404 4.6261e-02
7448.6748 4.2144e-02
7450.9097 4.1917e-02
7453.1440 4.4773e-02
7455.3809 3.8175e-02
7457.6167 3.9275e-02
7459.8545 4.6267e-02
7462.0923 4.1330e-02
7464.3306 4.3356e-02
7466.5698 4.0228e-02
7468.8096 3.8606e-02
7471.0503 4.9475e-02
7473.2920 4.0932e-02
7475.5342 3.6682e-02
7477.7769 3.8157e-02
7480.0205 3.6266e-02
7482.2637 4.4058e-02
7484.5088 3.0198e-02
7486.7539 4.4949e-02
7489.0000 4.2049e-02
7491.2471 4.0874e-02
7493.4937 3.3705e-02
7495.7422 3.9519e-02
7497.9912 4.3402e-02
7500.2402 4.3476e-02
7502.4902 3.6015e-02
7504.7412 3.4778e-02
7506.9927 3.4675e-02
7509.2441 5.7502e-02
7511.4976 5.1063e-02
7513.7510 3.7585e-02
7516.0044 3.8522e-02
7518.2593 3.9912e-02
7520.5151 3.9206e-02
7522.7715 3.7970e-02
7525.0283 3.5538e-02
7527.2861 4.3077e-02
7529.5439 3.0035e-02
7531.8027 4.5306e-02
7534.0620 3.0545e-02
7536.3228 3.3022e-02
7538.5835 4.0518e-02
7540.8447 3.6823e-02
7543.1074 3.8211e-02
7545.3706 3.7206e-02
7547.6338 4.0471e-02
7549.8984 3.3166e-02
7552.1626 3.8263e-02
7554.4292 3.2081e-02
7556.6948 3.6676e-02
7558.9619 3.4433e-02
7561.2295 4.2082e-02
7563.4976 3.3474e-02
7565.7671 3.6964e-02
7568.0366 3.6481e-02
7570.3071 3.9294e-02
7572.5786 3.1833e-02
7574.8511 3.8714e-02
7577.1230 4.4968e-02
7579.3960 3.9122e-02
7581.6694 4.3490e-02
7583.9443 3.4160e-02
7586.2192 3.8660e-02
7588.4956 3.9012e-02
7590.7715 3.9489e-02
7593.0488 4.6435e-02
7595.3262 4.3354e-02
7597.6060 3.1326e-02
7599.8843 4.3671e-02
7602.1641 2.9221e-02
7604.4448 3.7510e-02
7606.7271 3.8019e-02
7609.0093 2.7974e-02
7611.2910 3.1973e-02
7613.5752 3.7100e-02
7615.8589 2.9942e-02
7618.1440 3.6732e-02
7620.4292 3.5955e-02
7622.7153 3.1100e-02
7625.0020 3.2259e-02
7627.2896 3.8187e-02
7629.5781 3.9609e-02
7631.8662 3.1361e-02
7634.1562 4.2568e-02
7636.4468 4.5173e-02
7638.7378 3.1875e-02
7641.0288 3.9073e-02
7643.3213 3.6650e-02
7645.6138 2.6333e-02
7647.9072 3.5109e-02
7650.2021 3.4948e-02
7652.4971 3.4708e-02
7654.7935 2.9363e-02
7657.0894 3.2319e-02
7659.3867 3.5835e-02
7661.6846 3.5649e-02
7663.9829 3.8768e-02
7666.2817 3.3472e-02
7668.5825 3.4490e-02
7670.8823 4.0315e-02
7673.1841 2.9054e-02
7675.4854 2.8232e-02
7677.7891 3.3057e-02
7680.0918 3.5284e-02
7682.3960 2.9383e-02
7684.7002 3.0015e-02
7687.0059 2.4360e-02
7689.3125 3.3284e-02
7691.6191 3.0447e-02
7693.9268 2.9286e-02
7696.2344 3.2898e-02
7698.5430 3.1143e-02
7700.8530 2.8309e-02
7703.1631 3.4076e-02
7705.4746 4.0832e-02
7707.7856 3.2429e-02
7710.0981 3.4617e-02
7712.4111 4.9466e-02
7714.7251 3.8616e-02
7717.0391 2.6218e-02
7719.3540 3.3410e-02
7721.6699 2.9692e-02
7723.9868 3.6491e-02
7726.3042 2.7006e-02
7728.6216 3.7551e-02
7730.9409 4.5292e-02
7733.2593 3.8801e-02
7735.5796 3.3416e-02
7737.9004 2.7881e-02
7740.2217 3.3117e-02
7742.5435 2.9833e-02
7744.8662 3.6903e-02
7747.1895 3.1691e-02
7749.5142 3.5534e-02
7751.8394 3.2603e-02
7754.1650 3.4322e-02
7756.4907 3.8523e-02
7758.8174 3.0598e-02
7761.1450 3.3659e-02
7763.4736 3.0513e-02
7765.8022 3.1173e-02
7768.1323 4.4650e-02
7770.4634 4.0285e-02
7772.7944 3.8361e-02
7775.1260 3.0268e-02
7777.4585 3.4855e-02
7779.7915 2.7822e-02
7782.1260 3.7735e-02
7784.4604 3.2669e-02
7786.7954 3.8934e-02
7789.1318 3.5246e-02
7791.4683 3.5444e-02
7793.8062 2.5311e-02
7796.1436 3.5303e-02
7798.4824 4.0735e-02
7800.8218 2.6521e-02
7803.1626 2.6651e-02
7805.5034 3.2807e-02
7807.8447 3.3496e-02
7810.1880 2.9420e-02
7812.5303 3.8141e-02
7814.8745 4.1918e-02
7817.2192 3.9878e-02
7819.5640 3.4577e-02
7821.9106 2.7342e-02
7824.2559 3.4403e-02
7826.6040 2.1292e-02
7828.9521 2.7940e-02
7831.3003 2.8914e-02
7833.6499 3.0950e-02
7835.9995 3.1736e-02
7838.3511 2.6880e-02
7840.7021 2.9330e-02
7843.0547 3.7239e-02
7845.4077 3.5408e-02
7847.7603 2.6608e-02
7850.1152 2.7066e-02
7852.4702 3.6753e-02
7854.8262 3.3004e-02
7857.1821 4.3260e-02
7859.5396 3.1315e-02
7861.8975 4.5838e-02
7864.2559 3.1206e-02
7866.6157 3.8016e-02
7868.9756 3.1554e-02
7871.3359 3.4878e-02
7873.6978 3.4807e-02
7876.0601 4.6418e-02
7878.4224 3.0747e-02
7880.7856 3.9009e-02
7883.1509 2.7070e-02
7885.5151 3.3801e-02
7887.8809 3.7633e-02
7890.2476 2.8377e-02
7892.6147 3.7845e-02
7894.9814 2.6489e-02
7897.3501 3.7569e-02
7899.7192 3.6013e-02
7902.0898 3.0394e-02
7904.4604 2.9883e-02
7906.8311 3.3243e-02
7909.2036 3.2254e-02
7911.5767 2.9259e-02
7913.9497 4.5201e-02
7916.3247 3.5245e-02
7918.6987 2.8960e-02
7921.0742 2.6747e-02
7923.4512 3.5172e-02
7925.8276 4.4684e-02
7928.2051 3.6900e-02
7930.5845 3.5970e-02
7932.9634 3.7888e-02
7935.3433 3.8112e-02
7937.7236 3.0158e-02
7940.1050 3.2590e-02
7942.4873 3.3913e-02
7944.8701 3.0556e-02
7947.2529 5.0024e-02
7949.6377 3.2587e-02
7952.0225 3.7739e-02
7954.4082 3.2472e-02
7956.7949 1.8015e-02
7959.1807 3.6234e-02
7961.5688 3.1524e-02
7963.9580 3.6348e-02
7966.3462 3.7795e-02
7968.7368 3.2502e-02
7971.1274 3.4107e-02
7973.5181 3.0724e-02
7975.9111 3.3994e-02
7978.3032 3.3799e-02
7980.6973 3.7025e-02
7983.0908 2.9337e-02
7985.4858 2.3339e-02
7987.8823 3.6536e-02
7990.2778 3.2228e-02
7992.6748 3.8690e-02
7995.0728 3.3117e-02
7997.4717 4.2361e-02
7999.8711 3.6666e-02
8002.2710 3.2135e-02
8004.6709 3.2973e-02
8007.0723 2.6037e-02
8009.4746 3.9505e-02
8011.8779 3.3977e-02
8014.2812 3.5785e-02
8016.6855 3.0142e-02
8019.0903 4.1769e-02
8021.4966 4.1509e-02
8023.9028 3.2368e-02
8026.3105 3.0413e-02
8028.7173 3.0936e-02
8031.1260 4.1596e-02
8033.5361 2.8107e-02
8035.9458 2.7512e-02
8038.3569 3.4295e-02
8040.7681 4.3101e-02
8043.1807 4.1546e-02
8045.5933 3.6477e-02
8048.0068 3.7381e-02
8050.4214 3.5319e-02
8052.8364 4.1106e-02
8055.2520 3.7769e-02
8057.6689 4.0277e-02
8060.0864 3.3377e-02
8062.5049 2.4910e-02
8064.9229 3.2389e-02
8067.3423 3.6888e-02
8069.7632 3.7532e-02
8072.1836 3.6180e-02
8074.6050 4.0288e-02
8077.0278 3.3431e-02
8079.4507 3.6452e-02
8081.8745 2.8416e-02
8084.2988 3.6471e-02
8086.7251 3.2665e-02
8089.1509 2.6585e-02
8091.5771 2.8616e-02
8094.0049 2.3626e-02
8096.4331 3.4578e-02
8098.8618 3.2752e-02
8101.2910 4.3256e-02
8103.7217 3.1390e-02
8106.1528 3.1203e-02
8108.5845 2.8067e-02
8111.0171 3.6978e-02
8113.4502 3.6247e-02
8115.8843 3.4849e-02
8118.3188 2.8721e-02
8120.7549 3.3620e-02
8123.1914 2.5568e-02
8125.6284 2.7552e-02
8128.0659 2.9841e-02
8130.5049 3.5365e-02
8132.9438 3.4155e-02
8135.3833 3.2527e-02
8137.8237 3.0324e-02
8140.2651 3.2676e-02
8142.7075 3.3700e-02
8145.1504 2.2620e-02
8147.5938 3.1201e-02
8150.0376 3.4942e-02
8152.4834 3.3092e-02
8154.9292 3.0666e-02
8157.3750 3.4961e-02
8159.8228 1.9671e-02
8162.2705 3.7662e-02
8164.7192 3.3207e-02
8167.1685 2.4289e-02
8169.6187 3.4769e-02
8172.0693 3.1986e-02
8174.5210 3.1319e-02
8176.9736 3.3541e-02
8179.4268 3.5305e-02
8181.8809 3.3075e-02
8184.3350 2.8612e-02
8186.7900 3.2140e-02
8189.2456 2.5996e-02
8191.7031 3.5469e-02
8194.1602 3.7225e-02
8196.6191 3.3931e-02
8199.0781 4.2532e-02
8201.5371 4.3763e-02
8203.9980 3.1575e-02
8206.4590 3.4972e-02
8208.9219 3.2150e-02
8211.3838 3.7015e-02
8213.8477 3.0805e-02
8216.3115 3.5818e-02
8218.7764 2.8496e-02
8221.2422 3.4080e-02
8223.7090 3.1441e-02
8226.1758 4.3770e-02
8228.6436 2.1039e-02
8231.1123 3.9558e-02
8233.5811 3.7343e-02
8236.0518 3.3130e-02
8238.5215 3.6352e-02
8240.9932 3.2375e-02
8243.4658 3.2396e-02
8245.9395 2.8841e-02
8248.4131 3.3882e-02
8250.8877 3.8569e-02
8253.3623 3.4358e-02
8255.8389 2.9398e-02
8258.3154 3.3496e-02
8260.7920 3.5979e-02
8263.2715 3.6151e-02
8265.7500 3.4534e-02
8268.2305 3.6538e-02
8270.7100 3.0448e-02
8273.1914 3.2461e-02
8275.6738 2.9078e-02
8278.1553 3.4102e-02
8280.6396 4.3338e-02
8283.1240 3.1293e-02
8285.6094 3.3725e-02
8288.0947 3.4647e-02
8290.5811 3.1176e-02
8293.0674 3.7246e-02
8295.5557 3.6651e-02
8298.0449 3.3627e-02
8300.5352 2.8824e-02
8303.0234 3.6938e-02
8305.5156 4.1926e-02
8308.0068 2.9947e-02
8310.5000 2.4539e-02
8312.9922 3.4624e-02
8315.4863 3.0249e-02
8317.9805 3.5599e-02
8320.4766 2.8861e-02
8322.9717 3.2159e-02
8325.4697 3.5969e-02
8327.9668 3.0576e-02
8330.4658 3.1329e-02
8332.9639 3.0452e-02
8335.4648 4.3319e-02
8337.9648 4.0013e-02
8340.4668 3.1778e-02
8342.9688 3.2936e-02
8345.4717 3.0004e-02
8347.9746 3.7506e-02
8350.4795 3.9594e-02
8352.9844 2.9127e-02
8355.4902 3.3773e-02
8357.9971 3.0088e-02
8360.5039 3.4225e-02
8363.0127 3.1388e-02
8365.5215 3.0984e-02
8368.0312 3.1961e-02
8370.5420 3.2083e-02
8373.0527 3.2395e-02
8375.5654 4.3967e-02
8378.0771 3.6315e-02
8380.5908 3.8728e-02
8383.1045 2.7064e-02
8385.6191 3.8774e-02
8388.1348 2.9462e-02
8390.6523 4.0727e-02
8393.1689 2.8147e-02
8395.6865 3.4278e-02
8398.2061 3.4285e-02
8400.7246 3.7882e-02
8403.2461 3.1611e-02
8405.7666 2.7149e-02
8408.2881 3.7703e-02
8410.8105 3.9082e-02
8413.3340 2.9002e-02
8415.8584 3.8969e-02
8418.3818 3.2339e-02
8420.9082 3.6048e-02
8423.4346 3.9300e-02
8425.9609 3.5423e-02
8428.4893 4.0591e-02
8431.0186 3.4866e-02
8433.5479 2.8097e-02
8436.0771 3.7224e-02
8438.6074 3.7071e-02
8441.1396 3.9945e-02
8443.6729 4.9952e-02
8446.2051 4.2121e-02
8448.7383 3.3276e-02
8451.2734 4.0200e-02
8453.8086 4.0193e-02
8456.3457 3.6262e-02
8458.8828 4.4205e-02
8461.4199 4.0953e-02
8463.9580 3.7829e-02
8466.4971 3.9448e-02
8469.0371 3.6348e-02
8471.5781 3.1872e-02
8474.1191 3.7158e-02
8476.6621 3.1630e-02
8479.2051 3.4811e-02
8481.7480 5.2235e-02
8484.2930 4.7487e-02
8486.8379 3.6449e-02
8489.3848 5.4193e-02
8491.9316 5.3098e-02
8494.4795 4.3752e-02
8497.0264 3.6030e-02
8499.5762 4.4494e-02
8502.1260 3.9499e-02
8504.6777 4.6326e-02
8507.2285 4.5217e-02
8509.7803 4.5341e-02
8512.3330 3.3331e-02
8514.8857 4.8913e-02
8517.4414 4.2597e-02
8519.9961 4.3863e-02
8522.5527 3.3405e-02
8525.1094 3.9770e-02
8527.6670 5.9653e-02
8530.2246 4.4346e-02
8532.7842 4.3736e-02
8535.3438 5.1139e-02
8537.9053 4.7613e-02
8540.4668 4.6229e-02
8543.0273 4.4182e-02
8545.5908 3.5572e-02
8548.1543 4.5915e-02
8550.7188 3.9128e-02
8553.2842 3.7550e-02
8555.8496 4.7604e-02
8558.4170 4.4953e-02
8560.9844 3.7041e-02
8563.5527 4.8842e-02
8566.1221 4.2823e-02
8568.6914 4.9430e-02
8571.2617 4.1558e-02
8573.8350 3.5034e-02
8576.4062 4.1066e-02
8578.9785 3.9198e-02
8581.5527 5.3936e-02
8584.1270 3.5335e-02
8586.7031 3.8461e-02
8589.2783 5.3038e-02
8591.8555 4.6410e-02
8594.4326 3.9839e-02
8597.0117 4.8026e-02
8599.5898 4.2735e-02
8602.1699 4.4195e-02
8604.7500 3.1877e-02
8607.3320 4.4523e-02
8609.9150 4.6086e-02
8612.4971 4.4141e-02
8615.0811 4.6582e-02
8617.6660 4.1302e-02
8620.2500 5.4893e-02
8622.8369 3.1855e-02
8625.4229 4.7898e-02
8628.0117 5.5020e-02
8630.6006 4.1321e-02
8633.1885 3.3608e-02
8635.7793 6.3327e-02
8638.3711 4.3065e-02
8640.9609 4.3605e-02
8643.5527 4.5027e-02
8646.1465 4.6276e-02
8648.7393 4.0325e-02
8651.3350 3.7865e-02
8653.9307 4.8377e-02
8656.5264 4.4298e-02
8659.1230 4.3606e-02
8661.7207 4.2864e-02
8664.3203 4.4611e-02
8666.9189 3.9476e-02
8669.5186 4.2883e-02
8672.1201 4.1470e-02
8674.7217 4.5541e-02
8677.3242 4.1153e-02
8679.9277 4.5038e-02
8682.5312 4.0001e-02
8685.1367 4.8199e-02
8687.7412 4.2752e-02
8690.3477 4.6045e-02
8692.9551 5.0627e-02
8695.5625 4.7326e-02
8698.1709 4.1678e-02
8700.7803 4.0438e-02
8703.3916 4.5715e-02
8706.0020 3.7241e-02
8708.6133 5.5750e-02
8711.2266 4.2893e-02
8713.8398 4.3272e-02
8716.4541 4.9846e-02
8719.0684 3.5518e-02
8721.6846 4.9368e-02
8724.3018 4.9113e-02
8726.9189 4.2051e-02
8729.5371 4.6239e-02
8732.1553 3.7619e-02
8734.7754 4.1357e-02
8737.3955 4.3814e-02
8740.0166 3.9065e-02
8742.6387 3.6348e-02
8745.2607 4.0045e-02
8747.8848 5.2352e-02
8750.5098 4.0164e-02
8753.1348 4.5409e-02
8755.7607 3.3153e-02
8758.3867 4.0956e-02
8761.0146 2.8752e-02
8763.6436 3.5141e-02
8766.2715 4.3820e-02
8768.9023 3.4659e-02
8771.5322 4.3241e-02
8774.1641 3.7361e-02
8776.7959 4.6712e-02
8779.4287 4.4017e-02
8782.0635 4.3962e-02
8784.6982 4.2506e-02
8787.3330 3.4440e-02
8789.9697 4.4266e-02
8792.6074 4.8643e-02
8795.2451 3.8438e-02
8797.8838 3.0317e-02
8800.5234 3.6373e-02
8803.1621 3.6360e-02
8805.8027 4.0870e-02
8808.4453 2.7028e-02
8811.0879 5.1135e-02
8813.7314 3.3319e-02
8816.3750 3.7367e-02
8819.0205 3.3773e-02
8821.6660 3.6890e-02
8824.3125 5.1459e-02
8826.9590 2.7222e-02
8829.6084 3.1460e-02
8832.2568 3.7510e-02
8834.9062 3.4458e-02
8837.5557 3.0930e-02
8840.2080 3.3392e-02
8842.8594 3.5329e-02
8845.5127 3.0269e-02
8848.1670 3.5584e-02
8850.8213 3.9621e-02
8853.4766 2.7389e-02
8856.1328 3.7310e-02
8858.7881 3.7758e-02
8861.4463 3.5482e-02
8864.1045 4.6465e-02
8866.7646 2.7023e-02
8869.4238 4.3418e-02
8872.0850 3.8699e-02
8874.7471 3.6591e-02
8877.4092 3.9460e-02
8880.0732 4.1621e-02
8882.7373 3.8072e-02
8885.4014 4.7198e-02
8888.0674 4.5593e-02
8890.7334 3.8398e-02
8893.4004 2.9042e-02
8896.0684 3.6876e-02
8898.7373 3.8595e-02
8901.4072 3.3181e-02
8904.0771 3.6317e-02
8906.7480 4.2344e-02
8909.4199 3.5754e-02
8912.0938 3.2340e-02
8914.7676 2.7973e-02
8917.4414 3.6700e-02
8920.1172 4.7532e-02
8922.7930 3.4105e-02
8925.4697 3.8791e-02
8928.1475 3.5243e-02
8930.8262 2.5780e-02
8933.5049 3.3291e-02
8936.1855 3.3231e-02
8938.8652 2.4103e-02
8941.5469 3.4443e-02
8944.2295 3.4777e-02
8946.9141 3.4189e-02
8949.5977 3.2082e-02
8952.2822 3.5053e-02
8954.9678 3.0370e-02
8957.6553 3.3216e-02
8960.3418 3.5111e-02
8963.0293 4.0265e-02
8965.7178 3.3111e-02
8968.4082 4.1268e-02
8971.0986 2.9166e-02
8973.7910 3.0303e-02
8976.4824 3.4208e-02
8979.1748 2.6197e-02
8981.8691 3.2396e-02
8984.5635 3.4181e-02
8987.2588 4.0019e-02
8989.9551 4.1924e-02
8992.6523 3.0096e-02
8995.3506 3.1806e-02
8998.0488 3.6910e-02
9000.7480 4.3998e-02
9003.4482 2.9190e-02
9006.1494 3.3242e-02
9008.8516 3.0549e-02
9011.5537 2.5033e-02
9014.2578 2.9048e-02
9016.9609 3.0367e-02
9019.6660 3.0596e-02
9022.3721 2.6679e-02
9025.0791 3.5866e-02
9027.7871 2.4621e-02
9030.4951 2.8646e-02
9033.2051 2.6701e-02
9035.9150 2.7821e-02
9038.6260 3.2165e-02
9041.3369 2.7165e-02
9044.0498 3.3127e-02
9046.7627 3.0983e-02
9049.4766 2.8713e-02
9052.1914 2.7944e-02
9054.9072 2.8567e-02
9057.6240 2.8450e-02
9060.3398 2.9055e-02
9063.0586 3.3105e-02
9065.7773 3.4155e-02
9068.4971 2.6779e-02
9071.2168 3.5653e-02
9073.9395 2.5590e-02
9076.6611 2.6492e-02
9079.3848 3.3896e-02
9082.1074 3.1019e-02
9084.8330 2.8292e-02
9087.5576 3.3107e-02
9090.2832 2.8857e-02
9093.0117 2.8590e-02
9095.7393 3.1573e-02
9098.4688 4.4014e-02
9101.1973 3.3598e-02
9103.9287 3.4315e-02
9106.6592 2.7797e-02
9109.3906 3.3792e-02
9112.1250 3.0195e-02
9114.8584 2.8619e-02
9117.5928 2.7299e-02
9120.3271 3.6603e-02
9123.0635 3.2035e-02
9125.8008 3.1061e-02
9128.5391 2.9249e-02
9131.2764 3.2836e-02
9134.0156 2.6531e-02
9136.7568 2.9865e-02
9139.4980 2.4112e-02
9142.2383 2.3194e-02
9144.9814 2.5316e-02
9147.7266 2.0368e-02
9150.4707 2.6127e-02
9153.2158 3.0589e-02
9155.9609 3.0382e-02
9158.7070 2.6893e-02
9161.4551 3.2589e-02
9164.2041 2.8233e-02
9166.9531 3.1807e-02
9169.7031 1.8415e-02
9172.4541 2.3588e-02
9175.2051 2.7112e-02
9177.9580 2.3632e-02
9180.7109 2.1091e-02
9183.4668 2.2185e-02
9186.2207 3.4549e-02
9188.9766 2.8484e-02
9191.7334 2.5045e-02
9194.4912 2.9258e-02
9197.2490 2.9266e-02
9200.0088 2.3895e-02
9202.7686 2.7304e-02
9205.5293 2.7116e-02
9208.2920 2.6392e-02
9211.0527 2.8480e-02
9213.8164 2.2022e-02
9216.5811 2.1599e-02
9219.3467 1.9178e-02
9222.1113 2.7374e-02
9224.8789 2.3993e-02
9227.6455 3.6535e-02
9230.4141 2.0774e-02
9233.1836 3.0199e-02
9235.9531 2.9623e-02
9238.7246 2.4857e-02
9241.4951 2.2709e-02
9244.2686 2.3227e-02
9247.0410 1.9981e-02
9249.8154 2.8323e-02
9252.5908 2.5764e-02
9255.3652 1.8291e-02
9258.1426 2.9370e-02
9260.9209 3.0672e-02
9263.6992 1.8514e-02
9266.4775 2.5347e-02
9269.2568 2.6930e-02
9272.0381 2.0271e-02
9274.8203 1.8510e-02
9277.6025 2.9699e-02
9280.3857 2.1204e-02
9283.1709 2.4411e-02
9285.9541 2.3775e-02
9288.7402 2.3510e-02
9291.5264 2.6792e-02
9294.3135 2.6744e-02
9297.1025 3.1375e-02
9299.8926 2.3941e-02
9302.6816 2.1184e-02
9305.4727 2.5426e-02
9308.2646 2.0583e-02
9311.0566 2.0297e-02
9313.8506 2.1068e-02
9316.6436 1.9250e-02
9319.4395 2.2312e-02
9322.2354 2.4708e-02
9325.0322 2.7043e-02
9327.8291 2.6057e-02
9330.6279 2.2169e-02
9333.4277 2.1143e-02
9336.2266 2.4158e-02
9339.0283 2.4129e-02
9341.8291 2.4278e-02
9344.6318 2.3313e-02
9347.4355 1.9723e-02
9350.2402 2.3993e-02
9353.0449 2.4314e-02
9355.8516 2.5225e-02
9358.6572 2.5419e-02
9361.4658 2.7415e-02
9364.2734 2.3037e-02
9367.0830 1.7471e-02
9369.8936 2.2817e-02
9372.7041 1.6134e-02
9375.5156 1.8189e-02
9378.3291 2.7066e-02
9381.1416 1.8671e-02
9383.9561 1.7525e-02
9386.7715 1.8040e-02
9389.5879 2.3158e-02
9392.4043 1.8216e-02
9395.2217 2.2912e-02
9398.0400 2.3884e-02
9400.8594 1.7472e-02
9403.6807 1.7597e-02
9406.5020 2.0128e-02
9409.3242 1.9742e-02
9412.1465 2.3620e-02
9414.9707 1.8653e-02
9417.7939 1.8829e-02
9420.6201 2.1791e-02
9423.4453 1.8310e-02
9426.2725 2.5890e-02
9429.1006 2.0769e-02
9431.9287 1.6409e-02
9434.7588 1.9078e-02
9437.5898 1.7292e-02
9440.4209 1.8727e-02
9443.2529 2.1067e-02
9446.0859 1.7303e-02
9448.9199 2.0711e-02
9451.7549 2.4077e-02
9454.5889 2.0905e-02
9457.4268 2.1270e-02
9460.2637 1.9716e-02
9463.1016 2.4898e-02
9465.9414 1.6414e-02
9468.7803 1.9789e-02
9471.6211 2.1768e-02
9474.4629 1.6114e-02
9477.3047 1.4938e-02
9480.1484 1.4792e-02
9482.9922 1.7485e-02
9485.8369 1.9278e-02
9488.6836 1.8845e-02
9491.5303 1.5428e-02
9494.3760 1.7753e-02
9497.2256 1.5250e-02
9500.0742 2.1131e-02
9502.9238 1.9331e-02
9505.7754 1.9191e-02
9508.6270 1.8540e-02
9511.4805 2.6889e-02
9514.3320 1.6908e-02
9517.1875 2.0950e-02
9520.0420 1.9662e-02
9522.8984 1.9049e-02
9525.7559 1.9178e-02
9528.6133 1.9468e-02
9531.4717 1.6656e-02
9534.3311 1.9446e-02
9537.1914 1.3077e-02
9540.0518 1.8098e-02
9542.9150 2.3023e-02
9545.7773 2.2355e-02
9548.6416 1.0515e-02
9551.5059 2.0326e-02
9554.3711 2.1966e-02
9557.2373 1.7847e-02
9560.1045 1.8324e-02
9562.9727 1.7696e-02
9565.8418 1.2486e-02
9568.7109 1.4661e-02
9571.5820 2.0108e-02
9574.4531 1.4926e-02
9577.3252 1.6036e-02
9580.1992 2.2937e-02
9583.0723 1.6301e-02
9585.9473 1.7154e-02
9588.8242 1.0951e-02
9591.7002 1.9619e-02
9594.5781 1.6979e-02
9597.4561 2.0603e-02
9600.3350 1.5202e-02
9603.2158 1.8425e-02
9606.0957 2.1753e-02
9608.9775 1.6455e-02
9611.8613 1.9068e-02
9614.7441 9.8784e-03
9617.6279 1.9054e-02
9620.5137 1.8509e-02
9623.4014 1.3197e-02
9626.2881 1.3335e-02
9629.1748 1.4075e-02
9632.0645 1.5041e-02
9634.9541 1.5953e-02
9637.8438 1.2289e-02
9640.7363 1.2738e-02
9643.6270 1.8620e-02
9646.5215 1.8201e-02
9649.4141 1.3500e-02
9652.3086 1.6223e-02
9655.2051 1.2601e-02
9658.1016 1.7846e-02
9660.9990 1.8090e-02
9663.8975 1.2097e-02
9666.7969 2.0854e-02
9669.6973 1.6692e-02
9672.5967 1.7620e-02
9675.5000 1.7914e-02
9678.4023 1.5099e-02
9681.3057 1.2778e-02
9684.2109 1.2371e-02
9687.1152 1.2467e-02
9690.0215 1.5943e-02
9692.9287 1.7467e-02
9695.8369 1.6699e-02
9698.7441 1.3337e-02
9701.6553 1.5406e-02
9704.5645 2.2528e-02
9707.4775 1.9228e-02
9710.3887 1.0524e-02
9713.3008 1.5578e-02
9716.2158 9.5874e-03
9719.1299 1.1547e-02
9722.0459 1.2077e-02
9724.9629 1.5729e-02
9727.8809 2.2016e-02
9730.7988 1.7664e-02
9733.7178 1.0994e-02
9736.6387 1.2489e-02
9739.5586 1.3287e-02
9742.4805 1.5410e-02
9745.4033 2.2762e-02
9748.3281 1.3849e-02
9751.2520 1.3438e-02
9754.1777 8.4498e-03
9757.1035 1.3462e-02
9760.0303 1.8928e-02
9762.9590 2.0468e-02
9765.8877 1.3062e-02
9768.8174 9.0381e-03
9771.7480 1.7486e-02
9774.6797 1.0093e-02
9777.6113 1.6850e-02
9780.5459 1.4968e-02
9783.4795 1.3918e-02
9786.4141 1.3233e-02
9789.3496 1.5431e-02
9792.2871 1.8098e-02
9795.2256 1.2659e-02
9798.1641 7.4758e-03
9801.1035 1.2547e-02
9804.0430 1.4863e-02
9806.9844 1.3912e-02
9809.9268 1.4596e-02
9812.8691 1.7444e-02
9815.8125 8.1369e-03
9818.7578 1.1976e-02
9821.7041 1.2240e-02
9824.6494 1.4543e-02
9827.5967 9.8133e-03
9830.5469 1.2182e-02
9833.4951 1.6052e-02
9836.4453 1.0608e-02
9839.3965 9.8018e-03
9842.3486 1.7742e-02
9845.2998 1.1970e-02
9848.2549 1.0408e-02
9851.2080 1.6390e-02
9854.1641 1.5419e-02
9857.1201 1.0891e-02
9860.0771 1.1273e-02
9863.0361 8.1775e-03
9865.9941 1.0546e-02
9868.9541 1.5578e-02
9871.9150 1.7632e-02
9874.8760 1.4709e-02
9877.8389 1.0066e-02
9880.8018 1.0022e-02
9883.7666 1.4125e-02
9886.7324 1.6050e-02
9889.6982 1.5242e-02
9892.6641 1.1820e-02
9895.6338 8.5065e-03
9898.6016 1.5730e-02
9901.5713 1.4896e-02
9904.5420 1.1011e-02
9907.5127 1.4632e-02
9910.4854 6.8497e-03
9913.4590 8.2967e-03
9916.4326 1.0575e-02
9919.4072 1.1580e-02
9922.3828 1.3634e-02
9925.3584 1.5058e-02
9928.3379 1.3016e-02
9931.3164 1.2247e-02
9934.2949 9.5838e-03
9937.2754 1.4536e-02
9940.2568 7.6165e-03
9943.2383 1.1680e-02
9946.2207 1.2335e-02
9949.2061 1.4356e-02
9952.1904 1.2135e-02
9955.1758 1.2063e-02
9958.1631 9.4952e-03
9961.1494 1.0226e-02
9964.1387 1.2871e-02
9967.1279 1.1495e-02
9970.1182 1.1934e-02
9973.1084 1.6121e-02
9976.1006 1.3013e-02
9979.0928 1.1622e-02
9982.0859 1.5248e-02
9985.0820 1.4265e-02
9988.0771 1.2217e-02
9991.0732 9.2488e-03
9994.0713 8.5682e-03
9997.0693 1.0057e-02
10000.0684 9.4935e-03
10003.0674 1.2114e-02
10006.0684 1.3654e-02
10009.0713 1.2714e-02
10012.0742 9.8165e-03
10015.0771 1.5007e-02
10018.0820 1.4451e-02
10021.0879 1.2292e-02
10024.0938 6.6210e-03
10027.1006 7.2345e-03
10030.1084 1.4675e-02
10033.1172 9.9990e-03
10036.1270 7.5862e-03
10039.1387 9.8782e-03
10042.1504 6.6362e-03
10045.1631 1.0072e-02
10048.1768 1.0348e-02
10051.1924 1.2836e-02
10054.2061 8.4777e-03
10057.2227 1.2485e-02
10060.2402 1.2700e-02
10063.2578 9.4791e-03
10066.2773 8.3819e-03
10069.2969 4.5550e-03
10072.3174 1.0027e-02
10075.3379 1.0887e-02
10078.3623 6.0362e-03
10081.3848 7.9796e-03
10084.4102 1.4818e-02
10087.4346 7.8694e-03
10090.4619 9.4341e-03
10093.4883 7.8730e-03
10096.5166 7.4549e-03
10099.5459 1.0656e-02
10102.5742 9.1444e-03
10105.6055 6.9853e-03
10108.6367 9.7610e-03
10111.6709 9.8266e-03
10114.7041 1.5103e-02
10117.7383 1.0099e-02
10120.7734 1.5534e-02
10123.8105 9.7741e-03
10126.8477 6.1319e-03
10129.8857 1.0572e-02
10132.9248 1.1344e-02
10135.9648 8.2802e-03
10139.0049 7.2199e-03
10142.0479 1.2295e-02
10145.0879 8.4146e-03
10148.1318 7.9783e-03
10151.1768 9.2739e-03
10154.2227 9.0647e-03
10157.2686 4.5074e-03
10160.3154 1.1107e-02
10163.3643 1.2335e-02
10166.4121 1.1242e-02
10169.4629 8.0360e-03
10172.5137 7.8417e-03
10175.5654 5.2138e-03
10178.6191 1.2218e-02
10181.6719 1.0274e-02
10184.7256 8.6091e-03
10187.7822 1.0383e-02
10190.8379 1.1227e-02
10193.8945 7.0864e-03
10196.9541 1.0434e-02
10200.0127 1.0081e-02
10203.0723 1.2920e-02
10206.1328 1.1068e-02
10209.1953 8.0167e-03
10212.2578 6.5532e-03
10215.3223 1.2207e-02
10218.3867 1.0762e-02
10221.4521 8.0605e-03
10224.5186 6.8613e-03
10227.5850 7.5223e-03
10230.6543 8.8762e-03
10233.7246 9.3662e-03
10236.7930 8.9601e-03
10239.8643 1.0955e-02
10242.9355 1.3245e-02
10246.0098 1.0035e-02
10249.0830 8.5143e-03
10252.1572 7.3687e-03
10255.2334 9.9175e-03
10258.3096 1.1385e-02
10261.3877 8.4333e-03
10264.4648 9.7136e-03
10267.5449 1.1705e-02
10270.6250 8.5631e-03
