# time_explosion = 14.75
# 
3082.8928 5.7118e-02
3083.8179 6.0231e-02
3084.7432 6.9268e-02
3085.6685 5.3535e-02
3086.5940 5.8601e-02
3087.5200 9.6783e-02
3088.4463 5.9471e-02
3089.3728 4.6412e-02
3090.2996 5.1015e-02
3091.2268 6.4787e-02
3092.1541 3.7374e-02
3093.0815 5.8833e-02
3094.0098 5.8546e-02
3094.9380 5.7031e-02
3095.8665 5.6362e-02
3096.7952 5.8584e-02
3097.7241 4.7930e-02
3098.6536 5.3298e-02
3099.5828 7.5389e-02
3100.5129 6.0791e-02
3101.4431 6.7339e-02
3102.3735 4.7616e-02
3103.3042 5.3073e-02
3104.2354 6.2477e-02
3105.1665 5.8913e-02
3106.0981 5.6948e-02
3107.0300 7.4002e-02
3107.9619 6.0939e-02
3108.8943 6.9630e-02
3109.8269 6.5243e-02
3110.7600 6.9421e-02
3111.6929 5.1371e-02
3112.6265 5.6301e-02
3113.5605 5.1814e-02
3114.4944 6.4388e-02
3115.4290 6.1695e-02
3116.3635 5.9407e-02
3117.2986 6.1203e-02
3118.2336 5.9559e-02
3119.1689 6.9201e-02
3120.1047 6.7979e-02
3121.0410 6.8389e-02
3121.9773 5.4426e-02
3122.9136 7.8844e-02
3123.8508 7.0306e-02
3124.7878 6.7252e-02
3125.7251 3.5999e-02
3126.6628 4.3200e-02
3127.6008 7.4760e-02
3128.5393 5.8516e-02
3129.4778 5.3114e-02
3130.4170 5.7287e-02
3131.3557 6.8302e-02
3132.2954 6.5485e-02
3133.2349 5.9616e-02
3134.1748 7.1494e-02
3135.1150 4.8329e-02
3136.0559 4.9677e-02
3136.9968 5.0668e-02
3137.9377 5.9577e-02
3138.8789 5.9401e-02
3139.8206 6.3126e-02
3140.7625 7.5168e-02
3141.7046 5.5832e-02
3142.6472 7.8789e-02
3143.5901 5.3808e-02
3144.5334 4.9044e-02
3145.4766 5.0309e-02
3146.4202 6.0818e-02
3147.3643 6.4574e-02
3148.3086 3.9928e-02
3149.2529 3.7855e-02
3150.1975 7.0366e-02
3151.1426 4.7169e-02
3152.0881 7.0393e-02
3153.0337 5.6857e-02
3153.9795 5.4267e-02
3154.9255 5.5401e-02
3155.8723 6.9770e-02
3156.8188 5.8960e-02
3157.7661 5.4771e-02
3158.7134 5.3803e-02
3159.6609 5.9782e-02
3160.6086 7.0271e-02
3161.5571 4.8302e-02
3162.5054 6.5444e-02
3163.4541 3.7364e-02
3164.4031 4.8482e-02
3165.3528 6.6160e-02
3166.3022 6.5266e-02
3167.2522 5.8052e-02
3168.2024 6.9154e-02
3169.1526 7.0609e-02
3170.1035 4.7819e-02
3171.0544 6.9515e-02
3172.0061 5.1939e-02
3172.9573 6.2700e-02
3173.9092 7.3020e-02
3174.8613 5.4615e-02
3175.8140 5.1760e-02
3176.7668 7.4796e-02
3177.7197 6.6442e-02
3178.6729 6.1539e-02
3179.6267 6.3111e-02
3180.5808 5.5121e-02
3181.5347 5.4897e-02
3182.4893 6.1357e-02
3183.4438 4.4685e-02
3184.3987 7.5234e-02
3185.3542 6.3723e-02
3186.3101 5.8095e-02
3187.2659 6.0415e-02
3188.2217 6.0826e-02
3189.1785 4.6619e-02
3190.1350 6.9868e-02
3191.0920 6.2120e-02
3192.0493 5.3229e-02
3193.0071 4.3617e-02
3193.9651 4.8534e-02
3194.9233 6.2262e-02
3195.8818 6.3174e-02
3196.8408 5.3959e-02
3197.7996 4.9432e-02
3198.7590 7.3257e-02
3199.7185 4.9026e-02
3200.6782 5.5766e-02
3201.6387 5.4976e-02
3202.5991 5.8730e-02
3203.5598 6.5304e-02
3204.5208 4.3168e-02
3205.4824 4.9129e-02
3206.4441 5.1836e-02
3207.4058 4.7481e-02
3208.3682 5.9187e-02
3209.3306 4.5704e-02
3210.2935 5.9170e-02
3211.2563 5.3141e-02
3212.2200 6.1230e-02
3213.1833 4.5869e-02
3214.1472 4.5678e-02
3215.1118 5.9946e-02
3216.0764 5.2404e-02
3217.0413 4.7317e-02
3218.0061 7.4840e-02
3218.9714 5.9136e-02
3219.9373 4.4752e-02
3220.9031 5.7958e-02
3221.8699 5.6236e-02
3222.8362 5.7214e-02
3223.8030 4.9529e-02
3224.7700 5.4816e-02
3225.7375 4.5557e-02
3226.7053 3.9495e-02
3227.6731 7.2729e-02
3228.6416 4.9706e-02
3229.6101 7.0307e-02
3230.5791 6.3830e-02
3231.5483 6.5165e-02
3232.5178 6.6915e-02
3233.4875 5.8841e-02
3234.4575 4.8433e-02
3235.4280 6.1615e-02
3236.3984 5.0339e-02
3237.3691 6.1407e-02
3238.3403 5.0113e-02
3239.3120 6.6718e-02
3240.2839 5.5635e-02
3241.2559 6.3332e-02
3242.2285 6.0441e-02
3243.2012 4.6386e-02
3244.1743 5.1582e-02
3245.1472 5.8983e-02
3246.1208 5.4091e-02
3247.0947 5.8080e-02
3248.0688 5.7869e-02
3249.0432 7.0996e-02
3250.0178 7.6943e-02
3250.9929 6.8879e-02
3251.9680 5.8331e-02
3252.9438 7.5226e-02
3253.9194 4.6470e-02
3254.8958 4.8684e-02
3255.8723 6.1191e-02
3256.8489 7.3850e-02
3257.8262 4.5551e-02
3258.8035 6.2889e-02
3259.7810 5.8756e-02
3260.7593 7.0242e-02
3261.7373 6.3881e-02
3262.7158 7.4760e-02
3263.6946 7.1738e-02
3264.6736 4.9012e-02
3265.6531 5.0619e-02
3266.6331 6.7587e-02
3267.6130 6.3142e-02
3268.5930 5.6045e-02
3269.5735 6.5319e-02
3270.5544 6.6288e-02
3271.5356 6.2352e-02
3272.5171 7.3772e-02
3273.4990 5.9675e-02
3274.4812 6.5742e-02
3275.4634 6.3654e-02
3276.4458 7.6070e-02
3277.4287 5.2565e-02
3278.4124 7.0708e-02
3279.3958 5.6827e-02
3280.3794 6.3668e-02
3281.3635 6.0830e-02
3282.3479 5.5519e-02
3283.3325 8.2491e-02
3284.3179 7.8489e-02
3285.3030 8.5773e-02
3286.2888 5.8043e-02
3287.2744 7.1504e-02
3288.2605 6.8474e-02
3289.2471 8.3629e-02
3290.2339 9.0798e-02
3291.2212 8.6193e-02
3292.2083 7.8270e-02
3293.1958 7.4071e-02
3294.1838 9.2603e-02
3295.1724 1.0663e-01
3296.1609 6.8456e-02
3297.1497 9.2550e-02
3298.1387 9.5036e-02
3299.1282 6.6068e-02
3300.1177 9.4596e-02
3301.1079 8.9148e-02
3302.0984 7.2918e-02
3303.0889 7.9004e-02
3304.0798 9.1778e-02
3305.0713 8.7154e-02
3306.0627 1.1170e-01
3307.0544 1.0327e-01
3308.0466 9.9201e-02
3309.0391 8.7985e-02
3310.0317 6.9841e-02
3311.0247 8.8870e-02
3312.0178 1.0930e-01
3313.0117 7.0379e-02
3314.0054 9.4585e-02
3315.0000 9.2846e-02
3315.9941 8.4569e-02
3316.9890 9.9430e-02
3317.9839 1.1668e-01
3318.9795 1.1259e-01
3319.9751 9.4063e-02
3320.9712 9.8328e-02
3321.9678 1.0125e-01
3322.9639 1.0083e-01
3323.9607 1.0656e-01
3324.9580 9.0255e-02
3325.9558 8.5145e-02
3326.9536 1.1269e-01
3327.9514 1.0207e-01
3328.9497 1.0609e-01
3329.9482 9.5191e-02
3330.9475 9.7114e-02
3331.9468 1.1633e-01
3332.9463 9.7878e-02
3333.9463 9.6986e-02
3334.9463 9.6115e-02
3335.9473 1.1757e-01
3336.9478 1.1317e-01
3337.9487 9.8282e-02
3338.9502 1.0366e-01
3339.9517 1.3015e-01
3340.9536 1.1432e-01
3341.9561 1.2592e-01
3342.9587 1.2035e-01
3343.9614 1.2273e-01
3344.9651 1.0048e-01
3345.9685 1.1867e-01
3346.9722 1.1875e-01
3347.9763 1.2134e-01
3348.9805 1.1235e-01
3349.9854 1.1419e-01
3350.9902 1.1887e-01
3351.9956 1.0804e-01
3353.0010 1.4622e-01
3354.0073 1.3309e-01
3355.0129 1.1590e-01
3356.0198 1.3160e-01
3357.0264 1.2423e-01
3358.0334 1.1884e-01
3359.0410 1.2969e-01
3360.0488 1.1339e-01
3361.0569 9.2610e-02
3362.0654 1.1639e-01
3363.0740 1.2395e-01
3364.0828 1.2505e-01
3365.0918 1.3339e-01
3366.1013 1.1688e-01
3367.1113 1.1063e-01
3368.1213 1.5016e-01
3369.1318 1.2476e-01
3370.1426 1.4895e-01
3371.1536 1.3941e-01
3372.1650 1.5426e-01
3373.1768 1.3095e-01
3374.1885 1.4683e-01
3375.2004 1.2226e-01
3376.2134 1.1777e-01
3377.2261 1.4408e-01
3378.2395 1.4635e-01
3379.2529 1.3749e-01
3380.2664 1.4187e-01
3381.2805 1.5775e-01
3382.2952 1.5654e-01
3383.3098 1.6645e-01
3384.3250 1.6787e-01
3385.3401 1.6837e-01
3386.3557 1.6961e-01
3387.3716 1.3236e-01
3388.3879 1.4299e-01
3389.4045 1.3786e-01
3390.4211 1.5359e-01
3391.4385 1.5369e-01
3392.4558 1.5022e-01
3393.4736 1.7655e-01
3394.4915 1.6682e-01
3395.5100 1.6746e-01
3396.5286 1.6245e-01
3397.5474 1.6501e-01
3398.5667 1.3777e-01
3399.5862 1.6285e-01
3400.6062 1.6521e-01
3401.6262 1.5957e-01
3402.6467 1.5118e-01
3403.6677 1.6866e-01
3404.6887 1.5733e-01
3405.7100 1.8210e-01
3406.7319 1.7286e-01
3407.7539 1.7202e-01
3408.7764 1.5376e-01
3409.7988 1.9638e-01
3410.8218 1.6472e-01
3411.8450 1.9336e-01
3412.8687 1.9221e-01
3413.8923 2.0345e-01
3414.9167 1.6857e-01
3415.9412 2.0129e-01
3416.9658 1.7480e-01
3417.9907 2.0237e-01
3419.0164 1.9585e-01
3420.0420 1.9726e-01
3421.0681 1.9261e-01
3422.0945 2.0850e-01
3423.1208 1.9665e-01
3424.1479 2.1465e-01
3425.1753 1.8549e-01
3426.2029 2.2705e-01
3427.2307 2.1944e-01
3428.2588 1.8374e-01
3429.2871 2.0950e-01
3430.3159 2.2338e-01
3431.3452 2.3771e-01
3432.3748 2.0155e-01
3433.4041 2.6922e-01
3434.4346 2.2243e-01
3435.4646 2.3505e-01
3436.4954 2.5170e-01
3437.5261 2.4270e-01
3438.5579 2.1711e-01
3439.5894 2.5921e-01
3440.6208 2.3687e-01
3441.6531 2.2609e-01
3442.6855 2.6826e-01
3443.7183 2.2916e-01
3444.7515 2.4793e-01
3445.7852 2.3752e-01
3446.8186 2.4415e-01
3447.8525 2.3386e-01
3448.8872 2.7032e-01
3449.9216 2.7380e-01
3450.9568 2.3920e-01
3451.9919 2.5013e-01
3453.0276 2.5131e-01
3454.0637 2.5195e-01
3455.0999 2.3832e-01
3456.1362 2.3755e-01
3457.1731 2.5256e-01
3458.2102 2.3991e-01
3459.2476 2.5600e-01
3460.2856 2.5187e-01
3461.3235 2.4048e-01
3462.3621 2.6334e-01
3463.4004 2.4186e-01
3464.4399 2.5741e-01
3465.4790 2.2299e-01
3466.5188 2.2148e-01
3467.5586 2.8449e-01
3468.5989 2.5145e-01
3469.6394 2.5521e-01
3470.6804 2.4925e-01
3471.7217 2.5086e-01
3472.7629 2.7825e-01
3473.8049 2.5173e-01
3474.8469 2.4900e-01
3475.8894 2.7964e-01
3476.9321 2.5272e-01
3477.9751 3.0665e-01
3479.0188 2.5666e-01
3480.0625 2.7347e-01
3481.1064 2.0963e-01
3482.1509 2.5799e-01
3483.1956 2.2946e-01
3484.2407 2.4428e-01
3485.2856 2.7635e-01
3486.3313 2.6973e-01
3487.3772 2.4483e-01
3488.4233 2.1664e-01
3489.4697 2.3888e-01
3490.5168 3.0243e-01
3491.5640 2.7965e-01
3492.6116 2.7026e-01
3493.6592 2.6231e-01
3494.7073 2.8688e-01
3495.7556 2.3557e-01
3496.8044 2.3361e-01
3497.8535 2.2321e-01
3498.9026 2.2934e-01
3499.9526 2.5297e-01
3501.0024 2.4831e-01
3502.0527 2.3951e-01
3503.1033 2.4767e-01
3504.1543 2.2673e-01
3505.2058 2.7965e-01
3506.2571 2.2780e-01
3507.3088 2.1264e-01
3508.3613 2.4587e-01
3509.4136 2.2499e-01
3510.4663 2.4798e-01
3511.5193 2.0588e-01
3512.5730 2.2860e-01
3513.6270 2.6483e-01
3514.6809 2.0738e-01
3515.7351 2.2685e-01
3516.7898 2.2467e-01
3517.8452 2.5658e-01
3518.9004 1.9177e-01
3519.9561 2.0910e-01
3521.0122 2.3226e-01
3522.0686 1.9201e-01
3523.1250 1.7401e-01
3524.1821 2.1610e-01
3525.2390 2.0758e-01
3526.2969 2.0002e-01
3527.3547 2.5069e-01
3528.4126 2.2252e-01
3529.4714 2.4351e-01
3530.5303 2.0248e-01
3531.5894 2.2811e-01
3532.6487 2.1137e-01
3533.7090 2.0097e-01
3534.7688 2.0350e-01
3535.8293 1.7308e-01
3536.8901 2.0146e-01
3537.9512 1.9735e-01
3539.0122 1.9423e-01
3540.0740 1.6771e-01
3541.1360 1.9420e-01
3542.1987 1.7002e-01
3543.2612 2.1558e-01
3544.3245 1.8128e-01
3545.3875 1.8148e-01
3546.4509 1.9554e-01
3547.5154 2.0020e-01
3548.5793 1.9954e-01
3549.6438 1.6007e-01
3550.7087 1.9049e-01
3551.7739 1.8924e-01
3552.8396 1.7498e-01
3553.9053 1.8502e-01
3554.9714 1.7451e-01
3556.0378 1.9083e-01
3557.1050 1.7179e-01
3558.1716 1.5617e-01
3559.2395 1.4898e-01
3560.3071 1.5918e-01
3561.3752 1.6786e-01
3562.4436 1.6707e-01
3563.5125 1.4261e-01
3564.5813 1.6291e-01
3565.6506 1.4015e-01
3566.7205 1.5723e-01
3567.7905 1.4471e-01
3568.8611 1.6975e-01
3569.9316 1.6931e-01
3571.0027 1.7270e-01
3572.0737 1.2637e-01
3573.1455 1.5886e-01
3574.2175 1.7108e-01
3575.2896 1.2034e-01
3576.3625 1.5055e-01
3577.4351 1.4677e-01
3578.5083 1.2931e-01
3579.5820 1.4684e-01
3580.6560 1.5797e-01
3581.7300 1.6908e-01
3582.8047 1.4196e-01
3583.8792 1.2787e-01
3584.9546 1.1556e-01
3586.0298 1.4065e-01
3587.1060 1.4569e-01
3588.1821 1.1197e-01
3589.2583 1.2890e-01
3590.3352 1.5255e-01
3591.4124 1.2932e-01
3592.4897 1.2761e-01
3593.5671 1.2757e-01
3594.6455 1.4624e-01
3595.7241 1.1238e-01
3596.8025 1.1203e-01
3597.8818 1.2539e-01
3598.9609 1.3044e-01
3600.0405 1.2520e-01
3601.1204 1.2695e-01
3602.2009 1.6620e-01
3603.2817 1.1198e-01
3604.3625 1.2383e-01
3605.4441 1.5921e-01
3606.5256 1.3978e-01
3607.6074 1.2193e-01
3608.6899 1.3980e-01
3609.7725 1.3741e-01
3610.8552 1.1996e-01
3611.9385 9.8469e-02
3613.0222 1.1701e-01
3614.1062 1.0011e-01
3615.1904 1.3196e-01
3616.2749 1.2096e-01
3617.3599 1.4194e-01
3618.4451 1.1869e-01
3619.5303 1.2133e-01
3620.6165 1.0864e-01
3621.7024 1.2423e-01
3622.7891 1.2060e-01
3623.8760 1.3684e-01
3624.9631 1.1692e-01
3626.0508 1.1923e-01
3627.1382 1.1513e-01
3628.2266 1.3041e-01
3629.3152 1.1318e-01
3630.4038 1.1353e-01
3631.4927 1.0701e-01
3632.5825 1.3396e-01
3633.6721 1.2473e-01
3634.7622 1.3384e-01
3635.8528 1.3300e-01
3636.9434 1.4999e-01
3638.0347 1.2054e-01
3639.1257 1.3093e-01
3640.2178 1.2929e-01
3641.3098 1.3464e-01
3642.4021 1.5552e-01
3643.4946 1.5122e-01
3644.5881 1.3022e-01
3645.6814 1.1349e-01
3646.7751 1.5501e-01
3647.8691 1.5329e-01
3648.9634 1.6299e-01
3650.0581 1.6322e-01
3651.1533 1.4773e-01
3652.2480 1.6850e-01
3653.3442 1.6117e-01
3654.4402 1.4642e-01
3655.5364 1.6528e-01
3656.6333 1.5215e-01
3657.7300 1.8450e-01
3658.8274 1.6773e-01
3659.9250 1.6753e-01
3661.0232 1.6896e-01
3662.1213 1.6196e-01
3663.2202 1.9889e-01
3664.3188 1.7213e-01
3665.4182 1.6273e-01
3666.5181 1.7802e-01
3667.6179 2.0307e-01
3668.7183 2.0152e-01
3669.8186 1.6955e-01
3670.9197 2.1568e-01
3672.0210 1.8013e-01
3673.1226 1.7405e-01
3674.2241 1.8641e-01
3675.3269 1.8462e-01
3676.4294 2.0547e-01
3677.5325 2.1069e-01
3678.6355 1.9669e-01
3679.7390 1.9498e-01
3680.8430 1.9244e-01
3681.9473 1.9759e-01
3683.0518 2.0315e-01
3684.1570 1.8991e-01
3685.2620 2.7119e-01
3686.3677 2.4071e-01
3687.4739 2.1960e-01
3688.5796 1.9537e-01
3689.6865 2.5848e-01
3690.7932 2.3498e-01
3691.9006 2.2962e-01
3693.0081 2.1118e-01
3694.1160 2.2704e-01
3695.2241 2.5569e-01
3696.3328 2.5216e-01
3697.4417 2.3346e-01
3698.5508 2.4974e-01
3699.6606 2.3064e-01
3700.7703 2.5900e-01
3701.8806 2.3402e-01
3702.9910 2.5853e-01
3704.1023 2.1481e-01
3705.2136 2.0329e-01
3706.3247 2.3573e-01
3707.4370 2.8368e-01
3708.5491 2.1736e-01
3709.6616 2.4891e-01
3710.7744 2.1192e-01
3711.8877 2.5396e-01
3713.0012 2.5663e-01
3714.1152 2.5524e-01
3715.2292 2.4317e-01
3716.3440 2.5635e-01
3717.4590 2.3698e-01
3718.5742 2.3209e-01
3719.6897 2.6821e-01
3720.8057 2.0768e-01
3721.9219 2.2443e-01
3723.0383 2.0471e-01
3724.1553 2.2085e-01
3725.2725 2.2724e-01
3726.3904 2.2523e-01
3727.5081 2.2055e-01
3728.6265 2.4144e-01
3729.7451 2.3835e-01
3730.8640 2.2466e-01
3731.9832 1.9216e-01
3733.1028 2.0797e-01
3734.2227 2.1536e-01
3735.3428 2.2536e-01
3736.4636 1.9431e-01
3737.5842 2.0653e-01
3738.7056 2.0103e-01
3739.8276 1.8634e-01
3740.9490 2.3306e-01
3742.0718 2.1098e-01
3743.1943 1.8033e-01
3744.3171 1.8844e-01
3745.4404 1.7124e-01
3746.5640 2.0508e-01
3747.6880 1.9439e-01
3748.8125 1.9863e-01
3749.9368 1.7064e-01
3751.0620 1.9720e-01
3752.1873 1.7321e-01
3753.3130 1.8608e-01
3754.4387 1.7141e-01
3755.5652 2.1219e-01
3756.6919 1.8348e-01
3757.8188 1.7458e-01
3758.9463 2.0132e-01
3760.0737 1.6773e-01
3761.2019 1.7493e-01
3762.3306 1.8411e-01
3763.4590 1.8908e-01
3764.5881 2.0139e-01
3765.7175 1.5953e-01
3766.8472 1.9427e-01
3767.9771 1.6648e-01
3769.1079 1.8695e-01
3770.2383 1.5180e-01
3771.3694 1.9770e-01
3772.5007 1.6089e-01
3773.6328 1.4979e-01
3774.7646 1.8342e-01
3775.8972 1.5267e-01
3777.0298 1.4143e-01
3778.1628 1.2210e-01
3779.2964 1.5988e-01
3780.4302 1.4600e-01
3781.5642 1.8027e-01
3782.6987 1.5655e-01
3783.8335 1.5549e-01
3784.9690 1.5223e-01
3786.1042 1.4587e-01
3787.2400 1.4312e-01
3788.3762 1.4616e-01
3789.5125 1.4736e-01
3790.6497 1.4385e-01
3791.7869 1.3504e-01
3792.9246 1.2718e-01
3794.0625 1.3150e-01
3795.2007 1.4387e-01
3796.3391 1.4769e-01
3797.4778 1.1663e-01
3798.6169 1.1830e-01
3799.7568 1.2988e-01
3800.8967 1.7064e-01
3802.0371 1.3212e-01
3803.1775 1.4184e-01
3804.3181 1.4461e-01
3805.4597 1.2430e-01
3806.6013 1.1275e-01
3807.7434 1.0240e-01
3808.8857 1.0867e-01
3810.0286 1.3719e-01
3811.1714 1.1133e-01
3812.3149 1.3041e-01
3813.4583 1.3817e-01
3814.6025 1.0048e-01
3815.7468 1.2293e-01
3816.8916 1.1710e-01
3818.0369 1.3265e-01
3819.1824 1.4608e-01
3820.3281 1.3603e-01
3821.4741 1.2736e-01
3822.6201 1.1609e-01
3823.7671 1.1862e-01
3824.9143 1.3252e-01
3826.0615 1.3437e-01
3827.2097 1.1716e-01
3828.3577 1.3790e-01
3829.5063 1.5424e-01
3830.6553 1.0873e-01
3831.8044 1.3882e-01
3832.9539 1.6227e-01
3834.1035 1.3811e-01
3835.2539 1.0268e-01
3836.4045 1.3411e-01
3837.5554 1.3926e-01
3838.7068 1.5300e-01
3839.8582 1.6432e-01
3841.0103 2.0165e-01
3842.1628 1.6761e-01
3843.3152 1.6706e-01
3844.4683 1.5823e-01
3845.6216 1.5472e-01
3846.7754 1.7301e-01
3847.9294 1.7376e-01
3849.0835 1.8932e-01
3850.2383 1.6437e-01
3851.3933 1.5886e-01
3852.5488 1.8805e-01
3853.7051 1.9155e-01
3854.8606 1.8820e-01
3856.0173 1.8451e-01
3857.1741 1.5375e-01
3858.3313 1.7578e-01
3859.4883 1.9441e-01
3860.6465 1.7760e-01
3861.8047 1.6067e-01
3862.9631 1.7364e-01
3864.1221 1.6629e-01
3865.2815 1.7888e-01
3866.4412 1.7312e-01
3867.6011 1.6469e-01
3868.7610 1.7083e-01
3869.9216 1.7927e-01
3871.0828 1.7488e-01
3872.2441 1.9901e-01
3873.4058 1.7878e-01
3874.5676 1.9214e-01
3875.7302 1.9886e-01
3876.8931 2.0728e-01
3878.0559 1.8691e-01
3879.2192 2.0090e-01
3880.3831 1.9469e-01
3881.5474 1.9325e-01
3882.7119 1.8935e-01
3883.8767 2.1255e-01
3885.0420 2.1407e-01
3886.2073 1.9008e-01
3887.3728 2.1492e-01
3888.5391 2.1572e-01
3889.7061 2.1951e-01
3890.8730 1.8225e-01
3892.0400 2.2149e-01
3893.2078 2.2500e-01
3894.3755 2.2207e-01
3895.5439 1.5990e-01
3896.7126 1.9683e-01
3897.8813 2.0063e-01
3899.0508 1.9719e-01
3900.2209 2.1498e-01
3901.3909 2.0446e-01
3902.5613 1.6775e-01
3903.7322 2.3467e-01
3904.9031 2.1240e-01
3906.0747 2.2093e-01
3907.2463 2.3893e-01
3908.4187 2.2167e-01
3909.5911 2.2867e-01
3910.7642 2.2490e-01
3911.9373 2.0156e-01
3913.1111 1.9692e-01
3914.2849 2.3382e-01
3915.4592 2.5504e-01
3916.6335 1.8358e-01
3917.8086 2.2188e-01
3918.9839 1.9615e-01
3920.1597 2.4203e-01
3921.3359 2.1396e-01
3922.5120 2.2929e-01
3923.6887 2.3653e-01
3924.8660 2.1998e-01
3926.0432 2.3928e-01
3927.2212 1.9383e-01
3928.3994 2.1997e-01
3929.5779 2.3173e-01
3930.7568 2.4216e-01
3931.9360 2.3282e-01
3933.1157 2.3673e-01
3934.2954 2.6152e-01
3935.4758 2.4320e-01
3936.6562 2.2804e-01
3937.8374 2.5598e-01
3939.0186 2.5510e-01
3940.2004 2.9014e-01
3941.3826 2.6037e-01
3942.5649 2.6447e-01
3943.7478 2.5674e-01
3944.9307 2.9311e-01
3946.1147 2.7932e-01
3947.2983 2.7175e-01
3948.4824 2.3474e-01
3949.6670 2.6599e-01
3950.8521 2.7674e-01
3952.0369 2.9001e-01
3953.2227 2.7510e-01
3954.4089 2.7175e-01
3955.5950 2.9220e-01
3956.7812 3.1883e-01
3957.9688 3.0042e-01
3959.1560 2.8909e-01
3960.3438 3.1896e-01
3961.5320 3.1180e-01
3962.7202 2.9611e-01
3963.9094 3.4727e-01
3965.0984 2.6137e-01
3966.2881 3.2288e-01
3967.4778 3.3966e-01
3968.6680 3.3936e-01
3969.8584 3.5172e-01
3971.0498 3.2046e-01
3972.2412 3.1500e-01
3973.4326 3.6501e-01
3974.6248 3.1461e-01
3975.8171 3.3166e-01
3977.0095 3.3248e-01
3978.2029 3.3836e-01
3979.3962 3.4961e-01
3980.5901 3.2891e-01
3981.7844 3.4327e-01
3982.9790 3.0798e-01
3984.1736 3.3591e-01
3985.3691 3.1126e-01
3986.5647 3.1749e-01
3987.7605 3.3284e-01
3988.9568 3.8183e-01
3990.1538 3.1485e-01
3991.3506 3.2590e-01
3992.5481 3.1660e-01
3993.7456 3.1890e-01
3994.9441 3.3545e-01
3996.1423 3.3731e-01
3997.3413 3.3632e-01
3998.5408 3.5615e-01
3999.7397 3.4923e-01
4000.9402 3.8538e-01
4002.1401 3.6837e-01
4003.3408 4.0390e-01
4004.5415 3.4531e-01
4005.7434 3.3619e-01
4006.9448 3.6022e-01
4008.1470 3.3189e-01
4009.3496 3.7972e-01
4010.5522 3.7663e-01
4011.7556 3.2973e-01
4012.9587 3.9240e-01
4014.1628 3.7286e-01
4015.3672 3.6328e-01
4016.5715 3.7138e-01
4017.7769 3.3199e-01
4018.9817 3.4728e-01
4020.1875 3.6174e-01
4021.3936 3.3068e-01
4022.6003 3.7136e-01
4023.8071 3.8354e-01
4025.0142 3.8337e-01
4026.2214 3.4794e-01
4027.4294 3.8562e-01
4028.6377 3.5397e-01
4029.8462 3.6660e-01
4031.0554 3.5660e-01
4032.2646 3.5936e-01
4033.4744 3.6399e-01
4034.6843 3.4758e-01
4035.8945 3.3641e-01
4037.1052 3.5680e-01
4038.3167 3.1885e-01
4039.5281 3.2376e-01
4040.7397 3.3325e-01
4041.9524 3.4463e-01
4043.1648 3.6238e-01
4044.3777 3.4145e-01
4045.5913 3.1430e-01
4046.8047 3.1674e-01
4048.0186 3.0542e-01
4049.2332 3.0080e-01
4050.4480 3.1103e-01
4051.6628 3.4103e-01
4052.8784 3.0784e-01
4054.0942 2.9157e-01
4055.3108 3.3255e-01
4056.5273 3.0800e-01
4057.7444 2.8448e-01
4058.9614 2.5682e-01
4060.1792 3.2976e-01
4061.3970 3.1009e-01
4062.6155 2.8057e-01
4063.8345 2.8383e-01
4065.0535 2.8909e-01
4066.2732 3.0185e-01
4067.4929 3.0243e-01
4068.7131 3.1499e-01
4069.9338 2.7387e-01
4071.1548 2.6171e-01
4072.3762 2.5898e-01
4073.5981 2.9174e-01
4074.8201 2.3897e-01
4076.0427 3.0242e-01
4077.2654 2.7133e-01
4078.4885 2.5502e-01
4079.7119 2.8270e-01
4080.9358 2.8403e-01
4082.1602 2.6293e-01
4083.3845 2.8940e-01
4084.6099 2.6422e-01
4085.8354 2.7229e-01
4087.0608 2.5235e-01
4088.2869 2.4242e-01
4089.5137 2.7661e-01
4090.7407 2.7619e-01
4091.9678 2.5205e-01
4093.1953 2.5612e-01
4094.4233 2.3210e-01
4095.6519 2.6992e-01
4096.8799 2.3875e-01
4098.1094 2.7577e-01
4099.3384 2.7162e-01
4100.5684 2.3294e-01
4101.7988 2.4120e-01
4103.0293 2.5162e-01
4104.2598 2.4987e-01
4105.4912 2.2094e-01
4106.7231 2.2924e-01
4107.9546 2.6349e-01
4109.1875 2.4207e-01
4110.4204 2.3967e-01
4111.6533 2.2109e-01
4112.8867 2.6038e-01
4114.1211 2.3911e-01
4115.3545 1.8996e-01
4116.5898 2.1537e-01
4117.8247 2.4314e-01
4119.0596 2.0914e-01
4120.2954 2.4411e-01
4121.5317 2.3675e-01
4122.7681 2.1679e-01
4124.0049 2.4607e-01
4125.2422 2.4074e-01
4126.4800 1.9954e-01
4127.7178 2.4005e-01
4128.9561 2.3712e-01
4130.1948 2.2971e-01
4131.4336 2.1762e-01
4132.6733 2.3084e-01
4133.9126 2.1867e-01
4135.1533 2.1188e-01
4136.3936 2.2657e-01
4137.6348 2.3887e-01
4138.8760 2.2560e-01
4140.1172 2.5802e-01
4141.3599 2.0757e-01
4142.6021 2.3033e-01
4143.8447 1.9872e-01
4145.0879 2.4690e-01
4146.3315 2.3159e-01
4147.5752 2.3131e-01
4148.8198 2.0093e-01
4150.0640 2.1818e-01
4151.3091 2.2155e-01
4152.5547 2.2898e-01
4153.8003 2.2871e-01
4155.0464 2.3141e-01
4156.2930 2.2239e-01
4157.5400 2.4863e-01
4158.7871 2.1374e-01
4160.0352 2.1415e-01
4161.2827 2.4195e-01
4162.5312 2.1914e-01
4163.7803 2.6310e-01
4165.0293 2.2655e-01
4166.2783 2.3622e-01
4167.5288 2.6048e-01
4168.7788 2.4062e-01
4170.0298 2.4678e-01
4171.2803 2.3801e-01
4172.5317 2.5123e-01
4173.7837 2.2818e-01
4175.0356 2.2776e-01
4176.2886 2.2245e-01
4177.5410 2.3586e-01
4178.7944 2.5064e-01
4180.0479 2.1870e-01
4181.3022 2.2978e-01
4182.5566 2.3373e-01
4183.8115 2.5228e-01
4185.0664 2.8119e-01
4186.3223 2.6978e-01
4187.5776 2.2193e-01
4188.8340 2.6191e-01
4190.0903 2.7093e-01
4191.3477 2.7574e-01
4192.6050 2.6003e-01
4193.8628 2.2751e-01
4195.1206 2.6840e-01
4196.3794 2.6973e-01
4197.6387 2.6425e-01
4198.8975 2.6340e-01
4200.1577 2.3685e-01
4201.4175 2.4990e-01
4202.6782 1.9874e-01
4203.9390 2.7292e-01
4205.2002 2.1658e-01
4206.4614 2.3566e-01
4207.7231 2.6109e-01
4208.9858 2.1830e-01
4210.2485 2.4538e-01
4211.5112 2.6003e-01
4212.7749 2.2100e-01
4214.0391 2.6019e-01
4215.3032 2.3139e-01
4216.5679 2.3922e-01
4217.8330 2.4629e-01
4219.0981 2.1532e-01
4220.3638 2.4977e-01
4221.6299 2.4028e-01
4222.8965 2.4139e-01
4224.1636 2.5830e-01
4225.4302 2.0585e-01
4226.6978 2.3293e-01
4227.9658 2.5398e-01
4229.2349 2.3623e-01
4230.5034 2.1620e-01
4231.7725 2.6735e-01
4233.0415 2.0893e-01
4234.3115 2.2424e-01
4235.5825 2.3532e-01
4236.8525 2.0493e-01
4238.1235 2.1890e-01
4239.3955 2.1834e-01
4240.6670 2.4783e-01
4241.9390 2.2697e-01
4243.2119 2.1836e-01
4244.4844 2.0824e-01
4245.7583 2.4770e-01
4247.0317 2.4406e-01
4248.3062 2.2280e-01
4249.5806 2.0866e-01
4250.8555 2.1284e-01
4252.1309 2.2345e-01
4253.4062 2.2817e-01
4254.6821 2.4159e-01
4255.9590 2.6514e-01
4257.2358 2.2399e-01
4258.5127 2.3337e-01
4259.7900 2.0772e-01
4261.0679 2.2481e-01
4262.3462 1.9940e-01
4263.6250 2.1439e-01
4264.9043 2.1726e-01
4266.1841 2.0894e-01
4267.4639 2.4626e-01
4268.7432 2.3125e-01
4270.0244 2.4445e-01
4271.3052 1.9897e-01
4272.5869 2.2840e-01
4273.8682 2.2171e-01
4275.1509 2.1693e-01
4276.4336 2.1488e-01
4277.7163 2.2256e-01
4278.9995 2.1638e-01
4280.2837 2.4535e-01
4281.5674 2.2768e-01
4282.8521 2.4642e-01
4284.1367 2.3960e-01
4285.4219 2.3300e-01
4286.7075 1.9490e-01
4287.9937 2.1503e-01
4289.2798 2.2976e-01
4290.5669 2.3138e-01
4291.8540 2.3142e-01
4293.1416 2.4283e-01
4294.4292 2.2397e-01
4295.7183 2.4445e-01
4297.0063 1.9676e-01
4298.2954 2.3147e-01
4299.5854 2.1026e-01
4300.8750 2.2562e-01
4302.1650 2.4209e-01
4303.4561 2.3407e-01
4304.7471 2.2944e-01
4306.0381 2.2960e-01
4307.3301 2.0304e-01
4308.6221 2.0808e-01
4309.9150 2.1037e-01
4311.2075 2.1716e-01
4312.5015 2.3524e-01
4313.7949 2.1255e-01
4315.0889 2.1818e-01
4316.3838 2.0882e-01
4317.6787 1.9552e-01
4318.9741 2.5911e-01
4320.2700 2.3094e-01
4321.5654 2.1621e-01
4322.8623 2.2968e-01
4324.1592 2.0800e-01
4325.4565 2.1281e-01
4326.7539 2.2176e-01
4328.0518 2.0990e-01
4329.3501 2.3895e-01
4330.6494 1.7716e-01
4331.9482 2.2168e-01
4333.2480 2.1576e-01
4334.5479 2.2241e-01
4335.8477 2.2871e-01
4337.1489 1.9596e-01
4338.4502 2.0382e-01
4339.7515 2.1617e-01
4341.0537 2.1152e-01
4342.3560 1.9043e-01
4343.6582 2.2068e-01
4344.9614 2.0829e-01
4346.2646 2.1416e-01
4347.5693 2.2154e-01
4348.8735 2.4484e-01
4350.1782 2.1057e-01
4351.4829 2.1233e-01
4352.7886 2.1272e-01
4354.0938 2.0890e-01
4355.4009 1.9669e-01
4356.7070 1.8326e-01
4358.0137 1.9889e-01
4359.3218 2.0039e-01
4360.6294 2.1257e-01
4361.9375 2.1643e-01
4363.2461 1.9591e-01
4364.5552 1.7523e-01
4365.8643 1.6953e-01
4367.1743 1.8676e-01
4368.4844 2.1170e-01
4369.7954 1.9726e-01
4371.1060 2.0740e-01
4372.4170 2.0576e-01
4373.7285 2.3471e-01
4375.0415 1.8211e-01
4376.3540 1.8301e-01
4377.6665 1.9718e-01
4378.9800 2.0487e-01
4380.2935 1.9050e-01
4381.6074 2.2276e-01
4382.9219 1.6752e-01
4384.2363 2.0851e-01
4385.5522 1.9510e-01
4386.8677 2.0655e-01
4388.1841 1.8742e-01
4389.5010 1.8944e-01
4390.8169 2.0519e-01
4392.1343 1.9732e-01
4393.4521 2.1316e-01
4394.7700 1.7400e-01
4396.0884 1.9764e-01
4397.4077 1.8716e-01
4398.7266 2.0128e-01
4400.0464 2.2843e-01
4401.3667 2.2945e-01
4402.6870 1.8587e-01
4404.0073 1.9372e-01
4405.3291 2.0375e-01
4406.6504 1.8175e-01
4407.9722 2.2282e-01
4409.2944 1.7790e-01
4410.6172 1.7819e-01
4411.9404 1.9028e-01
4413.2642 2.0784e-01
4414.5879 2.1426e-01
4415.9126 1.9831e-01
4417.2373 1.8934e-01
4418.5625 2.2074e-01
4419.8882 2.1612e-01
4421.2139 1.9855e-01
4422.5405 1.9422e-01
4423.8672 2.2979e-01
4425.1938 2.3460e-01
4426.5220 2.0256e-01
4427.8496 2.0912e-01
4429.1787 2.4595e-01
4430.5063 2.2411e-01
4431.8364 2.2041e-01
4433.1655 2.2602e-01
4434.4956 2.1127e-01
4435.8262 2.2551e-01
4437.1567 2.1891e-01
4438.4878 2.1847e-01
4439.8193 2.4008e-01
4441.1514 2.4791e-01
4442.4834 2.4544e-01
4443.8164 2.5455e-01
4445.1494 2.4929e-01
4446.4829 2.3519e-01
4447.8169 2.4741e-01
4449.1514 2.3165e-01
4450.4863 2.4891e-01
4451.8213 2.3388e-01
4453.1567 2.6806e-01
4454.4927 2.5814e-01
4455.8291 2.7738e-01
4457.1660 2.5093e-01
4458.5029 2.5476e-01
4459.8403 2.7016e-01
4461.1787 2.5627e-01
4462.5171 2.7974e-01
4463.8555 2.8159e-01
4465.1948 2.8305e-01
4466.5347 2.6728e-01
4467.8740 2.5054e-01
4469.2144 3.1920e-01
4470.5552 2.9194e-01
4471.8970 3.0026e-01
4473.2383 2.5314e-01
4474.5806 2.5580e-01
4475.9229 2.5421e-01
4477.2651 3.0604e-01
4478.6084 2.8144e-01
4479.9521 2.8785e-01
4481.2959 2.8510e-01
4482.6406 2.8921e-01
4483.9854 3.0278e-01
4485.3306 2.8473e-01
4486.6763 2.9452e-01
4488.0220 3.0170e-01
4489.3682 2.9240e-01
4490.7153 2.9439e-01
4492.0620 2.8260e-01
4493.4102 2.9975e-01
4494.7578 3.4154e-01
4496.1069 3.1471e-01
4497.4556 2.9100e-01
4498.8047 2.9564e-01
4500.1543 3.3652e-01
4501.5044 3.3337e-01
4502.8550 3.2067e-01
4504.2056 3.3748e-01
4505.5566 2.7695e-01
4506.9082 3.4558e-01
4508.2607 3.4398e-01
4509.6133 3.4318e-01
4510.9658 3.3733e-01
4512.3193 3.4168e-01
4513.6729 3.0873e-01
4515.0273 3.1266e-01
4516.3818 3.3546e-01
4517.7363 3.1110e-01
4519.0918 3.1006e-01
4520.4473 3.4381e-01
4521.8037 3.3054e-01
4523.1606 2.9667e-01
4524.5171 3.1746e-01
4525.8750 3.1325e-01
4527.2324 3.1744e-01
4528.5903 3.5311e-01
4529.9492 3.1442e-01
4531.3081 3.5483e-01
4532.6675 3.6845e-01
4534.0269 3.3858e-01
4535.3872 3.3828e-01
4536.7480 3.5474e-01
4538.1094 3.6476e-01
4539.4702 3.6388e-01
4540.8320 3.1719e-01
4542.1943 3.3657e-01
4543.5576 3.2699e-01
4544.9199 3.2987e-01
4546.2842 3.4467e-01
4547.6475 3.1271e-01
4549.0117 3.5843e-01
4550.3770 3.5801e-01
4551.7417 2.8910e-01
4553.1074 3.4071e-01
4554.4731 3.5469e-01
4555.8398 3.3612e-01
4557.2061 3.7556e-01
4558.5732 3.3135e-01
4559.9414 3.5958e-01
4561.3086 3.3397e-01
4562.6772 3.5241e-01
4564.0459 3.3934e-01
4565.4150 3.3828e-01
4566.7852 3.8879e-01
4568.1553 3.9325e-01
4569.5249 3.1303e-01
4570.8965 3.7472e-01
4572.2676 3.5114e-01
4573.6392 3.5443e-01
4575.0117 3.2961e-01
4576.3838 3.3175e-01
4577.7568 3.3998e-01
4579.1304 3.4230e-01
4580.5039 3.9106e-01
4581.8784 3.6831e-01
4583.2524 3.3904e-01
4584.6274 3.4625e-01
4586.0029 3.2517e-01
4587.3789 3.0656e-01
4588.7549 3.6025e-01
4590.1318 3.4918e-01
4591.5083 3.5356e-01
4592.8857 3.0678e-01
4594.2642 3.1730e-01
4595.6426 3.5734e-01
4597.0210 3.3391e-01
4598.3999 3.3816e-01
4599.7798 3.3598e-01
4601.1597 3.2907e-01
4602.5396 3.4048e-01
4603.9204 3.2867e-01
4605.3022 3.3647e-01
4606.6836 3.3613e-01
4608.0649 3.1598e-01
4609.4478 3.5044e-01
4610.8306 2.9802e-01
4612.2144 3.3237e-01
4613.5977 3.2412e-01
4614.9819 3.1531e-01
4616.3662 3.4768e-01
4617.7515 3.3213e-01
4619.1362 3.5660e-01
4620.5225 3.6196e-01
4621.9082 3.1905e-01
4623.2949 2.9780e-01
4624.6816 3.4144e-01
4626.0693 3.0096e-01
4627.4570 3.2387e-01
4628.8457 3.5181e-01
4630.2334 3.7951e-01
4631.6230 3.1765e-01
4633.0127 3.1251e-01
4634.4028 3.1528e-01
4635.7935 3.3601e-01
4637.1831 3.4097e-01
4638.5742 3.3646e-01
4639.9658 3.6118e-01
4641.3579 3.2439e-01
4642.7505 3.1270e-01
4644.1436 3.3187e-01
4645.5371 3.0654e-01
4646.9307 2.9827e-01
4648.3247 2.8164e-01
4649.7188 3.1795e-01
4651.1138 2.5394e-01
4652.5093 3.1974e-01
4653.9048 3.2492e-01
4655.3018 3.0372e-01
4656.6978 3.1474e-01
4658.0947 3.3217e-01
4659.4922 2.9577e-01
4660.8896 3.2076e-01
4662.2886 2.9648e-01
4663.6865 2.8584e-01
4665.0859 3.2217e-01
4666.4854 3.0482e-01
4667.8853 2.7387e-01
4669.2861 3.1446e-01
4670.6870 3.0745e-01
4672.0874 2.7178e-01
4673.4897 3.0960e-01
4674.8916 3.4316e-01
4676.2944 2.8744e-01
4677.6968 3.0563e-01
4679.1006 2.9487e-01
4680.5039 3.1565e-01
4681.9082 3.4374e-01
4683.3125 3.2560e-01
4684.7173 3.0389e-01
4686.1230 3.3532e-01
4687.5288 2.9200e-01
4688.9351 2.8840e-01
4690.3423 3.2463e-01
4691.7490 3.2463e-01
4693.1562 2.9005e-01
4694.5645 2.9033e-01
4695.9731 3.0092e-01
4697.3818 3.1317e-01
4698.7910 2.8265e-01
4700.2002 3.2641e-01
4701.6104 3.1373e-01
4703.0205 3.0458e-01
4704.4316 3.0762e-01
4705.8433 3.2745e-01
4707.2549 2.7269e-01
4708.6670 2.8622e-01
4710.0796 2.7082e-01
4711.4927 2.9594e-01
4712.9058 3.1096e-01
4714.3203 2.9586e-01
4715.7344 3.0039e-01
4717.1494 2.9254e-01
4718.5645 2.7075e-01
4719.9800 2.8928e-01
4721.3955 2.9254e-01
4722.8120 2.7200e-01
4724.2290 2.8621e-01
4725.6460 3.0866e-01
4727.0645 2.8166e-01
4728.4824 2.8196e-01
4729.9004 2.6407e-01
4731.3198 3.0503e-01
4732.7388 2.8298e-01
4734.1587 3.4554e-01
4735.5791 2.7897e-01
4737.0000 2.5860e-01
4738.4209 2.9780e-01
4739.8428 2.7247e-01
4741.2646 2.9039e-01
4742.6870 2.5044e-01
4744.1094 2.8780e-01
4745.5327 2.9683e-01
4746.9565 2.5968e-01
4748.3804 2.5512e-01
4749.8052 2.5486e-01
4751.2300 2.5032e-01
4752.6548 2.6133e-01
4754.0811 2.5068e-01
4755.5078 2.6259e-01
4756.9341 2.7670e-01
4758.3608 2.5055e-01
4759.7886 2.6413e-01
4761.2168 2.6542e-01
4762.6445 2.4036e-01
4764.0737 2.7953e-01
4765.5029 2.8065e-01
4766.9326 2.6104e-01
4768.3628 2.7542e-01
4769.7930 2.7143e-01
4771.2236 2.5887e-01
4772.6553 2.5268e-01
4774.0869 2.3332e-01
4775.5190 2.4506e-01
4776.9521 2.5685e-01
4778.3853 2.5660e-01
4779.8184 2.7520e-01
4781.2524 2.4774e-01
4782.6870 2.6406e-01
4784.1226 2.3091e-01
4785.5571 2.3891e-01
4786.9927 2.6778e-01
4788.4292 2.4190e-01
4789.8652 2.6850e-01
4791.3022 2.3354e-01
4792.7397 2.5079e-01
4794.1777 2.7950e-01
4795.6152 2.7702e-01
4797.0542 2.7002e-01
4798.4937 2.6598e-01
4799.9331 2.5009e-01
4801.3735 2.8280e-01
4802.8140 2.5713e-01
4804.2544 2.3789e-01
4805.6958 2.7298e-01
4807.1377 2.5267e-01
4808.5796 2.6472e-01
4810.0220 2.8182e-01
4811.4653 2.3987e-01
4812.9087 2.3433e-01
4814.3525 2.1550e-01
4815.7969 2.6304e-01
4817.2417 2.7619e-01
4818.6865 2.6265e-01
4820.1328 2.6157e-01
4821.5786 2.2395e-01
4823.0249 2.4084e-01
4824.4717 2.2649e-01
4825.9189 2.6520e-01
4827.3667 2.4906e-01
4828.8149 2.3030e-01
4830.2637 2.3650e-01
4831.7124 2.3132e-01
4833.1621 2.3073e-01
4834.6118 2.5988e-01
4836.0620 2.6117e-01
4837.5137 2.2194e-01
4838.9644 2.2705e-01
4840.4165 2.4155e-01
4841.8687 2.5120e-01
4843.3208 2.3739e-01
4844.7739 2.3394e-01
4846.2275 2.3151e-01
4847.6812 2.4460e-01
4849.1357 2.5638e-01
4850.5903 2.4133e-01
4852.0454 2.4816e-01
4853.5015 2.5130e-01
4854.9575 2.3568e-01
4856.4136 2.3695e-01
4857.8706 2.3370e-01
4859.3281 2.1388e-01
4860.7861 2.0402e-01
4862.2437 2.2786e-01
4863.7026 2.1011e-01
4865.1621 2.0890e-01
4866.6211 2.1201e-01
4868.0815 2.2499e-01
4869.5420 2.0898e-01
4871.0024 2.1009e-01
4872.4639 2.0869e-01
4873.9263 2.1664e-01
4875.3877 2.2092e-01
4876.8506 1.8900e-01
4878.3135 2.1734e-01
4879.7773 2.5232e-01
4881.2412 1.9065e-01
4882.7051 2.2810e-01
4884.1704 1.9997e-01
4885.6357 2.5923e-01
4887.1011 2.1779e-01
4888.5674 2.1981e-01
4890.0337 2.3945e-01
4891.5010 2.3201e-01
4892.9683 2.2705e-01
4894.4360 1.9904e-01
4895.9043 2.2955e-01
4897.3730 2.1702e-01
4898.8423 2.2850e-01
4900.3120 2.3647e-01
4901.7827 2.3635e-01
4903.2529 2.0446e-01
4904.7231 2.0080e-01
4906.1953 2.3558e-01
4907.6675 2.3885e-01
4909.1392 2.0605e-01
4910.6123 2.1607e-01
4912.0854 2.5454e-01
4913.5586 2.1130e-01
4915.0332 2.0173e-01
4916.5073 1.9902e-01
4917.9819 1.9989e-01
4919.4575 2.2591e-01
4920.9331 2.1004e-01
4922.4097 2.2413e-01
4923.8872 2.3024e-01
4925.3638 2.2370e-01
4926.8418 2.1360e-01
4928.3188 2.1302e-01
4929.7979 1.8919e-01
4931.2769 2.1961e-01
4932.7563 1.9412e-01
4934.2358 2.2270e-01
4935.7168 2.1209e-01
4937.1963 1.9707e-01
4938.6782 1.9432e-01
4940.1597 2.0286e-01
4941.6416 1.8763e-01
4943.1250 1.8735e-01
4944.6069 2.0801e-01
4946.0908 1.6484e-01
4947.5752 1.8923e-01
4949.0586 1.6377e-01
4950.5435 1.7409e-01
4952.0278 1.8946e-01
4953.5142 1.8042e-01
4955.0010 1.6445e-01
4956.4873 1.6713e-01
4957.9741 1.4910e-01
4959.4614 1.6168e-01
4960.9492 1.7787e-01
4962.4370 1.6586e-01
4963.9258 1.8631e-01
4965.4150 1.6827e-01
4966.9048 1.6033e-01
4968.3945 1.6549e-01
4969.8853 1.6630e-01
4971.3765 1.6797e-01
4972.8677 1.5599e-01
4974.3599 1.7174e-01
4975.8521 1.6867e-01
4977.3447 1.5288e-01
4978.8379 1.4899e-01
4980.3315 1.5619e-01
4981.8257 1.6303e-01
4983.3203 1.6989e-01
4984.8159 1.5107e-01
4986.3105 1.5459e-01
4987.8066 1.6189e-01
4989.3027 1.6572e-01
4990.7998 1.5790e-01
4992.2974 1.8826e-01
4993.7939 1.6482e-01
4995.2930 1.5571e-01
4996.7915 1.2511e-01
4998.2905 1.6701e-01
4999.7896 1.5591e-01
5001.2896 1.6229e-01
5002.7900 1.5668e-01
5004.2915 1.4183e-01
5005.7925 1.5697e-01
5007.2944 1.7360e-01
5008.7964 1.5429e-01
5010.2993 1.8248e-01
5011.8022 1.6241e-01
5013.3057 1.6571e-01
5014.8101 1.5680e-01
5016.3145 1.7018e-01
5017.8184 1.8256e-01
5019.3247 1.7914e-01
5020.8301 1.6784e-01
5022.3359 1.9665e-01
5023.8428 1.8529e-01
5025.3496 1.7686e-01
5026.8579 1.6377e-01
5028.3657 1.8398e-01
5029.8740 1.9039e-01
5031.3828 1.6186e-01
5032.8926 1.7344e-01
5034.4023 1.6322e-01
5035.9131 1.7223e-01
5037.4233 1.8702e-01
5038.9346 1.5799e-01
5040.4463 1.6420e-01
5041.9585 1.6931e-01
5043.4712 1.7820e-01
5044.9839 1.7657e-01
5046.4980 1.6850e-01
5048.0112 1.9835e-01
5049.5259 1.5359e-01
5051.0415 1.7435e-01
5052.5562 1.8195e-01
5054.0723 2.1604e-01
5055.5884 2.0274e-01
5057.1045 1.8360e-01
5058.6221 1.6930e-01
5060.1401 1.8313e-01
5061.6577 1.6926e-01
5063.1763 1.9694e-01
5064.6953 1.9974e-01
5066.2144 1.7434e-01
5067.7339 1.8145e-01
5069.2549 1.8486e-01
5070.7759 1.9520e-01
5072.2969 1.8433e-01
5073.8188 1.8481e-01
5075.3403 1.8341e-01
5076.8628 2.1174e-01
5078.3867 1.9845e-01
5079.9097 1.7995e-01
5081.4336 1.8858e-01
5082.9580 1.7581e-01
5084.4829 2.1987e-01
5086.0083 1.6607e-01
5087.5342 1.6006e-01
5089.0605 1.7947e-01
5090.5874 1.9866e-01
5092.1143 1.7028e-01
5093.6421 1.8494e-01
5095.1699 1.7457e-01
5096.6987 1.8877e-01
5098.2275 1.9910e-01
5099.7573 1.8263e-01
5101.2871 1.6544e-01
5102.8179 1.6143e-01
5104.3481 1.7163e-01
5105.8799 1.8989e-01
5107.4111 1.9139e-01
5108.9438 1.5468e-01
5110.4761 1.5980e-01
5112.0093 1.8189e-01
5113.5435 1.8393e-01
5115.0771 1.7481e-01
5116.6118 2.0042e-01
5118.1470 2.0022e-01
5119.6816 1.6696e-01
5121.2183 1.9896e-01
5122.7544 1.5750e-01
5124.2910 1.7491e-01
5125.8286 1.9181e-01
5127.3667 1.8249e-01
5128.9043 1.8350e-01
5130.4429 1.6736e-01
5131.9824 1.6544e-01
5133.5220 1.6619e-01
5135.0615 1.6662e-01
5136.6021 1.8193e-01
5138.1436 1.9762e-01
5139.6846 2.0557e-01
5141.2266 1.9554e-01
5142.7690 2.0451e-01
5144.3125 1.6982e-01
5145.8550 1.7726e-01
5147.3989 1.8644e-01
5148.9429 1.9057e-01
5150.4883 1.8955e-01
5152.0332 1.7472e-01
5153.5781 1.8566e-01
5155.1245 1.6739e-01
5156.6714 1.4557e-01
5158.2178 1.8347e-01
5159.7656 1.9455e-01
5161.3130 1.7272e-01
5162.8618 1.8515e-01
5164.4106 1.8429e-01
5165.9604 1.9252e-01
5167.5098 1.8786e-01
5169.0605 1.6302e-01
5170.6108 1.8246e-01
5172.1621 1.8975e-01
5173.7139 1.9623e-01
5175.2656 2.2965e-01
5176.8188 1.7683e-01
5178.3711 1.7613e-01
5179.9253 2.0651e-01
5181.4790 1.7384e-01
5183.0337 1.8631e-01
5184.5884 2.0174e-01
5186.1436 1.7593e-01
5187.6992 1.8706e-01
5189.2559 1.8763e-01
5190.8130 1.8729e-01
5192.3696 2.0326e-01
5193.9277 1.9472e-01
5195.4858 2.2079e-01
5197.0439 1.9354e-01
5198.6035 1.8847e-01
5200.1636 2.0479e-01
5201.7231 2.0386e-01
5203.2837 1.9146e-01
5204.8447 1.7716e-01
5206.4058 2.1063e-01
5207.9683 2.1156e-01
5209.5303 2.0324e-01
5211.0933 2.2207e-01
5212.6567 2.1641e-01
5214.2202 2.1541e-01
5215.7847 1.7864e-01
5217.3496 1.7825e-01
5218.9150 1.9941e-01
5220.4800 2.0086e-01
5222.0464 2.1944e-01
5223.6128 1.9432e-01
5225.1802 1.7427e-01
5226.7480 2.0677e-01
5228.3154 2.3268e-01
5229.8843 1.8267e-01
5231.4526 2.2738e-01
5233.0225 1.8231e-01
5234.5928 1.8221e-01
5236.1626 1.9092e-01
5237.7339 1.9941e-01
5239.3052 1.7774e-01
5240.8770 2.2864e-01
5242.4492 2.1823e-01
5244.0220 1.9715e-01
5245.5947 1.9181e-01
5247.1689 1.9396e-01
5248.7422 2.2558e-01
5250.3174 1.8731e-01
5251.8921 1.9782e-01
5253.4678 2.0917e-01
5255.0439 2.4482e-01
5256.6211 2.2943e-01
5258.1978 2.2662e-01
5259.7749 1.8500e-01
5261.3530 1.9317e-01
5262.9312 2.2540e-01
5264.5098 1.7669e-01
5266.0898 1.9962e-01
5267.6694 1.9934e-01
5269.2495 2.0534e-01
5270.8311 2.1466e-01
5272.4116 1.9113e-01
5273.9941 2.0173e-01
5275.5757 2.2801e-01
5277.1587 1.8433e-01
5278.7422 2.2520e-01
5280.3252 2.0208e-01
5281.9092 2.0469e-01
5283.4937 1.9710e-01
5285.0786 2.0632e-01
5286.6641 2.3418e-01
5288.2500 2.0468e-01
5289.8369 2.5073e-01
5291.4238 2.0158e-01
5293.0117 2.1388e-01
5294.5996 2.1735e-01
5296.1870 2.0873e-01
5297.7764 2.0741e-01
5299.3662 1.9714e-01
5300.9561 2.1086e-01
5302.5459 2.1190e-01
5304.1367 1.9041e-01
5305.7280 2.1768e-01
5307.3188 2.1251e-01
5308.9116 2.1518e-01
5310.5044 2.0843e-01
5312.0977 1.8766e-01
5313.6919 1.8365e-01
5315.2856 2.2930e-01
5316.8799 2.0839e-01
5318.4751 1.9810e-01
5320.0708 2.2017e-01
5321.6665 2.0965e-01
5323.2632 2.1205e-01
5324.8604 1.9784e-01
5326.4575 2.2955e-01
5328.0557 2.2231e-01
5329.6533 1.8933e-01
5331.2534 2.0388e-01
5332.8516 2.2732e-01
5334.4517 1.7277e-01
5336.0522 1.9540e-01
5337.6533 2.1962e-01
5339.2544 1.9798e-01
5340.8560 2.1733e-01
5342.4585 2.4011e-01
5344.0605 1.8440e-01
5345.6646 2.0322e-01
5347.2681 1.9678e-01
5348.8726 2.0610e-01
5350.4771 1.8702e-01
5352.0825 2.0163e-01
5353.6875 1.8903e-01
5355.2944 1.6821e-01
5356.9009 1.8347e-01
5358.5073 1.8789e-01
5360.1152 1.8965e-01
5361.7236 1.7323e-01
5363.3315 1.9704e-01
5364.9404 1.7446e-01
5366.5503 1.7011e-01
5368.1602 1.4990e-01
5369.7705 1.6419e-01
5371.3813 1.6255e-01
5372.9932 1.7311e-01
5374.6050 1.7789e-01
5376.2173 1.4760e-01
5377.8301 1.2388e-01
5379.4434 1.6722e-01
5381.0576 1.6976e-01
5382.6714 1.7119e-01
5384.2861 1.5646e-01
5385.9014 1.6878e-01
5387.5171 1.4418e-01
5389.1343 1.5469e-01
5390.7505 1.5820e-01
5392.3677 1.5439e-01
5393.9858 1.7061e-01
5395.6035 1.6533e-01
5397.2222 1.4454e-01
5398.8413 1.6280e-01
5400.4609 1.4862e-01
5402.0811 1.4250e-01
5403.7017 1.6051e-01
5405.3228 1.3775e-01
5406.9448 1.6095e-01
5408.5659 1.7921e-01
5410.1890 1.7313e-01
5411.8115 1.5157e-01
5413.4360 1.7665e-01
5415.0596 1.5978e-01
5416.6841 1.7252e-01
5418.3096 1.6667e-01
5419.9351 1.5350e-01
5421.5605 1.7337e-01
5423.1875 1.5986e-01
5424.8145 1.6620e-01
5426.4414 1.5586e-01
5428.0693 1.5653e-01
5429.6982 1.4364e-01
5431.3271 1.4560e-01
5432.9565 1.4553e-01
5434.5859 1.5123e-01
5436.2163 1.6248e-01
5437.8472 1.5497e-01
5439.4785 1.5183e-01
5441.1104 1.7526e-01
5442.7427 1.6949e-01
5444.3760 1.4377e-01
5446.0098 1.5644e-01
5447.6431 1.5356e-01
5449.2778 1.6026e-01
5450.9121 1.6578e-01
5452.5474 1.5867e-01
5454.1826 1.7036e-01
5455.8193 1.5432e-01
5457.4565 1.4569e-01
5459.0933 1.6836e-01
5460.7310 1.6927e-01
5462.3696 1.5951e-01
5464.0073 1.7605e-01
5465.6475 1.7089e-01
5467.2871 1.4555e-01
5468.9272 1.5010e-01
5470.5674 1.8330e-01
5472.2090 1.6657e-01
5473.8506 1.6290e-01
5475.4927 1.5666e-01
5477.1353 1.6347e-01
5478.7783 1.7495e-01
5480.4224 1.5680e-01
5482.0659 2.0144e-01
5483.7104 1.6321e-01
5485.3560 1.9422e-01
5487.0010 1.4857e-01
5488.6475 1.8744e-01
5490.2944 1.6575e-01
5491.9414 1.7703e-01
5493.5889 1.5808e-01
5495.2368 1.6733e-01
5496.8857 1.4430e-01
5498.5342 1.7299e-01
5500.1841 1.5726e-01
5501.8340 1.6900e-01
5503.4849 1.8293e-01
5505.1357 1.6547e-01
5506.7871 1.6662e-01
5508.4395 1.8048e-01
5510.0923 1.5959e-01
5511.7451 1.7344e-01
5513.3984 1.5269e-01
5515.0522 1.7051e-01
5516.7070 1.6186e-01
5518.3623 1.4116e-01
5520.0176 1.7032e-01
5521.6733 1.6364e-01
5523.3301 1.6207e-01
5524.9868 1.5597e-01
5526.6450 1.5541e-01
5528.3027 1.5656e-01
5529.9609 1.6699e-01
5531.6201 1.6464e-01
5533.2793 1.5170e-01
5534.9395 1.4805e-01
5536.5996 1.7733e-01
5538.2607 1.6696e-01
5539.9229 1.5707e-01
5541.5840 1.5695e-01
5543.2466 1.6611e-01
5544.9102 1.6894e-01
5546.5728 1.5324e-01
5548.2373 1.6306e-01
5549.9019 1.5332e-01
5551.5664 1.2980e-01
5553.2324 1.4559e-01
5554.8984 1.3828e-01
5556.5645 1.5474e-01
5558.2310 1.4554e-01
5559.8989 1.6442e-01
5561.5669 1.6533e-01
5563.2354 1.4420e-01
5564.9043 1.5246e-01
5566.5732 1.3913e-01
5568.2437 1.2817e-01
5569.9150 1.3491e-01
5571.5854 1.2170e-01
5573.2568 1.3548e-01
5574.9287 1.2456e-01
5576.6011 1.4008e-01
5578.2739 1.3211e-01
5579.9482 1.3561e-01
5581.6216 1.2874e-01
5583.2959 1.4493e-01
5584.9717 1.1650e-01
5586.6470 1.4107e-01
5588.3223 1.3057e-01
5589.9990 1.2357e-01
5591.6763 1.3919e-01
5593.3535 1.5145e-01
5595.0317 1.4610e-01
5596.7104 1.3531e-01
5598.3892 1.2641e-01
5600.0688 1.3619e-01
5601.7490 1.4232e-01
5603.4292 1.4653e-01
5605.1104 1.4105e-01
5606.7915 1.6616e-01
5608.4741 1.4249e-01
5610.1562 1.3825e-01
5611.8394 1.2414e-01
5613.5234 1.4611e-01
5615.2075 1.6777e-01
5616.8916 1.5285e-01
5618.5767 1.5173e-01
5620.2627 1.4198e-01
5621.9482 1.6987e-01
5623.6348 1.4525e-01
5625.3218 1.4259e-01
5627.0098 1.7427e-01
5628.6982 1.5796e-01
5630.3867 1.5229e-01
5632.0757 1.7910e-01
5633.7651 1.5241e-01
5635.4551 1.5905e-01
5637.1460 1.7972e-01
5638.8369 1.5970e-01
5640.5283 1.6182e-01
5642.2207 1.5220e-01
5643.9141 1.6042e-01
5645.6069 1.6698e-01
5647.3003 1.7649e-01
5648.9946 1.7516e-01
5650.6895 1.7275e-01
5652.3848 1.6193e-01
5654.0801 1.6113e-01
5655.7759 1.7894e-01
5657.4736 1.6482e-01
5659.1709 1.5850e-01
5660.8682 1.7621e-01
5662.5664 1.4289e-01
5664.2651 1.5279e-01
5665.9644 1.5977e-01
5667.6641 1.7175e-01
5669.3647 1.9071e-01
5671.0649 1.7373e-01
5672.7666 1.8825e-01
5674.4688 1.8887e-01
5676.1709 1.8956e-01
5677.8740 1.7363e-01
5679.5771 1.7993e-01
5681.2812 1.5289e-01
5682.9858 1.9939e-01
5684.6899 1.6637e-01
5686.3950 1.9506e-01
5688.1021 1.8248e-01
5689.8076 1.7378e-01
5691.5146 1.7297e-01
5693.2222 1.8544e-01
5694.9302 1.7190e-01
5696.6382 1.7727e-01
5698.3477 1.6947e-01
5700.0571 1.8561e-01
5701.7671 1.9209e-01
5703.4775 1.6245e-01
5705.1885 1.8696e-01
5706.9004 1.7043e-01
5708.6123 1.9610e-01
5710.3252 1.9358e-01
5712.0381 1.8900e-01
5713.7524 1.8431e-01
5715.4663 1.8099e-01
5717.1812 1.7915e-01
5718.8955 1.7774e-01
5720.6118 1.9534e-01
5722.3271 1.6534e-01
5724.0444 1.9069e-01
5725.7617 1.5888e-01
5727.4795 1.6528e-01
5729.1973 1.9283e-01
5730.9165 1.9892e-01
5732.6353 1.7218e-01
5734.3550 1.8742e-01
5736.0757 1.8537e-01
5737.7969 1.9897e-01
5739.5176 1.9379e-01
5741.2397 1.5966e-01
5742.9624 1.8441e-01
5744.6851 1.8834e-01
5746.4082 1.8690e-01
5748.1323 1.8007e-01
5749.8569 1.8823e-01
5751.5815 2.1090e-01
5753.3076 1.7077e-01
5755.0332 1.5900e-01
5756.7593 1.8593e-01
5758.4863 1.7126e-01
5760.2144 1.6694e-01
5761.9424 2.0592e-01
5763.6709 1.6740e-01
5765.3999 2.0480e-01
5767.1294 1.9928e-01
5768.8594 1.5864e-01
5770.5908 1.7211e-01
5772.3213 1.8042e-01
5774.0527 1.8474e-01
5775.7856 1.8423e-01
5777.5181 1.8887e-01
5779.2515 1.7095e-01
5780.9844 1.7162e-01
5782.7192 2.0405e-01
5784.4546 1.9019e-01
5786.1899 1.9895e-01
5787.9253 2.0257e-01
5789.6626 2.1207e-01
5791.3984 2.0277e-01
5793.1362 1.9471e-01
5794.8745 1.7677e-01
5796.6123 1.7389e-01
5798.3516 1.9039e-01
5800.0913 1.5914e-01
5801.8306 1.7813e-01
5803.5713 1.7723e-01
5805.3125 1.5777e-01
5807.0537 1.6859e-01
5808.7964 1.7748e-01
5810.5391 1.7773e-01
5812.2822 1.6750e-01
5814.0259 1.6309e-01
5815.7700 1.9951e-01
5817.5151 1.8148e-01
5819.2598 1.8830e-01
5821.0059 1.6532e-01
5822.7524 1.5685e-01
5824.4990 1.8690e-01
5826.2461 1.4733e-01
5827.9937 1.4734e-01
5829.7427 1.6041e-01
5831.4912 1.5858e-01
5833.2407 1.8183e-01
5834.9912 1.6685e-01
5836.7417 1.6243e-01
5838.4922 1.6790e-01
5840.2446 1.4926e-01
5841.9961 1.7469e-01
5843.7490 1.4780e-01
5845.5020 1.4729e-01
5847.2559 1.5405e-01
5849.0103 1.7223e-01
5850.7642 1.6695e-01
5852.5195 1.6208e-01
5854.2754 1.5286e-01
5856.0317 1.4921e-01
5857.7881 1.2435e-01
5859.5454 1.3953e-01
5861.3032 1.4679e-01
5863.0625 1.5741e-01
5864.8208 1.4271e-01
5866.5806 1.5001e-01
5868.3403 1.5403e-01
5870.1006 1.1913e-01
5871.8618 1.4123e-01
5873.6230 1.5403e-01
5875.3857 1.2079e-01
5877.1479 1.2319e-01
5878.9111 1.3997e-01
5880.6748 1.4284e-01
5882.4390 1.4205e-01
5884.2036 1.3900e-01
5885.9692 1.6806e-01
5887.7349 1.2737e-01
5889.5010 1.2443e-01
5891.2676 1.4619e-01
5893.0356 1.3963e-01
5894.8032 1.3025e-01
5896.5718 1.4485e-01
5898.3408 1.2773e-01
5900.1108 1.3104e-01
5901.8804 1.4177e-01
5903.6509 1.2511e-01
5905.4219 1.3625e-01
5907.1938 1.2800e-01
5908.9663 1.4448e-01
5910.7383 1.3739e-01
5912.5112 1.3783e-01
5914.2856 1.3859e-01
5916.0601 1.4475e-01
5917.8345 1.3636e-01
5919.6099 1.1258e-01
5921.3857 1.3080e-01
5923.1621 1.4145e-01
5924.9395 1.3382e-01
5926.7163 1.4701e-01
5928.4946 1.3646e-01
5930.2729 1.2383e-01
5932.0522 1.3431e-01
5933.8315 1.3372e-01
5935.6123 1.2242e-01
5937.3926 1.3276e-01
5939.1738 1.3206e-01
5940.9556 1.7477e-01
5942.7383 1.2873e-01
5944.5210 1.5326e-01
5946.3042 1.4788e-01
5948.0879 1.2760e-01
5949.8726 1.3260e-01
5951.6572 1.6303e-01
5953.4434 1.2600e-01
5955.2290 1.4408e-01
5957.0151 1.3591e-01
5958.8022 1.6431e-01
5960.5903 1.7542e-01
5962.3789 1.5818e-01
5964.1670 1.4693e-01
5965.9561 1.5267e-01
5967.7466 1.4368e-01
5969.5366 1.3902e-01
5971.3276 1.6186e-01
5973.1187 1.3220e-01
5974.9106 1.3964e-01
5976.7031 1.6088e-01
5978.4961 1.4358e-01
5980.2900 1.5559e-01
5982.0845 1.5608e-01
5983.8789 1.4675e-01
5985.6729 1.5322e-01
5987.4692 1.3325e-01
5989.2651 1.6415e-01
5991.0620 1.7095e-01
5992.8589 1.5394e-01
5994.6572 1.5302e-01
5996.4556 1.5429e-01
5998.2549 1.5905e-01
6000.0547 1.3796e-01
6001.8545 1.5840e-01
6003.6548 1.7485e-01
6005.4561 1.7020e-01
6007.2578 1.3875e-01
6009.0596 1.6212e-01
6010.8623 1.5062e-01
6012.6660 1.6370e-01
6014.4697 1.5942e-01
6016.2739 1.4585e-01
6018.0786 1.2629e-01
6019.8843 1.7730e-01
6021.6909 1.4283e-01
6023.4966 1.7000e-01
6025.3037 1.1887e-01
6027.1108 1.5687e-01
6028.9199 1.4909e-01
6030.7285 1.3180e-01
6032.5366 1.6734e-01
6034.3472 1.6345e-01
6036.1577 1.5263e-01
6037.9683 1.4980e-01
6039.7793 1.6517e-01
6041.5918 1.4275e-01
6043.4038 1.6162e-01
6045.2173 1.3570e-01
6047.0312 1.3747e-01
6048.8447 1.4615e-01
6050.6592 1.5764e-01
6052.4751 1.6352e-01
6054.2905 1.5268e-01
6056.1069 1.5922e-01
6057.9233 1.5246e-01
6059.7407 1.4057e-01
6061.5586 1.4125e-01
6063.3770 1.6328e-01
6065.1968 1.3928e-01
6067.0161 1.4608e-01
6068.8359 1.6005e-01
6070.6567 1.4738e-01
6072.4785 1.4881e-01
6074.2998 1.4022e-01
6076.1221 1.5770e-01
6077.9448 1.4892e-01
6079.7681 1.8609e-01
6081.5918 1.6513e-01
6083.4160 1.5596e-01
6085.2417 1.3275e-01
6087.0664 1.2733e-01
6088.8936 1.7271e-01
6090.7197 1.6095e-01
6092.5469 1.5395e-01
6094.3745 1.4501e-01
6096.2031 1.7663e-01
6098.0327 1.7623e-01
6099.8613 1.5038e-01
6101.6914 1.5725e-01
6103.5220 1.6341e-01
6105.3530 1.2900e-01
6107.1846 1.4701e-01
6109.0171 1.5501e-01
6110.8496 1.5439e-01
6112.6831 1.4390e-01
6114.5166 1.5203e-01
6116.3511 1.2975e-01
6118.1855 1.3004e-01
6120.0210 1.5529e-01
6121.8574 1.1626e-01
6123.6938 1.2424e-01
6125.5308 1.3627e-01
6127.3687 1.3670e-01
6129.2065 1.2943e-01
6131.0454 1.2453e-01
6132.8843 1.4861e-01
6134.7246 1.4150e-01
6136.5649 1.5110e-01
6138.4062 1.3960e-01
6140.2476 1.2966e-01
6142.0894 1.3536e-01
6143.9316 1.4459e-01
6145.7759 1.3960e-01
6147.6191 1.3189e-01
6149.4634 1.4009e-01
6151.3081 1.5433e-01
6153.1538 1.3332e-01
6155.0000 1.5335e-01
6156.8462 1.2247e-01
6158.6934 1.4950e-01
6160.5410 1.4586e-01
6162.3892 1.3391e-01
6164.2373 1.1981e-01
6166.0869 1.4449e-01
6167.9370 1.3637e-01
6169.7871 1.3348e-01
6171.6387 1.4495e-01
6173.4897 1.1106e-01
6175.3413 1.2937e-01
6177.1938 1.2168e-01
6179.0474 1.3948e-01
6180.9009 1.2872e-01
6182.7549 1.3415e-01
6184.6104 1.5001e-01
6186.4653 1.4029e-01
6188.3213 1.2282e-01
6190.1782 1.3181e-01
6192.0356 1.2649e-01
6193.8931 1.2902e-01
6195.7505 1.1924e-01
6197.6099 1.1388e-01
6199.4688 1.1251e-01
6201.3281 1.1281e-01
6203.1895 1.2088e-01
6205.0498 1.0750e-01
6206.9121 1.2210e-01
6208.7739 1.3122e-01
6210.6367 9.9290e-02
6212.4995 1.0611e-01
6214.3633 1.1126e-01
6216.2275 9.4825e-02
6218.0923 9.2396e-02
6219.9575 1.0295e-01
6221.8237 1.0663e-01
6223.6904 9.2308e-02
6225.5576 9.2828e-02
6227.4258 1.0342e-01
6229.2935 9.4891e-02
6231.1621 1.1015e-01
6233.0317 8.2469e-02
6234.9019 9.8658e-02
6236.7720 1.0721e-01
6238.6431 8.8792e-02
6240.5146 8.1114e-02
6242.3867 1.0444e-01
6244.2598 9.4763e-02
6246.1323 9.7794e-02
6248.0063 1.0533e-01
6249.8813 8.1850e-02
6251.7559 7.6173e-02
6253.6313 8.8038e-02
6255.5073 1.0201e-01
6257.3843 7.7127e-02
6259.2617 7.9871e-02
6261.1392 8.9847e-02
6263.0176 7.8261e-02
6264.8970 8.7951e-02
6266.7759 7.3419e-02
6268.6562 6.6655e-02
6270.5361 7.9339e-02
6272.4180 8.6344e-02
6274.2993 7.2852e-02
6276.1816 7.4329e-02
6278.0645 7.0729e-02
6279.9478 7.5780e-02
6281.8320 7.8741e-02
6283.7168 7.8916e-02
6285.6021 7.6606e-02
6287.4868 7.5096e-02
6289.3740 7.6940e-02
6291.2603 8.1189e-02
6293.1475 7.0408e-02
6295.0352 7.0275e-02
6296.9238 8.1739e-02
6298.8130 7.2508e-02
6300.7026 6.9835e-02
6302.5933 7.8352e-02
6304.4839 8.6551e-02
6306.3755 7.4931e-02
6308.2676 8.0031e-02
6310.1597 9.4044e-02
6312.0527 8.5919e-02
6313.9468 8.4475e-02
6315.8398 9.2505e-02
6317.7349 8.4449e-02
6319.6304 6.2465e-02
6321.5269 8.7282e-02
6323.4233 6.6545e-02
6325.3198 9.5020e-02
6327.2178 7.1912e-02
6329.1157 1.0282e-01
6331.0146 8.5643e-02
6332.9131 7.1206e-02
6334.8140 7.8329e-02
6336.7139 8.5315e-02
6338.6147 7.8634e-02
6340.5166 7.7944e-02
6342.4189 8.5681e-02
6344.3213 9.3340e-02
6346.2246 9.7319e-02
6348.1284 8.5074e-02
6350.0332 9.8014e-02
6351.9380 9.7417e-02
6353.8442 1.0077e-01
6355.7500 9.7320e-02
6357.6572 8.0391e-02
6359.5645 1.0335e-01
6361.4717 8.6644e-02
6363.3804 9.9232e-02
6365.2891 1.0630e-01
6367.1987 1.0652e-01
6369.1089 1.0296e-01
6371.0200 9.3754e-02
6372.9312 1.1110e-01
6374.8428 8.5180e-02
6376.7549 9.7960e-02
6378.6685 1.0040e-01
6380.5820 9.0339e-02
6382.4966 9.6730e-02
6384.4111 1.0111e-01
6386.3257 1.0044e-01
6388.2422 1.1509e-01
6390.1587 1.0350e-01
6392.0752 1.0617e-01
6393.9932 8.9638e-02
6395.9116 1.1768e-01
6397.8301 1.0200e-01
6399.7490 9.9560e-02
6401.6694 9.4408e-02
6403.5898 1.0677e-01
6405.5112 1.2271e-01
6407.4331 9.6990e-02
6409.3545 1.0322e-01
6411.2778 9.9004e-02
6413.2012 1.1023e-01
6415.1250 9.6156e-02
6417.0493 1.2000e-01
6418.9741 1.1272e-01
6420.9004 1.0550e-01
6422.8262 1.0805e-01
6424.7534 1.0143e-01
6426.6812 1.1855e-01
6428.6094 1.0935e-01
6430.5381 1.0664e-01
6432.4668 1.1200e-01
6434.3960 1.0479e-01
6436.3267 1.1259e-01
6438.2578 1.1072e-01
6440.1895 1.1689e-01
6442.1216 1.1270e-01
6444.0537 1.0583e-01
6445.9868 1.0030e-01
6447.9209 1.0836e-01
6449.8550 1.2004e-01
6451.7905 1.2919e-01
6453.7256 1.0809e-01
6455.6621 1.2319e-01
6457.5986 1.1391e-01
6459.5356 1.3164e-01
6461.4741 1.2587e-01
6463.4121 1.0391e-01
6465.3506 1.1662e-01
6467.2905 1.0976e-01
6469.2310 1.0905e-01
6471.1719 1.1513e-01
6473.1128 1.1477e-01
6475.0552 1.1670e-01
6476.9976 1.1361e-01
6478.9409 9.3756e-02
6480.8848 1.0809e-01
6482.8286 1.1908e-01
6484.7739 1.2710e-01
6486.7192 1.0545e-01
6488.6650 1.0148e-01
6490.6113 1.0418e-01
6492.5581 1.0279e-01
6494.5063 1.0920e-01
6496.4546 1.0502e-01
6498.4038 1.2069e-01
6500.3535 1.0052e-01
6502.3032 1.1146e-01
6504.2539 1.1769e-01
6506.2056 1.0188e-01
6508.1572 1.0643e-01
6510.1099 1.1880e-01
6512.0625 1.1692e-01
6514.0166 1.1413e-01
6515.9702 8.9870e-02
6517.9258 1.1636e-01
6519.8809 1.0979e-01
6521.8364 1.0251e-01
6523.7930 1.0055e-01
6525.7505 1.0790e-01
6527.7075 1.1129e-01
6529.6665 1.0342e-01
6531.6255 1.0765e-01
6533.5845 1.1551e-01
6535.5449 1.1526e-01
6537.5054 9.9783e-02
6539.4668 1.0147e-01
6541.4282 1.0468e-01
6543.3911 9.6040e-02
6545.3545 1.0268e-01
6547.3179 1.0560e-01
6549.2817 1.1130e-01
6551.2466 9.2920e-02
6553.2124 9.5289e-02
6555.1777 9.8924e-02
6557.1445 8.9559e-02
6559.1113 8.8314e-02
6561.0796 1.0122e-01
6563.0479 1.0817e-01
6565.0166 1.0467e-01
6566.9863 1.0823e-01
6568.9561 9.5753e-02
6570.9268 1.0037e-01
6572.8979 1.0935e-01
6574.8701 1.0184e-01
6576.8423 1.0184e-01
6578.8154 9.3896e-02
6580.7896 9.0303e-02
6582.7632 9.3797e-02
6584.7383 1.0461e-01
6586.7139 1.1749e-01
6588.6895 9.9780e-02
6590.6660 9.9747e-02
6592.6431 9.1971e-02
6594.6211 9.8410e-02
6596.5996 9.8637e-02
6598.5791 1.1024e-01
6600.5581 9.2281e-02
6602.5386 1.0273e-01
6604.5190 9.1806e-02
6606.5005 1.1008e-01
6608.4824 1.1024e-01
6610.4648 9.3857e-02
6612.4482 9.7429e-02
6614.4326 1.0860e-01
6616.4160 7.5777e-02
6618.4009 9.7632e-02
6620.3867 8.6169e-02
6622.3730 8.5234e-02
6624.3594 9.0774e-02
6626.3467 8.1407e-02
6628.3350 8.0184e-02
6630.3232 9.9155e-02
6632.3125 7.2139e-02
6634.3022 7.9076e-02
6636.2920 7.9492e-02
6638.2827 9.5998e-02
6640.2744 9.7090e-02
6642.2671 8.7606e-02
6644.2593 7.7146e-02
6646.2529 8.4007e-02
6648.2471 1.0293e-01
6650.2412 7.3676e-02
6652.2358 9.4327e-02
6654.2314 8.5632e-02
6656.2280 9.1945e-02
6658.2251 9.2768e-02
6660.2222 8.2929e-02
6662.2207 8.0167e-02
6664.2197 7.9397e-02
6666.2178 8.0764e-02
6668.2178 8.9978e-02
6670.2188 7.9943e-02
6672.2192 8.8767e-02
6674.2212 9.7419e-02
6676.2241 6.8089e-02
6678.2266 9.8125e-02
6680.2300 9.8845e-02
6682.2334 8.0149e-02
6684.2388 8.4401e-02
6686.2446 9.1871e-02
6688.2500 7.6461e-02
6690.2563 7.9253e-02
6692.2627 6.4539e-02
6694.2715 7.4963e-02
6696.2793 8.7297e-02
6698.2881 7.9399e-02
6700.2979 6.1097e-02
6702.3081 8.4477e-02
6704.3188 8.3259e-02
6706.3301 8.1836e-02
6708.3418 7.6886e-02
6710.3545 5.6279e-02
6712.3672 6.7616e-02
6714.3809 7.8294e-02
6716.3955 7.7684e-02
6718.4106 8.1332e-02
6720.4263 7.2910e-02
6722.4419 7.9897e-02
6724.4585 6.2867e-02
6726.4756 6.8490e-02
6728.4946 7.5377e-02
6730.5127 8.3519e-02
6732.5312 6.4691e-02
6734.5513 7.1540e-02
6736.5718 6.6077e-02
6738.5923 8.8026e-02
6740.6152 7.2165e-02
6742.6367 5.7597e-02
6744.6587 5.5503e-02
6746.6831 5.9886e-02
6748.7065 7.2652e-02
6750.7310 7.6866e-02
6752.7563 6.5860e-02
6754.7822 7.1156e-02
6756.8091 6.3492e-02
6758.8359 5.8362e-02
6760.8633 6.2894e-02
6762.8916 6.9752e-02
6764.9209 5.7769e-02
6766.9502 7.3761e-02
6768.9805 6.4752e-02
6771.0107 5.1164e-02
6773.0425 5.1331e-02
6775.0742 6.3064e-02
6777.1064 7.2012e-02
6779.1401 7.1499e-02
6781.1733 6.4792e-02
6783.2080 6.8596e-02
6785.2427 5.3662e-02
6787.2783 6.9203e-02
6789.3149 6.5528e-02
6791.3516 6.2828e-02
6793.3887 5.8416e-02
6795.4272 6.2688e-02
6797.4653 4.9498e-02
6799.5049 5.6666e-02
6801.5444 6.2562e-02
6803.5854 5.6083e-02
6805.6260 6.9246e-02
6807.6685 5.6440e-02
6809.7100 6.4694e-02
6811.7534 8.4408e-02
6813.7964 5.2825e-02
6815.8408 6.2433e-02
6817.8853 6.0390e-02
6819.9312 6.0913e-02
6821.9771 6.4224e-02
6824.0234 6.1763e-02
6826.0703 5.4584e-02
6828.1182 6.2910e-02
6830.1670 6.2817e-02
6832.2163 5.5816e-02
6834.2651 6.3287e-02
6836.3154 4.7508e-02
6838.3667 6.1206e-02
6840.4180 5.7323e-02
6842.4702 6.5230e-02
6844.5229 5.4991e-02
6846.5762 5.8721e-02
6848.6304 4.9500e-02
6850.6851 5.5900e-02
6852.7402 5.5336e-02
6854.7959 5.2782e-02
6856.8525 6.5921e-02
6858.9097 5.9490e-02
6860.9668 6.1916e-02
6863.0254 6.2637e-02
6865.0845 5.3476e-02
6867.1440 5.0073e-02
6869.2041 5.9353e-02
6871.2646 5.7336e-02
6873.3257 6.1281e-02
6875.3882 5.2557e-02
6877.4512 6.0820e-02
6879.5137 6.1993e-02
6881.5781 7.3173e-02
6883.6421 4.0942e-02
6885.7075 6.1905e-02
6887.7729 4.6705e-02
6889.8394 5.5735e-02
6891.9062 5.5740e-02
6893.9746 6.1846e-02
6896.0425 5.5276e-02
6898.1113 5.3328e-02
6900.1802 4.3930e-02
6902.2505 4.9681e-02
6904.3213 6.3470e-02
6906.3926 5.0076e-02
6908.4648 5.8667e-02
6910.5366 4.0188e-02
6912.6099 5.7469e-02
6914.6841 4.6518e-02
6916.7588 4.7774e-02
6918.8335 4.9102e-02
6920.9092 5.5061e-02
6922.9849 5.0244e-02
6925.0620 5.8223e-02
6927.1401 6.2679e-02
6929.2178 4.5999e-02
6931.2964 5.7974e-02
6933.3760 4.6209e-02
6935.4561 4.4848e-02
6937.5371 6.0016e-02
6939.6182 5.6355e-02
6941.7002 6.3665e-02
6943.7822 4.4789e-02
6945.8657 4.5327e-02
6947.9487 4.6959e-02
6950.0337 5.0579e-02
6952.1182 6.5524e-02
6954.2046 5.7474e-02
6956.2905 4.5597e-02
6958.3779 5.9051e-02
6960.4644 5.8530e-02
6962.5527 4.8427e-02
6964.6421 5.8980e-02
6966.7314 5.9627e-02
6968.8208 4.7060e-02
6970.9116 5.5725e-02
6973.0029 5.7649e-02
6975.0947 4.4258e-02
6977.1880 3.8847e-02
6979.2803 5.3716e-02
6981.3745 5.2282e-02
6983.4692 4.2819e-02
6985.5635 5.2329e-02
6987.6602 4.9392e-02
6989.7559 4.4720e-02
6991.8525 5.1672e-02
6993.9507 3.9621e-02
6996.0488 3.8611e-02
6998.1479 5.9768e-02
7000.2471 4.9413e-02
7002.3467 4.8797e-02
7004.4468 5.2022e-02
7006.5488 4.6843e-02
7008.6514 4.4818e-02
7010.7529 4.7298e-02
7012.8564 4.9907e-02
7014.9609 4.0254e-02
7017.0654 4.7560e-02
7019.1699 4.4700e-02
7021.2759 5.1629e-02
7023.3823 5.4961e-02
7025.4893 4.6048e-02
7027.5977 4.3950e-02
7029.7051 5.1300e-02
7031.8145 3.7780e-02
7033.9238 5.1197e-02
7036.0337 5.2899e-02
7038.1450 4.9107e-02
7040.2559 4.3875e-02
7042.3687 4.8529e-02
7044.4805 4.9590e-02
7046.5938 5.6717e-02
7048.7080 4.9119e-02
7050.8228 5.0526e-02
7052.9385 5.9536e-02
7055.0542 5.4290e-02
7057.1704 4.0263e-02
7059.2881 5.3397e-02
7061.4053 5.1890e-02
7063.5234 5.6229e-02
7065.6431 4.8823e-02
7067.7627 5.0603e-02
7069.8828 5.1861e-02
7072.0039 4.9119e-02
7074.1255 4.7865e-02
7076.2476 3.4890e-02
7078.3706 6.0945e-02
7080.4937 5.4253e-02
7082.6187 3.6421e-02
7084.7432 4.0327e-02
7086.8687 4.5168e-02
7088.9946 4.5436e-02
7091.1216 5.1813e-02
7093.2490 4.8655e-02
7095.3765 5.3503e-02
7097.5049 5.1224e-02
7099.6348 3.8598e-02
7101.7642 5.1470e-02
7103.8945 4.6834e-02
7106.0264 4.8459e-02
7108.1582 5.3792e-02
7110.2905 4.4676e-02
7112.4229 5.2936e-02
7114.5571 5.3818e-02
7116.6914 5.6886e-02
7118.8262 3.8141e-02
7120.9619 4.4574e-02
7123.0986 5.0235e-02
7125.2354 3.3465e-02
7127.3730 4.5579e-02
7129.5112 5.2790e-02
7131.6499 5.6138e-02
7133.7896 3.8892e-02
7135.9292 5.7816e-02
7138.0703 3.9888e-02
7140.2119 4.7256e-02
7142.3540 5.5445e-02
7144.4966 3.7113e-02
7146.6396 5.4725e-02
7148.7842 4.8290e-02
7150.9287 4.2277e-02
7153.0742 5.1045e-02
7155.2197 4.9949e-02
7157.3667 4.2285e-02
7159.5137 4.6321e-02
7161.6616 4.8923e-02
7163.8101 3.5985e-02
7165.9590 4.8847e-02
7168.1089 4.5951e-02
7170.2593 4.3386e-02
7172.4102 4.4962e-02
7174.5625 3.3661e-02
7176.7144 5.7531e-02
7178.8672 4.9552e-02
7181.0210 4.4757e-02
7183.1753 4.5034e-02
7185.3306 4.0053e-02
7187.4858 4.6516e-02
7189.6421 5.6582e-02
7191.7988 3.9906e-02
7193.9565 4.6277e-02
7196.1147 4.9815e-02
7198.2734 4.2182e-02
7200.4336 3.3897e-02
7202.5928 5.2433e-02
7204.7539 4.9775e-02
7206.9155 4.7176e-02
7209.0771 4.6573e-02
7211.2402 5.1167e-02
7213.4033 5.0607e-02
7215.5674 4.2362e-02
7217.7324 4.7977e-02
7219.8979 5.2626e-02
7222.0635 4.6424e-02
7224.2300 5.1232e-02
7226.3979 4.2401e-02
7228.5654 3.6209e-02
7230.7334 5.4916e-02
7232.9033 4.8874e-02
7235.0728 5.8983e-02
7237.2432 4.0935e-02
7239.4150 5.4032e-02
7241.5864 4.4935e-02
7243.7593 5.6264e-02
7245.9321 4.6084e-02
7248.1060 4.9539e-02
7250.2803 4.4712e-02
7252.4551 3.5199e-02
7254.6313 4.0908e-02
7256.8076 3.1834e-02
7258.9849 4.0763e-02
7261.1626 5.1288e-02
7263.3408 4.7263e-02
7265.5200 4.4591e-02
7267.6992 4.7329e-02
7269.8799 5.7227e-02
7272.0605 4.2621e-02
7274.2422 5.1355e-02
7276.4243 5.4794e-02
7278.6069 4.5334e-02
7280.7910 4.1218e-02
7282.9751 3.8126e-02
7285.1602 4.3623e-02
7287.3452 4.5072e-02
7289.5317 3.9163e-02
7291.7188 5.0112e-02
7293.9067 5.2606e-02
7296.0947 3.7642e-02
7298.2832 4.4225e-02
7300.4727 5.0420e-02
7302.6631 3.9442e-02
7304.8540 4.0530e-02
7307.0454 4.9132e-02
7309.2373 3.9709e-02
7311.4292 4.2727e-02
7313.6235 4.6332e-02
7315.8179 4.2764e-02
7318.0122 3.9255e-02
7320.2075 4.6758e-02
7322.4038 3.3016e-02
7324.6001 3.6794e-02
7326.7979 4.7653e-02
7328.9961 4.0830e-02
7331.1943 4.0420e-02
7333.3936 3.8048e-02
7335.5938 4.1925e-02
7337.7944 4.3583e-02
7339.9956 4.5979e-02
7342.1982 4.0661e-02
7344.4004 4.7995e-02
7346.6035 4.4774e-02
7348.8081 4.9552e-02
7351.0127 3.5748e-02
7353.2183 3.4547e-02
7355.4238 3.4644e-02
7357.6304 3.7825e-02
7359.8374 3.9414e-02
7362.0459 3.2559e-02
7364.2549 4.0980e-02
7366.4634 5.3634e-02
7368.6738 4.4161e-02
7370.8838 3.7554e-02
7373.0957 4.3061e-02
7375.3071 4.7846e-02
7377.5200 4.7838e-02
7379.7334 4.3505e-02
7381.9473 3.5201e-02
7384.1616 4.9386e-02
7386.3770 3.3987e-02
7388.5928 4.3554e-02
7390.8096 4.9711e-02
7393.0264 3.9828e-02
7395.2446 4.1054e-02
7397.4639 3.4229e-02
7399.6826 3.5677e-02
7401.9023 4.2670e-02
7404.1230 4.4258e-02
7406.3438 4.3470e-02
7408.5654 5.5062e-02
7410.7886 3.8593e-02
7413.0122 4.3430e-02
7415.2354 3.9694e-02
7417.4604 4.6977e-02
7419.6855 4.2439e-02
7421.9116 4.2748e-02
7424.1382 4.0283e-02
7426.3652 4.1536e-02
7428.5933 5.3255e-02
7430.8218 3.8874e-02
7433.0513 3.3304e-02
7435.2808 3.6876e-02
7437.5117 3.9918e-02
7439.7432 4.5200e-02
7441.9741 3.4931e-02
7444.2070 3.8186e-02
7446.4404 4.6222e-02
7448.6748 3.7839e-02
7450.9097 3.5762e-02
7453.1440 4.3757e-02
7455.3809 4.7308e-02
7457.6167 2.9427e-02
7459.8545 4.6176e-02
7462.0923 4.5293e-02
7464.3306 2.7696e-02
7466.5698 4.2106e-02
7468.8096 4.6590e-02
7471.0503 4.5869e-02
7473.2920 3.6090e-02
7475.5342 4.2091e-02
7477.7769 4.4459e-02
7480.0205 3.7549e-02
7482.2637 5.0998e-02
7484.5088 3.3514e-02
7486.7539 4.1490e-02
7489.0000 4.4223e-02
7491.2471 4.2619e-02
7493.4937 3.5658e-02
7495.7422 3.2843e-02
7497.9912 4.7041e-02
7500.2402 3.6032e-02
7502.4902 3.9575e-02
7504.7412 4.9324e-02
7506.9927 3.7836e-02
7509.2441 2.8375e-02
7511.4976 3.2250e-02
7513.7510 4.6112e-02
7516.0044 2.7094e-02
7518.2593 4.1691e-02
7520.5151 3.8926e-02
7522.7715 3.2905e-02
7525.0283 3.8241e-02
7527.2861 3.3203e-02
7529.5439 3.2023e-02
7531.8027 3.6427e-02
7534.0620 3.5222e-02
7536.3228 3.7152e-02
7538.5835 4.2213e-02
7540.8447 4.2269e-02
7543.1074 2.6819e-02
7545.3706 3.8681e-02
7547.6338 4.0582e-02
7549.8984 3.9313e-02
7552.1626 3.7274e-02
7554.4292 5.3037e-02
7556.6948 3.0483e-02
7558.9619 3.1917e-02
7561.2295 3.6090e-02
7563.4976 3.6786e-02
7565.7671 3.8153e-02
7568.0366 3.3344e-02
7570.3071 2.8847e-02
7572.5786 3.7933e-02
7574.8511 4.0016e-02
7577.1230 4.0423e-02
7579.3960 3.4008e-02
7581.6694 3.3568e-02
7583.9443 3.1776e-02
7586.2192 3.4948e-02
7588.4956 3.5245e-02
7590.7715 2.8584e-02
7593.0488 3.6841e-02
7595.3262 3.5327e-02
7597.6060 4.5107e-02
7599.8843 3.6136e-02
7602.1641 4.1271e-02
7604.4448 2.5638e-02
7606.7271 4.1313e-02
7609.0093 2.6625e-02
7611.2910 3.6698e-02
7613.5752 4.0929e-02
7615.8589 2.9082e-02
7618.1440 4.1025e-02
7620.4292 2.6531e-02
7622.7153 3.5333e-02
7625.0020 3.1622e-02
7627.2896 4.3332e-02
7629.5781 3.5865e-02
7631.8662 3.6382e-02
7634.1562 3.0757e-02
7636.4468 3.4331e-02
7638.7378 2.6827e-02
7641.0288 3.2720e-02
7643.3213 2.9278e-02
7645.6138 2.7414e-02
7647.9072 3.1684e-02
7650.2021 3.1961e-02
7652.4971 4.8000e-02
7654.7935 3.9186e-02
7657.0894 4.0904e-02
7659.3867 3.7420e-02
7661.6846 3.3498e-02
7663.9829 3.2571e-02
7666.2817 3.5985e-02
7668.5825 4.0398e-02
7670.8823 3.4527e-02
7673.1841 2.9060e-02
7675.4854 3.2199e-02
7677.7891 3.5209e-02
7680.0918 2.8428e-02
7682.3960 3.0707e-02
7684.7002 4.6463e-02
7687.0059 3.4928e-02
7689.3125 3.6270e-02
7691.6191 3.7763e-02
7693.9268 3.6151e-02
7696.2344 3.0618e-02
7698.5430 3.4539e-02
7700.8530 3.9596e-02
7703.1631 4.0115e-02
7705.4746 3.6349e-02
7707.7856 4.3542e-02
7710.0981 3.7948e-02
7712.4111 3.1032e-02
7714.7251 3.0221e-02
7717.0391 3.6262e-02
7719.3540 2.7216e-02
7721.6699 3.1119e-02
7723.9868 3.6966e-02
7726.3042 2.7772e-02
7728.6216 2.8189e-02
7730.9409 2.5496e-02
7733.2593 2.8207e-02
7735.5796 3.3064e-02
7737.9004 3.7461e-02
7740.2217 3.1729e-02
7742.5435 2.8684e-02
7744.8662 3.0706e-02
7747.1895 3.3095e-02
7749.5142 3.7466e-02
7751.8394 2.8018e-02
7754.1650 3.1617e-02
7756.4907 2.5765e-02
7758.8174 3.4300e-02
7761.1450 3.6267e-02
7763.4736 3.0169e-02
7765.8022 2.9888e-02
7768.1323 3.6912e-02
7770.4634 3.6763e-02
7772.7944 3.8737e-02
7775.1260 3.3369e-02
7777.4585 2.9166e-02
7779.7915 3.0531e-02
7782.1260 2.9855e-02
7784.4604 3.0643e-02
7786.7954 3.0516e-02
7789.1318 4.0633e-02
7791.4683 3.4567e-02
7793.8062 2.9871e-02
7796.1436 3.2077e-02
7798.4824 3.7175e-02
7800.8218 2.9935e-02
7803.1626 3.4595e-02
7805.5034 3.7122e-02
7807.8447 3.7346e-02
7810.1880 3.5965e-02
7812.5303 3.0086e-02
7814.8745 3.3065e-02
7817.2192 2.7987e-02
7819.5640 2.8013e-02
7821.9106 3.8002e-02
7824.2559 3.5157e-02
7826.6040 2.6165e-02
7828.9521 3.2637e-02
7831.3003 2.9173e-02
7833.6499 3.6777e-02
7835.9995 3.0864e-02
7838.3511 4.1674e-02
7840.7021 2.8703e-02
7843.0547 3.0594e-02
7845.4077 2.7896e-02
7847.7603 2.4370e-02
7850.1152 3.1187e-02
7852.4702 4.0106e-02
7854.8262 3.1511e-02
7857.1821 3.3955e-02
7859.5396 2.9919e-02
7861.8975 3.1087e-02
7864.2559 3.1135e-02
7866.6157 2.8983e-02
7868.9756 3.8916e-02
7871.3359 4.0945e-02
7873.6978 4.7705e-02
7876.0601 5.0497e-02
7878.4224 3.6036e-02
7880.7856 2.8347e-02
7883.1509 3.2983e-02
7885.5151 2.8595e-02
7887.8809 3.7650e-02
7890.2476 2.8315e-02
7892.6147 4.2874e-02
7894.9814 2.8360e-02
7897.3501 3.0557e-02
7899.7192 3.2313e-02
7902.0898 3.3381e-02
7904.4604 3.3375e-02
7906.8311 3.2289e-02
7909.2036 3.7910e-02
7911.5767 2.6685e-02
7913.9497 3.1050e-02
7916.3247 3.0147e-02
7918.6987 2.8904e-02
7921.0742 3.4711e-02
7923.4512 3.4646e-02
7925.8276 3.2586e-02
7928.2051 3.0070e-02
7930.5845 3.6491e-02
7932.9634 3.2336e-02
7935.3433 3.4189e-02
7937.7236 3.3235e-02
7940.1050 3.2830e-02
7942.4873 3.5507e-02
7944.8701 4.3143e-02
7947.2529 3.7223e-02
7949.6377 3.5551e-02
7952.0225 2.5331e-02
7954.4082 3.5117e-02
7956.7949 4.9253e-02
7959.1807 4.1961e-02
7961.5688 3.2275e-02
7963.9580 3.2347e-02
7966.3462 3.6338e-02
7968.7368 3.6996e-02
7971.1274 3.6124e-02
7973.5181 2.7299e-02
7975.9111 3.6438e-02
7978.3032 3.6749e-02
7980.6973 2.9500e-02
7983.0908 4.4884e-02
7985.4858 3.4771e-02
7987.8823 2.7155e-02
7990.2778 3.7780e-02
7992.6748 3.5830e-02
7995.0728 3.5061e-02
7997.4717 2.4901e-02
7999.8711 4.3952e-02
8002.2710 3.4835e-02
8004.6709 3.3352e-02
8007.0723 3.6483e-02
8009.4746 3.0907e-02
8011.8779 3.3642e-02
8014.2812 3.5624e-02
8016.6855 3.6643e-02
8019.0903 3.3118e-02
8021.4966 3.4703e-02
8023.9028 3.2709e-02
8026.3105 3.0614e-02
8028.7173 3.2011e-02
8031.1260 3.8627e-02
8033.5361 4.0562e-02
8035.9458 2.8923e-02
8038.3569 3.8489e-02
8040.7681 3.4493e-02
8043.1807 2.4779e-02
8045.5933 2.8752e-02
8048.0068 3.8853e-02
8050.4214 3.6664e-02
8052.8364 2.7518e-02
8055.2520 2.8740e-02
8057.6689 3.2730e-02
8060.0864 3.7828e-02
8062.5049 3.8189e-02
8064.9229 3.8414e-02
8067.3423 3.6055e-02
8069.7632 2.9797e-02
8072.1836 3.3012e-02
8074.6050 2.9662e-02
8077.0278 3.0567e-02
8079.4507 2.9465e-02
8081.8745 3.6629e-02
8084.2988 2.8680e-02
8086.7251 2.9895e-02
8089.1509 3.0056e-02
8091.5771 3.6157e-02
8094.0049 2.9632e-02
8096.4331 2.3357e-02
8098.8618 2.2949e-02
8101.2910 3.3218e-02
8103.7217 3.3263e-02
8106.1528 3.0932e-02
8108.5845 2.6796e-02
8111.0171 2.6279e-02
8113.4502 3.2990e-02
8115.8843 2.1900e-02
8118.3188 3.3504e-02
8120.7549 3.3601e-02
8123.1914 3.2233e-02
8125.6284 3.3182e-02
8128.0659 3.0936e-02
8130.5049 3.0888e-02
8132.9438 2.6698e-02
8135.3833 3.5158e-02
8137.8237 2.9474e-02
8140.2651 3.9488e-02
8142.7075 3.8616e-02
8145.1504 3.5846e-02
8147.5938 2.6763e-02
8150.0376 2.8666e-02
8152.4834 3.5573e-02
8154.9292 2.8852e-02
8157.3750 3.3878e-02
8159.8228 3.2318e-02
8162.2705 2.3080e-02
8164.7192 2.8855e-02
8167.1685 2.6177e-02
8169.6187 2.7700e-02
8172.0693 3.1502e-02
8174.5210 3.2746e-02
8176.9736 3.6046e-02
8179.4268 3.2887e-02
8181.8809 2.9053e-02
8184.3350 3.1852e-02
8186.7900 3.6302e-02
8189.2456 2.9299e-02
8191.7031 3.4255e-02
8194.1602 2.4917e-02
8196.6191 3.4328e-02
8199.0781 3.0375e-02
8201.5371 3.2015e-02
8203.9980 2.9610e-02
8206.4590 2.5446e-02
8208.9219 3.1351e-02
8211.3838 3.7117e-02
8213.8477 3.7761e-02
8216.3115 2.5402e-02
8218.7764 3.0774e-02
8221.2422 3.0390e-02
8223.7090 3.7224e-02
8226.1758 3.8810e-02
8228.6436 2.7945e-02
8231.1123 4.1243e-02
8233.5811 3.2414e-02
8236.0518 3.2844e-02
8238.5215 2.9111e-02
8240.9932 3.7642e-02
8243.4658 3.7357e-02
8245.9395 3.2729e-02
8248.4131 3.9975e-02
8250.8877 2.6958e-02
8253.3623 3.0351e-02
8255.8389 3.0561e-02
8258.3154 2.7473e-02
8260.7920 3.0804e-02
8263.2715 3.9443e-02
8265.7500 2.4652e-02
8268.2305 4.1590e-02
8270.7100 3.0138e-02
8273.1914 3.0552e-02
8275.6738 2.8687e-02
8278.1553 3.1935e-02
8280.6396 3.8109e-02
8283.1240 3.0875e-02
8285.6094 2.9507e-02
8288.0947 2.6713e-02
8290.5811 3.0186e-02
8293.0674 2.5110e-02
8295.5557 3.1829e-02
8298.0449 4.3519e-02
8300.5352 3.7866e-02
8303.0234 3.1080e-02
8305.5156 3.2710e-02
8308.0068 3.2484e-02
8310.5000 5.0362e-02
8312.9922 2.7195e-02
8315.4863 3.8902e-02
8317.9805 3.3701e-02
8320.4766 4.3985e-02
8322.9717 3.6049e-02
8325.4697 4.0666e-02
8327.9668 3.6909e-02
8330.4658 3.2260e-02
8332.9639 3.8307e-02
8335.4648 3.1426e-02
8337.9648 4.5972e-02
8340.4668 2.9250e-02
8342.9688 2.7652e-02
8345.4717 3.5996e-02
8347.9746 3.3044e-02
8350.4795 3.3548e-02
8352.9844 4.0160e-02
8355.4902 3.9266e-02
8357.9971 4.1209e-02
8360.5039 3.6145e-02
8363.0127 3.9069e-02
8365.5215 2.8875e-02
8368.0312 2.8949e-02
8370.5420 3.7129e-02
8373.0527 3.2516e-02
8375.5654 3.7564e-02
8378.0771 3.9851e-02
8380.5908 4.0902e-02
8383.1045 3.5998e-02
8385.6191 4.3285e-02
8388.1348 4.1015e-02
8390.6523 3.8096e-02
8393.1689 3.9600e-02
8395.6865 3.9085e-02
8398.2061 3.8309e-02
8400.7246 3.6570e-02
8403.2461 4.0203e-02
8405.7666 3.6403e-02
8408.2881 3.1103e-02
8410.8105 3.4943e-02
8413.3340 4.3993e-02
8415.8584 2.8786e-02
8418.3818 2.8255e-02
8420.9082 3.9100e-02
8423.4346 3.5757e-02
8425.9609 3.1122e-02
8428.4893 3.4329e-02
8431.0186 3.5582e-02
8433.5479 4.1320e-02
8436.0771 3.3395e-02
8438.6074 4.2543e-02
8441.1396 3.7284e-02
8443.6729 3.3703e-02
8446.2051 3.6538e-02
8448.7383 4.3633e-02
8451.2734 3.6982e-02
8453.8086 3.8468e-02
8456.3457 3.4537e-02
8458.8828 3.3830e-02
8461.4199 3.3776e-02
8463.9580 3.4064e-02
8466.4971 4.2726e-02
8469.0371 3.7728e-02
8471.5781 3.2403e-02
8474.1191 4.2517e-02
8476.6621 4.1418e-02
8479.2051 4.9658e-02
8481.7480 4.0705e-02
8484.2930 3.1902e-02
8486.8379 3.8807e-02
8489.3848 4.5722e-02
8491.9316 3.5868e-02
8494.4795 4.6487e-02
8497.0264 4.1366e-02
8499.5762 3.9972e-02
8502.1260 4.2031e-02
8504.6777 3.8582e-02
8507.2285 4.7049e-02
8509.7803 3.3757e-02
8512.3330 3.7490e-02
8514.8857 3.8863e-02
8517.4414 3.9850e-02
8519.9961 3.7939e-02
8522.5527 3.9745e-02
8525.1094 3.6789e-02
8527.6670 4.4946e-02
8530.2246 3.0488e-02
8532.7842 4.2676e-02
8535.3438 4.1017e-02
8537.9053 3.8665e-02
8540.4668 4.9287e-02
8543.0273 4.0195e-02
8545.5908 3.7718e-02
8548.1543 4.7595e-02
8550.7188 4.0440e-02
8553.2842 4.6698e-02
8555.8496 4.0498e-02
8558.4170 3.9087e-02
8560.9844 4.5635e-02
8563.5527 3.4421e-02
8566.1221 4.0830e-02
8568.6914 4.6638e-02
8571.2617 4.7112e-02
8573.8350 4.1379e-02
8576.4062 5.0860e-02
8578.9785 4.5984e-02
8581.5527 4.9612e-02
8584.1270 3.9928e-02
8586.7031 4.0493e-02
8589.2783 3.9250e-02
8591.8555 4.6887e-02
8594.4326 4.1118e-02
8597.0117 4.7981e-02
8599.5898 4.1541e-02
8602.1699 4.4989e-02
8604.7500 5.3591e-02
8607.3320 4.3008e-02
8609.9150 4.0626e-02
8612.4971 4.1235e-02
8615.0811 4.6337e-02
8617.6660 5.1897e-02
8620.2500 5.2438e-02
8622.8369 5.1801e-02
8625.4229 4.0107e-02
8628.0117 4.5914e-02
8630.6006 4.5783e-02
8633.1885 4.3502e-02
8635.7793 5.3826e-02
8638.3711 4.2625e-02
8640.9609 5.1602e-02
8643.5527 5.0255e-02
8646.1465 4.4824e-02
8648.7393 5.1925e-02
8651.3350 3.8617e-02
8653.9307 4.6105e-02
8656.5264 5.5391e-02
8659.1230 5.7193e-02
8661.7207 4.3568e-02
8664.3203 5.0086e-02
8666.9189 3.4117e-02
8669.5186 4.4933e-02
8672.1201 4.3111e-02
8674.7217 4.8820e-02
8677.3242 5.4224e-02
8679.9277 4.5296e-02
8682.5312 4.2256e-02
8685.1367 4.9145e-02
8687.7412 4.6017e-02
8690.3477 4.9698e-02
8692.9551 4.0737e-02
8695.5625 4.3778e-02
8698.1709 4.3251e-02
8700.7803 5.2044e-02
8703.3916 5.0159e-02
8706.0020 4.5914e-02
8708.6133 3.5943e-02
8711.2266 4.7657e-02
8713.8398 3.9650e-02
8716.4541 4.0896e-02
8719.0684 4.0206e-02
8721.6846 3.9188e-02
8724.3018 3.3863e-02
8726.9189 4.2270e-02
8729.5371 3.9016e-02
8732.1553 4.5871e-02
8734.7754 4.1955e-02
8737.3955 4.0044e-02
8740.0166 4.3377e-02
8742.6387 5.1944e-02
8745.2607 3.9238e-02
8747.8848 5.3877e-02
8750.5098 4.8329e-02
8753.1348 4.2207e-02
8755.7607 4.1675e-02
8758.3867 4.3436e-02
8761.0146 4.1487e-02
8763.6436 4.8937e-02
8766.2715 4.4979e-02
8768.9023 4.5870e-02
8771.5322 3.8593e-02
8774.1641 4.6627e-02
8776.7959 3.8749e-02
8779.4287 4.5573e-02
8782.0635 4.1918e-02
8784.6982 4.6017e-02
8787.3330 4.1343e-02
8789.9697 4.1191e-02
8792.6074 3.6411e-02
8795.2451 4.4095e-02
8797.8838 4.0498e-02
8800.5234 3.4331e-02
8803.1621 4.4516e-02
8805.8027 4.2543e-02
8808.4453 4.1019e-02
8811.0879 3.5877e-02
8813.7314 4.7174e-02
8816.3750 3.7388e-02
8819.0205 3.9325e-02
8821.6660 4.1081e-02
8824.3125 4.1485e-02
8826.9590 3.9984e-02
8829.6084 4.3585e-02
8832.2568 3.3257e-02
8834.9062 3.6125e-02
8837.5557 3.2812e-02
8840.2080 3.8639e-02
8842.8594 3.8801e-02
8845.5127 3.2807e-02
8848.1670 4.6912e-02
8850.8213 4.0532e-02
8853.4766 4.4353e-02
8856.1328 2.9549e-02
8858.7881 4.0859e-02
8861.4463 4.1220e-02
8864.1045 4.1156e-02
8866.7646 4.0628e-02
8869.4238 3.3309e-02
8872.0850 2.9077e-02
8874.7471 3.6815e-02
8877.4092 4.2321e-02
8880.0732 3.9619e-02
8882.7373 4.4009e-02
8885.4014 3.7213e-02
8888.0674 3.5172e-02
8890.7334 3.7207e-02
8893.4004 2.8676e-02
8896.0684 4.2659e-02
8898.7373 4.3991e-02
8901.4072 4.0229e-02
8904.0771 3.7333e-02
8906.7480 3.4940e-02
8909.4199 2.9788e-02
8912.0938 3.5730e-02
8914.7676 3.6343e-02
8917.4414 4.3014e-02
8920.1172 3.3567e-02
8922.7930 2.5293e-02
8925.4697 3.4035e-02
8928.1475 3.4479e-02
8930.8262 2.8915e-02
8933.5049 3.2282e-02
8936.1855 3.7742e-02
8938.8652 3.1265e-02
8941.5469 3.5677e-02
8944.2295 3.0434e-02
8946.9141 2.3767e-02
8949.5977 2.6623e-02
8952.2822 3.6980e-02
8954.9678 3.8195e-02
8957.6553 4.0221e-02
8960.3418 2.7475e-02
8963.0293 4.0318e-02
8965.7178 2.1089e-02
8968.4082 3.3205e-02
8971.0986 2.7542e-02
8973.7910 3.3321e-02
8976.4824 3.4994e-02
8979.1748 3.0207e-02
8981.8691 4.3983e-02
8984.5635 3.8520e-02
8987.2588 3.2731e-02
8989.9551 3.4733e-02
8992.6523 3.4825e-02
8995.3506 3.7285e-02
8998.0488 4.1306e-02
9000.7480 2.6358e-02
9003.4482 3.7393e-02
9006.1494 3.3799e-02
9008.8516 3.2693e-02
9011.5537 3.1660e-02
9014.2578 2.6449e-02
9016.9609 4.1288e-02
9019.6660 3.1635e-02
9022.3721 3.4836e-02
9025.0791 3.3179e-02
9027.7871 3.8458e-02
9030.4951 2.8660e-02
9033.2051 3.2402e-02
9035.9150 3.0616e-02
9038.6260 3.1776e-02
9041.3369 3.9119e-02
9044.0498 3.4881e-02
9046.7627 3.4314e-02
9049.4766 2.4901e-02
9052.1914 3.0249e-02
9054.9072 4.0952e-02
9057.6240 3.2942e-02
9060.3398 2.6583e-02
9063.0586 2.8273e-02
9065.7773 3.3101e-02
9068.4971 2.9354e-02
9071.2168 2.7576e-02
9073.9395 2.6608e-02
9076.6611 3.2981e-02
9079.3848 3.3153e-02
9082.1074 2.7725e-02
9084.8330 4.2383e-02
9087.5576 2.8501e-02
9090.2832 2.5487e-02
9093.0117 2.3234e-02
9095.7393 3.1808e-02
9098.4688 3.3963e-02
9101.1973 3.4907e-02
9103.9287 3.0047e-02
9106.6592 3.5510e-02
9109.3906 3.1572e-02
9112.1250 3.1704e-02
9114.8584 2.7911e-02
9117.5928 3.0762e-02
9120.3271 2.5630e-02
9123.0635 2.4674e-02
9125.8008 2.4524e-02
9128.5391 3.8032e-02
9131.2764 2.6943e-02
9134.0156 3.4533e-02
9136.7568 3.8889e-02
9139.4980 2.8488e-02
9142.2383 3.0389e-02
9144.9814 3.9041e-02
9147.7266 3.9534e-02
9150.4707 3.8436e-02
9153.2158 3.2516e-02
9155.9609 3.3643e-02
9158.7070 2.1967e-02
9161.4551 3.0317e-02
9164.2041 2.6576e-02
9166.9531 2.4532e-02
9169.7031 2.7372e-02
9172.4541 2.7730e-02
9175.2051 2.9093e-02
9177.9580 2.8095e-02
9180.7109 3.2422e-02
9183.4668 2.6205e-02
9186.2207 2.7285e-02
9188.9766 2.3222e-02
9191.7334 3.1637e-02
9194.4912 2.7789e-02
9197.2490 2.8857e-02
9200.0088 2.6419e-02
9202.7686 2.8870e-02
9205.5293 2.2007e-02
9208.2920 2.5736e-02
9211.0527 2.8305e-02
9213.8164 3.1966e-02
9216.5811 2.1630e-02
9219.3467 3.2097e-02
9222.1113 2.1343e-02
9224.8789 2.3460e-02
9227.6455 3.0739e-02
9230.4141 2.3051e-02
9233.1836 3.0589e-02
9235.9531 2.5560e-02
9238.7246 3.0305e-02
9241.4951 2.3252e-02
9244.2686 2.8072e-02
9247.0410 2.4070e-02
9249.8154 2.5657e-02
9252.5908 2.7463e-02
9255.3652 2.3651e-02
9258.1426 3.1033e-02
9260.9209 1.9840e-02
9263.6992 2.3823e-02
9266.4775 2.5947e-02
9269.2568 2.4228e-02
9272.0381 2.3452e-02
9274.8203 2.5300e-02
9277.6025 3.0052e-02
9280.3857 1.6791e-02
9283.1709 2.4520e-02
9285.9541 2.8963e-02
9288.7402 2.0874e-02
9291.5264 1.9874e-02
9294.3135 2.3540e-02
9297.1025 2.8400e-02
9299.8926 2.0081e-02
9302.6816 2.5368e-02
9305.4727 2.3002e-02
9308.2646 2.2956e-02
9311.0566 1.4708e-02
9313.8506 2.6064e-02
9316.6436 2.1825e-02
9319.4395 2.3508e-02
9322.2354 2.3114e-02
9325.0322 2.4809e-02
9327.8291 2.2568e-02
9330.6279 2.4502e-02
9333.4277 2.1870e-02
9336.2266 2.7178e-02
9339.0283 2.2280e-02
9341.8291 2.9002e-02
9344.6318 2.3497e-02
9347.4355 1.9797e-02
9350.2402 1.8207e-02
9353.0449 2.2333e-02
9355.8516 2.3741e-02
9358.6572 2.9049e-02
9361.4658 1.8713e-02
9364.2734 3.2279e-02
9367.0830 2.6191e-02
9369.8936 2.7914e-02
9372.7041 2.3008e-02
9375.5156 2.2137e-02
9378.3291 2.2881e-02
9381.1416 2.7011e-02
9383.9561 2.0285e-02
9386.7715 2.2993e-02
9389.5879 2.1625e-02
9392.4043 2.5288e-02
9395.2217 2.2344e-02
9398.0400 2.0762e-02
9400.8594 2.2478e-02
9403.6807 2.3290e-02
9406.5020 2.2254e-02
9409.3242 2.2801e-02
9412.1465 1.9396e-02
9414.9707 1.8773e-02
9417.7939 2.4735e-02
9420.6201 2.4804e-02
9423.4453 2.1440e-02
9426.2725 1.7076e-02
9429.1006 2.1613e-02
9431.9287 1.8782e-02
9434.7588 1.9985e-02
9437.5898 2.1981e-02
9440.4209 2.1984e-02
9443.2529 2.3103e-02
9446.0859 2.4085e-02
9448.9199 2.4241e-02
9451.7549 2.7721e-02
9454.5889 2.1311e-02
9457.4268 2.1369e-02
9460.2637 2.6902e-02
9463.1016 1.6676e-02
9465.9414 2.1915e-02
9468.7803 1.8237e-02
9471.6211 1.7657e-02
9474.4629 2.3602e-02
9477.3047 2.2957e-02
9480.1484 2.7499e-02
9482.9922 1.8358e-02
9485.8369 1.8483e-02
9488.6836 1.9295e-02
9491.5303 2.4984e-02
9494.3760 2.5373e-02
9497.2256 2.8238e-02
9500.0742 2.0246e-02
9502.9238 2.6228e-02
9505.7754 1.8739e-02
9508.6270 1.7613e-02
9511.4805 2.1347e-02
9514.3320 2.3553e-02
9517.1875 2.2381e-02
9520.0420 2.0275e-02
9522.8984 1.8863e-02
9525.7559 2.6571e-02
9528.6133 2.4022e-02
9531.4717 2.7874e-02
9534.3311 1.7715e-02
9537.1914 1.8780e-02
9540.0518 1.7317e-02
9542.9150 2.2344e-02
9545.7773 1.4547e-02
9548.6416 2.2752e-02
9551.5059 1.3581e-02
9554.3711 3.0452e-02
9557.2373 1.8253e-02
9560.1045 2.2572e-02
9562.9727 2.0322e-02
9565.8418 1.2800e-02
9568.7109 2.1241e-02
9571.5820 2.4449e-02
9574.4531 1.8412e-02
9577.3252 1.5971e-02
9580.1992 2.4764e-02
9583.0723 1.6588e-02
9585.9473 2.0608e-02
9588.8242 1.6258e-02
9591.7002 1.7347e-02
9594.5781 1.9660e-02
9597.4561 2.2098e-02
9600.3350 1.8839e-02
9603.2158 1.7973e-02
9606.0957 1.7547e-02
9608.9775 1.9264e-02
9611.8613 1.6059e-02
9614.7441 1.8556e-02
9617.6279 1.9629e-02
9620.5137 2.0842e-02
9623.4014 1.7796e-02
9626.2881 2.1411e-02
9629.1748 1.7351e-02
9632.0645 1.1814e-02
9634.9541 1.4603e-02
9637.8438 1.4037e-02
9640.7363 1.7158e-02
9643.6270 1.4468e-02
9646.5215 1.9257e-02
9649.4141 2.4614e-02
9652.3086 2.0376e-02
9655.2051 2.2206e-02
9658.1016 1.8043e-02
9660.9990 1.4502e-02
9663.8975 2.1636e-02
9666.7969 1.6645e-02
9669.6973 1.6793e-02
9672.5967 1.3917e-02
9675.5000 1.1818e-02
9678.4023 2.9314e-02
9681.3057 2.1799e-02
9684.2109 1.6798e-02
9687.1152 1.7673e-02
9690.0215 1.6865e-02
9692.9287 1.4416e-02
9695.8369 1.3814e-02
9698.7441 1.6468e-02
9701.6553 1.5651e-02
9704.5645 1.3595e-02
9707.4775 1.3831e-02
9710.3887 9.2465e-03
9713.3008 1.4048e-02
9716.2158 1.0406e-02
9719.1299 1.2377e-02
9722.0459 1.3785e-02
9724.9629 2.0781e-02
9727.8809 2.0550e-02
9730.7988 1.4318e-02
9733.7178 1.6763e-02
9736.6387 2.1961e-02
9739.5586 1.4377e-02
9742.4805 1.5850e-02
9745.4033 1.4767e-02
9748.3281 1.8109e-02
9751.2520 1.5627e-02
9754.1777 1.8681e-02
9757.1035 1.9261e-02
9760.0303 1.5057e-02
9762.9590 1.9188e-02
9765.8877 1.6469e-02
9768.8174 1.1095e-02
9771.7480 1.3696e-02
9774.6797 1.2042e-02
9777.6113 1.2817e-02
9780.5459 1.7671e-02
9783.4795 1.4521e-02
9786.4141 1.0667e-02
9789.3496 1.4342e-02
9792.2871 1.7363e-02
9795.2256 1.6147e-02
9798.1641 1.5911e-02
9801.1035 1.2652e-02
9804.0430 1.1507e-02
9806.9844 1.3958e-02
9809.9268 1.4626e-02
9812.8691 1.0912e-02
9815.8125 1.4437e-02
9818.7578 1.2800e-02
9821.7041 1.2424e-02
9824.6494 1.2170e-02
9827.5967 1.1100e-02
9830.5469 1.6052e-02
9833.4951 1.0645e-02
9836.4453 1.6297e-02
9839.3965 1.7306e-02
9842.3486 1.6361e-02
9845.2998 1.4615e-02
9848.2549 1.8977e-02
9851.2080 1.3500e-02
9854.1641 1.3052e-02
9857.1201 1.1204e-02
9860.0771 1.5094e-02
9863.0361 1.4713e-02
9865.9941 1.4367e-02
9868.9541 9.9532e-03
9871.9150 1.3196e-02
9874.8760 1.0593e-02
9877.8389 1.1792e-02
9880.8018 1.7054e-02
9883.7666 1.2084e-02
9886.7324 1.1965e-02
9889.6982 9.3457e-03
9892.6641 1.0574e-02
9895.6338 1.1929e-02
9898.6016 1.1051e-02
9901.5713 1.3693e-02
9904.5420 1.3769e-02
9907.5127 1.2404e-02
9910.4854 1.2843e-02
9913.4590 1.0444e-02
9916.4326 1.2482e-02
9919.4072 1.5749e-02
9922.3828 1.1757e-02
9925.3584 7.4706e-03
9928.3379 1.2460e-02
9931.3164 1.3665e-02
9934.2949 1.3097e-02
9937.2754 1.1638e-02
9940.2568 1.3650e-02
9943.2383 1.2933e-02
9946.2207 8.7876e-03
9949.2061 1.0884e-02
9952.1904 1.0089e-02
9955.1758 8.3429e-03
9958.1631 1.1975e-02
9961.1494 8.2856e-03
9964.1387 1.3158e-02
9967.1279 1.5814e-02
9970.1182 1.0527e-02
9973.1084 1.1126e-02
9976.1006 1.1331e-02
9979.0928 5.5791e-03
9982.0859 1.0694e-02
9985.0820 1.4123e-02
9988.0771 1.2374e-02
9991.0732 1.0860e-02
9994.0713 1.2043e-02
9997.0693 8.4356e-03
10000.0684 8.7511e-03
10003.0674 8.5409e-03
10006.0684 1.0556e-02
10009.0713 1.3984e-02
10012.0742 1.3975e-02
10015.0771 1.6704e-02
10018.0820 1.5677e-02
10021.0879 1.6062e-02
10024.0938 1.4841e-02
10027.1006 9.0088e-03
10030.1084 1.5140e-02
10033.1172 1.4185e-02
10036.1270 9.7994e-03
10039.1387 9.5519e-03
10042.1504 1.2215e-02
10045.1631 8.0184e-03
10048.1768 1.0630e-02
10051.1924 9.7901e-03
10054.2061 8.8749e-03
10057.2227 1.5152e-02
10060.2402 1.3311e-02
10063.2578 1.1313e-02
10066.2773 1.1299e-02
10069.2969 7.9350e-03
10072.3174 9.3184e-03
10075.3379 1.0482e-02
10078.3623 1.3936e-02
10081.3848 7.4215e-03
10084.4102 1.2872e-02
10087.4346 8.8185e-03
10090.4619 1.1775e-02
10093.4883 1.0592e-02
10096.5166 1.0646e-02
10099.5459 1.0936e-02
10102.5742 1.1693e-02
10105.6055 1.0667e-02
10108.6367 1.0870e-02
10111.6709 8.4193e-03
10114.7041 1.1443e-02
10117.7383 1.1238e-02
10120.7734 1.0637e-02
10123.8105 1.5351e-02
10126.8477 8.9041e-03
10129.8857 1.1720e-02
10132.9248 1.0259e-02
10135.9648 1.0451e-02
10139.0049 9.4238e-03
10142.0479 1.0408e-02
10145.0879 1.0525e-02
10148.1318 1.3756e-02
10151.1768 3.7055e-03
10154.2227 9.6439e-03
10157.2686 9.8493e-03
10160.3154 7.3787e-03
10163.3643 1.0253e-02
10166.4121 1.0710e-02
10169.4629 9.3711e-03
10172.5137 8.7822e-03
10175.5654 1.0949e-02
10178.6191 9.5813e-03
10181.6719 8.7474e-03
10184.7256 9.5690e-03
10187.7822 6.8816e-03
10190.8379 1.1297e-02
10193.8945 9.5155e-03
10196.9541 8.2003e-03
10200.0127 1.1479e-02
10203.0723 1.1158e-02
10206.1328 1.1759e-02
10209.1953 1.1121e-02
10212.2578 7.2244e-03
10215.3223 1.3644e-02
10218.3867 9.0720e-03
10221.4521 1.2772e-02
10224.5186 7.1804e-03
10227.5850 6.9056e-03
10230.6543 1.3003e-02
10233.7246 9.7088e-03
10236.7930 1.2346e-02
10239.8643 7.3080e-03
10242.9355 9.4788e-03
10246.0098 1.3698e-02
10249.0830 9.6316e-03
10252.1572 9.4438e-03
10255.2334 9.0841e-03
10258.3096 1.3090e-02
10261.3877 1.2143e-02
10264.4648 5.1186e-03
10267.5449 8.4978e-03
10270.6250 1.1848e-02
