# time_explosion = 14.25
# 
3082.8928 7.3290e-02
3083.8179 6.9734e-02
3084.7432 7.9130e-02
3085.6685 8.8731e-02
3086.5940 6.5265e-02
3087.5200 8.3616e-02
3088.4463 7.5915e-02
3089.3728 9.1430e-02
3090.2996 7.5665e-02
3091.2268 7.7191e-02
3092.1541 6.3708e-02
3093.0815 1.0199e-01
3094.0098 9.9397e-02
3094.9380 8.3482e-02
3095.8665 7.8337e-02
3096.7952 7.1899e-02
3097.7241 7.0550e-02
3098.6536 7.3248e-02
3099.5828 6.5853e-02
3100.5129 9.4435e-02
3101.4431 8.6775e-02
3102.3735 5.9177e-02
3103.3042 7.2896e-02
3104.2354 5.6147e-02
3105.1665 5.0101e-02
3106.0981 6.1238e-02
3107.0300 6.8767e-02
3107.9619 7.1856e-02
3108.8943 7.2837e-02
3109.8269 5.9331e-02
3110.7600 7.3361e-02
3111.6929 9.2234e-02
3112.6265 8.9726e-02
3113.5605 7.8102e-02
3114.4944 6.8368e-02
3115.4290 6.7395e-02
3116.3635 5.3526e-02
3117.2986 6.0281e-02
3118.2336 8.0755e-02
3119.1689 5.7397e-02
3120.1047 6.0940e-02
3121.0410 7.3110e-02
3121.9773 8.2246e-02
3122.9136 6.1973e-02
3123.8508 7.3467e-02
3124.7878 6.9539e-02
3125.7251 8.0406e-02
3126.6628 6.6289e-02
3127.6008 7.0504e-02
3128.5393 6.7835e-02
3129.4778 7.0415e-02
3130.4170 4.8435e-02
3131.3557 7.2305e-02
3132.2954 8.0421e-02
3133.2349 7.2561e-02
3134.1748 7.5076e-02
3135.1150 5.8157e-02
3136.0559 6.3152e-02
3136.9968 6.0169e-02
3137.9377 8.2787e-02
3138.8789 6.2829e-02
3139.8206 7.0100e-02
3140.7625 7.2573e-02
3141.7046 8.7901e-02
3142.6472 5.3785e-02
3143.5901 6.5251e-02
3144.5334 7.1153e-02
3145.4766 7.1528e-02
3146.4202 7.1409e-02
3147.3643 6.6470e-02
3148.3086 4.8118e-02
3149.2529 8.2601e-02
3150.1975 6.3984e-02
3151.1426 6.8912e-02
3152.0881 6.3551e-02
3153.0337 7.8873e-02
3153.9795 6.0682e-02
3154.9255 7.0941e-02
3155.8723 6.8911e-02
3156.8188 5.9564e-02
3157.7661 6.4600e-02
3158.7134 5.7821e-02
3159.6609 7.1804e-02
3160.6086 6.8894e-02
3161.5571 6.0481e-02
3162.5054 5.5296e-02
3163.4541 5.8819e-02
3164.4031 5.5182e-02
3165.3528 7.3384e-02
3166.3022 6.3003e-02
3167.2522 4.5498e-02
3168.2024 5.0786e-02
3169.1526 5.7423e-02
3170.1035 7.3911e-02
3171.0544 6.1395e-02
3172.0061 7.0382e-02
3172.9573 4.8631e-02
3173.9092 6.3083e-02
3174.8613 6.5173e-02
3175.8140 8.4331e-02
3176.7668 6.3186e-02
3177.7197 6.1221e-02
3178.6729 6.3489e-02
3179.6267 6.1330e-02
3180.5808 5.5323e-02
3181.5347 8.1603e-02
3182.4893 3.5740e-02
3183.4438 5.7645e-02
3184.3987 4.1744e-02
3185.3542 8.2055e-02
3186.3101 6.5718e-02
3187.2659 6.5292e-02
3188.2217 5.6274e-02
3189.1785 6.9521e-02
3190.1350 4.2074e-02
3191.0920 7.6045e-02
3192.0493 6.5896e-02
3193.0071 7.4946e-02
3193.9651 6.9249e-02
3194.9233 8.9818e-02
3195.8818 5.9783e-02
3196.8408 6.6086e-02
3197.7996 7.0800e-02
3198.7590 4.4676e-02
3199.7185 7.2238e-02
3200.6782 8.1427e-02
3201.6387 6.7086e-02
3202.5991 7.7279e-02
3203.5598 7.6665e-02
3204.5208 7.6903e-02
3205.4824 8.1260e-02
3206.4441 7.6544e-02
3207.4058 7.1188e-02
3208.3682 7.2449e-02
3209.3306 7.0194e-02
3210.2935 7.2921e-02
3211.2563 6.5306e-02
3212.2200 6.8141e-02
3213.1833 7.6497e-02
3214.1472 6.4786e-02
3215.1118 6.2153e-02
3216.0764 5.8865e-02
3217.0413 5.0823e-02
3218.0061 6.9271e-02
3218.9714 5.6578e-02
3219.9373 6.2859e-02
3220.9031 6.5919e-02
3221.8699 6.0721e-02
3222.8362 6.4581e-02
3223.8030 7.4731e-02
3224.7700 8.8079e-02
3225.7375 5.7784e-02
3226.7053 7.1738e-02
3227.6731 6.7664e-02
3228.6416 8.2861e-02
3229.6101 7.5449e-02
3230.5791 6.2004e-02
3231.5483 7.7819e-02
3232.5178 7.2879e-02
3233.4875 5.5415e-02
3234.4575 6.5354e-02
3235.4280 7.2295e-02
3236.3984 5.9872e-02
3237.3691 6.0195e-02
3238.3403 6.0911e-02
3239.3120 6.8993e-02
3240.2839 5.4809e-02
3241.2559 8.0544e-02
3242.2285 7.0257e-02
3243.2012 6.5704e-02
3244.1743 7.9197e-02
3245.1472 6.8862e-02
3246.1208 8.5524e-02
3247.0947 6.4617e-02
3248.0688 5.3314e-02
3249.0432 7.7411e-02
3250.0178 8.3200e-02
3250.9929 9.0459e-02
3251.9680 8.3583e-02
3252.9438 6.8905e-02
3253.9194 7.3181e-02
3254.8958 6.4156e-02
3255.8723 5.9530e-02
3256.8489 7.1678e-02
3257.8262 7.1736e-02
3258.8035 5.7947e-02
3259.7810 6.2094e-02
3260.7593 9.5219e-02
3261.7373 7.9596e-02
3262.7158 7.5033e-02
3263.6946 8.0846e-02
3264.6736 8.3891e-02
3265.6531 6.4349e-02
3266.6331 7.2583e-02
3267.6130 4.9092e-02
3268.5930 7.5418e-02
3269.5735 6.8050e-02
3270.5544 7.7727e-02
3271.5356 8.7079e-02
3272.5171 5.7493e-02
3273.4990 7.7993e-02
3274.4812 7.4994e-02
3275.4634 7.4981e-02
3276.4458 7.5099e-02
3277.4287 8.1072e-02
3278.4124 8.1961e-02
3279.3958 7.2907e-02
3280.3794 8.6204e-02
3281.3635 6.7845e-02
3282.3479 9.2306e-02
3283.3325 8.2534e-02
3284.3179 6.5482e-02
3285.3030 7.8493e-02
3286.2888 1.1921e-01
3287.2744 9.1466e-02
3288.2605 8.8585e-02
3289.2471 7.6785e-02
3290.2339 6.9282e-02
3291.2212 7.3404e-02
3292.2083 7.1673e-02
3293.1958 6.4744e-02
3294.1838 9.8780e-02
3295.1724 8.2416e-02
3296.1609 7.3706e-02
3297.1497 6.8568e-02
3298.1387 1.0088e-01
3299.1282 6.4996e-02
3300.1177 8.4961e-02
3301.1079 6.8912e-02
3302.0984 9.9243e-02
3303.0889 8.2911e-02
3304.0798 6.7155e-02
3305.0713 9.4320e-02
3306.0627 7.7532e-02
3307.0544 8.0177e-02
3308.0466 6.7393e-02
3309.0391 8.3956e-02
3310.0317 8.2968e-02
3311.0247 8.2100e-02
3312.0178 5.7682e-02
3313.0117 7.8352e-02
3314.0054 1.0110e-01
3315.0000 7.8012e-02
3315.9941 8.0405e-02
3316.9890 9.0439e-02
3317.9839 8.6984e-02
3318.9795 8.8109e-02
3319.9751 7.8502e-02
3320.9712 5.6003e-02
3321.9678 8.2852e-02
3322.9639 1.0162e-01
3323.9607 8.4560e-02
3324.9580 9.4881e-02
3325.9558 1.1046e-01
3326.9536 8.7730e-02
3327.9514 6.3686e-02
3328.9497 7.5199e-02
3329.9482 7.2278e-02
3330.9475 8.1160e-02
3331.9468 1.0190e-01
3332.9463 7.3019e-02
3333.9463 1.0346e-01
3334.9463 9.1401e-02
3335.9473 7.9102e-02
3336.9478 7.9010e-02
3337.9487 9.8837e-02
3338.9502 9.4874e-02
3339.9517 8.5492e-02
3340.9536 8.2632e-02
3341.9561 8.9586e-02
3342.9587 8.3681e-02
3343.9614 7.0656e-02
3344.9651 9.1397e-02
3345.9685 8.3655e-02
3346.9722 7.9998e-02
3347.9763 8.4740e-02
3348.9805 9.1833e-02
3349.9854 7.2832e-02
3350.9902 8.9222e-02
3351.9956 1.0379e-01
3353.0010 9.6879e-02
3354.0073 1.0543e-01
3355.0129 8.9367e-02
3356.0198 1.1289e-01
3357.0264 8.9321e-02
3358.0334 1.0664e-01
3359.0410 9.8641e-02
3360.0488 1.0588e-01
3361.0569 1.0471e-01
3362.0654 1.0422e-01
3363.0740 9.1086e-02
3364.0828 9.4410e-02
3365.0918 1.0266e-01
3366.1013 1.0423e-01
3367.1113 1.1627e-01
3368.1213 1.1955e-01
3369.1318 1.1324e-01
3370.1426 1.0730e-01
3371.1536 8.3909e-02
3372.1650 1.2407e-01
3373.1768 9.2304e-02
3374.1885 8.9893e-02
3375.2004 1.0475e-01
3376.2134 1.1584e-01
3377.2261 1.1134e-01
3378.2395 1.0473e-01
3379.2529 1.2275e-01
3380.2664 1.0026e-01
3381.2805 1.1809e-01
3382.2952 1.1961e-01
3383.3098 1.1908e-01
3384.3250 1.1228e-01
3385.3401 1.0592e-01
3386.3557 1.1903e-01
3387.3716 1.0829e-01
3388.3879 1.0337e-01
3389.4045 1.4093e-01
3390.4211 9.7212e-02
3391.4385 9.9239e-02
3392.4558 1.0690e-01
3393.4736 1.3894e-01
3394.4915 1.2643e-01
3395.5100 1.2499e-01
3396.5286 1.1426e-01
3397.5474 1.0400e-01
3398.5667 1.2944e-01
3399.5862 1.1878e-01
3400.6062 1.1455e-01
3401.6262 1.3179e-01
3402.6467 1.4981e-01
3403.6677 1.2144e-01
3404.6887 9.8211e-02
3405.7100 1.3781e-01
3406.7319 1.1960e-01
3407.7539 1.2022e-01
3408.7764 1.3021e-01
3409.7988 1.3803e-01
3410.8218 1.3241e-01
3411.8450 1.3453e-01
3412.8687 9.2684e-02
3413.8923 1.1561e-01
3414.9167 1.2368e-01
3415.9412 1.3958e-01
3416.9658 1.1353e-01
3417.9907 1.3284e-01
3419.0164 1.3665e-01
3420.0420 1.4761e-01
3421.0681 1.5134e-01
3422.0945 1.3079e-01
3423.1208 1.3688e-01
3424.1479 1.0839e-01
3425.1753 1.1062e-01
3426.2029 1.3685e-01
3427.2307 1.2694e-01
3428.2588 9.9552e-02
3429.2871 1.3275e-01
3430.3159 1.1985e-01
3431.3452 1.4251e-01
3432.3748 1.5447e-01
3433.4041 1.2434e-01
3434.4346 1.4639e-01
3435.4646 1.2515e-01
3436.4954 1.3104e-01
3437.5261 1.3403e-01
3438.5579 1.2160e-01
3439.5894 1.2687e-01
3440.6208 1.3480e-01
3441.6531 1.2928e-01
3442.6855 1.3687e-01
3443.7183 1.4039e-01
3444.7515 1.5748e-01
3445.7852 1.2718e-01
3446.8186 1.5620e-01
3447.8525 1.1965e-01
3448.8872 1.5544e-01
3449.9216 1.1863e-01
3450.9568 1.3184e-01
3451.9919 1.5774e-01
3453.0276 1.5428e-01
3454.0637 1.4817e-01
3455.0999 1.1989e-01
3456.1362 1.4510e-01
3457.1731 1.4276e-01
3458.2102 1.2410e-01
3459.2476 1.6292e-01
3460.2856 1.3813e-01
3461.3235 1.3782e-01
3462.3621 1.3399e-01
3463.4004 1.6942e-01
3464.4399 1.3471e-01
3465.4790 1.1507e-01
3466.5188 1.3518e-01
3467.5586 1.3146e-01
3468.5989 1.3190e-01
3469.6394 1.3155e-01
3470.6804 1.5936e-01
3471.7217 1.4373e-01
3472.7629 1.3553e-01
3473.8049 1.4532e-01
3474.8469 1.3349e-01
3475.8894 1.5974e-01
3476.9321 1.3016e-01
3477.9751 1.3101e-01
3479.0188 1.4091e-01
3480.0625 1.3809e-01
3481.1064 1.3696e-01
3482.1509 1.4751e-01
3483.1956 1.3154e-01
3484.2407 1.4537e-01
3485.2856 1.1928e-01
3486.3313 1.2942e-01
3487.3772 1.3670e-01
3488.4233 1.4927e-01
3489.4697 1.4483e-01
3490.5168 1.1247e-01
3491.5640 1.4158e-01
3492.6116 1.6416e-01
3493.6592 1.4569e-01
3494.7073 1.2961e-01
3495.7556 1.2571e-01
3496.8044 1.4765e-01
3497.8535 1.1347e-01
3498.9026 1.6468e-01
3499.9526 1.3851e-01
3501.0024 1.4255e-01
3502.0527 1.3748e-01
3503.1033 1.6742e-01
3504.1543 1.2925e-01
3505.2058 1.6098e-01
3506.2571 1.5513e-01
3507.3088 1.6940e-01
3508.3613 1.3802e-01
3509.4136 1.1958e-01
3510.4663 1.5156e-01
3511.5193 1.4014e-01
3512.5730 1.3223e-01
3513.6270 1.6749e-01
3514.6809 1.3839e-01
3515.7351 1.3936e-01
3516.7898 1.3691e-01
3517.8452 1.5012e-01
3518.9004 1.3849e-01
3519.9561 1.1002e-01
3521.0122 1.2287e-01
3522.0686 1.1717e-01
3523.1250 1.3761e-01
3524.1821 1.1896e-01
3525.2390 1.4374e-01
3526.2969 1.4221e-01
3527.3547 1.3239e-01
3528.4126 1.4838e-01
3529.4714 1.5157e-01
3530.5303 1.1619e-01
3531.5894 1.8340e-01
3532.6487 1.4069e-01
3533.7090 1.2754e-01
3534.7688 1.3760e-01
3535.8293 1.4125e-01
3536.8901 1.3824e-01
3537.9512 1.4023e-01
3539.0122 1.4202e-01
3540.0740 1.6765e-01
3541.1360 1.7151e-01
3542.1987 1.5403e-01
3543.2612 1.6033e-01
3544.3245 1.6838e-01
3545.3875 1.5852e-01
3546.4509 1.2826e-01
3547.5154 1.5965e-01
3548.5793 1.6234e-01
3549.6438 1.3168e-01
3550.7087 1.7232e-01
3551.7739 1.6187e-01
3552.8396 1.6868e-01
3553.9053 1.6051e-01
3554.9714 1.4052e-01
3556.0378 1.7417e-01
3557.1050 1.4845e-01
3558.1716 1.8070e-01
3559.2395 1.6516e-01
3560.3071 1.6617e-01
3561.3752 1.7285e-01
3562.4436 1.6345e-01
3563.5125 1.3374e-01
3564.5813 1.5185e-01
3565.6506 1.6304e-01
3566.7205 1.6025e-01
3567.7905 1.4025e-01
3568.8611 1.5491e-01
3569.9316 1.3886e-01
3571.0027 1.6672e-01
3572.0737 1.8900e-01
3573.1455 1.4947e-01
3574.2175 1.6808e-01
3575.2896 1.6647e-01
3576.3625 1.3460e-01
3577.4351 1.6123e-01
3578.5083 1.3225e-01
3579.5820 1.3853e-01
3580.6560 1.4366e-01
3581.7300 1.3125e-01
3582.8047 1.2542e-01
3583.8792 1.5808e-01
3584.9546 1.7246e-01
3586.0298 1.6475e-01
3587.1060 1.9190e-01
3588.1821 1.3946e-01
3589.2583 1.3263e-01
3590.3352 1.7517e-01
3591.4124 1.4898e-01
3592.4897 1.6101e-01
3593.5671 1.7164e-01
3594.6455 1.4353e-01
3595.7241 1.6345e-01
3596.8025 1.5534e-01
3597.8818 1.7196e-01
3598.9609 1.5714e-01
3600.0405 1.5621e-01
3601.1204 1.4255e-01
3602.2009 1.6009e-01
3603.2817 1.4832e-01
3604.3625 1.5858e-01
3605.4441 1.9248e-01
3606.5256 1.5523e-01
3607.6074 1.6758e-01
3608.6899 1.5198e-01
3609.7725 1.4869e-01
3610.8552 1.6501e-01
3611.9385 1.4358e-01
3613.0222 1.5867e-01
3614.1062 1.5305e-01
3615.1904 1.5790e-01
3616.2749 1.6915e-01
3617.3599 1.6914e-01
3618.4451 1.5547e-01
3619.5303 1.6698e-01
3620.6165 1.4762e-01
3621.7024 1.7715e-01
3622.7891 1.8489e-01
3623.8760 1.7669e-01
3624.9631 1.5972e-01
3626.0508 1.8190e-01
3627.1382 1.6532e-01
3628.2266 1.9177e-01
3629.3152 1.6013e-01
3630.4038 1.6749e-01
3631.4927 1.8432e-01
3632.5825 1.6295e-01
3633.6721 1.6278e-01
3634.7622 1.6757e-01
3635.8528 1.8276e-01
3636.9434 1.7385e-01
3638.0347 1.8783e-01
3639.1257 1.8099e-01
3640.2178 1.8766e-01
3641.3098 1.4413e-01
3642.4021 1.6810e-01
3643.4946 1.7908e-01
3644.5881 1.8870e-01
3645.6814 1.7507e-01
3646.7751 2.0335e-01
3647.8691 1.8257e-01
3648.9634 2.1981e-01
3650.0581 1.7428e-01
3651.1533 1.5264e-01
3652.2480 2.0541e-01
3653.3442 1.7052e-01
3654.4402 1.9259e-01
3655.5364 2.0237e-01
3656.6333 1.6485e-01
3657.7300 2.0872e-01
3658.8274 1.8848e-01
3659.9250 1.9490e-01
3661.0232 2.1787e-01
3662.1213 1.8338e-01
3663.2202 1.8344e-01
3664.3188 1.8315e-01
3665.4182 1.9651e-01
3666.5181 2.4928e-01
3667.6179 1.9295e-01
3668.7183 1.8566e-01
3669.8186 1.9279e-01
3670.9197 1.8076e-01
3672.0210 2.0980e-01
3673.1226 2.1249e-01
3674.2241 2.0877e-01
3675.3269 2.3012e-01
3676.4294 2.3108e-01
3677.5325 2.1824e-01
3678.6355 2.6050e-01
3679.7390 2.1456e-01
3680.8430 2.4492e-01
3681.9473 2.0954e-01
3683.0518 1.8365e-01
3684.1570 2.4485e-01
3685.2620 2.3852e-01
3686.3677 2.3030e-01
3687.4739 2.1960e-01
3688.5796 2.1411e-01
3689.6865 2.0528e-01
3690.7932 2.3884e-01
3691.9006 2.6176e-01
3693.0081 2.3337e-01
3694.1160 2.4409e-01
3695.2241 2.5689e-01
3696.3328 2.5784e-01
3697.4417 2.2806e-01
3698.5508 2.2657e-01
3699.6606 2.7774e-01
3700.7703 2.4198e-01
3701.8806 2.2813e-01
3702.9910 2.5024e-01
3704.1023 2.2089e-01
3705.2136 2.2156e-01
3706.3247 2.3930e-01
3707.4370 2.1859e-01
3708.5491 2.4130e-01
3709.6616 2.0205e-01
3710.7744 2.6028e-01
3711.8877 2.1387e-01
3713.0012 2.3995e-01
3714.1152 2.3179e-01
3715.2292 2.8537e-01
3716.3440 2.1383e-01
3717.4590 2.4688e-01
3718.5742 2.6300e-01
3719.6897 2.1557e-01
3720.8057 2.1417e-01
3721.9219 2.1105e-01
3723.0383 2.1429e-01
3724.1553 2.4371e-01
3725.2725 2.3774e-01
3726.3904 2.0206e-01
3727.5081 1.9905e-01
3728.6265 2.2863e-01
3729.7451 2.1375e-01
3730.8640 2.2400e-01
3731.9832 2.3025e-01
3733.1028 2.2280e-01
3734.2227 2.3655e-01
3735.3428 2.2115e-01
3736.4636 2.0560e-01
3737.5842 2.3844e-01
3738.7056 2.2277e-01
3739.8276 2.2950e-01
3740.9490 2.0776e-01
3742.0718 2.3434e-01
3743.1943 2.2386e-01
3744.3171 2.0965e-01
3745.4404 2.2987e-01
3746.5640 1.7612e-01
3747.6880 2.3067e-01
3748.8125 2.0836e-01
3749.9368 1.6415e-01
3751.0620 2.0636e-01
3752.1873 1.8972e-01
3753.3130 2.1088e-01
3754.4387 2.0747e-01
3755.5652 2.1059e-01
3756.6919 1.7596e-01
3757.8188 2.2272e-01
3758.9463 1.9924e-01
3760.0737 1.9063e-01
3761.2019 1.9957e-01
3762.3306 2.0629e-01
3763.4590 2.0415e-01
3764.5881 2.0530e-01
3765.7175 1.6505e-01
3766.8472 1.6936e-01
3767.9771 2.0576e-01
3769.1079 1.7242e-01
3770.2383 1.9372e-01
3771.3694 1.8446e-01
3772.5007 1.8659e-01
3773.6328 1.8141e-01
3774.7646 1.7656e-01
3775.8972 1.9681e-01
3777.0298 1.9864e-01
3778.1628 1.6039e-01
3779.2964 1.8052e-01
3780.4302 2.0834e-01
3781.5642 1.7408e-01
3782.6987 1.6284e-01
3783.8335 1.6724e-01
3784.9690 1.9051e-01
3786.1042 1.7131e-01
3787.2400 1.6697e-01
3788.3762 1.6695e-01
3789.5125 1.8180e-01
3790.6497 1.7924e-01
3791.7869 1.8013e-01
3792.9246 1.4884e-01
3794.0625 1.6918e-01
3795.2007 1.7183e-01
3796.3391 1.5749e-01
3797.4778 1.4037e-01
3798.6169 1.1923e-01
3799.7568 1.4858e-01
3800.8967 1.6158e-01
3802.0371 1.4600e-01
3803.1775 1.6057e-01
3804.3181 1.6499e-01
3805.4597 1.6781e-01
3806.6013 1.2692e-01
3807.7434 1.8471e-01
3808.8857 1.7316e-01
3810.0286 1.5171e-01
3811.1714 1.5971e-01
3812.3149 1.5933e-01
3813.4583 1.3882e-01
3814.6025 1.6793e-01
3815.7468 1.5363e-01
3816.8916 1.3977e-01
3818.0369 1.4016e-01
3819.1824 1.4405e-01
3820.3281 1.4823e-01
3821.4741 1.6098e-01
3822.6201 1.4212e-01
3823.7671 1.8338e-01
3824.9143 1.6316e-01
3826.0615 1.8068e-01
3827.2097 1.6877e-01
3828.3577 1.5970e-01
3829.5063 1.7909e-01
3830.6553 1.6309e-01
3831.8044 1.7584e-01
3832.9539 1.7722e-01
3834.1035 1.9589e-01
3835.2539 1.7399e-01
3836.4045 1.7108e-01
3837.5554 1.6843e-01
3838.7068 1.9079e-01
3839.8582 1.8661e-01
3841.0103 2.1314e-01
3842.1628 2.0029e-01
3843.3152 2.0527e-01
3844.4683 2.4519e-01
3845.6216 2.2038e-01
3846.7754 2.2717e-01
3847.9294 2.3835e-01
3849.0835 2.2493e-01
3850.2383 2.1846e-01
3851.3933 2.2285e-01
3852.5488 1.9763e-01
3853.7051 2.0547e-01
3854.8606 2.1840e-01
3856.0173 2.4713e-01
3857.1741 2.1404e-01
3858.3313 2.4041e-01
3859.4883 2.4102e-01
3860.6465 2.5195e-01
3861.8047 2.3808e-01
3862.9631 2.1302e-01
3864.1221 2.2262e-01
3865.2815 2.4509e-01
3866.4412 2.3579e-01
3867.6011 2.6212e-01
3868.7610 2.2615e-01
3869.9216 2.2011e-01
3871.0828 2.2296e-01
3872.2441 2.3183e-01
3873.4058 2.4951e-01
3874.5676 2.4872e-01
3875.7302 2.5072e-01
3876.8931 2.5214e-01
3878.0559 2.6247e-01
3879.2192 2.4115e-01
3880.3831 2.3406e-01
3881.5474 2.3371e-01
3882.7119 2.3775e-01
3883.8767 2.7450e-01
3885.0420 2.3225e-01
3886.2073 2.9798e-01
3887.3728 2.6897e-01
3888.5391 2.5856e-01
3889.7061 2.6012e-01
3890.8730 2.8017e-01
3892.0400 2.4881e-01
3893.2078 2.3241e-01
3894.3755 2.6690e-01
3895.5439 2.5057e-01
3896.7126 2.4298e-01
3897.8813 2.2451e-01
3899.0508 2.6255e-01
3900.2209 2.7500e-01
3901.3909 2.5005e-01
3902.5613 2.6800e-01
3903.7322 2.6044e-01
3904.9031 2.6360e-01
3906.0747 2.7098e-01
3907.2463 2.4589e-01
3908.4187 2.5988e-01
3909.5911 3.0778e-01
3910.7642 2.6194e-01
3911.9373 2.3983e-01
3913.1111 2.8809e-01
3914.2849 2.9507e-01
3915.4592 2.9774e-01
3916.6335 2.7582e-01
3917.8086 2.5856e-01
3918.9839 2.2132e-01
3920.1597 2.2299e-01
3921.3359 2.6430e-01
3922.5120 2.7825e-01
3923.6887 2.4430e-01
3924.8660 2.6205e-01
3926.0432 2.5070e-01
3927.2212 2.8222e-01
3928.3994 2.3408e-01
3929.5779 2.7602e-01
3930.7568 2.9027e-01
3931.9360 2.7327e-01
3933.1157 2.6697e-01
3934.2954 3.1479e-01
3935.4758 2.4927e-01
3936.6562 2.7511e-01
3937.8374 2.7829e-01
3939.0186 2.7195e-01
3940.2004 3.2117e-01
3941.3826 2.8731e-01
3942.5649 3.0552e-01
3943.7478 2.9027e-01
3944.9307 2.9193e-01
3946.1147 2.8862e-01
3947.2983 3.4534e-01
3948.4824 3.0525e-01
3949.6670 3.1300e-01
3950.8521 2.7661e-01
3952.0369 3.2774e-01
3953.2227 2.8322e-01
3954.4089 3.2113e-01
3955.5950 3.3252e-01
3956.7812 3.1462e-01
3957.9688 3.2358e-01
3959.1560 3.3907e-01
3960.3438 3.2805e-01
3961.5320 3.1126e-01
3962.7202 3.1101e-01
3963.9094 3.1310e-01
3965.0984 3.1150e-01
3966.2881 3.2352e-01
3967.4778 3.3327e-01
3968.6680 3.2381e-01
3969.8584 3.3659e-01
3971.0498 3.2679e-01
3972.2412 3.3565e-01
3973.4326 3.2199e-01
3974.6248 3.4550e-01
3975.8171 3.4816e-01
3977.0095 3.2089e-01
3978.2029 3.8021e-01
3979.3962 3.2833e-01
3980.5901 3.7238e-01
3981.7844 3.2513e-01
3982.9790 2.8561e-01
3984.1736 2.9411e-01
3985.3691 3.2076e-01
3986.5647 3.3481e-01
3987.7605 2.7943e-01
3988.9568 3.3608e-01
3990.1538 3.8422e-01
3991.3506 3.1421e-01
3992.5481 3.2061e-01
3993.7456 3.4505e-01
3994.9441 3.5910e-01
3996.1423 3.2308e-01
3997.3413 3.2651e-01
3998.5408 3.0842e-01
3999.7397 3.0318e-01
4000.9402 3.5816e-01
4002.1401 3.5353e-01
4003.3408 3.3432e-01
4004.5415 3.0620e-01
4005.7434 3.5026e-01
4006.9448 3.2023e-01
4008.1470 3.4609e-01
4009.3496 3.0825e-01
4010.5522 3.3466e-01
4011.7556 3.4390e-01
4012.9587 3.2175e-01
4014.1628 2.9627e-01
4015.3672 3.4852e-01
4016.5715 3.5505e-01
4017.7769 3.4129e-01
4018.9817 3.3792e-01
4020.1875 3.1591e-01
4021.3936 3.5318e-01
4022.6003 3.9076e-01
4023.8071 3.2819e-01
4025.0142 3.1531e-01
4026.2214 3.3967e-01
4027.4294 2.9214e-01
4028.6377 3.6248e-01
4029.8462 3.2660e-01
4031.0554 3.6519e-01
4032.2646 3.1159e-01
4033.4744 2.9718e-01
4034.6843 3.3840e-01
4035.8945 3.1744e-01
4037.1052 3.4870e-01
4038.3167 3.4779e-01
4039.5281 3.1805e-01
4040.7397 3.6653e-01
4041.9524 2.8953e-01
4043.1648 3.2343e-01
4044.3777 3.4260e-01
4045.5913 3.2878e-01
4046.8047 3.4990e-01
4048.0186 3.0866e-01
4049.2332 3.0380e-01
4050.4480 3.6432e-01
4051.6628 3.4816e-01
4052.8784 2.9335e-01
4054.0942 3.2029e-01
4055.3108 3.1699e-01
4056.5273 3.6098e-01
4057.7444 3.4424e-01
4058.9614 3.2041e-01
4060.1792 2.9239e-01
4061.3970 2.8204e-01
4062.6155 3.0119e-01
4063.8345 3.3226e-01
4065.0535 3.0059e-01
4066.2732 2.6662e-01
4067.4929 3.0277e-01
4068.7131 3.1968e-01
4069.9338 2.6419e-01
4071.1548 2.7614e-01
4072.3762 3.0671e-01
4073.5981 3.0601e-01
4074.8201 3.0637e-01
4076.0427 2.6074e-01
4077.2654 2.9328e-01
4078.4885 2.5196e-01
4079.7119 2.9540e-01
4080.9358 2.9035e-01
4082.1602 2.6020e-01
4083.3845 2.6254e-01
4084.6099 2.5904e-01
4085.8354 2.7074e-01
4087.0608 2.8683e-01
4088.2869 2.3683e-01
4089.5137 2.8922e-01
4090.7407 2.5608e-01
4091.9678 3.0438e-01
4093.1953 2.4804e-01
4094.4233 2.3304e-01
4095.6519 2.5743e-01
4096.8799 2.4811e-01
4098.1094 2.3799e-01
4099.3384 2.7187e-01
4100.5684 2.4365e-01
4101.7988 2.4051e-01
4103.0293 2.4058e-01
4104.2598 2.3925e-01
4105.4912 2.5018e-01
4106.7231 2.5247e-01
4107.9546 2.3489e-01
4109.1875 2.6013e-01
4110.4204 2.2557e-01
4111.6533 2.2306e-01
4112.8867 2.4953e-01
4114.1211 2.4039e-01
4115.3545 2.6902e-01
4116.5898 2.3683e-01
4117.8247 2.3829e-01
4119.0596 2.4368e-01
4120.2954 2.3541e-01
4121.5317 2.7653e-01
4122.7681 2.3907e-01
4124.0049 2.2044e-01
4125.2422 2.3384e-01
4126.4800 2.0740e-01
4127.7178 2.4799e-01
4128.9561 2.4972e-01
4130.1948 2.4374e-01
4131.4336 2.5145e-01
4132.6733 2.7477e-01
4133.9126 2.1947e-01
4135.1533 2.4221e-01
4136.3936 2.8384e-01
4137.6348 2.4805e-01
4138.8760 2.4974e-01
4140.1172 2.3975e-01
4141.3599 2.6758e-01
4142.6021 2.3373e-01
4143.8447 2.4753e-01
4145.0879 2.7436e-01
4146.3315 2.5690e-01
4147.5752 2.5963e-01
4148.8198 2.8053e-01
4150.0640 2.9851e-01
4151.3091 2.6510e-01
4152.5547 2.3616e-01
4153.8003 2.5636e-01
4155.0464 2.5641e-01
4156.2930 3.0949e-01
4157.5400 2.4766e-01
4158.7871 2.9377e-01
4160.0352 2.7955e-01
4161.2827 2.7213e-01
4162.5312 2.6052e-01
4163.7803 2.7151e-01
4165.0293 2.5912e-01
4166.2783 2.4730e-01
4167.5288 2.6779e-01
4168.7788 2.8071e-01
4170.0298 2.8076e-01
4171.2803 2.7710e-01
4172.5317 2.7335e-01
4173.7837 3.1200e-01
4175.0356 2.3921e-01
4176.2886 2.4357e-01
4177.5410 3.5005e-01
4178.7944 2.6178e-01
4180.0479 2.8567e-01
4181.3022 2.3445e-01
4182.5566 2.9107e-01
4183.8115 2.4918e-01
4185.0664 2.4321e-01
4186.3223 2.6877e-01
4187.5776 2.7927e-01
4188.8340 2.9725e-01
4190.0903 2.9036e-01
4191.3477 2.6935e-01
4192.6050 2.5276e-01
4193.8628 2.6589e-01
4195.1206 2.5474e-01
4196.3794 2.8678e-01
4197.6387 2.5681e-01
4198.8975 2.8690e-01
4200.1577 2.5810e-01
4201.4175 2.6256e-01
4202.6782 3.1346e-01
4203.9390 2.4508e-01
4205.2002 2.6064e-01
4206.4614 2.4019e-01
4207.7231 2.3447e-01
4208.9858 2.5893e-01
4210.2485 2.3483e-01
4211.5112 2.8150e-01
4212.7749 2.5423e-01
4214.0391 2.4790e-01
4215.3032 2.5785e-01
4216.5679 2.6510e-01
4217.8330 2.4779e-01
4219.0981 2.3973e-01
4220.3638 2.7358e-01
4221.6299 2.6881e-01
4222.8965 2.5860e-01
4224.1636 2.5874e-01
4225.4302 2.4857e-01
4226.6978 2.2323e-01
4227.9658 2.5160e-01
4229.2349 2.6819e-01
4230.5034 2.4136e-01
4231.7725 2.4360e-01
4233.0415 2.6389e-01
4234.3115 2.5059e-01
4235.5825 2.4491e-01
4236.8525 2.5553e-01
4238.1235 2.3996e-01
4239.3955 2.4908e-01
4240.6670 2.3942e-01
4241.9390 2.2656e-01
4243.2119 2.4705e-01
4244.4844 2.4821e-01
4245.7583 2.2038e-01
4247.0317 2.5679e-01
4248.3062 2.3868e-01
4249.5806 2.2834e-01
4250.8555 2.1906e-01
4252.1309 2.2100e-01
4253.4062 2.5171e-01
4254.6821 2.3775e-01
4255.9590 2.3309e-01
4257.2358 2.4420e-01
4258.5127 3.0805e-01
4259.7900 2.3521e-01
4261.0679 2.3628e-01
4262.3462 2.4949e-01
4263.6250 2.4301e-01
4264.9043 2.4092e-01
4266.1841 2.3125e-01
4267.4639 2.4186e-01
4268.7432 1.9685e-01
4270.0244 2.4885e-01
4271.3052 2.4439e-01
4272.5869 2.7016e-01
4273.8682 2.2031e-01
4275.1509 2.0362e-01
4276.4336 2.2135e-01
4277.7163 2.1042e-01
4278.9995 2.3315e-01
4280.2837 2.1953e-01
4281.5674 2.2084e-01
4282.8521 2.3054e-01
4284.1367 2.5054e-01
4285.4219 2.7521e-01
4286.7075 2.3631e-01
4287.9937 2.2808e-01
4289.2798 2.5397e-01
4290.5669 2.5820e-01
4291.8540 2.5343e-01
4293.1416 2.1735e-01
4294.4292 2.2041e-01
4295.7183 2.5092e-01
4297.0063 2.2916e-01
4298.2954 2.5949e-01
4299.5854 2.4805e-01
4300.8750 2.3018e-01
4302.1650 2.2561e-01
4303.4561 2.3397e-01
4304.7471 2.4091e-01
4306.0381 2.5233e-01
4307.3301 2.1296e-01
4308.6221 2.5959e-01
4309.9150 2.3250e-01
4311.2075 2.3266e-01
4312.5015 2.1481e-01
4313.7949 2.2126e-01
4315.0889 1.9135e-01
4316.3838 2.3614e-01
4317.6787 1.9930e-01
4318.9741 2.1612e-01
4320.2700 1.9263e-01
4321.5654 2.2286e-01
4322.8623 2.3523e-01
4324.1592 2.4726e-01
4325.4565 1.9332e-01
4326.7539 2.1569e-01
4328.0518 2.1106e-01
4329.3501 1.9735e-01
4330.6494 2.0716e-01
4331.9482 2.1764e-01
4333.2480 2.0971e-01
4334.5479 1.9869e-01
4335.8477 2.0453e-01
4337.1489 1.7684e-01
4338.4502 2.0897e-01
4339.7515 1.7452e-01
4341.0537 2.2415e-01
4342.3560 1.9385e-01
4343.6582 2.2068e-01
4344.9614 2.1831e-01
4346.2646 1.8570e-01
4347.5693 2.1044e-01
4348.8735 2.0052e-01
4350.1782 2.1060e-01
4351.4829 2.1782e-01
4352.7886 1.9038e-01
4354.0938 1.8811e-01
4355.4009 1.8217e-01
4356.7070 1.7915e-01
4358.0137 1.9655e-01
4359.3218 1.9362e-01
4360.6294 2.0683e-01
4361.9375 2.0621e-01
4363.2461 2.0087e-01
4364.5552 1.9661e-01
4365.8643 1.6437e-01
4367.1743 2.1191e-01
4368.4844 1.8562e-01
4369.7954 2.1160e-01
4371.1060 2.0757e-01
4372.4170 1.9751e-01
4373.7285 1.9712e-01
4375.0415 1.8693e-01
4376.3540 1.8162e-01
4377.6665 1.8806e-01
4378.9800 2.0442e-01
4380.2935 1.9420e-01
4381.6074 1.8123e-01
4382.9219 1.9445e-01
4384.2363 1.8694e-01
4385.5522 1.5865e-01
4386.8677 1.9906e-01
4388.1841 1.5531e-01
4389.5010 1.6246e-01
4390.8169 1.9441e-01
4392.1343 1.9184e-01
4393.4521 2.1158e-01
4394.7700 1.9641e-01
4396.0884 1.9872e-01
4397.4077 2.0461e-01
4398.7266 1.8118e-01
4400.0464 1.9972e-01
4401.3667 2.1736e-01
4402.6870 1.9917e-01
4404.0073 2.0222e-01
4405.3291 2.0599e-01
4406.6504 1.9586e-01
4407.9722 1.7139e-01
4409.2944 1.9906e-01
4410.6172 2.2882e-01
4411.9404 1.8707e-01
4413.2642 2.2542e-01
4414.5879 1.8704e-01
4415.9126 2.4061e-01
4417.2373 2.2263e-01
4418.5625 2.0550e-01
4419.8882 1.9888e-01
4421.2139 2.0797e-01
4422.5405 2.0828e-01
4423.8672 2.1159e-01
4425.1938 2.3606e-01
4426.5220 2.2821e-01
4427.8496 2.3046e-01
4429.1787 2.5442e-01
4430.5063 2.0864e-01
4431.8364 2.0555e-01
4433.1655 2.2214e-01
4434.4956 2.6702e-01
4435.8262 2.0392e-01
4437.1567 2.7872e-01
4438.4878 2.3651e-01
4439.8193 2.4329e-01
4441.1514 2.6341e-01
4442.4834 2.2510e-01
4443.8164 2.7776e-01
4445.1494 2.3672e-01
4446.4829 2.6327e-01
4447.8169 2.6430e-01
4449.1514 2.7679e-01
4450.4863 2.6943e-01
4451.8213 2.9320e-01
4453.1567 2.5690e-01
4454.4927 2.9710e-01
4455.8291 2.5975e-01
4457.1660 2.6767e-01
4458.5029 2.7427e-01
4459.8403 2.5549e-01
4461.1787 2.5740e-01
4462.5171 3.0107e-01
4463.8555 2.9963e-01
4465.1948 2.8978e-01
4466.5347 2.8132e-01
4467.8740 2.7048e-01
4469.2144 2.8770e-01
4470.5552 3.3905e-01
4471.8970 2.7562e-01
4473.2383 2.7474e-01
4474.5806 3.0472e-01
4475.9229 3.1131e-01
4477.2651 3.0172e-01
4478.6084 3.1392e-01
4479.9521 2.7456e-01
4481.2959 2.9492e-01
4482.6406 2.9339e-01
4483.9854 3.1570e-01
4485.3306 3.0484e-01
4486.6763 2.8562e-01
4488.0220 2.8440e-01
4489.3682 2.8229e-01
4490.7153 3.1174e-01
4492.0620 3.1909e-01
4493.4102 2.7894e-01
4494.7578 3.2243e-01
4496.1069 3.0651e-01
4497.4556 2.9648e-01
4498.8047 2.9301e-01
4500.1543 3.0340e-01
4501.5044 2.8829e-01
4502.8550 2.8501e-01
4504.2056 2.9265e-01
4505.5566 3.4137e-01
4506.9082 2.9033e-01
4508.2607 3.1444e-01
4509.6133 3.2785e-01
4510.9658 3.2122e-01
4512.3193 2.8698e-01
4513.6729 3.5328e-01
4515.0273 3.6291e-01
4516.3818 3.0904e-01
4517.7363 2.9917e-01
4519.0918 3.2781e-01
4520.4473 2.8252e-01
4521.8037 3.4778e-01
4523.1606 3.1067e-01
4524.5171 3.1693e-01
4525.8750 3.3229e-01
4527.2324 2.9502e-01
4528.5903 2.9776e-01
4529.9492 3.3460e-01
4531.3081 3.6091e-01
4532.6675 3.0069e-01
4534.0269 3.3347e-01
4535.3872 3.2145e-01
4536.7480 3.1155e-01
4538.1094 3.1101e-01
4539.4702 3.3285e-01
4540.8320 3.5234e-01
4542.1943 3.3505e-01
4543.5576 3.2705e-01
4544.9199 3.4845e-01
4546.2842 3.3779e-01
4547.6475 3.0811e-01
4549.0117 3.1547e-01
4550.3770 2.8601e-01
4551.7417 3.3002e-01
4553.1074 3.1186e-01
4554.4731 3.3526e-01
4555.8398 3.1529e-01
4557.2061 3.5962e-01
4558.5732 3.2953e-01
4559.9414 3.4172e-01
4561.3086 3.4123e-01
4562.6772 3.5383e-01
4564.0459 3.4423e-01
4565.4150 3.4097e-01
4566.7852 3.3792e-01
4568.1553 3.4610e-01
4569.5249 3.6230e-01
4570.8965 3.3783e-01
4572.2676 3.4558e-01
4573.6392 3.5303e-01
4575.0117 3.3698e-01
4576.3838 3.2668e-01
4577.7568 3.6303e-01
4579.1304 3.3597e-01
4580.5039 3.1986e-01
4581.8784 3.2460e-01
4583.2524 3.5024e-01
4584.6274 3.4499e-01
4586.0029 3.4384e-01
4587.3789 3.5541e-01
4588.7549 3.7002e-01
4590.1318 3.6323e-01
4591.5083 3.6505e-01
4592.8857 3.2852e-01
4594.2642 3.3765e-01
4595.6426 3.4098e-01
4597.0210 3.3123e-01
4598.3999 3.3267e-01
4599.7798 3.0918e-01
4601.1597 3.8161e-01
4602.5396 3.1669e-01
4603.9204 3.1327e-01
4605.3022 3.1166e-01
4606.6836 3.4122e-01
4608.0649 3.6202e-01
4609.4478 2.9180e-01
4610.8306 3.2908e-01
4612.2144 3.2205e-01
4613.5977 3.2453e-01
4614.9819 3.3213e-01
4616.3662 3.2145e-01
4617.7515 3.5871e-01
4619.1362 3.3443e-01
4620.5225 3.1350e-01
4621.9082 2.9350e-01
4623.2949 3.4521e-01
4624.6816 3.4014e-01
4626.0693 3.2298e-01
4627.4570 3.3683e-01
4628.8457 3.4334e-01
4630.2334 3.3158e-01
4631.6230 3.6225e-01
4633.0127 3.5829e-01
4634.4028 3.2371e-01
4635.7935 2.9386e-01
4637.1831 3.2593e-01
4638.5742 3.4461e-01
4639.9658 3.1209e-01
4641.3579 3.1794e-01
4642.7505 3.1504e-01
4644.1436 2.9885e-01
4645.5371 3.0723e-01
4646.9307 3.2397e-01
4648.3247 3.5002e-01
4649.7188 2.5894e-01
4651.1138 2.8818e-01
4652.5093 2.9772e-01
4653.9048 3.0031e-01
4655.3018 2.7214e-01
4656.6978 3.2841e-01
4658.0947 3.1300e-01
4659.4922 3.3518e-01
4660.8896 3.0305e-01
4662.2886 2.9753e-01
4663.6865 2.9329e-01
4665.0859 3.1400e-01
4666.4854 3.4092e-01
4667.8853 3.0519e-01
4669.2861 3.2642e-01
4670.6870 2.9507e-01
4672.0874 2.7939e-01
4673.4897 3.1969e-01
4674.8916 3.5181e-01
4676.2944 2.9058e-01
4677.6968 2.9597e-01
4679.1006 2.7619e-01
4680.5039 3.3447e-01
4681.9082 3.2635e-01
4683.3125 3.0620e-01
4684.7173 2.9806e-01
4686.1230 3.0113e-01
4687.5288 2.7662e-01
4688.9351 3.0837e-01
4690.3423 3.2712e-01
4691.7490 2.9862e-01
4693.1562 2.6656e-01
4694.5645 3.4055e-01
4695.9731 3.2978e-01
4697.3818 2.8586e-01
4698.7910 3.1262e-01
4700.2002 3.0428e-01
4701.6104 2.9406e-01
4703.0205 2.6940e-01
4704.4316 2.8183e-01
4705.8433 3.0032e-01
4707.2549 2.9671e-01
4708.6670 2.9699e-01
4710.0796 2.8111e-01
4711.4927 2.8422e-01
4712.9058 3.0640e-01
4714.3203 2.9132e-01
4715.7344 2.9276e-01
4717.1494 3.0739e-01
4718.5645 2.9163e-01
4719.9800 2.6912e-01
4721.3955 2.6462e-01
4722.8120 2.6965e-01
4724.2290 2.4295e-01
4725.6460 2.5197e-01
4727.0645 2.4413e-01
4728.4824 2.6851e-01
4729.9004 2.6995e-01
4731.3198 2.6714e-01
4732.7388 2.6810e-01
4734.1587 2.3680e-01
4735.5791 2.7171e-01
4737.0000 2.9117e-01
4738.4209 2.5805e-01
4739.8428 2.4743e-01
4741.2646 2.5158e-01
4742.6870 2.7092e-01
4744.1094 2.8916e-01
4745.5327 2.4476e-01
4746.9565 2.6271e-01
4748.3804 2.6356e-01
4749.8052 2.8844e-01
4751.2300 2.4741e-01
4752.6548 2.4274e-01
4754.0811 2.4386e-01
4755.5078 2.8143e-01
4756.9341 2.9490e-01
4758.3608 2.4619e-01
4759.7886 2.6007e-01
4761.2168 2.7603e-01
4762.6445 2.6036e-01
4764.0737 2.6019e-01
4765.5029 2.3531e-01
4766.9326 2.4808e-01
4768.3628 2.3306e-01
4769.7930 2.4052e-01
4771.2236 2.5660e-01
4772.6553 2.4291e-01
4774.0869 2.1881e-01
4775.5190 2.4772e-01
4776.9521 2.3639e-01
4778.3853 2.6556e-01
4779.8184 2.6909e-01
4781.2524 2.4106e-01
4782.6870 2.5915e-01
4784.1226 2.5324e-01
4785.5571 2.5559e-01
4786.9927 2.5117e-01
4788.4292 2.4257e-01
4789.8652 2.6177e-01
4791.3022 2.3227e-01
4792.7397 2.5070e-01
4794.1777 2.5691e-01
4795.6152 2.3508e-01
4797.0542 2.4828e-01
4798.4937 2.6486e-01
4799.9331 2.4651e-01
4801.3735 2.3544e-01
4802.8140 2.1561e-01
4804.2544 2.4647e-01
4805.6958 2.1971e-01
4807.1377 2.3062e-01
4808.5796 2.2651e-01
4810.0220 2.6082e-01
4811.4653 2.6241e-01
4812.9087 2.1333e-01
4814.3525 2.4573e-01
4815.7969 2.2332e-01
4817.2417 2.2259e-01
4818.6865 2.2864e-01
4820.1328 2.4152e-01
4821.5786 2.1196e-01
4823.0249 2.0442e-01
4824.4717 2.1415e-01
4825.9189 2.4537e-01
4827.3667 2.2947e-01
4828.8149 2.4412e-01
4830.2637 2.1844e-01
4831.7124 2.3020e-01
4833.1621 2.3907e-01
4834.6118 2.3268e-01
4836.0620 2.2205e-01
4837.5137 2.3401e-01
4838.9644 2.3452e-01
4840.4165 2.3798e-01
4841.8687 1.8580e-01
4843.3208 2.4991e-01
4844.7739 2.1701e-01
4846.2275 2.3338e-01
4847.6812 2.0796e-01
4849.1357 2.4425e-01
4850.5903 2.4608e-01
4852.0454 2.4813e-01
4853.5015 2.3861e-01
4854.9575 2.2462e-01
4856.4136 2.3978e-01
4857.8706 2.2782e-01
4859.3281 2.1344e-01
4860.7861 2.0369e-01
4862.2437 2.1466e-01
4863.7026 2.2602e-01
4865.1621 2.0049e-01
4866.6211 2.4523e-01
4868.0815 2.3835e-01
4869.5420 2.1573e-01
4871.0024 2.3187e-01
4872.4639 2.1128e-01
4873.9263 2.2489e-01
4875.3877 2.2275e-01
4876.8506 2.1286e-01
4878.3135 2.1881e-01
4879.7773 2.0672e-01
4881.2412 2.0831e-01
4882.7051 2.2096e-01
4884.1704 2.4626e-01
4885.6357 2.1418e-01
4887.1011 2.1544e-01
4888.5674 2.1471e-01
4890.0337 2.1282e-01
4891.5010 2.2200e-01
4892.9683 2.2433e-01
4894.4360 2.1167e-01
4895.9043 2.4560e-01
4897.3730 2.3963e-01
4898.8423 2.3124e-01
4900.3120 2.6258e-01
4901.7827 2.1561e-01
4903.2529 2.4339e-01
4904.7231 2.3002e-01
4906.1953 2.2846e-01
4907.6675 2.1019e-01
4909.1392 1.9937e-01
4910.6123 2.3761e-01
4912.0854 2.0962e-01
4913.5586 2.2890e-01
4915.0332 2.4105e-01
4916.5073 2.3941e-01
4917.9819 2.3411e-01
4919.4575 1.9368e-01
4920.9331 2.2848e-01
4922.4097 2.2095e-01
4923.8872 2.3162e-01
4925.3638 1.9061e-01
4926.8418 2.1916e-01
4928.3188 2.1413e-01
4929.7979 1.9223e-01
4931.2769 1.9591e-01
4932.7563 2.0021e-01
4934.2358 2.0349e-01
4935.7168 1.9737e-01
4937.1963 2.0743e-01
4938.6782 2.0744e-01
4940.1597 1.8082e-01
4941.6416 2.1277e-01
4943.1250 1.7639e-01
4944.6069 1.9974e-01
4946.0908 1.9871e-01
4947.5752 1.7896e-01
4949.0586 1.6800e-01
4950.5435 1.8402e-01
4952.0278 1.7853e-01
4953.5142 1.7962e-01
4955.0010 1.8860e-01
4956.4873 1.8614e-01
4957.9741 1.5938e-01
4959.4614 1.9859e-01
4960.9492 1.4519e-01
4962.4370 1.4884e-01
4963.9258 1.7008e-01
4965.4150 1.5302e-01
4966.9048 1.8725e-01
4968.3945 1.6357e-01
4969.8853 1.7976e-01
4971.3765 1.7832e-01
4972.8677 1.4867e-01
4974.3599 1.5894e-01
4975.8521 1.7681e-01
4977.3447 1.6792e-01
4978.8379 1.4826e-01
4980.3315 1.6957e-01
4981.8257 1.5562e-01
4983.3203 1.7111e-01
4984.8159 1.6501e-01
4986.3105 1.4643e-01
4987.8066 1.7427e-01
4989.3027 1.9558e-01
4990.7998 1.6323e-01
4992.2974 1.8500e-01
4993.7939 1.5541e-01
4995.2930 1.6721e-01
4996.7915 1.8448e-01
4998.2905 1.5915e-01
4999.7896 1.6974e-01
5001.2896 1.9149e-01
5002.7900 1.7308e-01
5004.2915 1.8248e-01
5005.7925 1.5889e-01
5007.2944 1.5831e-01
5008.7964 1.9429e-01
5010.2993 1.7469e-01
5011.8022 1.6428e-01
5013.3057 1.8061e-01
5014.8101 1.9593e-01
5016.3145 1.8371e-01
5017.8184 1.8364e-01
5019.3247 2.0434e-01
5020.8301 1.8165e-01
5022.3359 2.0893e-01
5023.8428 1.7980e-01
5025.3496 1.6491e-01
5026.8579 2.1861e-01
5028.3657 1.9504e-01
5029.8740 1.9583e-01
5031.3828 1.9306e-01
5032.8926 1.6677e-01
5034.4023 1.5813e-01
5035.9131 1.7436e-01
5037.4233 1.9606e-01
5038.9346 1.8257e-01
5040.4463 1.9916e-01
5041.9585 2.0538e-01
5043.4712 1.8412e-01
5044.9839 1.6636e-01
5046.4980 1.5895e-01
5048.0112 2.0058e-01
5049.5259 1.9395e-01
5051.0415 1.8571e-01
5052.5562 1.9413e-01
5054.0723 1.9257e-01
5055.5884 2.0183e-01
5057.1045 1.7365e-01
5058.6221 1.8530e-01
5060.1401 1.6792e-01
5061.6577 1.7657e-01
5063.1763 2.0733e-01
5064.6953 1.7566e-01
5066.2144 1.6009e-01
5067.7339 1.9171e-01
5069.2549 1.8858e-01
5070.7759 1.9382e-01
5072.2969 2.1249e-01
5073.8188 1.8736e-01
5075.3403 2.1315e-01
5076.8628 2.0283e-01
5078.3867 1.7038e-01
5079.9097 1.9384e-01
5081.4336 1.8872e-01
5082.9580 1.8301e-01
5084.4829 2.1372e-01
5086.0083 1.8994e-01
5087.5342 1.7580e-01
5089.0605 1.8928e-01
5090.5874 1.7850e-01
5092.1143 1.8904e-01
5093.6421 1.8175e-01
5095.1699 1.6787e-01
5096.6987 1.8567e-01
5098.2275 1.6389e-01
5099.7573 1.9569e-01
5101.2871 1.8113e-01
5102.8179 1.8973e-01
5104.3481 1.7701e-01
5105.8799 1.6798e-01
5107.4111 1.5316e-01
5108.9438 1.8556e-01
5110.4761 1.8417e-01
5112.0093 1.9031e-01
5113.5435 1.7442e-01
5115.0771 1.9032e-01
5116.6118 1.7832e-01
5118.1470 1.8702e-01
5119.6816 1.9068e-01
5121.2183 1.6043e-01
5122.7544 1.7959e-01
5124.2910 1.6946e-01
5125.8286 1.5966e-01
5127.3667 1.5278e-01
5128.9043 1.8037e-01
5130.4429 1.8071e-01
5131.9824 1.7156e-01
5133.5220 1.6949e-01
5135.0615 1.9790e-01
5136.6021 1.7871e-01
5138.1436 1.7778e-01
5139.6846 1.7290e-01
5141.2266 1.7061e-01
5142.7690 1.7183e-01
5144.3125 1.7940e-01
5145.8550 2.1395e-01
5147.3989 1.8081e-01
5148.9429 1.8759e-01
5150.4883 1.7004e-01
5152.0332 1.9116e-01
5153.5781 1.7168e-01
5155.1245 1.9238e-01
5156.6714 1.7567e-01
5158.2178 2.0762e-01
5159.7656 1.7194e-01
5161.3130 1.7226e-01
5162.8618 1.7044e-01
5164.4106 1.7400e-01
5165.9604 1.6184e-01
5167.5098 1.9219e-01
5169.0605 2.0353e-01
5170.6108 2.0969e-01
5172.1621 1.9062e-01
5173.7139 2.0632e-01
5175.2656 1.8853e-01
5176.8188 1.9315e-01
5178.3711 1.9654e-01
5179.9253 1.8339e-01
5181.4790 1.7707e-01
5183.0337 2.0216e-01
5184.5884 2.0052e-01
5186.1436 2.0953e-01
5187.6992 1.7648e-01
5189.2559 2.1581e-01
5190.8130 1.9666e-01
5192.3696 2.2640e-01
5193.9277 2.2066e-01
5195.4858 2.2512e-01
5197.0439 2.0381e-01
5198.6035 2.1824e-01
5200.1636 1.9040e-01
5201.7231 2.3445e-01
5203.2837 2.2053e-01
5204.8447 1.8973e-01
5206.4058 2.1967e-01
5207.9683 1.9242e-01
5209.5303 1.9091e-01
5211.0933 2.0393e-01
5212.6567 2.2073e-01
5214.2202 2.2402e-01
5215.7847 2.3217e-01
5217.3496 2.1306e-01
5218.9150 1.9418e-01
5220.4800 2.3700e-01
5222.0464 1.9760e-01
5223.6128 2.0297e-01
5225.1802 1.9993e-01
5226.7480 2.2282e-01
5228.3154 2.2565e-01
5229.8843 2.4159e-01
5231.4526 2.3213e-01
5233.0225 1.9794e-01
5234.5928 2.2222e-01
5236.1626 2.1621e-01
5237.7339 2.1289e-01
5239.3052 1.9742e-01
5240.8770 2.1069e-01
5242.4492 2.1343e-01
5244.0220 2.0138e-01
5245.5947 1.8715e-01
5247.1689 2.2984e-01
5248.7422 2.1969e-01
5250.3174 2.1669e-01
5251.8921 1.8914e-01
5253.4678 2.1910e-01
5255.0439 2.2093e-01
5256.6211 2.0033e-01
5258.1978 1.9807e-01
5259.7749 1.9005e-01
5261.3530 1.7808e-01
5262.9312 2.0260e-01
5264.5098 2.0525e-01
5266.0898 1.8967e-01
5267.6694 1.9506e-01
5269.2495 1.9462e-01
5270.8311 2.0052e-01
5272.4116 2.1309e-01
5273.9941 2.0221e-01
5275.5757 1.6874e-01
5277.1587 1.8435e-01
5278.7422 2.0453e-01
5280.3252 2.2004e-01
5281.9092 2.3887e-01
5283.4937 2.0290e-01
5285.0786 1.9551e-01
5286.6641 2.0248e-01
5288.2500 2.0095e-01
5289.8369 1.8873e-01
5291.4238 1.9252e-01
5293.0117 1.9289e-01
5294.5996 2.0685e-01
5296.1870 1.9275e-01
5297.7764 2.1160e-01
5299.3662 1.9271e-01
5300.9561 2.1231e-01
5302.5459 2.2225e-01
5304.1367 2.3672e-01
5305.7280 1.7595e-01
5307.3188 2.2494e-01
5308.9116 2.1184e-01
5310.5044 2.1788e-01
5312.0977 2.2075e-01
5313.6919 2.0707e-01
5315.2856 2.2061e-01
5316.8799 2.2522e-01
5318.4751 2.1498e-01
5320.0708 2.5636e-01
5321.6665 2.1862e-01
5323.2632 1.8891e-01
5324.8604 2.1293e-01
5326.4575 2.1287e-01
5328.0557 2.1243e-01
5329.6533 1.9963e-01
5331.2534 2.0545e-01
5332.8516 2.1191e-01
5334.4517 2.1812e-01
5336.0522 2.1570e-01
5337.6533 2.1565e-01
5339.2544 2.0539e-01
5340.8560 2.0343e-01
5342.4585 1.9515e-01
5344.0605 2.0953e-01
5345.6646 1.8742e-01
5347.2681 2.0636e-01
5348.8726 2.2577e-01
5350.4771 1.9354e-01
5352.0825 1.9340e-01
5353.6875 1.8501e-01
5355.2944 2.0568e-01
5356.9009 1.9088e-01
5358.5073 1.8789e-01
5360.1152 1.9580e-01
5361.7236 1.6947e-01
5363.3315 1.9083e-01
5364.9404 1.7925e-01
5366.5503 1.7510e-01
5368.1602 1.6280e-01
5369.7705 1.7392e-01
5371.3813 1.7328e-01
5372.9932 1.7439e-01
5374.6050 1.5979e-01
5376.2173 1.5388e-01
5377.8301 1.5477e-01
5379.4434 1.7988e-01
5381.0576 1.7178e-01
5382.6714 1.3794e-01
5384.2861 1.4617e-01
5385.9014 1.7144e-01
5387.5171 1.8697e-01
5389.1343 1.6279e-01
5390.7505 1.5921e-01
5392.3677 1.5129e-01
5393.9858 1.6634e-01
5395.6035 1.6068e-01
5397.2222 1.6262e-01
5398.8413 1.5415e-01
5400.4609 1.6059e-01
5402.0811 1.5186e-01
5403.7017 1.7685e-01
5405.3228 1.8383e-01
5406.9448 1.6073e-01
5408.5659 1.6743e-01
5410.1890 1.7186e-01
5411.8115 1.4973e-01
5413.4360 1.4084e-01
5415.0596 1.6678e-01
5416.6841 1.6593e-01
5418.3096 1.6227e-01
5419.9351 1.3896e-01
5421.5605 1.5094e-01
5423.1875 1.6239e-01
5424.8145 1.7961e-01
5426.4414 1.5762e-01
5428.0693 1.3037e-01
5429.6982 1.6271e-01
5431.3271 1.7685e-01
5432.9565 1.5620e-01
5434.5859 1.7346e-01
5436.2163 1.6911e-01
5437.8472 1.4421e-01
5439.4785 1.6108e-01
5441.1104 1.7755e-01
5442.7427 1.4279e-01
5444.3760 2.0849e-01
5446.0098 1.7076e-01
5447.6431 1.6991e-01
5449.2778 1.3262e-01
5450.9121 1.4479e-01
5452.5474 1.7527e-01
5454.1826 1.6861e-01
5455.8193 1.5336e-01
5457.4565 1.5689e-01
5459.0933 1.5446e-01
5460.7310 1.5822e-01
5462.3696 1.6188e-01
5464.0073 1.8920e-01
5465.6475 1.6986e-01
5467.2871 2.0087e-01
5468.9272 1.6951e-01
5470.5674 1.6562e-01
5472.2090 1.8252e-01
5473.8506 1.5037e-01
5475.4927 1.8271e-01
5477.1353 1.7516e-01
5478.7783 1.7587e-01
5480.4224 1.5756e-01
5482.0659 1.8568e-01
5483.7104 1.6239e-01
5485.3560 1.6630e-01
5487.0010 1.6932e-01
5488.6475 1.9424e-01
5490.2944 1.5423e-01
5491.9414 1.7076e-01
5493.5889 1.5307e-01
5495.2368 1.6228e-01
5496.8857 1.7380e-01
5498.5342 1.4181e-01
5500.1841 1.7047e-01
5501.8340 1.5215e-01
5503.4849 1.4950e-01
5505.1357 1.5066e-01
5506.7871 1.7612e-01
5508.4395 1.5837e-01
5510.0923 1.7087e-01
5511.7451 1.5481e-01
5513.3984 1.4840e-01
5515.0522 1.7398e-01
5516.7070 1.5177e-01
5518.3623 1.2663e-01
5520.0176 1.5447e-01
5521.6733 1.5170e-01
5523.3301 1.4971e-01
5524.9868 1.5272e-01
5526.6450 1.5858e-01
5528.3027 1.6881e-01
5529.9609 1.6231e-01
5531.6201 1.7618e-01
5533.2793 1.7569e-01
5534.9395 1.5183e-01
5536.5996 1.6971e-01
5538.2607 1.4554e-01
5539.9229 1.4473e-01
5541.5840 1.6034e-01
5543.2466 1.2664e-01
5544.9102 1.3533e-01
5546.5728 1.4096e-01
5548.2373 1.6133e-01
5549.9019 1.5015e-01
5551.5664 1.3345e-01
5553.2324 1.4243e-01
5554.8984 1.2254e-01
5556.5645 1.4715e-01
5558.2310 1.5462e-01
5559.8989 1.4306e-01
5561.5669 1.6174e-01
5563.2354 1.4849e-01
5564.9043 1.3914e-01
5566.5732 1.6984e-01
5568.2437 1.4355e-01
5569.9150 1.3608e-01
5571.5854 1.4323e-01
5573.2568 1.3072e-01
5574.9287 1.5993e-01
5576.6011 1.3182e-01
5578.2739 1.4169e-01
5579.9482 1.3221e-01
5581.6216 1.5059e-01
5583.2959 1.4718e-01
5584.9717 1.4747e-01
5586.6470 1.2589e-01
5588.3223 1.3614e-01
5589.9990 1.5070e-01
5591.6763 1.6191e-01
5593.3535 1.3129e-01
5595.0317 1.1814e-01
5596.7104 1.5281e-01
5598.3892 1.5272e-01
5600.0688 1.5647e-01
5601.7490 1.5928e-01
5603.4292 1.1189e-01
5605.1104 1.5744e-01
5606.7915 1.5353e-01
5608.4741 1.5656e-01
5610.1562 1.5105e-01
5611.8394 1.3714e-01
5613.5234 1.3677e-01
5615.2075 1.5130e-01
5616.8916 1.5470e-01
5618.5767 1.2811e-01
5620.2627 1.6231e-01
5621.9482 1.2960e-01
5623.6348 1.5922e-01
5625.3218 1.5144e-01
5627.0098 1.6205e-01
5628.6982 1.6650e-01
5630.3867 1.5245e-01
5632.0757 1.5824e-01
5633.7651 1.5506e-01
5635.4551 1.6666e-01
5637.1460 1.5477e-01
5638.8369 1.6566e-01
5640.5283 1.6229e-01
5642.2207 1.4354e-01
5643.9141 1.5588e-01
5645.6069 1.5678e-01
5647.3003 1.7459e-01
5648.9946 1.4711e-01
5650.6895 1.5367e-01
5652.3848 1.7329e-01
5654.0801 1.5489e-01
5655.7759 1.4423e-01
5657.4736 1.6975e-01
5659.1709 1.6181e-01
5660.8682 1.6614e-01
5662.5664 1.5474e-01
5664.2651 1.6195e-01
5665.9644 1.4245e-01
5667.6641 1.8300e-01
5669.3647 1.6047e-01
5671.0649 1.5641e-01
5672.7666 1.7090e-01
5674.4688 1.7687e-01
5676.1709 1.5856e-01
5677.8740 1.7976e-01
5679.5771 1.8716e-01
5681.2812 1.7369e-01
5682.9858 1.6923e-01
5684.6899 1.6518e-01
5686.3950 1.8057e-01
5688.1021 1.5086e-01
5689.8076 1.5523e-01
5691.5146 1.8752e-01
5693.2222 1.6192e-01
5694.9302 1.8343e-01
5696.6382 1.7092e-01
5698.3477 1.9415e-01
5700.0571 1.7597e-01
5701.7671 1.3518e-01
5703.4775 1.6104e-01
5705.1885 1.7461e-01
5706.9004 1.6941e-01
5708.6123 1.7117e-01
5710.3252 1.7511e-01
5712.0381 1.9793e-01
5713.7524 1.7069e-01
5715.4663 1.6113e-01
5717.1812 1.6846e-01
5718.8955 1.4922e-01
5720.6118 2.0613e-01
5722.3271 1.9670e-01
5724.0444 1.6851e-01
5725.7617 1.8639e-01
5727.4795 1.6648e-01
5729.1973 1.6854e-01
5730.9165 1.8565e-01
5732.6353 1.8427e-01
5734.3550 1.6173e-01
5736.0757 1.5708e-01
5737.7969 1.7055e-01
5739.5176 1.6461e-01
5741.2397 1.8090e-01
5742.9624 1.5946e-01
5744.6851 1.7635e-01
5746.4082 1.8635e-01
5748.1323 1.7809e-01
5749.8569 1.7096e-01
5751.5815 1.5013e-01
5753.3076 2.0392e-01
5755.0332 1.5587e-01
5756.7593 1.8002e-01
5758.4863 1.7182e-01
5760.2144 1.8618e-01
5761.9424 1.7540e-01
5763.6709 1.6973e-01
5765.3999 1.5483e-01
5767.1294 1.7272e-01
5768.8594 1.6427e-01
5770.5908 1.7979e-01
5772.3213 1.7042e-01
5774.0527 1.8207e-01
5775.7856 1.6795e-01
5777.5181 1.7768e-01
5779.2515 1.9959e-01
5780.9844 1.9134e-01
5782.7192 1.6484e-01
5784.4546 1.8835e-01
5786.1899 1.6556e-01
5787.9253 1.6254e-01
5789.6626 1.9066e-01
5791.3984 1.8494e-01
5793.1362 1.6415e-01
5794.8745 1.8233e-01
5796.6123 1.4735e-01
5798.3516 1.5545e-01
5800.0913 1.7897e-01
5801.8306 1.6110e-01
5803.5713 1.6471e-01
5805.3125 1.8136e-01
5807.0537 1.5178e-01
5808.7964 1.7380e-01
5810.5391 1.8575e-01
5812.2822 1.5711e-01
5814.0259 1.8387e-01
5815.7700 1.4588e-01
5817.5151 1.6398e-01
5819.2598 1.7684e-01
5821.0059 1.7405e-01
5822.7524 1.7597e-01
5824.4990 1.6450e-01
5826.2461 1.6327e-01
5827.9937 1.4725e-01
5829.7427 1.4612e-01
5831.4912 1.6227e-01
5833.2407 1.3906e-01
5834.9912 1.7876e-01
5836.7417 1.4178e-01
5838.4922 1.7805e-01
5840.2446 1.6067e-01
5841.9961 1.6888e-01
5843.7490 1.6122e-01
5845.5020 1.5540e-01
5847.2559 1.6072e-01
5849.0103 1.4004e-01
5850.7642 1.6549e-01
5852.5195 1.5906e-01
5854.2754 1.0996e-01
5856.0317 1.5797e-01
5857.7881 1.4833e-01
5859.5454 1.3675e-01
5861.3032 1.3606e-01
5863.0625 1.6107e-01
5864.8208 1.3052e-01
5866.5806 1.3613e-01
5868.3403 1.5746e-01
5870.1006 1.5259e-01
5871.8618 1.3082e-01
5873.6230 1.4868e-01
5875.3857 1.6051e-01
5877.1479 1.5605e-01
5878.9111 1.4091e-01
5880.6748 1.3619e-01
5882.4390 1.2657e-01
5884.2036 1.3854e-01
5885.9692 1.1147e-01
5887.7349 1.2305e-01
5889.5010 1.3821e-01
5891.2676 1.3500e-01
5893.0356 1.3881e-01
5894.8032 1.3368e-01
5896.5718 1.2216e-01
5898.3408 1.3740e-01
5900.1108 1.4688e-01
5901.8804 1.4546e-01
5903.6509 1.3216e-01
5905.4219 1.2796e-01
5907.1938 1.2524e-01
5908.9663 1.3832e-01
5910.7383 1.3053e-01
5912.5112 1.4572e-01
5914.2856 1.3189e-01
5916.0601 1.5081e-01
5917.8345 1.2198e-01
5919.6099 1.3298e-01
5921.3857 1.5036e-01
5923.1621 1.2617e-01
5924.9395 1.4924e-01
5926.7163 1.5229e-01
5928.4946 1.1538e-01
5930.2729 1.4354e-01
5932.0522 1.6451e-01
5933.8315 1.5672e-01
5935.6123 1.3292e-01
5937.3926 1.0952e-01
5939.1738 1.2439e-01
5940.9556 1.6298e-01
5942.7383 1.5092e-01
5944.5210 1.5599e-01
5946.3042 1.2442e-01
5948.0879 1.2916e-01
5949.8726 1.5628e-01
5951.6572 1.5076e-01
5953.4434 1.3743e-01
5955.2290 1.6081e-01
5957.0151 1.4480e-01
5958.8022 1.4116e-01
5960.5903 1.4151e-01
5962.3789 1.5585e-01
5964.1670 1.4276e-01
5965.9561 1.4368e-01
5967.7466 1.5506e-01
5969.5366 1.5465e-01
5971.3276 1.4240e-01
5973.1187 1.6589e-01
5974.9106 1.6621e-01
5976.7031 1.6051e-01
5978.4961 1.8637e-01
5980.2900 1.7595e-01
5982.0845 1.3966e-01
5983.8789 1.5101e-01
5985.6729 1.6271e-01
5987.4692 1.5198e-01
5989.2651 1.4467e-01
5991.0620 1.5739e-01
5992.8589 1.1381e-01
5994.6572 1.4139e-01
5996.4556 1.4335e-01
5998.2549 1.4968e-01
6000.0547 1.4862e-01
6001.8545 1.5242e-01
6003.6548 1.4249e-01
6005.4561 1.4542e-01
6007.2578 1.3986e-01
6009.0596 1.5458e-01
6010.8623 1.7018e-01
6012.6660 1.2086e-01
6014.4697 1.4778e-01
6016.2739 1.5143e-01
6018.0786 1.7908e-01
6019.8843 1.5011e-01
6021.6909 1.3009e-01
6023.4966 1.3219e-01
6025.3037 1.6729e-01
6027.1108 1.3866e-01
6028.9199 1.5170e-01
6030.7285 1.5359e-01
6032.5366 1.4115e-01
6034.3472 1.5414e-01
6036.1577 1.5927e-01
6037.9683 1.6296e-01
6039.7793 1.2782e-01
6041.5918 1.5315e-01
6043.4038 1.4364e-01
6045.2173 1.4789e-01
6047.0312 1.5043e-01
6048.8447 1.4801e-01
6050.6592 1.5084e-01
6052.4751 1.4762e-01
6054.2905 1.5486e-01
6056.1069 1.4308e-01
6057.9233 1.5904e-01
6059.7407 1.0917e-01
6061.5586 1.5526e-01
6063.3770 1.3857e-01
6065.1968 1.4912e-01
6067.0161 1.7145e-01
6068.8359 1.5162e-01
6070.6567 1.4246e-01
6072.4785 1.4418e-01
6074.2998 1.4883e-01
6076.1221 1.3742e-01
6077.9448 1.4951e-01
6079.7681 1.4288e-01
6081.5918 1.4314e-01
6083.4160 1.4809e-01
6085.2417 1.3740e-01
6087.0664 1.3410e-01
6088.8936 1.5705e-01
6090.7197 1.4004e-01
6092.5469 1.4563e-01
6094.3745 1.4787e-01
6096.2031 1.6826e-01
6098.0327 1.6727e-01
6099.8613 1.4374e-01
6101.6914 1.3986e-01
6103.5220 1.1408e-01
6105.3530 1.3571e-01
6107.1846 1.3434e-01
6109.0171 1.4578e-01
6110.8496 1.5229e-01
6112.6831 1.3678e-01
6114.5166 1.3021e-01
6116.3511 1.4207e-01
6118.1855 1.1670e-01
6120.0210 1.4901e-01
6121.8574 1.3475e-01
6123.6938 1.5381e-01
6125.5308 1.5288e-01
6127.3687 1.2883e-01
6129.2065 1.4019e-01
6131.0454 1.5131e-01
6132.8843 1.5041e-01
6134.7246 1.1347e-01
6136.5649 1.3544e-01
6138.4062 1.3349e-01
6140.2476 1.4107e-01
6142.0894 1.2978e-01
6143.9316 1.6144e-01
6145.7759 1.3062e-01
6147.6191 1.3930e-01
6149.4634 1.4952e-01
6151.3081 1.0767e-01
6153.1538 1.4844e-01
6155.0000 1.3367e-01
6156.8462 1.3319e-01
6158.6934 1.3056e-01
6160.5410 1.2860e-01
6162.3892 1.2974e-01
6164.2373 1.3221e-01
6166.0869 1.3236e-01
6167.9370 1.1925e-01
6169.7871 1.3079e-01
6171.6387 1.2364e-01
6173.4897 1.3450e-01
6175.3413 1.2817e-01
6177.1938 1.4347e-01
6179.0474 1.3587e-01
6180.9009 1.2747e-01
6182.7549 1.4308e-01
6184.6104 1.1768e-01
6186.4653 1.1548e-01
6188.3213 1.2389e-01
6190.1782 1.4054e-01
6192.0356 1.1966e-01
6193.8931 1.2593e-01
6195.7505 1.2980e-01
6197.6099 1.3002e-01
6199.4688 1.2631e-01
6201.3281 1.2493e-01
6203.1895 1.2291e-01
6205.0498 1.1981e-01
6206.9121 1.3174e-01
6208.7739 1.0729e-01
6210.6367 1.1520e-01
6212.4995 1.1703e-01
6214.3633 1.3161e-01
6216.2275 8.7058e-02
6218.0923 1.1674e-01
6219.9575 1.1238e-01
6221.8237 9.5680e-02
6223.6904 1.1328e-01
6225.5576 9.4649e-02
6227.4258 1.0098e-01
6229.2935 1.1619e-01
6231.1621 1.0672e-01
6233.0317 1.1628e-01
6234.9019 1.1515e-01
6236.7720 1.0235e-01
6238.6431 1.0860e-01
6240.5146 1.0469e-01
6242.3867 9.3123e-02
6244.2598 9.8535e-02
6246.1323 9.1998e-02
6248.0063 1.1491e-01
6249.8813 9.5055e-02
6251.7559 1.0518e-01
6253.6313 1.0084e-01
6255.5073 9.3109e-02
6257.3843 8.3029e-02
6259.2617 9.5696e-02
6261.1392 9.2955e-02
6263.0176 1.1273e-01
6264.8970 1.0480e-01
6266.7759 9.0090e-02
6268.6562 1.0026e-01
6270.5361 1.0188e-01
6272.4180 9.1959e-02
6274.2993 8.9694e-02
6276.1816 1.0547e-01
6278.0645 8.7818e-02
6279.9478 9.0706e-02
6281.8320 8.8908e-02
6283.7168 9.1579e-02
6285.6021 9.8583e-02
6287.4868 7.4329e-02
6289.3740 7.6393e-02
6291.2603 7.3283e-02
6293.1475 8.6639e-02
6295.0352 8.3192e-02
6296.9238 8.4333e-02
6298.8130 1.0008e-01
6300.7026 6.4757e-02
6302.5933 8.8552e-02
6304.4839 1.0126e-01
6306.3755 7.2317e-02
6308.2676 8.1412e-02
6310.1597 7.9873e-02
6312.0527 8.7808e-02
6313.9468 7.4482e-02
6315.8398 7.3892e-02
6317.7349 9.1400e-02
6319.6304 8.3074e-02
6321.5269 1.0078e-01
6323.4233 9.2827e-02
6325.3198 9.0642e-02
6327.2178 9.8713e-02
6329.1157 9.3517e-02
6331.0146 9.4423e-02
6332.9131 9.7931e-02
6334.8140 1.0487e-01
6336.7139 9.2470e-02
6338.6147 9.5000e-02
6340.5166 8.3082e-02
6342.4189 1.1069e-01
6344.3213 9.6459e-02
6346.2246 8.2703e-02
6348.1284 8.9781e-02
6350.0332 8.7047e-02
6351.9380 8.1641e-02
6353.8442 9.8883e-02
6355.7500 9.5107e-02
6357.6572 1.0395e-01
6359.5645 1.0961e-01
6361.4717 8.0447e-02
6363.3804 8.3753e-02
6365.2891 1.0990e-01
6367.1987 9.8425e-02
6369.1089 9.4243e-02
6371.0200 1.0199e-01
6372.9312 8.6669e-02
6374.8428 1.0239e-01
6376.7549 1.0617e-01
6378.6685 1.0829e-01
6380.5820 1.0360e-01
6382.4966 1.2339e-01
6384.4111 9.6703e-02
6386.3257 9.7104e-02
6388.2422 1.0984e-01
6390.1587 9.8040e-02
6392.0752 1.0488e-01
6393.9932 9.1710e-02
6395.9116 1.0313e-01
6397.8301 9.4498e-02
6399.7490 1.0991e-01
6401.6694 1.0979e-01
6403.5898 1.1267e-01
6405.5112 1.0859e-01
6407.4331 1.0923e-01
6409.3545 9.6736e-02
6411.2778 1.2346e-01
6413.2012 9.0107e-02
6415.1250 1.0486e-01
6417.0493 1.0108e-01
6418.9741 1.0757e-01
6420.9004 1.1459e-01
6422.8262 9.8745e-02
6424.7534 1.2116e-01
6426.6812 9.7115e-02
6428.6094 9.3215e-02
6430.5381 1.1749e-01
6432.4668 9.1231e-02
6434.3960 9.1414e-02
6436.3267 9.6162e-02
6438.2578 1.0748e-01
6440.1895 9.2499e-02
6442.1216 1.1167e-01
6444.0537 1.1644e-01
6445.9868 9.8169e-02
6447.9209 1.0970e-01
6449.8550 9.4978e-02
6451.7905 1.1336e-01
6453.7256 1.0655e-01
6455.6621 1.2417e-01
6457.5986 1.0360e-01
6459.5356 1.0664e-01
6461.4741 1.1626e-01
6463.4121 1.1182e-01
6465.3506 1.0444e-01
6467.2905 1.0860e-01
6469.2310 1.0575e-01
6471.1719 1.1652e-01
6473.1128 9.4429e-02
6475.0552 9.5533e-02
6476.9976 1.0746e-01
6478.9409 9.8033e-02
6480.8848 1.0617e-01
6482.8286 1.0695e-01
6484.7739 1.2476e-01
6486.7192 1.0406e-01
6488.6650 1.0835e-01
6490.6113 1.0573e-01
6492.5581 8.9784e-02
6494.5063 1.0624e-01
6496.4546 1.0395e-01
6498.4038 9.7020e-02
6500.3535 9.8112e-02
6502.3032 8.4462e-02
6504.2539 1.1612e-01
6506.2056 1.0033e-01
6508.1572 1.0309e-01
6510.1099 1.0705e-01
6512.0625 9.6344e-02
6514.0166 1.1824e-01
6515.9702 1.1984e-01
6517.9258 9.2003e-02
6519.8809 9.9295e-02
6521.8364 9.5370e-02
6523.7930 7.9033e-02
6525.7505 1.0021e-01
6527.7075 8.9967e-02
6529.6665 1.0822e-01
6531.6255 8.7731e-02
6533.5845 1.0622e-01
6535.5449 1.1974e-01
6537.5054 1.1611e-01
6539.4668 1.0791e-01
6541.4282 9.4657e-02
6543.3911 8.2247e-02
6545.3545 1.0809e-01
6547.3179 7.8748e-02
6549.2817 1.0461e-01
6551.2466 1.0416e-01
6553.2124 9.8442e-02
6555.1777 9.2391e-02
6557.1445 9.7904e-02
6559.1113 9.4417e-02
6561.0796 9.3637e-02
6563.0479 8.1476e-02
6565.0166 9.2423e-02
6566.9863 9.5617e-02
6568.9561 1.0349e-01
6570.9268 8.1879e-02
6572.8979 8.8856e-02
6574.8701 1.0126e-01
6576.8423 1.0185e-01
6578.8154 8.7571e-02
6580.7896 8.4544e-02
6582.7632 9.7335e-02
6584.7383 8.0799e-02
6586.7139 9.2753e-02
6588.6895 9.5063e-02
6590.6660 9.0016e-02
6592.6431 8.1234e-02
6594.6211 8.2800e-02
6596.5996 9.4171e-02
6598.5791 9.2541e-02
6600.5581 7.1282e-02
6602.5386 1.0507e-01
6604.5190 8.7685e-02
6606.5005 7.7468e-02
6608.4824 9.0841e-02
6610.4648 6.4981e-02
6612.4482 8.7032e-02
6614.4326 8.8614e-02
6616.4160 6.7643e-02
6618.4009 9.4758e-02
6620.3867 8.3247e-02
6622.3730 7.0242e-02
6624.3594 7.6037e-02
6626.3467 8.0624e-02
6628.3350 8.0196e-02
6630.3232 7.1794e-02
6632.3125 8.1952e-02
6634.3022 8.3205e-02
6636.2920 7.7640e-02
6638.2827 7.5606e-02
6640.2744 8.4676e-02
6642.2671 9.1943e-02
6644.2593 8.8745e-02
6646.2529 7.5493e-02
6648.2471 7.7987e-02
6650.2412 8.3233e-02
6652.2358 9.2729e-02
6654.2314 7.8291e-02
6656.2280 7.6063e-02
6658.2251 8.3785e-02
6660.2222 6.9240e-02
6662.2207 8.0399e-02
6664.2197 7.4199e-02
6666.2178 7.4269e-02
6668.2178 9.1084e-02
6670.2188 8.3462e-02
6672.2192 7.8767e-02
6674.2212 7.2419e-02
6676.2241 6.5754e-02
6678.2266 6.5446e-02
6680.2300 7.0703e-02
6682.2334 6.9213e-02
6684.2388 8.7947e-02
6686.2446 7.6951e-02
6688.2500 7.6568e-02
6690.2563 6.2755e-02
6692.2627 7.9584e-02
6694.2715 7.7077e-02
6696.2793 7.5957e-02
6698.2881 7.4735e-02
6700.2979 7.9548e-02
6702.3081 7.7624e-02
6704.3188 7.5553e-02
6706.3301 6.1084e-02
6708.3418 8.1980e-02
6710.3545 7.9668e-02
6712.3672 7.4379e-02
6714.3809 5.2353e-02
6716.3955 7.8466e-02
6718.4106 8.4045e-02
6720.4263 7.5575e-02
6722.4419 6.9994e-02
6724.4585 6.9000e-02
6726.4756 5.7150e-02
6728.4946 7.7047e-02
6730.5127 6.9054e-02
6732.5312 6.9822e-02
6734.5513 6.7507e-02
6736.5718 8.2178e-02
6738.5923 6.2898e-02
6740.6152 5.8577e-02
6742.6367 6.1681e-02
6744.6587 8.2918e-02
6746.6831 5.5463e-02
6748.7065 6.4429e-02
6750.7310 6.7828e-02
6752.7563 5.9146e-02
6754.7822 5.5574e-02
6756.8091 7.6713e-02
6758.8359 5.7074e-02
6760.8633 6.7794e-02
6762.8916 6.2032e-02
6764.9209 6.1228e-02
6766.9502 5.3583e-02
6768.9805 5.9224e-02
6771.0107 6.5002e-02
6773.0425 7.1707e-02
6775.0742 5.8126e-02
6777.1064 5.9395e-02
6779.1401 5.4011e-02
6781.1733 5.0507e-02
6783.2080 6.7622e-02
6785.2427 4.6898e-02
6787.2783 5.5197e-02
6789.3149 6.3630e-02
6791.3516 5.6014e-02
6793.3887 6.3333e-02
6795.4272 5.7938e-02
6797.4653 5.6335e-02
6799.5049 6.3278e-02
6801.5444 6.6463e-02
6803.5854 6.1842e-02
6805.6260 5.2332e-02
6807.6685 6.2030e-02
6809.7100 6.9518e-02
6811.7534 5.2908e-02
6813.7964 7.5670e-02
6815.8408 5.7241e-02
6817.8853 5.0354e-02
6819.9312 7.4259e-02
6821.9771 6.2286e-02
6824.0234 6.7439e-02
6826.0703 6.0508e-02
6828.1182 5.7557e-02
6830.1670 6.0369e-02
6832.2163 6.4454e-02
6834.2651 5.2172e-02
6836.3154 4.8811e-02
6838.3667 5.6518e-02
6840.4180 4.9792e-02
6842.4702 5.9949e-02
6844.5229 5.3595e-02
6846.5762 5.6221e-02
6848.6304 5.2296e-02
6850.6851 5.1342e-02
6852.7402 5.2674e-02
6854.7959 4.1904e-02
6856.8525 6.5043e-02
6858.9097 5.8650e-02
6860.9668 6.2981e-02
6863.0254 6.5278e-02
6865.0845 5.7724e-02
6867.1440 5.6420e-02
6869.2041 5.1657e-02
6871.2646 5.6477e-02
6873.3257 4.7610e-02
6875.3882 5.2803e-02
6877.4512 5.0274e-02
6879.5137 6.3627e-02
6881.5781 5.4938e-02
6883.6421 5.7180e-02
6885.7075 5.0877e-02
6887.7729 5.9463e-02
6889.8394 6.5548e-02
6891.9062 4.5353e-02
6893.9746 5.3468e-02
6896.0425 5.3001e-02
6898.1113 5.0433e-02
6900.1802 4.9219e-02
6902.2505 5.5572e-02
6904.3213 5.1182e-02
6906.3926 5.7461e-02
6908.4648 5.6612e-02
6910.5366 4.6725e-02
6912.6099 5.3822e-02
6914.6841 5.3755e-02
6916.7588 6.0730e-02
6918.8335 5.7634e-02
6920.9092 6.5892e-02
6922.9849 5.2543e-02
6925.0620 6.4729e-02
6927.1401 5.8168e-02
6929.2178 4.9386e-02
6931.2964 4.2382e-02
6933.3760 3.9302e-02
6935.4561 5.2967e-02
6937.5371 5.5785e-02
6939.6182 4.4911e-02
6941.7002 4.5955e-02
6943.7822 5.0538e-02
6945.8657 4.4037e-02
6947.9487 4.6142e-02
6950.0337 5.3989e-02
6952.1182 4.7635e-02
6954.2046 5.1518e-02
6956.2905 5.5347e-02
6958.3779 5.2600e-02
6960.4644 4.2220e-02
6962.5527 5.4489e-02
6964.6421 5.0428e-02
6966.7314 4.4060e-02
6968.8208 5.3289e-02
6970.9116 5.1846e-02
6973.0029 5.4256e-02
6975.0947 4.3393e-02
6977.1880 4.5053e-02
6979.2803 5.8042e-02
6981.3745 4.7414e-02
6983.4692 5.5524e-02
6985.5635 4.1947e-02
6987.6602 5.3345e-02
6989.7559 5.0850e-02
6991.8525 5.3994e-02
6993.9507 6.0552e-02
6996.0488 5.3564e-02
6998.1479 4.0732e-02
7000.2471 5.7894e-02
7002.3467 4.2339e-02
7004.4468 4.7680e-02
7006.5488 4.2904e-02
7008.6514 5.4739e-02
7010.7529 4.5673e-02
7012.8564 4.0460e-02
7014.9609 5.1406e-02
7017.0654 5.2622e-02
7019.1699 4.5995e-02
7021.2759 4.4568e-02
7023.3823 5.4529e-02
7025.4893 5.0428e-02
7027.5977 5.7279e-02
7029.7051 4.7485e-02
7031.8145 4.0913e-02
7033.9238 5.2837e-02
7036.0337 4.7099e-02
7038.1450 5.4963e-02
7040.2559 5.1553e-02
7042.3687 6.0104e-02
7044.4805 5.0276e-02
7046.5938 5.2493e-02
7048.7080 3.7674e-02
7050.8228 5.4401e-02
7052.9385 6.2316e-02
7055.0542 6.0512e-02
7057.1704 5.2765e-02
7059.2881 5.1070e-02
7061.4053 4.6497e-02
7063.5234 5.0709e-02
7065.6431 5.2871e-02
7067.7627 5.1730e-02
7069.8828 4.3287e-02
7072.0039 4.9298e-02
7074.1255 5.4038e-02
7076.2476 5.6828e-02
7078.3706 5.0129e-02
7080.4937 5.1553e-02
7082.6187 4.4082e-02
7084.7432 5.2277e-02
7086.8687 5.8824e-02
7088.9946 5.0407e-02
7091.1216 4.6288e-02
7093.2490 4.6398e-02
7095.3765 5.9674e-02
7097.5049 5.3176e-02
7099.6348 4.2741e-02
7101.7642 4.8826e-02
7103.8945 5.7638e-02
7106.0264 4.2310e-02
7108.1582 4.3161e-02
7110.2905 4.5499e-02
7112.4229 4.9768e-02
7114.5571 3.9632e-02
7116.6914 4.7680e-02
7118.8262 4.6094e-02
7120.9619 6.0543e-02
7123.0986 4.0626e-02
7125.2354 3.7950e-02
7127.3730 4.0166e-02
7129.5112 5.5233e-02
7131.6499 4.3355e-02
7133.7896 4.5134e-02
7135.9292 3.9623e-02
7138.0703 4.7011e-02
7140.2119 3.4835e-02
7142.3540 4.8058e-02
7144.4966 6.0887e-02
7146.6396 4.4969e-02
7148.7842 5.6266e-02
7150.9287 5.3807e-02
7153.0742 4.8498e-02
7155.2197 4.1965e-02
7157.3667 4.7322e-02
7159.5137 5.0921e-02
7161.6616 4.3062e-02
7163.8101 3.9923e-02
7165.9590 4.3076e-02
7168.1089 3.5504e-02
7170.2593 3.5335e-02
7172.4102 3.7281e-02
7174.5625 3.8265e-02
7176.7144 5.0588e-02
7178.8672 4.9853e-02
7181.0210 4.1069e-02
7183.1753 5.7347e-02
7185.3306 3.9622e-02
7187.4858 4.3943e-02
7189.6421 4.2126e-02
7191.7988 4.8562e-02
7193.9565 4.9900e-02
7196.1147 3.2043e-02
7198.2734 3.6269e-02
7200.4336 5.5139e-02
7202.5928 4.6604e-02
7204.7539 5.4126e-02
7206.9155 3.9726e-02
7209.0771 4.3685e-02
7211.2402 5.5779e-02
7213.4033 5.1704e-02
7215.5674 4.2813e-02
7217.7324 4.6608e-02
7219.8979 4.9567e-02
7222.0635 3.4739e-02
7224.2300 4.2892e-02
7226.3979 4.1359e-02
7228.5654 3.6374e-02
7230.7334 4.6465e-02
7232.9033 3.5475e-02
7235.0728 6.0108e-02
7237.2432 3.7657e-02
7239.4150 4.2507e-02
7241.5864 5.1493e-02
7243.7593 5.2584e-02
7245.9321 4.7220e-02
7248.1060 4.7829e-02
7250.2803 4.7347e-02
7252.4551 4.7268e-02
7254.6313 3.9542e-02
7256.8076 5.5747e-02
7258.9849 2.9586e-02
7261.1626 4.2198e-02
7263.3408 4.1846e-02
7265.5200 4.5977e-02
7267.6992 4.9783e-02
7269.8799 3.9319e-02
7272.0605 5.6550e-02
7274.2422 3.8480e-02
7276.4243 5.1948e-02
7278.6069 4.0104e-02
7280.7910 6.2963e-02
7282.9751 3.7074e-02
7285.1602 3.9913e-02
7287.3452 6.0376e-02
7289.5317 4.0483e-02
7291.7188 5.0992e-02
7293.9067 4.5953e-02
7296.0947 5.1860e-02
7298.2832 3.5289e-02
7300.4727 5.2575e-02
7302.6631 4.8343e-02
7304.8540 4.2601e-02
7307.0454 4.2830e-02
7309.2373 4.7222e-02
7311.4292 4.1089e-02
7313.6235 4.1795e-02
7315.8179 3.5475e-02
7318.0122 3.8220e-02
7320.2075 3.8881e-02
7322.4038 4.7788e-02
7324.6001 4.4939e-02
7326.7979 5.8795e-02
7328.9961 5.0806e-02
7331.1943 4.4651e-02
7333.3936 4.9483e-02
7335.5938 3.9516e-02
7337.7944 3.5078e-02
7339.9956 3.0339e-02
7342.1982 4.4543e-02
7344.4004 4.4566e-02
7346.6035 4.1661e-02
7348.8081 4.8157e-02
7351.0127 4.4073e-02
7353.2183 3.4121e-02
7355.4238 4.4121e-02
7357.6304 4.1600e-02
7359.8374 3.3409e-02
7362.0459 3.6684e-02
7364.2549 3.6401e-02
7366.4634 4.5764e-02
7368.6738 3.0118e-02
7370.8838 4.5093e-02
7373.0957 4.4311e-02
7375.3071 3.5212e-02
7377.5200 4.7222e-02
7379.7334 3.9695e-02
7381.9473 4.0466e-02
7384.1616 3.9927e-02
7386.3770 3.3792e-02
7388.5928 4.4000e-02
7390.8096 3.9949e-02
7393.0264 3.6828e-02
7395.2446 3.2907e-02
7397.4639 3.9311e-02
7399.6826 3.9380e-02
7401.9023 3.6341e-02
7404.1230 3.4238e-02
7406.3438 4.3627e-02
7408.5654 4.2084e-02
7410.7886 3.5863e-02
7413.0122 3.8733e-02
7415.2354 3.0527e-02
7417.4604 3.6200e-02
7419.6855 3.8721e-02
7421.9116 4.5368e-02
7424.1382 4.4020e-02
7426.3652 3.8671e-02
7428.5933 3.7404e-02
7430.8218 4.1520e-02
7433.0513 5.2935e-02
7435.2808 3.2160e-02
7437.5117 4.6496e-02
7439.7432 4.7099e-02
7441.9741 4.1164e-02
7444.2070 3.2950e-02
7446.4404 3.0656e-02
7448.6748 4.7003e-02
7450.9097 3.5225e-02
7453.1440 3.4486e-02
7455.3809 4.8416e-02
7457.6167 4.1857e-02
7459.8545 3.0132e-02
7462.0923 4.7661e-02
7464.3306 3.9976e-02
7466.5698 3.4753e-02
7468.8096 3.6041e-02
7471.0503 3.0233e-02
7473.2920 3.2692e-02
7475.5342 4.7052e-02
7477.7769 3.0315e-02
7480.0205 3.8292e-02
7482.2637 3.1011e-02
7484.5088 3.6127e-02
7486.7539 3.6507e-02
7489.0000 4.4345e-02
7491.2471 3.7539e-02
7493.4937 3.5542e-02
7495.7422 4.2664e-02
7497.9912 3.7147e-02
7500.2402 3.4913e-02
7502.4902 3.9151e-02
7504.7412 2.2434e-02
7506.9927 3.2028e-02
7509.2441 3.3708e-02
7511.4976 3.6687e-02
7513.7510 3.9525e-02
7516.0044 3.6072e-02
7518.2593 3.2378e-02
7520.5151 3.5804e-02
7522.7715 4.0210e-02
7525.0283 3.7332e-02
7527.2861 3.8815e-02
7529.5439 4.4148e-02
7531.8027 4.7045e-02
7534.0620 3.3980e-02
7536.3228 2.7555e-02
7538.5835 4.1515e-02
7540.8447 4.2051e-02
7543.1074 4.2378e-02
7545.3706 3.3648e-02
7547.6338 3.0279e-02
7549.8984 3.7851e-02
7552.1626 3.2661e-02
7554.4292 3.3307e-02
7556.6948 3.7454e-02
7558.9619 3.6507e-02
7561.2295 3.9095e-02
7563.4976 3.3174e-02
7565.7671 2.1499e-02
7568.0366 3.9100e-02
7570.3071 3.4747e-02
7572.5786 4.1736e-02
7574.8511 2.9192e-02
7577.1230 3.3145e-02
7579.3960 4.1647e-02
7581.6694 3.1661e-02
7583.9443 4.0519e-02
7586.2192 3.0638e-02
7588.4956 4.0305e-02
7590.7715 2.8993e-02
7593.0488 3.2122e-02
7595.3262 2.4725e-02
7597.6060 3.2974e-02
7599.8843 3.6812e-02
7602.1641 3.9645e-02
7604.4448 3.8211e-02
7606.7271 3.6158e-02
7609.0093 3.2505e-02
7611.2910 4.2557e-02
7613.5752 3.2555e-02
7615.8589 2.7571e-02
7618.1440 3.3553e-02
7620.4292 3.9695e-02
7622.7153 4.3143e-02
7625.0020 3.1315e-02
7627.2896 2.6728e-02
7629.5781 4.2175e-02
7631.8662 4.2766e-02
7634.1562 3.3116e-02
7636.4468 3.3880e-02
7638.7378 4.0992e-02
7641.0288 3.7867e-02
7643.3213 2.7624e-02
7645.6138 3.4269e-02
7647.9072 3.7637e-02
7650.2021 3.4295e-02
7652.4971 2.9494e-02
7654.7935 3.4201e-02
7657.0894 4.5946e-02
7659.3867 3.0651e-02
7661.6846 3.7448e-02
7663.9829 2.7276e-02
7666.2817 2.9662e-02
7668.5825 2.3399e-02
7670.8823 3.2562e-02
7673.1841 3.4722e-02
7675.4854 3.4075e-02
7677.7891 3.5603e-02
7680.0918 2.3352e-02
7682.3960 3.2433e-02
7684.7002 3.6119e-02
7687.0059 2.7184e-02
7689.3125 3.7347e-02
7691.6191 3.0619e-02
7693.9268 3.4753e-02
7696.2344 3.0779e-02
7698.5430 2.7365e-02
7700.8530 3.3398e-02
7703.1631 3.5397e-02
7705.4746 2.8326e-02
7707.7856 3.1876e-02
7710.0981 3.1945e-02
7712.4111 3.1685e-02
7714.7251 3.9848e-02
7717.0391 5.7133e-02
7719.3540 4.0907e-02
7721.6699 3.4734e-02
7723.9868 3.6367e-02
7726.3042 3.6787e-02
7728.6216 3.8670e-02
7730.9409 3.0670e-02
7733.2593 3.8218e-02
7735.5796 3.3065e-02
7737.9004 2.6195e-02
7740.2217 3.5093e-02
7742.5435 3.5855e-02
7744.8662 3.0057e-02
7747.1895 3.7463e-02
7749.5142 4.1307e-02
7751.8394 3.7906e-02
7754.1650 2.2476e-02
7756.4907 3.0830e-02
7758.8174 2.4191e-02
7761.1450 3.0130e-02
7763.4736 4.2440e-02
7765.8022 3.9502e-02
7768.1323 3.1399e-02
7770.4634 3.0108e-02
7772.7944 3.6087e-02
7775.1260 3.6765e-02
7777.4585 3.4204e-02
7779.7915 3.4738e-02
7782.1260 3.8615e-02
7784.4604 3.0758e-02
7786.7954 4.0358e-02
7789.1318 4.1412e-02
7791.4683 3.6626e-02
7793.8062 3.2721e-02
7796.1436 3.3134e-02
7798.4824 3.3246e-02
7800.8218 3.4872e-02
7803.1626 2.1109e-02
7805.5034 3.8348e-02
7807.8447 2.6464e-02
7810.1880 2.8378e-02
7812.5303 3.2619e-02
7814.8745 3.2974e-02
7817.2192 3.6484e-02
7819.5640 3.0145e-02
7821.9106 3.3276e-02
7824.2559 3.1796e-02
7826.6040 4.1416e-02
7828.9521 3.2970e-02
7831.3003 4.1505e-02
7833.6499 3.8612e-02
7835.9995 2.8510e-02
7838.3511 4.3251e-02
7840.7021 2.8014e-02
7843.0547 3.6689e-02
7845.4077 3.2009e-02
7847.7603 4.0288e-02
7850.1152 3.4153e-02
7852.4702 3.6473e-02
7854.8262 3.9409e-02
7857.1821 4.2257e-02
7859.5396 4.4318e-02
7861.8975 2.8209e-02
7864.2559 3.7528e-02
7866.6157 3.7583e-02
7868.9756 3.8245e-02
7871.3359 3.4210e-02
7873.6978 2.8365e-02
7876.0601 3.5586e-02
7878.4224 2.8305e-02
7880.7856 4.0578e-02
7883.1509 4.1394e-02
7885.5151 2.4388e-02
7887.8809 3.5709e-02
7890.2476 3.6206e-02
7892.6147 3.1610e-02
7894.9814 2.6927e-02
7897.3501 3.3740e-02
7899.7192 3.4774e-02
7902.0898 3.0132e-02
7904.4604 3.2750e-02
7906.8311 3.2207e-02
7909.2036 3.4104e-02
7911.5767 3.1892e-02
7913.9497 3.3853e-02
7916.3247 3.2290e-02
7918.6987 3.4452e-02
7921.0742 3.5178e-02
7923.4512 3.3317e-02
7925.8276 3.6443e-02
7928.2051 3.3376e-02
7930.5845 2.9360e-02
7932.9634 3.6068e-02
7935.3433 3.0926e-02
7937.7236 3.1935e-02
7940.1050 4.1190e-02
7942.4873 2.6693e-02
7944.8701 2.8482e-02
7947.2529 3.8521e-02
7949.6377 3.1501e-02
7952.0225 3.6027e-02
7954.4082 3.4165e-02
7956.7949 3.3084e-02
7959.1807 3.1735e-02
7961.5688 3.3056e-02
7963.9580 2.7786e-02
7966.3462 3.3603e-02
7968.7368 2.9415e-02
7971.1274 2.6209e-02
7973.5181 3.3276e-02
7975.9111 1.9461e-02
7978.3032 2.7163e-02
7980.6973 3.6180e-02
7983.0908 3.0915e-02
7985.4858 3.0069e-02
7987.8823 3.4658e-02
7990.2778 4.6119e-02
7992.6748 3.6916e-02
7995.0728 2.6840e-02
7997.4717 3.9387e-02
7999.8711 3.6683e-02
8002.2710 2.6269e-02
8004.6709 3.8418e-02
8007.0723 4.1069e-02
8009.4746 4.3392e-02
8011.8779 3.2131e-02
8014.2812 3.1252e-02
8016.6855 3.4319e-02
8019.0903 3.0124e-02
8021.4966 2.8684e-02
8023.9028 3.3947e-02
8026.3105 2.3434e-02
8028.7173 2.6105e-02
8031.1260 3.0408e-02
8033.5361 3.4968e-02
8035.9458 3.3862e-02
8038.3569 2.9994e-02
8040.7681 3.3070e-02
8043.1807 2.8544e-02
8045.5933 2.9067e-02
8048.0068 3.5627e-02
8050.4214 4.1759e-02
8052.8364 2.6214e-02
8055.2520 2.8482e-02
8057.6689 2.7590e-02
8060.0864 3.3306e-02
8062.5049 3.3368e-02
8064.9229 2.8141e-02
8067.3423 2.8494e-02
8069.7632 3.3884e-02
8072.1836 3.0713e-02
8074.6050 3.2979e-02
8077.0278 2.9929e-02
8079.4507 3.1076e-02
8081.8745 2.8839e-02
8084.2988 3.1911e-02
8086.7251 3.4531e-02
8089.1509 4.2135e-02
8091.5771 4.1540e-02
8094.0049 2.9259e-02
8096.4331 3.0840e-02
8098.8618 2.7668e-02
8101.2910 3.4151e-02
8103.7217 3.2248e-02
8106.1528 3.1723e-02
8108.5845 2.6899e-02
8111.0171 3.0303e-02
8113.4502 2.3667e-02
8115.8843 3.7055e-02
8118.3188 2.6246e-02
8120.7549 3.8630e-02
8123.1914 3.0123e-02
8125.6284 2.6773e-02
8128.0659 3.5001e-02
8130.5049 2.4256e-02
8132.9438 3.3648e-02
8135.3833 2.9110e-02
8137.8237 2.6441e-02
8140.2651 2.0324e-02
8142.7075 2.3039e-02
8145.1504 2.8066e-02
8147.5938 2.6162e-02
8150.0376 2.2474e-02
8152.4834 3.4751e-02
8154.9292 3.1559e-02
8157.3750 2.9668e-02
8159.8228 2.7756e-02
8162.2705 2.9937e-02
8164.7192 3.0334e-02
8167.1685 3.3547e-02
8169.6187 2.9837e-02
8172.0693 2.2057e-02
8174.5210 3.3772e-02
8176.9736 3.3632e-02
8179.4268 2.9311e-02
8181.8809 2.6269e-02
8184.3350 3.6775e-02
8186.7900 3.6043e-02
8189.2456 2.3807e-02
8191.7031 2.8724e-02
8194.1602 4.0511e-02
8196.6191 2.5069e-02
8199.0781 2.9966e-02
8201.5371 2.6811e-02
8203.9980 2.2948e-02
8206.4590 2.9295e-02
8208.9219 3.6709e-02
8211.3838 3.0867e-02
8213.8477 3.0041e-02
8216.3115 3.9332e-02
8218.7764 4.4101e-02
8221.2422 2.7323e-02
8223.7090 2.7353e-02
8226.1758 3.1120e-02
8228.6436 3.3257e-02
8231.1123 3.7431e-02
8233.5811 3.1563e-02
8236.0518 4.5423e-02
8238.5215 2.5890e-02
8240.9932 3.7585e-02
8243.4658 3.8124e-02
8245.9395 3.7610e-02
8248.4131 2.7644e-02
8250.8877 3.5995e-02
8253.3623 2.3914e-02
8255.8389 3.6080e-02
8258.3154 3.4195e-02
8260.7920 2.4023e-02
8263.2715 3.5784e-02
8265.7500 3.4458e-02
8268.2305 3.8675e-02
8270.7100 2.7602e-02
8273.1914 3.5437e-02
8275.6738 2.7274e-02
8278.1553 3.7082e-02
8280.6396 4.2508e-02
8283.1240 3.2315e-02
8285.6094 3.0933e-02
8288.0947 2.9966e-02
8290.5811 2.9956e-02
8293.0674 2.9245e-02
8295.5557 3.4690e-02
8298.0449 3.0754e-02
8300.5352 3.1592e-02
8303.0234 3.1169e-02
8305.5156 3.9717e-02
8308.0068 4.1272e-02
8310.5000 2.4877e-02
8312.9922 2.9085e-02
8315.4863 2.3632e-02
8317.9805 4.2752e-02
8320.4766 3.5517e-02
8322.9717 4.1062e-02
8325.4697 3.7055e-02
8327.9668 3.6875e-02
8330.4658 3.6164e-02
8332.9639 2.9009e-02
8335.4648 3.8397e-02
8337.9648 3.3080e-02
8340.4668 2.8516e-02
8342.9688 3.2956e-02
8345.4717 3.5341e-02
8347.9746 3.2079e-02
8350.4795 3.7885e-02
8352.9844 4.5869e-02
8355.4902 3.1137e-02
8357.9971 3.1737e-02
8360.5039 4.0236e-02
8363.0127 3.8155e-02
8365.5215 3.6529e-02
8368.0312 4.1650e-02
8370.5420 3.9163e-02
8373.0527 3.2833e-02
8375.5654 3.7898e-02
8378.0771 2.5567e-02
8380.5908 2.8445e-02
8383.1045 2.8852e-02
8385.6191 4.1541e-02
8388.1348 4.3038e-02
8390.6523 4.2920e-02
8393.1689 3.6715e-02
8395.6865 3.1765e-02
8398.2061 3.1128e-02
8400.7246 4.0553e-02
8403.2461 3.0872e-02
8405.7666 3.8686e-02
8408.2881 3.7506e-02
8410.8105 3.6505e-02
8413.3340 2.9518e-02
8415.8584 3.2114e-02
8418.3818 3.6787e-02
8420.9082 3.1699e-02
8423.4346 4.1114e-02
8425.9609 3.4945e-02
8428.4893 2.9198e-02
8431.0186 3.9137e-02
8433.5479 3.6488e-02
8436.0771 4.4492e-02
8438.6074 3.2445e-02
8441.1396 3.5291e-02
8443.6729 3.5138e-02
8446.2051 3.3804e-02
8448.7383 3.7984e-02
8451.2734 3.1567e-02
8453.8086 4.1481e-02
8456.3457 3.6865e-02
8458.8828 2.6546e-02
8461.4199 3.7262e-02
8463.9580 3.7499e-02
8466.4971 3.6347e-02
8469.0371 3.5066e-02
8471.5781 4.0803e-02
8474.1191 3.9071e-02
8476.6621 3.7338e-02
8479.2051 3.5420e-02
8481.7480 4.1364e-02
8484.2930 4.5853e-02
8486.8379 2.5926e-02
8489.3848 3.4473e-02
8491.9316 3.8249e-02
8494.4795 3.5493e-02
8497.0264 3.3231e-02
8499.5762 3.9563e-02
8502.1260 3.2975e-02
8504.6777 4.0774e-02
8507.2285 3.5846e-02
8509.7803 3.7383e-02
8512.3330 3.2286e-02
8514.8857 3.9690e-02
8517.4414 4.1039e-02
8519.9961 3.5357e-02
8522.5527 4.6314e-02
8525.1094 3.7428e-02
8527.6670 2.7143e-02
8530.2246 2.9411e-02
8532.7842 3.4878e-02
8535.3438 3.6889e-02
8537.9053 4.1561e-02
8540.4668 3.3493e-02
8543.0273 4.1863e-02
8545.5908 4.4279e-02
8548.1543 4.6975e-02
8550.7188 3.4794e-02
8553.2842 2.8114e-02
8555.8496 3.4863e-02
8558.4170 3.1919e-02
8560.9844 3.5697e-02
8563.5527 3.7602e-02
8566.1221 3.3781e-02
8568.6914 3.5254e-02
8571.2617 3.2257e-02
8573.8350 3.4519e-02
8576.4062 4.2510e-02
8578.9785 3.9049e-02
8581.5527 4.0983e-02
8584.1270 4.3069e-02
8586.7031 3.6711e-02
8589.2783 4.2270e-02
8591.8555 4.6307e-02
8594.4326 3.1986e-02
8597.0117 3.4496e-02
8599.5898 5.2535e-02
8602.1699 3.7492e-02
8604.7500 3.3483e-02
8607.3320 3.5792e-02
8609.9150 3.1334e-02
8612.4971 3.7247e-02
8615.0811 3.2297e-02
8617.6660 3.4838e-02
8620.2500 3.0826e-02
8622.8369 4.2244e-02
8625.4229 2.7748e-02
8628.0117 4.5535e-02
8630.6006 4.0891e-02
8633.1885 4.3667e-02
8635.7793 3.5704e-02
8638.3711 4.6936e-02
8640.9609 2.6849e-02
8643.5527 3.7668e-02
8646.1465 4.2389e-02
8648.7393 3.1869e-02
8651.3350 3.5160e-02
8653.9307 4.3707e-02
8656.5264 4.6421e-02
8659.1230 3.3137e-02
8661.7207 4.6036e-02
8664.3203 3.4349e-02
8666.9189 3.8989e-02
8669.5186 3.9032e-02
8672.1201 3.8843e-02
8674.7217 3.1788e-02
8677.3242 4.0126e-02
8679.9277 3.5516e-02
8682.5312 3.4437e-02
8685.1367 3.8459e-02
8687.7412 3.2246e-02
8690.3477 4.0757e-02
8692.9551 2.2803e-02
8695.5625 4.0081e-02
8698.1709 4.2556e-02
8700.7803 3.1077e-02
8703.3916 3.8334e-02
8706.0020 3.2036e-02
8708.6133 3.5971e-02
8711.2266 3.8482e-02
8713.8398 4.1670e-02
8716.4541 3.4762e-02
8719.0684 2.7841e-02
8721.6846 3.7593e-02
8724.3018 4.5565e-02
8726.9189 3.8677e-02
8729.5371 2.6082e-02
8732.1553 3.6473e-02
8734.7754 3.3327e-02
8737.3955 3.7052e-02
8740.0166 4.8005e-02
8742.6387 3.0892e-02
8745.2607 3.5951e-02
8747.8848 3.8024e-02
8750.5098 3.5478e-02
8753.1348 3.5333e-02
8755.7607 4.3739e-02
8758.3867 3.3972e-02
8761.0146 3.4072e-02
8763.6436 3.2365e-02
8766.2715 4.0767e-02
8768.9023 3.3495e-02
8771.5322 3.1600e-02
8774.1641 3.0824e-02
8776.7959 3.4967e-02
8779.4287 2.8570e-02
8782.0635 3.2495e-02
8784.6982 3.0374e-02
8787.3330 3.3007e-02
8789.9697 2.6508e-02
8792.6074 3.6034e-02
8795.2451 3.4363e-02
8797.8838 3.4834e-02
8800.5234 3.0808e-02
8803.1621 3.1121e-02
8805.8027 2.9311e-02
8808.4453 2.7492e-02
8811.0879 3.6979e-02
8813.7314 3.4368e-02
8816.3750 3.4967e-02
8819.0205 3.7479e-02
8821.6660 2.6449e-02
8824.3125 3.7444e-02
8826.9590 2.9568e-02
8829.6084 2.8931e-02
8832.2568 2.9783e-02
8834.9062 2.7217e-02
8837.5557 3.0929e-02
8840.2080 2.9681e-02
8842.8594 3.1999e-02
8845.5127 2.8285e-02
8848.1670 3.3809e-02
8850.8213 4.2806e-02
8853.4766 3.3829e-02
8856.1328 2.9395e-02
8858.7881 2.4708e-02
8861.4463 4.0461e-02
8864.1045 2.9231e-02
8866.7646 3.4046e-02
8869.4238 2.8872e-02
8872.0850 2.4653e-02
8874.7471 4.0947e-02
8877.4092 2.7187e-02
8880.0732 2.8605e-02
8882.7373 3.1223e-02
8885.4014 2.0444e-02
8888.0674 3.5474e-02
8890.7334 3.0293e-02
8893.4004 2.7473e-02
8896.0684 3.0845e-02
8898.7373 2.9854e-02
8901.4072 2.5710e-02
8904.0771 3.0634e-02
8906.7480 2.6698e-02
8909.4199 2.8999e-02
8912.0938 2.9066e-02
8914.7676 3.2489e-02
8917.4414 3.1886e-02
8920.1172 2.3775e-02
8922.7930 2.8978e-02
8925.4697 3.1648e-02
8928.1475 2.1518e-02
8930.8262 2.7526e-02
8933.5049 2.2209e-02
8936.1855 2.8698e-02
8938.8652 3.2480e-02
8941.5469 3.5772e-02
8944.2295 2.7428e-02
8946.9141 2.8184e-02
8949.5977 3.3869e-02
8952.2822 1.8991e-02
8954.9678 2.5594e-02
8957.6553 2.4382e-02
8960.3418 2.7751e-02
8963.0293 2.6736e-02
8965.7178 3.3568e-02
8968.4082 3.0549e-02
8971.0986 3.2665e-02
8973.7910 3.0241e-02
8976.4824 2.5085e-02
8979.1748 2.5915e-02
8981.8691 2.1679e-02
8984.5635 2.3715e-02
8987.2588 3.0846e-02
8989.9551 2.0937e-02
8992.6523 2.7365e-02
8995.3506 2.5826e-02
8998.0488 2.7353e-02
9000.7480 3.0262e-02
9003.4482 2.9191e-02
9006.1494 2.6725e-02
9008.8516 2.7722e-02
9011.5537 2.1355e-02
9014.2578 2.6051e-02
9016.9609 2.4189e-02
9019.6660 1.7710e-02
9022.3721 2.4196e-02
9025.0791 2.8713e-02
9027.7871 3.5780e-02
9030.4951 3.3787e-02
9033.2051 3.5546e-02
9035.9150 3.3123e-02
9038.6260 2.6660e-02
9041.3369 3.0317e-02
9044.0498 2.9498e-02
9046.7627 2.8862e-02
9049.4766 3.0478e-02
9052.1914 3.1123e-02
9054.9072 2.5422e-02
9057.6240 3.1230e-02
9060.3398 2.0964e-02
9063.0586 2.5518e-02
9065.7773 2.4322e-02
9068.4971 2.2270e-02
9071.2168 2.0493e-02
9073.9395 2.4489e-02
9076.6611 2.3247e-02
9079.3848 2.7761e-02
9082.1074 1.9832e-02
9084.8330 2.4267e-02
9087.5576 2.3676e-02
9090.2832 2.3013e-02
9093.0117 2.3914e-02
9095.7393 3.1729e-02
9098.4688 2.1058e-02
9101.1973 2.3878e-02
9103.9287 2.1482e-02
9106.6592 2.6616e-02
9109.3906 3.4182e-02
9112.1250 2.0299e-02
9114.8584 1.8782e-02
9117.5928 2.9465e-02
9120.3271 1.9884e-02
9123.0635 2.5659e-02
9125.8008 2.9649e-02
9128.5391 2.0192e-02
9131.2764 3.1488e-02
9134.0156 2.1972e-02
9136.7568 2.6976e-02
9139.4980 2.1633e-02
9142.2383 1.7538e-02
9144.9814 2.0575e-02
9147.7266 2.0941e-02
9150.4707 2.2041e-02
9153.2158 1.9407e-02
9155.9609 2.1908e-02
9158.7070 2.1122e-02
9161.4551 2.5724e-02
9164.2041 2.0866e-02
9166.9531 2.7530e-02
9169.7031 1.8670e-02
9172.4541 1.9001e-02
9175.2051 2.2402e-02
9177.9580 2.6610e-02
9180.7109 2.5368e-02
9183.4668 3.2870e-02
9186.2207 2.4688e-02
9188.9766 2.9167e-02
9191.7334 2.1718e-02
9194.4912 1.9266e-02
9197.2490 2.6906e-02
9200.0088 2.4397e-02
9202.7686 1.9302e-02
9205.5293 1.8985e-02
9208.2920 1.9690e-02
9211.0527 2.7917e-02
9213.8164 1.9305e-02
9216.5811 2.4969e-02
9219.3467 2.9514e-02
9222.1113 1.7649e-02
9224.8789 2.9340e-02
9227.6455 2.7660e-02
9230.4141 2.0797e-02
9233.1836 3.5237e-02
9235.9531 1.9652e-02
9238.7246 2.0357e-02
9241.4951 2.6470e-02
9244.2686 1.9615e-02
9247.0410 1.7460e-02
9249.8154 2.3959e-02
9252.5908 2.5086e-02
9255.3652 2.1337e-02
9258.1426 1.5025e-02
9260.9209 1.8112e-02
9263.6992 3.1763e-02
9266.4775 1.9121e-02
9269.2568 1.5580e-02
9272.0381 2.1373e-02
9274.8203 1.7972e-02
9277.6025 2.8586e-02
9280.3857 2.2637e-02
9283.1709 2.3413e-02
9285.9541 1.6147e-02
9288.7402 2.7504e-02
9291.5264 1.7800e-02
9294.3135 2.4784e-02
9297.1025 2.5184e-02
9299.8926 2.1980e-02
9302.6816 1.8173e-02
9305.4727 2.4424e-02
9308.2646 1.9717e-02
9311.0566 1.6816e-02
9313.8506 2.2408e-02
9316.6436 2.1402e-02
9319.4395 1.7601e-02
9322.2354 1.9902e-02
9325.0322 2.1140e-02
9327.8291 2.4528e-02
9330.6279 1.9273e-02
9333.4277 1.9089e-02
9336.2266 1.8513e-02
9339.0283 1.8917e-02
9341.8291 2.0187e-02
9344.6318 2.9432e-02
9347.4355 1.8448e-02
9350.2402 1.8715e-02
9353.0449 2.2978e-02
9355.8516 1.4482e-02
9358.6572 1.7999e-02
9361.4658 1.9945e-02
9364.2734 2.0538e-02
9367.0830 1.9670e-02
9369.8936 2.0651e-02
9372.7041 1.7938e-02
9375.5156 1.7266e-02
9378.3291 2.0836e-02
9381.1416 1.4724e-02
9383.9561 2.0449e-02
9386.7715 1.5838e-02
9389.5879 1.8212e-02
9392.4043 1.9736e-02
9395.2217 2.7959e-02
9398.0400 2.3509e-02
9400.8594 2.0173e-02
9403.6807 1.8388e-02
9406.5020 1.7738e-02
9409.3242 1.9433e-02
9412.1465 1.5097e-02
9414.9707 2.0984e-02
9417.7939 1.7942e-02
9420.6201 1.7254e-02
9423.4453 1.7855e-02
9426.2725 2.0040e-02
9429.1006 1.6886e-02
9431.9287 1.6926e-02
9434.7588 2.2559e-02
9437.5898 2.4186e-02
9440.4209 1.4663e-02
9443.2529 1.5235e-02
9446.0859 1.7988e-02
9448.9199 1.8880e-02
9451.7549 2.0855e-02
9454.5889 2.0984e-02
9457.4268 1.7696e-02
9460.2637 1.7458e-02
9463.1016 1.8620e-02
9465.9414 2.0159e-02
9468.7803 1.4717e-02
9471.6211 2.2541e-02
9474.4629 1.9606e-02
9477.3047 2.1040e-02
9480.1484 1.7779e-02
9482.9922 1.7245e-02
9485.8369 2.0884e-02
9488.6836 2.4244e-02
9491.5303 1.7106e-02
9494.3760 2.2738e-02
9497.2256 2.1945e-02
9500.0742 1.8734e-02
9502.9238 2.1510e-02
9505.7754 1.7536e-02
9508.6270 1.5139e-02
9511.4805 1.9808e-02
9514.3320 2.0801e-02
9517.1875 1.3639e-02
9520.0420 1.6363e-02
9522.8984 1.5043e-02
9525.7559 2.0474e-02
9528.6133 2.1003e-02
9531.4717 2.0435e-02
9534.3311 1.4344e-02
9537.1914 2.1899e-02
9540.0518 1.5080e-02
9542.9150 1.6325e-02
9545.7773 1.9486e-02
9548.6416 1.1852e-02
9551.5059 1.9202e-02
9554.3711 2.0921e-02
9557.2373 1.8808e-02
9560.1045 1.6210e-02
9562.9727 1.8292e-02
9565.8418 1.2328e-02
9568.7109 1.5112e-02
9571.5820 1.9204e-02
9574.4531 1.8165e-02
9577.3252 2.3133e-02
9580.1992 1.7246e-02
9583.0723 1.4170e-02
9585.9473 1.4857e-02
9588.8242 1.2903e-02
9591.7002 1.6183e-02
9594.5781 2.5369e-02
9597.4561 2.2081e-02
9600.3350 1.2771e-02
9603.2158 2.0833e-02
9606.0957 1.7221e-02
9608.9775 1.2768e-02
9611.8613 1.4223e-02
9614.7441 1.5893e-02
9617.6279 2.1104e-02
9620.5137 1.7371e-02
9623.4014 1.7867e-02
9626.2881 2.0349e-02
9629.1748 2.2009e-02
9632.0645 2.0436e-02
9634.9541 1.6149e-02
9637.8438 1.2876e-02
9640.7363 2.1913e-02
9643.6270 1.5311e-02
9646.5215 1.4749e-02
9649.4141 1.2938e-02
9652.3086 1.5256e-02
9655.2051 1.3174e-02
9658.1016 1.6458e-02
9660.9990 1.6562e-02
9663.8975 2.0664e-02
9666.7969 1.7431e-02
9669.6973 1.4218e-02
9672.5967 1.5394e-02
9675.5000 1.7111e-02
9678.4023 1.7403e-02
9681.3057 1.7887e-02
9684.2109 1.5963e-02
9687.1152 1.2309e-02
9690.0215 1.6975e-02
9692.9287 1.8453e-02
9695.8369 1.4550e-02
9698.7441 1.8166e-02
9701.6553 1.5842e-02
9704.5645 1.6600e-02
9707.4775 2.0160e-02
9710.3887 1.6655e-02
9713.3008 1.1399e-02
9716.2158 2.2494e-02
9719.1299 1.5197e-02
9722.0459 1.4177e-02
9724.9629 1.1954e-02
9727.8809 1.6859e-02
9730.7988 1.5241e-02
9733.7178 2.0848e-02
9736.6387 1.4428e-02
9739.5586 1.2521e-02
9742.4805 1.1860e-02
9745.4033 1.4316e-02
9748.3281 1.9099e-02
9751.2520 1.3163e-02
9754.1777 1.0583e-02
9757.1035 1.8873e-02
9760.0303 1.5111e-02
9762.9590 1.2899e-02
9765.8877 1.3104e-02
9768.8174 1.8596e-02
9771.7480 1.3375e-02
9774.6797 1.2049e-02
9777.6113 1.3839e-02
9780.5459 1.6182e-02
9783.4795 1.2970e-02
9786.4141 1.2272e-02
9789.3496 9.0601e-03
9792.2871 1.2685e-02
9795.2256 1.6882e-02
9798.1641 1.7933e-02
9801.1035 1.0201e-02
9804.0430 1.1184e-02
9806.9844 1.8655e-02
9809.9268 1.4933e-02
9812.8691 1.2452e-02
9815.8125 1.7433e-02
9818.7578 9.0524e-03
9821.7041 1.5360e-02
9824.6494 1.6289e-02
9827.5967 1.5503e-02
9830.5469 1.4834e-02
9833.4951 9.8725e-03
9836.4453 1.1354e-02
9839.3965 1.8874e-02
9842.3486 1.6144e-02
9845.2998 9.2038e-03
9848.2549 1.6680e-02
9851.2080 1.2973e-02
9854.1641 1.1055e-02
9857.1201 1.6787e-02
9860.0771 1.3550e-02
9863.0361 1.7293e-02
9865.9941 1.1806e-02
9868.9541 1.1329e-02
9871.9150 1.6772e-02
9874.8760 1.3029e-02
9877.8389 1.2286e-02
9880.8018 9.7797e-03
9883.7666 1.7795e-02
9886.7324 1.2532e-02
9889.6982 9.8214e-03
9892.6641 1.3189e-02
9895.6338 1.4094e-02
9898.6016 8.0461e-03
9901.5713 1.0997e-02
9904.5420 1.2762e-02
9907.5127 1.2891e-02
9910.4854 8.8612e-03
9913.4590 9.4793e-03
9916.4326 9.8921e-03
9919.4072 9.6697e-03
9922.3828 1.5823e-02
9925.3584 1.1960e-02
9928.3379 9.1141e-03
9931.3164 1.0288e-02
9934.2949 1.3637e-02
9937.2754 1.2855e-02
9940.2568 1.1490e-02
9943.2383 1.0768e-02
9946.2207 1.0748e-02
9949.2061 1.1469e-02
9952.1904 1.0141e-02
9955.1758 1.2741e-02
9958.1631 1.0812e-02
9961.1494 1.1505e-02
9964.1387 7.8584e-03
9967.1279 1.5669e-02
9970.1182 6.0754e-03
9973.1084 1.4858e-02
9976.1006 1.1771e-02
9979.0928 1.4174e-02
9982.0859 1.4165e-02
9985.0820 8.8733e-03
9988.0771 8.5692e-03
9991.0732 1.2261e-02
9994.0713 1.2453e-02
9997.0693 1.5803e-02
10000.0684 8.7088e-03
10003.0674 1.5941e-02
10006.0684 1.0253e-02
10009.0713 1.0029e-02
10012.0742 8.4577e-03
10015.0771 1.0034e-02
10018.0820 7.5372e-03
10021.0879 1.2194e-02
10024.0938 8.6773e-03
10027.1006 1.0618e-02
10030.1084 1.2211e-02
10033.1172 1.0332e-02
10036.1270 1.5116e-02
10039.1387 1.1907e-02
10042.1504 1.0436e-02
10045.1631 1.1123e-02
10048.1768 1.0354e-02
10051.1924 1.1260e-02
10054.2061 1.0617e-02
10057.2227 1.0147e-02
10060.2402 1.1834e-02
10063.2578 9.9592e-03
10066.2773 1.0157e-02
10069.2969 1.3699e-02
10072.3174 6.2044e-03
10075.3379 1.2886e-02
10078.3623 1.2307e-02
10081.3848 9.6570e-03
10084.4102 1.3441e-02
10087.4346 1.1198e-02
10090.4619 1.7536e-02
10093.4883 9.6116e-03
10096.5166 1.1447e-02
10099.5459 8.5458e-03
10102.5742 1.1250e-02
10105.6055 1.0509e-02
10108.6367 9.4488e-03
10111.6709 1.2265e-02
10114.7041 1.4484e-02
10117.7383 9.0789e-03
10120.7734 9.5416e-03
10123.8105 8.0028e-03
10126.8477 1.2091e-02
10129.8857 1.2668e-02
10132.9248 1.3115e-02
10135.9648 6.0297e-03
10139.0049 1.2711e-02
10142.0479 8.4009e-03
10145.0879 1.1513e-02
10148.1318 9.2080e-03
10151.1768 1.3472e-02
10154.2227 8.1258e-03
10157.2686 6.0670e-03
10160.3154 9.8791e-03
10163.3643 9.5075e-03
10166.4121 1.0937e-02
10169.4629 9.4613e-03
10172.5137 1.4529e-02
10175.5654 1.1263e-02
10178.6191 7.6968e-03
10181.6719 1.1968e-02
10184.7256 1.4622e-02
10187.7822 1.7253e-02
10190.8379 1.0556e-02
10193.8945 1.3085e-02
10196.9541 9.5930e-03
10200.0127 7.9893e-03
10203.0723 9.5243e-03
10206.1328 1.2971e-02
10209.1953 9.7448e-03
10212.2578 1.3584e-02
10215.3223 1.0416e-02
10218.3867 9.8483e-03
10221.4521 1.2563e-02
10224.5186 1.3489e-02
10227.5850 1.7914e-02
10230.6543 8.1592e-03
10233.7246 1.0972e-02
10236.7930 1.4258e-02
10239.8643 8.8721e-03
10242.9355 6.9417e-03
10246.0098 9.0385e-03
10249.0830 9.0543e-03
10252.1572 9.2711e-03
10255.2334 8.7904e-03
10258.3096 8.4208e-03
10261.3877 1.0913e-02
10264.4648 7.5502e-03
10267.5449 8.4657e-03
10270.6250 1.0681e-02
