# time_explosion = 3.25
# 
3082.8928 7.3680e-03
3083.8179 1.2911e-02
3084.7432 1.1929e-03
3085.6685 5.6871e-04
3086.5940 1.0077e-03
3087.5200 1.2277e-02
3088.4463 1.2949e-02
3089.3728 2.0954e-03
3090.2996 3.0211e-03
3091.2268 2.0475e-03
3092.1541 3.5655e-03
3093.0815 6.4153e-03
3094.0098 2.2164e-03
3094.9380 1.3743e-03
3095.8665 3.2392e-03
3096.7952 5.4915e-03
3097.7241 1.6683e-03
3098.6536 3.9862e-03
3099.5828 3.3556e-03
3100.5129 0.0000e+00
3101.4431 7.3541e-04
3102.3735 7.4368e-03
3103.3042 3.5411e-03
3104.2354 6.5553e-04
3105.1665 6.8960e-03
3106.0981 0.0000e+00
3107.0300 6.4916e-03
3107.9619 1.1766e-02
3108.8943 7.7759e-03
3109.8269 6.9244e-04
3110.7600 0.0000e+00
3111.6929 2.8071e-04
3112.6265 9.5532e-03
3113.5605 3.9034e-03
3114.4944 2.6636e-03
3115.4290 6.7192e-03
3116.3635 0.0000e+00
3117.2986 4.1098e-03
3118.2336 1.7152e-03
3119.1689 4.3796e-03
3120.1047 9.4002e-03
3121.0410 6.6056e-03
3121.9773 0.0000e+00
3122.9136 7.8535e-03
3123.8508 3.5185e-03
3124.7878 3.0232e-03
3125.7251 6.3265e-03
3126.6628 0.0000e+00
3127.6008 6.9563e-03
3128.5393 0.0000e+00
3129.4778 0.0000e+00
3130.4170 9.4038e-03
3131.3557 0.0000e+00
3132.2954 1.2315e-02
3133.2349 7.9962e-03
3134.1748 7.8120e-03
3135.1150 9.2998e-03
3136.0559 5.1292e-03
3136.9968 1.0257e-02
3137.9377 4.9739e-03
3138.8789 0.0000e+00
3139.8206 2.7183e-03
3140.7625 0.0000e+00
3141.7046 3.3200e-03
3142.6472 1.0967e-02
3143.5901 1.1615e-02
3144.5334 5.4620e-03
3145.4766 5.8858e-03
3146.4202 5.4689e-03
3147.3643 3.9074e-03
3148.3086 9.3983e-03
3149.2529 9.4138e-03
3150.1975 1.8642e-03
3151.1426 1.3520e-02
3152.0881 6.2489e-03
3153.0337 8.8065e-04
3153.9795 5.8617e-03
3154.9255 0.0000e+00
3155.8723 7.6308e-03
3156.8188 0.0000e+00
3157.7661 9.3411e-03
3158.7134 3.7377e-04
3159.6609 1.6842e-03
3160.6086 1.0648e-03
3161.5571 2.6951e-03
3162.5054 3.2471e-03
3163.4541 8.7260e-03
3164.4031 6.3342e-03
3165.3528 1.9647e-03
3166.3022 8.8747e-03
3167.2522 2.5388e-03
3168.2024 5.4522e-03
3169.1526 4.7997e-03
3170.1035 4.0754e-03
3171.0544 1.1184e-02
3172.0061 0.0000e+00
3172.9573 7.5375e-03
3173.9092 6.1621e-04
3174.8613 5.8176e-03
3175.8140 2.7805e-04
3176.7668 4.3615e-03
3177.7197 9.9176e-04
3178.6729 8.4590e-03
3179.6267 1.3036e-03
3180.5808 9.3160e-03
3181.5347 7.2045e-03
3182.4893 4.4656e-03
3183.4438 7.9642e-03
3184.3987 6.3978e-03
3185.3542 0.0000e+00
3186.3101 4.3168e-03
3187.2659 0.0000e+00
3188.2217 4.6574e-03
3189.1785 2.5695e-04
3190.1350 1.6315e-03
3191.0920 1.3898e-02
3192.0493 0.0000e+00
3193.0071 6.1766e-03
3193.9651 2.6548e-04
3194.9233 3.9700e-03
3195.8818 7.1696e-03
3196.8408 4.2614e-03
3197.7996 3.7396e-03
3198.7590 6.4135e-03
3199.7185 0.0000e+00
3200.6782 3.3825e-03
3201.6387 2.5637e-03
3202.5991 1.0548e-02
3203.5598 8.3368e-03
3204.5208 0.0000e+00
3205.4824 0.0000e+00
3206.4441 0.0000e+00
3207.4058 1.9318e-03
3208.3682 7.1512e-03
3209.3306 3.6071e-03
3210.2935 1.9113e-03
3211.2563 5.4420e-03
3212.2200 6.8367e-03
3213.1833 7.0754e-03
3214.1472 8.0007e-03
3215.1118 0.0000e+00
3216.0764 7.0584e-03
3217.0413 8.3711e-03
3218.0061 4.4079e-03
3218.9714 1.1734e-03
3219.9373 5.4258e-03
3220.9031 1.2996e-02
3221.8699 2.5982e-03
3222.8362 3.3291e-03
3223.8030 1.2016e-02
3224.7700 3.7903e-04
3225.7375 6.0303e-04
3226.7053 5.9801e-03
3227.6731 8.4673e-03
3228.6416 2.4543e-03
3229.6101 4.5107e-03
3230.5791 6.8695e-03
3231.5483 0.0000e+00
3232.5178 4.1533e-03
3233.4875 3.6151e-03
3234.4575 9.8873e-03
3235.4280 7.7662e-03
3236.3984 6.2883e-03
3237.3691 3.7981e-03
3238.3403 1.5423e-02
3239.3120 3.2144e-03
3240.2839 1.3928e-03
3241.2559 3.1529e-03
3242.2285 7.3606e-04
3243.2012 9.9997e-03
3244.1743 1.3150e-02
3245.1472 0.0000e+00
3246.1208 6.1610e-03
3247.0947 3.1112e-03
3248.0688 4.4619e-03
3249.0432 9.0462e-03
3250.0178 1.8785e-03
3250.9929 3.4448e-04
3251.9680 6.1557e-03
3252.9438 2.9804e-04
3253.9194 1.6604e-03
3254.8958 8.4904e-03
3255.8723 1.4383e-03
3256.8489 4.9650e-04
3257.8262 3.4171e-04
3258.8035 0.0000e+00
3259.7810 8.1713e-04
3260.7593 2.0534e-03
3261.7373 3.7222e-03
3262.7158 6.9450e-03
3263.6946 6.9218e-03
3264.6736 4.9321e-03
3265.6531 3.1413e-03
3266.6331 2.1221e-03
3267.6130 4.2936e-03
3268.5930 1.2308e-03
3269.5735 8.5414e-03
3270.5544 8.4526e-03
3271.5356 1.0050e-02
3272.5171 0.0000e+00
3273.4990 1.0562e-02
3274.4812 4.1474e-03
3275.4634 3.7723e-03
3276.4458 8.8988e-03
3277.4287 1.0481e-02
3278.4124 1.6932e-03
3279.3958 4.8102e-03
3280.3794 7.9831e-03
3281.3635 4.5005e-03
3282.3479 7.1769e-03
3283.3325 1.0156e-02
3284.3179 4.6583e-03
3285.3030 2.0251e-03
3286.2888 7.6669e-03
3287.2744 2.6369e-03
3288.2605 1.0466e-03
3289.2471 8.0598e-03
3290.2339 6.5012e-03
3291.2212 9.1099e-03
3292.2083 3.2302e-03
3293.1958 3.6736e-04
3294.1838 0.0000e+00
3295.1724 4.0476e-03
3296.1609 5.1973e-03
3297.1497 3.8974e-03
3298.1387 0.0000e+00
3299.1282 1.7850e-03
3300.1177 7.8779e-03
3301.1079 0.0000e+00
3302.0984 0.0000e+00
3303.0889 5.1395e-03
3304.0798 7.6547e-03
3305.0713 1.0427e-02
3306.0627 8.2968e-03
3307.0544 4.2981e-03
3308.0466 7.0229e-04
3309.0391 1.4562e-02
3310.0317 8.3492e-03
3311.0247 7.6724e-03
3312.0178 0.0000e+00
3313.0117 7.5863e-03
3314.0054 3.8606e-03
3315.0000 0.0000e+00
3315.9941 7.4773e-03
3316.9890 7.6660e-03
3317.9839 4.9674e-03
3318.9795 5.1920e-03
3319.9751 8.1973e-03
3320.9712 5.6856e-03
3321.9678 4.0975e-03
3322.9639 3.6554e-03
3323.9607 6.6942e-03
3324.9580 3.1771e-03
3325.9558 1.2131e-02
3326.9536 2.4178e-03
3327.9514 1.2586e-02
3328.9497 4.5435e-03
3329.9482 9.4030e-03
3330.9475 4.4358e-04
3331.9468 0.0000e+00
3332.9463 4.1260e-03
3333.9463 1.2192e-02
3334.9463 1.3027e-03
3335.9473 8.7828e-03
3336.9478 1.0442e-02
3337.9487 1.4000e-02
3338.9502 6.1781e-03
3339.9517 9.6632e-03
3340.9536 2.4319e-03
3341.9561 7.5821e-03
3342.9587 0.0000e+00
3343.9614 1.1250e-02
3344.9651 1.0688e-02
3345.9685 2.8829e-03
3346.9722 7.9318e-04
3347.9763 8.0311e-03
3348.9805 1.3135e-03
3349.9854 0.0000e+00
3350.9902 1.4153e-03
3351.9956 2.5364e-03
3353.0010 6.1176e-03
3354.0073 3.1145e-03
3355.0129 1.3657e-03
3356.0198 8.1985e-03
3357.0264 4.0556e-03
3358.0334 2.7383e-03
3359.0410 4.6875e-03
3360.0488 3.6799e-03
3361.0569 2.0668e-03
3362.0654 1.4152e-02
3363.0740 0.0000e+00
3364.0828 9.2045e-03
3365.0918 7.2890e-03
3366.1013 5.4518e-03
3367.1113 1.2916e-02
3368.1213 3.2600e-03
3369.1318 2.9760e-03
3370.1426 4.2511e-03
3371.1536 1.0144e-02
3372.1650 3.7134e-03
3373.1768 1.8366e-02
3374.1885 7.8933e-03
3375.2004 3.3493e-03
3376.2134 5.4162e-03
3377.2261 1.2146e-02
3378.2395 1.4495e-02
3379.2529 7.6756e-04
3380.2664 2.7978e-03
3381.2805 5.1251e-03
3382.2952 0.0000e+00
3383.3098 9.7001e-03
3384.3250 2.4481e-03
3385.3401 9.4034e-03
3386.3557 7.5910e-03
3387.3716 6.0782e-03
3388.3879 9.9457e-03
3389.4045 6.2688e-03
3390.4211 4.6264e-03
3391.4385 4.3145e-03
3392.4558 9.2070e-03
3393.4736 7.7330e-03
3394.4915 3.0736e-03
3395.5100 1.1362e-02
3396.5286 7.2486e-03
3397.5474 0.0000e+00
3398.5667 1.8625e-02
3399.5862 2.8061e-03
3400.6062 7.0730e-03
3401.6262 1.1860e-02
3402.6467 1.1650e-02
3403.6677 1.0561e-02
3404.6887 2.0832e-02
3405.7100 9.4104e-04
3406.7319 2.6180e-03
3407.7539 1.0078e-02
3408.7764 1.0023e-02
3409.7988 6.6338e-03
3410.8218 9.0468e-03
3411.8450 1.0732e-02
3412.8687 4.8762e-03
3413.8923 9.7255e-03
3414.9167 1.7753e-02
3415.9412 5.3783e-03
3416.9658 2.1769e-02
3417.9907 1.0595e-02
3419.0164 5.6990e-03
3420.0420 8.3212e-03
3421.0681 1.5150e-02
3422.0945 1.0836e-02
3423.1208 8.0512e-03
3424.1479 4.0704e-03
3425.1753 5.3230e-03
3426.2029 3.1675e-03
3427.2307 3.8799e-03
3428.2588 4.8832e-04
3429.2871 4.6170e-03
3430.3159 8.7073e-04
3431.3452 6.1826e-03
3432.3748 1.5288e-02
3433.4041 3.0485e-03
3434.4346 1.6772e-02
3435.4646 3.6004e-03
3436.4954 8.1588e-03
3437.5261 0.0000e+00
3438.5579 5.2680e-03
3439.5894 4.4976e-03
3440.6208 4.4292e-03
3441.6531 3.8677e-03
3442.6855 3.3899e-03
3443.7183 1.6938e-02
3444.7515 8.5149e-03
3445.7852 8.2956e-03
3446.8186 9.3360e-03
3447.8525 5.0904e-03
3448.8872 9.4891e-03
3449.9216 8.4801e-03
3450.9568 3.9612e-03
3451.9919 2.3096e-03
3453.0276 1.7468e-03
3454.0637 1.3927e-02
3455.0999 8.1705e-03
3456.1362 6.0356e-03
3457.1731 1.2391e-02
3458.2102 4.1076e-03
3459.2476 1.4315e-02
3460.2856 5.5213e-03
3461.3235 8.1189e-03
3462.3621 7.6576e-03
3463.4004 2.4519e-03
3464.4399 2.0098e-03
3465.4790 1.2698e-02
3466.5188 6.9112e-03
3467.5586 7.0376e-03
3468.5989 8.2129e-03
3469.6394 3.0201e-03
3470.6804 8.0631e-03
3471.7217 4.1203e-03
3472.7629 9.7089e-03
3473.8049 8.4455e-03
3474.8469 6.9804e-03
3475.8894 1.6540e-02
3476.9321 8.4655e-03
3477.9751 8.3371e-03
3479.0188 6.1717e-03
3480.0625 9.7015e-03
3481.1064 3.7370e-03
3482.1509 4.7826e-03
3483.1956 6.6897e-03
3484.2407 9.1641e-03
3485.2856 7.5622e-03
3486.3313 1.1981e-02
3487.3772 3.9736e-03
3488.4233 8.6880e-03
3489.4697 6.9610e-03
3490.5168 1.4761e-03
3491.5640 9.5696e-03
3492.6116 8.6924e-03
3493.6592 3.6403e-03
3494.7073 6.6981e-03
3495.7556 1.0604e-02
3496.8044 8.6930e-03
3497.8535 5.6707e-03
3498.9026 8.6860e-04
3499.9526 6.4987e-03
3501.0024 3.6908e-04
3502.0527 4.5550e-03
3503.1033 3.2239e-03
3504.1543 3.4147e-03
3505.2058 1.7034e-02
3506.2571 1.2389e-02
3507.3088 1.2116e-02
3508.3613 1.1618e-02
3509.4136 7.0766e-03
3510.4663 1.8310e-02
3511.5193 1.5312e-02
3512.5730 3.9166e-03
3513.6270 1.2052e-02
3514.6809 8.3454e-03
3515.7351 4.8459e-03
3516.7898 1.7524e-02
3517.8452 1.3989e-02
3518.9004 1.2809e-02
3519.9561 4.5006e-03
3521.0122 1.4537e-02
3522.0686 1.3470e-02
3523.1250 1.0926e-03
3524.1821 1.3190e-02
3525.2390 7.5632e-03
3526.2969 1.4807e-02
3527.3547 1.3163e-02
3528.4126 8.3524e-03
3529.4714 1.2469e-02
3530.5303 1.0899e-03
3531.5894 2.5707e-03
3532.6487 6.3384e-03
3533.7090 5.0034e-03
3534.7688 6.8658e-03
3535.8293 7.1965e-03
3536.8901 1.2639e-02
3537.9512 1.9099e-02
3539.0122 8.2285e-03
3540.0740 1.8507e-03
3541.1360 8.2052e-03
3542.1987 1.3790e-02
3543.2612 8.0591e-03
3544.3245 3.8733e-03
3545.3875 3.6880e-03
3546.4509 3.3575e-03
3547.5154 8.2226e-03
3548.5793 1.1701e-02
3549.6438 1.6038e-02
3550.7087 2.2487e-04
3551.7739 2.7412e-03
3552.8396 7.3552e-03
3553.9053 3.8823e-03
3554.9714 1.4688e-02
3556.0378 2.9122e-03
3557.1050 5.3518e-03
3558.1716 7.9911e-03
3559.2395 4.6451e-03
3560.3071 1.4222e-02
3561.3752 2.8161e-03
3562.4436 3.5631e-03
3563.5125 7.8743e-03
3564.5813 1.2385e-02
3565.6506 3.8247e-03
3566.7205 1.6070e-02
3567.7905 1.0577e-02
3568.8611 4.4721e-03
3569.9316 3.8038e-03
3571.0027 7.8365e-03
3572.0737 6.1577e-03
3573.1455 7.0062e-03
3574.2175 8.8223e-03
3575.2896 8.4112e-03
3576.3625 1.2943e-02
3577.4351 8.1378e-03
3578.5083 7.1159e-03
3579.5820 6.7567e-03
3580.6560 1.4490e-03
3581.7300 6.2486e-03
3582.8047 1.4283e-02
3583.8792 9.4016e-03
3584.9546 6.8479e-03
3586.0298 1.0826e-02
3587.1060 4.7212e-03
3588.1821 5.7699e-03
3589.2583 7.6594e-03
3590.3352 1.5097e-02
3591.4124 6.6559e-03
3592.4897 1.2074e-02
3593.5671 0.0000e+00
3594.6455 4.8648e-03
3595.7241 3.8448e-03
3596.8025 1.1748e-02
3597.8818 1.4276e-02
3598.9609 1.5573e-03
3600.0405 1.3531e-02
3601.1204 9.9198e-03
3602.2009 6.1578e-03
3603.2817 3.5175e-03
3604.3625 7.8628e-03
3605.4441 6.0440e-03
3606.5256 1.2624e-02
3607.6074 3.9082e-03
3608.6899 2.7956e-03
3609.7725 5.2539e-04
3610.8552 3.2944e-03
3611.9385 3.2961e-03
3613.0222 7.2906e-03
3614.1062 9.4793e-03
3615.1904 5.0793e-03
3616.2749 3.8061e-03
3617.3599 5.9787e-03
3618.4451 8.9413e-03
3619.5303 2.5660e-02
3620.6165 6.8800e-03
3621.7024 2.1908e-02
3622.7891 1.2410e-03
3623.8760 4.7434e-03
3624.9631 5.5130e-03
3626.0508 4.9662e-03
3627.1382 5.7145e-03
3628.2266 7.2824e-03
3629.3152 2.3586e-03
3630.4038 1.1959e-02
3631.4927 8.6611e-03
3632.5825 8.2778e-03
3633.6721 4.5953e-03
3634.7622 0.0000e+00
3635.8528 1.1487e-03
3636.9434 4.0541e-03
3638.0347 4.8764e-03
3639.1257 5.1396e-03
3640.2178 0.0000e+00
3641.3098 7.5451e-03
3642.4021 1.1011e-02
3643.4946 3.7268e-03
3644.5881 3.1288e-03
3645.6814 3.9279e-03
3646.7751 1.2710e-03
3647.8691 4.2988e-03
3648.9634 6.4416e-03
3650.0581 2.3648e-03
3651.1533 2.2673e-03
3652.2480 4.2789e-03
3653.3442 1.6310e-02
3654.4402 8.7580e-03
3655.5364 5.2661e-03
3656.6333 6.1522e-03
3657.7300 1.8016e-02
3658.8274 4.7099e-03
3659.9250 1.1332e-02
3661.0232 5.9547e-03
3662.1213 7.3935e-03
3663.2202 1.9868e-03
3664.3188 7.3844e-03
3665.4182 1.5370e-03
3666.5181 7.4418e-03
3667.6179 6.1616e-03
3668.7183 4.9299e-03
3669.8186 3.9613e-03
3670.9197 4.3142e-03
3672.0210 1.1284e-02
3673.1226 1.2873e-02
3674.2241 3.9105e-03
3675.3269 7.3306e-03
3676.4294 9.9012e-03
3677.5325 1.0507e-02
3678.6355 3.0811e-04
3679.7390 5.4913e-03
3680.8430 1.5101e-03
3681.9473 5.5595e-03
3683.0518 2.9945e-03
3684.1570 1.1582e-02
3685.2620 2.3407e-02
3686.3677 1.1581e-02
3687.4739 1.1874e-02
3688.5796 8.5294e-03
3689.6865 5.5962e-03
3690.7932 6.6073e-03
3691.9006 1.7123e-02
3693.0081 1.3838e-02
3694.1160 7.5404e-03
3695.2241 1.4502e-02
3696.3328 2.7952e-04
3697.4417 2.0475e-04
3698.5508 9.2026e-03
3699.6606 1.2944e-02
3700.7703 1.7578e-02
3701.8806 1.0266e-02
3702.9910 1.1783e-02
3704.1023 1.4640e-02
3705.2136 1.0371e-02
3706.3247 7.2271e-03
3707.4370 9.2048e-03
3708.5491 1.5089e-02
3709.6616 1.7922e-02
3710.7744 5.0245e-03
3711.8877 3.6637e-03
3713.0012 6.4231e-03
3714.1152 7.6307e-03
3715.2292 4.4911e-03
3716.3440 6.8102e-03
3717.4590 1.7918e-02
3718.5742 1.0081e-02
3719.6897 1.0568e-02
3720.8057 1.3165e-02
3721.9219 5.8148e-03
3723.0383 8.8498e-03
3724.1553 5.7075e-03
3725.2725 1.0109e-02
3726.3904 4.9013e-03
3727.5081 1.2815e-02
3728.6265 2.2983e-02
3729.7451 9.0886e-03
3730.8640 1.2842e-02
3731.9832 1.2164e-02
3733.1028 2.8972e-02
3734.2227 8.4130e-03
3735.3428 5.2680e-03
3736.4636 5.0608e-03
3737.5842 1.1946e-02
3738.7056 1.1780e-02
3739.8276 9.2437e-03
3740.9490 2.5132e-02
3742.0718 1.5977e-02
3743.1943 1.1740e-02
3744.3171 1.3678e-02
3745.4404 1.8698e-03
3746.5640 1.2562e-02
3747.6880 2.0069e-02
3748.8125 6.4157e-03
3749.9368 1.6186e-02
3751.0620 1.2011e-02
3752.1873 6.2816e-03
3753.3130 3.2450e-03
3754.4387 1.5737e-02
3755.5652 1.0063e-02
3756.6919 5.2908e-03
3757.8188 1.3720e-02
3758.9463 1.2717e-02
3760.0737 9.1965e-03
3761.2019 1.3752e-02
3762.3306 8.2241e-03
3763.4590 1.6599e-02
3764.5881 2.2320e-02
3765.7175 1.1920e-02
3766.8472 8.8036e-03
3767.9771 1.1025e-02
3769.1079 1.0529e-02
3770.2383 8.9805e-03
3771.3694 1.3073e-02
3772.5007 1.5024e-02
3773.6328 1.6046e-02
3774.7646 1.9483e-02
3775.8972 7.4631e-03
3777.0298 1.1424e-02
3778.1628 1.2200e-02
3779.2964 1.8996e-02
3780.4302 8.3869e-03
3781.5642 2.3548e-02
3782.6987 1.5259e-02
3783.8335 1.7661e-02
3784.9690 1.0381e-02
3786.1042 4.1716e-03
3787.2400 1.3389e-02
3788.3762 1.6488e-02
3789.5125 8.6299e-03
3790.6497 8.1288e-03
3791.7869 5.6176e-03
3792.9246 2.0794e-02
3794.0625 1.2241e-02
3795.2007 1.5797e-02
3796.3391 5.7489e-03
3797.4778 1.2181e-02
3798.6169 8.4443e-03
3799.7568 1.0832e-02
3800.8967 1.2864e-02
3802.0371 1.4220e-02
3803.1775 6.0498e-03
3804.3181 1.1372e-02
3805.4597 1.1144e-02
3806.6013 3.5467e-03
3807.7434 1.0802e-02
3808.8857 1.8362e-02
3810.0286 1.9131e-02
3811.1714 2.0981e-02
3812.3149 9.0052e-03
3813.4583 3.7472e-03
3814.6025 1.0056e-02
3815.7468 7.5566e-03
3816.8916 1.2310e-02
3818.0369 1.2378e-02
3819.1824 1.5159e-02
3820.3281 1.5887e-02
3821.4741 9.7629e-03
3822.6201 8.2135e-03
3823.7671 9.2112e-03
3824.9143 1.0690e-02
3826.0615 6.2246e-03
3827.2097 7.7837e-03
3828.3577 1.3959e-02
3829.5063 4.5964e-03
3830.6553 1.3920e-02
3831.8044 8.2665e-03
3832.9539 5.2593e-03
3834.1035 4.3258e-03
3835.2539 5.6129e-03
3836.4045 1.1943e-02
3837.5554 1.5373e-02
3838.7068 1.0388e-02
3839.8582 1.2120e-02
3841.0103 5.2802e-03
3842.1628 8.3286e-03
3843.3152 7.2157e-03
3844.4683 5.7877e-03
3845.6216 6.2388e-03
3846.7754 1.5435e-02
3847.9294 1.1295e-02
3849.0835 1.2610e-02
3850.2383 5.2236e-03
3851.3933 3.6608e-03
3852.5488 3.7105e-03
3853.7051 8.5031e-03
3854.8606 1.9972e-02
3856.0173 2.0840e-02
3857.1741 9.3714e-03
3858.3313 1.5398e-03
3859.4883 1.3687e-02
3860.6465 1.0984e-02
3861.8047 4.0314e-03
3862.9631 5.7919e-03
3864.1221 1.2329e-02
3865.2815 1.2776e-02
3866.4412 1.0382e-02
3867.6011 1.2970e-02
3868.7610 1.0350e-02
3869.9216 1.1809e-02
3871.0828 7.4571e-04
3872.2441 6.3637e-03
3873.4058 1.6206e-02
3874.5676 1.7636e-02
3875.7302 8.6449e-03
3876.8931 2.2890e-02
3878.0559 1.4070e-02
3879.2192 7.1032e-03
3880.3831 5.3911e-03
3881.5474 3.2311e-03
3882.7119 7.0996e-03
3883.8767 1.1834e-02
3885.0420 7.4627e-03
3886.2073 1.4782e-02
3887.3728 2.2570e-03
3888.5391 4.6415e-03
3889.7061 1.4157e-02
3890.8730 8.1931e-03
3892.0400 1.9183e-02
3893.2078 3.6747e-03
3894.3755 1.1666e-02
3895.5439 7.8247e-03
3896.7126 1.2128e-02
3897.8813 8.4744e-03
3899.0508 1.2146e-02
3900.2209 2.7533e-02
3901.3909 6.0233e-03
3902.5613 6.6713e-03
3903.7322 9.2805e-03
3904.9031 9.3401e-03
3906.0747 9.5255e-03
3907.2463 8.4990e-03
3908.4187 9.0885e-03
3909.5911 6.7373e-03
3910.7642 1.2085e-02
3911.9373 5.7702e-03
3913.1111 2.3609e-02
3914.2849 1.9973e-02
3915.4592 5.9590e-03
3916.6335 1.3319e-02
3917.8086 4.7982e-03
3918.9839 6.3456e-04
3920.1597 1.8751e-02
3921.3359 6.3106e-03
3922.5120 6.6686e-03
3923.6887 8.6922e-03
3924.8660 1.0528e-02
3926.0432 1.1533e-02
3927.2212 1.4020e-02
3928.3994 2.6017e-02
3929.5779 2.0880e-02
3930.7568 1.4654e-02
3931.9360 2.1587e-02
3933.1157 1.6862e-02
3934.2954 3.7533e-03
3935.4758 4.7821e-03
3936.6562 1.0908e-02
3937.8374 2.0596e-02
3939.0186 9.4112e-03
3940.2004 3.4217e-03
3941.3826 1.7372e-02
3942.5649 2.5077e-03
3943.7478 5.7999e-03
3944.9307 2.0087e-02
3946.1147 7.2303e-03
3947.2983 9.1335e-03
3948.4824 1.7880e-02
3949.6670 1.4498e-02
3950.8521 1.4176e-02
3952.0369 1.7783e-02
3953.2227 2.3141e-02
3954.4089 1.3567e-02
3955.5950 1.9800e-02
3956.7812 1.0347e-02
3957.9688 1.7767e-02
3959.1560 2.0704e-02
3960.3438 2.0147e-02
3961.5320 1.5411e-02
3962.7202 1.0669e-02
3963.9094 8.0869e-03
3965.0984 1.5217e-02
3966.2881 1.5245e-02
3967.4778 1.2578e-02
3968.6680 2.6757e-02
3969.8584 2.2741e-03
3971.0498 7.1566e-03
3972.2412 2.0718e-02
3973.4326 1.2474e-02
3974.6248 2.8490e-03
3975.8171 2.0720e-02
3977.0095 2.9818e-02
3978.2029 1.7162e-02
3979.3962 2.2871e-02
3980.5901 1.6917e-02
3981.7844 2.3375e-02
3982.9790 1.5510e-02
3984.1736 2.1442e-02
3985.3691 1.4820e-02
3986.5647 4.1257e-02
3987.7605 1.2456e-02
3988.9568 4.0744e-02
3990.1538 2.0743e-02
3991.3506 2.8959e-02
3992.5481 2.8284e-02
3993.7456 3.0947e-02
3994.9441 1.6947e-02
3996.1423 2.0545e-02
3997.3413 1.6766e-02
3998.5408 2.2866e-02
3999.7397 3.0154e-02
4000.9402 1.9592e-02
4002.1401 1.1175e-02
4003.3408 1.0308e-02
4004.5415 1.4179e-02
4005.7434 2.0555e-02
4006.9448 1.7923e-02
4008.1470 2.4561e-02
4009.3496 2.0768e-02
4010.5522 3.2965e-02
4011.7556 1.5194e-02
4012.9587 2.0592e-02
4014.1628 2.2707e-02
4015.3672 1.7646e-02
4016.5715 2.3310e-02
4017.7769 1.9214e-02
4018.9817 1.3061e-02
4020.1875 2.7328e-02
4021.3936 1.7913e-02
4022.6003 2.4888e-02
4023.8071 2.1746e-02
4025.0142 1.5609e-02
4026.2214 1.3277e-02
4027.4294 1.4430e-02
4028.6377 3.1534e-02
4029.8462 1.5315e-02
4031.0554 8.4264e-03
4032.2646 8.6660e-03
4033.4744 1.6012e-02
4034.6843 1.4905e-02
4035.8945 2.0325e-02
4037.1052 1.6806e-02
4038.3167 1.3122e-02
4039.5281 2.7301e-02
4040.7397 1.5565e-02
4041.9524 2.5617e-03
4043.1648 1.1998e-02
4044.3777 1.9958e-02
4045.5913 2.1433e-02
4046.8047 2.0970e-02
4048.0186 1.5872e-02
4049.2332 2.1265e-02
4050.4480 2.2696e-02
4051.6628 1.1792e-02
4052.8784 1.4914e-02
4054.0942 5.0771e-03
4055.3108 1.1320e-02
4056.5273 2.7091e-02
4057.7444 1.5248e-02
4058.9614 2.1106e-02
4060.1792 1.2603e-02
4061.3970 3.8367e-03
4062.6155 1.2930e-02
4063.8345 1.6799e-02
4065.0535 1.9485e-02
4066.2732 1.6900e-02
4067.4929 2.3941e-02
4068.7131 1.8706e-02
4069.9338 1.0956e-02
4071.1548 1.3024e-02
4072.3762 1.8389e-02
4073.5981 5.6231e-03
4074.8201 7.2183e-03
4076.0427 1.8056e-02
4077.2654 4.7908e-03
4078.4885 7.3899e-03
4079.7119 1.6781e-02
4080.9358 5.0230e-03
4082.1602 2.1258e-02
4083.3845 9.9348e-03
4084.6099 2.7536e-02
4085.8354 1.6813e-02
4087.0608 1.3580e-02
4088.2869 1.6629e-02
4089.5137 1.5170e-02
4090.7407 1.4713e-02
4091.9678 2.0195e-02
4093.1953 7.9324e-03
4094.4233 1.9427e-02
4095.6519 2.4801e-02
4096.8799 1.0601e-02
4098.1094 3.3214e-02
4099.3384 1.4466e-02
4100.5684 9.3221e-03
4101.7988 1.6528e-02
4103.0293 1.4245e-02
4104.2598 1.2204e-02
4105.4912 1.9181e-02
4106.7231 2.4336e-02
4107.9546 1.0315e-02
4109.1875 1.8757e-02
4110.4204 1.2522e-02
4111.6533 1.1537e-02
4112.8867 2.3442e-02
4114.1211 2.3840e-02
4115.3545 1.4454e-02
4116.5898 1.5163e-02
4117.8247 1.8582e-02
4119.0596 8.2222e-03
4120.2954 1.2920e-02
4121.5317 9.2341e-03
4122.7681 1.1791e-02
4124.0049 2.1789e-02
4125.2422 1.6461e-02
4126.4800 1.9230e-02
4127.7178 2.0850e-02
4128.9561 1.5228e-02
4130.1948 1.5487e-02
4131.4336 2.0204e-02
4132.6733 2.5867e-02
4133.9126 2.4403e-03
4135.1533 9.6638e-03
4136.3936 1.2715e-02
4137.6348 8.4972e-03
4138.8760 2.1866e-02
4140.1172 1.1749e-02
4141.3599 2.2390e-02
4142.6021 1.0717e-02
4143.8447 1.7911e-02
4145.0879 1.7866e-02
4146.3315 5.2632e-03
4147.5752 1.6783e-02
4148.8198 6.3011e-03
4150.0640 1.6745e-02
4151.3091 1.7743e-02
4152.5547 1.0175e-02
4153.8003 3.5545e-03
4155.0464 5.0314e-03
4156.2930 4.2889e-03
4157.5400 1.1508e-02
4158.7871 1.1729e-02
4160.0352 9.4433e-03
4161.2827 9.7411e-03
4162.5312 7.7122e-03
4163.7803 1.0896e-02
4165.0293 1.3464e-02
4166.2783 1.1462e-02
4167.5288 1.3511e-02
4168.7788 1.3749e-02
4170.0298 9.5258e-03
4171.2803 1.6099e-02
4172.5317 1.8222e-02
4173.7837 7.1245e-03
4175.0356 1.1127e-02
4176.2886 9.5689e-03
4177.5410 1.0065e-02
4178.7944 3.2365e-03
4180.0479 1.1861e-02
4181.3022 1.9356e-02
4182.5566 9.4995e-03
4183.8115 5.8830e-03
4185.0664 1.7221e-02
4186.3223 7.1659e-03
4187.5776 5.7624e-03
4188.8340 1.1916e-02
4190.0903 4.2097e-03
4191.3477 1.2028e-02
4192.6050 7.9984e-03
4193.8628 8.5745e-03
4195.1206 8.3189e-03
4196.3794 8.5337e-03
4197.6387 1.4283e-02
4198.8975 1.1259e-03
4200.1577 1.6474e-02
4201.4175 8.7589e-03
4202.6782 1.4727e-02
4203.9390 1.5538e-02
4205.2002 8.3144e-03
4206.4614 6.6842e-03
4207.7231 5.7225e-03
4208.9858 1.0248e-02
4210.2485 1.7413e-02
4211.5112 2.2001e-03
4212.7749 1.0887e-02
4214.0391 1.4311e-02
4215.3032 1.6139e-02
4216.5679 6.7730e-03
4217.8330 7.2118e-03
4219.0981 8.7843e-03
4220.3638 8.1887e-03
4221.6299 5.8731e-03
4222.8965 1.3329e-02
4224.1636 7.6379e-03
4225.4302 1.9756e-02
4226.6978 1.4802e-02
4227.9658 6.4646e-03
4229.2349 1.2534e-02
4230.5034 8.1868e-03
4231.7725 1.3413e-03
4233.0415 1.1944e-02
4234.3115 1.0498e-02
4235.5825 2.1742e-02
4236.8525 9.5027e-03
4238.1235 7.4291e-03
4239.3955 9.8279e-03
4240.6670 1.3890e-02
4241.9390 1.9419e-02
4243.2119 1.7096e-02
4244.4844 4.6106e-03
4245.7583 6.6649e-03
4247.0317 9.9698e-03
4248.3062 1.3401e-02
4249.5806 4.8633e-03
4250.8555 7.9771e-03
4252.1309 1.3482e-02
4253.4062 3.6945e-03
4254.6821 1.1252e-02
4255.9590 9.8835e-03
4257.2358 7.1908e-03
4258.5127 7.2039e-03
4259.7900 5.9913e-03
4261.0679 5.8709e-03
4262.3462 2.6228e-04
4263.6250 1.0687e-02
4264.9043 1.0236e-02
4266.1841 7.5847e-03
4267.4639 1.3564e-02
4268.7432 1.1237e-02
4270.0244 3.9010e-03
4271.3052 5.2730e-03
4272.5869 9.7012e-03
4273.8682 8.6838e-03
4275.1509 6.7873e-03
4276.4336 1.1321e-02
4277.7163 7.8854e-03
4278.9995 1.0673e-02
4280.2837 7.9954e-03
4281.5674 3.7719e-03
4282.8521 5.7594e-03
4284.1367 1.1028e-02
4285.4219 9.9229e-03
4286.7075 6.0996e-03
4287.9937 4.0110e-03
4289.2798 1.1461e-02
4290.5669 8.7313e-03
4291.8540 1.0135e-02
4293.1416 8.4132e-03
4294.4292 7.7520e-03
4295.7183 1.4669e-02
4297.0063 8.6991e-04
4298.2954 4.5173e-03
4299.5854 9.9744e-03
4300.8750 1.0592e-02
4302.1650 5.4681e-03
4303.4561 1.6309e-02
4304.7471 1.3815e-02
4306.0381 3.9287e-03
4307.3301 1.5605e-02
4308.6221 4.0790e-03
4309.9150 5.1390e-03
4311.2075 6.7392e-03
4312.5015 8.1161e-04
4313.7949 5.6647e-03
4315.0889 6.3498e-03
4316.3838 7.6455e-03
4317.6787 5.3305e-03
4318.9741 1.7776e-02
4320.2700 1.2513e-02
4321.5654 8.6844e-03
4322.8623 1.2195e-02
4324.1592 9.3312e-03
4325.4565 3.1416e-03
4326.7539 9.0742e-03
4328.0518 6.3393e-03
4329.3501 5.4911e-03
4330.6494 7.2463e-03
4331.9482 1.1754e-02
4333.2480 1.2166e-02
4334.5479 4.9875e-03
4335.8477 1.6804e-02
4337.1489 2.2956e-03
4338.4502 8.8695e-03
4339.7515 7.2662e-03
4341.0537 3.8516e-03
4342.3560 6.0582e-03
4343.6582 2.4839e-03
4344.9614 1.0013e-02
4346.2646 7.5276e-03
4347.5693 9.3177e-03
4348.8735 6.4696e-03
4350.1782 1.1937e-02
4351.4829 1.0219e-02
4352.7886 3.3914e-03
4354.0938 4.2656e-03
4355.4009 4.0159e-03
4356.7070 2.5206e-03
4358.0137 1.0698e-02
4359.3218 8.6900e-03
4360.6294 5.7839e-03
4361.9375 1.1132e-02
4363.2461 4.2467e-03
4364.5552 6.7079e-03
4365.8643 1.0279e-03
4367.1743 1.5466e-02
4368.4844 8.7909e-03
4369.7954 9.0849e-04
4371.1060 6.3309e-03
4372.4170 6.1400e-03
4373.7285 2.2292e-03
4375.0415 2.0321e-03
4376.3540 6.2501e-03
4377.6665 8.6050e-03
4378.9800 4.8432e-03
4380.2935 9.5041e-03
4381.6074 3.7502e-03
4382.9219 1.6572e-02
4384.2363 1.4188e-02
4385.5522 4.8268e-03
4386.8677 1.2354e-02
4388.1841 3.7637e-03
4389.5010 6.3295e-03
4390.8169 3.1673e-03
4392.1343 4.2874e-03
4393.4521 1.0510e-02
4394.7700 5.2626e-03
4396.0884 1.0632e-02
4397.4077 0.0000e+00
4398.7266 1.0670e-02
4400.0464 1.1090e-02
4401.3667 4.4179e-03
4402.6870 5.9688e-03
4404.0073 1.6212e-02
4405.3291 5.4835e-03
4406.6504 5.4845e-03
4407.9722 1.6575e-02
4409.2944 6.5216e-03
4410.6172 4.0709e-03
4411.9404 8.0291e-03
4413.2642 1.2244e-02
4414.5879 1.0004e-02
4415.9126 3.1056e-03
4417.2373 1.2719e-02
4418.5625 5.2417e-03
4419.8882 6.8048e-03
4421.2139 1.0228e-02
4422.5405 9.8526e-03
4423.8672 1.4242e-02
4425.1938 2.6082e-03
4426.5220 1.6026e-02
4427.8496 6.3961e-03
4429.1787 8.8288e-04
4430.5063 3.7150e-03
4431.8364 2.4710e-04
4433.1655 6.6575e-03
4434.4956 9.5301e-03
4435.8262 1.6146e-02
4437.1567 6.4960e-03
4438.4878 3.0781e-03
4439.8193 1.7112e-02
4441.1514 4.6717e-03
4442.4834 1.1346e-02
4443.8164 1.4022e-02
4445.1494 5.9672e-03
4446.4829 3.9368e-03
4447.8169 1.1791e-02
4449.1514 7.6848e-03
4450.4863 3.3076e-03
4451.8213 1.4412e-02
4453.1567 3.8682e-03
4454.4927 1.0315e-02
4455.8291 4.7604e-03
4457.1660 1.1812e-02
4458.5029 7.4744e-03
4459.8403 1.0692e-02
4461.1787 6.0894e-03
4462.5171 6.3046e-03
4463.8555 2.7502e-03
4465.1948 7.4005e-03
4466.5347 4.5941e-03
4467.8740 6.1794e-03
4469.2144 9.9935e-03
4470.5552 1.6959e-02
4471.8970 4.7957e-03
4473.2383 1.1246e-02
4474.5806 7.9696e-03
4475.9229 1.3730e-02
4477.2651 1.1932e-02
4478.6084 1.2535e-02
4479.9521 1.1839e-02
4481.2959 1.0183e-02
4482.6406 1.3317e-02
4483.9854 8.9369e-03
4485.3306 1.4219e-02
4486.6763 6.2138e-03
4488.0220 7.4696e-03
4489.3682 7.5467e-03
4490.7153 1.0495e-02
4492.0620 1.7316e-02
4493.4102 1.4126e-03
4494.7578 1.3331e-02
4496.1069 1.6811e-02
4497.4556 1.1261e-02
4498.8047 1.2204e-02
4500.1543 5.9492e-03
4501.5044 1.4798e-02
4502.8550 1.0343e-02
4504.2056 1.5008e-02
4505.5566 1.0762e-02
4506.9082 1.4582e-02
4508.2607 1.0699e-02
4509.6133 1.6206e-02
4510.9658 1.4110e-02
4512.3193 1.7183e-02
4513.6729 2.0943e-02
4515.0273 1.5496e-02
4516.3818 1.0529e-02
4517.7363 1.4965e-02
4519.0918 9.1723e-03
4520.4473 1.6655e-02
4521.8037 1.7473e-02
4523.1606 1.2485e-02
4524.5171 1.4928e-02
4525.8750 2.8681e-02
4527.2324 1.3877e-02
4528.5903 2.0682e-02
4529.9492 1.8111e-02
4531.3081 1.0610e-02
4532.6675 6.5720e-03
4534.0269 1.7811e-02
4535.3872 1.2045e-02
4536.7480 5.8252e-03
4538.1094 1.4097e-02
4539.4702 1.5579e-02
4540.8320 6.6658e-03
4542.1943 7.0049e-03
4543.5576 1.3686e-02
4544.9199 1.5287e-02
4546.2842 9.9293e-03
4547.6475 1.2130e-02
4549.0117 2.4045e-02
4550.3770 1.4243e-02
4551.7417 1.8395e-02
4553.1074 2.0257e-02
4554.4731 1.8358e-02
4555.8398 1.0420e-02
4557.2061 1.4994e-02
4558.5732 1.1342e-02
4559.9414 1.5147e-02
4561.3086 1.3603e-02
4562.6772 1.8153e-02
4564.0459 1.8376e-02
4565.4150 1.9503e-02
4566.7852 3.1556e-02
4568.1553 3.6828e-02
4569.5249 8.3537e-03
4570.8965 2.0378e-02
4572.2676 2.1252e-02
4573.6392 1.2056e-02
4575.0117 1.1007e-02
4576.3838 2.0369e-02
4577.7568 2.0935e-02
4579.1304 1.2081e-02
4580.5039 2.7200e-02
4581.8784 2.1559e-02
4583.2524 1.4165e-02
4584.6274 1.6439e-02
4586.0029 2.0550e-02
4587.3789 1.8270e-02
4588.7549 1.0487e-02
4590.1318 8.9601e-03
4591.5083 1.0660e-02
4592.8857 2.3364e-02
4594.2642 6.7746e-03
4595.6426 7.7666e-03
4597.0210 1.2649e-02
4598.3999 1.1268e-02
4599.7798 2.2933e-02
4601.1597 2.2323e-02
4602.5396 2.2804e-02
4603.9204 2.0965e-02
4605.3022 1.5363e-02
4606.6836 2.1596e-02
4608.0649 1.6856e-02
4609.4478 2.2278e-02
4610.8306 1.8002e-02
4612.2144 1.4911e-02
4613.5977 2.7536e-02
4614.9819 1.9674e-02
4616.3662 1.4946e-02
4617.7515 3.3416e-02
4619.1362 1.4245e-02
4620.5225 9.2629e-03
4621.9082 2.2713e-02
4623.2949 1.3016e-02
4624.6816 1.5022e-02
4626.0693 1.7617e-02
4627.4570 1.3808e-02
4628.8457 1.0506e-02
4630.2334 2.0031e-02
4631.6230 8.2071e-03
4633.0127 1.7260e-02
4634.4028 2.2667e-02
4635.7935 1.3049e-02
4637.1831 9.2959e-03
4638.5742 9.2049e-03
4639.9658 9.0599e-03
4641.3579 9.6247e-03
4642.7505 5.7773e-03
4644.1436 1.6142e-02
4645.5371 2.0706e-02
4646.9307 1.5988e-02
4648.3247 9.4073e-03
4649.7188 1.5714e-02
4651.1138 1.3765e-02
4652.5093 1.6383e-02
4653.9048 1.2249e-02
4655.3018 1.0435e-02
4656.6978 1.0218e-02
4658.0947 1.6707e-02
4659.4922 1.1721e-02
4660.8896 2.4152e-02
4662.2886 6.3012e-03
4663.6865 2.8257e-02
4665.0859 2.1244e-02
4666.4854 1.0545e-02
4667.8853 5.2766e-03
4669.2861 2.0822e-02
4670.6870 3.2615e-02
4672.0874 1.0116e-02
4673.4897 4.9664e-03
4674.8916 1.0921e-02
4676.2944 1.0996e-02
4677.6968 2.1964e-02
4679.1006 6.7798e-03
4680.5039 1.4671e-02
4681.9082 1.3021e-02
4683.3125 5.8349e-03
4684.7173 1.9228e-02
4686.1230 1.3974e-02
4687.5288 9.4376e-03
4688.9351 1.0715e-02
4690.3423 2.0296e-02
4691.7490 1.5630e-02
4693.1562 5.6739e-03
4694.5645 1.4444e-02
4695.9731 1.1672e-02
4697.3818 1.2101e-02
4698.7910 1.8478e-02
4700.2002 2.6582e-02
4701.6104 2.4076e-02
4703.0205 8.3595e-03
4704.4316 6.9290e-03
4705.8433 1.8093e-02
4707.2549 1.1970e-02
4708.6670 1.3122e-02
4710.0796 1.1348e-02
4711.4927 5.8891e-03
4712.9058 1.9464e-02
4714.3203 1.3737e-02
4715.7344 1.7673e-02
4717.1494 1.6434e-02
4718.5645 1.5758e-02
4719.9800 1.5864e-02
4721.3955 1.0730e-02
4722.8120 1.8084e-02
4724.2290 9.7654e-03
4725.6460 1.4833e-02
4727.0645 2.1738e-02
4728.4824 1.4544e-02
4729.9004 1.3137e-02
4731.3198 1.7464e-02
4732.7388 2.2337e-02
4734.1587 1.2796e-02
4735.5791 1.6524e-02
4737.0000 1.9989e-02
4738.4209 1.1469e-02
4739.8428 1.2033e-02
4741.2646 8.6014e-03
4742.6870 1.1136e-02
4744.1094 7.8623e-03
4745.5327 5.3583e-03
4746.9565 1.8371e-02
4748.3804 1.5301e-02
4749.8052 1.2645e-02
4751.2300 9.2164e-03
4752.6548 1.5797e-02
4754.0811 5.6157e-03
4755.5078 1.7428e-02
4756.9341 9.2776e-03
4758.3608 1.2086e-02
4759.7886 1.3385e-02
4761.2168 1.8892e-02
4762.6445 1.9644e-02
4764.0737 1.1991e-02
4765.5029 1.4549e-02
4766.9326 9.4265e-03
4768.3628 1.4373e-02
4769.7930 1.6866e-02
4771.2236 2.6373e-02
4772.6553 1.1615e-02
4774.0869 1.3020e-02
4775.5190 1.4456e-02
4776.9521 1.2514e-02
4778.3853 2.4119e-02
4779.8184 1.1829e-02
4781.2524 2.1659e-02
4782.6870 2.5021e-02
4784.1226 1.3349e-02
4785.5571 1.1251e-02
4786.9927 2.5996e-02
4788.4292 1.1443e-02
4789.8652 2.2190e-02
4791.3022 1.6478e-02
4792.7397 1.3449e-02
4794.1777 2.2433e-02
4795.6152 1.6217e-02
4797.0542 1.9445e-02
4798.4937 1.4936e-02
4799.9331 8.4319e-03
4801.3735 2.1586e-02
4802.8140 1.4144e-02
4804.2544 2.1893e-02
4805.6958 1.2049e-02
4807.1377 1.4557e-02
4808.5796 9.3574e-03
4810.0220 1.0471e-02
4811.4653 1.5149e-02
4812.9087 1.6730e-02
4814.3525 1.5706e-02
4815.7969 1.1655e-02
4817.2417 2.5188e-02
4818.6865 1.8318e-02
4820.1328 2.5323e-02
4821.5786 1.4957e-02
4823.0249 1.6483e-02
4824.4717 1.6184e-02
4825.9189 1.3431e-02
4827.3667 1.8568e-02
4828.8149 1.4877e-02
4830.2637 2.2779e-02
4831.7124 2.4886e-02
4833.1621 1.1686e-02
4834.6118 1.1324e-02
4836.0620 2.1757e-02
4837.5137 7.1236e-03
4838.9644 9.4278e-03
4840.4165 1.3632e-02
4841.8687 1.7807e-02
4843.3208 2.1189e-02
4844.7739 7.6855e-03
4846.2275 1.8238e-02
4847.6812 2.3195e-02
4849.1357 2.1767e-02
4850.5903 1.4403e-02
4852.0454 1.3893e-02
4853.5015 7.7076e-03
4854.9575 3.3584e-02
4856.4136 2.0347e-02
4857.8706 1.1837e-02
4859.3281 1.8438e-02
4860.7861 1.5064e-02
4862.2437 1.1132e-02
4863.7026 1.5008e-02
4865.1621 1.7545e-02
4866.6211 1.5643e-02
4868.0815 1.8059e-02
4869.5420 7.3473e-03
4871.0024 2.0135e-02
4872.4639 1.2826e-02
4873.9263 1.4146e-02
4875.3877 1.2026e-02
4876.8506 1.1088e-02
4878.3135 1.3865e-02
4879.7773 1.2001e-02
4881.2412 1.0829e-02
4882.7051 1.7591e-02
4884.1704 1.4672e-02
4885.6357 1.7439e-02
4887.1011 8.9045e-03
4888.5674 1.5920e-02
4890.0337 1.8588e-02
4891.5010 8.7664e-03
4892.9683 9.3651e-03
4894.4360 2.1424e-02
4895.9043 1.8859e-02
4897.3730 6.5547e-03
4898.8423 1.7386e-02
4900.3120 1.0614e-02
4901.7827 1.8381e-02
4903.2529 1.6788e-02
4904.7231 1.4759e-02
4906.1953 1.7557e-02
4907.6675 2.0501e-02
4909.1392 3.3971e-02
4910.6123 1.7462e-02
4912.0854 1.5585e-02
4913.5586 1.9067e-02
4915.0332 8.0852e-03
4916.5073 1.1165e-02
4917.9819 2.1097e-02
4919.4575 1.3609e-02
4920.9331 1.7834e-02
4922.4097 3.8990e-03
4923.8872 1.9410e-02
4925.3638 1.7438e-02
4926.8418 1.1985e-02
4928.3188 7.7950e-03
4929.7979 1.4792e-02
4931.2769 1.7794e-02
4932.7563 1.2950e-02
4934.2358 9.0374e-03
4935.7168 1.0635e-02
4937.1963 2.6697e-02
4938.6782 1.1334e-02
4940.1597 1.2749e-02
4941.6416 9.7471e-03
4943.1250 1.7921e-02
4944.6069 3.3585e-03
4946.0908 2.2518e-02
4947.5752 9.2074e-03
4949.0586 8.4416e-03
4950.5435 2.5856e-02
4952.0278 1.4547e-02
4953.5142 1.7492e-02
4955.0010 6.9845e-03
4956.4873 2.1442e-02
4957.9741 1.4875e-02
4959.4614 6.0754e-03
4960.9492 1.3039e-02
4962.4370 2.6978e-02
4963.9258 2.0391e-02
4965.4150 1.0257e-02
4966.9048 1.5116e-02
4968.3945 1.4068e-02
4969.8853 1.1263e-02
4971.3765 8.3421e-03
4972.8677 7.8622e-03
4974.3599 2.3121e-02
4975.8521 1.7013e-02
4977.3447 1.1697e-02
4978.8379 1.8661e-02
4980.3315 1.8435e-02
4981.8257 1.1480e-02
4983.3203 2.4057e-02
4984.8159 1.4352e-02
4986.3105 1.2858e-02
4987.8066 1.1044e-02
4989.3027 1.2536e-02
4990.7998 7.8941e-03
4992.2974 8.5041e-03
4993.7939 1.9005e-02
4995.2930 5.3460e-03
4996.7915 1.3773e-02
4998.2905 1.2024e-02
4999.7896 1.0852e-02
5001.2896 9.1545e-03
5002.7900 1.2712e-02
5004.2915 6.0458e-03
5005.7925 1.7980e-02
5007.2944 6.7453e-03
5008.7964 1.3837e-02
5010.2993 1.0168e-02
5011.8022 7.7358e-03
5013.3057 7.6181e-03
5014.8101 2.0833e-02
5016.3145 1.3147e-02
5017.8184 7.8535e-03
5019.3247 5.3268e-03
5020.8301 4.7012e-03
5022.3359 1.4000e-02
5023.8428 8.4905e-03
5025.3496 1.7051e-03
5026.8579 4.3913e-03
5028.3657 7.2696e-03
5029.8740 7.9763e-03
5031.3828 9.0600e-03
5032.8926 1.5472e-02
5034.4023 1.2451e-02
5035.9131 1.7824e-02
5037.4233 1.4338e-02
5038.9346 2.5404e-02
5040.4463 1.0855e-02
5041.9585 8.4383e-03
5043.4712 1.0760e-02
5044.9839 1.3825e-02
5046.4980 8.7612e-03
5048.0112 3.2120e-03
5049.5259 9.3862e-03
5051.0415 5.9760e-03
5052.5562 1.0861e-02
5054.0723 5.7948e-03
5055.5884 8.5571e-03
5057.1045 1.9021e-02
5058.6221 1.6215e-02
5060.1401 8.5785e-03
5061.6577 1.1050e-02
5063.1763 7.6759e-03
5064.6953 6.6332e-03
5066.2144 1.1151e-02
5067.7339 1.5534e-02
5069.2549 1.0438e-02
5070.7759 2.4604e-02
5072.2969 1.7400e-02
5073.8188 1.5569e-02
5075.3403 7.1500e-03
5076.8628 1.3759e-02
5078.3867 1.5410e-02
5079.9097 6.8408e-03
5081.4336 9.9267e-03
5082.9580 1.1969e-02
5084.4829 1.3569e-02
5086.0083 5.4091e-03
5087.5342 1.2993e-02
5089.0605 1.2444e-02
5090.5874 1.1112e-02
5092.1143 1.7959e-02
5093.6421 1.5821e-02
5095.1699 5.7605e-03
5096.6987 1.1078e-02
5098.2275 1.1234e-02
5099.7573 1.5099e-02
5101.2871 2.6313e-03
5102.8179 1.6749e-02
5104.3481 1.0372e-02
5105.8799 1.1913e-02
5107.4111 1.0357e-02
5108.9438 1.9255e-02
5110.4761 5.3118e-03
5112.0093 1.2276e-02
5113.5435 1.5651e-02
5115.0771 8.5022e-03
5116.6118 5.7998e-03
5118.1470 1.2924e-02
5119.6816 1.0233e-02
5121.2183 1.5170e-02
5122.7544 5.4181e-03
5124.2910 8.7839e-03
5125.8286 1.5923e-02
5127.3667 2.1307e-02
5128.9043 1.2718e-02
5130.4429 1.6276e-02
5131.9824 1.0440e-02
5133.5220 7.7874e-03
5135.0615 1.0953e-02
5136.6021 1.4606e-02
5138.1436 9.5722e-03
5139.6846 5.1634e-03
5141.2266 6.5783e-03
5142.7690 5.4659e-03
5144.3125 1.5234e-02
5145.8550 1.0729e-02
5147.3989 9.2286e-03
5148.9429 6.1924e-03
5150.4883 9.0836e-03
5152.0332 6.9481e-03
5153.5781 8.9889e-03
5155.1245 2.1736e-02
5156.6714 9.9380e-03
5158.2178 1.6947e-02
5159.7656 8.8522e-03
5161.3130 6.7104e-03
5162.8618 6.3955e-03
5164.4106 1.4097e-02
5165.9604 3.5922e-03
5167.5098 8.2498e-03
5169.0605 9.4734e-03
5170.6108 6.7736e-03
5172.1621 1.3378e-02
5173.7139 2.0495e-02
5175.2656 1.9656e-02
5176.8188 8.1662e-03
5178.3711 8.0380e-03
5179.9253 1.5319e-02
5181.4790 1.1927e-02
5183.0337 7.0374e-03
5184.5884 1.0683e-02
5186.1436 1.1093e-02
5187.6992 3.8520e-03
5189.2559 1.4633e-02
5190.8130 1.9711e-02
5192.3696 5.3259e-03
5193.9277 7.4398e-03
5195.4858 7.9544e-03
5197.0439 7.1900e-03
5198.6035 1.0997e-02
5200.1636 1.6013e-02
5201.7231 9.1603e-03
5203.2837 1.7385e-02
5204.8447 1.1916e-02
5206.4058 8.1950e-03
5207.9683 1.0409e-02
5209.5303 1.7186e-02
5211.0933 5.5887e-03
5212.6567 1.0038e-02
5214.2202 7.0988e-03
5215.7847 1.7103e-02
5217.3496 4.5865e-03
5218.9150 2.2334e-02
5220.4800 1.1597e-02
5222.0464 1.3259e-02
5223.6128 2.6655e-02
5225.1802 1.3137e-02
5226.7480 1.7878e-02
5228.3154 9.4661e-03
5229.8843 1.3758e-02
5231.4526 1.4639e-02
5233.0225 7.9354e-03
5234.5928 4.7900e-03
5236.1626 1.1986e-02
5237.7339 1.9231e-02
5239.3052 9.8129e-03
5240.8770 1.1335e-02
5242.4492 1.4609e-02
5244.0220 1.4658e-02
5245.5947 1.2864e-02
5247.1689 1.1885e-02
5248.7422 1.1244e-02
5250.3174 1.2629e-02
5251.8921 1.7364e-02
5253.4678 1.3890e-02
5255.0439 1.1791e-02
5256.6211 2.8507e-03
5258.1978 9.7094e-03
5259.7749 2.0409e-02
5261.3530 5.4641e-03
5262.9312 1.8499e-02
5264.5098 2.0779e-02
5266.0898 1.6141e-02
5267.6694 1.8122e-02
5269.2495 8.0733e-03
5270.8311 6.4594e-03
5272.4116 1.3733e-02
5273.9941 5.3642e-03
5275.5757 1.6924e-02
5277.1587 2.4272e-02
5278.7422 1.0551e-02
5280.3252 1.9378e-02
5281.9092 3.8451e-03
5283.4937 2.1088e-02
5285.0786 1.4067e-02
5286.6641 1.2513e-02
5288.2500 1.4087e-02
5289.8369 2.5564e-02
5291.4238 1.7935e-02
5293.0117 1.4642e-02
5294.5996 6.7102e-03
5296.1870 1.8042e-02
5297.7764 1.6227e-02
5299.3662 9.3499e-03
5300.9561 1.2606e-02
5302.5459 2.3423e-02
5304.1367 1.6172e-02
5305.7280 1.3430e-02
5307.3188 1.8201e-02
5308.9116 1.1589e-02
5310.5044 1.3455e-02
5312.0977 1.0063e-02
5313.6919 9.7412e-03
5315.2856 1.6179e-02
5316.8799 1.8728e-02
5318.4751 1.7452e-02
5320.0708 1.8905e-02
5321.6665 2.3500e-02
5323.2632 1.4155e-02
5324.8604 1.5008e-02
5326.4575 6.5410e-03
5328.0557 2.7200e-02
5329.6533 1.8915e-02
5331.2534 2.8347e-02
5332.8516 7.7297e-03
5334.4517 2.0258e-02
5336.0522 1.3152e-02
5337.6533 1.6125e-02
5339.2544 1.3771e-02
5340.8560 1.1838e-02
5342.4585 5.5083e-03
5344.0605 9.2149e-03
5345.6646 2.5922e-02
5347.2681 1.5750e-02
5348.8726 1.5658e-02
5350.4771 1.6669e-02
5352.0825 1.5186e-02
5353.6875 2.0493e-02
5355.2944 8.3944e-03
5356.9009 1.3589e-02
5358.5073 1.2195e-02
5360.1152 1.9739e-02
5361.7236 1.3194e-02
5363.3315 1.2355e-02
5364.9404 1.6534e-02
5366.5503 1.8802e-02
5368.1602 1.2617e-02
5369.7705 2.2394e-02
5371.3813 1.9603e-02
5372.9932 1.5893e-02
5374.6050 9.2136e-03
5376.2173 1.8735e-02
5377.8301 7.7714e-03
5379.4434 9.1839e-03
5381.0576 2.8892e-02
5382.6714 1.4129e-02
5384.2861 1.0823e-02
5385.9014 1.6729e-02
5387.5171 1.2748e-02
5389.1343 6.4580e-03
5390.7505 1.5503e-02
5392.3677 1.5096e-02
5393.9858 1.4190e-02
5395.6035 1.0755e-02
5397.2222 1.2047e-02
5398.8413 1.1830e-02
5400.4609 8.1779e-03
5402.0811 2.4799e-02
5403.7017 8.0975e-03
5405.3228 2.8372e-02
5406.9448 1.3468e-02
5408.5659 8.4825e-03
5410.1890 1.4091e-02
5411.8115 1.6341e-02
5413.4360 1.7216e-02
5415.0596 2.0969e-02
5416.6841 2.3560e-02
5418.3096 8.9231e-03
5419.9351 1.8037e-02
5421.5605 1.4028e-02
5423.1875 2.7380e-03
5424.8145 7.4378e-03
5426.4414 6.6021e-03
5428.0693 9.3545e-03
5429.6982 1.6392e-02
5431.3271 1.1482e-02
5432.9565 1.3890e-02
5434.5859 1.9525e-02
5436.2163 1.9826e-02
5437.8472 1.4074e-02
5439.4785 1.3000e-02
5441.1104 2.3218e-02
5442.7427 5.8967e-03
5444.3760 1.1746e-02
5446.0098 1.2192e-02
5447.6431 1.9703e-02
5449.2778 1.1879e-02
5450.9121 7.4060e-03
5452.5474 3.0190e-02
5454.1826 2.3821e-02
5455.8193 6.6628e-03
5457.4565 1.5244e-02
5459.0933 1.0978e-02
5460.7310 1.9870e-02
5462.3696 1.5726e-02
5464.0073 1.6126e-02
5465.6475 1.7481e-02
5467.2871 1.1476e-02
5468.9272 2.0787e-02
5470.5674 1.3049e-02
5472.2090 1.4886e-02
5473.8506 1.3717e-02
5475.4927 1.6845e-02
5477.1353 8.7865e-03
5478.7783 1.8210e-02
5480.4224 7.0921e-03
5482.0659 2.3952e-02
5483.7104 1.6496e-02
5485.3560 1.1620e-02
5487.0010 9.7395e-03
5488.6475 9.1440e-03
5490.2944 1.1034e-02
5491.9414 2.0890e-02
5493.5889 7.1348e-03
5495.2368 1.6472e-02
5496.8857 1.7991e-02
5498.5342 1.4250e-02
5500.1841 2.0072e-02
5501.8340 1.8081e-02
5503.4849 9.6458e-03
5505.1357 1.4936e-02
5506.7871 8.3099e-03
5508.4395 1.3180e-02
5510.0923 2.2796e-02
5511.7451 2.3121e-02
5513.3984 2.1146e-02
5515.0522 1.6517e-02
5516.7070 1.9858e-02
5518.3623 1.6826e-02
5520.0176 1.2460e-02
5521.6733 2.3616e-02
5523.3301 1.2055e-02
5524.9868 1.1830e-02
5526.6450 2.0315e-02
5528.3027 2.2620e-02
5529.9609 1.0831e-02
5531.6201 1.5062e-02
5533.2793 6.2390e-03
5534.9395 1.0163e-02
5536.5996 1.5042e-02
5538.2607 1.1489e-02
5539.9229 3.3836e-02
5541.5840 1.7564e-02
5543.2466 2.4011e-02
5544.9102 8.8643e-03
5546.5728 2.8981e-02
5548.2373 1.2544e-02
5549.9019 1.1344e-02
5551.5664 1.6133e-02
5553.2324 1.6132e-02
5554.8984 2.9287e-02
5556.5645 1.2776e-02
5558.2310 1.7975e-02
5559.8989 2.0792e-02
5561.5669 1.1271e-02
5563.2354 1.5752e-02
5564.9043 1.9164e-02
5566.5732 1.3251e-02
5568.2437 2.3968e-02
5569.9150 1.2456e-02
5571.5854 8.2996e-03
5573.2568 9.9132e-03
5574.9287 1.2466e-02
5576.6011 1.2116e-02
5578.2739 9.0485e-03
5579.9482 1.0085e-02
5581.6216 1.4682e-02
5583.2959 9.9224e-03
5584.9717 2.1742e-02
5586.6470 1.4205e-02
5588.3223 1.1486e-02
5589.9990 1.7949e-02
5591.6763 5.6098e-03
5593.3535 1.0960e-02
5595.0317 1.9794e-02
5596.7104 1.1256e-02
5598.3892 1.6316e-02
5600.0688 2.0339e-02
5601.7490 7.7540e-03
5603.4292 1.0786e-02
5605.1104 1.1320e-02
5606.7915 1.0309e-02
5608.4741 5.0554e-03
5610.1562 1.5770e-02
5611.8394 1.3186e-02
5613.5234 1.2950e-02
5615.2075 1.1334e-02
5616.8916 1.4178e-02
5618.5767 2.1466e-02
5620.2627 1.4120e-02
5621.9482 8.4632e-03
5623.6348 1.9400e-02
5625.3218 1.4942e-02
5627.0098 1.0992e-02
5628.6982 1.7224e-02
5630.3867 6.8818e-03
5632.0757 1.5794e-02
5633.7651 5.4724e-03
5635.4551 1.5614e-02
5637.1460 7.0483e-03
5638.8369 2.0695e-02
5640.5283 2.0857e-02
5642.2207 6.4199e-03
5643.9141 1.1404e-02
5645.6069 1.2070e-02
5647.3003 2.7144e-02
5648.9946 1.2245e-02
5650.6895 3.8224e-03
5652.3848 1.3280e-02
5654.0801 1.0479e-02
5655.7759 1.5187e-02
5657.4736 1.2304e-02
5659.1709 2.0868e-02
5660.8682 2.4641e-02
5662.5664 9.8150e-03
5664.2651 1.0350e-02
5665.9644 9.1937e-03
5667.6641 1.7998e-02
5669.3647 2.2050e-02
5671.0649 1.3557e-02
5672.7666 8.4182e-03
5674.4688 1.1519e-02
5676.1709 9.9400e-03
5677.8740 7.5097e-03
5679.5771 1.7127e-02
5681.2812 1.2751e-02
5682.9858 1.8447e-02
5684.6899 9.5256e-03
5686.3950 1.9468e-02
5688.1021 7.1567e-03
5689.8076 7.6115e-03
5691.5146 7.0901e-03
5693.2222 6.0626e-03
5694.9302 1.9685e-02
5696.6382 1.5173e-02
5698.3477 1.0997e-02
5700.0571 1.4176e-02
5701.7671 1.0856e-02
5703.4775 9.6465e-03
5705.1885 1.5681e-02
5706.9004 2.1895e-02
5708.6123 1.0900e-02
5710.3252 2.2619e-02
5712.0381 2.3092e-02
5713.7524 1.0821e-02
5715.4663 1.1576e-02
5717.1812 1.2728e-02
5718.8955 1.1972e-02
5720.6118 1.3508e-02
5722.3271 1.5866e-02
5724.0444 7.9651e-03
5725.7617 4.8791e-03
5727.4795 5.3743e-03
5729.1973 1.8452e-02
5730.9165 1.5110e-02
5732.6353 7.6454e-03
5734.3550 1.4919e-02
5736.0757 7.6097e-03
5737.7969 1.0861e-02
5739.5176 1.9114e-02
5741.2397 1.1259e-02
5742.9624 7.6854e-03
5744.6851 1.1941e-02
5746.4082 9.9002e-03
5748.1323 6.7538e-03
5749.8569 1.0522e-02
5751.5815 6.9759e-03
5753.3076 1.1098e-02
5755.0332 2.0237e-02
5756.7593 1.4471e-02
5758.4863 1.0609e-02
5760.2144 9.8156e-03
5761.9424 4.1344e-03
5763.6709 1.3974e-02
5765.3999 1.0626e-02
5767.1294 1.2413e-02
5768.8594 1.5515e-02
5770.5908 1.3227e-02
5772.3213 1.7684e-02
5774.0527 1.0850e-02
5775.7856 1.5378e-02
5777.5181 1.1229e-02
5779.2515 1.7861e-02
5780.9844 1.3727e-02
5782.7192 7.7637e-03
5784.4546 1.7184e-02
5786.1899 4.5004e-03
5787.9253 9.2918e-03
5789.6626 7.5454e-03
5791.3984 2.0413e-02
5793.1362 1.7960e-02
5794.8745 1.0687e-02
5796.6123 1.7161e-02
5798.3516 1.0019e-02
5800.0913 1.0545e-02
5801.8306 1.1558e-02
5803.5713 1.5297e-02
5805.3125 3.4093e-03
5807.0537 1.3988e-02
5808.7964 8.0467e-03
5810.5391 1.1665e-02
5812.2822 1.7767e-02
5814.0259 7.0390e-03
5815.7700 1.5608e-02
5817.5151 1.0937e-02
5819.2598 3.7896e-03
5821.0059 1.7352e-02
5822.7524 1.0362e-02
5824.4990 1.7404e-02
5826.2461 8.1637e-03
5827.9937 1.3976e-02
5829.7427 1.0400e-02
5831.4912 6.4879e-03
5833.2407 1.3719e-02
5834.9912 7.0069e-03
5836.7417 6.3152e-03
5838.4922 5.3173e-03
5840.2446 1.1427e-02
5841.9961 1.4508e-02
5843.7490 4.4422e-03
5845.5020 8.0199e-03
5847.2559 7.8516e-03
5849.0103 1.4980e-02
5850.7642 7.0581e-03
5852.5195 9.4281e-03
5854.2754 9.3835e-03
5856.0317 1.4242e-02
5857.7881 1.2307e-02
5859.5454 1.6924e-02
5861.3032 4.1318e-03
5863.0625 2.2168e-02
5864.8208 1.6558e-02
5866.5806 1.5994e-02
5868.3403 1.5921e-02
5870.1006 1.2045e-02
5871.8618 1.3028e-02
5873.6230 7.6151e-03
5875.3857 2.0625e-02
5877.1479 3.6017e-03
5878.9111 8.3963e-03
5880.6748 3.6435e-03
5882.4390 8.0258e-03
5884.2036 8.2681e-03
5885.9692 2.0143e-02
5887.7349 1.2059e-02
5889.5010 3.8550e-03
5891.2676 9.8502e-03
5893.0356 1.3688e-02
5894.8032 8.2014e-03
5896.5718 1.3259e-02
5898.3408 1.9462e-02
5900.1108 7.5988e-03
5901.8804 8.2761e-03
5903.6509 9.5858e-03
5905.4219 6.2787e-03
5907.1938 9.8528e-03
5908.9663 5.4885e-03
5910.7383 1.0414e-02
5912.5112 7.4106e-03
5914.2856 1.6299e-02
5916.0601 1.3364e-02
5917.8345 3.1681e-03
5919.6099 8.5013e-03
5921.3857 5.4459e-03
5923.1621 1.4024e-02
5924.9395 2.2623e-03
5926.7163 8.3585e-03
5928.4946 1.4434e-02
5930.2729 1.2042e-02
5932.0522 6.7813e-03
5933.8315 9.0356e-03
5935.6123 4.9529e-03
5937.3926 7.2551e-03
5939.1738 2.0548e-03
5940.9556 3.5597e-03
5942.7383 1.6996e-02
5944.5210 1.4536e-02
5946.3042 1.0134e-02
5948.0879 8.6673e-03
5949.8726 8.1448e-03
5951.6572 1.5091e-02
5953.4434 1.4201e-02
5955.2290 9.4188e-04
5957.0151 8.5161e-03
5958.8022 1.0668e-02
5960.5903 7.9104e-03
5962.3789 8.2399e-03
5964.1670 6.8423e-03
5965.9561 1.5702e-02
5967.7466 1.3306e-02
5969.5366 7.6207e-03
5971.3276 1.7263e-02
5973.1187 9.1927e-03
5974.9106 6.1384e-03
5976.7031 1.0795e-02
5978.4961 1.0392e-02
5980.2900 1.1375e-02
5982.0845 9.5839e-03
5983.8789 9.6942e-03
5985.6729 1.2081e-02
5987.4692 1.0677e-02
5989.2651 1.1052e-02
5991.0620 1.0265e-02
5992.8589 1.4210e-02
5994.6572 1.0405e-02
5996.4556 8.6615e-03
5998.2549 5.0706e-03
6000.0547 5.8509e-03
6001.8545 4.0328e-03
6003.6548 1.8742e-02
6005.4561 6.5317e-03
6007.2578 5.5386e-03
6009.0596 9.3777e-03
6010.8623 0.0000e+00
6012.6660 1.6851e-02
6014.4697 8.5432e-03
6016.2739 6.5450e-03
6018.0786 3.2640e-03
6019.8843 1.0535e-02
6021.6909 9.2245e-03
6023.4966 1.0680e-02
6025.3037 1.7193e-02
6027.1108 1.2365e-02
6028.9199 7.0795e-03
6030.7285 7.6993e-03
6032.5366 1.2917e-02
6034.3472 1.5482e-02
6036.1577 1.6508e-02
6037.9683 1.2958e-02
6039.7793 5.6791e-03
6041.5918 1.5935e-02
6043.4038 7.3379e-03
6045.2173 1.3915e-02
6047.0312 2.0271e-02
6048.8447 8.7116e-03
6050.6592 8.5377e-03
6052.4751 1.3494e-02
6054.2905 5.4991e-03
6056.1069 5.9240e-03
6057.9233 6.2803e-03
6059.7407 5.3357e-03
6061.5586 7.1838e-03
6063.3770 5.6240e-03
6065.1968 7.8337e-03
6067.0161 8.0638e-03
6068.8359 1.3103e-02
6070.6567 7.8871e-03
6072.4785 1.1504e-02
6074.2998 8.0928e-03
6076.1221 1.2227e-02
6077.9448 4.6189e-03
6079.7681 1.4658e-02
6081.5918 6.7458e-03
6083.4160 9.8460e-03
6085.2417 8.2114e-03
6087.0664 1.8362e-02
6088.8936 5.0701e-03
6090.7197 2.1624e-03
6092.5469 9.0880e-03
6094.3745 1.8099e-02
6096.2031 1.0814e-02
6098.0327 1.2143e-02
6099.8613 6.5695e-03
6101.6914 1.4091e-02
6103.5220 1.2176e-02
6105.3530 1.4223e-02
6107.1846 7.7661e-03
6109.0171 7.4260e-03
6110.8496 1.1539e-02
6112.6831 1.0486e-02
6114.5166 7.2688e-03
6116.3511 8.9444e-03
6118.1855 1.6849e-02
6120.0210 1.3950e-02
6121.8574 4.7098e-03
6123.6938 6.3872e-03
6125.5308 7.0271e-03
6127.3687 1.3499e-02
6129.2065 6.6141e-03
6131.0454 7.5743e-03
6132.8843 8.2025e-03
6134.7246 5.1100e-03
6136.5649 6.2560e-03
6138.4062 1.8542e-02
6140.2476 3.8125e-03
6142.0894 6.3419e-03
6143.9316 8.2733e-03
6145.7759 8.6960e-03
6147.6191 8.0311e-03
6149.4634 4.1908e-03
6151.3081 1.0852e-02
6153.1538 4.4289e-03
6155.0000 1.5023e-02
6156.8462 1.1904e-02
6158.6934 3.7725e-03
6160.5410 5.1914e-03
6162.3892 2.5675e-03
6164.2373 1.0320e-02
6166.0869 1.1504e-02
6167.9370 9.0812e-03
6169.7871 3.5451e-03
6171.6387 5.5755e-03
6173.4897 7.1121e-03
6175.3413 9.3513e-03
6177.1938 1.0081e-02
6179.0474 5.2712e-03
6180.9009 8.0873e-03
6182.7549 9.8207e-03
6184.6104 5.6773e-03
6186.4653 5.9822e-03
6188.3213 3.7249e-03
6190.1782 9.5970e-03
6192.0356 7.0181e-03
6193.8931 7.1110e-03
6195.7505 6.6785e-03
6197.6099 1.1971e-02
6199.4688 1.0940e-02
6201.3281 3.5196e-03
6203.1895 1.2340e-02
6205.0498 1.2832e-02
6206.9121 1.4379e-02
6208.7739 1.3986e-02
6210.6367 3.8205e-03
6212.4995 5.0429e-03
6214.3633 1.2194e-02
6216.2275 1.2944e-02
6218.0923 9.2465e-03
6219.9575 4.1121e-03
6221.8237 1.9118e-02
6223.6904 7.7323e-03
6225.5576 5.9972e-03
6227.4258 1.1870e-02
6229.2935 6.7982e-03
6231.1621 7.5964e-03
6233.0317 5.4846e-03
6234.9019 6.4544e-03
6236.7720 1.1833e-02
6238.6431 7.8318e-03
6240.5146 1.9392e-02
6242.3867 7.0196e-03
6244.2598 5.1985e-03
6246.1323 1.0762e-02
6248.0063 8.9938e-03
6249.8813 1.2716e-02
6251.7559 8.2361e-03
6253.6313 6.8748e-03
6255.5073 1.0987e-02
6257.3843 5.0937e-03
6259.2617 1.4654e-02
6261.1392 4.9280e-03
6263.0176 1.1939e-02
6264.8970 7.2709e-03
6266.7759 7.1968e-03
6268.6562 9.5000e-03
6270.5361 9.8908e-03
6272.4180 1.2037e-02
6274.2993 6.2275e-03
6276.1816 5.2306e-04
6278.0645 1.0985e-02
6279.9478 8.8983e-03
6281.8320 8.3461e-03
6283.7168 1.1150e-02
6285.6021 5.1271e-03
6287.4868 1.0989e-02
6289.3740 1.0865e-02
6291.2603 8.9066e-03
6293.1475 1.2620e-02
6295.0352 7.6208e-03
6296.9238 7.1241e-03
6298.8130 4.9238e-03
6300.7026 6.0277e-03
6302.5933 4.1768e-03
6304.4839 3.0793e-03
6306.3755 1.2311e-02
6308.2676 6.2501e-03
6310.1597 1.2532e-02
6312.0527 1.2495e-02
6313.9468 3.4677e-03
6315.8398 3.4408e-03
6317.7349 3.2903e-03
6319.6304 4.1629e-03
6321.5269 1.2124e-02
6323.4233 5.6893e-03
6325.3198 5.0883e-03
6327.2178 1.2249e-02
6329.1157 1.0860e-02
6331.0146 1.1677e-02
6332.9131 1.1058e-02
6334.8140 1.0458e-02
6336.7139 1.1829e-02
6338.6147 5.0445e-03
6340.5166 4.8560e-03
6342.4189 9.3014e-03
6344.3213 3.7518e-03
6346.2246 9.1952e-03
6348.1284 8.0858e-03
6350.0332 6.0974e-03
6351.9380 1.0306e-02
6353.8442 9.1516e-03
6355.7500 7.5243e-03
6357.6572 5.9329e-03
6359.5645 1.1331e-02
6361.4717 9.3253e-03
6363.3804 8.9226e-03
6365.2891 4.3688e-03
6367.1987 1.0602e-02
6369.1089 6.7893e-03
6371.0200 8.4402e-03
6372.9312 1.5523e-02
6374.8428 1.3272e-02
6376.7549 7.9280e-03
6378.6685 1.0076e-02
6380.5820 9.5570e-03
6382.4966 8.1617e-03
6384.4111 6.2192e-03
6386.3257 5.1399e-03
6388.2422 7.9816e-03
6390.1587 1.7754e-02
6392.0752 1.8147e-03
6393.9932 9.5155e-03
6395.9116 6.1519e-03
6397.8301 4.6547e-03
6399.7490 1.0801e-02
6401.6694 1.3790e-02
6403.5898 8.5250e-03
6405.5112 3.2901e-03
6407.4331 7.7268e-03
6409.3545 5.5830e-03
6411.2778 6.3468e-03
6413.2012 4.5305e-03
6415.1250 1.4318e-02
6417.0493 8.1164e-03
6418.9741 1.8610e-02
6420.9004 4.6245e-03
6422.8262 9.8143e-03
6424.7534 8.4938e-03
6426.6812 6.8204e-03
6428.6094 1.5693e-02
6430.5381 1.9669e-02
6432.4668 7.7208e-03
6434.3960 1.0339e-02
6436.3267 1.5891e-02
6438.2578 7.8605e-03
6440.1895 5.6750e-03
6442.1216 4.7249e-03
6444.0537 1.0676e-02
6445.9868 9.2482e-03
6447.9209 8.3277e-03
6449.8550 1.0905e-02
6451.7905 4.1470e-03
6453.7256 7.3694e-03
6455.6621 6.0812e-03
6457.5986 5.4295e-03
6459.5356 1.0194e-02
6461.4741 1.6386e-02
6463.4121 4.2082e-03
6465.3506 1.2121e-02
6467.2905 7.6144e-03
6469.2310 1.2386e-02
6471.1719 1.1610e-02
6473.1128 8.1116e-03
6475.0552 1.4237e-02
6476.9976 8.4470e-03
6478.9409 5.8515e-03
6480.8848 8.3861e-03
6482.8286 1.0517e-02
6484.7739 1.4040e-02
6486.7192 3.5960e-03
6488.6650 1.3877e-02
6490.6113 8.3915e-03
6492.5581 1.0041e-02
6494.5063 5.4385e-03
6496.4546 6.7730e-03
6498.4038 7.4610e-03
6500.3535 6.2457e-03
6502.3032 9.5784e-03
6504.2539 1.2551e-02
6506.2056 1.4579e-02
6508.1572 2.4659e-03
6510.1099 1.1712e-02
6512.0625 1.2659e-02
6514.0166 1.3967e-02
6515.9702 9.0525e-03
6517.9258 7.7756e-03
6519.8809 1.0163e-02
6521.8364 8.0198e-03
6523.7930 9.4541e-03
6525.7505 6.9622e-03
6527.7075 2.7575e-03
6529.6665 1.3874e-02
6531.6255 1.1369e-02
6533.5845 9.2161e-03
6535.5449 1.1468e-02
6537.5054 7.2236e-03
6539.4668 7.3401e-03
6541.4282 6.7675e-03
6543.3911 1.1922e-02
6545.3545 2.6076e-03
6547.3179 6.2436e-03
6549.2817 9.5173e-03
6551.2466 4.4191e-03
6553.2124 8.6188e-03
6555.1777 1.0435e-02
6557.1445 4.5045e-03
6559.1113 5.1653e-03
6561.0796 7.0387e-03
6563.0479 1.3518e-02
6565.0166 6.5918e-03
6566.9863 1.6574e-02
6568.9561 3.8285e-03
6570.9268 9.3624e-03
6572.8979 1.5375e-02
6574.8701 1.8949e-02
6576.8423 1.1052e-02
6578.8154 9.8666e-03
6580.7896 1.1404e-02
6582.7632 7.9362e-03
6584.7383 2.6425e-03
6586.7139 1.0698e-02
6588.6895 3.3386e-03
6590.6660 2.7507e-03
6592.6431 3.9147e-03
6594.6211 5.3200e-03
6596.5996 3.5958e-03
6598.5791 1.8553e-03
6600.5581 2.9469e-03
6602.5386 7.5339e-03
6604.5190 2.7527e-03
6606.5005 6.1375e-03
6608.4824 1.0102e-02
6610.4648 1.0344e-02
6612.4482 6.9530e-03
6614.4326 1.1534e-02
6616.4160 1.0112e-02
6618.4009 7.9135e-03
6620.3867 5.5476e-03
6622.3730 6.6158e-03
6624.3594 2.6999e-03
6626.3467 2.4970e-03
6628.3350 1.0215e-02
6630.3232 6.6871e-03
6632.3125 7.7831e-03
6634.3022 3.7654e-03
6636.2920 1.3382e-02
6638.2827 1.0557e-02
6640.2744 5.9657e-03
6642.2671 1.2725e-02
6644.2593 2.5145e-03
6646.2529 1.4566e-02
6648.2471 1.2281e-02
6650.2412 1.0529e-02
6652.2358 6.1094e-03
6654.2314 9.7771e-03
6656.2280 1.5077e-02
6658.2251 5.1265e-03
6660.2222 1.4633e-02
6662.2207 9.4000e-03
6664.2197 9.1015e-03
6666.2178 9.5716e-03
6668.2178 9.1287e-03
6670.2188 7.1381e-03
6672.2192 1.5561e-02
6674.2212 1.1098e-02
6676.2241 1.4068e-02
6678.2266 8.7327e-03
6680.2300 9.2468e-03
6682.2334 3.0007e-03
6684.2388 1.8988e-02
6686.2446 1.0672e-02
6688.2500 1.5333e-02
6690.2563 7.4024e-03
6692.2627 1.2175e-02
6694.2715 7.1089e-03
6696.2793 1.2842e-02
6698.2881 8.7193e-03
6700.2979 1.5569e-02
6702.3081 6.3226e-03
6704.3188 4.0788e-03
6706.3301 8.6198e-03
6708.3418 1.0805e-02
6710.3545 9.3989e-03
6712.3672 7.0275e-03
6714.3809 1.7409e-02
6716.3955 7.2604e-03
6718.4106 1.1221e-02
6720.4263 6.4234e-03
6722.4419 7.4780e-03
6724.4585 1.2646e-02
6726.4756 1.0254e-02
6728.4946 9.8908e-03
6730.5127 1.0025e-02
6732.5312 1.0629e-02
6734.5513 5.5567e-03
6736.5718 3.4387e-03
6738.5923 9.8869e-03
6740.6152 9.5032e-03
6742.6367 1.2663e-02
6744.6587 6.8346e-03
6746.6831 5.9003e-03
6748.7065 5.7069e-03
6750.7310 9.0524e-03
6752.7563 5.0976e-03
6754.7822 8.8693e-03
6756.8091 6.3338e-03
6758.8359 7.1524e-03
6760.8633 7.0035e-03
6762.8916 1.6066e-02
6764.9209 8.9284e-03
6766.9502 1.0009e-02
6768.9805 7.8534e-03
6771.0107 1.3079e-02
6773.0425 1.1871e-02
6775.0742 3.2829e-03
6777.1064 7.4977e-03
6779.1401 6.5290e-03
6781.1733 1.5124e-02
6783.2080 6.6564e-03
6785.2427 6.4455e-03
6787.2783 1.1292e-02
6789.3149 6.9556e-03
6791.3516 6.2556e-03
6793.3887 7.3973e-03
6795.4272 5.0980e-03
6797.4653 1.2508e-02
6799.5049 6.2543e-03
6801.5444 6.2019e-03
6803.5854 5.7913e-03
6805.6260 1.9919e-02
6807.6685 1.0732e-02
6809.7100 7.1092e-03
6811.7534 4.5192e-03
6813.7964 7.3275e-03
6815.8408 8.5149e-03
6817.8853 9.6870e-03
6819.9312 1.3748e-02
6821.9771 7.8332e-03
6824.0234 4.1543e-03
6826.0703 4.4796e-03
6828.1182 5.8765e-03
6830.1670 5.8143e-03
6832.2163 6.6200e-03
6834.2651 3.8587e-03
6836.3154 3.6780e-03
6838.3667 2.4770e-03
6840.4180 4.0052e-03
6842.4702 5.2479e-03
6844.5229 1.0966e-02
6846.5762 6.3884e-03
6848.6304 7.3879e-03
6850.6851 7.5045e-03
6852.7402 5.4304e-03
6854.7959 1.0346e-02
6856.8525 5.7084e-03
6858.9097 1.2485e-02
6860.9668 1.0086e-02
6863.0254 1.6212e-02
6865.0845 6.4089e-03
6867.1440 9.8301e-03
6869.2041 7.7693e-03
6871.2646 9.4399e-03
6873.3257 9.7734e-03
6875.3882 4.4165e-03
6877.4512 6.5391e-03
6879.5137 4.7284e-03
6881.5781 7.0150e-03
6883.6421 4.7284e-03
6885.7075 7.8232e-03
6887.7729 3.4885e-03
6889.8394 4.6127e-03
6891.9062 7.6712e-03
6893.9746 3.6218e-03
6896.0425 5.6389e-03
6898.1113 5.5280e-03
6900.1802 3.8088e-03
6902.2505 7.9411e-03
6904.3213 4.9676e-03
6906.3926 7.5874e-03
6908.4648 6.6937e-03
6910.5366 6.7344e-03
6912.6099 8.7664e-03
6914.6841 6.6580e-03
6916.7588 7.4477e-03
6918.8335 5.0174e-03
6920.9092 6.5347e-03
6922.9849 7.3622e-03
6925.0620 4.0699e-03
6927.1401 6.7424e-03
6929.2178 1.3263e-02
6931.2964 9.3412e-03
6933.3760 9.1136e-03
6935.4561 5.4985e-03
6937.5371 9.4746e-03
6939.6182 8.4226e-03
6941.7002 8.5413e-03
6943.7822 5.6403e-03
6945.8657 1.1760e-02
6947.9487 1.6244e-03
6950.0337 1.1739e-02
6952.1182 1.1579e-02
6954.2046 9.6244e-03
6956.2905 6.2520e-03
6958.3779 6.4970e-03
6960.4644 3.5190e-03
6962.5527 4.7372e-03
6964.6421 4.4460e-03
6966.7314 9.5296e-03
6968.8208 5.3220e-03
6970.9116 3.9421e-03
6973.0029 9.8874e-03
6975.0947 7.2668e-03
6977.1880 7.7528e-03
6979.2803 9.0362e-03
6981.3745 1.3025e-02
6983.4692 2.9292e-03
6985.5635 2.2816e-03
6987.6602 5.9018e-03
6989.7559 5.2977e-03
6991.8525 3.1953e-03
6993.9507 5.8211e-03
6996.0488 7.9468e-03
6998.1479 1.2421e-02
7000.2471 7.4534e-03
7002.3467 5.8889e-03
7004.4468 2.6093e-03
7006.5488 5.4309e-03
7008.6514 7.6402e-03
7010.7529 1.0437e-02
7012.8564 3.3428e-03
7014.9609 4.4235e-03
7017.0654 7.9460e-03
7019.1699 5.7650e-03
7021.2759 7.2140e-03
7023.3823 6.0368e-03
7025.4893 3.9658e-03
7027.5977 1.1320e-02
7029.7051 1.1797e-02
7031.8145 9.8123e-03
7033.9238 1.2010e-03
7036.0337 9.7862e-03
7038.1450 3.9101e-03
7040.2559 4.9458e-03
7042.3687 8.0491e-03
7044.4805 8.7636e-03
7046.5938 5.0302e-03
7048.7080 5.9522e-03
7050.8228 6.6492e-03
7052.9385 4.1363e-03
7055.0542 2.0066e-02
7057.1704 2.1947e-03
7059.2881 3.9182e-03
7061.4053 1.0853e-02
7063.5234 3.9690e-03
7065.6431 9.5643e-03
7067.7627 3.7482e-03
7069.8828 1.3191e-02
7072.0039 7.5638e-03
7074.1255 7.2669e-03
7076.2476 5.0915e-03
7078.3706 6.1112e-03
7080.4937 4.6893e-03
7082.6187 1.0671e-02
7084.7432 5.8386e-03
7086.8687 1.7136e-03
7088.9946 5.5819e-03
7091.1216 5.6260e-03
7093.2490 7.9365e-03
7095.3765 7.1572e-03
7097.5049 1.2152e-02
7099.6348 5.7094e-03
7101.7642 5.3290e-04
7103.8945 5.2699e-03
7106.0264 9.8195e-03
7108.1582 2.1414e-03
7110.2905 5.6752e-03
7112.4229 5.6143e-03
7114.5571 3.9109e-03
7116.6914 5.8562e-03
7118.8262 1.1686e-02
7120.9619 5.7866e-03
7123.0986 3.9833e-03
7125.2354 6.2449e-03
7127.3730 9.8612e-03
7129.5112 4.3979e-03
7131.6499 9.3150e-03
7133.7896 1.7094e-03
7135.9292 1.1943e-02
7138.0703 5.5607e-03
7140.2119 6.2897e-03
7142.3540 7.9504e-03
7144.4966 5.8801e-03
7146.6396 2.9488e-03
7148.7842 5.7387e-03
7150.9287 1.1083e-02
7153.0742 4.7313e-03
7155.2197 7.8917e-03
7157.3667 6.9992e-03
7159.5137 4.7865e-03
7161.6616 4.3052e-03
7163.8101 8.5734e-04
7165.9590 5.3975e-03
7168.1089 5.5639e-03
7170.2593 7.2283e-03
7172.4102 6.7581e-03
7174.5625 1.1119e-02
7176.7144 4.7547e-03
7178.8672 3.1781e-03
7181.0210 5.5726e-03
7183.1753 2.0457e-03
7185.3306 1.0025e-02
7187.4858 7.2873e-03
7189.6421 3.5585e-03
7191.7988 1.8539e-03
7193.9565 1.0479e-02
7196.1147 4.8525e-03
7198.2734 8.6485e-03
7200.4336 3.0144e-03
7202.5928 1.9592e-03
7204.7539 4.6056e-03
7206.9155 1.4210e-02
7209.0771 7.8624e-03
7211.2402 1.0919e-02
7213.4033 1.5544e-02
7215.5674 6.6715e-03
7217.7324 1.3732e-02
7219.8979 1.2536e-02
7222.0635 7.8689e-03
7224.2300 8.9105e-03
7226.3979 3.0396e-03
7228.5654 3.3521e-03
7230.7334 3.2583e-03
7232.9033 1.1173e-02
7235.0728 3.3849e-03
7237.2432 1.3173e-03
7239.4150 1.2470e-02
7241.5864 7.8950e-03
7243.7593 4.3224e-03
7245.9321 1.6376e-03
7248.1060 3.5822e-03
7250.2803 5.6480e-03
7252.4551 7.2023e-03
7254.6313 8.6185e-03
7256.8076 1.1841e-02
7258.9849 9.4818e-03
7261.1626 2.9982e-03
7263.3408 8.5291e-03
7265.5200 9.2198e-03
7267.6992 4.9892e-03
7269.8799 7.4343e-03
7272.0605 4.0878e-03
7274.2422 9.1429e-03
7276.4243 1.2841e-02
7278.6069 3.3707e-03
7280.7910 1.0206e-02
7282.9751 6.1935e-03
7285.1602 5.7237e-03
7287.3452 8.8330e-03
7289.5317 8.8667e-03
7291.7188 3.3104e-03
7293.9067 5.9631e-03
7296.0947 1.0803e-02
7298.2832 5.3719e-03
7300.4727 1.0957e-02
7302.6631 2.9461e-03
7304.8540 9.9259e-04
7307.0454 8.9291e-03
7309.2373 5.0927e-03
7311.4292 6.7237e-03
7313.6235 1.4243e-02
7315.8179 3.4232e-03
7318.0122 5.2829e-03
7320.2075 4.1476e-03
7322.4038 9.0967e-03
7324.6001 5.6221e-03
7326.7979 7.7069e-03
7328.9961 5.5266e-03
7331.1943 7.5177e-03
7333.3936 5.6645e-03
7335.5938 8.4295e-03
7337.7944 5.2845e-03
7339.9956 4.4218e-03
7342.1982 2.8694e-03
7344.4004 6.5588e-03
7346.6035 1.0694e-02
7348.8081 4.5906e-03
7351.0127 6.7715e-03
7353.2183 8.3899e-03
7355.4238 8.7099e-03
7357.6304 9.1429e-03
7359.8374 8.5660e-03
7362.0459 3.2640e-03
7364.2549 3.2797e-03
7366.4634 3.4714e-03
7368.6738 1.0157e-02
7370.8838 4.4451e-03
7373.0957 7.0454e-03
7375.3071 7.0318e-03
7377.5200 3.1032e-03
7379.7334 7.0219e-03
7381.9473 4.0920e-03
7384.1616 1.0026e-02
7386.3770 3.2394e-03
7388.5928 1.2932e-03
7390.8096 4.1553e-03
7393.0264 6.2401e-03
7395.2446 4.1567e-03
7397.4639 8.8641e-03
7399.6826 4.3106e-03
7401.9023 6.0472e-03
7404.1230 5.8413e-03
7406.3438 4.8703e-03
7408.5654 7.2892e-03
7410.7886 4.5908e-03
7413.0122 2.2622e-03
7415.2354 8.5710e-03
7417.4604 4.3107e-04
7419.6855 8.5236e-04
7421.9116 5.7031e-03
7424.1382 1.2366e-02
7426.3652 5.1216e-03
7428.5933 6.8124e-03
7430.8218 6.8395e-03
7433.0513 1.4895e-03
7435.2808 5.5409e-03
7437.5117 4.2338e-03
7439.7432 5.8543e-03
7441.9741 3.8464e-03
7444.2070 4.9625e-03
7446.4404 1.0341e-02
7448.6748 7.4218e-03
7450.9097 4.0193e-03
7453.1440 8.8506e-03
7455.3809 7.5037e-03
7457.6167 5.7518e-03
7459.8545 2.7461e-03
7462.0923 3.3197e-03
7464.3306 1.4334e-03
7466.5698 3.1956e-03
7468.8096 5.0995e-03
7471.0503 2.2183e-03
7473.2920 4.2282e-03
7475.5342 5.7432e-03
7477.7769 1.4829e-03
7480.0205 5.5407e-03
7482.2637 3.6643e-03
7484.5088 6.0041e-03
7486.7539 7.2143e-03
7489.0000 4.1610e-03
7491.2471 5.1844e-03
7493.4937 1.9804e-03
7495.7422 5.4739e-03
7497.9912 7.4572e-03
7500.2402 3.5439e-03
7502.4902 7.2949e-03
7504.7412 3.2623e-03
7506.9927 5.3371e-03
7509.2441 6.6680e-03
7511.4976 3.2171e-03
7513.7510 9.1978e-03
7516.0044 5.6280e-03
7518.2593 4.5353e-03
7520.5151 4.3824e-03
7522.7715 8.5361e-03
7525.0283 1.3807e-03
7527.2861 6.9689e-03
7529.5439 3.4827e-03
7531.8027 7.1471e-03
7534.0620 6.4831e-03
7536.3228 1.0111e-02
7538.5835 5.8780e-03
7540.8447 6.6143e-03
7543.1074 5.0818e-03
7545.3706 4.4202e-03
7547.6338 6.5399e-03
7549.8984 2.9391e-03
7552.1626 7.1385e-03
7554.4292 4.6616e-03
7556.6948 1.3533e-03
7558.9619 6.0321e-03
7561.2295 6.9591e-03
7563.4976 5.8022e-03
7565.7671 1.1842e-03
7568.0366 2.7725e-03
7570.3071 7.4423e-03
7572.5786 8.0747e-03
7574.8511 9.3241e-03
7577.1230 4.5670e-03
7579.3960 3.2788e-03
7581.6694 9.5700e-03
7583.9443 1.0021e-02
7586.2192 3.6819e-03
7588.4956 1.1045e-02
7590.7715 2.4300e-03
7593.0488 1.1903e-02
7595.3262 5.3888e-03
7597.6060 7.0879e-03
7599.8843 5.6409e-03
7602.1641 6.0887e-03
7604.4448 9.6836e-03
7606.7271 7.3312e-03
7609.0093 7.8354e-03
7611.2910 1.0946e-02
7613.5752 2.9353e-03
7615.8589 3.9566e-03
7618.1440 8.1048e-03
7620.4292 4.6670e-03
7622.7153 9.6719e-03
7625.0020 6.7722e-03
7627.2896 7.0232e-03
7629.5781 2.9335e-03
7631.8662 4.5449e-03
7634.1562 9.0000e-03
7636.4468 6.2587e-03
7638.7378 6.6326e-03
7641.0288 5.2855e-03
7643.3213 4.1608e-03
7645.6138 7.9968e-03
7647.9072 7.6879e-03
7650.2021 2.9030e-03
7652.4971 6.2956e-03
7654.7935 6.1353e-03
7657.0894 3.5980e-03
7659.3867 9.4440e-04
7661.6846 7.2815e-03
7663.9829 1.1491e-03
7666.2817 3.1685e-03
7668.5825 1.6948e-03
7670.8823 7.4844e-03
7673.1841 6.0530e-03
7675.4854 5.0817e-03
7677.7891 9.1474e-04
7680.0918 1.1934e-03
7682.3960 2.4409e-03
7684.7002 5.0208e-03
7687.0059 1.8478e-03
7689.3125 4.1074e-03
7691.6191 3.4225e-03
7693.9268 6.3578e-03
7696.2344 2.4879e-03
7698.5430 1.9578e-03
7700.8530 9.9233e-03
7703.1631 4.5395e-03
7705.4746 6.5049e-03
7707.7856 6.8476e-03
7710.0981 5.1093e-03
7712.4111 8.2655e-03
7714.7251 4.0921e-03
7717.0391 6.4672e-04
7719.3540 5.1462e-03
7721.6699 6.5021e-03
7723.9868 2.8897e-04
7726.3042 5.7035e-03
7728.6216 2.0883e-03
7730.9409 5.7280e-03
7733.2593 3.5372e-03
7735.5796 3.8412e-03
7737.9004 4.9009e-03
7740.2217 3.7967e-03
7742.5435 4.2687e-03
7744.8662 6.1808e-03
7747.1895 1.2850e-03
7749.5142 5.2242e-03
7751.8394 5.2200e-03
7754.1650 2.4270e-03
7756.4907 7.0497e-03
7758.8174 1.3763e-03
7761.1450 3.0220e-03
7763.4736 2.7711e-03
7765.8022 5.7194e-04
7768.1323 7.4667e-03
7770.4634 2.7037e-03
7772.7944 2.4120e-03
7775.1260 7.2607e-03
7777.4585 7.3859e-03
7779.7915 2.2106e-03
7782.1260 8.3577e-03
7784.4604 5.6952e-03
7786.7954 4.8563e-03
7789.1318 6.4294e-03
7791.4683 3.5781e-03
7793.8062 2.6063e-03
7796.1436 3.4636e-03
7798.4824 3.1708e-03
7800.8218 7.7269e-03
7803.1626 3.0038e-03
7805.5034 3.7697e-03
7807.8447 3.3687e-03
7810.1880 2.7415e-04
7812.5303 7.3693e-03
7814.8745 1.9718e-03
7817.2192 8.1748e-03
7819.5640 8.9241e-03
7821.9106 5.6909e-03
7824.2559 6.4584e-03
7826.6040 8.4191e-03
7828.9521 4.0872e-03
7831.3003 9.0280e-03
7833.6499 7.1615e-04
7835.9995 6.7361e-03
7838.3511 4.7884e-03
7840.7021 3.6243e-03
7843.0547 2.5867e-03
7845.4077 5.1858e-03
7847.7603 9.4540e-03
7850.1152 2.0224e-03
7852.4702 1.4901e-03
7854.8262 3.6663e-03
7857.1821 5.4129e-03
7859.5396 5.4741e-03
7861.8975 6.0582e-03
7864.2559 1.1111e-03
7866.6157 5.1538e-03
7868.9756 7.8104e-03
7871.3359 3.0426e-03
7873.6978 3.7310e-03
7876.0601 5.7492e-03
7878.4224 2.7601e-03
7880.7856 4.0739e-03
7883.1509 7.5450e-03
7885.5151 5.4307e-03
7887.8809 2.1775e-03
7890.2476 3.1021e-03
7892.6147 6.2700e-03
7894.9814 1.1304e-02
7897.3501 6.4443e-03
7899.7192 3.9695e-03
7902.0898 7.5535e-03
7904.4604 1.1831e-02
7906.8311 4.8778e-03
7909.2036 6.9703e-03
7911.5767 8.8239e-03
7913.9497 8.8760e-03
7916.3247 7.0347e-03
7918.6987 6.1153e-03
7921.0742 2.0602e-04
7923.4512 3.1177e-04
7925.8276 1.5572e-03
7928.2051 4.9629e-03
7930.5845 2.1145e-03
7932.9634 4.5468e-03
7935.3433 2.9501e-04
7937.7236 2.0338e-03
7940.1050 2.4077e-03
7942.4873 4.9547e-03
7944.8701 6.1820e-03
7947.2529 2.3076e-03
7949.6377 8.8307e-03
7952.0225 2.1529e-03
7954.4082 3.5691e-03
7956.7949 5.3277e-03
7959.1807 3.7441e-03
7961.5688 2.5435e-03
7963.9580 4.7334e-03
7966.3462 2.8101e-03
7968.7368 1.8450e-03
7971.1274 9.8518e-04
7973.5181 1.6322e-03
7975.9111 6.2863e-03
7978.3032 6.0566e-03
7980.6973 3.4942e-03
7983.0908 5.1324e-03
7985.4858 2.7392e-03
7987.8823 2.7679e-03
7990.2778 3.5412e-04
7992.6748 8.5876e-03
7995.0728 4.2250e-03
7997.4717 5.9792e-03
7999.8711 3.4271e-03
8002.2710 3.5613e-03
8004.6709 2.3827e-03
8007.0723 3.6886e-03
8009.4746 5.6134e-03
8011.8779 6.2224e-03
8014.2812 4.1487e-03
8016.6855 3.1111e-03
8019.0903 1.8345e-03
8021.4966 4.8340e-03
8023.9028 2.0946e-03
8026.3105 7.1100e-03
8028.7173 5.6337e-03
8031.1260 1.1562e-03
8033.5361 2.1053e-03
8035.9458 1.9827e-03
8038.3569 2.5470e-03
8040.7681 2.5183e-03
8043.1807 7.4695e-03
8045.5933 2.4637e-03
8048.0068 1.4434e-04
8050.4214 4.4740e-03
8052.8364 6.4828e-03
8055.2520 5.0377e-03
8057.6689 3.4664e-03
8060.0864 3.8321e-03
8062.5049 4.9506e-04
8064.9229 2.1138e-03
8067.3423 2.3108e-03
8069.7632 3.5950e-03
8072.1836 3.8344e-03
8074.6050 3.6416e-03
8077.0278 3.3431e-03
8079.4507 1.0663e-02
8081.8745 4.5544e-04
8084.2988 5.5852e-03
8086.7251 2.7077e-03
8089.1509 5.4409e-03
8091.5771 1.6404e-03
8094.0049 3.5853e-03
8096.4331 4.8574e-03
8098.8618 2.6814e-03
8101.2910 6.8447e-03
8103.7217 3.7614e-03
8106.1528 2.6479e-03
8108.5845 1.4419e-03
8111.0171 2.3905e-03
8113.4502 5.0212e-03
8115.8843 3.9848e-03
8118.3188 3.0243e-03
8120.7549 5.1210e-03
8123.1914 7.1117e-03
8125.6284 6.8401e-03
8128.0659 6.6177e-03
8130.5049 3.9702e-03
8132.9438 7.2492e-03
8135.3833 1.0330e-03
8137.8237 5.1592e-03
8140.2651 8.4147e-04
8142.7075 2.2493e-03
8145.1504 2.7730e-03
8147.5938 0.0000e+00
8150.0376 9.9935e-04
8152.4834 3.8952e-03
8154.9292 5.2427e-03
8157.3750 3.7110e-03
8159.8228 3.6342e-03
8162.2705 7.9647e-03
8164.7192 1.7295e-03
8167.1685 6.0693e-03
8169.6187 1.3167e-03
8172.0693 1.7602e-03
8174.5210 3.1192e-03
8176.9736 7.8495e-03
8179.4268 3.5380e-03
8181.8809 4.4058e-03
8184.3350 5.8331e-03
8186.7900 6.9339e-03
8189.2456 4.0926e-03
8191.7031 5.5692e-04
8194.1602 5.2675e-03
8196.6191 6.6685e-03
8199.0781 8.6627e-03
8201.5371 3.1203e-03
8203.9980 9.1336e-03
8206.4590 3.2319e-03
8208.9219 4.4944e-03
8211.3838 3.2008e-03
8213.8477 3.1289e-03
8216.3115 5.5043e-03
8218.7764 2.2962e-03
8221.2422 4.6860e-03
8223.7090 3.4287e-03
8226.1758 2.8888e-03
8228.6436 0.0000e+00
8231.1123 4.4564e-03
8233.5811 2.0847e-03
8236.0518 9.2836e-04
8238.5215 0.0000e+00
8240.9932 7.1077e-04
8243.4658 3.5275e-03
8245.9395 2.1947e-04
8248.4131 3.8169e-03
8250.8877 1.7840e-03
8253.3623 5.7981e-03
8255.8389 2.4273e-03
8258.3154 3.2851e-03
8260.7920 7.5969e-03
8263.2715 1.6360e-04
8265.7500 2.3630e-03
8268.2305 3.8490e-03
8270.7100 3.5273e-03
8273.1914 3.2542e-03
8275.6738 2.2405e-03
8278.1553 4.4564e-03
8280.6396 0.0000e+00
8283.1240 5.6672e-03
8285.6094 3.7402e-04
8288.0947 1.0857e-03
8290.5811 3.6342e-03
8293.0674 2.1103e-03
8295.5557 1.3311e-03
8298.0449 1.9528e-03
8300.5352 2.2673e-03
8303.0234 4.2382e-03
8305.5156 3.9404e-03
8308.0068 3.9630e-03
8310.5000 5.9001e-03
8312.9922 7.1086e-03
8315.4863 2.8978e-03
8317.9805 7.3321e-03
8320.4766 8.2539e-03
8322.9717 4.9069e-03
8325.4697 1.2283e-03
8327.9668 5.6657e-03
8330.4658 3.3757e-03
8332.9639 3.9089e-03
8335.4648 8.1996e-04
8337.9648 1.7791e-03
8340.4668 1.9511e-03
8342.9688 1.6162e-03
8345.4717 1.5112e-04
8347.9746 3.4415e-03
8350.4795 2.4612e-03
8352.9844 2.0159e-03
8355.4902 1.6751e-03
8357.9971 3.8146e-03
8360.5039 3.5802e-03
8363.0127 2.1186e-04
8365.5215 3.2617e-03
8368.0312 1.5296e-03
8370.5420 0.0000e+00
8373.0527 8.8196e-04
8375.5654 1.5471e-03
8378.0771 1.7093e-03
8380.5908 5.4838e-03
8383.1045 4.5037e-03
8385.6191 2.2244e-03
8388.1348 3.6798e-03
8390.6523 1.9130e-03
8393.1689 2.2675e-03
8395.6865 4.3750e-03
8398.2061 2.0844e-03
8400.7246 2.7095e-03
8403.2461 1.1472e-03
8405.7666 3.5420e-03
8408.2881 4.3603e-03
8410.8105 3.3528e-03
8413.3340 2.9072e-03
8415.8584 1.7903e-03
8418.3818 2.6554e-03
8420.9082 1.9449e-03
8423.4346 2.8591e-03
8425.9609 8.8051e-04
8428.4893 1.2854e-04
8431.0186 1.8249e-03
8433.5479 2.3484e-03
8436.0771 7.0148e-04
8438.6074 2.1631e-03
8441.1396 2.9542e-03
8443.6729 3.0272e-03
8446.2051 3.8536e-03
8448.7383 2.3130e-03
8451.2734 2.3995e-03
8453.8086 3.2504e-03
8456.3457 3.7554e-04
8458.8828 3.5840e-03
8461.4199 3.1095e-04
8463.9580 3.3480e-03
8466.4971 2.1664e-03
8469.0371 4.4739e-04
8471.5781 4.4228e-03
8474.1191 2.9176e-03
8476.6621 2.0529e-03
8479.2051 1.6955e-03
8481.7480 7.0245e-03
8484.2930 2.3473e-03
8486.8379 3.9457e-03
8489.3848 7.5638e-04
8491.9316 2.1149e-03
8494.4795 7.0859e-03
8497.0264 5.9618e-03
8499.5762 2.7779e-03
8502.1260 4.2586e-03
8504.6777 2.4044e-03
8507.2285 1.8683e-03
8509.7803 4.8380e-03
8512.3330 2.2938e-03
8514.8857 2.6893e-03
8517.4414 7.5669e-03
8519.9961 2.1719e-04
8522.5527 3.3427e-03
8525.1094 1.9836e-03
8527.6670 3.6100e-03
8530.2246 4.8625e-03
8532.7842 4.9295e-03
8535.3438 6.2437e-03
8537.9053 4.6657e-03
8540.4668 5.7928e-04
8543.0273 3.8897e-03
8545.5908 8.8559e-04
8548.1543 2.5287e-03
8550.7188 2.0207e-03
8553.2842 7.1380e-04
8555.8496 4.2459e-03
8558.4170 4.1278e-03
8560.9844 5.0609e-03
8563.5527 1.8992e-03
8566.1221 4.4673e-03
8568.6914 3.6510e-03
8571.2617 2.8486e-03
8573.8350 2.7938e-03
8576.4062 2.4757e-03
8578.9785 3.8637e-03
8581.5527 2.4878e-03
8584.1270 1.8655e-03
8586.7031 4.7697e-03
8589.2783 3.8059e-03
8591.8555 1.6366e-03
8594.4326 3.0964e-03
8597.0117 4.5800e-03
8599.5898 1.5964e-04
8602.1699 9.2240e-03
8604.7500 2.0753e-03
8607.3320 1.3389e-03
8609.9150 2.2527e-03
8612.4971 4.9859e-03
8615.0811 7.3450e-03
8617.6660 1.9584e-03
8620.2500 4.1458e-03
8622.8369 3.8093e-03
8625.4229 6.7190e-03
8628.0117 5.4007e-03
8630.6006 1.5427e-03
8633.1885 4.7253e-03
8635.7793 5.6378e-03
8638.3711 1.0328e-03
8640.9609 3.9399e-03
8643.5527 5.1152e-03
8646.1465 7.9341e-04
8648.7393 8.0333e-03
8651.3350 9.7513e-03
8653.9307 2.6654e-03
8656.5264 6.6090e-03
8659.1230 5.9682e-03
8661.7207 3.8796e-03
8664.3203 4.5657e-03
8666.9189 4.0482e-03
8669.5186 1.5421e-03
8672.1201 4.8286e-03
8674.7217 1.6498e-03
8677.3242 1.4554e-03
8679.9277 1.9043e-03
8682.5312 3.0970e-03
8685.1367 8.2113e-03
8687.7412 1.1149e-03
8690.3477 7.0333e-03
8692.9551 4.3031e-03
8695.5625 3.0667e-03
8698.1709 1.6070e-03
8700.7803 2.3488e-04
8703.3916 3.0164e-03
8706.0020 5.3507e-03
8708.6133 6.1713e-03
8711.2266 5.2157e-03
8713.8398 7.5147e-03
8716.4541 4.0184e-03
8719.0684 3.8381e-03
8721.6846 9.1110e-03
8724.3018 4.3514e-03
8726.9189 4.1905e-03
8729.5371 3.0586e-03
8732.1553 9.8201e-03
8734.7754 4.0322e-03
8737.3955 5.4582e-03
8740.0166 6.3807e-03
8742.6387 5.4467e-03
8745.2607 7.8862e-04
8747.8848 1.7765e-03
8750.5098 3.9171e-03
8753.1348 6.7213e-03
8755.7607 3.3984e-03
8758.3867 2.5079e-03
8761.0146 2.6238e-03
8763.6436 2.1609e-03
8766.2715 8.0915e-03
8768.9023 6.2958e-03
8771.5322 7.4436e-03
8774.1641 3.2600e-03
8776.7959 0.0000e+00
8779.4287 6.2002e-03
8782.0635 1.1158e-03
8784.6982 7.7822e-03
8787.3330 4.4691e-03
8789.9697 3.4606e-03
8792.6074 4.4516e-03
8795.2451 4.4097e-03
8797.8838 3.5156e-03
8800.5234 1.7209e-03
8803.1621 2.9405e-03
8805.8027 7.7794e-03
8808.4453 9.2387e-03
8811.0879 6.4534e-03
8813.7314 3.6130e-03
8816.3750 3.3268e-04
8819.0205 5.9681e-03
8821.6660 6.1519e-03
8824.3125 9.2140e-04
8826.9590 5.6866e-03
8829.6084 4.8163e-03
8832.2568 4.0929e-03
8834.9062 4.7656e-03
8837.5557 8.5814e-04
8840.2080 3.7015e-03
8842.8594 5.6348e-03
8845.5127 6.7663e-03
8848.1670 2.4459e-03
8850.8213 3.3073e-03
8853.4766 1.1185e-03
8856.1328 6.1036e-03
8858.7881 3.2168e-03
8861.4463 6.4510e-03
8864.1045 2.7080e-03
8866.7646 4.7350e-03
8869.4238 5.6929e-03
8872.0850 7.8458e-03
8874.7471 3.6921e-03
8877.4092 3.7409e-03
8880.0732 8.7201e-04
8882.7373 4.1445e-03
8885.4014 3.2668e-03
8888.0674 3.9293e-03
8890.7334 6.1353e-03
8893.4004 5.2553e-03
8896.0684 6.4291e-03
8898.7373 5.3649e-03
8901.4072 2.3637e-03
8904.0771 5.2429e-03
8906.7480 4.4993e-03
8909.4199 9.1126e-03
8912.0938 3.6117e-03
8914.7676 4.9397e-03
8917.4414 1.8879e-03
8920.1172 4.4082e-03
8922.7930 6.4975e-03
8925.4697 4.0606e-03
8928.1475 1.2296e-02
8930.8262 2.4477e-03
8933.5049 3.6254e-03
8936.1855 5.4992e-03
8938.8652 1.3155e-03
8941.5469 5.9481e-03
8944.2295 3.6261e-03
8946.9141 8.6232e-03
8949.5977 1.0648e-03
8952.2822 3.0516e-03
8954.9678 1.2399e-03
8957.6553 4.2538e-03
8960.3418 3.6581e-03
8963.0293 1.1093e-02
8965.7178 3.9823e-03
8968.4082 5.6567e-03
8971.0986 3.9116e-03
8973.7910 9.9232e-03
8976.4824 4.4679e-03
8979.1748 2.3995e-03
8981.8691 3.7338e-03
8984.5635 2.5907e-03
8987.2588 2.8538e-03
8989.9551 5.6252e-03
8992.6523 4.7052e-03
8995.3506 4.7890e-03
8998.0488 3.2390e-03
9000.7480 5.4491e-03
9003.4482 2.9454e-03
9006.1494 4.1370e-04
9008.8516 4.6179e-03
9011.5537 4.3011e-03
9014.2578 3.0747e-03
9016.9609 4.4460e-03
9019.6660 2.6315e-04
9022.3721 2.6198e-04
9025.0791 5.1263e-03
9027.7871 6.4854e-03
9030.4951 5.4918e-03
9033.2051 3.9419e-03
9035.9150 6.3670e-03
9038.6260 2.5194e-03
9041.3369 4.2861e-03
9044.0498 6.0048e-03
9046.7627 5.5117e-03
9049.4766 4.2207e-03
9052.1914 9.4953e-03
9054.9072 6.9549e-03
9057.6240 5.3536e-03
9060.3398 1.3622e-03
9063.0586 2.6451e-03
9065.7773 2.2656e-03
9068.4971 7.4700e-03
9071.2168 5.3857e-03
9073.9395 2.1564e-03
9076.6611 2.1864e-03
9079.3848 5.2909e-03
9082.1074 2.1248e-03
9084.8330 3.0226e-03
9087.5576 2.4330e-03
9090.2832 1.4061e-03
9093.0117 6.1346e-03
9095.7393 2.4668e-03
9098.4688 2.1107e-03
9101.1973 2.1065e-03
9103.9287 6.5682e-03
9106.6592 5.1907e-03
9109.3906 5.6473e-03
9112.1250 2.9126e-03
9114.8584 3.8785e-03
9117.5928 2.8935e-03
9120.3271 5.5008e-03
9123.0635 3.6626e-03
9125.8008 4.3265e-03
9128.5391 4.1756e-03
9131.2764 1.9469e-03
9134.0156 3.0609e-03
9136.7568 1.1271e-03
9139.4980 4.0375e-03
9142.2383 4.8044e-03
9144.9814 4.4263e-03
9147.7266 2.0229e-03
9150.4707 4.0611e-03
9153.2158 4.5694e-03
9155.9609 4.1394e-03
9158.7070 3.3554e-03
9161.4551 4.8072e-03
9164.2041 8.4582e-04
9166.9531 1.7120e-03
9169.7031 1.2245e-02
9172.4541 5.0461e-03
9175.2051 3.3317e-03
9177.9580 6.1194e-04
9180.7109 3.3452e-03
9183.4668 6.9914e-03
9186.2207 4.0930e-03
9188.9766 0.0000e+00
9191.7334 8.9318e-04
9194.4912 2.9474e-03
9197.2490 2.9765e-03
9200.0088 6.4491e-03
9202.7686 6.3023e-03
9205.5293 2.8853e-03
9208.2920 2.3593e-03
9211.0527 7.6254e-04
9213.8164 4.4758e-03
9216.5811 4.0902e-03
9219.3467 1.5430e-03
9222.1113 2.5426e-03
9224.8789 4.0428e-03
9227.6455 9.1600e-03
9230.4141 2.5941e-03
9233.1836 6.1883e-03
9235.9531 8.1737e-04
9238.7246 2.4268e-03
9241.4951 4.8271e-03
9244.2686 5.1554e-03
9247.0410 6.1560e-03
9249.8154 6.9874e-03
9252.5908 1.9002e-03
9255.3652 1.2094e-03
9258.1426 1.2420e-03
9260.9209 1.0390e-03
9263.6992 3.7268e-03
9266.4775 6.0384e-03
9269.2568 8.2245e-03
9272.0381 4.9701e-03
9274.8203 3.8065e-03
9277.6025 1.4733e-03
9280.3857 3.4051e-03
9283.1709 3.0754e-03
9285.9541 3.6197e-03
9288.7402 3.2716e-03
9291.5264 1.9986e-03
9294.3135 3.8985e-03
9297.1025 2.3019e-03
9299.8926 8.3405e-03
9302.6816 2.3634e-03
9305.4727 3.0045e-03
9308.2646 7.0270e-03
9311.0566 4.8093e-03
9313.8506 7.6413e-03
9316.6436 1.3298e-03
9319.4395 4.8364e-03
9322.2354 2.1904e-03
9325.0322 7.2833e-03
9327.8291 2.7826e-03
9330.6279 2.2025e-03
9333.4277 3.0082e-03
9336.2266 7.5153e-03
9339.0283 4.0424e-03
9341.8291 4.2393e-03
9344.6318 6.4846e-03
9347.4355 8.7154e-04
9350.2402 2.2247e-03
9353.0449 2.2720e-03
9355.8516 3.9514e-03
9358.6572 2.6604e-03
9361.4658 2.4443e-03
9364.2734 1.8633e-03
9367.0830 1.2206e-03
9369.8936 2.4951e-03
9372.7041 3.4345e-03
9375.5156 4.3426e-03
9378.3291 5.4643e-03
9381.1416 2.7196e-03
9383.9561 3.4813e-03
9386.7715 1.8856e-03
9389.5879 2.3342e-03
9392.4043 3.8797e-03
9395.2217 2.6753e-03
9398.0400 8.1083e-03
9400.8594 3.3822e-03
9403.6807 0.0000e+00
9406.5020 2.9601e-03
9409.3242 1.3364e-03
9412.1465 6.7299e-03
9414.9707 2.8548e-03
9417.7939 3.3664e-03
9420.6201 4.7490e-03
9423.4453 1.7154e-03
9426.2725 1.9959e-03
9429.1006 2.6500e-03
9431.9287 5.0425e-03
9434.7588 5.2299e-03
9437.5898 1.8596e-03
9440.4209 9.4515e-04
9443.2529 9.3658e-04
9446.0859 3.0520e-03
9448.9199 3.0785e-03
9451.7549 5.5491e-04
9454.5889 8.5076e-04
9457.4268 5.1815e-03
9460.2637 4.4437e-03
9463.1016 5.5565e-04
9465.9414 6.0550e-03
9468.7803 4.6089e-03
9471.6211 4.2678e-03
9474.4629 2.5265e-03
9477.3047 1.8399e-04
9480.1484 1.5580e-03
9482.9922 7.5423e-04
9485.8369 1.0213e-03
9488.6836 2.3725e-03
9491.5303 0.0000e+00
9494.3760 6.6676e-03
9497.2256 2.8533e-03
9500.0742 7.8805e-03
9502.9238 3.1200e-03
9505.7754 2.2998e-03
9508.6270 3.1823e-03
9511.4805 4.3199e-03
9514.3320 1.4693e-03
9517.1875 5.1082e-03
9520.0420 3.3459e-03
9522.8984 3.1411e-03
9525.7559 1.4721e-03
9528.6133 4.9686e-03
9531.4717 3.6292e-03
9534.3311 1.1332e-03
9537.1914 1.3083e-03
9540.0518 3.6062e-03
9542.9150 1.5358e-03
9545.7773 2.4351e-03
9548.6416 3.0929e-03
9551.5059 9.3448e-04
9554.3711 5.8654e-03
9557.2373 3.8226e-03
9560.1045 2.7269e-04
9562.9727 6.7224e-04
9565.8418 6.8648e-04
9568.7109 1.6378e-03
9571.5820 2.3003e-03
9574.4531 3.4023e-03
9577.3252 1.3779e-03
9580.1992 1.9975e-03
9583.0723 0.0000e+00
9585.9473 2.2706e-03
9588.8242 6.8844e-04
9591.7002 3.7358e-04
9594.5781 2.0859e-03
9597.4561 3.1294e-03
9600.3350 3.9941e-03
9603.2158 2.1085e-03
9606.0957 2.6805e-03
9608.9775 5.6687e-04
9611.8613 3.8391e-03
9614.7441 2.0190e-03
9617.6279 2.4868e-03
9620.5137 1.4300e-03
9623.4014 2.4698e-03
9626.2881 4.0469e-03
9629.1748 3.5828e-04
9632.0645 4.4372e-03
9634.9541 3.5907e-03
9637.8438 6.6860e-03
9640.7363 0.0000e+00
9643.6270 4.8456e-03
9646.5215 5.1873e-04
9649.4141 1.2483e-03
9652.3086 3.6432e-03
9655.2051 1.7978e-03
9658.1016 3.2214e-03
9660.9990 1.1612e-03
9663.8975 3.9622e-03
9666.7969 4.6347e-03
9669.6973 1.5254e-03
9672.5967 1.4668e-03
9675.5000 8.5714e-03
9678.4023 1.4509e-03
9681.3057 2.2966e-03
9684.2109 7.1593e-03
9687.1152 2.6697e-03
9690.0215 4.7901e-03
9692.9287 2.3347e-03
9695.8369 1.7244e-03
9698.7441 0.0000e+00
9701.6553 2.1203e-03
9704.5645 2.1987e-04
9707.4775 5.2378e-03
9710.3887 1.8861e-03
9713.3008 1.1964e-03
9716.2158 2.5212e-03
9719.1299 1.9008e-04
9722.0459 6.1443e-04
9724.9629 2.4204e-03
9727.8809 3.2719e-03
9730.7988 9.0423e-04
9733.7178 2.2599e-03
9736.6387 2.9480e-03
9739.5586 1.6562e-03
9742.4805 2.4638e-03
9745.4033 2.4339e-03
9748.3281 3.7541e-03
9751.2520 7.8672e-04
9754.1777 2.2284e-03
9757.1035 3.6696e-03
9760.0303 5.1952e-04
9762.9590 1.7350e-03
9765.8877 5.2788e-03
9768.8174 6.0235e-04
9771.7480 2.4533e-03
9774.6797 2.7078e-03
9777.6113 6.9145e-04
9780.5459 1.5297e-03
9783.4795 2.3912e-03
9786.4141 1.7226e-03
9789.3496 2.2361e-03
9792.2871 1.4823e-03
9795.2256 2.2000e-04
9798.1641 6.2085e-04
9801.1035 4.6893e-03
9804.0430 4.4558e-03
9806.9844 3.8519e-04
9809.9268 1.3763e-03
9812.8691 8.7487e-04
9815.8125 3.7690e-03
9818.7578 1.5001e-03
9821.7041 2.4575e-03
9824.6494 6.0142e-04
9827.5967 1.0722e-03
9830.5469 3.7362e-04
9833.4951 3.6852e-03
9836.4453 4.8810e-03
9839.3965 1.3792e-03
9842.3486 4.0594e-03
9845.2998 1.1867e-03
9848.2549 0.0000e+00
9851.2080 1.6965e-03
9854.1641 2.0196e-04
9857.1201 3.0169e-03
9860.0771 2.8610e-03
9863.0361 9.5726e-04
9865.9941 1.9818e-03
9868.9541 3.1225e-03
9871.9150 2.0238e-03
9874.8760 1.3997e-03
9877.8389 1.1772e-03
9880.8018 3.7494e-03
9883.7666 2.2068e-03
9886.7324 5.0420e-03
9889.6982 1.4311e-03
9892.6641 0.0000e+00
9895.6338 2.7129e-03
9898.6016 4.2544e-03
9901.5713 1.3220e-03
9904.5420 2.4552e-04
9907.5127 5.2094e-04
9910.4854 2.5488e-03
9913.4590 3.3984e-04
9916.4326 2.7969e-03
9919.4072 7.2949e-04
9922.3828 4.2775e-03
9925.3584 3.5515e-03
9928.3379 5.1434e-03
9931.3164 1.5487e-03
9934.2949 0.0000e+00
9937.2754 0.0000e+00
9940.2568 3.5409e-03
9943.2383 8.0745e-04
9946.2207 0.0000e+00
9949.2061 2.2062e-03
9952.1904 2.9213e-03
9955.1758 1.2186e-03
9958.1631 3.0273e-03
9961.1494 1.5542e-03
9964.1387 2.5099e-03
9967.1279 6.1501e-04
9970.1182 2.9680e-03
9973.1084 2.6280e-03
9976.1006 3.3560e-03
9979.0928 2.4587e-03
9982.0859 1.9164e-03
9985.0820 1.9759e-03
9988.0771 7.0730e-03
9991.0732 1.5665e-03
9994.0713 1.5236e-03
9997.0693 1.2837e-03
10000.0684 1.8249e-04
10003.0674 2.5912e-03
10006.0684 1.6544e-03
10009.0713 1.8867e-03
10012.0742 6.7509e-04
10015.0771 2.6624e-04
10018.0820 3.4562e-03
10021.0879 2.1168e-03
10024.0938 2.9614e-03
10027.1006 2.7076e-03
10030.1084 1.9157e-03
10033.1172 4.8140e-04
10036.1270 2.9039e-03
10039.1387 2.1642e-03
10042.1504 6.9162e-03
10045.1631 3.6300e-03
10048.1768 1.4123e-03
10051.1924 2.2104e-03
10054.2061 3.7825e-03
10057.2227 3.4279e-03
10060.2402 2.9309e-03
10063.2578 2.7359e-03
10066.2773 1.7634e-03
10069.2969 2.7046e-03
10072.3174 3.9075e-03
10075.3379 3.1910e-03
10078.3623 8.0885e-05
10081.3848 0.0000e+00
10084.4102 3.5793e-03
10087.4346 1.6313e-04
10090.4619 1.8679e-03
10093.4883 2.4577e-03
10096.5166 6.5096e-04
10099.5459 1.1387e-03
10102.5742 1.2853e-04
10105.6055 2.2330e-03
10108.6367 3.1005e-03
10111.6709 4.5475e-04
10114.7041 3.7407e-03
10117.7383 3.2011e-03
10120.7734 1.1026e-03
10123.8105 3.6917e-04
10126.8477 1.7070e-03
10129.8857 4.2135e-04
10132.9248 1.9630e-03
10135.9648 1.9869e-03
10139.0049 8.8367e-04
10142.0479 3.7984e-03
10145.0879 1.2816e-03
10148.1318 0.0000e+00
10151.1768 3.7424e-03
10154.2227 2.6498e-03
10157.2686 3.3976e-03
10160.3154 6.6886e-04
10163.3643 2.3089e-03
10166.4121 1.6069e-03
10169.4629 2.5991e-03
10172.5137 1.7447e-03
10175.5654 3.0807e-03
10178.6191 4.0654e-03
10181.6719 6.1176e-04
10184.7256 2.3390e-03
10187.7822 1.6718e-03
10190.8379 1.8740e-03
10193.8945 1.5023e-03
10196.9541 1.3643e-03
10200.0127 1.2877e-03
10203.0723 1.2381e-03
10206.1328 5.5828e-04
10209.1953 6.9501e-03
10212.2578 3.8720e-03
10215.3223 2.6620e-03
10218.3867 2.7439e-03
10221.4521 2.6923e-03
10224.5186 1.4098e-03
10227.5850 4.3705e-03
10230.6543 1.0096e-03
10233.7246 2.1070e-03
10236.7930 2.9587e-03
10239.8643 1.4989e-03
10242.9355 3.2738e-04
10246.0098 2.0620e-03
10249.0830 1.7983e-03
10252.1572 3.4093e-03
10255.2334 1.6913e-03
10258.3096 4.9061e-03
10261.3877 4.7965e-03
10264.4648 2.3374e-03
10267.5449 2.3842e-03
10270.6250 1.1044e-03
