# time_explosion = 4.25
# 
3082.8928 2.0030e-02
3083.8179 8.7427e-03
3084.7432 1.4844e-02
3085.6685 3.4725e-03
3086.5940 3.8614e-03
3087.5200 1.4332e-03
3088.4463 7.2676e-03
3089.3728 9.0341e-03
3090.2996 1.2780e-02
3091.2268 4.1966e-03
3092.1541 1.2381e-02
3093.0815 3.9182e-03
3094.0098 1.0696e-02
3094.9380 7.5436e-03
3095.8665 3.8334e-03
3096.7952 1.3998e-03
3097.7241 3.1887e-03
3098.6536 9.7094e-03
3099.5828 7.6689e-03
3100.5129 2.4129e-03
3101.4431 1.3357e-02
3102.3735 6.3636e-03
3103.3042 1.1303e-02
3104.2354 6.7861e-03
3105.1665 1.9048e-02
3106.0981 1.6138e-02
3107.0300 4.8721e-03
3107.9619 1.3211e-02
3108.8943 1.1436e-02
3109.8269 1.8471e-02
3110.7600 1.8066e-02
3111.6929 1.3658e-02
3112.6265 9.6526e-03
3113.5605 6.3010e-03
3114.4944 3.8252e-03
3115.4290 2.7593e-03
3116.3635 8.3183e-03
3117.2986 1.9057e-02
3118.2336 1.0597e-02
3119.1689 1.4878e-02
3120.1047 1.0452e-02
3121.0410 6.3627e-03
3121.9773 1.1268e-02
3122.9136 8.3361e-03
3123.8508 7.3999e-03
3124.7878 1.6720e-02
3125.7251 7.3306e-03
3126.6628 4.8451e-03
3127.6008 3.1259e-03
3128.5393 8.8581e-03
3129.4778 1.4745e-02
3130.4170 8.8138e-03
3131.3557 4.0898e-03
3132.2954 1.3277e-02
3133.2349 1.0619e-02
3134.1748 8.4674e-03
3135.1150 1.0920e-02
3136.0559 5.6098e-03
3136.9968 9.6712e-03
3137.9377 8.7735e-03
3138.8789 1.2451e-03
3139.8206 5.3652e-03
3140.7625 1.0483e-02
3141.7046 5.4738e-03
3142.6472 1.1570e-02
3143.5901 2.6751e-03
3144.5334 2.1148e-02
3145.4766 5.4611e-03
3146.4202 1.0198e-02
3147.3643 7.4227e-03
3148.3086 1.2203e-02
3149.2529 7.2673e-03
3150.1975 6.0748e-03
3151.1426 8.4595e-03
3152.0881 5.8694e-03
3153.0337 1.0364e-02
3153.9795 1.4044e-02
3154.9255 5.1626e-04
3155.8723 1.0847e-02
3156.8188 5.3260e-03
3157.7661 1.3670e-02
3158.7134 7.3881e-03
3159.6609 0.0000e+00
3160.6086 9.7627e-03
3161.5571 3.7418e-03
3162.5054 3.9309e-03
3163.4541 4.1880e-03
3164.4031 5.8799e-03
3165.3528 1.0526e-02
3166.3022 7.8132e-04
3167.2522 2.3292e-03
3168.2024 8.8550e-03
3169.1526 7.1304e-03
3170.1035 1.7269e-02
3171.0544 7.9398e-03
3172.0061 1.3988e-03
3172.9573 1.2098e-02
3173.9092 2.5465e-03
3174.8613 1.5200e-02
3175.8140 6.5681e-03
3176.7668 5.0780e-03
3177.7197 2.9747e-03
3178.6729 1.6941e-02
3179.6267 3.6805e-03
3180.5808 9.8388e-03
3181.5347 7.4008e-03
3182.4893 1.4583e-02
3183.4438 1.2074e-02
3184.3987 1.6118e-02
3185.3542 4.5278e-04
3186.3101 1.2122e-02
3187.2659 5.4613e-03
3188.2217 1.1699e-02
3189.1785 7.2352e-03
3190.1350 8.6621e-03
3191.0920 9.3897e-03
3192.0493 6.1738e-03
3193.0071 8.5017e-03
3193.9651 4.2255e-03
3194.9233 6.8445e-03
3195.8818 3.5802e-03
3196.8408 9.8296e-03
3197.7996 8.1375e-03
3198.7590 2.6491e-03
3199.7185 5.6256e-03
3200.6782 1.8519e-02
3201.6387 7.2343e-03
3202.5991 4.0898e-03
3203.5598 1.1125e-02
3204.5208 8.2383e-03
3205.4824 6.4957e-03
3206.4441 3.5731e-03
3207.4058 9.7675e-03
3208.3682 1.1801e-02
3209.3306 7.5616e-03
3210.2935 1.3817e-02
3211.2563 5.6841e-03
3212.2200 8.1262e-03
3213.1833 1.2580e-02
3214.1472 2.9399e-03
3215.1118 8.9023e-03
3216.0764 2.1662e-02
3217.0413 1.6562e-02
3218.0061 2.4530e-03
3218.9714 8.1768e-03
3219.9373 1.9319e-02
3220.9031 9.3580e-03
3221.8699 3.8972e-03
3222.8362 9.4660e-03
3223.8030 9.5234e-03
3224.7700 2.9842e-03
3225.7375 3.3014e-03
3226.7053 1.8141e-02
3227.6731 2.1678e-02
3228.6416 1.7302e-02
3229.6101 8.5359e-03
3230.5791 1.7525e-02
3231.5483 1.3077e-02
3232.5178 2.1709e-03
3233.4875 1.0264e-02
3234.4575 1.6568e-02
3235.4280 6.3096e-03
3236.3984 1.3316e-02
3237.3691 9.8052e-04
3238.3403 1.1142e-02
3239.3120 4.4331e-03
3240.2839 7.1487e-03
3241.2559 1.4669e-02
3242.2285 4.7526e-03
3243.2012 1.5324e-02
3244.1743 1.1073e-02
3245.1472 5.9041e-03
3246.1208 4.2661e-03
3247.0947 5.9291e-03
3248.0688 3.7790e-03
3249.0432 6.4714e-03
3250.0178 4.9010e-03
3250.9929 0.0000e+00
3251.9680 3.0191e-03
3252.9438 3.9455e-03
3253.9194 8.8588e-03
3254.8958 9.7257e-03
3255.8723 3.4775e-03
3256.8489 6.1911e-03
3257.8262 7.6904e-03
3258.8035 9.7120e-04
3259.7810 8.5860e-03
3260.7593 8.0756e-03
3261.7373 1.5340e-02
3262.7158 7.2913e-03
3263.6946 1.1992e-02
3264.6736 1.6438e-02
3265.6531 1.0702e-02
3266.6331 9.7799e-03
3267.6130 3.3749e-03
3268.5930 1.0182e-02
3269.5735 6.5324e-03
3270.5544 3.3568e-03
3271.5356 7.0650e-03
3272.5171 1.4079e-02
3273.4990 5.5860e-04
3274.4812 7.3077e-03
3275.4634 1.0411e-02
3276.4458 9.1495e-04
3277.4287 7.0284e-03
3278.4124 9.2084e-03
3279.3958 1.4951e-02
3280.3794 4.5542e-03
3281.3635 2.1746e-02
3282.3479 1.7057e-02
3283.3325 8.2017e-03
3284.3179 6.4389e-03
3285.3030 8.3688e-03
3286.2888 7.7472e-03
3287.2744 3.5738e-03
3288.2605 2.1639e-02
3289.2471 4.2895e-03
3290.2339 1.1754e-02
3291.2212 5.4409e-03
3292.2083 8.7074e-03
3293.1958 2.2743e-03
3294.1838 5.5104e-03
3295.1724 1.0634e-02
3296.1609 1.9216e-02
3297.1497 1.8565e-02
3298.1387 1.4731e-02
3299.1282 6.3985e-03
3300.1177 1.1403e-02
3301.1079 1.1395e-02
3302.0984 1.2430e-02
3303.0889 1.0035e-02
3304.0798 6.6519e-03
3305.0713 7.2353e-03
3306.0627 9.3898e-03
3307.0544 2.7222e-03
3308.0466 1.1142e-02
3309.0391 1.2960e-02
3310.0317 1.3652e-02
3311.0247 1.1855e-02
3312.0178 1.4910e-02
3313.0117 1.2768e-02
3314.0054 1.2845e-02
3315.0000 5.8321e-03
3315.9941 1.4160e-02
3316.9890 5.6531e-03
3317.9839 7.7990e-03
3318.9795 6.2976e-03
3319.9751 1.4078e-02
3320.9712 2.0360e-04
3321.9678 1.5439e-02
3322.9639 8.0323e-03
3323.9607 1.3357e-02
3324.9580 1.3445e-02
3325.9558 1.4597e-02
3326.9536 2.8966e-03
3327.9514 6.1883e-03
3328.9497 9.9425e-03
3329.9482 9.7852e-03
3330.9475 1.2456e-02
3331.9468 2.0484e-03
3332.9463 7.9562e-03
3333.9463 8.1305e-03
3334.9463 1.1635e-02
3335.9473 1.7561e-02
3336.9478 1.2588e-02
3337.9487 6.0353e-03
3338.9502 1.7145e-02
3339.9517 9.7312e-03
3340.9536 1.3868e-02
3341.9561 7.6179e-03
3342.9587 1.1051e-02
3343.9614 1.2687e-02
3344.9651 3.4742e-03
3345.9685 2.3907e-02
3346.9722 1.9522e-02
3347.9763 1.1405e-02
3348.9805 1.2766e-02
3349.9854 1.6467e-02
3350.9902 1.3827e-02
3351.9956 1.2014e-02
3353.0010 1.0630e-02
3354.0073 6.0987e-03
3355.0129 2.3814e-02
3356.0198 2.0752e-02
3357.0264 1.1704e-02
3358.0334 1.4674e-02
3359.0410 2.2383e-02
3360.0488 1.1226e-02
3361.0569 1.3737e-02
3362.0654 2.3516e-02
3363.0740 5.8973e-03
3364.0828 1.7958e-02
3365.0918 1.0632e-02
3366.1013 3.0850e-02
3367.1113 1.2536e-03
3368.1213 5.6911e-03
3369.1318 7.8118e-03
3370.1426 1.4950e-02
3371.1536 1.2655e-02
3372.1650 1.6801e-02
3373.1768 1.5262e-02
3374.1885 1.1468e-02
3375.2004 1.9178e-02
3376.2134 1.8460e-02
3377.2261 1.0548e-02
3378.2395 2.0811e-02
3379.2529 1.3172e-02
3380.2664 6.8871e-03
3381.2805 2.0331e-02
3382.2952 1.7744e-02
3383.3098 1.3063e-02
3384.3250 9.1922e-03
3385.3401 1.1301e-02
3386.3557 1.3621e-02
3387.3716 4.5344e-03
3388.3879 1.3846e-02
3389.4045 1.2821e-02
3390.4211 1.1245e-02
3391.4385 1.9204e-02
3392.4558 1.5384e-02
3393.4736 5.7918e-03
3394.4915 6.8183e-03
3395.5100 3.7911e-03
3396.5286 1.9523e-02
3397.5474 1.4807e-02
3398.5667 1.6853e-02
3399.5862 1.3908e-02
3400.6062 1.1586e-02
3401.6262 1.1276e-02
3402.6467 6.8858e-03
3403.6677 8.8551e-03
3404.6887 9.6508e-03
3405.7100 1.3094e-02
3406.7319 8.4569e-03
3407.7539 8.8239e-03
3408.7764 1.6307e-02
3409.7988 1.0628e-02
3410.8218 5.2672e-03
3411.8450 9.8801e-03
3412.8687 2.0718e-02
3413.8923 1.2446e-02
3414.9167 1.6013e-02
3415.9412 7.2199e-03
3416.9658 9.1497e-03
3417.9907 3.8630e-03
3419.0164 2.0358e-02
3420.0420 6.5521e-03
3421.0681 9.3762e-03
3422.0945 9.5504e-03
3423.1208 1.1715e-02
3424.1479 1.3633e-02
3425.1753 1.3103e-02
3426.2029 9.9802e-03
3427.2307 1.5074e-02
3428.2588 1.0305e-02
3429.2871 1.4962e-02
3430.3159 1.2945e-02
3431.3452 1.1498e-02
3432.3748 9.4140e-03
3433.4041 1.1685e-02
3434.4346 1.1438e-02
3435.4646 1.4207e-02
3436.4954 4.1616e-03
3437.5261 1.4458e-02
3438.5579 2.0632e-02
3439.5894 2.0824e-02
3440.6208 2.1257e-03
3441.6531 1.8688e-02
3442.6855 1.0793e-02
3443.7183 1.1737e-02
3444.7515 9.1482e-03
3445.7852 3.2489e-03
3446.8186 5.8949e-03
3447.8525 1.8535e-02
3448.8872 2.1754e-02
3449.9216 2.1349e-02
3450.9568 7.4067e-03
3451.9919 1.4916e-02
3453.0276 1.1913e-02
3454.0637 8.5528e-03
3455.0999 2.9991e-02
3456.1362 9.8106e-03
3457.1731 8.8055e-03
3458.2102 1.4415e-02
3459.2476 2.3699e-02
3460.2856 1.4348e-02
3461.3235 2.1523e-02
3462.3621 1.3959e-02
3463.4004 1.5818e-02
3464.4399 1.5384e-02
3465.4790 1.9525e-02
3466.5188 1.4371e-02
3467.5586 1.7534e-02
3468.5989 1.1320e-02
3469.6394 1.8390e-02
3470.6804 6.0073e-03
3471.7217 1.0778e-02
3472.7629 7.4861e-03
3473.8049 2.4722e-02
3474.8469 9.1593e-03
3475.8894 1.0170e-02
3476.9321 2.6010e-02
3477.9751 2.3401e-02
3479.0188 1.6673e-03
3480.0625 1.5746e-02
3481.1064 1.2747e-02
3482.1509 3.6194e-02
3483.1956 1.7819e-02
3484.2407 1.2142e-02
3485.2856 3.7458e-03
3486.3313 1.6949e-02
3487.3772 1.9539e-02
3488.4233 2.1034e-02
3489.4697 1.2793e-02
3490.5168 1.3829e-02
3491.5640 1.3342e-02
3492.6116 2.1029e-02
3493.6592 9.3966e-03
3494.7073 2.5051e-02
3495.7556 1.7693e-02
3496.8044 1.0986e-02
3497.8535 1.6282e-02
3498.9026 1.0437e-02
3499.9526 8.7210e-03
3501.0024 1.1908e-02
3502.0527 1.8052e-02
3503.1033 2.3208e-02
3504.1543 1.5066e-02
3505.2058 9.9954e-03
3506.2571 1.2921e-02
3507.3088 2.5811e-02
3508.3613 1.4945e-02
3509.4136 1.8569e-02
3510.4663 1.8898e-02
3511.5193 2.0939e-02
3512.5730 1.5518e-02
3513.6270 1.9278e-02
3514.6809 2.5362e-02
3515.7351 2.9182e-02
3516.7898 1.6649e-02
3517.8452 1.5995e-02
3518.9004 1.6653e-02
3519.9561 1.8071e-02
3521.0122 2.0817e-02
3522.0686 1.0066e-02
3523.1250 2.1717e-02
3524.1821 2.4206e-02
3525.2390 1.6073e-02
3526.2969 2.1492e-02
3527.3547 1.3618e-02
3528.4126 2.0796e-02
3529.4714 1.4535e-02
3530.5303 1.8043e-02
3531.5894 9.8371e-03
3532.6487 1.9166e-02
3533.7090 1.7108e-02
3534.7688 9.6200e-03
3535.8293 9.1190e-03
3536.8901 3.7425e-03
3537.9512 2.4238e-02
3539.0122 2.0506e-02
3540.0740 1.3109e-02
3541.1360 1.3961e-02
3542.1987 4.4965e-03
3543.2612 1.1520e-02
3544.3245 1.2017e-02
3545.3875 1.6031e-02
3546.4509 6.0743e-03
3547.5154 3.3159e-02
3548.5793 9.8660e-03
3549.6438 1.6525e-02
3550.7087 1.6879e-02
3551.7739 2.4006e-02
3552.8396 2.4644e-02
3553.9053 1.8181e-02
3554.9714 3.1433e-02
3556.0378 1.6182e-02
3557.1050 1.4750e-02
3558.1716 1.9730e-02
3559.2395 1.5370e-02
3560.3071 1.2408e-02
3561.3752 1.0524e-02
3562.4436 2.0647e-02
3563.5125 2.0352e-02
3564.5813 2.2956e-02
3565.6506 1.9980e-02
3566.7205 1.6851e-02
3567.7905 1.1981e-02
3568.8611 1.1600e-02
3569.9316 2.2760e-02
3571.0027 1.8418e-02
3572.0737 3.8197e-03
3573.1455 1.5543e-02
3574.2175 1.5967e-02
3575.2896 1.1323e-02
3576.3625 1.6711e-02
3577.4351 1.4051e-02
3578.5083 2.0275e-02
3579.5820 2.0198e-02
3580.6560 1.9517e-02
3581.7300 1.4215e-02
3582.8047 2.4521e-02
3583.8792 1.2825e-02
3584.9546 1.9124e-02
3586.0298 1.4770e-02
3587.1060 7.5956e-03
3588.1821 1.8810e-02
3589.2583 1.8250e-02
3590.3352 1.4914e-02
3591.4124 3.5351e-03
3592.4897 9.9200e-03
3593.5671 1.8967e-02
3594.6455 1.6592e-02
3595.7241 1.8017e-02
3596.8025 1.2592e-03
3597.8818 9.2351e-03
3598.9609 1.0211e-02
3600.0405 1.5881e-02
3601.1204 1.3534e-02
3602.2009 1.6460e-02
3603.2817 9.2714e-03
3604.3625 9.9476e-03
3605.4441 1.2948e-02
3606.5256 8.5645e-03
3607.6074 8.6594e-03
3608.6899 5.6697e-03
3609.7725 1.7146e-02
3610.8552 1.6689e-02
3611.9385 4.2541e-03
3613.0222 4.6795e-03
3614.1062 8.0127e-03
3615.1904 1.0040e-02
3616.2749 7.2818e-03
3617.3599 1.7951e-02
3618.4451 1.2046e-02
3619.5303 1.2671e-02
3620.6165 4.8056e-03
3621.7024 2.9969e-03
3622.7891 6.5425e-03
3623.8760 8.5538e-03
3624.9631 1.2810e-02
3626.0508 1.8716e-03
3627.1382 3.0969e-03
3628.2266 1.1733e-02
3629.3152 1.9337e-02
3630.4038 7.4269e-03
3631.4927 7.3419e-03
3632.5825 1.7155e-02
3633.6721 2.5684e-03
3634.7622 1.0180e-02
3635.8528 2.0952e-02
3636.9434 6.4838e-03
3638.0347 1.0538e-02
3639.1257 1.1527e-02
3640.2178 1.5956e-02
3641.3098 9.3226e-03
3642.4021 3.9695e-03
3643.4946 8.3875e-03
3644.5881 1.7940e-02
3645.6814 1.3020e-02
3646.7751 6.9079e-03
3647.8691 1.0715e-02
3648.9634 1.7751e-02
3650.0581 7.3538e-03
3651.1533 6.1043e-03
3652.2480 6.4323e-03
3653.3442 1.2049e-02
3654.4402 9.5435e-03
3655.5364 5.0953e-03
3656.6333 1.5972e-02
3657.7300 5.1303e-03
3658.8274 7.7776e-03
3659.9250 1.8633e-03
3661.0232 2.0708e-02
3662.1213 2.1201e-02
3663.2202 1.0683e-02
3664.3188 1.7054e-02
3665.4182 8.6884e-03
3666.5181 1.1642e-02
3667.6179 1.1871e-02
3668.7183 1.0676e-02
3669.8186 8.5835e-03
3670.9197 6.1338e-03
3672.0210 6.2941e-03
3673.1226 1.5452e-02
3674.2241 1.3665e-02
3675.3269 1.3903e-02
3676.4294 8.7017e-03
3677.5325 1.8559e-02
3678.6355 1.8671e-02
3679.7390 7.8941e-03
3680.8430 1.3452e-02
3681.9473 1.1511e-02
3683.0518 1.2724e-02
3684.1570 1.5285e-02
3685.2620 1.1069e-02
3686.3677 1.7778e-02
3687.4739 1.3775e-02
3688.5796 7.8638e-03
3689.6865 2.2778e-02
3690.7932 2.5095e-02
3691.9006 2.5875e-02
3693.0081 2.1885e-02
3694.1160 1.1195e-02
3695.2241 1.7163e-02
3696.3328 2.7884e-02
3697.4417 7.5180e-03
3698.5508 2.1625e-02
3699.6606 1.0320e-02
3700.7703 1.3215e-02
3701.8806 9.4027e-03
3702.9910 1.2361e-02
3704.1023 2.3586e-02
3705.2136 8.4686e-03
3706.3247 9.5324e-03
3707.4370 9.9407e-03
3708.5491 1.6932e-02
3709.6616 1.9827e-02
3710.7744 1.0752e-02
3711.8877 2.0781e-02
3713.0012 1.6693e-02
3714.1152 1.5471e-02
3715.2292 1.6706e-02
3716.3440 1.4632e-02
3717.4590 2.2234e-02
3718.5742 1.8229e-02
3719.6897 1.3371e-02
3720.8057 1.6634e-02
3721.9219 3.7296e-02
3723.0383 2.1866e-02
3724.1553 3.2685e-02
3725.2725 3.1338e-02
3726.3904 2.1744e-02
3727.5081 2.3244e-02
3728.6265 1.3225e-02
3729.7451 1.4282e-02
3730.8640 3.7774e-02
3731.9832 1.8869e-02
3733.1028 3.1557e-02
3734.2227 2.5116e-02
3735.3428 2.7377e-02
3736.4636 3.3933e-02
3737.5842 2.1246e-02
3738.7056 2.3962e-02
3739.8276 2.1041e-02
3740.9490 1.3648e-02
3742.0718 2.8452e-02
3743.1943 1.8495e-02
3744.3171 3.3460e-02
3745.4404 2.8345e-02
3746.5640 2.3685e-02
3747.6880 1.6167e-02
3748.8125 2.6109e-02
3749.9368 2.2459e-02
3751.0620 1.2530e-02
3752.1873 3.3431e-02
3753.3130 2.0852e-02
3754.4387 3.2539e-02
3755.5652 2.7282e-02
3756.6919 1.5239e-02
3757.8188 1.3755e-02
3758.9463 2.2930e-02
3760.0737 3.8424e-02
3761.2019 2.4391e-02
3762.3306 2.3268e-02
3763.4590 3.6141e-02
3764.5881 1.8939e-02
3765.7175 3.3119e-02
3766.8472 2.8393e-02
3767.9771 2.2532e-02
3769.1079 1.6193e-02
3770.2383 2.7034e-02
3771.3694 3.0178e-02
3772.5007 2.4244e-02
3773.6328 2.1059e-02
3774.7646 2.6495e-02
3775.8972 2.5855e-02
3777.0298 2.7818e-02
3778.1628 2.8549e-02
3779.2964 2.9590e-02
3780.4302 2.3073e-02
3781.5642 2.7877e-02
3782.6987 3.8476e-02
3783.8335 1.0371e-02
3784.9690 2.7681e-02
3786.1042 1.9018e-02
3787.2400 3.1788e-02
3788.3762 3.0874e-02
3789.5125 3.6294e-02
3790.6497 2.4670e-02
3791.7869 2.8415e-02
3792.9246 1.2037e-02
3794.0625 1.5292e-02
3795.2007 2.0535e-02
3796.3391 3.0987e-02
3797.4778 1.1934e-02
3798.6169 9.3738e-03
3799.7568 2.2082e-02
3800.8967 3.5625e-02
3802.0371 1.9983e-02
3803.1775 2.1931e-02
3804.3181 2.7501e-02
3805.4597 4.5728e-03
3806.6013 9.7641e-03
3807.7434 1.2656e-02
3808.8857 1.9886e-02
3810.0286 2.9336e-02
3811.1714 2.5080e-02
3812.3149 2.3679e-02
3813.4583 1.8664e-02
3814.6025 2.2524e-02
3815.7468 2.3817e-02
3816.8916 1.3538e-02
3818.0369 1.3886e-02
3819.1824 3.4009e-02
3820.3281 1.2968e-02
3821.4741 1.5336e-02
3822.6201 2.3433e-02
3823.7671 1.7809e-02
3824.9143 2.1407e-02
3826.0615 1.2480e-02
3827.2097 1.5386e-02
3828.3577 1.0425e-02
3829.5063 1.9834e-02
3830.6553 2.6497e-02
3831.8044 2.3010e-02
3832.9539 1.1608e-02
3834.1035 2.1186e-02
3835.2539 1.6036e-02
3836.4045 1.4207e-02
3837.5554 1.2230e-02
3838.7068 1.5092e-02
3839.8582 3.1439e-02
3841.0103 2.3743e-02
3842.1628 1.6579e-02
3843.3152 1.5391e-02
3844.4683 1.7755e-02
3845.6216 9.1405e-03
3846.7754 1.2191e-02
3847.9294 2.0917e-02
3849.0835 2.6765e-02
3850.2383 9.2395e-03
3851.3933 1.1729e-02
3852.5488 1.7161e-02
3853.7051 1.8682e-02
3854.8606 2.3872e-02
3856.0173 1.6834e-02
3857.1741 1.3448e-02
3858.3313 1.8168e-02
3859.4883 2.3394e-02
3860.6465 1.9957e-02
3861.8047 2.6247e-02
3862.9631 1.4892e-02
3864.1221 1.7410e-02
3865.2815 1.0519e-02
3866.4412 1.4038e-02
3867.6011 1.3684e-02
3868.7610 1.9834e-02
3869.9216 1.7334e-02
3871.0828 1.1815e-02
3872.2441 1.3098e-02
3873.4058 2.2806e-02
3874.5676 1.3652e-02
3875.7302 9.0620e-03
3876.8931 1.5822e-02
3878.0559 1.3715e-02
3879.2192 2.0287e-02
3880.3831 1.8191e-02
3881.5474 2.0559e-02
3882.7119 1.1640e-02
3883.8767 9.7560e-03
3885.0420 5.8240e-03
3886.2073 2.2590e-02
3887.3728 1.6567e-02
3888.5391 1.9378e-02
3889.7061 1.9731e-02
3890.8730 2.7605e-02
3892.0400 2.4851e-02
3893.2078 1.5696e-02
3894.3755 1.8329e-02
3895.5439 2.4582e-02
3896.7126 6.7818e-03
3897.8813 1.7712e-02
3899.0508 2.9095e-02
3900.2209 1.7149e-02
3901.3909 2.5958e-02
3902.5613 1.6203e-02
3903.7322 1.3098e-02
3904.9031 1.4324e-02
3906.0747 2.0738e-02
3907.2463 1.9495e-02
3908.4187 2.9797e-02
3909.5911 7.9456e-03
3910.7642 2.0971e-02
3911.9373 3.4819e-02
3913.1111 3.1587e-02
3914.2849 1.1382e-02
3915.4592 1.8840e-02
3916.6335 1.7042e-02
3917.8086 1.6555e-02
3918.9839 2.0158e-02
3920.1597 1.5672e-02
3921.3359 2.1589e-02
3922.5120 2.9999e-02
3923.6887 1.2094e-02
3924.8660 1.4211e-02
3926.0432 2.5951e-02
3927.2212 1.7231e-02
3928.3994 2.6123e-02
3929.5779 2.4207e-02
3930.7568 3.5842e-02
3931.9360 1.7994e-02
3933.1157 2.5015e-02
3934.2954 1.4745e-02
3935.4758 1.6007e-02
3936.6562 3.0074e-02
3937.8374 1.7793e-02
3939.0186 3.0444e-02
3940.2004 2.7531e-02
3941.3826 4.7291e-02
3942.5649 3.9509e-02
3943.7478 1.8982e-02
3944.9307 2.3883e-02
3946.1147 2.9933e-02
3947.2983 2.5419e-02
3948.4824 2.3219e-02
3949.6670 2.2705e-02
3950.8521 1.2913e-02
3952.0369 2.0328e-02
3953.2227 2.7201e-02
3954.4089 1.4872e-02
3955.5950 3.0769e-02
3956.7812 3.8964e-02
3957.9688 1.0282e-02
3959.1560 2.7262e-02
3960.3438 2.8515e-02
3961.5320 3.2223e-02
3962.7202 3.6748e-02
3963.9094 2.5322e-02
3965.0984 3.0659e-02
3966.2881 2.6056e-02
3967.4778 3.3133e-02
3968.6680 2.2346e-02
3969.8584 2.8239e-02
3971.0498 2.1262e-02
3972.2412 4.5003e-02
3973.4326 3.3796e-02
3974.6248 2.6173e-02
3975.8171 2.3109e-02
3977.0095 3.3528e-02
3978.2029 2.8391e-02
3979.3962 3.5893e-02
3980.5901 4.6970e-02
3981.7844 3.8759e-02
3982.9790 2.3806e-02
3984.1736 4.0382e-02
3985.3691 3.0594e-02
3986.5647 5.6103e-02
3987.7605 4.1394e-02
3988.9568 2.6708e-02
3990.1538 3.7907e-02
3991.3506 3.9817e-02
3992.5481 3.5310e-02
3993.7456 3.4329e-02
3994.9441 4.0974e-02
3996.1423 3.7962e-02
3997.3413 3.5898e-02
3998.5408 2.8371e-02
3999.7397 3.5581e-02
4000.9402 3.1910e-02
4002.1401 4.8850e-02
4003.3408 3.5019e-02
4004.5415 4.7015e-02
4005.7434 1.4873e-02
4006.9448 3.4320e-02
4008.1470 3.1885e-02
4009.3496 3.5454e-02
4010.5522 3.8385e-02
4011.7556 3.2763e-02
4012.9587 2.8868e-02
4014.1628 3.5814e-02
4015.3672 2.3230e-02
4016.5715 2.2301e-02
4017.7769 3.4159e-02
4018.9817 3.2055e-02
4020.1875 3.0534e-02
4021.3936 3.4601e-02
4022.6003 3.7892e-02
4023.8071 1.5939e-02
4025.0142 2.1155e-02
4026.2214 2.3368e-02
4027.4294 1.6517e-02
4028.6377 3.5257e-02
4029.8462 3.9573e-02
4031.0554 3.3076e-02
4032.2646 2.7582e-02
4033.4744 2.9085e-02
4034.6843 3.8623e-02
4035.8945 2.9265e-02
4037.1052 3.1156e-02
4038.3167 2.6814e-02
4039.5281 1.9589e-02
4040.7397 3.0174e-02
4041.9524 2.9855e-02
4043.1648 2.1402e-02
4044.3777 3.1208e-02
4045.5913 1.5576e-02
4046.8047 2.7265e-02
4048.0186 2.2902e-02
4049.2332 3.7747e-02
4050.4480 2.5808e-02
4051.6628 3.1641e-02
4052.8784 2.1114e-02
4054.0942 2.7595e-02
4055.3108 2.0583e-02
4056.5273 2.2398e-02
4057.7444 2.7118e-02
4058.9614 1.8840e-02
4060.1792 3.7766e-02
4061.3970 2.7436e-02
4062.6155 3.0926e-02
4063.8345 1.9559e-02
4065.0535 3.1650e-02
4066.2732 2.5422e-02
4067.4929 3.4666e-02
4068.7131 1.6624e-02
4069.9338 2.4415e-02
4071.1548 3.7922e-02
4072.3762 2.3860e-02
4073.5981 3.4936e-02
4074.8201 3.0833e-02
4076.0427 2.4323e-02
4077.2654 1.6042e-02
4078.4885 2.5510e-02
4079.7119 2.4808e-02
4080.9358 3.0103e-02
4082.1602 2.2493e-02
4083.3845 2.1483e-02
4084.6099 2.0457e-02
4085.8354 1.9507e-02
4087.0608 2.0157e-02
4088.2869 3.4542e-02
4089.5137 1.6980e-02
4090.7407 2.6448e-02
4091.9678 3.3295e-02
4093.1953 3.4493e-02
4094.4233 3.1389e-02
4095.6519 1.8540e-02
4096.8799 4.4147e-02
4098.1094 2.8911e-02
4099.3384 3.5806e-02
4100.5684 2.2214e-02
4101.7988 4.1263e-02
4103.0293 3.5654e-02
4104.2598 3.8397e-02
4105.4912 3.7031e-02
4106.7231 1.5097e-02
4107.9546 1.2218e-02
4109.1875 2.2209e-02
4110.4204 3.3251e-02
4111.6533 3.5539e-02
4112.8867 9.5500e-03
4114.1211 1.7956e-02
4115.3545 2.9838e-02
4116.5898 3.0044e-02
4117.8247 3.0836e-02
4119.0596 3.1045e-02
4120.2954 1.5509e-02
4121.5317 2.7758e-02
4122.7681 1.9378e-02
4124.0049 1.4448e-02
4125.2422 2.3460e-02
4126.4800 1.9113e-02
4127.7178 3.3765e-02
4128.9561 3.2838e-02
4130.1948 3.7916e-02
4131.4336 1.6858e-02
4132.6733 1.5501e-02
4133.9126 2.0588e-02
4135.1533 1.9796e-02
4136.3936 3.0236e-02
4137.6348 3.3798e-02
4138.8760 2.5812e-02
4140.1172 2.1023e-02
4141.3599 2.0465e-02
4142.6021 1.7033e-02
4143.8447 2.1016e-02
4145.0879 1.6701e-02
4146.3315 2.4149e-02
4147.5752 3.2465e-02
4148.8198 2.1790e-02
4150.0640 3.7088e-02
4151.3091 1.9557e-02
4152.5547 3.5947e-02
4153.8003 1.6459e-02
4155.0464 2.1094e-02
4156.2930 2.0864e-02
4157.5400 3.2279e-02
4158.7871 3.4700e-02
4160.0352 1.5989e-02
4161.2827 1.8425e-02
4162.5312 2.0229e-02
4163.7803 2.4036e-02
4165.0293 3.2750e-02
4166.2783 3.4616e-02
4167.5288 2.3009e-02
4168.7788 1.8005e-02
4170.0298 1.3236e-02
4171.2803 2.0533e-02
4172.5317 2.4581e-02
4173.7837 1.7514e-02
4175.0356 1.6570e-02
4176.2886 2.1847e-02
4177.5410 2.1475e-02
4178.7944 2.0375e-02
4180.0479 2.0280e-02
4181.3022 1.7210e-02
4182.5566 1.5628e-02
4183.8115 5.4914e-03
4185.0664 1.9993e-02
4186.3223 9.3201e-03
4187.5776 2.6531e-02
4188.8340 8.6287e-03
4190.0903 2.3299e-02
4191.3477 1.5409e-02
4192.6050 2.4805e-02
4193.8628 2.0101e-02
4195.1206 2.6064e-02
4196.3794 1.3128e-02
4197.6387 7.0346e-03
4198.8975 1.3495e-02
4200.1577 8.8911e-03
4201.4175 2.0393e-02
4202.6782 1.2046e-02
4203.9390 9.1451e-03
4205.2002 2.5471e-02
4206.4614 1.5742e-02
4207.7231 2.2074e-02
4208.9858 1.7349e-02
4210.2485 1.9403e-02
4211.5112 2.1701e-02
4212.7749 2.0071e-02
4214.0391 5.1556e-03
4215.3032 1.0753e-02
4216.5679 8.0578e-03
4217.8330 1.1732e-02
4219.0981 2.3348e-02
4220.3638 1.3229e-02
4221.6299 1.6806e-02
4222.8965 1.1408e-02
4224.1636 2.0626e-02
4225.4302 1.8417e-02
4226.6978 2.6391e-02
4227.9658 9.6385e-03
4229.2349 1.6478e-02
4230.5034 1.8332e-02
4231.7725 1.1685e-02
4233.0415 1.6172e-02
4234.3115 1.4323e-02
4235.5825 1.6856e-02
4236.8525 1.1944e-02
4238.1235 2.8148e-02
4239.3955 1.2881e-02
4240.6670 1.1012e-02
4241.9390 1.7012e-02
4243.2119 2.4373e-02
4244.4844 1.2695e-02
4245.7583 2.2374e-02
4247.0317 1.0859e-02
4248.3062 1.5449e-02
4249.5806 1.7880e-02
4250.8555 1.4501e-02
4252.1309 1.9293e-02
4253.4062 7.0718e-03
4254.6821 1.2975e-02
4255.9590 1.5800e-02
4257.2358 1.6339e-02
4258.5127 1.3166e-02
4259.7900 2.1072e-02
4261.0679 1.4292e-02
4262.3462 2.4315e-02
4263.6250 1.8406e-02
4264.9043 1.7740e-02
4266.1841 2.1682e-02
4267.4639 2.0023e-02
4268.7432 1.5281e-02
4270.0244 9.5817e-03
4271.3052 1.8581e-02
4272.5869 1.1075e-02
4273.8682 1.5242e-02
4275.1509 1.3157e-02
4276.4336 2.4903e-02
4277.7163 1.5774e-02
4278.9995 1.1929e-02
4280.2837 2.0348e-02
4281.5674 4.3927e-03
4282.8521 1.5441e-02
4284.1367 1.9563e-02
4285.4219 1.0923e-02
4286.7075 1.6764e-02
4287.9937 1.7785e-02
4289.2798 1.4072e-02
4290.5669 1.1584e-02
4291.8540 1.4110e-02
4293.1416 2.3455e-02
4294.4292 1.3462e-02
4295.7183 1.4978e-02
4297.0063 1.1459e-02
4298.2954 8.6336e-03
4299.5854 1.3751e-02
4300.8750 1.5139e-02
4302.1650 2.8297e-02
4303.4561 1.0838e-02
4304.7471 3.8463e-03
4306.0381 1.8504e-02
4307.3301 1.1034e-02
4308.6221 1.5837e-02
4309.9150 7.6350e-03
4311.2075 2.4312e-02
4312.5015 2.1079e-02
4313.7949 1.7012e-02
4315.0889 7.7899e-03
4316.3838 1.4486e-02
4317.6787 3.2058e-02
4318.9741 2.0126e-02
4320.2700 1.6443e-02
4321.5654 1.2738e-02
4322.8623 8.4333e-03
4324.1592 1.0916e-02
4325.4565 1.0842e-02
4326.7539 1.5279e-03
4328.0518 1.5427e-02
4329.3501 1.0094e-02
4330.6494 1.4010e-02
4331.9482 2.4980e-02
4333.2480 1.9781e-02
4334.5479 1.2647e-02
4335.8477 1.2038e-02
4337.1489 1.4379e-02
4338.4502 1.1485e-02
4339.7515 1.2924e-02
4341.0537 1.3484e-02
4342.3560 1.8872e-02
4343.6582 1.4324e-02
4344.9614 5.5721e-03
4346.2646 2.0440e-02
4347.5693 1.0591e-02
4348.8735 1.4632e-02
4350.1782 7.7840e-03
4351.4829 1.2985e-02
4352.7886 1.2536e-02
4354.0938 1.9409e-02
4355.4009 9.2724e-03
4356.7070 1.7380e-02
4358.0137 1.9589e-02
4359.3218 1.2491e-02
4360.6294 2.8155e-02
4361.9375 9.3238e-03
4363.2461 1.4115e-02
4364.5552 2.3863e-02
4365.8643 1.5534e-02
4367.1743 5.8640e-03
4368.4844 1.4665e-02
4369.7954 9.2229e-03
4371.1060 1.8491e-02
4372.4170 1.0238e-02
4373.7285 1.1180e-02
4375.0415 2.0558e-02
4376.3540 2.2900e-02
4377.6665 1.6358e-02
4378.9800 1.4781e-02
4380.2935 1.5961e-02
4381.6074 1.2757e-02
4382.9219 2.1127e-02
4384.2363 1.7416e-02
4385.5522 1.4859e-02
4386.8677 2.1231e-02
4388.1841 1.3713e-02
4389.5010 1.0590e-02
4390.8169 1.4163e-02
4392.1343 8.2712e-03
4393.4521 2.0539e-02
4394.7700 1.8312e-02
4396.0884 1.6371e-02
4397.4077 1.5943e-02
4398.7266 1.5174e-02
4400.0464 1.3709e-02
4401.3667 8.6416e-03
4402.6870 1.4754e-02
4404.0073 2.0455e-02
4405.3291 1.2149e-02
4406.6504 1.9943e-02
4407.9722 2.2068e-02
4409.2944 1.4652e-02
4410.6172 1.1936e-02
4411.9404 1.8502e-02
4413.2642 1.6527e-02
4414.5879 2.1049e-02
4415.9126 8.6552e-03
4417.2373 2.3340e-02
4418.5625 2.0429e-02
4419.8882 1.0381e-02
4421.2139 1.3439e-02
4422.5405 1.6337e-02
4423.8672 1.6490e-02
4425.1938 8.0614e-03
4426.5220 2.8840e-02
4427.8496 1.0419e-02
4429.1787 1.6442e-02
4430.5063 2.6723e-02
4431.8364 1.3683e-02
4433.1655 1.7155e-02
4434.4956 1.7351e-02
4435.8262 1.4595e-02
4437.1567 1.4126e-02
4438.4878 1.5950e-02
4439.8193 9.3078e-03
4441.1514 1.1190e-02
4442.4834 4.6808e-03
4443.8164 2.0529e-02
4445.1494 2.6940e-02
4446.4829 9.3951e-03
4447.8169 1.2941e-02
4449.1514 1.6609e-02
4450.4863 1.9434e-02
4451.8213 2.6962e-02
4453.1567 1.3043e-02
4454.4927 2.3549e-02
4455.8291 1.8125e-02
4457.1660 1.5775e-02
4458.5029 1.4167e-02
4459.8403 9.3907e-03
4461.1787 2.9113e-02
4462.5171 2.9095e-02
4463.8555 1.9863e-02
4465.1948 1.8075e-02
4466.5347 9.6216e-03
4467.8740 3.0309e-02
4469.2144 2.7433e-02
4470.5552 1.1402e-02
4471.8970 8.3729e-03
4473.2383 1.3938e-02
4474.5806 2.2387e-02
4475.9229 2.0201e-02
4477.2651 1.9013e-02
4478.6084 2.3675e-02
4479.9521 1.1913e-02
4481.2959 1.9968e-02
4482.6406 1.8637e-02
4483.9854 2.5813e-02
4485.3306 2.3758e-02
4486.6763 2.1634e-02
4488.0220 4.1544e-03
4489.3682 1.5158e-02
4490.7153 1.2335e-02
4492.0620 1.6858e-02
4493.4102 2.1367e-02
4494.7578 2.5104e-02
4496.1069 2.5117e-02
4497.4556 2.0597e-02
4498.8047 1.4826e-02
4500.1543 2.5585e-02
4501.5044 1.9464e-02
4502.8550 2.7312e-02
4504.2056 2.0371e-02
4505.5566 1.7362e-02
4506.9082 1.8869e-02
4508.2607 2.7506e-02
4509.6133 3.0791e-02
4510.9658 3.8095e-02
4512.3193 3.2154e-02
4513.6729 2.7262e-02
4515.0273 1.3160e-02
4516.3818 2.8811e-02
4517.7363 2.7757e-02
4519.0918 2.0989e-02
4520.4473 3.0771e-02
4521.8037 1.2798e-02
4523.1606 1.1366e-02
4524.5171 1.4541e-02
4525.8750 2.3621e-02
4527.2324 2.1017e-02
4528.5903 3.0374e-02
4529.9492 1.5015e-02
4531.3081 2.5282e-02
4532.6675 2.6128e-02
4534.0269 2.4583e-02
4535.3872 2.1194e-02
4536.7480 2.1197e-02
4538.1094 1.8868e-02
4539.4702 3.1237e-02
4540.8320 3.1125e-02
4542.1943 2.3462e-02
4543.5576 2.6589e-02
4544.9199 3.3253e-02
4546.2842 3.1201e-02
4547.6475 4.6949e-02
4549.0117 3.0315e-02
4550.3770 1.8554e-02
4551.7417 3.1645e-02
4553.1074 4.0831e-02
4554.4731 2.9103e-02
4555.8398 3.6023e-02
4557.2061 2.7349e-02
4558.5732 1.7223e-02
4559.9414 2.7261e-02
4561.3086 3.9667e-02
4562.6772 2.8039e-02
4564.0459 2.2987e-02
4565.4150 3.3854e-02
4566.7852 1.5307e-02
4568.1553 2.8697e-02
4569.5249 2.0405e-02
4570.8965 2.3741e-02
4572.2676 2.8679e-02
4573.6392 3.4074e-02
4575.0117 3.2641e-02
4576.3838 3.4164e-02
4577.7568 1.9707e-02
4579.1304 2.6094e-02
4580.5039 4.1841e-02
4581.8784 3.9636e-02
4583.2524 2.7226e-02
4584.6274 3.0867e-02
4586.0029 1.8962e-02
4587.3789 3.3713e-02
4588.7549 2.4039e-02
4590.1318 3.1381e-02
4591.5083 3.5152e-02
4592.8857 2.7146e-02
4594.2642 1.9905e-02
4595.6426 2.4205e-02
4597.0210 3.2375e-02
4598.3999 3.0575e-02
4599.7798 1.1193e-02
4601.1597 3.4492e-02
4602.5396 3.8179e-02
4603.9204 2.8470e-02
4605.3022 1.8774e-02
4606.6836 3.5371e-02
4608.0649 2.4039e-02
4609.4478 4.5122e-02
4610.8306 2.7285e-02
4612.2144 3.9892e-02
4613.5977 3.7002e-02
4614.9819 4.9946e-02
4616.3662 3.0108e-02
4617.7515 2.5661e-02
4619.1362 2.6709e-02
4620.5225 3.3495e-02
4621.9082 4.4544e-02
4623.2949 3.0437e-02
4624.6816 3.1129e-02
4626.0693 2.3580e-02
4627.4570 3.3678e-02
4628.8457 2.6677e-02
4630.2334 2.3885e-02
4631.6230 3.6356e-02
4633.0127 1.7101e-02
4634.4028 4.1846e-02
4635.7935 2.5145e-02
4637.1831 1.8908e-02
4638.5742 1.2010e-02
4639.9658 2.8706e-02
4641.3579 2.9505e-02
4642.7505 1.6511e-02
4644.1436 3.3244e-02
4645.5371 2.4875e-02
4646.9307 2.5247e-02
4648.3247 1.8894e-02
4649.7188 2.3095e-02
4651.1138 2.0379e-02
4652.5093 2.4458e-02
4653.9048 2.6947e-02
4655.3018 3.0527e-02
4656.6978 2.5261e-02
4658.0947 2.8695e-02
4659.4922 2.7789e-02
4660.8896 2.5085e-02
4662.2886 2.2601e-02
4663.6865 2.2249e-02
4665.0859 3.4353e-02
4666.4854 3.9123e-02
4667.8853 3.3154e-02
4669.2861 2.1660e-02
4670.6870 2.4274e-02
4672.0874 2.4744e-02
4673.4897 2.5224e-02
4674.8916 2.9984e-02
4676.2944 3.6187e-02
4677.6968 2.3001e-02
4679.1006 2.5952e-02
4680.5039 2.3354e-02
4681.9082 3.3337e-02
4683.3125 1.8352e-02
4684.7173 2.0142e-02
4686.1230 3.8137e-02
4687.5288 3.0044e-02
4688.9351 4.1952e-02
4690.3423 2.8043e-02
4691.7490 2.5319e-02
4693.1562 2.7344e-02
4694.5645 2.0958e-02
4695.9731 3.2282e-02
4697.3818 3.5969e-02
4698.7910 2.6547e-02
4700.2002 2.6883e-02
4701.6104 2.8381e-02
4703.0205 2.0836e-02
4704.4316 1.5768e-02
4705.8433 2.4953e-02
4707.2549 3.6162e-02
4708.6670 4.0658e-02
4710.0796 4.7587e-02
4711.4927 1.9364e-02
4712.9058 3.2958e-02
4714.3203 2.0247e-02
4715.7344 2.1348e-02
4717.1494 2.7994e-02
4718.5645 3.6338e-02
4719.9800 2.4159e-02
4721.3955 3.7009e-02
4722.8120 2.2930e-02
4724.2290 2.9293e-02
4725.6460 2.6620e-02
4727.0645 2.2856e-02
4728.4824 3.2470e-02
4729.9004 2.5574e-02
4731.3198 3.3635e-02
4732.7388 2.4634e-02
4734.1587 2.6209e-02
4735.5791 3.0331e-02
4737.0000 2.3608e-02
4738.4209 3.0064e-02
4739.8428 2.2957e-02
4741.2646 2.8429e-02
4742.6870 1.6979e-02
4744.1094 2.8076e-02
4745.5327 2.4123e-02
4746.9565 2.5715e-02
4748.3804 2.8433e-02
4749.8052 2.3728e-02
4751.2300 4.7299e-02
4752.6548 2.3124e-02
4754.0811 2.2754e-02
4755.5078 1.4031e-02
4756.9341 3.1615e-02
4758.3608 2.2062e-02
4759.7886 2.5465e-02
4761.2168 2.9368e-02
4762.6445 2.0140e-02
4764.0737 2.9398e-02
4765.5029 2.8714e-02
4766.9326 2.7528e-02
4768.3628 2.4651e-02
4769.7930 1.2346e-02
4771.2236 3.5350e-02
4772.6553 4.3129e-02
4774.0869 3.9534e-02
4775.5190 2.1638e-02
4776.9521 3.3679e-02
4778.3853 2.4653e-02
4779.8184 3.2665e-02
4781.2524 3.3274e-02
4782.6870 1.5592e-02
4784.1226 2.1028e-02
4785.5571 3.6127e-02
4786.9927 2.9746e-02
4788.4292 3.8743e-02
4789.8652 1.6914e-02
4791.3022 2.5381e-02
4792.7397 2.3343e-02
4794.1777 2.9841e-02
4795.6152 3.2937e-02
4797.0542 3.0293e-02
4798.4937 2.6262e-02
4799.9331 5.4860e-02
4801.3735 2.2312e-02
4802.8140 2.3612e-02
4804.2544 2.0720e-02
4805.6958 3.7813e-02
4807.1377 4.9753e-02
4808.5796 1.5988e-02
4810.0220 3.2707e-02
4811.4653 2.7140e-02
4812.9087 2.6147e-02
4814.3525 3.2446e-02
4815.7969 2.8288e-02
4817.2417 3.0565e-02
4818.6865 3.0573e-02
4820.1328 2.6984e-02
4821.5786 2.4549e-02
4823.0249 2.3656e-02
4824.4717 3.0595e-02
4825.9189 4.2079e-02
4827.3667 2.4192e-02
4828.8149 2.4194e-02
4830.2637 1.5036e-02
4831.7124 1.5415e-02
4833.1621 3.1821e-02
4834.6118 1.6537e-02
4836.0620 2.6627e-02
4837.5137 2.1857e-02
4838.9644 2.3515e-02
4840.4165 2.1871e-02
4841.8687 3.3982e-02
4843.3208 1.2625e-02
4844.7739 2.9405e-02
4846.2275 2.8080e-02
4847.6812 2.5024e-02
4849.1357 3.3723e-02
4850.5903 2.8329e-02
4852.0454 2.4056e-02
4853.5015 2.1223e-02
4854.9575 2.6261e-02
4856.4136 2.1435e-02
4857.8706 3.0050e-02
4859.3281 2.4290e-02
4860.7861 3.4822e-02
4862.2437 2.3925e-02
4863.7026 2.6290e-02
4865.1621 3.3008e-02
4866.6211 2.8859e-02
4868.0815 2.3426e-02
4869.5420 3.7207e-02
4871.0024 1.9477e-02
4872.4639 3.7502e-02
4873.9263 3.4355e-02
4875.3877 4.4696e-02
4876.8506 1.8438e-02
4878.3135 1.5446e-02
4879.7773 1.5667e-02
4881.2412 1.5851e-02
4882.7051 1.5341e-02
4884.1704 2.1576e-02
4885.6357 1.8422e-02
4887.1011 2.3536e-02
4888.5674 3.1000e-02
4890.0337 1.8217e-02
4891.5010 2.2319e-02
4892.9683 2.8149e-02
4894.4360 2.5729e-02
4895.9043 3.0438e-02
4897.3730 3.4382e-02
4898.8423 2.3129e-02
4900.3120 1.6277e-02
4901.7827 2.9641e-02
4903.2529 1.7997e-02
4904.7231 4.0042e-02
4906.1953 3.9053e-02
4907.6675 2.0015e-02
4909.1392 2.2853e-02
4910.6123 1.6328e-02
4912.0854 1.3765e-02
4913.5586 2.7342e-02
4915.0332 2.0021e-02
4916.5073 2.6012e-02
4917.9819 2.9738e-02
4919.4575 3.0754e-02
4920.9331 3.3937e-02
4922.4097 2.7308e-02
4923.8872 2.8076e-02
4925.3638 1.4477e-02
4926.8418 1.7736e-02
4928.3188 3.6467e-02
4929.7979 1.5199e-02
4931.2769 2.3768e-02
4932.7563 1.8386e-02
4934.2358 2.3882e-02
4935.7168 2.2682e-02
4937.1963 2.0265e-02
4938.6782 2.9098e-02
4940.1597 1.3457e-02
4941.6416 3.4143e-02
4943.1250 1.9603e-02
4944.6069 2.0307e-02
4946.0908 2.9232e-02
4947.5752 2.5706e-02
4949.0586 2.6737e-02
4950.5435 1.9842e-02
4952.0278 2.3803e-02
4953.5142 2.5431e-02
4955.0010 2.6610e-02
4956.4873 2.7039e-02
4957.9741 1.8390e-02
4959.4614 2.6166e-02
4960.9492 3.5270e-02
4962.4370 1.4932e-02
4963.9258 2.7243e-02
4965.4150 2.3962e-02
4966.9048 2.3494e-02
4968.3945 2.8466e-02
4969.8853 2.1093e-02
4971.3765 2.0114e-02
4972.8677 4.3391e-02
4974.3599 3.2421e-02
4975.8521 3.3016e-02
4977.3447 3.3482e-02
4978.8379 2.6371e-02
4980.3315 2.3113e-02
4981.8257 2.4988e-02
4983.3203 1.6140e-02
4984.8159 2.2835e-02
4986.3105 2.9103e-02
4987.8066 1.8897e-02
4989.3027 2.3030e-02
4990.7998 1.7096e-02
4992.2974 1.3531e-02
4993.7939 9.3954e-03
4995.2930 2.5070e-02
4996.7915 1.9662e-02
4998.2905 1.2949e-02
4999.7896 1.8997e-02
5001.2896 2.9463e-02
5002.7900 1.9651e-02
5004.2915 1.9988e-02
5005.7925 2.3066e-02
5007.2944 2.1048e-02
5008.7964 2.1415e-02
5010.2993 1.1626e-02
5011.8022 2.2906e-02
5013.3057 1.7334e-02
5014.8101 2.6364e-02
5016.3145 2.2372e-02
5017.8184 2.0663e-02
5019.3247 1.5715e-02
5020.8301 1.9957e-02
5022.3359 8.9943e-03
5023.8428 1.8800e-02
5025.3496 1.6709e-02
5026.8579 3.0850e-02
5028.3657 2.3339e-02
5029.8740 1.9860e-02
5031.3828 1.2886e-02
5032.8926 1.7370e-02
5034.4023 1.2415e-02
5035.9131 3.2745e-02
5037.4233 1.4499e-02
5038.9346 1.9376e-02
5040.4463 2.0388e-02
5041.9585 1.3286e-02
5043.4712 3.1530e-02
5044.9839 1.5382e-02
5046.4980 1.7474e-02
5048.0112 9.0062e-03
5049.5259 1.2075e-02
5051.0415 1.0805e-02
5052.5562 2.4160e-02
5054.0723 4.9018e-03
5055.5884 1.5665e-02
5057.1045 1.4730e-02
5058.6221 8.5663e-03
5060.1401 2.7547e-02
5061.6577 2.2388e-02
5063.1763 2.7987e-02
5064.6953 2.1847e-02
5066.2144 1.6592e-02
5067.7339 8.9534e-03
5069.2549 3.0325e-02
5070.7759 1.6055e-02
5072.2969 2.0829e-02
5073.8188 1.2824e-02
5075.3403 2.4011e-02
5076.8628 2.3523e-02
5078.3867 2.7627e-02
5079.9097 2.7025e-02
5081.4336 2.3048e-02
5082.9580 2.0274e-02
5084.4829 1.4661e-02
5086.0083 9.4817e-03
5087.5342 2.0398e-02
5089.0605 1.2230e-02
5090.5874 1.6860e-02
5092.1143 2.6825e-02
5093.6421 1.3123e-02
5095.1699 1.5520e-02
5096.6987 1.5607e-02
5098.2275 2.1800e-02
5099.7573 1.1767e-02
5101.2871 2.0706e-02
5102.8179 1.8644e-02
5104.3481 1.1529e-02
5105.8799 2.3029e-02
5107.4111 2.9530e-02
5108.9438 2.1480e-02
5110.4761 1.9116e-02
5112.0093 2.0463e-02
5113.5435 2.2633e-02
5115.0771 2.8411e-02
5116.6118 1.8263e-02
5118.1470 2.1691e-02
5119.6816 2.3757e-02
5121.2183 1.4931e-02
5122.7544 1.8048e-02
5124.2910 1.7563e-02
5125.8286 1.9369e-02
5127.3667 2.9839e-02
5128.9043 1.2181e-02
5130.4429 1.4803e-02
5131.9824 3.8595e-02
5133.5220 2.1711e-02
5135.0615 1.3068e-02
5136.6021 3.2164e-02
5138.1436 9.3573e-03
5139.6846 2.1495e-02
5141.2266 1.8131e-02
5142.7690 1.4949e-02
5144.3125 1.2191e-02
5145.8550 2.8999e-02
5147.3989 2.2016e-02
5148.9429 2.1120e-02
5150.4883 3.5715e-02
5152.0332 1.9542e-02
5153.5781 9.4753e-03
5155.1245 2.4201e-02
5156.6714 2.0412e-02
5158.2178 1.9194e-02
5159.7656 3.4158e-02
5161.3130 3.5452e-02
5162.8618 2.8084e-02
5164.4106 1.3525e-02
5165.9604 2.1522e-02
5167.5098 1.4458e-02
5169.0605 2.4217e-02
5170.6108 1.8208e-02
5172.1621 1.5048e-02
5173.7139 3.8811e-02
5175.2656 2.7401e-02
5176.8188 1.9560e-02
5178.3711 2.1649e-02
5179.9253 2.6569e-02
5181.4790 1.6328e-02
5183.0337 1.3716e-02
5184.5884 2.4102e-02
5186.1436 1.6548e-02
5187.6992 1.6101e-02
5189.2559 2.9451e-02
5190.8130 3.2565e-02
5192.3696 1.2860e-02
5193.9277 2.4147e-02
5195.4858 2.1817e-02
5197.0439 1.7911e-02
5198.6035 1.2668e-02
5200.1636 3.3202e-02
5201.7231 2.6796e-02
5203.2837 2.0219e-02
5204.8447 2.1205e-02
5206.4058 1.2515e-02
5207.9683 3.4110e-02
5209.5303 1.6081e-02
5211.0933 2.8648e-02
5212.6567 2.9229e-02
5214.2202 2.1601e-02
5215.7847 1.1200e-02
5217.3496 2.1058e-02
5218.9150 2.3078e-02
5220.4800 2.4741e-02
5222.0464 9.1192e-03
5223.6128 1.2932e-02
5225.1802 3.0805e-02
5226.7480 1.5620e-02
5228.3154 3.2302e-02
5229.8843 2.8800e-02
5231.4526 3.7594e-02
5233.0225 1.9157e-02
5234.5928 3.3900e-02
5236.1626 2.8290e-02
5237.7339 1.9127e-02
5239.3052 1.8390e-02
5240.8770 2.0989e-02
5242.4492 3.3200e-02
5244.0220 2.4382e-02
5245.5947 2.1125e-02
5247.1689 2.7653e-02
5248.7422 2.3441e-02
5250.3174 3.0316e-02
5251.8921 1.8975e-02
5253.4678 1.3798e-02
5255.0439 2.7619e-02
5256.6211 2.4999e-02
5258.1978 1.4261e-02
5259.7749 2.5983e-02
5261.3530 1.4164e-02
5262.9312 1.8294e-02
5264.5098 1.2945e-02
5266.0898 1.7779e-02
5267.6694 2.7752e-02
5269.2495 3.4178e-02
5270.8311 3.0960e-02
5272.4116 1.3145e-02
5273.9941 2.7825e-02
5275.5757 3.3248e-02
5277.1587 2.5288e-02
5278.7422 3.0272e-02
5280.3252 1.7542e-02
5281.9092 3.7137e-02
5283.4937 3.3454e-02
5285.0786 4.1290e-02
5286.6641 3.3694e-02
5288.2500 1.7680e-02
5289.8369 2.5054e-02
5291.4238 1.8594e-02
5293.0117 2.0522e-02
5294.5996 2.7274e-02
5296.1870 1.6565e-02
5297.7764 1.7125e-02
5299.3662 1.7123e-02
5300.9561 1.5977e-02
5302.5459 2.1212e-02
5304.1367 3.5090e-02
5305.7280 2.8897e-02
5307.3188 2.1779e-02
5308.9116 3.0420e-02
5310.5044 3.1237e-02
5312.0977 1.9626e-02
5313.6919 2.4534e-02
5315.2856 1.9372e-02
5316.8799 2.7924e-02
5318.4751 3.7505e-02
5320.0708 2.7145e-02
5321.6665 2.7763e-02
5323.2632 2.5848e-02
5324.8604 2.1983e-02
5326.4575 2.0002e-02
5328.0557 3.2574e-02
5329.6533 2.1012e-02
5331.2534 2.5699e-02
5332.8516 3.1497e-02
5334.4517 2.5063e-02
5336.0522 2.6055e-02
5337.6533 1.8737e-02
5339.2544 2.3157e-02
5340.8560 2.0670e-02
5342.4585 2.9801e-02
5344.0605 2.3055e-02
5345.6646 2.2335e-02
5347.2681 2.3711e-02
5348.8726 2.8772e-02
5350.4771 3.6593e-02
5352.0825 1.5698e-02
5353.6875 3.5105e-02
5355.2944 2.3501e-02
5356.9009 2.1042e-02
5358.5073 3.2072e-02
5360.1152 2.3911e-02
5361.7236 2.0691e-02
5363.3315 2.5167e-02
5364.9404 2.6146e-02
5366.5503 2.5575e-02
5368.1602 3.1063e-02
5369.7705 3.1446e-02
5371.3813 2.1788e-02
5372.9932 3.6116e-02
5374.6050 1.7658e-02
5376.2173 2.6967e-02
5377.8301 3.3947e-02
5379.4434 2.5750e-02
5381.0576 3.2877e-02
5382.6714 2.5478e-02
5384.2861 2.2775e-02
5385.9014 2.0160e-02
5387.5171 2.4764e-02
5389.1343 1.5988e-02
5390.7505 1.6023e-02
5392.3677 2.5700e-02
5393.9858 3.1933e-02
5395.6035 2.1944e-02
5397.2222 1.7030e-02
5398.8413 1.8990e-02
5400.4609 2.0669e-02
5402.0811 2.9234e-02
5403.7017 2.8951e-02
5405.3228 2.0895e-02
5406.9448 2.0233e-02
5408.5659 2.2510e-02
5410.1890 2.4129e-02
5411.8115 2.2992e-02
5413.4360 2.0691e-02
5415.0596 2.8104e-02
5416.6841 3.6202e-02
5418.3096 3.1861e-02
5419.9351 2.6467e-02
5421.5605 3.6621e-02
5423.1875 2.2124e-02
5424.8145 1.5892e-02
5426.4414 1.6035e-02
5428.0693 2.7427e-02
5429.6982 2.5934e-02
5431.3271 2.9569e-02
5432.9565 1.6762e-02
5434.5859 4.0227e-02
5436.2163 2.1523e-02
5437.8472 2.9048e-02
5439.4785 1.9393e-02
5441.1104 1.5444e-02
5442.7427 3.0006e-02
5444.3760 2.6713e-02
5446.0098 2.4093e-02
5447.6431 2.1107e-02
5449.2778 3.0260e-02
5450.9121 2.3644e-02
5452.5474 3.8159e-02
5454.1826 2.2721e-02
5455.8193 2.0252e-02
5457.4565 2.7331e-02
5459.0933 1.9105e-02
5460.7310 2.3434e-02
5462.3696 2.3060e-02
5464.0073 2.7829e-02
5465.6475 2.4595e-02
5467.2871 1.4876e-02
5468.9272 2.9794e-02
5470.5674 2.9960e-02
5472.2090 1.9735e-02
5473.8506 3.1509e-02
5475.4927 3.2113e-02
5477.1353 1.7217e-02
5478.7783 1.7125e-02
5480.4224 1.5496e-02
5482.0659 2.7545e-02
5483.7104 2.0708e-02
5485.3560 2.1079e-02
5487.0010 2.8381e-02
5488.6475 3.8210e-02
5490.2944 1.5649e-02
5491.9414 2.7881e-02
5493.5889 3.5263e-02
5495.2368 2.5110e-02
5496.8857 3.9087e-02
5498.5342 2.1611e-02
5500.1841 2.7813e-02
5501.8340 2.6948e-02
5503.4849 2.2856e-02
5505.1357 3.1749e-02
5506.7871 2.6185e-02
5508.4395 3.3407e-02
5510.0923 3.5607e-02
5511.7451 3.3193e-02
5513.3984 3.8351e-02
5515.0522 2.4453e-02
5516.7070 1.9555e-02
5518.3623 3.7039e-02
5520.0176 3.4736e-02
5521.6733 3.0090e-02
5523.3301 2.6906e-02
5524.9868 2.8301e-02
5526.6450 3.3103e-02
5528.3027 1.8336e-02
5529.9609 3.2499e-02
5531.6201 2.9743e-02
5533.2793 2.5898e-02
5534.9395 2.4153e-02
5536.5996 2.8562e-02
5538.2607 2.2464e-02
5539.9229 7.1162e-03
5541.5840 2.9285e-02
5543.2466 3.2952e-02
5544.9102 1.8968e-02
5546.5728 2.1801e-02
5548.2373 1.8397e-02
5549.9019 2.1281e-02
5551.5664 2.6594e-02
5553.2324 2.2357e-02
5554.8984 1.7404e-02
5556.5645 2.0829e-02
5558.2310 2.9044e-02
5559.8989 3.7980e-02
5561.5669 2.5865e-02
5563.2354 3.0406e-02
5564.9043 2.1921e-02
5566.5732 1.8926e-02
5568.2437 2.6738e-02
5569.9150 2.6435e-02
5571.5854 2.2256e-02
5573.2568 2.0078e-02
5574.9287 3.5915e-02
5576.6011 2.3622e-02
5578.2739 2.2290e-02
5579.9482 2.2852e-02
5581.6216 1.3413e-02
5583.2959 2.4269e-02
5584.9717 2.3306e-02
5586.6470 2.5070e-02
5588.3223 2.3810e-02
5589.9990 1.6504e-02
5591.6763 1.7794e-02
5593.3535 1.9042e-02
5595.0317 4.1155e-02
5596.7104 2.8467e-02
5598.3892 2.7687e-02
5600.0688 2.9061e-02
5601.7490 2.9176e-02
5603.4292 2.5603e-02
5605.1104 3.6328e-02
5606.7915 3.3290e-02
5608.4741 2.0867e-02
5610.1562 2.2867e-02
5611.8394 2.7014e-02
5613.5234 2.2865e-02
5615.2075 1.8261e-02
5616.8916 3.1066e-02
5618.5767 1.4235e-02
5620.2627 1.9894e-02
5621.9482 2.4570e-02
5623.6348 3.6067e-02
5625.3218 1.3536e-02
5627.0098 1.8934e-02
5628.6982 2.1052e-02
5630.3867 2.4989e-02
5632.0757 2.6782e-02
5633.7651 1.4819e-02
5635.4551 2.0070e-02
5637.1460 3.1549e-02
5638.8369 2.6441e-02
5640.5283 2.4197e-02
5642.2207 3.1696e-02
5643.9141 2.7587e-02
5645.6069 3.1412e-02
5647.3003 2.8165e-02
5648.9946 1.6070e-02
5650.6895 2.3509e-02
5652.3848 2.9138e-02
5654.0801 3.7510e-02
5655.7759 2.9843e-02
5657.4736 2.5983e-02
5659.1709 1.8738e-02
5660.8682 1.7866e-02
5662.5664 1.1685e-02
5664.2651 1.6211e-02
5665.9644 2.0447e-02
5667.6641 2.4738e-02
5669.3647 2.7215e-02
5671.0649 2.9291e-02
5672.7666 2.9011e-02
5674.4688 1.9736e-02
5676.1709 2.9847e-02
5677.8740 1.4967e-02
5679.5771 1.9936e-02
5681.2812 2.8828e-02
5682.9858 2.4610e-02
5684.6899 2.2981e-02
5686.3950 3.4849e-02
5688.1021 1.8979e-02
5689.8076 3.3717e-02
5691.5146 1.2341e-02
5693.2222 2.8514e-02
5694.9302 2.2758e-02
5696.6382 2.5974e-02
5698.3477 2.6792e-02
5700.0571 2.4427e-02
5701.7671 2.9403e-02
5703.4775 3.0795e-02
5705.1885 3.0112e-02
5706.9004 2.9273e-02
5708.6123 2.8820e-02
5710.3252 1.7625e-02
5712.0381 2.8646e-02
5713.7524 2.5258e-02
5715.4663 2.5436e-02
5717.1812 1.6466e-02
5718.8955 2.7192e-02
5720.6118 1.4377e-02
5722.3271 2.7555e-02
5724.0444 1.1931e-02
5725.7617 2.7356e-02
5727.4795 1.6702e-02
5729.1973 2.8346e-02
5730.9165 2.0221e-02
5732.6353 2.4319e-02
5734.3550 2.5286e-02
5736.0757 2.0919e-02
5737.7969 2.2408e-02
5739.5176 2.1327e-02
5741.2397 2.0252e-02
5742.9624 1.4442e-02
5744.6851 2.4136e-02
5746.4082 2.3043e-02
5748.1323 1.9698e-02
5749.8569 1.8613e-02
5751.5815 2.1181e-02
5753.3076 2.9528e-02
5755.0332 1.8573e-02
5756.7593 4.0521e-02
5758.4863 2.1348e-02
5760.2144 1.5743e-02
5761.9424 1.8101e-02
5763.6709 1.9320e-02
5765.3999 1.7514e-02
5767.1294 2.3540e-02
5768.8594 2.9717e-02
5770.5908 2.7995e-02
5772.3213 2.2973e-02
5774.0527 1.4226e-02
5775.7856 2.9300e-02
5777.5181 1.5698e-02
5779.2515 2.6558e-02
5780.9844 3.2941e-02
5782.7192 2.8429e-02
5784.4546 1.4591e-02
5786.1899 1.8157e-02
5787.9253 3.0426e-02
5789.6626 2.1605e-02
5791.3984 1.4735e-02
5793.1362 1.3624e-02
5794.8745 1.9318e-02
5796.6123 2.9020e-02
5798.3516 1.9329e-02
5800.0913 1.3956e-02
5801.8306 2.6044e-02
5803.5713 3.0706e-02
5805.3125 1.7470e-02
5807.0537 1.1813e-02
5808.7964 2.3762e-02
5810.5391 1.9521e-02
5812.2822 2.6161e-02
5814.0259 1.2063e-02
5815.7700 1.5917e-02
5817.5151 1.7051e-02
5819.2598 2.4919e-02
5821.0059 2.1630e-02
5822.7524 1.3773e-02
5824.4990 1.9657e-02
5826.2461 2.2580e-02
5827.9937 2.1232e-02
5829.7427 1.8642e-02
5831.4912 1.2019e-02
5833.2407 2.4580e-02
5834.9912 2.0198e-02
5836.7417 1.7991e-02
5838.4922 2.6686e-02
5840.2446 2.4750e-02
5841.9961 1.4779e-02
5843.7490 2.2330e-02
5845.5020 1.1263e-02
5847.2559 2.0282e-02
5849.0103 1.2309e-02
5850.7642 2.0596e-02
5852.5195 1.4631e-02
5854.2754 1.4911e-02
5856.0317 1.7232e-02
5857.7881 1.3204e-02
5859.5454 1.4839e-02
5861.3032 1.9401e-02
5863.0625 3.6308e-02
5864.8208 1.5531e-02
5866.5806 1.9998e-02
5868.3403 2.1588e-02
5870.1006 1.4046e-02
5871.8618 2.2603e-02
5873.6230 2.3840e-02
5875.3857 1.3465e-02
5877.1479 7.0261e-03
5878.9111 1.4252e-02
5880.6748 1.8975e-02
5882.4390 1.0577e-02
5884.2036 1.6629e-02
5885.9692 3.0972e-02
5887.7349 2.8971e-02
5889.5010 1.7470e-02
5891.2676 2.7291e-02
5893.0356 1.2876e-02
5894.8032 1.7101e-02
5896.5718 2.7983e-02
5898.3408 1.1412e-02
5900.1108 2.5218e-02
5901.8804 2.1536e-02
5903.6509 2.3611e-02
5905.4219 1.3356e-02
5907.1938 1.9139e-02
5908.9663 1.1028e-02
5910.7383 2.6209e-02
5912.5112 1.4971e-02
5914.2856 2.3332e-02
5916.0601 1.9256e-02
5917.8345 2.4934e-02
5919.6099 2.6705e-02
5921.3857 1.1416e-02
5923.1621 1.4836e-02
5924.9395 1.8713e-02
5926.7163 1.1477e-02
5928.4946 1.4171e-02
5930.2729 2.2147e-02
5932.0522 1.0521e-02
5933.8315 1.2975e-02
5935.6123 1.9773e-02
5937.3926 1.7885e-02
5939.1738 1.9717e-02
5940.9556 1.8708e-02
5942.7383 1.1978e-02
5944.5210 1.3956e-02
5946.3042 1.8078e-02
5948.0879 9.9868e-03
5949.8726 2.1319e-02
5951.6572 1.0131e-02
5953.4434 1.1238e-02
5955.2290 1.9841e-02
5957.0151 2.2897e-02
5958.8022 8.9667e-03
5960.5903 1.9242e-02
5962.3789 1.1359e-02
5964.1670 1.1368e-02
5965.9561 2.5066e-02
5967.7466 1.1966e-02
5969.5366 1.3799e-02
5971.3276 1.5770e-02
5973.1187 1.3127e-02
5974.9106 2.1070e-02
5976.7031 2.5628e-02
5978.4961 2.0468e-02
5980.2900 1.5777e-02
5982.0845 7.6268e-03
5983.8789 1.7087e-02
5985.6729 2.1646e-02
5987.4692 1.5160e-02
5989.2651 1.3503e-02
5991.0620 2.7431e-02
5992.8589 1.6414e-02
5994.6572 2.2778e-02
5996.4556 1.1158e-02
5998.2549 1.5589e-02
6000.0547 1.6734e-02
6001.8545 1.5156e-02
6003.6548 6.9119e-03
6005.4561 2.0147e-02
6007.2578 1.7491e-02
6009.0596 1.6793e-02
6010.8623 1.5567e-02
6012.6660 1.0958e-02
6014.4697 2.1282e-02
6016.2739 2.9997e-02
6018.0786 1.1371e-02
6019.8843 1.2670e-02
6021.6909 2.3081e-02
6023.4966 1.7528e-02
6025.3037 1.2716e-02
6027.1108 2.0558e-02
6028.9199 2.5018e-02
6030.7285 1.7048e-02
6032.5366 2.3049e-02
6034.3472 1.2434e-02
6036.1577 1.4225e-02
6037.9683 1.6205e-02
6039.7793 1.6679e-02
6041.5918 1.1776e-02
6043.4038 2.4850e-02
6045.2173 1.4151e-02
6047.0312 1.7552e-02
6048.8447 2.1320e-02
6050.6592 1.6868e-02
6052.4751 2.5241e-02
6054.2905 2.3230e-02
6056.1069 2.4808e-02
6057.9233 2.5392e-02
6059.7407 2.3817e-02
6061.5586 1.5367e-02
6063.3770 1.8581e-02
6065.1968 1.8348e-02
6067.0161 2.3041e-02
6068.8359 1.4026e-02
6070.6567 2.3069e-02
6072.4785 1.9836e-02
6074.2998 1.4439e-02
6076.1221 2.2925e-02
6077.9448 1.6774e-02
6079.7681 1.7086e-02
6081.5918 2.0542e-02
6083.4160 1.2544e-02
6085.2417 1.4339e-02
6087.0664 8.7228e-03
6088.8936 1.8262e-02
6090.7197 2.2287e-02
6092.5469 2.0021e-02
6094.3745 1.4775e-02
6096.2031 1.9473e-02
6098.0327 1.1274e-02
6099.8613 1.6929e-02
6101.6914 1.1745e-02
6103.5220 2.0924e-02
6105.3530 1.3090e-02
6107.1846 1.1762e-02
6109.0171 2.0183e-02
6110.8496 1.4132e-02
6112.6831 1.6200e-02
6114.5166 2.8388e-02
6116.3511 1.1758e-02
6118.1855 1.6960e-02
6120.0210 2.3127e-02
6121.8574 1.5543e-02
6123.6938 1.2046e-02
6125.5308 2.2428e-02
6127.3687 8.2419e-03
6129.2065 1.4621e-02
6131.0454 1.7869e-02
6132.8843 1.1638e-02
6134.7246 1.2966e-02
6136.5649 1.6316e-02
6138.4062 2.5372e-02
6140.2476 1.7454e-02
6142.0894 1.6414e-02
6143.9316 1.5183e-02
6145.7759 1.4401e-02
6147.6191 1.4323e-02
6149.4634 1.0102e-02
6151.3081 1.1905e-02
6153.1538 8.6552e-03
6155.0000 1.3914e-02
6156.8462 9.4428e-03
6158.6934 1.4596e-02
6160.5410 1.4235e-02
6162.3892 1.6378e-02
6164.2373 1.5959e-02
6166.0869 1.3437e-02
6167.9370 1.4735e-02
6169.7871 1.3779e-02
6171.6387 2.0028e-02
6173.4897 1.9860e-02
6175.3413 2.0309e-02
6177.1938 1.1099e-02
6179.0474 1.9395e-02
6180.9009 1.3311e-02
6182.7549 1.9764e-02
6184.6104 1.9452e-02
6186.4653 2.2300e-02
6188.3213 2.0903e-02
6190.1782 2.5557e-02
6192.0356 2.0060e-02
6193.8931 8.7147e-03
6195.7505 1.6152e-02
6197.6099 1.3517e-02
6199.4688 1.5258e-02
6201.3281 1.1465e-02
6203.1895 1.5167e-02
6205.0498 1.2178e-02
6206.9121 1.1982e-02
6208.7739 2.9706e-02
6210.6367 9.8402e-03
6212.4995 1.1477e-02
6214.3633 1.5050e-02
6216.2275 1.8794e-02
6218.0923 1.6135e-02
6219.9575 2.9750e-02
6221.8237 1.5102e-02
6223.6904 1.4946e-02
6225.5576 1.3972e-02
6227.4258 1.2821e-02
6229.2935 1.5279e-02
6231.1621 2.2518e-02
6233.0317 1.3986e-02
6234.9019 1.8614e-02
6236.7720 2.1154e-02
6238.6431 8.2547e-03
6240.5146 2.1249e-02
6242.3867 1.7269e-02
6244.2598 2.0528e-02
6246.1323 1.4501e-02
6248.0063 1.4262e-02
6249.8813 2.2672e-02
6251.7559 1.1029e-02
6253.6313 6.6436e-03
6255.5073 9.2989e-03
6257.3843 7.4485e-03
6259.2617 1.1977e-02
6261.1392 1.4298e-02
6263.0176 1.6400e-02
6264.8970 3.8859e-03
6266.7759 1.3374e-02
6268.6562 1.8310e-02
6270.5361 1.8308e-02
6272.4180 1.8712e-02
6274.2993 1.5596e-02
6276.1816 1.9941e-02
6278.0645 9.7859e-03
6279.9478 1.6011e-02
6281.8320 1.7876e-02
6283.7168 1.5205e-02
6285.6021 1.0721e-02
6287.4868 1.5744e-02
6289.3740 1.6685e-02
6291.2603 1.4440e-02
6293.1475 1.7501e-02
6295.0352 1.2178e-02
6296.9238 1.6546e-02
6298.8130 1.8833e-02
6300.7026 1.5096e-02
6302.5933 1.2117e-02
6304.4839 6.5761e-03
6306.3755 9.2019e-03
6308.2676 1.2946e-02
6310.1597 8.3402e-03
6312.0527 1.6262e-02
6313.9468 1.1504e-02
6315.8398 1.4642e-02
6317.7349 1.5178e-02
6319.6304 1.1671e-02
6321.5269 1.0712e-02
6323.4233 1.0627e-02
6325.3198 1.0575e-02
6327.2178 1.4787e-02
6329.1157 1.1767e-02
6331.0146 1.0375e-02
6332.9131 1.2533e-02
6334.8140 1.9469e-02
6336.7139 1.2170e-02
6338.6147 1.2908e-02
6340.5166 9.2201e-03
6342.4189 1.8928e-02
6344.3213 1.9469e-02
6346.2246 1.1101e-02
6348.1284 1.4640e-02
6350.0332 1.4979e-02
6351.9380 1.6819e-02
6353.8442 2.1665e-02
6355.7500 1.5612e-02
6357.6572 1.1855e-02
6359.5645 1.0260e-02
6361.4717 6.5554e-03
6363.3804 1.3374e-02
6365.2891 2.1105e-02
6367.1987 1.4606e-02
6369.1089 1.3254e-02
6371.0200 2.2023e-02
6372.9312 2.0946e-02
6374.8428 1.6775e-02
6376.7549 2.3714e-02
6378.6685 2.2872e-02
6380.5820 2.2493e-02
6382.4966 1.4056e-02
6384.4111 1.5073e-02
6386.3257 1.7568e-02
6388.2422 1.4376e-02
6390.1587 1.5727e-02
6392.0752 1.6541e-02
6393.9932 7.9212e-03
6395.9116 2.2344e-02
6397.8301 1.1678e-02
6399.7490 1.4260e-02
6401.6694 9.9754e-03
6403.5898 1.5165e-02
6405.5112 1.6923e-02
6407.4331 1.4130e-02
6409.3545 1.0121e-02
6411.2778 1.9302e-02
6413.2012 1.8881e-02
6415.1250 1.0375e-02
6417.0493 1.0858e-02
6418.9741 2.0163e-02
6420.9004 1.9041e-02
6422.8262 1.6151e-02
6424.7534 9.9286e-03
6426.6812 1.3794e-02
6428.6094 1.5174e-02
6430.5381 2.7000e-02
6432.4668 1.1874e-02
6434.3960 1.8657e-02
6436.3267 1.6042e-02
6438.2578 1.3300e-02
6440.1895 1.1839e-02
6442.1216 8.8673e-03
6444.0537 1.3202e-02
6445.9868 5.8386e-03
6447.9209 1.7601e-02
6449.8550 1.5925e-02
6451.7905 1.6446e-02
6453.7256 1.3245e-02
6455.6621 1.7760e-02
6457.5986 1.0627e-02
6459.5356 1.1331e-02
6461.4741 2.3789e-02
6463.4121 1.7948e-02
6465.3506 1.1370e-02
6467.2905 1.3074e-02
6469.2310 2.0031e-02
6471.1719 1.4917e-02
6473.1128 1.0321e-02
6475.0552 1.4254e-02
6476.9976 1.3816e-02
6478.9409 1.8372e-02
6480.8848 1.5217e-02
6482.8286 1.4551e-02
6484.7739 1.3921e-02
6486.7192 1.9177e-02
6488.6650 2.3665e-02
6490.6113 1.5135e-02
6492.5581 1.0239e-02
6494.5063 1.8677e-02
6496.4546 1.9931e-02
6498.4038 1.9825e-02
6500.3535 1.8710e-02
6502.3032 8.2267e-03
6504.2539 1.2821e-02
6506.2056 1.8865e-02
6508.1572 1.4889e-02
6510.1099 2.1748e-02
6512.0625 1.1183e-02
6514.0166 1.6342e-02
6515.9702 1.7034e-02
6517.9258 1.8840e-02
6519.8809 1.0230e-02
6521.8364 9.0079e-03
6523.7930 1.7880e-02
6525.7505 1.4082e-02
6527.7075 1.9496e-02
6529.6665 2.2112e-02
6531.6255 1.6211e-02
6533.5845 1.8630e-02
6535.5449 1.3061e-02
6537.5054 1.8923e-02
6539.4668 1.8028e-02
6541.4282 1.8122e-02
6543.3911 1.1679e-02
6545.3545 1.1102e-02
6547.3179 2.0502e-02
6549.2817 1.5538e-02
6551.2466 2.0088e-02
6553.2124 1.7590e-02
6555.1777 1.3496e-02
6557.1445 1.0949e-02
6559.1113 8.1508e-03
6561.0796 1.3021e-02
6563.0479 1.4923e-02
6565.0166 1.8881e-02
6566.9863 2.2228e-02
6568.9561 9.3286e-03
6570.9268 2.0616e-02
6572.8979 1.2308e-02
6574.8701 1.4271e-02
6576.8423 2.2650e-02
6578.8154 1.7358e-02
6580.7896 1.3912e-02
6582.7632 1.3692e-02
6584.7383 1.3845e-02
6586.7139 1.7227e-02
6588.6895 1.6737e-02
6590.6660 1.8945e-02
6592.6431 1.0971e-02
6594.6211 6.9561e-03
6596.5996 9.2229e-03
6598.5791 1.2997e-02
6600.5581 1.6401e-02
6602.5386 1.9352e-02
6604.5190 1.2508e-02
6606.5005 1.7669e-02
6608.4824 1.1540e-02
6610.4648 8.1387e-03
6612.4482 2.2290e-02
6614.4326 2.0163e-02
6616.4160 1.5750e-02
6618.4009 1.6820e-02
6620.3867 1.9162e-02
6622.3730 1.5601e-02
6624.3594 2.3024e-02
6626.3467 1.5251e-02
6628.3350 1.4219e-02
6630.3232 1.6546e-02
6632.3125 2.6225e-02
6634.3022 1.5291e-02
6636.2920 2.4082e-02
6638.2827 1.2425e-02
6640.2744 1.5324e-02
6642.2671 1.7491e-02
6644.2593 1.2851e-02
6646.2529 2.3054e-02
6648.2471 1.3241e-02
6650.2412 1.8448e-02
6652.2358 1.6833e-02
6654.2314 8.6345e-03
6656.2280 1.2862e-02
6658.2251 1.3516e-02
6660.2222 1.2338e-02
6662.2207 8.9518e-03
6664.2197 1.3157e-02
6666.2178 1.3237e-02
6668.2178 1.7454e-02
6670.2188 1.4672e-02
6672.2192 2.0443e-02
6674.2212 1.6533e-02
6676.2241 2.1582e-02
6678.2266 1.1944e-02
6680.2300 1.5943e-02
6682.2334 6.4217e-03
6684.2388 7.2959e-03
6686.2446 1.5081e-02
6688.2500 1.6961e-02
6690.2563 2.0898e-02
6692.2627 1.7146e-02
6694.2715 1.1953e-02
6696.2793 1.5386e-02
6698.2881 2.1241e-02
6700.2979 1.6714e-02
6702.3081 1.5161e-02
6704.3188 1.6898e-02
6706.3301 6.8042e-03
6708.3418 1.7539e-02
6710.3545 2.0417e-02
6712.3672 2.1973e-02
6714.3809 1.6270e-02
6716.3955 1.3767e-02
6718.4106 8.5920e-03
6720.4263 8.6657e-03
6722.4419 1.8377e-02
6724.4585 1.5822e-02
6726.4756 1.1450e-02
6728.4946 1.5293e-02
6730.5127 2.0445e-02
6732.5312 1.4167e-02
6734.5513 1.9453e-02
6736.5718 5.0674e-03
6738.5923 1.6430e-02
6740.6152 1.1199e-02
6742.6367 1.9146e-02
6744.6587 1.2445e-02
6746.6831 2.3318e-02
6748.7065 1.9115e-02
6750.7310 1.4062e-02
6752.7563 1.5635e-02
6754.7822 1.3000e-02
6756.8091 1.1646e-02
6758.8359 1.5749e-02
6760.8633 1.7236e-02
6762.8916 9.8552e-03
6764.9209 1.4731e-02
6766.9502 1.5589e-02
6768.9805 1.7169e-02
6771.0107 1.1576e-02
6773.0425 1.2334e-02
6775.0742 8.6141e-03
6777.1064 1.3997e-02
6779.1401 2.5752e-02
6781.1733 1.9400e-02
6783.2080 1.6700e-02
6785.2427 6.0194e-03
6787.2783 1.7139e-02
6789.3149 6.8498e-03
6791.3516 1.4465e-02
6793.3887 6.6748e-03
6795.4272 1.8808e-02
6797.4653 1.0342e-02
6799.5049 1.5063e-02
6801.5444 9.6382e-03
6803.5854 1.4980e-02
6805.6260 1.8392e-02
6807.6685 1.0817e-02
6809.7100 1.8807e-02
6811.7534 9.1921e-03
6813.7964 1.1166e-02
6815.8408 9.4624e-03
6817.8853 1.2057e-02
6819.9312 5.5297e-03
6821.9771 1.8038e-02
6824.0234 1.2344e-02
6826.0703 1.7658e-02
6828.1182 1.3052e-02
6830.1670 1.5975e-02
6832.2163 1.6822e-02
6834.2651 8.4462e-03
6836.3154 1.2279e-02
6838.3667 1.3411e-02
6840.4180 1.4049e-02
6842.4702 1.8212e-02
6844.5229 1.0169e-02
6846.5762 1.8294e-02
6848.6304 8.0459e-03
6850.6851 1.6156e-02
6852.7402 1.2809e-02
6854.7959 1.5300e-02
6856.8525 1.6298e-02
6858.9097 2.0720e-02
6860.9668 9.9559e-03
6863.0254 9.4229e-03
6865.0845 1.2775e-02
6867.1440 1.7326e-02
6869.2041 1.3022e-02
6871.2646 1.8592e-02
6873.3257 1.7539e-02
6875.3882 1.4173e-02
6877.4512 1.2800e-02
6879.5137 2.0380e-02
6881.5781 2.0114e-02
6883.6421 1.7778e-02
6885.7075 1.5839e-02
6887.7729 1.1131e-02
6889.8394 9.9288e-03
6891.9062 1.4731e-02
6893.9746 5.8193e-03
6896.0425 2.0230e-02
6898.1113 9.8671e-03
6900.1802 1.6991e-02
6902.2505 1.9721e-02
6904.3213 1.2131e-02
6906.3926 1.8506e-02
6908.4648 1.0495e-02
6910.5366 1.3063e-02
6912.6099 1.6874e-02
6914.6841 6.7691e-03
6916.7588 1.5679e-02
6918.8335 8.7310e-03
6920.9092 1.9729e-02
6922.9849 1.1439e-02
6925.0620 8.4366e-03
6927.1401 1.2526e-02
6929.2178 1.0889e-02
6931.2964 1.1834e-02
6933.3760 1.6383e-02
6935.4561 1.1793e-02
6937.5371 1.0343e-02
6939.6182 1.8886e-02
6941.7002 1.7856e-02
6943.7822 1.5786e-02
6945.8657 7.4276e-03
6947.9487 1.5852e-02
6950.0337 1.1487e-02
6952.1182 8.2955e-03
6954.2046 7.2784e-03
6956.2905 1.6417e-02
6958.3779 8.2034e-03
6960.4644 1.2369e-02
6962.5527 9.7581e-03
6964.6421 9.4611e-03
6966.7314 1.0485e-02
6968.8208 1.1198e-02
6970.9116 9.5676e-03
6973.0029 1.0220e-02
6975.0947 1.7102e-02
6977.1880 1.1948e-02
6979.2803 1.1495e-02
6981.3745 2.1664e-02
6983.4692 9.1748e-03
6985.5635 1.0603e-02
6987.6602 1.1785e-02
6989.7559 1.0203e-02
6991.8525 1.8610e-02
6993.9507 8.6516e-03
6996.0488 9.0752e-03
6998.1479 1.8364e-02
7000.2471 8.0028e-03
7002.3467 1.2778e-02
7004.4468 1.2748e-02
7006.5488 7.1578e-03
7008.6514 1.1543e-02
7010.7529 1.9685e-02
7012.8564 1.1103e-02
7014.9609 2.4549e-02
7017.0654 1.9700e-02
7019.1699 7.9172e-03
7021.2759 1.0798e-02
7023.3823 6.3422e-03
7025.4893 1.4719e-02
7027.5977 1.5488e-02
7029.7051 7.5647e-03
7031.8145 9.2273e-03
7033.9238 6.3075e-03
7036.0337 1.8336e-02
7038.1450 6.3935e-03
7040.2559 1.6082e-02
7042.3687 1.2258e-02
7044.4805 1.4964e-02
7046.5938 1.2710e-02
7048.7080 5.6442e-03
7050.8228 1.7685e-02
7052.9385 1.2750e-02
7055.0542 1.1466e-02
7057.1704 1.7398e-02
7059.2881 8.7973e-03
7061.4053 1.2842e-02
7063.5234 1.0302e-02
7065.6431 1.6989e-02
7067.7627 1.6554e-02
7069.8828 1.2122e-02
7072.0039 1.0105e-02
7074.1255 9.9297e-03
7076.2476 7.5040e-03
7078.3706 1.2621e-02
7080.4937 8.5234e-03
7082.6187 7.3616e-03
7084.7432 1.5248e-02
7086.8687 7.0363e-03
7088.9946 1.4860e-02
7091.1216 1.4623e-02
7093.2490 8.8854e-03
7095.3765 6.7374e-03
7097.5049 1.7693e-02
7099.6348 1.0974e-02
7101.7642 6.4772e-03
7103.8945 9.3330e-03
7106.0264 2.1086e-02
7108.1582 1.5790e-02
7110.2905 1.1809e-02
7112.4229 5.8913e-03
7114.5571 1.3519e-02
7116.6914 1.2762e-02
7118.8262 1.3868e-02
7120.9619 9.2521e-03
7123.0986 1.0801e-02
7125.2354 8.2313e-03
7127.3730 5.6133e-03
7129.5112 7.7350e-03
7131.6499 1.9622e-02
7133.7896 1.1718e-02
7135.9292 1.5762e-02
7138.0703 1.6166e-02
7140.2119 1.7388e-02
7142.3540 8.5547e-03
7144.4966 1.6834e-02
7146.6396 1.0899e-02
7148.7842 9.3060e-03
7150.9287 6.6493e-03
7153.0742 6.9277e-03
7155.2197 1.0209e-02
7157.3667 1.2125e-02
7159.5137 1.2632e-02
7161.6616 9.8667e-03
7163.8101 1.8668e-02
7165.9590 1.3092e-02
7168.1089 6.6302e-03
7170.2593 1.0650e-02
7172.4102 9.2648e-03
7174.5625 8.1378e-03
7176.7144 4.8611e-03
7178.8672 6.0106e-03
7181.0210 9.1916e-03
7183.1753 1.1175e-02
7185.3306 1.2926e-02
7187.4858 9.3982e-03
7189.6421 7.7671e-03
7191.7988 9.6363e-03
7193.9565 4.9619e-03
7196.1147 1.5046e-02
7198.2734 7.1130e-03
7200.4336 7.9199e-03
7202.5928 8.6861e-03
7204.7539 1.9885e-02
7206.9155 1.2975e-02
7209.0771 1.5630e-02
7211.2402 1.1018e-02
7213.4033 5.9903e-03
7215.5674 1.0170e-02
7217.7324 1.7761e-02
7219.8979 1.3779e-02
7222.0635 2.0856e-02
7224.2300 9.7866e-03
7226.3979 1.6384e-02
7228.5654 1.6881e-02
7230.7334 1.1852e-02
7232.9033 1.4832e-02
7235.0728 9.7610e-03
7237.2432 1.3028e-02
7239.4150 9.9431e-03
7241.5864 1.1900e-02
7243.7593 1.2245e-02
7245.9321 4.9341e-03
7248.1060 1.1773e-02
7250.2803 1.0831e-02
7252.4551 1.0602e-02
7254.6313 1.3801e-02
7256.8076 1.7949e-02
7258.9849 1.3354e-02
7261.1626 1.0308e-02
7263.3408 1.5808e-02
7265.5200 7.4755e-03
7267.6992 1.6680e-02
7269.8799 7.2878e-03
7272.0605 1.2426e-02
7274.2422 1.7539e-02
7276.4243 1.0799e-02
7278.6069 1.4514e-02
7280.7910 1.2728e-02
7282.9751 1.4524e-02
7285.1602 9.6861e-03
7287.3452 2.1972e-02
7289.5317 1.1230e-02
7291.7188 1.5462e-02
7293.9067 1.0697e-02
7296.0947 8.0488e-03
7298.2832 1.3862e-02
7300.4727 4.9342e-03
7302.6631 1.1273e-02
7304.8540 1.1738e-02
7307.0454 1.2041e-02
7309.2373 5.7346e-03
7311.4292 1.3443e-02
7313.6235 1.5954e-02
7315.8179 1.4727e-02
7318.0122 7.5894e-03
7320.2075 1.1944e-02
7322.4038 8.6488e-03
7324.6001 8.3325e-03
7326.7979 1.0459e-02
7328.9961 1.9594e-02
7331.1943 8.7822e-03
7333.3936 1.6123e-02
7335.5938 8.3678e-03
7337.7944 1.1595e-02
7339.9956 8.5145e-03
7342.1982 1.6950e-02
7344.4004 8.9282e-03
7346.6035 5.6234e-03
7348.8081 1.2990e-02
7351.0127 1.0345e-02
7353.2183 1.7048e-02
7355.4238 8.1380e-03
7357.6304 9.1411e-03
7359.8374 4.2198e-03
7362.0459 1.2244e-02
7364.2549 2.0482e-02
7366.4634 8.4861e-03
7368.6738 6.9508e-03
7370.8838 1.0910e-02
7373.0957 1.1901e-02
7375.3071 1.0417e-02
7377.5200 8.7941e-03
7379.7334 6.3413e-03
7381.9473 1.1804e-02
7384.1616 1.3780e-02
7386.3770 1.2750e-02
7388.5928 9.6319e-03
7390.8096 7.7226e-03
7393.0264 1.0381e-02
7395.2446 8.4833e-03
7397.4639 1.0736e-02
7399.6826 1.2525e-02
7401.9023 1.7150e-02
7404.1230 1.2917e-02
7406.3438 1.4718e-02
7408.5654 1.6560e-02
7410.7886 1.3403e-02
7413.0122 1.2535e-02
7415.2354 1.1081e-02
7417.4604 5.8708e-03
7419.6855 1.2576e-02
7421.9116 1.2246e-02
7424.1382 5.3219e-03
7426.3652 1.1359e-02
7428.5933 6.7829e-03
7430.8218 5.4313e-03
7433.0513 1.2454e-02
7435.2808 5.7411e-03
7437.5117 7.4722e-03
7439.7432 8.1133e-03
7441.9741 1.7120e-02
7444.2070 9.4900e-03
7446.4404 3.0672e-03
7448.6748 1.2210e-02
7450.9097 6.8827e-03
7453.1440 7.2517e-03
7455.3809 6.8326e-03
7457.6167 1.6261e-02
7459.8545 1.1720e-02
7462.0923 8.4121e-03
7464.3306 5.4419e-03
7466.5698 1.0044e-02
7468.8096 1.5040e-02
7471.0503 6.5853e-03
7473.2920 6.7116e-03
7475.5342 9.3197e-03
7477.7769 1.3840e-02
7480.0205 1.0613e-02
7482.2637 1.1794e-02
7484.5088 9.1163e-03
7486.7539 5.8397e-03
7489.0000 1.2005e-02
7491.2471 9.0933e-03
7493.4937 1.1246e-02
7495.7422 1.2495e-02
7497.9912 1.4868e-02
7500.2402 1.2638e-02
7502.4902 1.0152e-02
7504.7412 9.4191e-03
7506.9927 1.0083e-02
7509.2441 7.0048e-03
7511.4976 4.3758e-03
7513.7510 7.9514e-03
7516.0044 7.5463e-03
7518.2593 7.1213e-03
7520.5151 1.1225e-02
7522.7715 1.3666e-02
7525.0283 1.2478e-02
7527.2861 1.3137e-02
7529.5439 1.4714e-02
7531.8027 1.2132e-02
7534.0620 1.1150e-02
7536.3228 1.2896e-02
7538.5835 5.1611e-03
7540.8447 8.6843e-03
7543.1074 1.4801e-02
7545.3706 1.3818e-02
7547.6338 2.3219e-03
7549.8984 9.1552e-03
7552.1626 6.8461e-03
7554.4292 1.5576e-02
7556.6948 9.8199e-03
7558.9619 1.1639e-02
7561.2295 8.1692e-03
7563.4976 1.6881e-02
7565.7671 5.2102e-03
7568.0366 1.1301e-02
7570.3071 9.8358e-03
7572.5786 2.4952e-02
7574.8511 1.2252e-02
7577.1230 1.0133e-02
7579.3960 1.1236e-02
7581.6694 1.3656e-02
7583.9443 1.8095e-02
7586.2192 1.5252e-02
7588.4956 9.9155e-03
7590.7715 6.6157e-03
7593.0488 1.5649e-02
7595.3262 1.2466e-02
7597.6060 2.0573e-02
7599.8843 9.5576e-03
7602.1641 4.8949e-03
7604.4448 7.3872e-03
7606.7271 5.9211e-03
7609.0093 7.3820e-03
7611.2910 4.5502e-03
7613.5752 9.1150e-03
7615.8589 1.5579e-02
7618.1440 1.7186e-02
7620.4292 7.4118e-03
7622.7153 1.0130e-02
7625.0020 8.3526e-03
7627.2896 1.4957e-02
7629.5781 8.7910e-03
7631.8662 5.8544e-03
7634.1562 7.9512e-03
7636.4468 6.2578e-03
7638.7378 9.1918e-03
7641.0288 7.2418e-03
7643.3213 6.5946e-03
7645.6138 7.2453e-03
7647.9072 6.4232e-03
7650.2021 7.7325e-03
7652.4971 1.6641e-03
7654.7935 9.9597e-03
7657.0894 5.2334e-03
7659.3867 1.2801e-02
7661.6846 6.5913e-03
7663.9829 5.2756e-03
7666.2817 1.2197e-02
7668.5825 3.5359e-03
7670.8823 5.7387e-03
7673.1841 1.2980e-02
7675.4854 9.3225e-03
7677.7891 1.1526e-02
7680.0918 1.2851e-02
7682.3960 5.6535e-03
7684.7002 3.7067e-03
7687.0059 9.6736e-03
7689.3125 2.9222e-03
7691.6191 4.8373e-03
7693.9268 1.2569e-02
7696.2344 9.9716e-03
7698.5430 6.0546e-03
7700.8530 1.1177e-02
7703.1631 1.1158e-02
7705.4746 6.4747e-03
7707.7856 3.1951e-03
7710.0981 1.0407e-02
7712.4111 4.1232e-03
7714.7251 4.7684e-03
7717.0391 1.1990e-02
7719.3540 7.3921e-03
7721.6699 1.0900e-02
7723.9868 6.4187e-03
7726.3042 1.4377e-02
7728.6216 5.0361e-03
7730.9409 8.8714e-03
7733.2593 9.6994e-03
7735.5796 1.1967e-02
7737.9004 1.0960e-02
7740.2217 1.0008e-02
7742.5435 1.6941e-02
7744.8662 7.8565e-03
7747.1895 8.5237e-03
7749.5142 1.4295e-02
7751.8394 1.4261e-02
7754.1650 1.0081e-02
7756.4907 7.5996e-03
7758.8174 8.9529e-03
7761.1450 8.7802e-03
7763.4736 1.5023e-02
7765.8022 4.5258e-03
7768.1323 4.2989e-03
7770.4634 2.5777e-03
7772.7944 1.2509e-02
7775.1260 6.7885e-03
7777.4585 9.7365e-03
7779.7915 7.8304e-03
7782.1260 1.3350e-02
7784.4604 4.9758e-03
7786.7954 9.1004e-03
7789.1318 8.8141e-03
7791.4683 1.0048e-02
7793.8062 8.2349e-03
7796.1436 7.7865e-03
7798.4824 4.9885e-03
7800.8218 1.3278e-02
7803.1626 7.6112e-03
7805.5034 1.1406e-02
7807.8447 1.2619e-02
7810.1880 7.2178e-03
7812.5303 1.0821e-02
7814.8745 4.0659e-03
7817.2192 7.7566e-03
7819.5640 1.1117e-02
7821.9106 1.5387e-02
7824.2559 8.9997e-03
7826.6040 1.3583e-02
7828.9521 7.7075e-03
7831.3003 5.6699e-03
7833.6499 6.6082e-03
7835.9995 9.2493e-03
7838.3511 1.1235e-02
7840.7021 1.2205e-02
7843.0547 9.2745e-03
7845.4077 7.3973e-03
7847.7603 1.9703e-03
7850.1152 1.0296e-02
7852.4702 9.2822e-03
7854.8262 6.6230e-03
7857.1821 1.4430e-02
7859.5396 7.4443e-03
7861.8975 1.0578e-02
7864.2559 4.0866e-03
7866.6157 8.5893e-03
7868.9756 1.2599e-02
7871.3359 3.5375e-03
7873.6978 9.7030e-03
7876.0601 7.5904e-03
7878.4224 8.1633e-03
7880.7856 7.5506e-03
7883.1509 3.7519e-03
7885.5151 9.1985e-03
7887.8809 3.4053e-03
7890.2476 1.1545e-02
7892.6147 1.3031e-02
7894.9814 1.2366e-02
7897.3501 5.9680e-03
7899.7192 8.8183e-03
7902.0898 1.4212e-02
7904.4604 6.5047e-03
7906.8311 7.4134e-03
7909.2036 6.0838e-03
7911.5767 8.6064e-03
7913.9497 9.2674e-03
7916.3247 6.0924e-03
7918.6987 4.0702e-03
7921.0742 9.0309e-03
7923.4512 7.2100e-03
7925.8276 1.3272e-02
7928.2051 6.5942e-03
7930.5845 4.3813e-03
7932.9634 8.1704e-03
7935.3433 8.7425e-03
7937.7236 1.3104e-02
7940.1050 8.1202e-03
7942.4873 8.6288e-03
7944.8701 1.1846e-02
7947.2529 8.8054e-03
7949.6377 7.6792e-03
7952.0225 5.1892e-03
7954.4082 9.4074e-03
7956.7949 4.5417e-03
7959.1807 1.1287e-02
7961.5688 1.2660e-02
7963.9580 9.7374e-03
7966.3462 6.0611e-03
7968.7368 4.2120e-03
7971.1274 6.1988e-03
7973.5181 1.0693e-02
7975.9111 1.2589e-02
7978.3032 1.9598e-02
7980.6973 1.0410e-02
7983.0908 4.4550e-03
7985.4858 6.2571e-03
7987.8823 4.2369e-03
7990.2778 5.5935e-03
7992.6748 5.3629e-03
7995.0728 1.1107e-02
7997.4717 9.5904e-03
7999.8711 6.9115e-03
8002.2710 4.9988e-03
8004.6709 4.7731e-03
8007.0723 1.0288e-02
8009.4746 4.0785e-03
8011.8779 9.5162e-03
8014.2812 4.8141e-03
8016.6855 5.1496e-03
8019.0903 7.8780e-03
8021.4966 1.0042e-02
8023.9028 3.0575e-03
8026.3105 3.0876e-03
8028.7173 6.2645e-03
8031.1260 7.3813e-03
8033.5361 1.2738e-02
8035.9458 1.1097e-02
8038.3569 5.2218e-03
8040.7681 1.8766e-03
8043.1807 7.0216e-03
8045.5933 6.1006e-03
8048.0068 6.9791e-03
8050.4214 8.8915e-03
8052.8364 4.9474e-03
8055.2520 3.8259e-03
8057.6689 1.0951e-02
8060.0864 1.0861e-02
8062.5049 5.7503e-03
8064.9229 8.4459e-03
8067.3423 1.2093e-02
8069.7632 4.1654e-03
8072.1836 5.7845e-03
8074.6050 8.1997e-03
8077.0278 8.9120e-03
8079.4507 8.6541e-03
8081.8745 4.9222e-03
8084.2988 6.3457e-03
8086.7251 7.4375e-03
8089.1509 6.5911e-03
8091.5771 8.0591e-03
8094.0049 3.7598e-03
8096.4331 3.7796e-03
8098.8618 7.7844e-03
8101.2910 1.5100e-02
8103.7217 6.6340e-03
8106.1528 1.2154e-02
8108.5845 5.4496e-03
8111.0171 4.4014e-03
8113.4502 8.4503e-03
8115.8843 1.2395e-02
8118.3188 4.7795e-03
8120.7549 7.0321e-03
8123.1914 6.9171e-03
8125.6284 1.0129e-02
8128.0659 5.7012e-03
8130.5049 3.2598e-03
8132.9438 1.7350e-03
8135.3833 5.1289e-03
8137.8237 6.2681e-03
8140.2651 9.2788e-03
8142.7075 5.4131e-03
8145.1504 7.7725e-03
8147.5938 9.6291e-03
8150.0376 8.8216e-03
8152.4834 1.0689e-02
8154.9292 6.8012e-03
8157.3750 7.8273e-03
8159.8228 7.2029e-03
8162.2705 6.0933e-03
8164.7192 6.5441e-03
8167.1685 6.9023e-03
8169.6187 1.1448e-02
8172.0693 8.5658e-03
8174.5210 5.8778e-03
8176.9736 8.2614e-03
8179.4268 8.7590e-03
8181.8809 4.0460e-03
8184.3350 5.9641e-03
8186.7900 4.9075e-03
8189.2456 1.8280e-03
8191.7031 8.3699e-03
8194.1602 8.0845e-03
8196.6191 2.0646e-03
8199.0781 5.8858e-03
8201.5371 3.4552e-03
8203.9980 5.9789e-03
8206.4590 5.7497e-03
8208.9219 5.4852e-03
8211.3838 3.7051e-03
8213.8477 6.2391e-03
8216.3115 4.6068e-03
8218.7764 6.1173e-03
8221.2422 3.4998e-03
8223.7090 8.5783e-03
8226.1758 2.9662e-03
8228.6436 2.5220e-03
8231.1123 5.3654e-03
8233.5811 9.8948e-03
8236.0518 3.3777e-03
8238.5215 3.2608e-03
8240.9932 6.5966e-03
8243.4658 4.1916e-03
8245.9395 2.9566e-03
8248.4131 4.9000e-03
8250.8877 5.7805e-03
8253.3623 1.2460e-02
8255.8389 0.0000e+00
8258.3154 2.5932e-03
8260.7920 2.0073e-03
8263.2715 3.9193e-03
8265.7500 7.2977e-03
8268.2305 3.4944e-03
8270.7100 2.1778e-03
8273.1914 3.8744e-03
8275.6738 7.0023e-03
8278.1553 7.2056e-03
8280.6396 6.9216e-03
8283.1240 6.0286e-03
8285.6094 6.5284e-03
8288.0947 8.4810e-03
8290.5811 8.1660e-03
8293.0674 7.1422e-03
8295.5557 5.2432e-03
8298.0449 5.8877e-03
8300.5352 1.9441e-03
8303.0234 5.7270e-03
8305.5156 9.9597e-03
8308.0068 6.2980e-03
8310.5000 1.2993e-03
8312.9922 4.8334e-03
8315.4863 2.0425e-03
8317.9805 4.2884e-03
8320.4766 8.0425e-04
8322.9717 5.5282e-03
8325.4697 4.6604e-03
8327.9668 5.1578e-03
8330.4658 8.5851e-03
8332.9639 3.5076e-03
8335.4648 5.1365e-03
8337.9648 2.3890e-03
8340.4668 5.4548e-03
8342.9688 4.5944e-03
8345.4717 7.7908e-03
8347.9746 4.7052e-03
8350.4795 6.8197e-03
8352.9844 2.1422e-03
8355.4902 4.3224e-03
8357.9971 2.2980e-03
8360.5039 6.1320e-03
8363.0127 3.2895e-03
8365.5215 3.7008e-03
8368.0312 3.4535e-03
8370.5420 9.1885e-04
8373.0527 4.0690e-03
8375.5654 5.4649e-03
8378.0771 4.3798e-03
8380.5908 9.1134e-03
8383.1045 5.6578e-03
8385.6191 4.7819e-03
8388.1348 7.9908e-03
8390.6523 5.4679e-03
8393.1689 7.9698e-05
8395.6865 2.1638e-03
8398.2061 6.9326e-03
8400.7246 4.5445e-03
8403.2461 2.9583e-03
8405.7666 4.0239e-03
8408.2881 1.0468e-02
8410.8105 5.0915e-03
8413.3340 1.8723e-03
8415.8584 4.9001e-03
8418.3818 6.8349e-03
8420.9082 7.2026e-03
8423.4346 6.2295e-03
8425.9609 4.7371e-03
8428.4893 2.2883e-03
8431.0186 6.7894e-03
8433.5479 3.0916e-03
8436.0771 3.4043e-03
8438.6074 4.3313e-03
8441.1396 3.4145e-03
8443.6729 8.9651e-04
8446.2051 1.0124e-02
8448.7383 8.0652e-03
8451.2734 5.3185e-03
8453.8086 2.9157e-03
8456.3457 7.2847e-03
8458.8828 6.2017e-03
8461.4199 4.7356e-03
8463.9580 3.7467e-03
8466.4971 2.8275e-03
8469.0371 4.2459e-03
8471.5781 6.5171e-03
8474.1191 4.8448e-03
8476.6621 2.1708e-03
8479.2051 5.6506e-03
8481.7480 3.8369e-03
8484.2930 5.5239e-03
8486.8379 3.9142e-03
8489.3848 6.6632e-03
8491.9316 6.4730e-03
8494.4795 3.4300e-03
8497.0264 8.8319e-03
8499.5762 2.6087e-03
8502.1260 3.8005e-03
8504.6777 1.0741e-02
8507.2285 4.3341e-03
8509.7803 6.9944e-03
8512.3330 2.8719e-03
8514.8857 1.1840e-02
8517.4414 4.2568e-03
8519.9961 8.0506e-03
8522.5527 6.4037e-03
8525.1094 4.4560e-03
8527.6670 4.5939e-03
8530.2246 5.5583e-03
8532.7842 9.4910e-03
8535.3438 7.9317e-03
8537.9053 8.7485e-03
8540.4668 7.3673e-03
8543.0273 2.4064e-03
8545.5908 5.0342e-03
8548.1543 6.7456e-03
8550.7188 1.1793e-02
8553.2842 5.8321e-03
8555.8496 4.1610e-03
8558.4170 3.0067e-03
8560.9844 2.3225e-03
8563.5527 4.9349e-03
8566.1221 9.0326e-03
8568.6914 8.1433e-03
8571.2617 6.9834e-03
8573.8350 8.2976e-03
8576.4062 7.6407e-03
8578.9785 7.3245e-03
8581.5527 5.1367e-03
8584.1270 2.2307e-03
8586.7031 5.6680e-03
8589.2783 6.2605e-03
8591.8555 1.9242e-03
8594.4326 1.0670e-02
8597.0117 9.3812e-03
8599.5898 7.1039e-03
8602.1699 4.0573e-03
8604.7500 5.2198e-03
8607.3320 6.8384e-03
8609.9150 5.0929e-03
8612.4971 6.0052e-03
8615.0811 4.8173e-03
8617.6660 1.2584e-02
8620.2500 2.3629e-03
8622.8369 6.1481e-03
8625.4229 3.0884e-03
8628.0117 1.3618e-02
8630.6006 9.6376e-03
8633.1885 6.5820e-03
8635.7793 1.9434e-03
8638.3711 7.2331e-03
8640.9609 1.4973e-02
8643.5527 3.6664e-03
8646.1465 1.1818e-02
8648.7393 1.1939e-02
8651.3350 7.3020e-03
8653.9307 8.9010e-03
8656.5264 4.4552e-03
8659.1230 7.1204e-03
8661.7207 1.0430e-02
8664.3203 1.0796e-02
8666.9189 7.9243e-03
8669.5186 1.3074e-02
8672.1201 7.9520e-03
8674.7217 7.6437e-03
8677.3242 6.0427e-03
8679.9277 7.6245e-03
8682.5312 7.6919e-03
8685.1367 1.6691e-03
8687.7412 8.9384e-03
8690.3477 5.4716e-03
8692.9551 2.4282e-03
8695.5625 1.1581e-02
8698.1709 8.3257e-03
8700.7803 6.1203e-03
8703.3916 8.2602e-03
8706.0020 8.3644e-03
8708.6133 8.0353e-03
8711.2266 1.0681e-02
8713.8398 6.9467e-03
8716.4541 1.0022e-02
8719.0684 1.3465e-02
8721.6846 5.8785e-03
8724.3018 4.5195e-03
8726.9189 2.9450e-03
8729.5371 1.0878e-02
8732.1553 1.1476e-02
8734.7754 7.3979e-03
8737.3955 6.0605e-03
8740.0166 8.7669e-03
8742.6387 6.4306e-03
8745.2607 1.2557e-02
8747.8848 4.2019e-03
8750.5098 1.1205e-02
8753.1348 5.2332e-03
8755.7607 1.4529e-02
8758.3867 6.8010e-03
8761.0146 2.8850e-03
8763.6436 1.2782e-02
8766.2715 1.1455e-02
8768.9023 1.0099e-02
8771.5322 9.6688e-03
8774.1641 1.3892e-02
8776.7959 1.1825e-02
8779.4287 4.0673e-03
8782.0635 2.0607e-03
8784.6982 8.8672e-03
8787.3330 2.2706e-03
8789.9697 4.7148e-03
8792.6074 1.0015e-02
8795.2451 3.9899e-03
8797.8838 5.2794e-03
8800.5234 6.4750e-03
8803.1621 5.0909e-03
8805.8027 1.3312e-02
8808.4453 9.9472e-03
8811.0879 7.3813e-03
8813.7314 5.1831e-03
8816.3750 5.0016e-03
8819.0205 6.0174e-03
8821.6660 1.0084e-02
8824.3125 1.1339e-02
8826.9590 9.5380e-03
8829.6084 4.3082e-03
8832.2568 1.1171e-02
8834.9062 6.6039e-03
8837.5557 8.8500e-03
8840.2080 7.1795e-03
8842.8594 4.8281e-03
8845.5127 4.7109e-03
8848.1670 3.8685e-03
8850.8213 6.9190e-03
8853.4766 5.8639e-03
8856.1328 1.0960e-02
8858.7881 6.1057e-03
8861.4463 7.7710e-03
8864.1045 4.0145e-03
8866.7646 9.1508e-03
8869.4238 8.7762e-03
8872.0850 1.4585e-02
8874.7471 5.4602e-03
8877.4092 6.6231e-03
8880.0732 8.4704e-03
8882.7373 1.2587e-02
8885.4014 6.5541e-03
8888.0674 2.3302e-03
8890.7334 1.1943e-02
8893.4004 6.1862e-03
8896.0684 1.0467e-02
8898.7373 1.0948e-02
8901.4072 2.1809e-03
8904.0771 6.1937e-03
8906.7480 4.9046e-03
8909.4199 3.4871e-03
8912.0938 2.9267e-03
8914.7676 6.1298e-04
8917.4414 6.2931e-03
8920.1172 7.6256e-03
8922.7930 6.4670e-03
8925.4697 4.9506e-03
8928.1475 9.9393e-03
8930.8262 1.0719e-02
8933.5049 5.4153e-03
8936.1855 9.4230e-03
8938.8652 6.0091e-03
8941.5469 9.8174e-03
8944.2295 9.2701e-03
8946.9141 1.3208e-02
8949.5977 7.9008e-03
8952.2822 6.3819e-03
8954.9678 2.8560e-03
8957.6553 2.6239e-03
8960.3418 1.3813e-02
8963.0293 7.7641e-03
8965.7178 1.1595e-02
8968.4082 4.2432e-03
8971.0986 7.5152e-03
8973.7910 6.3582e-03
8976.4824 6.7490e-03
8979.1748 6.4288e-03
8981.8691 5.3278e-03
8984.5635 6.6355e-03
8987.2588 7.0468e-03
8989.9551 5.4628e-03
8992.6523 5.9995e-03
8995.3506 4.3030e-03
8998.0488 8.5237e-03
9000.7480 8.0815e-03
9003.4482 1.4032e-02
9006.1494 6.4296e-03
9008.8516 5.0781e-03
9011.5537 7.3590e-03
9014.2578 5.0726e-03
9016.9609 4.4596e-03
9019.6660 1.1476e-02
9022.3721 5.0548e-03
9025.0791 1.0175e-02
9027.7871 6.5156e-03
9030.4951 9.1177e-03
9033.2051 4.4626e-03
9035.9150 3.6955e-03
9038.6260 9.2443e-03
9041.3369 7.6580e-03
9044.0498 1.5924e-03
9046.7627 8.7502e-03
9049.4766 8.0407e-03
9052.1914 4.2519e-03
9054.9072 5.4919e-03
9057.6240 7.9538e-03
9060.3398 6.4044e-03
9063.0586 9.6861e-03
9065.7773 4.9848e-03
9068.4971 4.0903e-03
9071.2168 7.2610e-03
9073.9395 5.5193e-03
9076.6611 8.2281e-03
9079.3848 6.8270e-03
9082.1074 4.7301e-03
9084.8330 2.2972e-03
9087.5576 2.7116e-03
9090.2832 6.4064e-03
9093.0117 1.0439e-02
9095.7393 3.9490e-03
9098.4688 2.8207e-03
9101.1973 8.6401e-03
9103.9287 1.1226e-02
9106.6592 1.0315e-02
9109.3906 4.3917e-03
9112.1250 8.1017e-03
9114.8584 5.2326e-03
9117.5928 5.6494e-03
9120.3271 5.3884e-03
9123.0635 5.2723e-03
9125.8008 5.8807e-03
9128.5391 5.2767e-03
9131.2764 5.6288e-03
9134.0156 3.9673e-03
9136.7568 1.1776e-02
9139.4980 8.8069e-03
9142.2383 6.4684e-03
9144.9814 4.5077e-03
9147.7266 3.5461e-03
9150.4707 9.2497e-04
9153.2158 5.7901e-03
9155.9609 4.3964e-03
9158.7070 6.9272e-03
9161.4551 8.8114e-03
9164.2041 4.2995e-03
9166.9531 8.2114e-03
9169.7031 1.5246e-03
9172.4541 2.1246e-03
9175.2051 2.5306e-03
9177.9580 4.7996e-03
9180.7109 3.6515e-03
9183.4668 3.9950e-03
9186.2207 8.6478e-03
9188.9766 4.5037e-03
9191.7334 7.7403e-03
9194.4912 6.8921e-03
9197.2490 4.6444e-03
9200.0088 3.0361e-03
9202.7686 3.5190e-03
9205.5293 7.0836e-03
9208.2920 1.2063e-02
9211.0527 7.9988e-03
9213.8164 3.0381e-03
9216.5811 3.6698e-03
9219.3467 6.2576e-03
9222.1113 6.4047e-03
9224.8789 6.9387e-03
9227.6455 9.0431e-03
9230.4141 5.0598e-03
9233.1836 7.4746e-03
9235.9531 4.3760e-03
9238.7246 6.1947e-03
9241.4951 6.0549e-03
9244.2686 7.1455e-03
9247.0410 5.4473e-03
9249.8154 5.4148e-03
9252.5908 1.7396e-03
9255.3652 3.7433e-03
9258.1426 3.4707e-03
9260.9209 7.6696e-03
9263.6992 1.6217e-03
9266.4775 5.5858e-03
9269.2568 4.4104e-03
9272.0381 4.0880e-03
9274.8203 1.0034e-03
9277.6025 4.2693e-03
9280.3857 2.6290e-03
9283.1709 9.2960e-03
9285.9541 3.7707e-03
9288.7402 5.5358e-03
9291.5264 5.0683e-03
9294.3135 6.3070e-03
9297.1025 4.5845e-03
9299.8926 1.8606e-03
9302.6816 4.9260e-03
9305.4727 4.2299e-03
9308.2646 3.9263e-03
9311.0566 3.5757e-03
9313.8506 5.2636e-03
9316.6436 8.4248e-03
9319.4395 4.5946e-03
9322.2354 5.6244e-03
9325.0322 9.2285e-03
9327.8291 5.4692e-03
9330.6279 7.9431e-03
9333.4277 3.0836e-03
9336.2266 3.4647e-03
9339.0283 4.9125e-03
9341.8291 7.8258e-03
9344.6318 6.5281e-03
9347.4355 3.5492e-03
9350.2402 4.3852e-03
9353.0449 1.7377e-03
9355.8516 3.4094e-03
9358.6572 3.8607e-03
9361.4658 3.6996e-03
9364.2734 1.0027e-02
9367.0830 5.3685e-03
9369.8936 5.3734e-03
9372.7041 3.1722e-03
9375.5156 5.0206e-03
9378.3291 4.6160e-03
9381.1416 7.6472e-03
9383.9561 6.1375e-03
9386.7715 5.8815e-03
9389.5879 7.7121e-03
9392.4043 9.3448e-03
9395.2217 1.1399e-02
9398.0400 5.1062e-03
9400.8594 5.1065e-03
9403.6807 3.1094e-03
9406.5020 7.5858e-03
9409.3242 7.3835e-03
9412.1465 6.0109e-03
9414.9707 1.8891e-03
9417.7939 4.4432e-03
9420.6201 5.0807e-03
9423.4453 5.8239e-03
9426.2725 6.6936e-03
9429.1006 1.0390e-02
9431.9287 3.1657e-03
9434.7588 7.4433e-03
9437.5898 7.2695e-03
9440.4209 1.5020e-03
9443.2529 4.0724e-03
9446.0859 4.3443e-03
9448.9199 6.3435e-03
9451.7549 3.3184e-03
9454.5889 5.8137e-03
9457.4268 3.8875e-03
9460.2637 3.8612e-03
9463.1016 6.6360e-03
9465.9414 5.1660e-03
9468.7803 4.1557e-03
9471.6211 7.4241e-03
9474.4629 5.0617e-03
9477.3047 6.7041e-03
9480.1484 7.3837e-03
9482.9922 2.2819e-03
9485.8369 2.5524e-03
9488.6836 3.5445e-03
9491.5303 5.9778e-03
9494.3760 2.9338e-03
9497.2256 4.9531e-03
9500.0742 6.3146e-03
9502.9238 2.1950e-03
9505.7754 4.2939e-03
9508.6270 7.0697e-03
9511.4805 6.1713e-03
9514.3320 6.4524e-03
9517.1875 3.4148e-03
9520.0420 3.7142e-03
9522.8984 4.8971e-03
9525.7559 6.0972e-03
9528.6133 4.6709e-03
9531.4717 4.3882e-03
9534.3311 1.6011e-03
9537.1914 2.9580e-03
9540.0518 6.0678e-03
9542.9150 5.2267e-03
9545.7773 7.4184e-03
9548.6416 4.8834e-03
9551.5059 2.0654e-03
9554.3711 4.5056e-03
9557.2373 2.8389e-03
9560.1045 8.7604e-03
9562.9727 6.2453e-03
9565.8418 3.6338e-03
9568.7109 5.1137e-03
9571.5820 3.4867e-03
9574.4531 3.0916e-03
9577.3252 3.2542e-03
9580.1992 5.2415e-03
9583.0723 3.7428e-03
9585.9473 5.6980e-03
9588.8242 4.9154e-03
9591.7002 2.9513e-03
9594.5781 4.5481e-03
9597.4561 3.8738e-03
9600.3350 3.8451e-03
9603.2158 5.1760e-03
9606.0957 1.5228e-03
9608.9775 4.0444e-03
9611.8613 8.4932e-03
9614.7441 4.2269e-03
9617.6279 5.8600e-03
9620.5137 3.6906e-03
9623.4014 8.5993e-03
9626.2881 8.5797e-03
9629.1748 6.5490e-03
9632.0645 3.2011e-03
9634.9541 5.4314e-03
9637.8438 6.4314e-03
9640.7363 3.1319e-03
9643.6270 6.8928e-03
9646.5215 3.2122e-03
9649.4141 5.7615e-03
9652.3086 6.3751e-03
9655.2051 2.8708e-03
9658.1016 3.8115e-03
9660.9990 5.2999e-03
9663.8975 4.0260e-03
9666.7969 2.8646e-03
9669.6973 6.2944e-03
9672.5967 4.9448e-03
9675.5000 1.1230e-03
9678.4023 2.7373e-03
9681.3057 6.7969e-03
9684.2109 2.8394e-03
9687.1152 5.6963e-03
9690.0215 2.9941e-03
9692.9287 5.9618e-03
9695.8369 1.3197e-02
9698.7441 7.4803e-03
9701.6553 1.4627e-03
9704.5645 1.3086e-03
9707.4775 8.9220e-03
9710.3887 3.5557e-03
9713.3008 5.6744e-03
9716.2158 5.2434e-03
9719.1299 1.8057e-03
9722.0459 6.1767e-03
9724.9629 6.0177e-03
9727.8809 2.9341e-03
9730.7988 5.3326e-03
9733.7178 3.1284e-03
9736.6387 7.9372e-03
9739.5586 3.9641e-03
9742.4805 8.7492e-03
9745.4033 4.8792e-03
9748.3281 1.3524e-04
9751.2520 4.7063e-03
9754.1777 7.6823e-03
9757.1035 2.0951e-03
9760.0303 4.4508e-03
9762.9590 2.7769e-03
9765.8877 3.7157e-03
9768.8174 5.0689e-03
9771.7480 2.2985e-03
9774.6797 1.4418e-03
9777.6113 3.7730e-03
9780.5459 9.1470e-03
9783.4795 2.8951e-03
9786.4141 3.2388e-03
9789.3496 3.8321e-03
9792.2871 4.2540e-03
9795.2256 1.2822e-03
9798.1641 4.0602e-03
9801.1035 5.8156e-03
9804.0430 1.4359e-03
9806.9844 2.3933e-03
9809.9268 5.8299e-03
9812.8691 5.8851e-03
9815.8125 4.1592e-03
9818.7578 5.8767e-03
9821.7041 6.0581e-03
9824.6494 2.9591e-03
9827.5967 4.3862e-03
9830.5469 2.8613e-03
9833.4951 3.9090e-03
9836.4453 5.9498e-03
9839.3965 8.4080e-03
9842.3486 7.6914e-03
9845.2998 2.7621e-03
9848.2549 7.9793e-03
9851.2080 5.9941e-03
9854.1641 4.8286e-03
9857.1201 2.8208e-03
9860.0771 3.0778e-03
9863.0361 5.9268e-03
9865.9941 5.5914e-03
9868.9541 2.2880e-03
9871.9150 7.9192e-03
9874.8760 4.4918e-03
9877.8389 5.0500e-03
9880.8018 2.4490e-04
9883.7666 7.3883e-03
9886.7324 4.8579e-03
9889.6982 5.4834e-03
9892.6641 5.3311e-03
9895.6338 5.9430e-03
9898.6016 4.8024e-03
9901.5713 5.0075e-03
9904.5420 3.8354e-03
9907.5127 3.4120e-03
9910.4854 5.1916e-03
9913.4590 4.0434e-03
9916.4326 7.8940e-03
9919.4072 8.9357e-04
9922.3828 4.5076e-03
9925.3584 7.5657e-03
9928.3379 5.0014e-03
9931.3164 1.7312e-03
9934.2949 5.9572e-03
9937.2754 3.1479e-03
9940.2568 2.1015e-03
9943.2383 5.7522e-03
9946.2207 1.3852e-03
9949.2061 5.1835e-03
9952.1904 4.8615e-03
9955.1758 4.1166e-03
9958.1631 5.3207e-03
9961.1494 1.8048e-03
9964.1387 5.4387e-03
9967.1279 7.9803e-03
9970.1182 8.3163e-03
9973.1084 2.0601e-03
9976.1006 1.9004e-03
9979.0928 2.3580e-03
9982.0859 4.5977e-03
9985.0820 6.0132e-03
9988.0771 4.4352e-03
9991.0732 4.9564e-03
9994.0713 4.7919e-03
9997.0693 7.5801e-03
10000.0684 3.7289e-03
10003.0674 2.5341e-03
10006.0684 4.4205e-03
10009.0713 5.8817e-03
10012.0742 2.5420e-03
10015.0771 3.7277e-03
10018.0820 1.9758e-03
10021.0879 5.1762e-03
10024.0938 5.8752e-03
10027.1006 4.5224e-03
10030.1084 2.6674e-03
10033.1172 8.4311e-04
10036.1270 1.2625e-03
10039.1387 3.1304e-03
10042.1504 4.5122e-03
10045.1631 3.7542e-03
10048.1768 5.6203e-03
10051.1924 3.4689e-03
10054.2061 3.2854e-03
10057.2227 1.7334e-03
10060.2402 4.2058e-03
10063.2578 5.5113e-03
10066.2773 6.8533e-03
10069.2969 5.4435e-03
10072.3174 3.6435e-04
10075.3379 2.9915e-03
10078.3623 2.6002e-03
10081.3848 1.8376e-03
10084.4102 5.0792e-03
10087.4346 3.6427e-03
10090.4619 2.8090e-03
10093.4883 4.4484e-03
10096.5166 3.5137e-03
10099.5459 4.8206e-03
10102.5742 4.5208e-03
10105.6055 5.3998e-03
10108.6367 1.9695e-03
10111.6709 3.8422e-03
10114.7041 2.9012e-03
10117.7383 3.9242e-03
10120.7734 4.5794e-03
10123.8105 3.3231e-03
10126.8477 5.3975e-03
10129.8857 1.7916e-03
10132.9248 2.8746e-03
10135.9648 1.7777e-03
10139.0049 3.5838e-03
10142.0479 5.6345e-03
10145.0879 5.2670e-03
10148.1318 3.5656e-03
10151.1768 8.0435e-03
10154.2227 3.9611e-03
10157.2686 4.6292e-03
10160.3154 5.8800e-03
10163.3643 6.5484e-03
10166.4121 3.2285e-03
10169.4629 3.0081e-03
10172.5137 5.0118e-03
10175.5654 2.3544e-03
10178.6191 1.6453e-03
10181.6719 3.4185e-03
10184.7256 3.9735e-03
10187.7822 3.9077e-03
10190.8379 8.3501e-03
10193.8945 1.4603e-03
10196.9541 2.7054e-03
10200.0127 1.4097e-03
10203.0723 7.0038e-03
10206.1328 4.4210e-03
10209.1953 5.7461e-03
10212.2578 6.1871e-05
10215.3223 2.7321e-03
10218.3867 1.9749e-03
10221.4521 4.6463e-03
10224.5186 4.3321e-03
10227.5850 2.6048e-03
10230.6543 4.8481e-03
10233.7246 1.2827e-03
10236.7930 5.6842e-04
10239.8643 1.6676e-03
10242.9355 3.6404e-03
10246.0098 6.2171e-03
10249.0830 4.6494e-03
10252.1572 4.4677e-03
10255.2334 3.4443e-03
10258.3096 5.1087e-03
10261.3877 3.6539e-03
10264.4648 4.2983e-03
10267.5449 2.0855e-03
10270.6250 2.7352e-03
