# time_explosion = 18.75
# 
3082.8928 5.2516e-02
3083.8179 4.9334e-02
3084.7432 6.9989e-02
3085.6685 4.6165e-02
3086.5940 6.6320e-02
3087.5200 4.7469e-02
3088.4463 5.9828e-02
3089.3728 3.8145e-02
3090.2996 5.1626e-02
3091.2268 4.5586e-02
3092.1541 4.5816e-02
3093.0815 6.2279e-02
3094.0098 4.9193e-02
3094.9380 5.8665e-02
3095.8665 4.4937e-02
3096.7952 6.7758e-02
3097.7241 6.0953e-02
3098.6536 5.2642e-02
3099.5828 5.1509e-02
3100.5129 5.3191e-02
3101.4431 4.8130e-02
3102.3735 4.7977e-02
3103.3042 4.7579e-02
3104.2354 6.1730e-02
3105.1665 4.5036e-02
3106.0981 6.3566e-02
3107.0300 5.0896e-02
3107.9619 4.8316e-02
3108.8943 4.8767e-02
3109.8269 4.5632e-02
3110.7600 6.5017e-02
3111.6929 5.1093e-02
3112.6265 5.0388e-02
3113.5605 5.0969e-02
3114.4944 4.5053e-02
3115.4290 4.7302e-02
3116.3635 5.4284e-02
3117.2986 4.1829e-02
3118.2336 5.0113e-02
3119.1689 4.6669e-02
3120.1047 4.3472e-02
3121.0410 5.7570e-02
3121.9773 6.0020e-02
3122.9136 5.4993e-02
3123.8508 6.5845e-02
3124.7878 4.1270e-02
3125.7251 5.0291e-02
3126.6628 5.6263e-02
3127.6008 4.1940e-02
3128.5393 5.6506e-02
3129.4778 5.2478e-02
3130.4170 4.8907e-02
3131.3557 5.8778e-02
3132.2954 5.1858e-02
3133.2349 5.9964e-02
3134.1748 4.8821e-02
3135.1150 5.7591e-02
3136.0559 5.1665e-02
3136.9968 5.5258e-02
3137.9377 5.5739e-02
3138.8789 3.5692e-02
3139.8206 4.0653e-02
3140.7625 4.2881e-02
3141.7046 4.8314e-02
3142.6472 5.0135e-02
3143.5901 3.5425e-02
3144.5334 5.9593e-02
3145.4766 4.3948e-02
3146.4202 4.5994e-02
3147.3643 3.9937e-02
3148.3086 4.1901e-02
3149.2529 5.0513e-02
3150.1975 4.2506e-02
3151.1426 6.0344e-02
3152.0881 4.6402e-02
3153.0337 5.1069e-02
3153.9795 5.5167e-02
3154.9255 4.6529e-02
3155.8723 4.6612e-02
3156.8188 4.5372e-02
3157.7661 3.7828e-02
3158.7134 4.3966e-02
3159.6609 5.3318e-02
3160.6086 4.9880e-02
3161.5571 3.9938e-02
3162.5054 4.7904e-02
3163.4541 5.0005e-02
3164.4031 4.1171e-02
3165.3528 5.2717e-02
3166.3022 4.8902e-02
3167.2522 6.2127e-02
3168.2024 5.5680e-02
3169.1526 4.8108e-02
3170.1035 3.8459e-02
3171.0544 4.9338e-02
3172.0061 4.5369e-02
3172.9573 4.6265e-02
3173.9092 4.3636e-02
3174.8613 5.4920e-02
3175.8140 3.5247e-02
3176.7668 4.6664e-02
3177.7197 4.4926e-02
3178.6729 5.8753e-02
3179.6267 4.6226e-02
3180.5808 6.7921e-02
3181.5347 5.1897e-02
3182.4893 5.8257e-02
3183.4438 4.3999e-02
3184.3987 5.0538e-02
3185.3542 5.4581e-02
3186.3101 4.3914e-02
3187.2659 4.3905e-02
3188.2217 4.6345e-02
3189.1785 4.7045e-02
3190.1350 5.6551e-02
3191.0920 4.4210e-02
3192.0493 4.9639e-02
3193.0071 4.4257e-02
3193.9651 4.3150e-02
3194.9233 5.7321e-02
3195.8818 4.6909e-02
3196.8408 4.0604e-02
3197.7996 4.9121e-02
3198.7590 6.1370e-02
3199.7185 4.7491e-02
3200.6782 5.1386e-02
3201.6387 5.0969e-02
3202.5991 5.8717e-02
3203.5598 5.1675e-02
3204.5208 4.5206e-02
3205.4824 5.4803e-02
3206.4441 4.1664e-02
3207.4058 4.8626e-02
3208.3682 5.8027e-02
3209.3306 3.9387e-02
3210.2935 6.6233e-02
3211.2563 4.8622e-02
3212.2200 5.7714e-02
3213.1833 5.7333e-02
3214.1472 4.5751e-02
3215.1118 4.0256e-02
3216.0764 3.9952e-02
3217.0413 4.4413e-02
3218.0061 4.7462e-02
3218.9714 5.8347e-02
3219.9373 4.6857e-02
3220.9031 5.4749e-02
3221.8699 4.4828e-02
3222.8362 4.5959e-02
3223.8030 4.6371e-02
3224.7700 4.8934e-02
3225.7375 4.2830e-02
3226.7053 4.5553e-02
3227.6731 5.6070e-02
3228.6416 5.6559e-02
3229.6101 4.7212e-02
3230.5791 3.9528e-02
3231.5483 5.0425e-02
3232.5178 4.9456e-02
3233.4875 4.9031e-02
3234.4575 5.2561e-02
3235.4280 5.6091e-02
3236.3984 3.6585e-02
3237.3691 4.3523e-02
3238.3403 5.7813e-02
3239.3120 6.4157e-02
3240.2839 4.5358e-02
3241.2559 4.4731e-02
3242.2285 5.3458e-02
3243.2012 4.7334e-02
3244.1743 6.7263e-02
3245.1472 5.0742e-02
3246.1208 4.3713e-02
3247.0947 4.5244e-02
3248.0688 3.3794e-02
3249.0432 3.5765e-02
3250.0178 5.0027e-02
3250.9929 4.5195e-02
3251.9680 4.4032e-02
3252.9438 4.4861e-02
3253.9194 6.0713e-02
3254.8958 5.3757e-02
3255.8723 5.2674e-02
3256.8489 4.2797e-02
3257.8262 5.9771e-02
3258.8035 5.5129e-02
3259.7810 5.1430e-02
3260.7593 5.9022e-02
3261.7373 5.1458e-02
3262.7158 5.1981e-02
3263.6946 3.1987e-02
3264.6736 4.4294e-02
3265.6531 4.5440e-02
3266.6331 4.3554e-02
3267.6130 4.2852e-02
3268.5930 6.8324e-02
3269.5735 5.3183e-02
3270.5544 5.5340e-02
3271.5356 3.2771e-02
3272.5171 5.8437e-02
3273.4990 5.8122e-02
3274.4812 4.5353e-02
3275.4634 3.1829e-02
3276.4458 5.1886e-02
3277.4287 5.6674e-02
3278.4124 5.9008e-02
3279.3958 4.5526e-02
3280.3794 4.8601e-02
3281.3635 3.0001e-02
3282.3479 5.2284e-02
3283.3325 4.6733e-02
3284.3179 5.8478e-02
3285.3030 6.3923e-02
3286.2888 5.8744e-02
3287.2744 5.1139e-02
3288.2605 5.5972e-02
3289.2471 3.5107e-02
3290.2339 6.2821e-02
3291.2212 3.8532e-02
3292.2083 5.4382e-02
3293.1958 6.1014e-02
3294.1838 6.2023e-02
3295.1724 4.9631e-02
3296.1609 7.2073e-02
3297.1497 5.6966e-02
3298.1387 5.6460e-02
3299.1282 5.7402e-02
3300.1177 6.6170e-02
3301.1079 6.0996e-02
3302.0984 5.3900e-02
3303.0889 4.8670e-02
3304.0798 6.4803e-02
3305.0713 6.6726e-02
3306.0627 6.4962e-02
3307.0544 5.1622e-02
3308.0466 5.8804e-02
3309.0391 5.2219e-02
3310.0317 6.4839e-02
3311.0247 7.3744e-02
3312.0178 7.1308e-02
3313.0117 7.0042e-02
3314.0054 5.4504e-02
3315.0000 5.4002e-02
3315.9941 7.4918e-02
3316.9890 6.2607e-02
3317.9839 7.9117e-02
3318.9795 6.9325e-02
3319.9751 7.5812e-02
3320.9712 6.2075e-02
3321.9678 7.7288e-02
3322.9639 7.4760e-02
3323.9607 7.1763e-02
3324.9580 7.7108e-02
3325.9558 7.0229e-02
3326.9536 7.3274e-02
3327.9514 7.4413e-02
3328.9497 8.3051e-02
3329.9482 7.1923e-02
3330.9475 8.7811e-02
3331.9468 8.1673e-02
3332.9463 6.7488e-02
3333.9463 6.5481e-02
3334.9463 7.3440e-02
3335.9473 7.1225e-02
3336.9478 8.2900e-02
3337.9487 8.2577e-02
3338.9502 7.8033e-02
3339.9517 6.7348e-02
3340.9536 7.9903e-02
3341.9561 8.2996e-02
3342.9587 7.9041e-02
3343.9614 8.4974e-02
3344.9651 8.3784e-02
3345.9685 1.0110e-01
3346.9722 6.7463e-02
3347.9763 6.3438e-02
3348.9805 9.5427e-02
3349.9854 8.5161e-02
3350.9902 9.5239e-02
3351.9956 8.2202e-02
3353.0010 7.3347e-02
3354.0073 8.0521e-02
3355.0129 8.6655e-02
3356.0198 9.3478e-02
3357.0264 7.5261e-02
3358.0334 9.6349e-02
3359.0410 7.2133e-02
3360.0488 8.7925e-02
3361.0569 7.2248e-02
3362.0654 7.6501e-02
3363.0740 9.3941e-02
3364.0828 1.0525e-01
3365.0918 7.6233e-02
3366.1013 1.0792e-01
3367.1113 8.4305e-02
3368.1213 8.8493e-02
3369.1318 6.9273e-02
3370.1426 8.2938e-02
3371.1536 9.6319e-02
3372.1650 9.2266e-02
3373.1768 7.8343e-02
3374.1885 6.9112e-02
3375.2004 6.2603e-02
3376.2134 7.1573e-02
3377.2261 7.4159e-02
3378.2395 9.6738e-02
3379.2529 8.4321e-02
3380.2664 9.3221e-02
3381.2805 8.6368e-02
3382.2952 1.1200e-01
3383.3098 8.0608e-02
3384.3250 8.3934e-02
3385.3401 9.3956e-02
3386.3557 1.0019e-01
3387.3716 7.8664e-02
3388.3879 9.0317e-02
3389.4045 9.4333e-02
3390.4211 8.3040e-02
3391.4385 1.1130e-01
3392.4558 8.8348e-02
3393.4736 6.9897e-02
3394.4915 9.3026e-02
3395.5100 7.8960e-02
3396.5286 1.0179e-01
3397.5474 9.2162e-02
3398.5667 9.0306e-02
3399.5862 8.7810e-02
3400.6062 9.3986e-02
3401.6262 9.4447e-02
3402.6467 7.4008e-02
3403.6677 1.0226e-01
3404.6887 1.1102e-01
3405.7100 1.1862e-01
3406.7319 1.0704e-01
3407.7539 9.0513e-02
3408.7764 1.1401e-01
3409.7988 9.4393e-02
3410.8218 1.1195e-01
3411.8450 1.0347e-01
3412.8687 9.9363e-02
3413.8923 8.7007e-02
3414.9167 1.0177e-01
3415.9412 9.5942e-02
3416.9658 1.0933e-01
3417.9907 9.0379e-02
3419.0164 9.8534e-02
3420.0420 9.7994e-02
3421.0681 1.3195e-01
3422.0945 1.0947e-01
3423.1208 9.4297e-02
3424.1479 1.2396e-01
3425.1753 1.2288e-01
3426.2029 9.0140e-02
3427.2307 1.2030e-01
3428.2588 1.1254e-01
3429.2871 1.2147e-01
3430.3159 1.2365e-01
3431.3452 1.1382e-01
3432.3748 1.0914e-01
3433.4041 1.0144e-01
3434.4346 9.8072e-02
3435.4646 1.3963e-01
3436.4954 1.2762e-01
3437.5261 1.2769e-01
3438.5579 1.4033e-01
3439.5894 1.2371e-01
3440.6208 1.4260e-01
3441.6531 1.3770e-01
3442.6855 8.3377e-02
3443.7183 1.4989e-01
3444.7515 1.3492e-01
3445.7852 1.2337e-01
3446.8186 1.4130e-01
3447.8525 1.3853e-01
3448.8872 1.3719e-01
3449.9216 1.2623e-01
3450.9568 1.1491e-01
3451.9919 1.3188e-01
3453.0276 1.2562e-01
3454.0637 1.2589e-01
3455.0999 1.6524e-01
3456.1362 1.5504e-01
3457.1731 1.4940e-01
3458.2102 1.0472e-01
3459.2476 1.2503e-01
3460.2856 1.4402e-01
3461.3235 1.3834e-01
3462.3621 1.4781e-01
3463.4004 1.4615e-01
3464.4399 1.4124e-01
3465.4790 1.5088e-01
3466.5188 1.4255e-01
3467.5586 1.5987e-01
3468.5989 1.4891e-01
3469.6394 1.3932e-01
3470.6804 1.2750e-01
3471.7217 1.4749e-01
3472.7629 1.4689e-01
3473.8049 1.5927e-01
3474.8469 1.5519e-01
3475.8894 1.4609e-01
3476.9321 1.4907e-01
3477.9751 1.7099e-01
3479.0188 1.5816e-01
3480.0625 1.5366e-01
3481.1064 1.3839e-01
3482.1509 1.4685e-01
3483.1956 1.6093e-01
3484.2407 1.4336e-01
3485.2856 1.6236e-01
3486.3313 1.4178e-01
3487.3772 1.4379e-01
3488.4233 1.5273e-01
3489.4697 1.6514e-01
3490.5168 1.6606e-01
3491.5640 1.4177e-01
3492.6116 1.4372e-01
3493.6592 1.5324e-01
3494.7073 1.5108e-01
3495.7556 1.5074e-01
3496.8044 1.3252e-01
3497.8535 1.5484e-01
3498.9026 1.4730e-01
3499.9526 1.5998e-01
3501.0024 1.6691e-01
3502.0527 1.5789e-01
3503.1033 1.4634e-01
3504.1543 1.6323e-01
3505.2058 1.5969e-01
3506.2571 1.8613e-01
3507.3088 1.8227e-01
3508.3613 1.4692e-01
3509.4136 1.7421e-01
3510.4663 1.4046e-01
3511.5193 1.7414e-01
3512.5730 1.5935e-01
3513.6270 1.6519e-01
3514.6809 1.7133e-01
3515.7351 1.5361e-01
3516.7898 1.8993e-01
3517.8452 1.5382e-01
3518.9004 1.4968e-01
3519.9561 1.6552e-01
3521.0122 1.8774e-01
3522.0686 1.6515e-01
3523.1250 1.6950e-01
3524.1821 1.5431e-01
3525.2390 1.5580e-01
3526.2969 1.4322e-01
3527.3547 1.7093e-01
3528.4126 1.5725e-01
3529.4714 1.5971e-01
3530.5303 1.5636e-01
3531.5894 1.5304e-01
3532.6487 1.6692e-01
3533.7090 1.7261e-01
3534.7688 1.7812e-01
3535.8293 1.5246e-01
3536.8901 1.9006e-01
3537.9512 1.5960e-01
3539.0122 1.6508e-01
3540.0740 1.3582e-01
3541.1360 1.6553e-01
3542.1987 1.5494e-01
3543.2612 1.1867e-01
3544.3245 1.6703e-01
3545.3875 1.4188e-01
3546.4509 1.5790e-01
3547.5154 1.4505e-01
3548.5793 1.4564e-01
3549.6438 1.3719e-01
3550.7087 1.5266e-01
3551.7739 1.2700e-01
3552.8396 1.2833e-01
3553.9053 1.4997e-01
3554.9714 1.2712e-01
3556.0378 1.2020e-01
3557.1050 1.3841e-01
3558.1716 1.3468e-01
3559.2395 1.4133e-01
3560.3071 1.2568e-01
3561.3752 1.2998e-01
3562.4436 1.4886e-01
3563.5125 1.2524e-01
3564.5813 1.4214e-01
3565.6506 1.4595e-01
3566.7205 1.2107e-01
3567.7905 1.2186e-01
3568.8611 1.4736e-01
3569.9316 1.2130e-01
3571.0027 1.2737e-01
3572.0737 1.4138e-01
3573.1455 1.2874e-01
3574.2175 1.2190e-01
3575.2896 1.3668e-01
3576.3625 1.3556e-01
3577.4351 1.2171e-01
3578.5083 1.2676e-01
3579.5820 1.1698e-01
3580.6560 1.2372e-01
3581.7300 1.0627e-01
3582.8047 1.2969e-01
3583.8792 1.3020e-01
3584.9546 1.2830e-01
3586.0298 1.1977e-01
3587.1060 1.0302e-01
3588.1821 1.2750e-01
3589.2583 1.3306e-01
3590.3352 1.1294e-01
3591.4124 1.0821e-01
3592.4897 1.3439e-01
3593.5671 1.2771e-01
3594.6455 1.0205e-01
3595.7241 1.0967e-01
3596.8025 1.2454e-01
3597.8818 1.0951e-01
3598.9609 1.1976e-01
3600.0405 1.2741e-01
3601.1204 1.1072e-01
3602.2009 9.9245e-02
3603.2817 1.0087e-01
3604.3625 1.0611e-01
3605.4441 1.0131e-01
3606.5256 1.1724e-01
3607.6074 8.5738e-02
3608.6899 1.1644e-01
3609.7725 1.1609e-01
3610.8552 1.2514e-01
3611.9385 8.7996e-02
3613.0222 1.2980e-01
3614.1062 1.0758e-01
3615.1904 1.1514e-01
3616.2749 1.2283e-01
3617.3599 8.9109e-02
3618.4451 1.0644e-01
3619.5303 1.1788e-01
3620.6165 1.0414e-01
3621.7024 1.0441e-01
3622.7891 1.0658e-01
3623.8760 1.2451e-01
3624.9631 9.9849e-02
3626.0508 8.3841e-02
3627.1382 1.0581e-01
3628.2266 1.2301e-01
3629.3152 9.1843e-02
3630.4038 1.0202e-01
3631.4927 8.4211e-02
3632.5825 1.0134e-01
3633.6721 1.1865e-01
3634.7622 1.0062e-01
3635.8528 1.1473e-01
3636.9434 9.8976e-02
3638.0347 1.0768e-01
3639.1257 1.0784e-01
3640.2178 1.0202e-01
3641.3098 1.2052e-01
3642.4021 1.0959e-01
3643.4946 8.5105e-02
3644.5881 1.3294e-01
3645.6814 1.2565e-01
3646.7751 1.1054e-01
3647.8691 1.1691e-01
3648.9634 1.0827e-01
3650.0581 9.1377e-02
3651.1533 9.5944e-02
3652.2480 1.2936e-01
3653.3442 1.0447e-01
3654.4402 1.2212e-01
3655.5364 1.2940e-01
3656.6333 9.3372e-02
3657.7300 1.3330e-01
3658.8274 1.0996e-01
3659.9250 1.2905e-01
3661.0232 1.1175e-01
3662.1213 1.1590e-01
3663.2202 1.0435e-01
3664.3188 1.1792e-01
3665.4182 1.3107e-01
3666.5181 1.2984e-01
3667.6179 1.2339e-01
3668.7183 1.3503e-01
3669.8186 1.2520e-01
3670.9197 1.3180e-01
3672.0210 1.0962e-01
3673.1226 1.2812e-01
3674.2241 1.2956e-01
3675.3269 1.3655e-01
3676.4294 9.8287e-02
3677.5325 1.4090e-01
3678.6355 1.4443e-01
3679.7390 1.2640e-01
3680.8430 1.4003e-01
3681.9473 1.3605e-01
3683.0518 1.4545e-01
3684.1570 1.3891e-01
3685.2620 1.2019e-01
3686.3677 1.2783e-01
3687.4739 1.3532e-01
3688.5796 1.4706e-01
3689.6865 1.5858e-01
3690.7932 1.3516e-01
3691.9006 1.3979e-01
3693.0081 1.6487e-01
3694.1160 1.6682e-01
3695.2241 1.7319e-01
3696.3328 1.5821e-01
3697.4417 1.7464e-01
3698.5508 1.9315e-01
3699.6606 1.5961e-01
3700.7703 2.1113e-01
3701.8806 1.5729e-01
3702.9910 1.7362e-01
3704.1023 2.0305e-01
3705.2136 2.0145e-01
3706.3247 1.8138e-01
3707.4370 1.8189e-01
3708.5491 2.2007e-01
3709.6616 1.9865e-01
3710.7744 2.1927e-01
3711.8877 2.2502e-01
3713.0012 2.2801e-01
3714.1152 2.1127e-01
3715.2292 2.3689e-01
3716.3440 2.4903e-01
3717.4590 2.2556e-01
3718.5742 2.2265e-01
3719.6897 2.2519e-01
3720.8057 2.8761e-01
3721.9219 2.5118e-01
3723.0383 2.6112e-01
3724.1553 2.8893e-01
3725.2725 2.4491e-01
3726.3904 2.5811e-01
3727.5081 2.7570e-01
3728.6265 3.0524e-01
3729.7451 3.1745e-01
3730.8640 3.2070e-01
3731.9832 2.8988e-01
3733.1028 2.4834e-01
3734.2227 2.8851e-01
3735.3428 3.0597e-01
3736.4636 3.1179e-01
3737.5842 3.0275e-01
3738.7056 3.0357e-01
3739.8276 3.0467e-01
3740.9490 3.1496e-01
3742.0718 3.2371e-01
3743.1943 2.9490e-01
3744.3171 2.9596e-01
3745.4404 3.0913e-01
3746.5640 2.9286e-01
3747.6880 2.9528e-01
3748.8125 2.8046e-01
3749.9368 2.9917e-01
3751.0620 3.0998e-01
3752.1873 2.6607e-01
3753.3130 2.9821e-01
3754.4387 2.7141e-01
3755.5652 2.6742e-01
3756.6919 2.8050e-01
3757.8188 2.5720e-01
3758.9463 2.6821e-01
3760.0737 2.6211e-01
3761.2019 2.5691e-01
3762.3306 2.3587e-01
3763.4590 2.5220e-01
3764.5881 2.9578e-01
3765.7175 3.0674e-01
3766.8472 2.3961e-01
3767.9771 2.1721e-01
3769.1079 2.4112e-01
3770.2383 2.3333e-01
3771.3694 2.4914e-01
3772.5007 2.2813e-01
3773.6328 2.5037e-01
3774.7646 2.4851e-01
3775.8972 2.6231e-01
3777.0298 2.1043e-01
3778.1628 2.3786e-01
3779.2964 2.3028e-01
3780.4302 2.0522e-01
3781.5642 2.2210e-01
3782.6987 2.4130e-01
3783.8335 2.2503e-01
3784.9690 2.1086e-01
3786.1042 2.4594e-01
3787.2400 2.0495e-01
3788.3762 1.9575e-01
3789.5125 2.1775e-01
3790.6497 1.8009e-01
3791.7869 1.9405e-01
3792.9246 2.0225e-01
3794.0625 1.7038e-01
3795.2007 1.6402e-01
3796.3391 1.9887e-01
3797.4778 1.7867e-01
3798.6169 1.6427e-01
3799.7568 1.7851e-01
3800.8967 1.8249e-01
3802.0371 1.7038e-01
3803.1775 1.5716e-01
3804.3181 1.4769e-01
3805.4597 1.6161e-01
3806.6013 1.7193e-01
3807.7434 1.4433e-01
3808.8857 1.5556e-01
3810.0286 1.3052e-01
3811.1714 1.4995e-01
3812.3149 1.7538e-01
3813.4583 1.4152e-01
3814.6025 1.4848e-01
3815.7468 1.4777e-01
3816.8916 1.4725e-01
3818.0369 1.2650e-01
3819.1824 1.6061e-01
3820.3281 1.3253e-01
3821.4741 1.1808e-01
3822.6201 1.3814e-01
3823.7671 1.2347e-01
3824.9143 1.2737e-01
3826.0615 1.1405e-01
3827.2097 1.2321e-01
3828.3577 1.3546e-01
3829.5063 1.0915e-01
3830.6553 1.3023e-01
3831.8044 1.1548e-01
3832.9539 1.1615e-01
3834.1035 1.0431e-01
3835.2539 1.1796e-01
3836.4045 1.1992e-01
3837.5554 1.4465e-01
3838.7068 1.1629e-01
3839.8582 1.3021e-01
3841.0103 1.1455e-01
3842.1628 1.4793e-01
3843.3152 1.2543e-01
3844.4683 1.4136e-01
3845.6216 1.2492e-01
3846.7754 1.3482e-01
3847.9294 1.3998e-01
3849.0835 1.0142e-01
3850.2383 1.3051e-01
3851.3933 1.0853e-01
3852.5488 1.4630e-01
3853.7051 1.4529e-01
3854.8606 1.4312e-01
3856.0173 1.3405e-01
3857.1741 1.5217e-01
3858.3313 1.2781e-01
3859.4883 1.4147e-01
3860.6465 1.3962e-01
3861.8047 1.2005e-01
3862.9631 1.1116e-01
3864.1221 1.3821e-01
3865.2815 1.2772e-01
3866.4412 1.5881e-01
3867.6011 1.3444e-01
3868.7610 1.5200e-01
3869.9216 1.6504e-01
3871.0828 1.4264e-01
3872.2441 1.4750e-01
3873.4058 1.5109e-01
3874.5676 1.5132e-01
3875.7302 1.3910e-01
3876.8931 1.5874e-01
3878.0559 1.4784e-01
3879.2192 1.7198e-01
3880.3831 1.6044e-01
3881.5474 1.6696e-01
3882.7119 1.6368e-01
3883.8767 1.4630e-01
3885.0420 1.3983e-01
3886.2073 1.5743e-01
3887.3728 1.3913e-01
3888.5391 1.7503e-01
3889.7061 1.7339e-01
3890.8730 1.6339e-01
3892.0400 1.9004e-01
3893.2078 2.1054e-01
3894.3755 1.8391e-01
3895.5439 1.9136e-01
3896.7126 1.6144e-01
3897.8813 2.0598e-01
3899.0508 1.8188e-01
3900.2209 1.9324e-01
3901.3909 1.8747e-01
3902.5613 1.9075e-01
3903.7322 1.6730e-01
3904.9031 1.6484e-01
3906.0747 1.6726e-01
3907.2463 1.7939e-01
3908.4187 1.5757e-01
3909.5911 1.6729e-01
3910.7642 1.5796e-01
3911.9373 1.8354e-01
3913.1111 1.8904e-01
3914.2849 1.5967e-01
3915.4592 1.8535e-01
3916.6335 1.7422e-01
3917.8086 1.8746e-01
3918.9839 1.9051e-01
3920.1597 2.1726e-01
3921.3359 2.0231e-01
3922.5120 2.0436e-01
3923.6887 2.2080e-01
3924.8660 1.9889e-01
3926.0432 2.1135e-01
3927.2212 2.1720e-01
3928.3994 1.9848e-01
3929.5779 2.0571e-01
3930.7568 2.0881e-01
3931.9360 1.8630e-01
3933.1157 1.9990e-01
3934.2954 2.1700e-01
3935.4758 2.3133e-01
3936.6562 2.0103e-01
3937.8374 2.1117e-01
3939.0186 2.4775e-01
3940.2004 2.2017e-01
3941.3826 2.2015e-01
3942.5649 2.1717e-01
3943.7478 2.1684e-01
3944.9307 2.6116e-01
3946.1147 2.5967e-01
3947.2983 2.5833e-01
3948.4824 2.3173e-01
3949.6670 2.4111e-01
3950.8521 2.6727e-01
3952.0369 2.3480e-01
3953.2227 2.5901e-01
3954.4089 2.7580e-01
3955.5950 2.7986e-01
3956.7812 2.5658e-01
3957.9688 3.0013e-01
3959.1560 2.6816e-01
3960.3438 2.7405e-01
3961.5320 2.9770e-01
3962.7202 2.4711e-01
3963.9094 2.6046e-01
3965.0984 2.7619e-01
3966.2881 3.1407e-01
3967.4778 2.8615e-01
3968.6680 3.4583e-01
3969.8584 3.1425e-01
3971.0498 3.2372e-01
3972.2412 2.8974e-01
3973.4326 3.0099e-01
3974.6248 3.4194e-01
3975.8171 3.3470e-01
3977.0095 3.6646e-01
3978.2029 3.6060e-01
3979.3962 3.3973e-01
3980.5901 3.6806e-01
3981.7844 3.4062e-01
3982.9790 3.5635e-01
3984.1736 3.6445e-01
3985.3691 3.6020e-01
3986.5647 3.8240e-01
3987.7605 3.4288e-01
3988.9568 3.6794e-01
3990.1538 3.5639e-01
3991.3506 3.6096e-01
3992.5481 3.6955e-01
3993.7456 3.5387e-01
3994.9441 3.5264e-01
3996.1423 3.3543e-01
3997.3413 3.7718e-01
3998.5408 3.5166e-01
3999.7397 3.6385e-01
4000.9402 3.6533e-01
4002.1401 3.3335e-01
4003.3408 3.2454e-01
4004.5415 3.3322e-01
4005.7434 3.7190e-01
4006.9448 3.7121e-01
4008.1470 3.6705e-01
4009.3496 3.9974e-01
4010.5522 3.2372e-01
4011.7556 3.6038e-01
4012.9587 3.6380e-01
4014.1628 3.5625e-01
4015.3672 3.4007e-01
4016.5715 3.7164e-01
4017.7769 3.7237e-01
4018.9817 3.5854e-01
4020.1875 4.2571e-01
4021.3936 3.3337e-01
4022.6003 3.5709e-01
4023.8071 3.9184e-01
4025.0142 3.9423e-01
4026.2214 3.2386e-01
4027.4294 3.8568e-01
4028.6377 3.7049e-01
4029.8462 3.4223e-01
4031.0554 3.6119e-01
4032.2646 3.4977e-01
4033.4744 3.8062e-01
4034.6843 3.5989e-01
4035.8945 3.3647e-01
4037.1052 4.0898e-01
4038.3167 3.5358e-01
4039.5281 3.3358e-01
4040.7397 3.4348e-01
4041.9524 3.4779e-01
4043.1648 3.4636e-01
4044.3777 3.6433e-01
4045.5913 3.6355e-01
4046.8047 3.2928e-01
4048.0186 3.5625e-01
4049.2332 3.2559e-01
4050.4480 3.1585e-01
4051.6628 3.5320e-01
4052.8784 3.5278e-01
4054.0942 3.6284e-01
4055.3108 3.3036e-01
4056.5273 3.2002e-01
4057.7444 3.4243e-01
4058.9614 3.0099e-01
4060.1792 3.4678e-01
4061.3970 2.9771e-01
4062.6155 3.0001e-01
4063.8345 3.1482e-01
4065.0535 3.1257e-01
4066.2732 2.9124e-01
4067.4929 3.0290e-01
4068.7131 3.1212e-01
4069.9338 3.0820e-01
4071.1548 2.7146e-01
4072.3762 2.6022e-01
4073.5981 2.9152e-01
4074.8201 2.8656e-01
4076.0427 3.1213e-01
4077.2654 2.9482e-01
4078.4885 2.6083e-01
4079.7119 2.8804e-01
4080.9358 2.6157e-01
4082.1602 2.9397e-01
4083.3845 2.6767e-01
4084.6099 2.3762e-01
4085.8354 2.8262e-01
4087.0608 2.7276e-01
4088.2869 3.0887e-01
4089.5137 2.4202e-01
4090.7407 2.7160e-01
4091.9678 2.9018e-01
4093.1953 2.5730e-01
4094.4233 2.7658e-01
4095.6519 2.9446e-01
4096.8799 2.6327e-01
4098.1094 2.6728e-01
4099.3384 2.6926e-01
4100.5684 2.5152e-01
4101.7988 2.7854e-01
4103.0293 2.6479e-01
4104.2598 2.4244e-01
4105.4912 2.6650e-01
4106.7231 2.8315e-01
4107.9546 2.7559e-01
4109.1875 2.8096e-01
4110.4204 2.6302e-01
4111.6533 2.8844e-01
4112.8867 2.9286e-01
4114.1211 2.7287e-01
4115.3545 2.7414e-01
4116.5898 2.5056e-01
4117.8247 2.4541e-01
4119.0596 2.5487e-01
4120.2954 2.5274e-01
4121.5317 2.5861e-01
4122.7681 2.5808e-01
4124.0049 2.6921e-01
4125.2422 2.6363e-01
4126.4800 2.5182e-01
4127.7178 2.5546e-01
4128.9561 2.6610e-01
4130.1948 2.4076e-01
4131.4336 2.6575e-01
4132.6733 2.6894e-01
4133.9126 2.9013e-01
4135.1533 2.6246e-01
4136.3936 2.2913e-01
4137.6348 2.4471e-01
4138.8760 2.4441e-01
4140.1172 2.7928e-01
4141.3599 2.3518e-01
4142.6021 2.4387e-01
4143.8447 2.3965e-01
4145.0879 2.4579e-01
4146.3315 2.3560e-01
4147.5752 2.5819e-01
4148.8198 2.8941e-01
4150.0640 2.5136e-01
4151.3091 2.5417e-01
4152.5547 2.3969e-01
4153.8003 2.1682e-01
4155.0464 2.1236e-01
4156.2930 2.4245e-01
4157.5400 2.5020e-01
4158.7871 2.2705e-01
4160.0352 2.0713e-01
4161.2827 2.4299e-01
4162.5312 2.0570e-01
4163.7803 2.1172e-01
4165.0293 2.0603e-01
4166.2783 2.2533e-01
4167.5288 2.1587e-01
4168.7788 2.2895e-01
4170.0298 2.3015e-01
4171.2803 2.4959e-01
4172.5317 2.1743e-01
4173.7837 2.3411e-01
4175.0356 2.1482e-01
4176.2886 2.2239e-01
4177.5410 2.0946e-01
4178.7944 2.0809e-01
4180.0479 2.0664e-01
4181.3022 2.0214e-01
4182.5566 1.9867e-01
4183.8115 1.9891e-01
4185.0664 1.7784e-01
4186.3223 1.9316e-01
4187.5776 2.1535e-01
4188.8340 2.0121e-01
4190.0903 2.1590e-01
4191.3477 2.0198e-01
4192.6050 1.9442e-01
4193.8628 2.2047e-01
4195.1206 2.1329e-01
4196.3794 2.0413e-01
4197.6387 2.0508e-01
4198.8975 1.7320e-01
4200.1577 2.2694e-01
4201.4175 2.3471e-01
4202.6782 2.1934e-01
4203.9390 2.0724e-01
4205.2002 2.3157e-01
4206.4614 2.1525e-01
4207.7231 2.3498e-01
4208.9858 1.9873e-01
4210.2485 2.0167e-01
4211.5112 2.1987e-01
4212.7749 2.0015e-01
4214.0391 2.2467e-01
4215.3032 2.0599e-01
4216.5679 2.0886e-01
4217.8330 2.1180e-01
4219.0981 2.1639e-01
4220.3638 1.7567e-01
4221.6299 2.3762e-01
4222.8965 1.9248e-01
4224.1636 2.0137e-01
4225.4302 2.1047e-01
4226.6978 2.0630e-01
4227.9658 2.1669e-01
4229.2349 2.2675e-01
4230.5034 2.0476e-01
4231.7725 2.1667e-01
4233.0415 2.4313e-01
4234.3115 2.4372e-01
4235.5825 2.3468e-01
4236.8525 2.1917e-01
4238.1235 2.3146e-01
4239.3955 2.2936e-01
4240.6670 2.2313e-01
4241.9390 2.1542e-01
4243.2119 2.0496e-01
4244.4844 2.3521e-01
4245.7583 1.9896e-01
4247.0317 1.8970e-01
4248.3062 1.9643e-01
4249.5806 2.2361e-01
4250.8555 2.0348e-01
4252.1309 2.0975e-01
4253.4062 2.2393e-01
4254.6821 1.9936e-01
4255.9590 2.0371e-01
4257.2358 2.1061e-01
4258.5127 1.8510e-01
4259.7900 1.8340e-01
4261.0679 1.9485e-01
4262.3462 2.2671e-01
4263.6250 1.9952e-01
4264.9043 2.0973e-01
4266.1841 2.0859e-01
4267.4639 1.9192e-01
4268.7432 2.4031e-01
4270.0244 1.9175e-01
4271.3052 2.0690e-01
4272.5869 2.1422e-01
4273.8682 2.2686e-01
4275.1509 2.1632e-01
4276.4336 1.8412e-01
4277.7163 1.7899e-01
4278.9995 2.0818e-01
4280.2837 1.8503e-01
4281.5674 2.0250e-01
4282.8521 1.5840e-01
4284.1367 1.9749e-01
4285.4219 2.1342e-01
4286.7075 2.0846e-01
4287.9937 1.9978e-01
4289.2798 2.0561e-01
4290.5669 2.0693e-01
4291.8540 2.1401e-01
4293.1416 2.0379e-01
4294.4292 2.2094e-01
4295.7183 1.9973e-01
4297.0063 2.1005e-01
4298.2954 2.0568e-01
4299.5854 2.3210e-01
4300.8750 2.0193e-01
4302.1650 1.9039e-01
4303.4561 1.9262e-01
4304.7471 1.8751e-01
4306.0381 1.9786e-01
4307.3301 2.1626e-01
4308.6221 2.0151e-01
4309.9150 1.8629e-01
4311.2075 1.8948e-01
4312.5015 2.0616e-01
4313.7949 1.9352e-01
4315.0889 2.0616e-01
4316.3838 1.7639e-01
4317.6787 2.0203e-01
4318.9741 2.0820e-01
4320.2700 2.0840e-01
4321.5654 1.9578e-01
4322.8623 2.1445e-01
4324.1592 2.2227e-01
4325.4565 2.2102e-01
4326.7539 1.8719e-01
4328.0518 1.9574e-01
4329.3501 1.9313e-01
4330.6494 1.9706e-01
4331.9482 1.9106e-01
4333.2480 1.6939e-01
4334.5479 1.9694e-01
4335.8477 2.1956e-01
4337.1489 2.0215e-01
4338.4502 1.9200e-01
4339.7515 2.0134e-01
4341.0537 1.8962e-01
4342.3560 1.9236e-01
4343.6582 2.0171e-01
4344.9614 2.1158e-01
4346.2646 1.8193e-01
4347.5693 2.0738e-01
4348.8735 1.9527e-01
4350.1782 2.0600e-01
4351.4829 2.0388e-01
4352.7886 1.9052e-01
4354.0938 1.7295e-01
4355.4009 2.3648e-01
4356.7070 2.2811e-01
4358.0137 1.9131e-01
4359.3218 2.0535e-01
4360.6294 1.9015e-01
4361.9375 1.8766e-01
4363.2461 1.9333e-01
4364.5552 2.0374e-01
4365.8643 1.9448e-01
4367.1743 1.9139e-01
4368.4844 2.0506e-01
4369.7954 1.8439e-01
4371.1060 2.0848e-01
4372.4170 2.0756e-01
4373.7285 1.9347e-01
4375.0415 2.2821e-01
4376.3540 1.8143e-01
4377.6665 1.8497e-01
4378.9800 1.9880e-01
4380.2935 2.0941e-01
4381.6074 1.9951e-01
4382.9219 1.9311e-01
4384.2363 1.5839e-01
4385.5522 2.1147e-01
4386.8677 1.8603e-01
4388.1841 1.7974e-01
4389.5010 1.8783e-01
4390.8169 1.9936e-01
4392.1343 1.9574e-01
4393.4521 1.7457e-01
4394.7700 1.8694e-01
4396.0884 1.7936e-01
4397.4077 1.5935e-01
4398.7266 1.8327e-01
4400.0464 1.6047e-01
4401.3667 1.6383e-01
4402.6870 1.7573e-01
4404.0073 1.6966e-01
4405.3291 1.9190e-01
4406.6504 1.9018e-01
4407.9722 1.7704e-01
4409.2944 1.7437e-01
4410.6172 1.7729e-01
4411.9404 1.5557e-01
4413.2642 1.7661e-01
4414.5879 1.6634e-01
4415.9126 1.7547e-01
4417.2373 1.6033e-01
4418.5625 1.6224e-01
4419.8882 1.5570e-01
4421.2139 1.5227e-01
4422.5405 1.6517e-01
4423.8672 1.5770e-01
4425.1938 1.7542e-01
4426.5220 1.7875e-01
4427.8496 1.6300e-01
4429.1787 1.7041e-01
4430.5063 1.8502e-01
4431.8364 1.7147e-01
4433.1655 1.8183e-01
4434.4956 1.6438e-01
4435.8262 1.6388e-01
4437.1567 1.5045e-01
4438.4878 1.6966e-01
4439.8193 1.7568e-01
4441.1514 1.7174e-01
4442.4834 1.8270e-01
4443.8164 1.8920e-01
4445.1494 2.0941e-01
4446.4829 1.6657e-01
4447.8169 1.8971e-01
4449.1514 1.8165e-01
4450.4863 1.7206e-01
4451.8213 2.1503e-01
4453.1567 2.1714e-01
4454.4927 2.0116e-01
4455.8291 2.1295e-01
4457.1660 2.1672e-01
4458.5029 2.2287e-01
4459.8403 2.0312e-01
4461.1787 2.2996e-01
4462.5171 2.2630e-01
4463.8555 2.2332e-01
4465.1948 2.0234e-01
4466.5347 2.1785e-01
4467.8740 2.1720e-01
4469.2144 2.1480e-01
4470.5552 2.3051e-01
4471.8970 2.4876e-01
4473.2383 2.4714e-01
4474.5806 2.3567e-01
4475.9229 2.0657e-01
4477.2651 2.5895e-01
4478.6084 2.2214e-01
4479.9521 2.3294e-01
4481.2959 2.2000e-01
4482.6406 2.3691e-01
4483.9854 2.2820e-01
4485.3306 2.3935e-01
4486.6763 2.3961e-01
4488.0220 2.5660e-01
4489.3682 2.3160e-01
4490.7153 2.5761e-01
4492.0620 2.5857e-01
4493.4102 2.5585e-01
4494.7578 2.5121e-01
4496.1069 2.5749e-01
4497.4556 2.8414e-01
4498.8047 2.5079e-01
4500.1543 2.6467e-01
4501.5044 2.9158e-01
4502.8550 2.9644e-01
4504.2056 2.9378e-01
4505.5566 3.1721e-01
4506.9082 2.7305e-01
4508.2607 3.2297e-01
4509.6133 3.2838e-01
4510.9658 3.0058e-01
4512.3193 2.6910e-01
4513.6729 2.8737e-01
4515.0273 3.2325e-01
4516.3818 3.2964e-01
4517.7363 3.4508e-01
4519.0918 2.8236e-01
4520.4473 3.1047e-01
4521.8037 3.2556e-01
4523.1606 3.3477e-01
4524.5171 3.2012e-01
4525.8750 3.2498e-01
4527.2324 3.1465e-01
4528.5903 3.3846e-01
4529.9492 3.0275e-01
4531.3081 3.4404e-01
4532.6675 3.0871e-01
4534.0269 3.1342e-01
4535.3872 3.0286e-01
4536.7480 3.2725e-01
4538.1094 3.3308e-01
4539.4702 3.3480e-01
4540.8320 3.4386e-01
4542.1943 3.1168e-01
4543.5576 3.3788e-01
4544.9199 3.4460e-01
4546.2842 3.8705e-01
4547.6475 3.3919e-01
4549.0117 3.1581e-01
4550.3770 2.9977e-01
4551.7417 3.5676e-01
4553.1074 3.0355e-01
4554.4731 3.6302e-01
4555.8398 3.6451e-01
4557.2061 3.4269e-01
4558.5732 3.4462e-01
4559.9414 3.7474e-01
4561.3086 3.5683e-01
4562.6772 3.7277e-01
4564.0459 3.8074e-01
4565.4150 3.5006e-01
4566.7852 3.4706e-01
4568.1553 3.5797e-01
4569.5249 3.6963e-01
4570.8965 3.1781e-01
4572.2676 3.8185e-01
4573.6392 3.8797e-01
4575.0117 3.7679e-01
4576.3838 3.6472e-01
4577.7568 3.5987e-01
4579.1304 4.1044e-01
4580.5039 3.3695e-01
4581.8784 3.6220e-01
4583.2524 3.6435e-01
4584.6274 3.8709e-01
4586.0029 3.7552e-01
4587.3789 3.6025e-01
4588.7549 3.6047e-01
4590.1318 3.8271e-01
4591.5083 3.8423e-01
4592.8857 3.9973e-01
4594.2642 4.0919e-01
4595.6426 3.5879e-01
4597.0210 3.9558e-01
4598.3999 3.8250e-01
4599.7798 3.6541e-01
4601.1597 3.6588e-01
4602.5396 3.7385e-01
4603.9204 3.8146e-01
4605.3022 3.5823e-01
4606.6836 3.6574e-01
4608.0649 3.8157e-01
4609.4478 3.6537e-01
4610.8306 4.0100e-01
4612.2144 3.8909e-01
4613.5977 3.4038e-01
4614.9819 4.0197e-01
4616.3662 4.2622e-01
4617.7515 3.7437e-01
4619.1362 3.8229e-01
4620.5225 3.8693e-01
4621.9082 3.9232e-01
4623.2949 3.5862e-01
4624.6816 3.6910e-01
4626.0693 3.8438e-01
4627.4570 3.9589e-01
4628.8457 3.7639e-01
4630.2334 3.6891e-01
4631.6230 3.8760e-01
4633.0127 3.5776e-01
4634.4028 3.7349e-01
4635.7935 3.6346e-01
4637.1831 3.5112e-01
4638.5742 4.1298e-01
4639.9658 3.3383e-01
4641.3579 3.4617e-01
4642.7505 3.6525e-01
4644.1436 3.8733e-01
4645.5371 3.5630e-01
4646.9307 3.3864e-01
4648.3247 3.6456e-01
4649.7188 3.7421e-01
4651.1138 3.8138e-01
4652.5093 3.5798e-01
4653.9048 3.7831e-01
4655.3018 3.2094e-01
4656.6978 3.6870e-01
4658.0947 3.5709e-01
4659.4922 3.9241e-01
4660.8896 3.6510e-01
4662.2886 3.4127e-01
4663.6865 3.6912e-01
4665.0859 3.7271e-01
4666.4854 3.7104e-01
4667.8853 3.5485e-01
4669.2861 3.8309e-01
4670.6870 3.3632e-01
4672.0874 3.6744e-01
4673.4897 3.3452e-01
4674.8916 3.5869e-01
4676.2944 3.7144e-01
4677.6968 3.6097e-01
4679.1006 3.7634e-01
4680.5039 3.8167e-01
4681.9082 3.5315e-01
4683.3125 3.4502e-01
4684.7173 3.5383e-01
4686.1230 3.8014e-01
4687.5288 3.4650e-01
4688.9351 3.0685e-01
4690.3423 3.6034e-01
4691.7490 3.3270e-01
4693.1562 3.6544e-01
4694.5645 3.5914e-01
4695.9731 3.3270e-01
4697.3818 3.5045e-01
4698.7910 3.4409e-01
4700.2002 3.4315e-01
4701.6104 3.6725e-01
4703.0205 3.3095e-01
4704.4316 3.2815e-01
4705.8433 3.4918e-01
4707.2549 3.2733e-01
4708.6670 3.3582e-01
4710.0796 3.3047e-01
4711.4927 3.5851e-01
4712.9058 3.3974e-01
4714.3203 3.2738e-01
4715.7344 3.3560e-01
4717.1494 3.4585e-01
4718.5645 3.4553e-01
4719.9800 3.5496e-01
4721.3955 3.1490e-01
4722.8120 3.4612e-01
4724.2290 3.2597e-01
4725.6460 3.1479e-01
4727.0645 3.6702e-01
4728.4824 3.4430e-01
4729.9004 3.3122e-01
4731.3198 3.5873e-01
4732.7388 3.3390e-01
4734.1587 3.4422e-01
4735.5791 3.2879e-01
4737.0000 3.3058e-01
4738.4209 3.5837e-01
4739.8428 3.4865e-01
4741.2646 3.0993e-01
4742.6870 3.1836e-01
4744.1094 3.2678e-01
4745.5327 3.1409e-01
4746.9565 3.3475e-01
4748.3804 3.3756e-01
4749.8052 3.2647e-01
4751.2300 3.5475e-01
4752.6548 3.3849e-01
4754.0811 3.2774e-01
4755.5078 3.3428e-01
4756.9341 3.2121e-01
4758.3608 3.3418e-01
4759.7886 3.2396e-01
4761.2168 3.0772e-01
4762.6445 3.5444e-01
4764.0737 3.3152e-01
4765.5029 3.3884e-01
4766.9326 3.3367e-01
4768.3628 3.2734e-01
4769.7930 3.2082e-01
4771.2236 3.2468e-01
4772.6553 2.8931e-01
4774.0869 2.6488e-01
4775.5190 3.1335e-01
4776.9521 3.1193e-01
4778.3853 3.2143e-01
4779.8184 2.8908e-01
4781.2524 3.3643e-01
4782.6870 3.1517e-01
4784.1226 3.0277e-01
4785.5571 2.8513e-01
4786.9927 2.8253e-01
4788.4292 2.8869e-01
4789.8652 3.1509e-01
4791.3022 2.7704e-01
4792.7397 2.8439e-01
4794.1777 2.9647e-01
4795.6152 2.8607e-01
4797.0542 2.7463e-01
4798.4937 2.9135e-01
4799.9331 2.6559e-01
4801.3735 3.1486e-01
4802.8140 2.8447e-01
4804.2544 2.7831e-01
4805.6958 3.2312e-01
4807.1377 3.0997e-01
4808.5796 2.7348e-01
4810.0220 3.0402e-01
4811.4653 3.0228e-01
4812.9087 2.6927e-01
4814.3525 3.0745e-01
4815.7969 3.0109e-01
4817.2417 3.0719e-01
4818.6865 2.9523e-01
4820.1328 3.1822e-01
4821.5786 3.1637e-01
4823.0249 2.7949e-01
4824.4717 2.9211e-01
4825.9189 2.9388e-01
4827.3667 3.0390e-01
4828.8149 3.0879e-01
4830.2637 2.4818e-01
4831.7124 3.0631e-01
4833.1621 3.1538e-01
4834.6118 2.7661e-01
4836.0620 3.0895e-01
4837.5137 3.1692e-01
4838.9644 2.9973e-01
4840.4165 2.8930e-01
4841.8687 2.9510e-01
4843.3208 2.8088e-01
4844.7739 3.1012e-01
4846.2275 2.9637e-01
4847.6812 3.2011e-01
4849.1357 3.0800e-01
4850.5903 2.7814e-01
4852.0454 2.6426e-01
4853.5015 2.5817e-01
4854.9575 3.0020e-01
4856.4136 2.4998e-01
4857.8706 2.4478e-01
4859.3281 2.7856e-01
4860.7861 2.9208e-01
4862.2437 2.9078e-01
4863.7026 2.8448e-01
4865.1621 2.8699e-01
4866.6211 2.9119e-01
4868.0815 2.9037e-01
4869.5420 2.7754e-01
4871.0024 2.6826e-01
4872.4639 2.2731e-01
4873.9263 2.7618e-01
4875.3877 2.5887e-01
4876.8506 2.2536e-01
4878.3135 2.5969e-01
4879.7773 2.8146e-01
4881.2412 2.6222e-01
4882.7051 2.5823e-01
4884.1704 2.4925e-01
4885.6357 2.7290e-01
4887.1011 2.4374e-01
4888.5674 2.2543e-01
4890.0337 2.6334e-01
4891.5010 2.6012e-01
4892.9683 2.6680e-01
4894.4360 2.5123e-01
4895.9043 2.6729e-01
4897.3730 2.5117e-01
4898.8423 2.3110e-01
4900.3120 2.7303e-01
4901.7827 2.4703e-01
4903.2529 2.4676e-01
4904.7231 2.5494e-01
4906.1953 2.3060e-01
4907.6675 2.1978e-01
4909.1392 2.2554e-01
4910.6123 2.3213e-01
4912.0854 2.5527e-01
4913.5586 2.4876e-01
4915.0332 2.5625e-01
4916.5073 2.8184e-01
4917.9819 2.2998e-01
4919.4575 2.8054e-01
4920.9331 2.7131e-01
4922.4097 2.4450e-01
4923.8872 2.3249e-01
4925.3638 2.4714e-01
4926.8418 2.2688e-01
4928.3188 2.4566e-01
4929.7979 2.3960e-01
4931.2769 2.3954e-01
4932.7563 2.6909e-01
4934.2358 2.4311e-01
4935.7168 2.2866e-01
4937.1963 2.6190e-01
4938.6782 2.5762e-01
4940.1597 2.6987e-01
4941.6416 2.3919e-01
4943.1250 2.7021e-01
4944.6069 2.1487e-01
4946.0908 2.4733e-01
4947.5752 2.4100e-01
4949.0586 2.3641e-01
4950.5435 2.2794e-01
4952.0278 2.3691e-01
4953.5142 2.2222e-01
4955.0010 2.1358e-01
4956.4873 2.0688e-01
4957.9741 2.0497e-01
4959.4614 2.2704e-01
4960.9492 2.2653e-01
4962.4370 2.1361e-01
4963.9258 2.4068e-01
4965.4150 1.9301e-01
4966.9048 2.1740e-01
4968.3945 2.1927e-01
4969.8853 2.0429e-01
4971.3765 1.9277e-01
4972.8677 1.8786e-01
4974.3599 1.9801e-01
4975.8521 2.0983e-01
4977.3447 2.0031e-01
4978.8379 1.7848e-01
4980.3315 2.1245e-01
4981.8257 1.9088e-01
4983.3203 1.8079e-01
4984.8159 1.7520e-01
4986.3105 2.0012e-01
4987.8066 2.1377e-01
4989.3027 2.1395e-01
4990.7998 1.8401e-01
4992.2974 2.1752e-01
4993.7939 2.0060e-01
4995.2930 1.7282e-01
4996.7915 1.9429e-01
4998.2905 1.7305e-01
4999.7896 1.6851e-01
5001.2896 2.0513e-01
5002.7900 1.8190e-01
5004.2915 1.7633e-01
5005.7925 1.9311e-01
5007.2944 1.7953e-01
5008.7964 2.0874e-01
5010.2993 1.6799e-01
5011.8022 2.1515e-01
5013.3057 1.7455e-01
5014.8101 1.9271e-01
5016.3145 1.9852e-01
5017.8184 1.9658e-01
5019.3247 1.8124e-01
5020.8301 1.9880e-01
5022.3359 1.8202e-01
5023.8428 1.9729e-01
5025.3496 2.0158e-01
5026.8579 2.0299e-01
5028.3657 1.7645e-01
5029.8740 1.8807e-01
5031.3828 1.9617e-01
5032.8926 1.9682e-01
5034.4023 2.0813e-01
5035.9131 2.1401e-01
5037.4233 2.1593e-01
5038.9346 1.8085e-01
5040.4463 2.1926e-01
5041.9585 2.1254e-01
5043.4712 1.9685e-01
5044.9839 2.2892e-01
5046.4980 2.0375e-01
5048.0112 2.1954e-01
5049.5259 1.9482e-01
5051.0415 1.9408e-01
5052.5562 2.2223e-01
5054.0723 2.1247e-01
5055.5884 2.2477e-01
5057.1045 2.0653e-01
5058.6221 1.9195e-01
5060.1401 2.1559e-01
5061.6577 1.9853e-01
5063.1763 2.2029e-01
5064.6953 1.8926e-01
5066.2144 2.1511e-01
5067.7339 2.1268e-01
5069.2549 2.0494e-01
5070.7759 2.0070e-01
5072.2969 1.9151e-01
5073.8188 2.0265e-01
5075.3403 2.0342e-01
5076.8628 2.2687e-01
5078.3867 1.9981e-01
5079.9097 1.9982e-01
5081.4336 2.2098e-01
5082.9580 2.0900e-01
5084.4829 1.9781e-01
5086.0083 2.1697e-01
5087.5342 1.8672e-01
5089.0605 2.1148e-01
5090.5874 2.3961e-01
5092.1143 2.0609e-01
5093.6421 2.2362e-01
5095.1699 1.9407e-01
5096.6987 2.1430e-01
5098.2275 2.2576e-01
5099.7573 2.0657e-01
5101.2871 1.9817e-01
5102.8179 2.3411e-01
5104.3481 2.1625e-01
5105.8799 2.1560e-01
5107.4111 2.1236e-01
5108.9438 1.9996e-01
5110.4761 2.2084e-01
5112.0093 2.1726e-01
5113.5435 2.2552e-01
5115.0771 2.0932e-01
5116.6118 1.9710e-01
5118.1470 2.0435e-01
5119.6816 1.8537e-01
5121.2183 2.0957e-01
5122.7544 2.0485e-01
5124.2910 2.2071e-01
5125.8286 2.1796e-01
5127.3667 2.0284e-01
5128.9043 2.0228e-01
5130.4429 2.0900e-01
5131.9824 2.2321e-01
5133.5220 1.9352e-01
5135.0615 2.0855e-01
5136.6021 2.4611e-01
5138.1436 2.1498e-01
5139.6846 1.8792e-01
5141.2266 2.2071e-01
5142.7690 2.2807e-01
5144.3125 2.1925e-01
5145.8550 2.1863e-01
5147.3989 2.0526e-01
5148.9429 2.0850e-01
5150.4883 1.8276e-01
5152.0332 2.1109e-01
5153.5781 2.0635e-01
5155.1245 2.2291e-01
5156.6714 2.1759e-01
5158.2178 1.8957e-01
5159.7656 1.9808e-01
5161.3130 1.9283e-01
5162.8618 1.9774e-01
5164.4106 1.8799e-01
5165.9604 2.5412e-01
5167.5098 1.9470e-01
5169.0605 2.3531e-01
5170.6108 2.1833e-01
5172.1621 2.2907e-01
5173.7139 2.0419e-01
5175.2656 2.2596e-01
5176.8188 2.2254e-01
5178.3711 2.1978e-01
5179.9253 2.2029e-01
5181.4790 2.0074e-01
5183.0337 1.9440e-01
5184.5884 2.1050e-01
5186.1436 1.8381e-01
5187.6992 2.2640e-01
5189.2559 2.1983e-01
5190.8130 2.2211e-01
5192.3696 2.3788e-01
5193.9277 2.4150e-01
5195.4858 2.1129e-01
5197.0439 2.2964e-01
5198.6035 2.4936e-01
5200.1636 2.5392e-01
5201.7231 2.3229e-01
5203.2837 2.1887e-01
5204.8447 2.2399e-01
5206.4058 2.2515e-01
5207.9683 2.3199e-01
5209.5303 2.5051e-01
5211.0933 2.2431e-01
5212.6567 2.4769e-01
5214.2202 2.5892e-01
5215.7847 2.4638e-01
5217.3496 2.2616e-01
5218.9150 2.4360e-01
5220.4800 2.3493e-01
5222.0464 2.2203e-01
5223.6128 2.5915e-01
5225.1802 2.4549e-01
5226.7480 2.3638e-01
5228.3154 2.4783e-01
5229.8843 2.4263e-01
5231.4526 2.7213e-01
5233.0225 2.4835e-01
5234.5928 2.7333e-01
5236.1626 2.4905e-01
5237.7339 2.4880e-01
5239.3052 2.7087e-01
5240.8770 2.5852e-01
5242.4492 2.5193e-01
5244.0220 2.6778e-01
5245.5947 2.4882e-01
5247.1689 2.6350e-01
5248.7422 2.5816e-01
5250.3174 2.7168e-01
5251.8921 2.5964e-01
5253.4678 2.6148e-01
5255.0439 2.5015e-01
5256.6211 2.7466e-01
5258.1978 2.6641e-01
5259.7749 2.5498e-01
5261.3530 2.7357e-01
5262.9312 2.8253e-01
5264.5098 2.5470e-01
5266.0898 2.5410e-01
5267.6694 2.4206e-01
5269.2495 2.8317e-01
5270.8311 2.4766e-01
5272.4116 2.7389e-01
5273.9941 2.4761e-01
5275.5757 2.7468e-01
5277.1587 2.6461e-01
5278.7422 2.3551e-01
5280.3252 2.3253e-01
5281.9092 2.6205e-01
5283.4937 2.6778e-01
5285.0786 2.5292e-01
5286.6641 2.6956e-01
5288.2500 2.7764e-01
5289.8369 2.4385e-01
5291.4238 2.5966e-01
5293.0117 2.4734e-01
5294.5996 2.5208e-01
5296.1870 2.5424e-01
5297.7764 2.5658e-01
5299.3662 2.4603e-01
5300.9561 2.9194e-01
5302.5459 2.5442e-01
5304.1367 2.5073e-01
5305.7280 2.8826e-01
5307.3188 2.4234e-01
5308.9116 2.3968e-01
5310.5044 2.5474e-01
5312.0977 2.7311e-01
5313.6919 2.6083e-01
5315.2856 2.3862e-01
5316.8799 2.6089e-01
5318.4751 3.0803e-01
5320.0708 2.8162e-01
5321.6665 2.6286e-01
5323.2632 2.5019e-01
5324.8604 2.6781e-01
5326.4575 2.8394e-01
5328.0557 2.5754e-01
5329.6533 2.5471e-01
5331.2534 2.7104e-01
5332.8516 2.5734e-01
5334.4517 2.4985e-01
5336.0522 3.0740e-01
5337.6533 2.6244e-01
5339.2544 2.7314e-01
5340.8560 2.5841e-01
5342.4585 2.6753e-01
5344.0605 2.5912e-01
5345.6646 2.7047e-01
5347.2681 2.8212e-01
5348.8726 2.8311e-01
5350.4771 2.4241e-01
5352.0825 2.5753e-01
5353.6875 2.6941e-01
5355.2944 2.5628e-01
5356.9009 2.5890e-01
5358.5073 2.6156e-01
5360.1152 2.7390e-01
5361.7236 2.4866e-01
5363.3315 2.4742e-01
5364.9404 2.4927e-01
5366.5503 2.8016e-01
5368.1602 2.6358e-01
5369.7705 2.2203e-01
5371.3813 2.4870e-01
5372.9932 2.5185e-01
5374.6050 2.4018e-01
5376.2173 2.4569e-01
5377.8301 2.4179e-01
5379.4434 2.3788e-01
5381.0576 2.2008e-01
5382.6714 2.4220e-01
5384.2861 2.2371e-01
5385.9014 2.1485e-01
5387.5171 2.2528e-01
5389.1343 2.3301e-01
5390.7505 2.1032e-01
5392.3677 2.2066e-01
5393.9858 2.1816e-01
5395.6035 2.1374e-01
5397.2222 2.0100e-01
5398.8413 2.1419e-01
5400.4609 1.7338e-01
5402.0811 1.9847e-01
5403.7017 1.9740e-01
5405.3228 1.8840e-01
5406.9448 1.8614e-01
5408.5659 1.8525e-01
5410.1890 1.7487e-01
5411.8115 1.8796e-01
5413.4360 2.1019e-01
5415.0596 2.1528e-01
5416.6841 1.8263e-01
5418.3096 2.0873e-01
5419.9351 1.9883e-01
5421.5605 1.8484e-01
5423.1875 2.1022e-01
5424.8145 1.9812e-01
5426.4414 1.8620e-01
5428.0693 1.9396e-01
5429.6982 1.6313e-01
5431.3271 1.9092e-01
5432.9565 1.9186e-01
5434.5859 1.8023e-01
5436.2163 1.9928e-01
5437.8472 1.9412e-01
5439.4785 2.1421e-01
5441.1104 2.2160e-01
5442.7427 2.0277e-01
5444.3760 2.3090e-01
5446.0098 2.0510e-01
5447.6431 2.0512e-01
5449.2778 2.3323e-01
5450.9121 2.0200e-01
5452.5474 1.9372e-01
5454.1826 2.2359e-01
5455.8193 2.3555e-01
5457.4565 1.8016e-01
5459.0933 1.9861e-01
5460.7310 1.9435e-01
5462.3696 1.9156e-01
5464.0073 1.9409e-01
5465.6475 2.2233e-01
5467.2871 1.9949e-01
5468.9272 1.7570e-01
5470.5674 2.0920e-01
5472.2090 1.7646e-01
5473.8506 2.0350e-01
5475.4927 2.1022e-01
5477.1353 1.9550e-01
5478.7783 2.0060e-01
5480.4224 2.2749e-01
5482.0659 2.0813e-01
5483.7104 2.2761e-01
5485.3560 2.3638e-01
5487.0010 2.1918e-01
5488.6475 2.2845e-01
5490.2944 2.2324e-01
5491.9414 2.0383e-01
5493.5889 1.8908e-01
5495.2368 2.0411e-01
5496.8857 2.2192e-01
5498.5342 2.0585e-01
5500.1841 2.2015e-01
5501.8340 2.2399e-01
5503.4849 2.2236e-01
5505.1357 2.1357e-01
5506.7871 1.9621e-01
5508.4395 2.2337e-01
5510.0923 2.0853e-01
5511.7451 2.1297e-01
5513.3984 2.1351e-01
5515.0522 1.9942e-01
5516.7070 2.4069e-01
5518.3623 2.1373e-01
5520.0176 2.0240e-01
5521.6733 2.1902e-01
5523.3301 1.9856e-01
5524.9868 2.1563e-01
5526.6450 2.0614e-01
5528.3027 2.0569e-01
5529.9609 1.9577e-01
5531.6201 2.2146e-01
5533.2793 2.1070e-01
5534.9395 2.1460e-01
5536.5996 2.3245e-01
5538.2607 1.9545e-01
5539.9229 1.9008e-01
5541.5840 2.1690e-01
5543.2466 2.1309e-01
5544.9102 2.1223e-01
5546.5728 2.1762e-01
5548.2373 2.0634e-01
5549.9019 2.0448e-01
5551.5664 1.9704e-01
5553.2324 1.9541e-01
5554.8984 2.1856e-01
5556.5645 2.2560e-01
5558.2310 2.0611e-01
5559.8989 1.8646e-01
5561.5669 1.9642e-01
5563.2354 2.0116e-01
5564.9043 2.0881e-01
5566.5732 2.0259e-01
5568.2437 2.0665e-01
5569.9150 1.8986e-01
5571.5854 1.8377e-01
5573.2568 1.7218e-01
5574.9287 2.1225e-01
5576.6011 1.7912e-01
5578.2739 2.0238e-01
5579.9482 2.0645e-01
5581.6216 2.1705e-01
5583.2959 2.1102e-01
5584.9717 1.9679e-01
5586.6470 1.8164e-01
5588.3223 1.9441e-01
5589.9990 1.9750e-01
5591.6763 1.5828e-01
5593.3535 1.9428e-01
5595.0317 1.7737e-01
5596.7104 1.8410e-01
5598.3892 1.8316e-01
5600.0688 1.4790e-01
5601.7490 1.8857e-01
5603.4292 1.8819e-01
5605.1104 1.6168e-01
5606.7915 1.9468e-01
5608.4741 1.7041e-01
5610.1562 1.7815e-01
5611.8394 1.8741e-01
5613.5234 1.5343e-01
5615.2075 1.7892e-01
5616.8916 1.8424e-01
5618.5767 1.5614e-01
5620.2627 1.8941e-01
5621.9482 1.7450e-01
5623.6348 1.8135e-01
5625.3218 1.8214e-01
5627.0098 1.8232e-01
5628.6982 1.6773e-01
5630.3867 1.8288e-01
5632.0757 2.0019e-01
5633.7651 1.9104e-01
5635.4551 1.6830e-01
5637.1460 1.7159e-01
5638.8369 1.8810e-01
5640.5283 1.8731e-01
5642.2207 1.8677e-01
5643.9141 1.8651e-01
5645.6069 1.9784e-01
5647.3003 1.9394e-01
5648.9946 1.9871e-01
5650.6895 1.9414e-01
5652.3848 1.9777e-01
5654.0801 1.7851e-01
5655.7759 2.1807e-01
5657.4736 2.0202e-01
5659.1709 2.1065e-01
5660.8682 2.2204e-01
5662.5664 1.8113e-01
5664.2651 2.2744e-01
5665.9644 2.2477e-01
5667.6641 2.0221e-01
5669.3647 1.7402e-01
5671.0649 1.9873e-01
5672.7666 2.2292e-01
5674.4688 1.9366e-01
5676.1709 1.9135e-01
5677.8740 2.0102e-01
5679.5771 2.2230e-01
5681.2812 2.0576e-01
5682.9858 2.1793e-01
5684.6899 2.0494e-01
5686.3950 1.9816e-01
5688.1021 1.8131e-01
5689.8076 2.2115e-01
5691.5146 2.1426e-01
5693.2222 2.3552e-01
5694.9302 2.0123e-01
5696.6382 2.0957e-01
5698.3477 2.1921e-01
5700.0571 1.8420e-01
5701.7671 2.0067e-01
5703.4775 1.9797e-01
5705.1885 1.9375e-01
5706.9004 2.3420e-01
5708.6123 2.2904e-01
5710.3252 2.1608e-01
5712.0381 2.2203e-01
5713.7524 1.8475e-01
5715.4663 2.0765e-01
5717.1812 2.0671e-01
5718.8955 2.1387e-01
5720.6118 2.2444e-01
5722.3271 2.0254e-01
5724.0444 2.0345e-01
5725.7617 2.1100e-01
5727.4795 2.1420e-01
5729.1973 1.9173e-01
5730.9165 2.2958e-01
5732.6353 1.8440e-01
5734.3550 2.1705e-01
5736.0757 2.0182e-01
5737.7969 2.1740e-01
5739.5176 2.0853e-01
5741.2397 2.4048e-01
5742.9624 2.2203e-01
5744.6851 2.0625e-01
5746.4082 2.0056e-01
5748.1323 1.9883e-01
5749.8569 2.1874e-01
5751.5815 1.9637e-01
5753.3076 2.2505e-01
5755.0332 2.1059e-01
5756.7593 2.0593e-01
5758.4863 2.0094e-01
5760.2144 2.3520e-01
5761.9424 1.9949e-01
5763.6709 1.9494e-01
5765.3999 2.0775e-01
5767.1294 2.0309e-01
5768.8594 2.1867e-01
5770.5908 2.1897e-01
5772.3213 2.2144e-01
5774.0527 2.0173e-01
5775.7856 2.0954e-01
5777.5181 2.2456e-01
5779.2515 2.0652e-01
5780.9844 2.2159e-01
5782.7192 2.2456e-01
5784.4546 1.8770e-01
5786.1899 2.0726e-01
5787.9253 2.2869e-01
5789.6626 1.8247e-01
5791.3984 1.9918e-01
5793.1362 1.9390e-01
5794.8745 2.1594e-01
5796.6123 2.1123e-01
5798.3516 2.1454e-01
5800.0913 1.9752e-01
5801.8306 1.9579e-01
5803.5713 2.1254e-01
5805.3125 2.0231e-01
5807.0537 1.7869e-01
5808.7964 2.0876e-01
5810.5391 1.9796e-01
5812.2822 1.8802e-01
5814.0259 1.9049e-01
5815.7700 2.0139e-01
5817.5151 1.9857e-01
5819.2598 1.9713e-01
5821.0059 1.8869e-01
5822.7524 2.0919e-01
5824.4990 1.9858e-01
5826.2461 2.1679e-01
5827.9937 1.8260e-01
5829.7427 1.8236e-01
5831.4912 1.9670e-01
5833.2407 2.0543e-01
5834.9912 1.7793e-01
5836.7417 1.8046e-01
5838.4922 1.7092e-01
5840.2446 1.6948e-01
5841.9961 2.0108e-01
5843.7490 2.0016e-01
5845.5020 2.1426e-01
5847.2559 1.9507e-01
5849.0103 1.8077e-01
5850.7642 1.9693e-01
5852.5195 1.9187e-01
5854.2754 1.7943e-01
5856.0317 1.5088e-01
5857.7881 1.4293e-01
5859.5454 1.6579e-01
5861.3032 1.5192e-01
5863.0625 1.4867e-01
5864.8208 1.4941e-01
5866.5806 1.5193e-01
5868.3403 1.5506e-01
5870.1006 1.5492e-01
5871.8618 1.7401e-01
5873.6230 1.4897e-01
5875.3857 1.7276e-01
5877.1479 1.6459e-01
5878.9111 1.4328e-01
5880.6748 1.4806e-01
5882.4390 1.4522e-01
5884.2036 1.4270e-01
5885.9692 1.5673e-01
5887.7349 1.7122e-01
5889.5010 1.5106e-01
5891.2676 1.4443e-01
5893.0356 1.6595e-01
5894.8032 1.5400e-01
5896.5718 1.5107e-01
5898.3408 1.4232e-01
5900.1108 1.2152e-01
5901.8804 1.6311e-01
5903.6509 1.3869e-01
5905.4219 1.4807e-01
5907.1938 1.2795e-01
5908.9663 1.5584e-01
5910.7383 1.2634e-01
5912.5112 1.4510e-01
5914.2856 1.3383e-01
5916.0601 1.4949e-01
5917.8345 1.3897e-01
5919.6099 1.5203e-01
5921.3857 1.1640e-01
5923.1621 1.4630e-01
5924.9395 1.3842e-01
5926.7163 1.5011e-01
5928.4946 1.5621e-01
5930.2729 1.6236e-01
5932.0522 1.3068e-01
5933.8315 1.5056e-01
5935.6123 1.4019e-01
5937.3926 1.5496e-01
5939.1738 1.3978e-01
5940.9556 1.4268e-01
5942.7383 1.3790e-01
5944.5210 1.4721e-01
5946.3042 1.3656e-01
5948.0879 1.6110e-01
5949.8726 1.5963e-01
5951.6572 1.4171e-01
5953.4434 1.4343e-01
5955.2290 1.4741e-01
5957.0151 1.7500e-01
5958.8022 1.7270e-01
5960.5903 1.5778e-01
5962.3789 1.6757e-01
5964.1670 1.5202e-01
5965.9561 1.5066e-01
5967.7466 1.5807e-01
5969.5366 1.3166e-01
5971.3276 1.6400e-01
5973.1187 1.5211e-01
5974.9106 1.6086e-01
5976.7031 1.6643e-01
5978.4961 1.6877e-01
5980.2900 1.6855e-01
5982.0845 1.7231e-01
5983.8789 1.8709e-01
5985.6729 1.8379e-01
5987.4692 1.7259e-01
5989.2651 1.6289e-01
5991.0620 1.7870e-01
5992.8589 1.7563e-01
5994.6572 1.7636e-01
5996.4556 1.7553e-01
5998.2549 1.7960e-01
6000.0547 1.7328e-01
6001.8545 1.6926e-01
6003.6548 1.7576e-01
6005.4561 1.5945e-01
6007.2578 1.6235e-01
6009.0596 1.5695e-01
6010.8623 1.6856e-01
6012.6660 1.7710e-01
6014.4697 1.7515e-01
6016.2739 1.7202e-01
6018.0786 1.6810e-01
6019.8843 1.7926e-01
6021.6909 1.7680e-01
6023.4966 1.5031e-01
6025.3037 1.5049e-01
6027.1108 1.4824e-01
6028.9199 1.8231e-01
6030.7285 1.8028e-01
6032.5366 1.6968e-01
6034.3472 1.7420e-01
6036.1577 1.7072e-01
6037.9683 1.8251e-01
6039.7793 1.8282e-01
6041.5918 1.8249e-01
6043.4038 1.6375e-01
6045.2173 1.6755e-01
6047.0312 1.7053e-01
6048.8447 2.0209e-01
6050.6592 1.7455e-01
6052.4751 1.8136e-01
6054.2905 1.7416e-01
6056.1069 1.9048e-01
6057.9233 1.8758e-01
6059.7407 1.7441e-01
6061.5586 1.7553e-01
6063.3770 1.8927e-01
6065.1968 1.7831e-01
6067.0161 1.8049e-01
6068.8359 1.7417e-01
6070.6567 1.6174e-01
6072.4785 1.7289e-01
6074.2998 1.6297e-01
6076.1221 1.6823e-01
6077.9448 1.8786e-01
6079.7681 1.4741e-01
6081.5918 1.4665e-01
6083.4160 1.5350e-01
6085.2417 1.7337e-01
6087.0664 1.6850e-01
6088.8936 1.4307e-01
6090.7197 1.6149e-01
6092.5469 1.5000e-01
6094.3745 1.5716e-01
6096.2031 1.7201e-01
6098.0327 1.4954e-01
6099.8613 1.4770e-01
6101.6914 1.7036e-01
6103.5220 1.5429e-01
6105.3530 1.6929e-01
6107.1846 1.6956e-01
6109.0171 1.5390e-01
6110.8496 1.4156e-01
6112.6831 1.7182e-01
6114.5166 1.6731e-01
6116.3511 1.5486e-01
6118.1855 1.5737e-01
6120.0210 1.4857e-01
6121.8574 1.4256e-01
6123.6938 1.6079e-01
6125.5308 1.6254e-01
6127.3687 1.5415e-01
6129.2065 1.3859e-01
6131.0454 1.4724e-01
6132.8843 1.6103e-01
6134.7246 1.6083e-01
6136.5649 1.5655e-01
6138.4062 1.4365e-01
6140.2476 1.6670e-01
6142.0894 1.6586e-01
6143.9316 1.5308e-01
6145.7759 1.8480e-01
6147.6191 1.7571e-01
6149.4634 1.5764e-01
6151.3081 1.5819e-01
6153.1538 1.4276e-01
6155.0000 1.6818e-01
6156.8462 1.5878e-01
6158.6934 1.5016e-01
6160.5410 1.4760e-01
6162.3892 1.4631e-01
6164.2373 1.5908e-01
6166.0869 1.5614e-01
6167.9370 1.8041e-01
6169.7871 1.5749e-01
6171.6387 1.5802e-01
6173.4897 1.4156e-01
6175.3413 1.4486e-01
6177.1938 1.6708e-01
6179.0474 1.7114e-01
6180.9009 1.7042e-01
6182.7549 1.5998e-01
6184.6104 1.6262e-01
6186.4653 1.4617e-01
6188.3213 1.7626e-01
6190.1782 1.4730e-01
6192.0356 1.4175e-01
6193.8931 1.6458e-01
6195.7505 1.4031e-01
6197.6099 1.4397e-01
6199.4688 1.4583e-01
6201.3281 1.4244e-01
6203.1895 1.4892e-01
6205.0498 1.3436e-01
6206.9121 1.4058e-01
6208.7739 1.3163e-01
6210.6367 1.4163e-01
6212.4995 1.3229e-01
6214.3633 1.5186e-01
6216.2275 1.6277e-01
6218.0923 1.3588e-01
6219.9575 1.3686e-01
6221.8237 1.2903e-01
6223.6904 1.2729e-01
6225.5576 1.0931e-01
6227.4258 1.2551e-01
6229.2935 1.4594e-01
6231.1621 1.3034e-01
6233.0317 1.3394e-01
6234.9019 1.0841e-01
6236.7720 1.1299e-01
6238.6431 1.1847e-01
6240.5146 1.1431e-01
6242.3867 1.1424e-01
6244.2598 1.2781e-01
6246.1323 1.1663e-01
6248.0063 1.0529e-01
6249.8813 1.0897e-01
6251.7559 1.0212e-01
6253.6313 1.0329e-01
6255.5073 1.0863e-01
6257.3843 9.5996e-02
6259.2617 1.1502e-01
6261.1392 9.5265e-02
6263.0176 1.0663e-01
6264.8970 1.0769e-01
6266.7759 1.0055e-01
6268.6562 9.9359e-02
6270.5361 7.7126e-02
6272.4180 1.0276e-01
6274.2993 8.2730e-02
6276.1816 9.1568e-02
6278.0645 9.3869e-02
6279.9478 7.9999e-02
6281.8320 8.7373e-02
6283.7168 8.4192e-02
6285.6021 9.0833e-02
6287.4868 9.1202e-02
6289.3740 9.0286e-02
6291.2603 7.8976e-02
6293.1475 7.9698e-02
6295.0352 8.9332e-02
6296.9238 7.9040e-02
6298.8130 8.6953e-02
6300.7026 8.4882e-02
6302.5933 9.8236e-02
6304.4839 8.4792e-02
6306.3755 8.8172e-02
6308.2676 7.5411e-02
6310.1597 7.9074e-02
6312.0527 8.2551e-02
6313.9468 9.2343e-02
6315.8398 9.8516e-02
6317.7349 7.8636e-02
6319.6304 8.5720e-02
6321.5269 8.8771e-02
6323.4233 9.1147e-02
6325.3198 9.3239e-02
6327.2178 9.0303e-02
6329.1157 9.2728e-02
6331.0146 8.3330e-02
6332.9131 1.0178e-01
6334.8140 9.1659e-02
6336.7139 9.0083e-02
6338.6147 9.4577e-02
6340.5166 9.0038e-02
6342.4189 8.9191e-02
6344.3213 9.2903e-02
6346.2246 9.2584e-02
6348.1284 1.0686e-01
6350.0332 1.0123e-01
6351.9380 1.0087e-01
6353.8442 1.0182e-01
6355.7500 9.2025e-02
6357.6572 1.1285e-01
6359.5645 9.9111e-02
6361.4717 9.8389e-02
6363.3804 1.2221e-01
6365.2891 1.1546e-01
6367.1987 1.2446e-01
6369.1089 1.0983e-01
6371.0200 1.1059e-01
6372.9312 1.1031e-01
6374.8428 1.2362e-01
6376.7549 1.1518e-01
6378.6685 9.8409e-02
6380.5820 1.1562e-01
6382.4966 1.1160e-01
6384.4111 1.2220e-01
6386.3257 1.2407e-01
6388.2422 1.0778e-01
6390.1587 1.3825e-01
6392.0752 1.1199e-01
6393.9932 1.1105e-01
6395.9116 1.1849e-01
6397.8301 1.2659e-01
6399.7490 1.1063e-01
6401.6694 1.3310e-01
6403.5898 1.3108e-01
6405.5112 1.2285e-01
6407.4331 1.2076e-01
6409.3545 1.2592e-01
6411.2778 1.2132e-01
6413.2012 1.1424e-01
6415.1250 1.3190e-01
6417.0493 1.4769e-01
6418.9741 1.3913e-01
6420.9004 1.2578e-01
6422.8262 1.2366e-01
6424.7534 1.3124e-01
6426.6812 1.2338e-01
6428.6094 1.3343e-01
6430.5381 1.2095e-01
6432.4668 1.1926e-01
6434.3960 1.1995e-01
6436.3267 1.2919e-01
6438.2578 1.2543e-01
6440.1895 1.2647e-01
6442.1216 1.2960e-01
6444.0537 1.3360e-01
6445.9868 1.2309e-01
6447.9209 1.1918e-01
6449.8550 1.1211e-01
6451.7905 1.1771e-01
6453.7256 1.3061e-01
6455.6621 1.2642e-01
6457.5986 1.2907e-01
6459.5356 1.2085e-01
6461.4741 1.1088e-01
6463.4121 1.4226e-01
6465.3506 1.3062e-01
6467.2905 1.1019e-01
6469.2310 1.2085e-01
6471.1719 1.3002e-01
6473.1128 1.2645e-01
6475.0552 1.1993e-01
6476.9976 1.2946e-01
6478.9409 1.1938e-01
6480.8848 1.2528e-01
6482.8286 1.2614e-01
6484.7739 1.2782e-01
6486.7192 1.3315e-01
6488.6650 1.4054e-01
6490.6113 1.2184e-01
6492.5581 1.4170e-01
6494.5063 1.2399e-01
6496.4546 1.3934e-01
6498.4038 1.2925e-01
6500.3535 1.1671e-01
6502.3032 1.2810e-01
6504.2539 1.3389e-01
6506.2056 1.3016e-01
6508.1572 1.2748e-01
6510.1099 1.1264e-01
6512.0625 1.2690e-01
6514.0166 1.3292e-01
6515.9702 1.2584e-01
6517.9258 1.3669e-01
6519.8809 1.1755e-01
6521.8364 1.1263e-01
6523.7930 1.2323e-01
6525.7505 1.2596e-01
6527.7075 1.1702e-01
6529.6665 1.3185e-01
6531.6255 1.2951e-01
6533.5845 1.2339e-01
6535.5449 1.4378e-01
6537.5054 1.1913e-01
6539.4668 1.2341e-01
6541.4282 1.2786e-01
6543.3911 1.2628e-01
6545.3545 1.1215e-01
6547.3179 1.2545e-01
6549.2817 1.1691e-01
6551.2466 1.2820e-01
6553.2124 1.1125e-01
6555.1777 1.2045e-01
6557.1445 1.1421e-01
6559.1113 1.2594e-01
6561.0796 1.2129e-01
6563.0479 1.0964e-01
6565.0166 1.1088e-01
6566.9863 1.0883e-01
6568.9561 1.1873e-01
6570.9268 1.1027e-01
6572.8979 1.1725e-01
6574.8701 1.0886e-01
6576.8423 1.1088e-01
6578.8154 1.0699e-01
6580.7896 9.6540e-02
6582.7632 1.1099e-01
6584.7383 1.0950e-01
6586.7139 1.1776e-01
6588.6895 1.1296e-01
6590.6660 1.2403e-01
6592.6431 1.1323e-01
6594.6211 1.2614e-01
6596.5996 1.1463e-01
6598.5791 9.7832e-02
6600.5581 1.0909e-01
6602.5386 1.1407e-01
6604.5190 1.1664e-01
6606.5005 1.2734e-01
6608.4824 1.1199e-01
6610.4648 1.1131e-01
6612.4482 1.0144e-01
6614.4326 1.0622e-01
6616.4160 1.1138e-01
6618.4009 1.0434e-01
6620.3867 9.0605e-02
6622.3730 9.9563e-02
6624.3594 1.0678e-01
6626.3467 9.8129e-02
6628.3350 1.0869e-01
6630.3232 1.0251e-01
6632.3125 1.0393e-01
6634.3022 1.0572e-01
6636.2920 1.0072e-01
6638.2827 9.8179e-02
6640.2744 1.1577e-01
6642.2671 1.0473e-01
6644.2593 1.0296e-01
6646.2529 1.1506e-01
6648.2471 8.6350e-02
6650.2412 1.0695e-01
6652.2358 9.1441e-02
6654.2314 8.8031e-02
6656.2280 1.0562e-01
6658.2251 1.0294e-01
6660.2222 9.8040e-02
6662.2207 1.1304e-01
6664.2197 1.1783e-01
6666.2178 9.1302e-02
6668.2178 9.9563e-02
6670.2188 8.5639e-02
6672.2192 9.2295e-02
6674.2212 9.9730e-02
6676.2241 1.0006e-01
6678.2266 9.7325e-02
6680.2300 9.9175e-02
6682.2334 1.0241e-01
6684.2388 1.0596e-01
6686.2446 8.9593e-02
6688.2500 9.5977e-02
6690.2563 8.6979e-02
6692.2627 9.3836e-02
6694.2715 9.4196e-02
6696.2793 7.8652e-02
6698.2881 8.4783e-02
6700.2979 9.3558e-02
6702.3081 8.9720e-02
6704.3188 9.8080e-02
6706.3301 9.3616e-02
6708.3418 8.1278e-02
6710.3545 9.2738e-02
6712.3672 8.0107e-02
6714.3809 7.0923e-02
6716.3955 9.3580e-02
6718.4106 7.9462e-02
6720.4263 8.9845e-02
6722.4419 7.7050e-02
6724.4585 7.9689e-02
6726.4756 9.2963e-02
6728.4946 8.3408e-02
6730.5127 7.9817e-02
6732.5312 8.2791e-02
6734.5513 7.2563e-02
6736.5718 6.5003e-02
6738.5923 7.6901e-02
6740.6152 8.0423e-02
6742.6367 7.5170e-02
6744.6587 8.4847e-02
6746.6831 7.4852e-02
6748.7065 6.5178e-02
6750.7310 7.0928e-02
6752.7563 7.9485e-02
6754.7822 7.5686e-02
6756.8091 7.1618e-02
6758.8359 7.9766e-02
6760.8633 7.7472e-02
6762.8916 7.6290e-02
6764.9209 7.3936e-02
6766.9502 6.9701e-02
6768.9805 5.4841e-02
6771.0107 6.9045e-02
6773.0425 6.6905e-02
6775.0742 7.4003e-02
6777.1064 7.6340e-02
6779.1401 6.9892e-02
6781.1733 7.1759e-02
6783.2080 6.4512e-02
6785.2427 6.8333e-02
6787.2783 6.6817e-02
6789.3149 6.1693e-02
6791.3516 7.0123e-02
6793.3887 6.6063e-02
6795.4272 7.6564e-02
6797.4653 5.9544e-02
6799.5049 6.6283e-02
6801.5444 6.4864e-02
6803.5854 5.6265e-02
6805.6260 7.5919e-02
6807.6685 5.7200e-02
6809.7100 6.7247e-02
6811.7534 5.5648e-02
6813.7964 6.9673e-02
6815.8408 6.2286e-02
6817.8853 5.5706e-02
6819.9312 6.5381e-02
6821.9771 5.9616e-02
6824.0234 6.8754e-02
6826.0703 6.1104e-02
6828.1182 5.5507e-02
6830.1670 6.6776e-02
6832.2163 6.5237e-02
6834.2651 5.2292e-02
6836.3154 6.3351e-02
6838.3667 6.5604e-02
6840.4180 6.8574e-02
6842.4702 6.2205e-02
6844.5229 7.0670e-02
6846.5762 6.7353e-02
6848.6304 5.8299e-02
6850.6851 5.7245e-02
6852.7402 5.4539e-02
6854.7959 5.9582e-02
6856.8525 6.2367e-02
6858.9097 5.8340e-02
6860.9668 7.3873e-02
6863.0254 6.2566e-02
6865.0845 5.1101e-02
6867.1440 5.8473e-02
6869.2041 5.8142e-02
6871.2646 5.7303e-02
6873.3257 5.2623e-02
6875.3882 6.1584e-02
6877.4512 5.2388e-02
6879.5137 5.8975e-02
6881.5781 6.1778e-02
6883.6421 5.0957e-02
6885.7075 5.9120e-02
6887.7729 4.9272e-02
6889.8394 6.3944e-02
6891.9062 5.0546e-02
6893.9746 6.3551e-02
6896.0425 5.8410e-02
6898.1113 5.6562e-02
6900.1802 6.0649e-02
6902.2505 5.5358e-02
6904.3213 6.5373e-02
6906.3926 4.7160e-02
6908.4648 4.5556e-02
6910.5366 6.2494e-02
6912.6099 5.7637e-02
6914.6841 5.8464e-02
6916.7588 7.3671e-02
6918.8335 5.9414e-02
6920.9092 5.4517e-02
6922.9849 6.5903e-02
6925.0620 5.3901e-02
6927.1401 6.8926e-02
6929.2178 5.4910e-02
6931.2964 5.9100e-02
6933.3760 5.5405e-02
6935.4561 5.2040e-02
6937.5371 4.4798e-02
6939.6182 5.2014e-02
6941.7002 5.8817e-02
6943.7822 5.1175e-02
6945.8657 5.4640e-02
6947.9487 3.8885e-02
6950.0337 4.1787e-02
6952.1182 5.5381e-02
6954.2046 5.0267e-02
6956.2905 4.5924e-02
6958.3779 5.7596e-02
6960.4644 4.2255e-02
6962.5527 4.5775e-02
6964.6421 6.4625e-02
6966.7314 5.9954e-02
6968.8208 6.5708e-02
6970.9116 4.6455e-02
6973.0029 5.3851e-02
6975.0947 5.4903e-02
6977.1880 4.7586e-02
6979.2803 4.3910e-02
6981.3745 5.7112e-02
6983.4692 6.4822e-02
6985.5635 6.0687e-02
6987.6602 6.2284e-02
6989.7559 5.0986e-02
6991.8525 5.3594e-02
6993.9507 5.3081e-02
6996.0488 6.1206e-02
6998.1479 3.7319e-02
7000.2471 5.3384e-02
7002.3467 4.8998e-02
7004.4468 5.5000e-02
7006.5488 5.2277e-02
7008.6514 4.5853e-02
7010.7529 5.2061e-02
7012.8564 6.3830e-02
7014.9609 5.3436e-02
7017.0654 6.6303e-02
7019.1699 5.2031e-02
7021.2759 5.5992e-02
7023.3823 5.8968e-02
7025.4893 5.5692e-02
7027.5977 6.7291e-02
7029.7051 5.6694e-02
7031.8145 6.4997e-02
7033.9238 6.3621e-02
7036.0337 5.2608e-02
7038.1450 4.1893e-02
7040.2559 5.3855e-02
7042.3687 4.7021e-02
7044.4805 5.6952e-02
7046.5938 5.2574e-02
7048.7080 5.5636e-02
7050.8228 5.0584e-02
7052.9385 6.1355e-02
7055.0542 5.4400e-02
7057.1704 4.7924e-02
7059.2881 5.5450e-02
7061.4053 5.0540e-02
7063.5234 5.4210e-02
7065.6431 5.9510e-02
7067.7627 5.9399e-02
7069.8828 5.3081e-02
7072.0039 5.4621e-02
7074.1255 4.6200e-02
7076.2476 5.0104e-02
7078.3706 5.4725e-02
7080.4937 5.3438e-02
7082.6187 4.2726e-02
7084.7432 6.1125e-02
7086.8687 5.4708e-02
7088.9946 4.0855e-02
7091.1216 4.7142e-02
7093.2490 5.8363e-02
7095.3765 4.4706e-02
7097.5049 4.7121e-02
7099.6348 5.3513e-02
7101.7642 5.3517e-02
7103.8945 4.4758e-02
7106.0264 5.1270e-02
7108.1582 5.7165e-02
7110.2905 6.5824e-02
7112.4229 4.8691e-02
7114.5571 4.2268e-02
7116.6914 4.4312e-02
7118.8262 5.7183e-02
7120.9619 4.9377e-02
7123.0986 6.6172e-02
7125.2354 4.8434e-02
7127.3730 5.1384e-02
7129.5112 5.4251e-02
7131.6499 4.6558e-02
7133.7896 6.4842e-02
7135.9292 5.1246e-02
7138.0703 4.4712e-02
7140.2119 6.0251e-02
7142.3540 5.2798e-02
7144.4966 4.8201e-02
7146.6396 5.0009e-02
7148.7842 3.9190e-02
7150.9287 5.1757e-02
7153.0742 4.5746e-02
7155.2197 7.1429e-02
7157.3667 4.7812e-02
7159.5137 5.1892e-02
7161.6616 5.8232e-02
7163.8101 4.7106e-02
7165.9590 5.9162e-02
7168.1089 4.3692e-02
7170.2593 4.9252e-02
7172.4102 5.8762e-02
7174.5625 5.1112e-02
7176.7144 5.4039e-02
7178.8672 5.0738e-02
7181.0210 5.7900e-02
7183.1753 5.2072e-02
7185.3306 5.0192e-02
7187.4858 4.7565e-02
7189.6421 5.0061e-02
7191.7988 5.1676e-02
7193.9565 5.6007e-02
7196.1147 4.3660e-02
7198.2734 5.5653e-02
7200.4336 4.5435e-02
7202.5928 5.1188e-02
7204.7539 5.1923e-02
7206.9155 4.5132e-02
7209.0771 4.3833e-02
7211.2402 6.0014e-02
7213.4033 5.6358e-02
7215.5674 4.4501e-02
7217.7324 4.7500e-02
7219.8979 4.6800e-02
7222.0635 4.3912e-02
7224.2300 5.5157e-02
7226.3979 4.3599e-02
7228.5654 5.2493e-02
7230.7334 5.3805e-02
7232.9033 5.7192e-02
7235.0728 5.0425e-02
7237.2432 4.5212e-02
7239.4150 4.5187e-02
7241.5864 4.7248e-02
7243.7593 4.7446e-02
7245.9321 5.5261e-02
7248.1060 4.5887e-02
7250.2803 4.9164e-02
7252.4551 3.8828e-02
7254.6313 4.1677e-02
7256.8076 5.8557e-02
7258.9849 5.1190e-02
7261.1626 5.5627e-02
7263.3408 4.5168e-02
7265.5200 4.1824e-02
7267.6992 5.4853e-02
7269.8799 4.6036e-02
7272.0605 4.9873e-02
7274.2422 4.3528e-02
7276.4243 5.0753e-02
7278.6069 4.0726e-02
7280.7910 4.9422e-02
7282.9751 3.8574e-02
7285.1602 4.1570e-02
7287.3452 3.9651e-02
7289.5317 4.7296e-02
7291.7188 4.7871e-02
7293.9067 5.0465e-02
7296.0947 5.0856e-02
7298.2832 4.7695e-02
7300.4727 5.0999e-02
7302.6631 5.0116e-02
7304.8540 4.0797e-02
7307.0454 4.2461e-02
7309.2373 4.6167e-02
7311.4292 5.4441e-02
7313.6235 3.2992e-02
7315.8179 4.2308e-02
7318.0122 3.7563e-02
7320.2075 3.8858e-02
7322.4038 3.4807e-02
7324.6001 4.3857e-02
7326.7979 3.6745e-02
7328.9961 3.8465e-02
7331.1943 3.8823e-02
7333.3936 3.8644e-02
7335.5938 3.6993e-02
7337.7944 4.2473e-02
7339.9956 4.5772e-02
7342.1982 3.7186e-02
7344.4004 4.2301e-02
7346.6035 4.1138e-02
7348.8081 4.1576e-02
7351.0127 4.6170e-02
7353.2183 4.6703e-02
7355.4238 4.0511e-02
7357.6304 5.6189e-02
7359.8374 3.9879e-02
7362.0459 4.5155e-02
7364.2549 3.1700e-02
7366.4634 4.6989e-02
7368.6738 3.4377e-02
7370.8838 2.9297e-02
7373.0957 4.8486e-02
7375.3071 5.2681e-02
7377.5200 3.2492e-02
7379.7334 4.8343e-02
7381.9473 4.7348e-02
7384.1616 4.0021e-02
7386.3770 3.7211e-02
7388.5928 5.4940e-02
7390.8096 3.2497e-02
7393.0264 5.0644e-02
7395.2446 4.1900e-02
7397.4639 4.4596e-02
7399.6826 4.8172e-02
7401.9023 5.4197e-02
7404.1230 4.4494e-02
7406.3438 4.2388e-02
7408.5654 3.8389e-02
7410.7886 4.1042e-02
7413.0122 4.9360e-02
7415.2354 4.1844e-02
7417.4604 3.9058e-02
7419.6855 4.1976e-02
7421.9116 4.3554e-02
7424.1382 3.7711e-02
7426.3652 3.6155e-02
7428.5933 4.1675e-02
7430.8218 3.6933e-02
7433.0513 3.8256e-02
7435.2808 4.1810e-02
7437.5117 4.6256e-02
7439.7432 4.6052e-02
7441.9741 4.2666e-02
7444.2070 3.4922e-02
7446.4404 3.8905e-02
7448.6748 3.7039e-02
7450.9097 4.2759e-02
7453.1440 4.3119e-02
7455.3809 3.3820e-02
7457.6167 4.1867e-02
7459.8545 2.6384e-02
7462.0923 4.1640e-02
7464.3306 3.7006e-02
7466.5698 4.4345e-02
7468.8096 3.8489e-02
7471.0503 3.8756e-02
7473.2920 3.6062e-02
7475.5342 3.3855e-02
7477.7769 3.5755e-02
7480.0205 3.6396e-02
7482.2637 3.5647e-02
7484.5088 3.6067e-02
7486.7539 3.7032e-02
7489.0000 3.3381e-02
7491.2471 3.3039e-02
7493.4937 4.5921e-02
7495.7422 3.9611e-02
7497.9912 3.9156e-02
7500.2402 3.1853e-02
7502.4902 4.1125e-02
7504.7412 3.2125e-02
7506.9927 4.7335e-02
7509.2441 4.2023e-02
7511.4976 3.9841e-02
7513.7510 3.6846e-02
7516.0044 3.5971e-02
7518.2593 3.5077e-02
7520.5151 3.8136e-02
7522.7715 3.8996e-02
7525.0283 3.7511e-02
7527.2861 4.3413e-02
7529.5439 4.1986e-02
7531.8027 3.0419e-02
7534.0620 2.8585e-02
7536.3228 3.1760e-02
7538.5835 3.3822e-02
7540.8447 3.9315e-02
7543.1074 3.1071e-02
7545.3706 2.8385e-02
7547.6338 3.8872e-02
7549.8984 4.4091e-02
7552.1626 3.8730e-02
7554.4292 3.3763e-02
7556.6948 3.1842e-02
7558.9619 4.5476e-02
7561.2295 3.9730e-02
7563.4976 3.1464e-02
7565.7671 4.2059e-02
7568.0366 3.7057e-02
7570.3071 4.3065e-02
7572.5786 3.6221e-02
7574.8511 2.9569e-02
7577.1230 3.8906e-02
7579.3960 3.3838e-02
7581.6694 3.2178e-02
7583.9443 3.4322e-02
7586.2192 3.0248e-02
7588.4956 3.8402e-02
7590.7715 3.7239e-02
7593.0488 3.0966e-02
7595.3262 3.4211e-02
7597.6060 4.6774e-02
7599.8843 3.4029e-02
7602.1641 3.7388e-02
7604.4448 4.2299e-02
7606.7271 4.1058e-02
7609.0093 3.7343e-02
7611.2910 2.8482e-02
7613.5752 3.5369e-02
7615.8589 3.7080e-02
7618.1440 3.4615e-02
7620.4292 4.1852e-02
7622.7153 2.9734e-02
7625.0020 2.5369e-02
7627.2896 3.7694e-02
7629.5781 3.0417e-02
7631.8662 2.5493e-02
7634.1562 2.9028e-02
7636.4468 3.0547e-02
7638.7378 3.9460e-02
7641.0288 3.3739e-02
7643.3213 2.9728e-02
7645.6138 3.3712e-02
7647.9072 3.7949e-02
7650.2021 3.4273e-02
7652.4971 2.9566e-02
7654.7935 3.0179e-02
7657.0894 3.0643e-02
7659.3867 3.4462e-02
7661.6846 2.8347e-02
7663.9829 3.0323e-02
7666.2817 3.6622e-02
7668.5825 2.8338e-02
7670.8823 3.1882e-02
7673.1841 4.1715e-02
7675.4854 3.4728e-02
7677.7891 3.4210e-02
7680.0918 3.2326e-02
7682.3960 3.3864e-02
7684.7002 3.9974e-02
7687.0059 2.9714e-02
7689.3125 3.2513e-02
7691.6191 3.3557e-02
7693.9268 3.7972e-02
7696.2344 3.5492e-02
7698.5430 3.0759e-02
7700.8530 3.2092e-02
7703.1631 3.0503e-02
7705.4746 3.4314e-02
7707.7856 2.5873e-02
7710.0981 2.5712e-02
7712.4111 3.1290e-02
7714.7251 3.8520e-02
7717.0391 4.5118e-02
7719.3540 3.2010e-02
7721.6699 2.7851e-02
7723.9868 3.1764e-02
7726.3042 2.3843e-02
7728.6216 2.9123e-02
7730.9409 3.0093e-02
7733.2593 3.2675e-02
7735.5796 3.1809e-02
7737.9004 3.0108e-02
7740.2217 4.0124e-02
7742.5435 2.2769e-02
7744.8662 2.9532e-02
7747.1895 2.9598e-02
7749.5142 3.6089e-02
7751.8394 3.0530e-02
7754.1650 3.1785e-02
7756.4907 2.6419e-02
7758.8174 3.3425e-02
7761.1450 3.4546e-02
7763.4736 2.4110e-02
7765.8022 3.9241e-02
7768.1323 3.5093e-02
7770.4634 3.8854e-02
7772.7944 2.8706e-02
7775.1260 2.7012e-02
7777.4585 3.5024e-02
7779.7915 3.3528e-02
7782.1260 4.3652e-02
7784.4604 3.1638e-02
7786.7954 2.8855e-02
7789.1318 2.9928e-02
7791.4683 3.3659e-02
7793.8062 3.9271e-02
7796.1436 3.4573e-02
7798.4824 3.5859e-02
7800.8218 2.9989e-02
7803.1626 3.5332e-02
7805.5034 3.2066e-02
7807.8447 3.1277e-02
7810.1880 3.0832e-02
7812.5303 3.1016e-02
7814.8745 4.0364e-02
7817.2192 2.3690e-02
7819.5640 2.5798e-02
7821.9106 3.4091e-02
7824.2559 2.8111e-02
7826.6040 3.8536e-02
7828.9521 2.9006e-02
7831.3003 2.6239e-02
7833.6499 3.1972e-02
7835.9995 3.7124e-02
7838.3511 3.8564e-02
7840.7021 3.1762e-02
7843.0547 3.3171e-02
7845.4077 2.5311e-02
7847.7603 3.1178e-02
7850.1152 2.6942e-02
7852.4702 2.5781e-02
7854.8262 3.4551e-02
7857.1821 3.4067e-02
7859.5396 2.6135e-02
7861.8975 2.8538e-02
7864.2559 3.9462e-02
7866.6157 2.4879e-02
7868.9756 3.0949e-02
7871.3359 2.9929e-02
7873.6978 2.8179e-02
7876.0601 2.6860e-02
7878.4224 3.4396e-02
7880.7856 2.4966e-02
7883.1509 3.0324e-02
7885.5151 3.3067e-02
7887.8809 3.3839e-02
7890.2476 3.2496e-02
7892.6147 3.0944e-02
7894.9814 3.0549e-02
7897.3501 2.8572e-02
7899.7192 3.1539e-02
7902.0898 3.7088e-02
7904.4604 2.8130e-02
7906.8311 3.3094e-02
7909.2036 3.6151e-02
7911.5767 2.8470e-02
7913.9497 2.1238e-02
7916.3247 3.9344e-02
7918.6987 2.8778e-02
7921.0742 2.7190e-02
7923.4512 3.4640e-02
7925.8276 2.7924e-02
7928.2051 2.7152e-02
7930.5845 2.8427e-02
7932.9634 3.5198e-02
7935.3433 3.0290e-02
7937.7236 2.9753e-02
7940.1050 2.6353e-02
7942.4873 4.1708e-02
7944.8701 3.0003e-02
7947.2529 3.8014e-02
7949.6377 3.0587e-02
7952.0225 3.3805e-02
7954.4082 3.3225e-02
7956.7949 2.7708e-02
7959.1807 3.5340e-02
7961.5688 3.2643e-02
7963.9580 2.5465e-02
7966.3462 2.9308e-02
7968.7368 3.3415e-02
7971.1274 3.8853e-02
7973.5181 2.8086e-02
7975.9111 4.6605e-02
7978.3032 4.0133e-02
7980.6973 3.1777e-02
7983.0908 3.5055e-02
7985.4858 2.8059e-02
7987.8823 3.1546e-02
7990.2778 3.2582e-02
7992.6748 2.8558e-02
7995.0728 3.5730e-02
7997.4717 3.8796e-02
7999.8711 3.2257e-02
8002.2710 4.0692e-02
8004.6709 3.3872e-02
8007.0723 2.4044e-02
8009.4746 3.2986e-02
8011.8779 3.4399e-02
8014.2812 3.5361e-02
8016.6855 3.5334e-02
8019.0903 2.9841e-02
8021.4966 3.2205e-02
8023.9028 2.7753e-02
8026.3105 2.7972e-02
8028.7173 3.0567e-02
8031.1260 4.3987e-02
8033.5361 3.2922e-02
8035.9458 3.6850e-02
8038.3569 3.8967e-02
8040.7681 3.7205e-02
8043.1807 2.7718e-02
8045.5933 2.9920e-02
8048.0068 3.4315e-02
8050.4214 3.4025e-02
8052.8364 3.8476e-02
8055.2520 3.2613e-02
8057.6689 3.6680e-02
8060.0864 3.5223e-02
8062.5049 3.3938e-02
8064.9229 3.7474e-02
8067.3423 3.1905e-02
8069.7632 4.4161e-02
8072.1836 3.5402e-02
8074.6050 3.0837e-02
8077.0278 3.3512e-02
8079.4507 3.6877e-02
8081.8745 2.3691e-02
8084.2988 3.5426e-02
8086.7251 2.6744e-02
8089.1509 4.3954e-02
8091.5771 3.1257e-02
8094.0049 3.0450e-02
8096.4331 3.3134e-02
8098.8618 3.2590e-02
8101.2910 3.4089e-02
8103.7217 3.4905e-02
8106.1528 2.6887e-02
8108.5845 3.9943e-02
8111.0171 3.1509e-02
8113.4502 3.4882e-02
8115.8843 3.1053e-02
8118.3188 3.5754e-02
8120.7549 3.5507e-02
8123.1914 2.9940e-02
8125.6284 3.0480e-02
8128.0659 2.9158e-02
8130.5049 3.0287e-02
8132.9438 3.1131e-02
8135.3833 3.2932e-02
8137.8237 3.2892e-02
8140.2651 3.8172e-02
8142.7075 3.5623e-02
8145.1504 3.6650e-02
8147.5938 3.3824e-02
8150.0376 3.6051e-02
8152.4834 2.6546e-02
8154.9292 2.9369e-02
8157.3750 3.4363e-02
8159.8228 3.5714e-02
8162.2705 3.3473e-02
8164.7192 2.7426e-02
8167.1685 3.5958e-02
8169.6187 3.2371e-02
8172.0693 3.7787e-02
8174.5210 2.3798e-02
8176.9736 3.3592e-02
8179.4268 2.5588e-02
8181.8809 3.3785e-02
8184.3350 3.3899e-02
8186.7900 2.6740e-02
8189.2456 2.0874e-02
8191.7031 3.0383e-02
8194.1602 3.1237e-02
8196.6191 2.9213e-02
8199.0781 3.3610e-02
8201.5371 2.2005e-02
8203.9980 2.8305e-02
8206.4590 3.7874e-02
8208.9219 2.8229e-02
8211.3838 3.0947e-02
8213.8477 2.6092e-02
8216.3115 3.1274e-02
8218.7764 2.6468e-02
8221.2422 2.8411e-02
8223.7090 3.2728e-02
8226.1758 2.7832e-02
8228.6436 3.0125e-02
8231.1123 3.6757e-02
8233.5811 3.4202e-02
8236.0518 3.2085e-02
8238.5215 2.8577e-02
8240.9932 2.9615e-02
8243.4658 2.6774e-02
8245.9395 3.7970e-02
8248.4131 3.1148e-02
8250.8877 2.6938e-02
8253.3623 3.3527e-02
8255.8389 3.4385e-02
8258.3154 2.7250e-02
8260.7920 3.7159e-02
8263.2715 3.4655e-02
8265.7500 3.1745e-02
8268.2305 3.1749e-02
8270.7100 3.0551e-02
8273.1914 2.8411e-02
8275.6738 3.9026e-02
8278.1553 3.2860e-02
8280.6396 3.2851e-02
8283.1240 3.4201e-02
8285.6094 3.5791e-02
8288.0947 3.9048e-02
8290.5811 3.2700e-02
8293.0674 3.7484e-02
8295.5557 3.0424e-02
8298.0449 3.2541e-02
8300.5352 3.6540e-02
8303.0234 2.0264e-02
8305.5156 3.7010e-02
8308.0068 3.5282e-02
8310.5000 3.1439e-02
8312.9922 3.4745e-02
8315.4863 3.3308e-02
8317.9805 3.6727e-02
8320.4766 3.6641e-02
8322.9717 4.0042e-02
8325.4697 3.7846e-02
8327.9668 3.0920e-02
8330.4658 2.7468e-02
8332.9639 3.6256e-02
8335.4648 3.5664e-02
8337.9648 3.1358e-02
8340.4668 4.3512e-02
8342.9688 3.6020e-02
8345.4717 3.4819e-02
8347.9746 3.3764e-02
8350.4795 3.3524e-02
8352.9844 3.7369e-02
8355.4902 3.2799e-02
8357.9971 4.3197e-02
8360.5039 3.2696e-02
8363.0127 2.8804e-02
8365.5215 3.7385e-02
8368.0312 3.7109e-02
8370.5420 3.3050e-02
8373.0527 4.0840e-02
8375.5654 4.0181e-02
8378.0771 3.1153e-02
8380.5908 2.7864e-02
8383.1045 3.0507e-02
8385.6191 3.8043e-02
8388.1348 4.2871e-02
8390.6523 3.9623e-02
8393.1689 4.5294e-02
8395.6865 3.7132e-02
8398.2061 3.7295e-02
8400.7246 3.4199e-02
8403.2461 3.8076e-02
8405.7666 4.0650e-02
8408.2881 3.8852e-02
8410.8105 4.0961e-02
8413.3340 4.3685e-02
8415.8584 3.8138e-02
8418.3818 4.5915e-02
8420.9082 3.5834e-02
8423.4346 3.9139e-02
8425.9609 4.9594e-02
8428.4893 4.4910e-02
8431.0186 4.0693e-02
8433.5479 3.7018e-02
8436.0771 4.5883e-02
8438.6074 3.9756e-02
8441.1396 3.9141e-02
8443.6729 3.7758e-02
8446.2051 4.3687e-02
8448.7383 4.0141e-02
8451.2734 3.7806e-02
8453.8086 4.7458e-02
8456.3457 3.4683e-02
8458.8828 4.9559e-02
8461.4199 4.5313e-02
8463.9580 4.4076e-02
8466.4971 4.3718e-02
8469.0371 4.6642e-02
8471.5781 4.9987e-02
8474.1191 4.3716e-02
8476.6621 4.3819e-02
8479.2051 4.2792e-02
8481.7480 4.5520e-02
8484.2930 5.8845e-02
8486.8379 5.2554e-02
8489.3848 4.0578e-02
8491.9316 4.4464e-02
8494.4795 4.4851e-02
8497.0264 5.0664e-02
8499.5762 5.0633e-02
8502.1260 5.3061e-02
8504.6777 4.3792e-02
8507.2285 4.6690e-02
8509.7803 4.7464e-02
8512.3330 6.5057e-02
8514.8857 4.6936e-02
8517.4414 6.4346e-02
8519.9961 5.1236e-02
8522.5527 4.7528e-02
8525.1094 5.4915e-02
8527.6670 4.8816e-02
8530.2246 4.8618e-02
8532.7842 4.5804e-02
8535.3438 5.1290e-02
8537.9053 4.4589e-02
8540.4668 5.2880e-02
8543.0273 5.3853e-02
8545.5908 4.4691e-02
8548.1543 5.0396e-02
8550.7188 6.0650e-02
8553.2842 4.7828e-02
8555.8496 5.8330e-02
8558.4170 4.6734e-02
8560.9844 5.5818e-02
8563.5527 4.6078e-02
8566.1221 5.1589e-02
8568.6914 5.8965e-02
8571.2617 5.2141e-02
8573.8350 4.7721e-02
8576.4062 4.6466e-02
8578.9785 5.0362e-02
8581.5527 5.6053e-02
8584.1270 6.0977e-02
8586.7031 5.1062e-02
8589.2783 5.5867e-02
8591.8555 5.9826e-02
8594.4326 5.7102e-02
8597.0117 5.4510e-02
8599.5898 5.1589e-02
8602.1699 5.3747e-02
8604.7500 5.8513e-02
8607.3320 5.9499e-02
8609.9150 5.9711e-02
8612.4971 5.4659e-02
8615.0811 5.7578e-02
8617.6660 5.8643e-02
8620.2500 5.0786e-02
8622.8369 4.6342e-02
8625.4229 4.0971e-02
8628.0117 5.7768e-02
8630.6006 5.8740e-02
8633.1885 6.2696e-02
8635.7793 5.9982e-02
8638.3711 6.2318e-02
8640.9609 6.9215e-02
8643.5527 4.8584e-02
8646.1465 5.4888e-02
8648.7393 5.6505e-02
8651.3350 5.4264e-02
8653.9307 5.1982e-02
8656.5264 6.1801e-02
8659.1230 6.7988e-02
8661.7207 4.9401e-02
8664.3203 5.6668e-02
8666.9189 6.1598e-02
8669.5186 6.7683e-02
8672.1201 5.9574e-02
8674.7217 6.2508e-02
8677.3242 5.9002e-02
8679.9277 4.5386e-02
8682.5312 5.7927e-02
8685.1367 5.8536e-02
8687.7412 6.5851e-02
8690.3477 5.2971e-02
8692.9551 5.9154e-02
8695.5625 5.8414e-02
8698.1709 5.9569e-02
8700.7803 5.1112e-02
8703.3916 5.3379e-02
8706.0020 5.8021e-02
8708.6133 6.1397e-02
8711.2266 5.9850e-02
8713.8398 5.4376e-02
8716.4541 6.1653e-02
8719.0684 6.0088e-02
8721.6846 5.8352e-02
8724.3018 5.9154e-02
8726.9189 6.3838e-02
8729.5371 5.6100e-02
8732.1553 5.1934e-02
8734.7754 6.1651e-02
8737.3955 5.0886e-02
8740.0166 6.2355e-02
8742.6387 4.8027e-02
8745.2607 6.1529e-02
8747.8848 5.8715e-02
8750.5098 5.4536e-02
8753.1348 6.4574e-02
8755.7607 5.4245e-02
8758.3867 4.9988e-02
8761.0146 5.8309e-02
8763.6436 5.9823e-02
8766.2715 5.6774e-02
8768.9023 6.3213e-02
8771.5322 5.1581e-02
8774.1641 5.3700e-02
8776.7959 5.2496e-02
8779.4287 5.5577e-02
8782.0635 4.8688e-02
8784.6982 5.6947e-02
8787.3330 6.2871e-02
8789.9697 5.1964e-02
8792.6074 5.5752e-02
8795.2451 5.5238e-02
8797.8838 5.1656e-02
8800.5234 5.4933e-02
8803.1621 5.0347e-02
8805.8027 5.6552e-02
8808.4453 5.5258e-02
8811.0879 5.4232e-02
8813.7314 5.3903e-02
8816.3750 4.1254e-02
8819.0205 5.7390e-02
8821.6660 5.6082e-02
8824.3125 5.6605e-02
8826.9590 4.6007e-02
8829.6084 6.2165e-02
8832.2568 5.3288e-02
8834.9062 5.6281e-02
8837.5557 5.5069e-02
8840.2080 5.1590e-02
8842.8594 6.0633e-02
8845.5127 6.1207e-02
8848.1670 4.8493e-02
8850.8213 5.7449e-02
8853.4766 4.7089e-02
8856.1328 5.1465e-02
8858.7881 5.1687e-02
8861.4463 5.1223e-02
8864.1045 5.3628e-02
8866.7646 5.4697e-02
8869.4238 5.2325e-02
8872.0850 4.8710e-02
8874.7471 4.3467e-02
8877.4092 4.5218e-02
8880.0732 4.7053e-02
8882.7373 4.7152e-02
8885.4014 5.0739e-02
8888.0674 4.8438e-02
8890.7334 4.7110e-02
8893.4004 5.7216e-02
8896.0684 4.3210e-02
8898.7373 5.0949e-02
8901.4072 3.5648e-02
8904.0771 4.9639e-02
8906.7480 5.5861e-02
8909.4199 4.7148e-02
8912.0938 4.6052e-02
8914.7676 4.6601e-02
8917.4414 5.4667e-02
8920.1172 5.2821e-02
8922.7930 5.7045e-02
8925.4697 4.9684e-02
8928.1475 5.6458e-02
8930.8262 5.1203e-02
8933.5049 5.1459e-02
8936.1855 5.4637e-02
8938.8652 4.2752e-02
8941.5469 4.0231e-02
8944.2295 6.4897e-02
8946.9141 4.7714e-02
8949.5977 5.1879e-02
8952.2822 4.4513e-02
8954.9678 4.7027e-02
8957.6553 5.1035e-02
8960.3418 4.5230e-02
8963.0293 5.3839e-02
8965.7178 5.1776e-02
8968.4082 4.1760e-02
8971.0986 4.3150e-02
8973.7910 4.7391e-02
8976.4824 4.9631e-02
8979.1748 5.3828e-02
8981.8691 4.5563e-02
8984.5635 4.8862e-02
8987.2588 5.7979e-02
8989.9551 4.3441e-02
8992.6523 4.3318e-02
8995.3506 5.5774e-02
8998.0488 4.9280e-02
9000.7480 4.3749e-02
9003.4482 4.5730e-02
9006.1494 4.6758e-02
9008.8516 4.1179e-02
9011.5537 4.3856e-02
9014.2578 3.1196e-02
9016.9609 5.2484e-02
9019.6660 4.8737e-02
9022.3721 4.2972e-02
9025.0791 4.4171e-02
9027.7871 4.5259e-02
9030.4951 3.7807e-02
9033.2051 4.7576e-02
9035.9150 3.9809e-02
9038.6260 3.6642e-02
9041.3369 5.0708e-02
9044.0498 3.7594e-02
9046.7627 4.2837e-02
9049.4766 5.0207e-02
9052.1914 4.1503e-02
9054.9072 3.9549e-02
9057.6240 4.0745e-02
9060.3398 3.6371e-02
9063.0586 4.1315e-02
9065.7773 4.6301e-02
9068.4971 3.9186e-02
9071.2168 4.9615e-02
9073.9395 4.4799e-02
9076.6611 4.2659e-02
9079.3848 4.1368e-02
9082.1074 4.3697e-02
9084.8330 4.5077e-02
9087.5576 3.3567e-02
9090.2832 3.5735e-02
9093.0117 4.4062e-02
9095.7393 3.1973e-02
9098.4688 3.3092e-02
9101.1973 3.7982e-02
9103.9287 3.6581e-02
9106.6592 4.4675e-02
9109.3906 3.7712e-02
9112.1250 4.0142e-02
9114.8584 3.5175e-02
9117.5928 4.5785e-02
9120.3271 2.8020e-02
9123.0635 3.7687e-02
9125.8008 3.9156e-02
9128.5391 4.4222e-02
9131.2764 3.5638e-02
9134.0156 3.5102e-02
9136.7568 3.6998e-02
9139.4980 3.8479e-02
9142.2383 3.7094e-02
9144.9814 3.8871e-02
9147.7266 3.2402e-02
9150.4707 4.2392e-02
9153.2158 3.7024e-02
9155.9609 3.7604e-02
9158.7070 3.3440e-02
9161.4551 4.2237e-02
9164.2041 2.8505e-02
9166.9531 3.3656e-02
9169.7031 3.7217e-02
9172.4541 3.7812e-02
9175.2051 4.1576e-02
9177.9580 4.1523e-02
9180.7109 3.1216e-02
9183.4668 3.2875e-02
9186.2207 3.9074e-02
9188.9766 3.3472e-02
9191.7334 3.2821e-02
9194.4912 3.0618e-02
9197.2490 2.8118e-02
9200.0088 3.7458e-02
9202.7686 3.4164e-02
9205.5293 3.3386e-02
9208.2920 2.7542e-02
9211.0527 2.6871e-02
9213.8164 3.4795e-02
9216.5811 2.2604e-02
9219.3467 3.9972e-02
9222.1113 3.3853e-02
9224.8789 3.7969e-02
9227.6455 3.1604e-02
9230.4141 3.8304e-02
9233.1836 2.7600e-02
9235.9531 2.5242e-02
9238.7246 3.5378e-02
9241.4951 3.4290e-02
9244.2686 3.0575e-02
9247.0410 2.6895e-02
9249.8154 2.6223e-02
9252.5908 3.1415e-02
9255.3652 3.0327e-02
9258.1426 2.6763e-02
9260.9209 2.5561e-02
9263.6992 2.8650e-02
9266.4775 3.4582e-02
9269.2568 2.6564e-02
9272.0381 2.4311e-02
9274.8203 3.0840e-02
9277.6025 3.0610e-02
9280.3857 3.8626e-02
9283.1709 3.0804e-02
9285.9541 2.7349e-02
9288.7402 2.8712e-02
9291.5264 3.5997e-02
9294.3135 3.4349e-02
9297.1025 3.1354e-02
9299.8926 2.9387e-02
9302.6816 2.9253e-02
9305.4727 3.1155e-02
9308.2646 3.4175e-02
9311.0566 3.9316e-02
9313.8506 2.4291e-02
9316.6436 2.7433e-02
9319.4395 3.2200e-02
9322.2354 2.9411e-02
9325.0322 2.8187e-02
9327.8291 3.5779e-02
9330.6279 3.0037e-02
9333.4277 2.6191e-02
9336.2266 3.4512e-02
9339.0283 2.6757e-02
9341.8291 3.4269e-02
9344.6318 2.6568e-02
9347.4355 3.3406e-02
9350.2402 3.4437e-02
9353.0449 3.4338e-02
9355.8516 2.2400e-02
9358.6572 2.6913e-02
9361.4658 2.1981e-02
9364.2734 2.6897e-02
9367.0830 2.5275e-02
9369.8936 2.7181e-02
9372.7041 2.5788e-02
9375.5156 2.8775e-02
9378.3291 2.7161e-02
9381.1416 2.8278e-02
9383.9561 2.9510e-02
9386.7715 3.4024e-02
9389.5879 2.4924e-02
9392.4043 2.6854e-02
9395.2217 2.7023e-02
9398.0400 2.5685e-02
9400.8594 2.7716e-02
9403.6807 3.2084e-02
9406.5020 2.7799e-02
9409.3242 2.7618e-02
9412.1465 2.6707e-02
9414.9707 2.2415e-02
9417.7939 3.5249e-02
9420.6201 2.2984e-02
9423.4453 3.0220e-02
9426.2725 3.4126e-02
9429.1006 2.6267e-02
9431.9287 2.4309e-02
9434.7588 2.9323e-02
9437.5898 3.0013e-02
9440.4209 3.0324e-02
9443.2529 2.6614e-02
9446.0859 1.7507e-02
9448.9199 1.9329e-02
9451.7549 2.4358e-02
9454.5889 2.2910e-02
9457.4268 2.9450e-02
9460.2637 1.6516e-02
9463.1016 2.2347e-02
9465.9414 2.1894e-02
9468.7803 2.5195e-02
9471.6211 2.3019e-02
9474.4629 2.2471e-02
9477.3047 2.3927e-02
9480.1484 2.0969e-02
9482.9922 2.4530e-02
9485.8369 2.1791e-02
9488.6836 2.1177e-02
9491.5303 2.0411e-02
9494.3760 1.6921e-02
9497.2256 3.1992e-02
9500.0742 2.6765e-02
9502.9238 2.8941e-02
9505.7754 2.2721e-02
9508.6270 1.7713e-02
9511.4805 2.3041e-02
9514.3320 1.4263e-02
9517.1875 2.1377e-02
9520.0420 2.1402e-02
9522.8984 1.5135e-02
9525.7559 2.5800e-02
9528.6133 2.7422e-02
9531.4717 2.0403e-02
9534.3311 2.3482e-02
9537.1914 1.9869e-02
9540.0518 2.1686e-02
9542.9150 2.0125e-02
9545.7773 2.1828e-02
9548.6416 2.3894e-02
9551.5059 1.8096e-02
9554.3711 2.0812e-02
9557.2373 1.7771e-02
9560.1045 2.3960e-02
9562.9727 2.1318e-02
9565.8418 2.5496e-02
9568.7109 1.9806e-02
9571.5820 1.7442e-02
9574.4531 2.4935e-02
9577.3252 1.8511e-02
9580.1992 2.2992e-02
9583.0723 1.4779e-02
9585.9473 1.7107e-02
9588.8242 2.2187e-02
9591.7002 1.9084e-02
9594.5781 1.8613e-02
9597.4561 2.0955e-02
9600.3350 1.9123e-02
9603.2158 2.0000e-02
9606.0957 1.6662e-02
9608.9775 1.6435e-02
9611.8613 1.9302e-02
9614.7441 1.6843e-02
9617.6279 1.6678e-02
9620.5137 1.5059e-02
9623.4014 1.5199e-02
9626.2881 1.8679e-02
9629.1748 1.5159e-02
9632.0645 1.6313e-02
9634.9541 1.7869e-02
9637.8438 1.8575e-02
9640.7363 1.7200e-02
9643.6270 1.5031e-02
9646.5215 1.6561e-02
9649.4141 1.7056e-02
9652.3086 1.2922e-02
9655.2051 1.4040e-02
9658.1016 1.6014e-02
9660.9990 1.6510e-02
9663.8975 1.5255e-02
9666.7969 1.7501e-02
9669.6973 2.0909e-02
9672.5967 1.0611e-02
9675.5000 1.5993e-02
9678.4023 1.3206e-02
9681.3057 2.2670e-02
9684.2109 1.2517e-02
9687.1152 1.5459e-02
9690.0215 1.4184e-02
9692.9287 1.6798e-02
9695.8369 1.8436e-02
9698.7441 2.0103e-02
9701.6553 1.4066e-02
9704.5645 9.5262e-03
9707.4775 1.2063e-02
9710.3887 1.5117e-02
9713.3008 1.4160e-02
9716.2158 1.2736e-02
9719.1299 1.4865e-02
9722.0459 1.3523e-02
9724.9629 1.2123e-02
9727.8809 1.5290e-02
9730.7988 1.4781e-02
9733.7178 1.2896e-02
9736.6387 1.7061e-02
9739.5586 1.1126e-02
9742.4805 1.7242e-02
9745.4033 1.5317e-02
9748.3281 1.6594e-02
9751.2520 1.8566e-02
9754.1777 1.2659e-02
9757.1035 1.7191e-02
9760.0303 1.4193e-02
9762.9590 1.4579e-02
9765.8877 1.5179e-02
9768.8174 1.4559e-02
9771.7480 9.5825e-03
9774.6797 1.5357e-02
9777.6113 1.3482e-02
9780.5459 9.4273e-03
9783.4795 1.3658e-02
9786.4141 1.3629e-02
9789.3496 1.7223e-02
9792.2871 1.5548e-02
9795.2256 1.1547e-02
9798.1641 1.5294e-02
9801.1035 1.0071e-02
9804.0430 1.2168e-02
9806.9844 1.1683e-02
9809.9268 1.1936e-02
9812.8691 1.2292e-02
9815.8125 1.4457e-02
9818.7578 1.1106e-02
9821.7041 1.0534e-02
9824.6494 1.5908e-02
9827.5967 1.4223e-02
9830.5469 6.8525e-03
9833.4951 1.4706e-02
9836.4453 9.5763e-03
9839.3965 1.1145e-02
9842.3486 1.3088e-02
9845.2998 1.4534e-02
9848.2549 9.5505e-03
9851.2080 1.2202e-02
9854.1641 1.2298e-02
9857.1201 1.1113e-02
9860.0771 1.3357e-02
9863.0361 1.5094e-02
9865.9941 1.2212e-02
9868.9541 1.0337e-02
9871.9150 1.1872e-02
9874.8760 1.3993e-02
9877.8389 9.5858e-03
9880.8018 1.0180e-02
9883.7666 8.8236e-03
9886.7324 1.1192e-02
9889.6982 1.2952e-02
9892.6641 1.7153e-02
9895.6338 1.5032e-02
9898.6016 1.4697e-02
9901.5713 1.1620e-02
9904.5420 8.3696e-03
9907.5127 1.1166e-02
9910.4854 9.8198e-03
9913.4590 1.1244e-02
9916.4326 1.4563e-02
9919.4072 1.6798e-02
9922.3828 1.4047e-02
9925.3584 6.3870e-03
9928.3379 8.9819e-03
9931.3164 1.2654e-02
9934.2949 1.1412e-02
9937.2754 9.1333e-03
9940.2568 1.1547e-02
9943.2383 1.2915e-02
9946.2207 1.1689e-02
9949.2061 1.3226e-02
9952.1904 1.3704e-02
9955.1758 8.9745e-03
9958.1631 9.2498e-03
9961.1494 1.0070e-02
9964.1387 1.3432e-02
9967.1279 1.3947e-02
9970.1182 8.7757e-03
9973.1084 1.3255e-02
9976.1006 2.0157e-02
9979.0928 1.0715e-02
9982.0859 1.0651e-02
9985.0820 1.0618e-02
9988.0771 9.4487e-03
9991.0732 9.5979e-03
9994.0713 1.4062e-02
9997.0693 1.1480e-02
10000.0684 1.4046e-02
10003.0674 8.4659e-03
10006.0684 8.0149e-03
10009.0713 9.5216e-03
10012.0742 1.1330e-02
10015.0771 9.1121e-03
10018.0820 8.0817e-03
10021.0879 9.8813e-03
10024.0938 1.4191e-02
10027.1006 9.3405e-03
10030.1084 5.5983e-03
10033.1172 1.0317e-02
10036.1270 1.1020e-02
10039.1387 6.3509e-03
10042.1504 7.2863e-03
10045.1631 1.1679e-02
10048.1768 9.9487e-03
10051.1924 9.5517e-03
10054.2061 7.5596e-03
10057.2227 1.1960e-02
10060.2402 8.2013e-03
10063.2578 1.3019e-02
10066.2773 1.3935e-02
10069.2969 8.9078e-03
10072.3174 8.4727e-03
10075.3379 9.1194e-03
10078.3623 1.0950e-02
10081.3848 9.6984e-03
10084.4102 7.7396e-03
10087.4346 1.2781e-02
10090.4619 1.0760e-02
10093.4883 1.0333e-02
10096.5166 1.1458e-02
10099.5459 6.1025e-03
10102.5742 5.4488e-03
10105.6055 8.6226e-03
10108.6367 8.4579e-03
10111.6709 1.1808e-02
10114.7041 1.2097e-02
10117.7383 4.8664e-03
10120.7734 5.5823e-03
10123.8105 7.3510e-03
10126.8477 8.9725e-03
10129.8857 5.3567e-03
10132.9248 8.7710e-03
10135.9648 1.0037e-02
10139.0049 9.5972e-03
10142.0479 7.1659e-03
10145.0879 1.0671e-02
10148.1318 1.5080e-02
10151.1768 5.8303e-03
10154.2227 9.2079e-03
10157.2686 7.2472e-03
10160.3154 8.3142e-03
10163.3643 1.0459e-02
10166.4121 1.0183e-02
10169.4629 1.1059e-02
10172.5137 8.4125e-03
10175.5654 1.0438e-02
10178.6191 1.2938e-02
10181.6719 1.3813e-02
10184.7256 7.9216e-03
10187.7822 8.9173e-03
10190.8379 1.2882e-02
10193.8945 1.0143e-02
10196.9541 1.0003e-02
10200.0127 1.1137e-02
10203.0723 9.5479e-03
10206.1328 1.1129e-02
10209.1953 7.4796e-03
10212.2578 7.6679e-03
10215.3223 8.8332e-03
10218.3867 9.7320e-03
10221.4521 9.4772e-03
10224.5186 1.3009e-02
10227.5850 1.0772e-02
10230.6543 8.3148e-03
10233.7246 7.4066e-03
10236.7930 1.0289e-02
10239.8643 1.3058e-02
10242.9355 1.1154e-02
10246.0098 1.1912e-02
10249.0830 1.0816e-02
10252.1572 8.7216e-03
10255.2334 9.7620e-03
10258.3096 1.0348e-02
10261.3877 6.6539e-03
10264.4648 8.1769e-03
10267.5449 1.4412e-02
10270.6250 1.0262e-02
