# time_explosion = 5.25
# 
3082.8928 4.5255e-02
3083.8179 2.8089e-02
3084.7432 3.2793e-02
3085.6685 2.6454e-02
3086.5940 2.7777e-02
3087.5200 2.5399e-02
3088.4463 2.5181e-02
3089.3728 4.1995e-02
3090.2996 3.6003e-02
3091.2268 4.6517e-02
3092.1541 4.0946e-02
3093.0815 2.1220e-02
3094.0098 3.2892e-02
3094.9380 3.7007e-02
3095.8665 5.1479e-02
3096.7952 4.0809e-02
3097.7241 3.4186e-02
3098.6536 3.3016e-02
3099.5828 1.8493e-02
3100.5129 3.3739e-02
3101.4431 5.7053e-02
3102.3735 5.9166e-02
3103.3042 5.9001e-02
3104.2354 1.7193e-02
3105.1665 2.7852e-02
3106.0981 4.6141e-02
3107.0300 3.5033e-02
3107.9619 1.3680e-02
3108.8943 4.2305e-02
3109.8269 2.2528e-02
3110.7600 1.6690e-02
3111.6929 2.6695e-02
3112.6265 3.5051e-02
3113.5605 3.4324e-02
3114.4944 2.9373e-02
3115.4290 1.6926e-02
3116.3635 3.7105e-02
3117.2986 1.6895e-02
3118.2336 3.2787e-02
3119.1689 1.3145e-02
3120.1047 1.7275e-02
3121.0410 2.2754e-02
3121.9773 3.5313e-02
3122.9136 1.8845e-02
3123.8508 2.3600e-02
3124.7878 1.9922e-02
3125.7251 1.5490e-02
3126.6628 1.9601e-02
3127.6008 1.5060e-02
3128.5393 2.3621e-02
3129.4778 2.1450e-02
3130.4170 2.3110e-02
3131.3557 2.4924e-02
3132.2954 5.2362e-02
3133.2349 1.5915e-02
3134.1748 1.8166e-02
3135.1150 3.5856e-02
3136.0559 3.6723e-02
3136.9968 2.6601e-02
3137.9377 3.4370e-02
3138.8789 2.2718e-02
3139.8206 4.4839e-02
3140.7625 3.9054e-02
3141.7046 3.6343e-02
3142.6472 1.7343e-02
3143.5901 1.6737e-02
3144.5334 3.5305e-02
3145.4766 3.2892e-02
3146.4202 1.2031e-02
3147.3643 4.7973e-02
3148.3086 1.5652e-02
3149.2529 4.4343e-02
3150.1975 3.4033e-02
3151.1426 3.8634e-02
3152.0881 3.9857e-03
3153.0337 2.4531e-02
3153.9795 3.4146e-02
3154.9255 2.1995e-02
3155.8723 3.7519e-02
3156.8188 2.5969e-02
3157.7661 1.8796e-02
3158.7134 2.0295e-02
3159.6609 3.4108e-02
3160.6086 3.4838e-02
3161.5571 2.4942e-02
3162.5054 1.8887e-02
3163.4541 3.3048e-02
3164.4031 2.7300e-02
3165.3528 3.3743e-02
3166.3022 3.7481e-02
3167.2522 4.1108e-02
3168.2024 2.2544e-02
3169.1526 2.6806e-02
3170.1035 2.8848e-02
3171.0544 3.2275e-02
3172.0061 3.2615e-02
3172.9573 3.3462e-02
3173.9092 3.4234e-02
3174.8613 1.9594e-02
3175.8140 4.8954e-02
3176.7668 1.9690e-02
3177.7197 4.1820e-02
3178.6729 2.3477e-02
3179.6267 1.1679e-02
3180.5808 1.7776e-02
3181.5347 2.1659e-02
3182.4893 2.9149e-02
3183.4438 3.6187e-02
3184.3987 3.2716e-02
3185.3542 2.5296e-02
3186.3101 4.3202e-02
3187.2659 3.3206e-02
3188.2217 3.5903e-02
3189.1785 2.7261e-02
3190.1350 3.0956e-02
3191.0920 6.4075e-02
3192.0493 3.9722e-02
3193.0071 2.7455e-02
3193.9651 2.7939e-02
3194.9233 3.6725e-02
3195.8818 4.0505e-02
3196.8408 3.4205e-02
3197.7996 3.5468e-02
3198.7590 3.3263e-02
3199.7185 4.2592e-02
3200.6782 3.8414e-02
3201.6387 4.8295e-02
3202.5991 5.0093e-02
3203.5598 4.5308e-02
3204.5208 3.4342e-02
3205.4824 3.1574e-02
3206.4441 1.5875e-02
3207.4058 2.8105e-02
3208.3682 2.2783e-02
3209.3306 2.5060e-02
3210.2935 3.2247e-02
3211.2563 2.7841e-02
3212.2200 2.3547e-02
3213.1833 2.5564e-02
3214.1472 3.9281e-02
3215.1118 3.1739e-02
3216.0764 1.2562e-02
3217.0413 3.6969e-02
3218.0061 4.5389e-02
3218.9714 3.4087e-02
3219.9373 3.8999e-02
3220.9031 6.7101e-03
3221.8699 3.3603e-02
3222.8362 3.6551e-02
3223.8030 3.0568e-02
3224.7700 2.9773e-02
3225.7375 2.1244e-02
3226.7053 1.2269e-02
3227.6731 2.8204e-02
3228.6416 3.3227e-02
3229.6101 2.3443e-02
3230.5791 2.8271e-02
3231.5483 3.3233e-02
3232.5178 2.1907e-02
3233.4875 2.2777e-02
3234.4575 2.4090e-02
3235.4280 3.8828e-02
3236.3984 2.3644e-02
3237.3691 3.4433e-02
3238.3403 2.6007e-02
3239.3120 2.8639e-02
3240.2839 2.8785e-02
3241.2559 2.6183e-02
3242.2285 3.8810e-02
3243.2012 2.6069e-02
3244.1743 2.4759e-02
3245.1472 2.1808e-02
3246.1208 3.8914e-02
3247.0947 1.5486e-02
3248.0688 2.2117e-02
3249.0432 3.3508e-02
3250.0178 2.8909e-02
3250.9929 2.7706e-02
3251.9680 1.9383e-02
3252.9438 3.7849e-02
3253.9194 3.2216e-02
3254.8958 2.8559e-02
3255.8723 3.5179e-02
3256.8489 8.5376e-03
3257.8262 3.5050e-02
3258.8035 2.4964e-02
3259.7810 2.1419e-02
3260.7593 2.9342e-02
3261.7373 2.8306e-02
3262.7158 3.2088e-02
3263.6946 3.5728e-02
3264.6736 3.0756e-02
3265.6531 3.0850e-02
3266.6331 2.9775e-02
3267.6130 3.1452e-02
3268.5930 3.4624e-02
3269.5735 5.4353e-02
3270.5544 3.1206e-02
3271.5356 2.7516e-02
3272.5171 2.8775e-02
3273.4990 4.3284e-02
3274.4812 2.8299e-02
3275.4634 2.5128e-02
3276.4458 3.8524e-02
3277.4287 5.3406e-02
3278.4124 3.7340e-02
3279.3958 1.2821e-02
3280.3794 3.3493e-02
3281.3635 1.3448e-02
3282.3479 2.9661e-02
3283.3325 2.2144e-02
3284.3179 2.7532e-02
3285.3030 2.6756e-02
3286.2888 2.3119e-02
3287.2744 4.6768e-02
3288.2605 3.6467e-02
3289.2471 2.8704e-02
3290.2339 2.6583e-02
3291.2212 4.4636e-02
3292.2083 1.2785e-02
3293.1958 3.9136e-02
3294.1838 3.1757e-02
3295.1724 3.9586e-02
3296.1609 4.1627e-02
3297.1497 3.1678e-02
3298.1387 3.6002e-02
3299.1282 3.5963e-02
3300.1177 5.6423e-02
3301.1079 3.9172e-02
3302.0984 2.1977e-02
3303.0889 3.7921e-02
3304.0798 4.7053e-02
3305.0713 4.5359e-02
3306.0627 3.3523e-02
3307.0544 4.8555e-02
3308.0466 5.3203e-02
3309.0391 5.7355e-02
3310.0317 1.9723e-02
3311.0247 7.5187e-02
3312.0178 4.6103e-02
3313.0117 4.4935e-02
3314.0054 3.0488e-02
3315.0000 4.3190e-02
3315.9941 4.3399e-02
3316.9890 3.2208e-02
3317.9839 5.4414e-02
3318.9795 4.0705e-02
3319.9751 4.9900e-02
3320.9712 6.0523e-02
3321.9678 3.8128e-02
3322.9639 8.1870e-02
3323.9607 3.5366e-02
3324.9580 4.2925e-02
3325.9558 4.4486e-02
3326.9536 3.7027e-02
3327.9514 2.6550e-02
3328.9497 6.2556e-02
3329.9482 5.1140e-02
3330.9475 3.9524e-02
3331.9468 4.1094e-02
3332.9463 5.5607e-02
3333.9463 4.4797e-02
3334.9463 5.6109e-02
3335.9473 5.5243e-02
3336.9478 3.6918e-02
3337.9487 5.0840e-02
3338.9502 5.5212e-02
3339.9517 4.4256e-02
3340.9536 7.6748e-02
3341.9561 6.8103e-02
3342.9587 3.4517e-02
3343.9614 6.9990e-02
3344.9651 4.8843e-02
3345.9685 6.0959e-02
3346.9722 5.6701e-02
3347.9763 3.4913e-02
3348.9805 4.8147e-02
3349.9854 4.8087e-02
3350.9902 6.4254e-02
3351.9956 4.3353e-02
3353.0010 3.4889e-02
3354.0073 3.5429e-02
3355.0129 5.4729e-02
3356.0198 4.0008e-02
3357.0264 3.6708e-02
3358.0334 4.7379e-02
3359.0410 3.9519e-02
3360.0488 6.0204e-02
3361.0569 5.8675e-02
3362.0654 4.8468e-02
3363.0740 3.8768e-02
3364.0828 5.2665e-02
3365.0918 7.9683e-02
3366.1013 5.0338e-02
3367.1113 8.2343e-02
3368.1213 7.2711e-02
3369.1318 6.4251e-02
3370.1426 5.9203e-02
3371.1536 4.0692e-02
3372.1650 3.4789e-02
3373.1768 3.9832e-02
3374.1885 7.2142e-02
3375.2004 6.6536e-02
3376.2134 5.6172e-02
3377.2261 5.5776e-02
3378.2395 4.0599e-02
3379.2529 5.3379e-02
3380.2664 3.8287e-02
3381.2805 5.0912e-02
3382.2952 5.7220e-02
3383.3098 5.3693e-02
3384.3250 4.9129e-02
3385.3401 5.4360e-02
3386.3557 4.6089e-02
3387.3716 5.1045e-02
3388.3879 7.1280e-02
3389.4045 5.1869e-02
3390.4211 3.8419e-02
3391.4385 6.1517e-02
3392.4558 4.9199e-02
3393.4736 6.1754e-02
3394.4915 5.2978e-02
3395.5100 4.9655e-02
3396.5286 3.8980e-02
3397.5474 6.5550e-02
3398.5667 4.5719e-02
3399.5862 7.8376e-02
3400.6062 4.1665e-02
3401.6262 5.0598e-02
3402.6467 6.3812e-02
3403.6677 6.8970e-02
3404.6887 5.6115e-02
3405.7100 4.8273e-02
3406.7319 6.8869e-02
3407.7539 5.4277e-02
3408.7764 6.1301e-02
3409.7988 5.8733e-02
3410.8218 6.8254e-02
3411.8450 7.1743e-02
3412.8687 5.4242e-02
3413.8923 9.7385e-02
3414.9167 5.1928e-02
3415.9412 7.0427e-02
3416.9658 5.8541e-02
3417.9907 8.5391e-02
3419.0164 7.8722e-02
3420.0420 6.1023e-02
3421.0681 7.8882e-02
3422.0945 6.3782e-02
3423.1208 9.8098e-02
3424.1479 7.1707e-02
3425.1753 5.8723e-02
3426.2029 5.8148e-02
3427.2307 1.0798e-01
3428.2588 6.9067e-02
3429.2871 6.6106e-02
3430.3159 7.7476e-02
3431.3452 7.5738e-02
3432.3748 6.5504e-02
3433.4041 6.7606e-02
3434.4346 7.7896e-02
3435.4646 5.5292e-02
3436.4954 5.7734e-02
3437.5261 6.7633e-02
3438.5579 8.3830e-02
3439.5894 9.1440e-02
3440.6208 8.9600e-02
3441.6531 6.7313e-02
3442.6855 6.3380e-02
3443.7183 5.0332e-02
3444.7515 7.1241e-02
3445.7852 1.0060e-01
3446.8186 8.2520e-02
3447.8525 8.2393e-02
3448.8872 5.3338e-02
3449.9216 8.6946e-02
3450.9568 9.3078e-02
3451.9919 1.1120e-01
3453.0276 7.2381e-02
3454.0637 1.0662e-01
3455.0999 9.0005e-02
3456.1362 8.5206e-02
3457.1731 8.2568e-02
3458.2102 6.4473e-02
3459.2476 6.4033e-02
3460.2856 6.7584e-02
3461.3235 7.8811e-02
3462.3621 5.9369e-02
3463.4004 1.0664e-01
3464.4399 9.0011e-02
3465.4790 8.8812e-02
3466.5188 1.0302e-01
3467.5586 7.2246e-02
3468.5989 6.5056e-02
3469.6394 6.8273e-02
3470.6804 8.2534e-02
3471.7217 5.2044e-02
3472.7629 7.3992e-02
3473.8049 8.7559e-02
3474.8469 6.2781e-02
3475.8894 8.5842e-02
3476.9321 1.1797e-01
3477.9751 8.4023e-02
3479.0188 7.7999e-02
3480.0625 8.8356e-02
3481.1064 7.9306e-02
3482.1509 7.6935e-02
3483.1956 1.0765e-01
3484.2407 1.0369e-01
3485.2856 1.0985e-01
3486.3313 7.8165e-02
3487.3772 6.9585e-02
3488.4233 6.8423e-02
3489.4697 8.4174e-02
3490.5168 9.0960e-02
3491.5640 6.1137e-02
3492.6116 9.5545e-02
3493.6592 6.8169e-02
3494.7073 8.1641e-02
3495.7556 8.9262e-02
3496.8044 9.9410e-02
3497.8535 1.0894e-01
3498.9026 9.3968e-02
3499.9526 7.8614e-02
3501.0024 7.3380e-02
3502.0527 6.4666e-02
3503.1033 8.0380e-02
3504.1543 7.8534e-02
3505.2058 7.0324e-02
3506.2571 8.3434e-02
3507.3088 8.7710e-02
3508.3613 9.2337e-02
3509.4136 9.9384e-02
3510.4663 8.2010e-02
3511.5193 8.3266e-02
3512.5730 6.8449e-02
3513.6270 8.5048e-02
3514.6809 7.6022e-02
3515.7351 1.0119e-01
3516.7898 6.7219e-02
3517.8452 9.0861e-02
3518.9004 7.6049e-02
3519.9561 8.6969e-02
3521.0122 7.2682e-02
3522.0686 1.0076e-01
3523.1250 9.5933e-02
3524.1821 5.6726e-02
3525.2390 4.6304e-02
3526.2969 8.3261e-02
3527.3547 5.9425e-02
3528.4126 7.7412e-02
3529.4714 8.2383e-02
3530.5303 7.5155e-02
3531.5894 9.8687e-02
3532.6487 9.9088e-02
3533.7090 1.0656e-01
3534.7688 9.2026e-02
3535.8293 1.0956e-01
3536.8901 7.2266e-02
3537.9512 1.0148e-01
3539.0122 8.6881e-02
3540.0740 8.5401e-02
3541.1360 9.2870e-02
3542.1987 9.7198e-02
3543.2612 6.0642e-02
3544.3245 8.9592e-02
3545.3875 7.4631e-02
3546.4509 7.5132e-02
3547.5154 7.1526e-02
3548.5793 7.8314e-02
3549.6438 6.2397e-02
3550.7087 8.2413e-02
3551.7739 6.8606e-02
3552.8396 7.6943e-02
3553.9053 8.9203e-02
3554.9714 6.3632e-02
3556.0378 6.0637e-02
3557.1050 7.2478e-02
3558.1716 6.6937e-02
3559.2395 1.0542e-01
3560.3071 5.6032e-02
3561.3752 5.0514e-02
3562.4436 6.5847e-02
3563.5125 5.4538e-02
3564.5813 6.4283e-02
3565.6506 7.5118e-02
3566.7205 6.4357e-02
3567.7905 6.7074e-02
3568.8611 7.4471e-02
3569.9316 7.8044e-02
3571.0027 5.7625e-02
3572.0737 6.7286e-02
3573.1455 5.3999e-02
3574.2175 4.5781e-02
3575.2896 4.4121e-02
3576.3625 6.4805e-02
3577.4351 5.4001e-02
3578.5083 6.3508e-02
3579.5820 8.4229e-02
3580.6560 4.8083e-02
3581.7300 5.6789e-02
3582.8047 8.0484e-02
3583.8792 8.7640e-02
3584.9546 6.5623e-02
3586.0298 6.1639e-02
3587.1060 6.7406e-02
3588.1821 1.0397e-01
3589.2583 6.9142e-02
3590.3352 6.5481e-02
3591.4124 7.4428e-02
3592.4897 1.0146e-01
3593.5671 6.4498e-02
3594.6455 6.4366e-02
3595.7241 6.7713e-02
3596.8025 3.5463e-02
3597.8818 6.7706e-02
3598.9609 4.0206e-02
3600.0405 7.5346e-02
3601.1204 6.1315e-02
3602.2009 6.9017e-02
3603.2817 5.2211e-02
3604.3625 7.3535e-02
3605.4441 4.6380e-02
3606.5256 4.6823e-02
3607.6074 7.3009e-02
3608.6899 5.3537e-02
3609.7725 5.9709e-02
3610.8552 4.7968e-02
3611.9385 5.0576e-02
3613.0222 2.6809e-02
3614.1062 6.0666e-02
3615.1904 4.7072e-02
3616.2749 6.9635e-02
3617.3599 5.6030e-02
3618.4451 7.3235e-02
3619.5303 7.2354e-02
3620.6165 6.0040e-02
3621.7024 4.4650e-02
3622.7891 7.0380e-02
3623.8760 6.7618e-02
3624.9631 4.9612e-02
3626.0508 6.7989e-02
3627.1382 6.2100e-02
3628.2266 3.2929e-02
3629.3152 5.3750e-02
3630.4038 8.1338e-02
3631.4927 8.1166e-02
3632.5825 4.6838e-02
3633.6721 6.7446e-02
3634.7622 7.4083e-02
3635.8528 6.5358e-02
3636.9434 4.9479e-02
3638.0347 5.9825e-02
3639.1257 7.2792e-02
3640.2178 6.7073e-02
3641.3098 5.6768e-02
3642.4021 7.6833e-02
3643.4946 5.9021e-02
3644.5881 3.3089e-02
3645.6814 7.1545e-02
3646.7751 4.4112e-02
3647.8691 5.7197e-02
3648.9634 6.4859e-02
3650.0581 5.5427e-02
3651.1533 4.4786e-02
3652.2480 4.5367e-02
3653.3442 6.0569e-02
3654.4402 4.4849e-02
3655.5364 5.6502e-02
3656.6333 5.1489e-02
3657.7300 5.9819e-02
3658.8274 3.6916e-02
3659.9250 6.0482e-02
3661.0232 4.5774e-02
3662.1213 7.1650e-02
3663.2202 5.0421e-02
3664.3188 4.9161e-02
3665.4182 4.0799e-02
3666.5181 7.7838e-02
3667.6179 4.2902e-02
3668.7183 7.1325e-02
3669.8186 8.5974e-02
3670.9197 6.3521e-02
3672.0210 8.8725e-02
3673.1226 6.1095e-02
3674.2241 6.6182e-02
3675.3269 7.0323e-02
3676.4294 6.8072e-02
3677.5325 7.9751e-02
3678.6355 6.9226e-02
3679.7390 5.9706e-02
3680.8430 6.6439e-02
3681.9473 5.2793e-02
3683.0518 6.3262e-02
3684.1570 9.0957e-02
3685.2620 6.0119e-02
3686.3677 8.0862e-02
3687.4739 7.1234e-02
3688.5796 9.0506e-02
3689.6865 5.8723e-02
3690.7932 6.5516e-02
3691.9006 5.8002e-02
3693.0081 6.9047e-02
3694.1160 4.1748e-02
3695.2241 7.0326e-02
3696.3328 5.3380e-02
3697.4417 9.0417e-02
3698.5508 6.5628e-02
3699.6606 7.8945e-02
3700.7703 7.9805e-02
3701.8806 8.3324e-02
3702.9910 7.9062e-02
3704.1023 6.8285e-02
3705.2136 8.0198e-02
3706.3247 7.5127e-02
3707.4370 7.6530e-02
3708.5491 6.1466e-02
3709.6616 6.0266e-02
3710.7744 9.1901e-02
3711.8877 8.4984e-02
3713.0012 6.3932e-02
3714.1152 1.0769e-01
3715.2292 7.2558e-02
3716.3440 7.7565e-02
3717.4590 6.0742e-02
3718.5742 8.7107e-02
3719.6897 1.0335e-01
3720.8057 5.0970e-02
3721.9219 7.6854e-02
3723.0383 6.9178e-02
3724.1553 8.1924e-02
3725.2725 8.4946e-02
3726.3904 6.7395e-02
3727.5081 8.3069e-02
3728.6265 9.3643e-02
3729.7451 9.5315e-02
3730.8640 6.9307e-02
3731.9832 8.8693e-02
3733.1028 1.0710e-01
3734.2227 7.5381e-02
3735.3428 7.0868e-02
3736.4636 7.2658e-02
3737.5842 8.6756e-02
3738.7056 9.7474e-02
3739.8276 1.0479e-01
3740.9490 9.1207e-02
3742.0718 6.2300e-02
3743.1943 7.9757e-02
3744.3171 7.3741e-02
3745.4404 8.6919e-02
3746.5640 9.8427e-02
3747.6880 7.5593e-02
3748.8125 6.5153e-02
3749.9368 7.0215e-02
3751.0620 7.7837e-02
3752.1873 8.9208e-02
3753.3130 9.2446e-02
3754.4387 6.8305e-02
3755.5652 1.0466e-01
3756.6919 6.9191e-02
3757.8188 7.2660e-02
3758.9463 4.7247e-02
3760.0737 7.3274e-02
3761.2019 8.6349e-02
3762.3306 7.5621e-02
3763.4590 6.5874e-02
3764.5881 7.5813e-02
3765.7175 4.9971e-02
3766.8472 6.3221e-02
3767.9771 6.6056e-02
3769.1079 5.1864e-02
3770.2383 6.2928e-02
3771.3694 6.0590e-02
3772.5007 6.9927e-02
3773.6328 7.2914e-02
3774.7646 8.0391e-02
3775.8972 5.7848e-02
3777.0298 4.6639e-02
3778.1628 6.2810e-02
3779.2964 5.8440e-02
3780.4302 5.5265e-02
3781.5642 6.6965e-02
3782.6987 6.3873e-02
3783.8335 5.4090e-02
3784.9690 4.8496e-02
3786.1042 5.4185e-02
3787.2400 6.9092e-02
3788.3762 5.5612e-02
3789.5125 6.8835e-02
3790.6497 5.0103e-02
3791.7869 7.3660e-02
3792.9246 6.6940e-02
3794.0625 4.8228e-02
3795.2007 3.6736e-02
3796.3391 6.4793e-02
3797.4778 5.8930e-02
3798.6169 5.4404e-02
3799.7568 5.8497e-02
3800.8967 4.0711e-02
3802.0371 3.8487e-02
3803.1775 3.7560e-02
3804.3181 4.6872e-02
3805.4597 6.0220e-02
3806.6013 5.8914e-02
3807.7434 5.7626e-02
3808.8857 3.7881e-02
3810.0286 3.0980e-02
3811.1714 4.6807e-02
3812.3149 4.7548e-02
3813.4583 6.0948e-02
3814.6025 7.1290e-02
3815.7468 3.9563e-02
3816.8916 4.4404e-02
3818.0369 3.0755e-02
3819.1824 5.1186e-02
3820.3281 3.6225e-02
3821.4741 5.7369e-02
3822.6201 5.6277e-02
3823.7671 6.4666e-02
3824.9143 5.8353e-02
3826.0615 3.5031e-02
3827.2097 5.4097e-02
3828.3577 4.9525e-02
3829.5063 3.8484e-02
3830.6553 3.7724e-02
3831.8044 3.4640e-02
3832.9539 3.6992e-02
3834.1035 4.4158e-02
3835.2539 4.6042e-02
3836.4045 4.5782e-02
3837.5554 5.3858e-02
3838.7068 4.0894e-02
3839.8582 3.9369e-02
3841.0103 3.5691e-02
3842.1628 6.6720e-02
3843.3152 4.0614e-02
3844.4683 5.4124e-02
3845.6216 5.4395e-02
3846.7754 6.7572e-02
3847.9294 5.1503e-02
3849.0835 5.7226e-02
3850.2383 5.1320e-02
3851.3933 3.6028e-02
3852.5488 4.7434e-02
3853.7051 5.7842e-02
3854.8606 6.9582e-02
3856.0173 9.3420e-02
3857.1741 5.3193e-02
3858.3313 4.1701e-02
3859.4883 5.0860e-02
3860.6465 7.3776e-02
3861.8047 5.7958e-02
3862.9631 4.7769e-02
3864.1221 4.7864e-02
3865.2815 5.2552e-02
3866.4412 5.8670e-02
3867.6011 5.4249e-02
3868.7610 5.2925e-02
3869.9216 4.2263e-02
3871.0828 6.0771e-02
3872.2441 8.5508e-02
3873.4058 5.6244e-02
3874.5676 7.7137e-02
3875.7302 6.9055e-02
3876.8931 8.5742e-02
3878.0559 5.9629e-02
3879.2192 8.6836e-02
3880.3831 6.8646e-02
3881.5474 6.4338e-02
3882.7119 8.2141e-02
3883.8767 1.0114e-01
3885.0420 6.0504e-02
3886.2073 5.9899e-02
3887.3728 7.1387e-02
3888.5391 5.0347e-02
3889.7061 8.5162e-02
3890.8730 6.3514e-02
3892.0400 9.5962e-02
3893.2078 7.6376e-02
3894.3755 6.0603e-02
3895.5439 8.3179e-02
3896.7126 9.4309e-02
3897.8813 9.4896e-02
3899.0508 7.7746e-02
3900.2209 1.0726e-01
3901.3909 8.9230e-02
3902.5613 7.3097e-02
3903.7322 9.5349e-02
3904.9031 6.5197e-02
3906.0747 8.4137e-02
3907.2463 7.4648e-02
3908.4187 9.9612e-02
3909.5911 7.7446e-02
3910.7642 9.2987e-02
3911.9373 7.9991e-02
3913.1111 1.2972e-01
3914.2849 7.3261e-02
3915.4592 1.0050e-01
3916.6335 9.5690e-02
3917.8086 1.3424e-01
3918.9839 7.7037e-02
3920.1597 9.9099e-02
3921.3359 8.5058e-02
3922.5120 1.0064e-01
3923.6887 7.1178e-02
3924.8660 8.2122e-02
3926.0432 6.5820e-02
3927.2212 1.2239e-01
3928.3994 1.1962e-01
3929.5779 8.5550e-02
3930.7568 1.1337e-01
3931.9360 1.1072e-01
3933.1157 9.1816e-02
3934.2954 7.7442e-02
3935.4758 1.2600e-01
3936.6562 1.0407e-01
3937.8374 1.1249e-01
3939.0186 1.1010e-01
3940.2004 7.7770e-02
3941.3826 1.2681e-01
3942.5649 1.0251e-01
3943.7478 1.0042e-01
3944.9307 8.7744e-02
3946.1147 8.4260e-02
3947.2983 8.4299e-02
3948.4824 1.0792e-01
3949.6670 8.9711e-02
3950.8521 1.3213e-01
3952.0369 1.0722e-01
3953.2227 9.3948e-02
3954.4089 9.9174e-02
3955.5950 9.8168e-02
3956.7812 8.5542e-02
3957.9688 1.2027e-01
3959.1560 9.6938e-02
3960.3438 9.6714e-02
3961.5320 9.7413e-02
3962.7202 1.1219e-01
3963.9094 9.8953e-02
3965.0984 9.1830e-02
3966.2881 9.8336e-02
3967.4778 1.1020e-01
3968.6680 1.1132e-01
3969.8584 9.8815e-02
3971.0498 1.0491e-01
3972.2412 9.2054e-02
3973.4326 1.1681e-01
3974.6248 1.4897e-01
3975.8171 1.0223e-01
3977.0095 1.0430e-01
3978.2029 1.1664e-01
3979.3962 1.4513e-01
3980.5901 1.0915e-01
3981.7844 1.0775e-01
3982.9790 1.2395e-01
3984.1736 8.7004e-02
3985.3691 1.3876e-01
3986.5647 1.1009e-01
3987.7605 1.4146e-01
3988.9568 1.1497e-01
3990.1538 1.0591e-01
3991.3506 1.0863e-01
3992.5481 1.0856e-01
3993.7456 1.0554e-01
3994.9441 1.2104e-01
3996.1423 1.3206e-01
3997.3413 1.1099e-01
3998.5408 1.5272e-01
3999.7397 1.0549e-01
4000.9402 1.1961e-01
4002.1401 1.2324e-01
4003.3408 1.0812e-01
4004.5415 9.2138e-02
4005.7434 1.1859e-01
4006.9448 1.1886e-01
4008.1470 1.3002e-01
4009.3496 1.2989e-01
4010.5522 1.2522e-01
4011.7556 1.0511e-01
4012.9587 1.1583e-01
4014.1628 1.0226e-01
4015.3672 1.0722e-01
4016.5715 1.3607e-01
4017.7769 9.2946e-02
4018.9817 8.8356e-02
4020.1875 1.1529e-01
4021.3936 1.0616e-01
4022.6003 1.2258e-01
4023.8071 1.1932e-01
4025.0142 9.8655e-02
4026.2214 9.1233e-02
4027.4294 1.4327e-01
4028.6377 1.2995e-01
4029.8462 1.2383e-01
4031.0554 1.1070e-01
4032.2646 8.4762e-02
4033.4744 1.3285e-01
4034.6843 1.0330e-01
4035.8945 8.6872e-02
4037.1052 9.0234e-02
4038.3167 1.2327e-01
4039.5281 1.1854e-01
4040.7397 1.0302e-01
4041.9524 1.1016e-01
4043.1648 1.3207e-01
4044.3777 1.1885e-01
4045.5913 1.0450e-01
4046.8047 9.9969e-02
4048.0186 1.2529e-01
4049.2332 9.2766e-02
4050.4480 9.8496e-02
4051.6628 9.5176e-02
4052.8784 1.1140e-01
4054.0942 1.0113e-01
4055.3108 1.0189e-01
4056.5273 1.1562e-01
4057.7444 9.6831e-02
4058.9614 1.0368e-01
4060.1792 1.0319e-01
4061.3970 1.2957e-01
4062.6155 1.1407e-01
4063.8345 1.1345e-01
4065.0535 1.1054e-01
4066.2732 1.0902e-01
4067.4929 9.6525e-02
4068.7131 1.0147e-01
4069.9338 7.6990e-02
4071.1548 1.0711e-01
4072.3762 1.3667e-01
4073.5981 8.8398e-02
4074.8201 1.1083e-01
4076.0427 8.1659e-02
4077.2654 9.8859e-02
4078.4885 1.3023e-01
4079.7119 1.2725e-01
4080.9358 9.6104e-02
4082.1602 9.4765e-02
4083.3845 1.1639e-01
4084.6099 1.0438e-01
4085.8354 1.2696e-01
4087.0608 1.1316e-01
4088.2869 1.0021e-01
4089.5137 1.1510e-01
4090.7407 9.6851e-02
4091.9678 8.4919e-02
4093.1953 1.3329e-01
4094.4233 1.3491e-01
4095.6519 1.2616e-01
4096.8799 1.2356e-01
4098.1094 1.1449e-01
4099.3384 1.1278e-01
4100.5684 1.2124e-01
4101.7988 1.1496e-01
4103.0293 9.8301e-02
4104.2598 1.2124e-01
4105.4912 9.8909e-02
4106.7231 9.2818e-02
4107.9546 7.4608e-02
4109.1875 9.1127e-02
4110.4204 1.0709e-01
4111.6533 9.8535e-02
4112.8867 9.6800e-02
4114.1211 9.2214e-02
4115.3545 9.6799e-02
4116.5898 1.1864e-01
4117.8247 8.8787e-02
4119.0596 9.0573e-02
4120.2954 1.1665e-01
4121.5317 1.0501e-01
4122.7681 1.1146e-01
4124.0049 1.2544e-01
4125.2422 9.7752e-02
4126.4800 1.0046e-01
4127.7178 1.1077e-01
4128.9561 1.1759e-01
4130.1948 8.2150e-02
4131.4336 1.0574e-01
4132.6733 1.2400e-01
4133.9126 1.1174e-01
4135.1533 1.1537e-01
4136.3936 1.1062e-01
4137.6348 1.1060e-01
4138.8760 6.8336e-02
4140.1172 9.9338e-02
4141.3599 1.0232e-01
4142.6021 1.0006e-01
4143.8447 7.5527e-02
4145.0879 8.0738e-02
4146.3315 1.1383e-01
4147.5752 9.0276e-02
4148.8198 7.0909e-02
4150.0640 9.1434e-02
4151.3091 8.2805e-02
4152.5547 1.0292e-01
4153.8003 8.5150e-02
4155.0464 1.3300e-01
4156.2930 1.1051e-01
4157.5400 6.0440e-02
4158.7871 9.6185e-02
4160.0352 8.4867e-02
4161.2827 6.7538e-02
4162.5312 7.3209e-02
4163.7803 8.6594e-02
4165.0293 9.0860e-02
4166.2783 1.0879e-01
4167.5288 7.8048e-02
4168.7788 5.9359e-02
4170.0298 6.6495e-02
4171.2803 6.1439e-02
4172.5317 6.6858e-02
4173.7837 9.0072e-02
4175.0356 8.4310e-02
4176.2886 8.7698e-02
4177.5410 8.3839e-02
4178.7944 8.2420e-02
4180.0479 8.4071e-02
4181.3022 9.1682e-02
4182.5566 7.4583e-02
4183.8115 9.4757e-02
4185.0664 8.7907e-02
4186.3223 8.7771e-02
4187.5776 9.5241e-02
4188.8340 7.2368e-02
4190.0903 8.3460e-02
4191.3477 9.1073e-02
4192.6050 8.7093e-02
4193.8628 6.4590e-02
4195.1206 6.2051e-02
4196.3794 7.6339e-02
4197.6387 1.2516e-01
4198.8975 8.3104e-02
4200.1577 9.0448e-02
4201.4175 6.1125e-02
4202.6782 6.4491e-02
4203.9390 9.3068e-02
4205.2002 6.1630e-02
4206.4614 8.4969e-02
4207.7231 8.9971e-02
4208.9858 9.0154e-02
4210.2485 7.2732e-02
4211.5112 7.7503e-02
4212.7749 7.7269e-02
4214.0391 7.6700e-02
4215.3032 7.3530e-02
4216.5679 1.0002e-01
4217.8330 9.1647e-02
4219.0981 7.5414e-02
4220.3638 7.9752e-02
4221.6299 8.6109e-02
4222.8965 8.0631e-02
4224.1636 7.4464e-02
4225.4302 9.3564e-02
4226.6978 7.9824e-02
4227.9658 9.2331e-02
4229.2349 9.0386e-02
4230.5034 8.5017e-02
4231.7725 8.4983e-02
4233.0415 8.6561e-02
4234.3115 6.6532e-02
4235.5825 8.3146e-02
4236.8525 9.4955e-02
4238.1235 5.6173e-02
4239.3955 8.1025e-02
4240.6670 8.1246e-02
4241.9390 7.4328e-02
4243.2119 7.1363e-02
4244.4844 7.1823e-02
4245.7583 7.4057e-02
4247.0317 8.3781e-02
4248.3062 7.9908e-02
4249.5806 7.8647e-02
4250.8555 7.4695e-02
4252.1309 7.7414e-02
4253.4062 6.9310e-02
4254.6821 5.5148e-02
4255.9590 6.3039e-02
4257.2358 6.8867e-02
4258.5127 5.9334e-02
4259.7900 8.7228e-02
4261.0679 6.0711e-02
4262.3462 5.6569e-02
4263.6250 8.4217e-02
4264.9043 7.3081e-02
4266.1841 6.1073e-02
4267.4639 8.2901e-02
4268.7432 9.8529e-02
4270.0244 9.0355e-02
4271.3052 6.6945e-02
4272.5869 7.3503e-02
4273.8682 7.9431e-02
4275.1509 5.9893e-02
4276.4336 7.5927e-02
4277.7163 9.4737e-02
4278.9995 6.5358e-02
4280.2837 6.2579e-02
4281.5674 1.0052e-01
4282.8521 8.9642e-02
4284.1367 7.8498e-02
4285.4219 8.2299e-02
4286.7075 4.1410e-02
4287.9937 6.5719e-02
4289.2798 6.6330e-02
4290.5669 6.1412e-02
4291.8540 7.5167e-02
4293.1416 7.2676e-02
4294.4292 9.0805e-02
4295.7183 4.8501e-02
4297.0063 7.6184e-02
4298.2954 9.2372e-02
4299.5854 7.4799e-02
4300.8750 7.4518e-02
4302.1650 7.5296e-02
4303.4561 3.9901e-02
4304.7471 7.2023e-02
4306.0381 6.2944e-02
4307.3301 6.9492e-02
4308.6221 4.8420e-02
4309.9150 6.0414e-02
4311.2075 6.7428e-02
4312.5015 5.2073e-02
4313.7949 8.7066e-02
4315.0889 9.8596e-02
4316.3838 5.8452e-02
4317.6787 6.5355e-02
4318.9741 6.5324e-02
4320.2700 5.4989e-02
4321.5654 7.6961e-02
4322.8623 6.2397e-02
4324.1592 6.9808e-02
4325.4565 6.1968e-02
4326.7539 5.3365e-02
4328.0518 5.2977e-02
4329.3501 6.6803e-02
4330.6494 1.0002e-01
4331.9482 5.6151e-02
4333.2480 6.0912e-02
4334.5479 4.9860e-02
4335.8477 6.4543e-02
4337.1489 4.6023e-02
4338.4502 7.0121e-02
4339.7515 5.9218e-02
4341.0537 9.3765e-02
4342.3560 6.0308e-02
4343.6582 7.3347e-02
4344.9614 6.1895e-02
4346.2646 5.0342e-02
4347.5693 8.7753e-02
4348.8735 8.5327e-02
4350.1782 6.5387e-02
4351.4829 8.4274e-02
4352.7886 6.7023e-02
4354.0938 5.8257e-02
4355.4009 5.9691e-02
4356.7070 8.1831e-02
4358.0137 5.9313e-02
4359.3218 9.3164e-02
4360.6294 8.2710e-02
4361.9375 7.2966e-02
4363.2461 6.4050e-02
4364.5552 5.7195e-02
4365.8643 7.2520e-02
4367.1743 7.7923e-02
4368.4844 6.8050e-02
4369.7954 5.6684e-02
4371.1060 5.8590e-02
4372.4170 7.8057e-02
4373.7285 6.6212e-02
4375.0415 5.3939e-02
4376.3540 6.7184e-02
4377.6665 6.9946e-02
4378.9800 6.4085e-02
4380.2935 7.2230e-02
4381.6074 6.0261e-02
4382.9219 5.6730e-02
4384.2363 9.1997e-02
4385.5522 8.9657e-02
4386.8677 6.7457e-02
4388.1841 9.6175e-02
4389.5010 8.4163e-02
4390.8169 7.1499e-02
4392.1343 6.1730e-02
4393.4521 6.5566e-02
4394.7700 7.6115e-02
4396.0884 6.2596e-02
4397.4077 6.3424e-02
4398.7266 4.1886e-02
4400.0464 6.6742e-02
4401.3667 8.9011e-02
4402.6870 8.3959e-02
4404.0073 4.9811e-02
4405.3291 6.0960e-02
4406.6504 7.3659e-02
4407.9722 5.3431e-02
4409.2944 6.8242e-02
4410.6172 8.9109e-02
4411.9404 6.8266e-02
4413.2642 6.0212e-02
4414.5879 8.2678e-02
4415.9126 6.2990e-02
4417.2373 6.8712e-02
4418.5625 7.9450e-02
4419.8882 7.7720e-02
4421.2139 7.7943e-02
4422.5405 7.3083e-02
4423.8672 7.7670e-02
4425.1938 5.4310e-02
4426.5220 5.3361e-02
4427.8496 6.6630e-02
4429.1787 9.1945e-02
4430.5063 6.8858e-02
4431.8364 7.9051e-02
4433.1655 8.7865e-02
4434.4956 7.0417e-02
4435.8262 8.8385e-02
4437.1567 5.5558e-02
4438.4878 6.2596e-02
4439.8193 6.9864e-02
4441.1514 8.0590e-02
4442.4834 7.4399e-02
4443.8164 9.0460e-02
4445.1494 8.4136e-02
4446.4829 7.2345e-02
4447.8169 6.0424e-02
4449.1514 7.7553e-02
4450.4863 8.4918e-02
4451.8213 8.3370e-02
4453.1567 8.7835e-02
4454.4927 6.8525e-02
4455.8291 8.7833e-02
4457.1660 5.8138e-02
4458.5029 8.1104e-02
4459.8403 6.8793e-02
4461.1787 7.4942e-02
4462.5171 7.0181e-02
4463.8555 7.9087e-02
4465.1948 7.2640e-02
4466.5347 9.5345e-02
4467.8740 1.0435e-01
4469.2144 9.2483e-02
4470.5552 7.2021e-02
4471.8970 8.6520e-02
4473.2383 8.1468e-02
4474.5806 7.0005e-02
4475.9229 7.1860e-02
4477.2651 1.0381e-01
4478.6084 7.4925e-02
4479.9521 6.4005e-02
4481.2959 9.0662e-02
4482.6406 8.0972e-02
4483.9854 8.2909e-02
4485.3306 7.4236e-02
4486.6763 8.1615e-02
4488.0220 9.6960e-02
4489.3682 9.6013e-02
4490.7153 8.8695e-02
4492.0620 8.7293e-02
4493.4102 9.7105e-02
4494.7578 8.2106e-02
4496.1069 9.3715e-02
4497.4556 9.2463e-02
4498.8047 8.0567e-02
4500.1543 8.8741e-02
4501.5044 8.4391e-02
4502.8550 8.7200e-02
4504.2056 1.0541e-01
4505.5566 1.0530e-01
4506.9082 8.4456e-02
4508.2607 6.6328e-02
4509.6133 9.6516e-02
4510.9658 7.1280e-02
4512.3193 1.1532e-01
4513.6729 1.0102e-01
4515.0273 8.5721e-02
4516.3818 9.2770e-02
4517.7363 7.6276e-02
4519.0918 7.0588e-02
4520.4473 9.0275e-02
4521.8037 1.0302e-01
4523.1606 9.9428e-02
4524.5171 8.2851e-02
4525.8750 7.3276e-02
4527.2324 8.9560e-02
4528.5903 8.4572e-02
4529.9492 9.5876e-02
4531.3081 1.1000e-01
4532.6675 9.5218e-02
4534.0269 9.6817e-02
4535.3872 8.1306e-02
4536.7480 6.5263e-02
4538.1094 1.0920e-01
4539.4702 9.2816e-02
4540.8320 1.0209e-01
4542.1943 8.3433e-02
4543.5576 8.3485e-02
4544.9199 7.8244e-02
4546.2842 9.4908e-02
4547.6475 9.9932e-02
4549.0117 8.1529e-02
4550.3770 8.3985e-02
4551.7417 1.0706e-01
4553.1074 8.7459e-02
4554.4731 8.8653e-02
4555.8398 5.8226e-02
4557.2061 1.1528e-01
4558.5732 8.4036e-02
4559.9414 8.7640e-02
4561.3086 8.8602e-02
4562.6772 9.1350e-02
4564.0459 7.8098e-02
4565.4150 1.1776e-01
4566.7852 7.5068e-02
4568.1553 1.0679e-01
4569.5249 8.8247e-02
4570.8965 8.6670e-02
4572.2676 1.0029e-01
4573.6392 8.4580e-02
4575.0117 9.7784e-02
4576.3838 9.7612e-02
4577.7568 8.4161e-02
4579.1304 1.1123e-01
4580.5039 9.5192e-02
4581.8784 1.0387e-01
4583.2524 8.8203e-02
4584.6274 8.3029e-02
4586.0029 8.9992e-02
4587.3789 7.4769e-02
4588.7549 8.5902e-02
4590.1318 8.0152e-02
4591.5083 9.6184e-02
4592.8857 9.2120e-02
4594.2642 7.9363e-02
4595.6426 1.0260e-01
4597.0210 6.7609e-02
4598.3999 7.9988e-02
4599.7798 9.4580e-02
4601.1597 9.2040e-02
4602.5396 9.2903e-02
4603.9204 9.1316e-02
4605.3022 9.6192e-02
4606.6836 9.3885e-02
4608.0649 8.1954e-02
4609.4478 7.9896e-02
4610.8306 6.1424e-02
4612.2144 7.8359e-02
4613.5977 1.2675e-01
4614.9819 1.1162e-01
4616.3662 8.8883e-02
4617.7515 1.0195e-01
4619.1362 9.1053e-02
4620.5225 1.0694e-01
4621.9082 9.2957e-02
4623.2949 9.1215e-02
4624.6816 1.0938e-01
4626.0693 1.2004e-01
4627.4570 8.1481e-02
4628.8457 9.5782e-02
4630.2334 8.4482e-02
4631.6230 1.1764e-01
4633.0127 9.1054e-02
4634.4028 9.9136e-02
4635.7935 9.2374e-02
4637.1831 8.7383e-02
4638.5742 6.5568e-02
4639.9658 8.0689e-02
4641.3579 8.8740e-02
4642.7505 7.1087e-02
4644.1436 8.0426e-02
4645.5371 7.2269e-02
4646.9307 1.0025e-01
4648.3247 1.0683e-01
4649.7188 8.7981e-02
4651.1138 8.3390e-02
4652.5093 7.2491e-02
4653.9048 7.5645e-02
4655.3018 6.8940e-02
4656.6978 7.9441e-02
4658.0947 1.0667e-01
4659.4922 1.0784e-01
4660.8896 8.9975e-02
4662.2886 8.0586e-02
4663.6865 7.7946e-02
4665.0859 9.2131e-02
4666.4854 7.8778e-02
4667.8853 1.0438e-01
4669.2861 1.0015e-01
4670.6870 9.1438e-02
4672.0874 9.5172e-02
4673.4897 6.5638e-02
4674.8916 9.1910e-02
4676.2944 1.1561e-01
4677.6968 9.8592e-02
4679.1006 7.3650e-02
4680.5039 7.7670e-02
4681.9082 1.0930e-01
4683.3125 7.1123e-02
4684.7173 1.1444e-01
4686.1230 7.9793e-02
4687.5288 8.5580e-02
4688.9351 7.4727e-02
4690.3423 8.1479e-02
4691.7490 7.7458e-02
4693.1562 9.3092e-02
4694.5645 1.0223e-01
4695.9731 9.1402e-02
4697.3818 8.3726e-02
4698.7910 7.6891e-02
4700.2002 1.1539e-01
4701.6104 7.8805e-02
4703.0205 8.7030e-02
4704.4316 8.6737e-02
4705.8433 1.0558e-01
4707.2549 9.9520e-02
4708.6670 1.0087e-01
4710.0796 6.6344e-02
4711.4927 8.2956e-02
4712.9058 9.6386e-02
4714.3203 7.5905e-02
4715.7344 7.4218e-02
4717.1494 8.7415e-02
4718.5645 9.2399e-02
4719.9800 8.9153e-02
4721.3955 9.7038e-02
4722.8120 8.3635e-02
4724.2290 7.5331e-02
4725.6460 1.0941e-01
4727.0645 9.8637e-02
4728.4824 8.0931e-02
4729.9004 8.9634e-02
4731.3198 8.3427e-02
4732.7388 9.1504e-02
4734.1587 9.2237e-02
4735.5791 8.5874e-02
4737.0000 9.8293e-02
4738.4209 1.0083e-01
4739.8428 7.0059e-02
4741.2646 9.6966e-02
4742.6870 7.8801e-02
4744.1094 6.9550e-02
4745.5327 7.6026e-02
4746.9565 7.5017e-02
4748.3804 8.8831e-02
4749.8052 6.5213e-02
4751.2300 8.7418e-02
4752.6548 7.8437e-02
4754.0811 7.6884e-02
4755.5078 8.2525e-02
4756.9341 7.1448e-02
4758.3608 5.9376e-02
4759.7886 7.6856e-02
4761.2168 5.4666e-02
4762.6445 8.1708e-02
4764.0737 7.5357e-02
4765.5029 6.6252e-02
4766.9326 9.2672e-02
4768.3628 7.4898e-02
4769.7930 7.5411e-02
4771.2236 8.1570e-02
4772.6553 7.4566e-02
4774.0869 8.3023e-02
4775.5190 6.5561e-02
4776.9521 6.9473e-02
4778.3853 6.3731e-02
4779.8184 6.4186e-02
4781.2524 7.2031e-02
4782.6870 5.8109e-02
4784.1226 5.4880e-02
4785.5571 9.3560e-02
4786.9927 7.0332e-02
4788.4292 7.6327e-02
4789.8652 7.5843e-02
4791.3022 5.0701e-02
4792.7397 6.7276e-02
4794.1777 7.5059e-02
4795.6152 7.0269e-02
4797.0542 5.7975e-02
4798.4937 5.9865e-02
4799.9331 7.9223e-02
4801.3735 7.1964e-02
4802.8140 5.8606e-02
4804.2544 7.3900e-02
4805.6958 5.2209e-02
4807.1377 1.0309e-01
4808.5796 9.7808e-02
4810.0220 6.3022e-02
4811.4653 7.0670e-02
4812.9087 7.8612e-02
4814.3525 9.5715e-02
4815.7969 7.3573e-02
4817.2417 6.7064e-02
4818.6865 8.0321e-02
4820.1328 8.6582e-02
4821.5786 7.0351e-02
4823.0249 9.0762e-02
4824.4717 6.7996e-02
4825.9189 6.2294e-02
4827.3667 7.2242e-02
4828.8149 7.4514e-02
4830.2637 7.4180e-02
4831.7124 7.8688e-02
4833.1621 6.7943e-02
4834.6118 6.9723e-02
4836.0620 7.2531e-02
4837.5137 7.3514e-02
4838.9644 8.2215e-02
4840.4165 7.7101e-02
4841.8687 6.2231e-02
4843.3208 5.4946e-02
4844.7739 7.2433e-02
4846.2275 7.7923e-02
4847.6812 6.1437e-02
4849.1357 5.3125e-02
4850.5903 9.8262e-02
4852.0454 5.7223e-02
4853.5015 5.5710e-02
4854.9575 7.5419e-02
4856.4136 6.7063e-02
4857.8706 8.3948e-02
4859.3281 8.8965e-02
4860.7861 6.5736e-02
4862.2437 6.2991e-02
4863.7026 7.0019e-02
4865.1621 8.5869e-02
4866.6211 9.0360e-02
4868.0815 7.1244e-02
4869.5420 6.3929e-02
4871.0024 7.3694e-02
4872.4639 7.3669e-02
4873.9263 6.2949e-02
4875.3877 6.6782e-02
4876.8506 5.7450e-02
4878.3135 7.4796e-02
4879.7773 6.3414e-02
4881.2412 8.4295e-02
4882.7051 6.9904e-02
4884.1704 4.7582e-02
4885.6357 6.1806e-02
4887.1011 6.9559e-02
4888.5674 8.4296e-02
4890.0337 7.5449e-02
4891.5010 8.8918e-02
4892.9683 6.2869e-02
4894.4360 6.6478e-02
4895.9043 6.7849e-02
4897.3730 7.3354e-02
4898.8423 7.9796e-02
4900.3120 5.1896e-02
4901.7827 7.4042e-02
4903.2529 7.0785e-02
4904.7231 5.9718e-02
4906.1953 6.6736e-02
4907.6675 7.0494e-02
4909.1392 6.0845e-02
4910.6123 7.3037e-02
4912.0854 8.3545e-02
4913.5586 6.1321e-02
4915.0332 5.9299e-02
4916.5073 9.1511e-02
4917.9819 5.8148e-02
4919.4575 6.6935e-02
4920.9331 7.3422e-02
4922.4097 1.0416e-01
4923.8872 6.8563e-02
4925.3638 6.5132e-02
4926.8418 3.5324e-02
4928.3188 5.5490e-02
4929.7979 8.3569e-02
4931.2769 6.6047e-02
4932.7563 8.3681e-02
4934.2358 6.2319e-02
4935.7168 5.5647e-02
4937.1963 7.0180e-02
4938.6782 6.2294e-02
4940.1597 6.0230e-02
4941.6416 7.2237e-02
4943.1250 8.0332e-02
4944.6069 5.4791e-02
4946.0908 4.2049e-02
4947.5752 6.3557e-02
4949.0586 5.5142e-02
4950.5435 7.1495e-02
4952.0278 7.2720e-02
4953.5142 6.2402e-02
4955.0010 6.3831e-02
4956.4873 4.9590e-02
4957.9741 6.9327e-02
4959.4614 6.0289e-02
4960.9492 5.6955e-02
4962.4370 6.8607e-02
4963.9258 5.3490e-02
4965.4150 5.8854e-02
4966.9048 5.5589e-02
4968.3945 5.5741e-02
4969.8853 6.1564e-02
4971.3765 6.7207e-02
4972.8677 5.0629e-02
4974.3599 5.9885e-02
4975.8521 6.1585e-02
4977.3447 6.1006e-02
4978.8379 5.9358e-02
4980.3315 6.5913e-02
4981.8257 5.2900e-02
4983.3203 5.3875e-02
4984.8159 6.8952e-02
4986.3105 5.2987e-02
4987.8066 5.7882e-02
4989.3027 4.5523e-02
4990.7998 5.3687e-02
4992.2974 4.8755e-02
4993.7939 5.5413e-02
4995.2930 7.6126e-02
4996.7915 4.4535e-02
4998.2905 5.5544e-02
4999.7896 5.8243e-02
5001.2896 4.1531e-02
5002.7900 4.4157e-02
5004.2915 3.8042e-02
5005.7925 5.3080e-02
5007.2944 5.8612e-02
5008.7964 4.3453e-02
5010.2993 5.6142e-02
5011.8022 4.9794e-02
5013.3057 6.9189e-02
5014.8101 4.6007e-02
5016.3145 6.3398e-02
5017.8184 6.2463e-02
5019.3247 7.3339e-02
5020.8301 5.9407e-02
5022.3359 6.3075e-02
5023.8428 4.0909e-02
5025.3496 6.6263e-02
5026.8579 4.9448e-02
5028.3657 5.2866e-02
5029.8740 6.1244e-02
5031.3828 6.6881e-02
5032.8926 4.1490e-02
5034.4023 6.4459e-02
5035.9131 5.6284e-02
5037.4233 5.1019e-02
5038.9346 3.7872e-02
5040.4463 6.9518e-02
5041.9585 3.9070e-02
5043.4712 6.3136e-02
5044.9839 5.9678e-02
5046.4980 5.0637e-02
5048.0112 4.3171e-02
5049.5259 4.8660e-02
5051.0415 6.2250e-02
5052.5562 4.8673e-02
5054.0723 5.5296e-02
5055.5884 5.5786e-02
5057.1045 4.4558e-02
5058.6221 5.1992e-02
5060.1401 5.9380e-02
5061.6577 4.1215e-02
5063.1763 5.2804e-02
5064.6953 5.3444e-02
5066.2144 4.5196e-02
5067.7339 5.1719e-02
5069.2549 4.1918e-02
5070.7759 4.2859e-02
5072.2969 7.0844e-02
5073.8188 4.7306e-02
5075.3403 4.4175e-02
5076.8628 5.6734e-02
5078.3867 5.5526e-02
5079.9097 6.5350e-02
5081.4336 5.4715e-02
5082.9580 6.9498e-02
5084.4829 4.3689e-02
5086.0083 5.4601e-02
5087.5342 6.8168e-02
5089.0605 6.6082e-02
5090.5874 4.8592e-02
5092.1143 6.4789e-02
5093.6421 5.6968e-02
5095.1699 5.8191e-02
5096.6987 6.0248e-02
5098.2275 6.0598e-02
5099.7573 7.9690e-02
5101.2871 6.3118e-02
5102.8179 6.1595e-02
5104.3481 5.1417e-02
5105.8799 6.6894e-02
5107.4111 6.9721e-02
5108.9438 7.4420e-02
5110.4761 6.6796e-02
5112.0093 3.5786e-02
5113.5435 4.1573e-02
5115.0771 5.7274e-02
5116.6118 5.3609e-02
5118.1470 4.7601e-02
5119.6816 5.8299e-02
5121.2183 6.2554e-02
5122.7544 5.4088e-02
5124.2910 6.5721e-02
5125.8286 6.0230e-02
5127.3667 7.2205e-02
5128.9043 5.2238e-02
5130.4429 6.7992e-02
5131.9824 7.0647e-02
5133.5220 8.0768e-02
5135.0615 6.2190e-02
5136.6021 5.4993e-02
5138.1436 6.6739e-02
5139.6846 6.3134e-02
5141.2266 3.4741e-02
5142.7690 5.0969e-02
5144.3125 5.8626e-02
5145.8550 6.9804e-02
5147.3989 6.6110e-02
5148.9429 3.8915e-02
5150.4883 5.6003e-02
5152.0332 4.7272e-02
5153.5781 5.7043e-02
5155.1245 6.2379e-02
5156.6714 5.7438e-02
5158.2178 5.1208e-02
5159.7656 8.1033e-02
5161.3130 9.0767e-02
5162.8618 8.6775e-02
5164.4106 6.0278e-02
5165.9604 7.5491e-02
5167.5098 8.7329e-02
5169.0605 5.1252e-02
5170.6108 6.3286e-02
5172.1621 7.8273e-02
5173.7139 7.1377e-02
5175.2656 5.9831e-02
5176.8188 7.5158e-02
5178.3711 7.2098e-02
5179.9253 6.5787e-02
5181.4790 4.9741e-02
5183.0337 5.8903e-02
5184.5884 6.5011e-02
5186.1436 5.0966e-02
5187.6992 4.7234e-02
5189.2559 4.7698e-02
5190.8130 5.3664e-02
5192.3696 8.6308e-02
5193.9277 8.0465e-02
5195.4858 5.3910e-02
5197.0439 6.6678e-02
5198.6035 7.9500e-02
5200.1636 5.7085e-02
5201.7231 8.6680e-02
5203.2837 7.4698e-02
5204.8447 7.5203e-02
5206.4058 7.5283e-02
5207.9683 4.8919e-02
5209.5303 4.6940e-02
5211.0933 6.1864e-02
5212.6567 6.0008e-02
5214.2202 6.3844e-02
5215.7847 6.4417e-02
5217.3496 5.5194e-02
5218.9150 5.5533e-02
5220.4800 5.6740e-02
5222.0464 7.0375e-02
5223.6128 6.0132e-02
5225.1802 6.8593e-02
5226.7480 6.1571e-02
5228.3154 4.7637e-02
5229.8843 6.8343e-02
5231.4526 5.8491e-02
5233.0225 5.8242e-02
5234.5928 9.3656e-02
5236.1626 7.4739e-02
5237.7339 5.8440e-02
5239.3052 6.1537e-02
5240.8770 7.5038e-02
5242.4492 4.2909e-02
5244.0220 7.1449e-02
5245.5947 6.8411e-02
5247.1689 6.9702e-02
5248.7422 4.9077e-02
5250.3174 6.5878e-02
5251.8921 3.8474e-02
5253.4678 8.7500e-02
5255.0439 6.9226e-02
5256.6211 4.9340e-02
5258.1978 6.5721e-02
5259.7749 5.9986e-02
5261.3530 6.6132e-02
5262.9312 5.8611e-02
5264.5098 6.2498e-02
5266.0898 7.7395e-02
5267.6694 5.5254e-02
5269.2495 5.9471e-02
5270.8311 6.7124e-02
5272.4116 7.8314e-02
5273.9941 6.8723e-02
5275.5757 7.1405e-02
5277.1587 8.2544e-02
5278.7422 6.8570e-02
5280.3252 6.9231e-02
5281.9092 7.4324e-02
5283.4937 6.0709e-02
5285.0786 7.1587e-02
5286.6641 6.9568e-02
5288.2500 9.0552e-02
5289.8369 7.3297e-02
5291.4238 6.9116e-02
5293.0117 7.6034e-02
5294.5996 7.4604e-02
5296.1870 5.8790e-02
5297.7764 7.7781e-02
5299.3662 5.2904e-02
5300.9561 4.4740e-02
5302.5459 6.6712e-02
5304.1367 7.4280e-02
5305.7280 4.7477e-02
5307.3188 6.0722e-02
5308.9116 7.1134e-02
5310.5044 7.4679e-02
5312.0977 5.6582e-02
5313.6919 6.4771e-02
5315.2856 3.9067e-02
5316.8799 5.5560e-02
5318.4751 7.8224e-02
5320.0708 5.7937e-02
5321.6665 6.5296e-02
5323.2632 6.7538e-02
5324.8604 5.5640e-02
5326.4575 6.7127e-02
5328.0557 5.7319e-02
5329.6533 7.4280e-02
5331.2534 5.0061e-02
5332.8516 6.5922e-02
5334.4517 5.7392e-02
5336.0522 7.2063e-02
5337.6533 7.4599e-02
5339.2544 5.7341e-02
5340.8560 6.2681e-02
5342.4585 6.7378e-02
5344.0605 5.2998e-02
5345.6646 7.0604e-02
5347.2681 7.6129e-02
5348.8726 4.3859e-02
5350.4771 5.6548e-02
5352.0825 6.8260e-02
5353.6875 6.4467e-02
5355.2944 6.3936e-02
5356.9009 6.5390e-02
5358.5073 5.6526e-02
5360.1152 6.8451e-02
5361.7236 5.5371e-02
5363.3315 5.6274e-02
5364.9404 7.0216e-02
5366.5503 8.0967e-02
5368.1602 5.6634e-02
5369.7705 6.9388e-02
5371.3813 6.0530e-02
5372.9932 6.7387e-02
5374.6050 6.6902e-02
5376.2173 5.9414e-02
5377.8301 6.1563e-02
5379.4434 4.9352e-02
5381.0576 5.9254e-02
5382.6714 6.5963e-02
5384.2861 5.9154e-02
5385.9014 4.1626e-02
5387.5171 5.6647e-02
5389.1343 5.8298e-02
5390.7505 5.6364e-02
5392.3677 5.7809e-02
5393.9858 6.0173e-02
5395.6035 7.5035e-02
5397.2222 5.5198e-02
5398.8413 5.9578e-02
5400.4609 4.7732e-02
5402.0811 7.8735e-02
5403.7017 6.9110e-02
5405.3228 5.7839e-02
5406.9448 5.8211e-02
5408.5659 4.4085e-02
5410.1890 4.0534e-02
5411.8115 3.8343e-02
5413.4360 4.5612e-02
5415.0596 5.5663e-02
5416.6841 6.4114e-02
5418.3096 6.0029e-02
5419.9351 6.2567e-02
5421.5605 5.3089e-02
5423.1875 6.1623e-02
5424.8145 7.5784e-02
5426.4414 5.5617e-02
5428.0693 7.2303e-02
5429.6982 5.2833e-02
5431.3271 4.6061e-02
5432.9565 4.8553e-02
5434.5859 5.4818e-02
5436.2163 5.5795e-02
5437.8472 3.6084e-02
5439.4785 7.3666e-02
5441.1104 7.6456e-02
5442.7427 6.7221e-02
5444.3760 4.5150e-02
5446.0098 5.5792e-02
5447.6431 6.5801e-02
5449.2778 4.4896e-02
5450.9121 5.2672e-02
5452.5474 3.4746e-02
5454.1826 4.8333e-02
5455.8193 4.4355e-02
5457.4565 6.1714e-02
5459.0933 5.7846e-02
5460.7310 4.6084e-02
5462.3696 5.5755e-02
5464.0073 5.4434e-02
5465.6475 4.7995e-02
5467.2871 6.2713e-02
5468.9272 4.8738e-02
5470.5674 5.2476e-02
5472.2090 4.2151e-02
5473.8506 4.7620e-02
5475.4927 3.8981e-02
5477.1353 4.5098e-02
5478.7783 6.8404e-02
5480.4224 6.6398e-02
5482.0659 4.3582e-02
5483.7104 4.0456e-02
5485.3560 4.9729e-02
5487.0010 4.4112e-02
5488.6475 5.7440e-02
5490.2944 5.4185e-02
5491.9414 5.6900e-02
5493.5889 5.0249e-02
5495.2368 6.2258e-02
5496.8857 4.4840e-02
5498.5342 5.4854e-02
5500.1841 4.2490e-02
5501.8340 6.5410e-02
5503.4849 4.7399e-02
5505.1357 4.6359e-02
5506.7871 4.8729e-02
5508.4395 6.3237e-02
5510.0923 5.2949e-02
5511.7451 5.1782e-02
5513.3984 5.0347e-02
5515.0522 5.4375e-02
5516.7070 4.6542e-02
5518.3623 7.3710e-02
5520.0176 3.6923e-02
5521.6733 6.3651e-02
5523.3301 4.9410e-02
5524.9868 5.8220e-02
5526.6450 5.1527e-02
5528.3027 4.4341e-02
5529.9609 5.7394e-02
5531.6201 4.0342e-02
5533.2793 6.2415e-02
5534.9395 3.8622e-02
5536.5996 6.4202e-02
5538.2607 3.9095e-02
5539.9229 4.4835e-02
5541.5840 5.8648e-02
5543.2466 4.7380e-02
5544.9102 4.5998e-02
5546.5728 6.6813e-02
5548.2373 5.0607e-02
5549.9019 6.0909e-02
5551.5664 5.6217e-02
5553.2324 4.6290e-02
5554.8984 6.0628e-02
5556.5645 4.9924e-02
5558.2310 5.6777e-02
5559.8989 5.7002e-02
5561.5669 6.0603e-02
5563.2354 5.1628e-02
5564.9043 2.6832e-02
5566.5732 6.0313e-02
5568.2437 4.8419e-02
5569.9150 4.8033e-02
5571.5854 5.6574e-02
5573.2568 4.5540e-02
5574.9287 4.1542e-02
5576.6011 5.0180e-02
5578.2739 4.1217e-02
5579.9482 3.6335e-02
5581.6216 8.1041e-02
5583.2959 5.5255e-02
5584.9717 5.2970e-02
5586.6470 5.5671e-02
5588.3223 5.7071e-02
5589.9990 4.4345e-02
5591.6763 3.7640e-02
5593.3535 7.2675e-02
5595.0317 4.1931e-02
5596.7104 5.3880e-02
5598.3892 4.6020e-02
5600.0688 4.6289e-02
5601.7490 3.3223e-02
5603.4292 5.4822e-02
5605.1104 5.9274e-02
5606.7915 4.7143e-02
5608.4741 4.1297e-02
5610.1562 2.6389e-02
5611.8394 6.6185e-02
5613.5234 4.5943e-02
5615.2075 6.4043e-02
5616.8916 5.6072e-02
5618.5767 4.7022e-02
5620.2627 5.4609e-02
5621.9482 6.1467e-02
5623.6348 5.3623e-02
5625.3218 5.8333e-02
5627.0098 5.6313e-02
5628.6982 3.6679e-02
5630.3867 5.6230e-02
5632.0757 3.5428e-02
5633.7651 3.5689e-02
5635.4551 5.3003e-02
5637.1460 5.2255e-02
5638.8369 6.4104e-02
5640.5283 5.7627e-02
5642.2207 3.0017e-02
5643.9141 4.0726e-02
5645.6069 6.0331e-02
5647.3003 4.7761e-02
5648.9946 7.2136e-02
5650.6895 5.1278e-02
5652.3848 3.1673e-02
5654.0801 5.8447e-02
5655.7759 4.8837e-02
5657.4736 5.7275e-02
5659.1709 4.5129e-02
5660.8682 3.9344e-02
5662.5664 4.4075e-02
5664.2651 4.4965e-02
5665.9644 5.3968e-02
5667.6641 4.7156e-02
5669.3647 6.2544e-02
5671.0649 5.9464e-02
5672.7666 5.3539e-02
5674.4688 5.5767e-02
5676.1709 6.0126e-02
5677.8740 4.3138e-02
5679.5771 4.1888e-02
5681.2812 3.3552e-02
5682.9858 4.5522e-02
5684.6899 3.9724e-02
5686.3950 3.7954e-02
5688.1021 6.5056e-02
5689.8076 5.3238e-02
5691.5146 4.4809e-02
5693.2222 5.1980e-02
5694.9302 5.7506e-02
5696.6382 4.1427e-02
5698.3477 4.8217e-02
5700.0571 5.3187e-02
5701.7671 4.7842e-02
5703.4775 5.0731e-02
5705.1885 5.6176e-02
5706.9004 5.1025e-02
5708.6123 3.1403e-02
5710.3252 5.5762e-02
5712.0381 5.8041e-02
5713.7524 3.9189e-02
5715.4663 3.7302e-02
5717.1812 3.3762e-02
5718.8955 5.4508e-02
5720.6118 3.3600e-02
5722.3271 3.8463e-02
5724.0444 5.5553e-02
5725.7617 4.1739e-02
5727.4795 3.6793e-02
5729.1973 4.1893e-02
5730.9165 6.0797e-02
5732.6353 3.7646e-02
5734.3550 4.0719e-02
5736.0757 5.9124e-02
5737.7969 3.3652e-02
5739.5176 5.9882e-02
5741.2397 4.4034e-02
5742.9624 4.4263e-02
5744.6851 3.0967e-02
5746.4082 4.1051e-02
5748.1323 4.8288e-02
5749.8569 6.9251e-02
5751.5815 3.5304e-02
5753.3076 4.1006e-02
5755.0332 3.3315e-02
5756.7593 5.4898e-02
5758.4863 4.6872e-02
5760.2144 5.7670e-02
5761.9424 4.5840e-02
5763.6709 3.2074e-02
5765.3999 4.1727e-02
5767.1294 6.4311e-02
5768.8594 3.6646e-02
5770.5908 5.1717e-02
5772.3213 3.7732e-02
5774.0527 5.2023e-02
5775.7856 4.9927e-02
5777.5181 4.3797e-02
5779.2515 5.1670e-02
5780.9844 5.9526e-02
5782.7192 4.0403e-02
5784.4546 5.2128e-02
5786.1899 5.1179e-02
5787.9253 4.1292e-02
5789.6626 5.3089e-02
5791.3984 3.6690e-02
5793.1362 4.9280e-02
5794.8745 4.2089e-02
5796.6123 4.3587e-02
5798.3516 4.3351e-02
5800.0913 4.3279e-02
5801.8306 5.2901e-02
5803.5713 5.0676e-02
5805.3125 4.7882e-02
5807.0537 4.4901e-02
5808.7964 6.8730e-02
5810.5391 3.4429e-02
5812.2822 5.8889e-02
5814.0259 2.8740e-02
5815.7700 3.1014e-02
5817.5151 5.9838e-02
5819.2598 3.3014e-02
5821.0059 3.8938e-02
5822.7524 4.2485e-02
5824.4990 4.7532e-02
5826.2461 5.0267e-02
5827.9937 4.7546e-02
5829.7427 4.1472e-02
5831.4912 3.8063e-02
5833.2407 4.9389e-02
5834.9912 5.6672e-02
5836.7417 5.4650e-02
5838.4922 3.7810e-02
5840.2446 2.3619e-02
5841.9961 5.6802e-02
5843.7490 5.3762e-02
5845.5020 3.9456e-02
5847.2559 3.7404e-02
5849.0103 4.2751e-02
5850.7642 6.9857e-02
5852.5195 5.8279e-02
5854.2754 5.7206e-02
5856.0317 2.8588e-02
5857.7881 3.8157e-02
5859.5454 3.9382e-02
5861.3032 4.1887e-02
5863.0625 5.0615e-02
5864.8208 4.8234e-02
5866.5806 4.7318e-02
5868.3403 4.0018e-02
5870.1006 2.9589e-02
5871.8618 4.8476e-02
5873.6230 5.4918e-02
5875.3857 4.0139e-02
5877.1479 4.6555e-02
5878.9111 3.4147e-02
5880.6748 4.4205e-02
5882.4390 4.5195e-02
5884.2036 5.0566e-02
5885.9692 3.6383e-02
5887.7349 4.1302e-02
5889.5010 3.9818e-02
5891.2676 5.2156e-02
5893.0356 2.6222e-02
5894.8032 3.4000e-02
5896.5718 4.4065e-02
5898.3408 6.1967e-02
5900.1108 4.6204e-02
5901.8804 4.9154e-02
5903.6509 4.6811e-02
5905.4219 4.0055e-02
5907.1938 4.6334e-02
5908.9663 3.7611e-02
5910.7383 3.4883e-02
5912.5112 4.5750e-02
5914.2856 5.3332e-02
5916.0601 3.2461e-02
5917.8345 2.4307e-02
5919.6099 3.4140e-02
5921.3857 3.7944e-02
5923.1621 4.4473e-02
5924.9395 4.2859e-02
5926.7163 4.2002e-02
5928.4946 5.4828e-02
5930.2729 3.9312e-02
5932.0522 3.2043e-02
5933.8315 3.1871e-02
5935.6123 3.2240e-02
5937.3926 4.1871e-02
5939.1738 3.1607e-02
5940.9556 4.1657e-02
5942.7383 4.7466e-02
5944.5210 2.9187e-02
5946.3042 5.3791e-02
5948.0879 3.9392e-02
5949.8726 5.4856e-02
5951.6572 5.8875e-02
5953.4434 4.9069e-02
5955.2290 3.4816e-02
5957.0151 3.8735e-02
5958.8022 3.8335e-02
5960.5903 4.2425e-02
5962.3789 5.0907e-02
5964.1670 5.0508e-02
5965.9561 4.2019e-02
5967.7466 4.2147e-02
5969.5366 3.7270e-02
5971.3276 4.9015e-02
5973.1187 2.9897e-02
5974.9106 5.0711e-02
5976.7031 5.0029e-02
5978.4961 4.1387e-02
5980.2900 4.6086e-02
5982.0845 4.9645e-02
5983.8789 4.6625e-02
5985.6729 2.6957e-02
5987.4692 3.2350e-02
5989.2651 3.5758e-02
5991.0620 6.7400e-02
5992.8589 4.2341e-02
5994.6572 3.8134e-02
5996.4556 6.6650e-02
5998.2549 4.6769e-02
6000.0547 4.1430e-02
6001.8545 3.6967e-02
6003.6548 3.8301e-02
6005.4561 3.2522e-02
6007.2578 3.7385e-02
6009.0596 3.9659e-02
6010.8623 4.5095e-02
6012.6660 2.5932e-02
6014.4697 5.1825e-02
6016.2739 4.6051e-02
6018.0786 3.4713e-02
6019.8843 2.8336e-02
6021.6909 3.7718e-02
6023.4966 3.4620e-02
6025.3037 4.2467e-02
6027.1108 3.8144e-02
6028.9199 3.4676e-02
6030.7285 4.8518e-02
6032.5366 5.7503e-02
6034.3472 3.0651e-02
6036.1577 4.6985e-02
6037.9683 3.3183e-02
6039.7793 2.8098e-02
6041.5918 5.9983e-02
6043.4038 4.2667e-02
6045.2173 5.7666e-02
6047.0312 5.3184e-02
6048.8447 3.7078e-02
6050.6592 4.1555e-02
6052.4751 5.5440e-02
6054.2905 3.7098e-02
6056.1069 3.7636e-02
6057.9233 5.8194e-02
6059.7407 3.5955e-02
6061.5586 4.5861e-02
6063.3770 3.9431e-02
6065.1968 5.4806e-02
6067.0161 3.7146e-02
6068.8359 4.4379e-02
6070.6567 2.8839e-02
6072.4785 5.3265e-02
6074.2998 3.7364e-02
6076.1221 4.2725e-02
6077.9448 4.1271e-02
6079.7681 4.5957e-02
6081.5918 3.2735e-02
6083.4160 5.2724e-02
6085.2417 4.8297e-02
6087.0664 4.2520e-02
6088.8936 3.3804e-02
6090.7197 4.0080e-02
6092.5469 3.7979e-02
6094.3745 3.9559e-02
6096.2031 4.1947e-02
6098.0327 3.6285e-02
6099.8613 5.0045e-02
6101.6914 3.2038e-02
6103.5220 2.4707e-02
6105.3530 3.9137e-02
6107.1846 3.9794e-02
6109.0171 3.6890e-02
6110.8496 5.7028e-02
6112.6831 3.9722e-02
6114.5166 3.9231e-02
6116.3511 2.7448e-02
6118.1855 3.8432e-02
6120.0210 3.6719e-02
6121.8574 4.2863e-02
6123.6938 3.0832e-02
6125.5308 3.9900e-02
6127.3687 3.2681e-02
6129.2065 4.0595e-02
6131.0454 3.8395e-02
6132.8843 3.1829e-02
6134.7246 4.6271e-02
6136.5649 4.5029e-02
6138.4062 3.3366e-02
6140.2476 2.8488e-02
6142.0894 3.7591e-02
6143.9316 3.2442e-02
6145.7759 4.1975e-02
6147.6191 4.2056e-02
6149.4634 2.9321e-02
6151.3081 4.3171e-02
6153.1538 4.7723e-02
6155.0000 4.1530e-02
6156.8462 3.8788e-02
6158.6934 3.9072e-02
6160.5410 4.3966e-02
6162.3892 4.2053e-02
6164.2373 4.7679e-02
6166.0869 4.0670e-02
6167.9370 2.9074e-02
6169.7871 3.9309e-02
6171.6387 3.4174e-02
6173.4897 4.1321e-02
6175.3413 3.6720e-02
6177.1938 3.0879e-02
6179.0474 3.8300e-02
6180.9009 3.1242e-02
6182.7549 4.1643e-02
6184.6104 3.7787e-02
6186.4653 3.5764e-02
6188.3213 3.5322e-02
6190.1782 4.5956e-02
6192.0356 3.2361e-02
6193.8931 2.1890e-02
6195.7505 4.5559e-02
6197.6099 4.1047e-02
6199.4688 3.2782e-02
6201.3281 3.7709e-02
6203.1895 4.2785e-02
6205.0498 2.9435e-02
6206.9121 3.4965e-02
6208.7739 2.3210e-02
6210.6367 3.3422e-02
6212.4995 3.9625e-02
6214.3633 3.1571e-02
6216.2275 2.7026e-02
6218.0923 3.2776e-02
6219.9575 3.1995e-02
6221.8237 3.5527e-02
6223.6904 5.0413e-02
6225.5576 3.8451e-02
6227.4258 3.0016e-02
6229.2935 4.7704e-02
6231.1621 3.8087e-02
6233.0317 3.4127e-02
6234.9019 3.3926e-02
6236.7720 2.8068e-02
6238.6431 5.4447e-02
6240.5146 4.2383e-02
6242.3867 2.5325e-02
6244.2598 2.9928e-02
6246.1323 1.9550e-02
6248.0063 3.4653e-02
6249.8813 2.4889e-02
6251.7559 3.1931e-02
6253.6313 3.7645e-02
6255.5073 3.6133e-02
6257.3843 4.8036e-02
6259.2617 3.1649e-02
6261.1392 4.1640e-02
6263.0176 4.2632e-02
6264.8970 3.0048e-02
6266.7759 3.9928e-02
6268.6562 3.1675e-02
6270.5361 3.7068e-02
6272.4180 2.8732e-02
6274.2993 2.6275e-02
6276.1816 4.0903e-02
6278.0645 4.2774e-02
6279.9478 3.7786e-02
6281.8320 3.7114e-02
6283.7168 2.2502e-02
6285.6021 3.5807e-02
6287.4868 2.5718e-02
6289.3740 2.4869e-02
6291.2603 2.5174e-02
6293.1475 2.7125e-02
6295.0352 3.2728e-02
6296.9238 3.7970e-02
6298.8130 3.6235e-02
6300.7026 2.5009e-02
6302.5933 4.5514e-02
6304.4839 2.4617e-02
6306.3755 2.7401e-02
6308.2676 2.8928e-02
6310.1597 2.9285e-02
6312.0527 2.9688e-02
6313.9468 3.4081e-02
6315.8398 3.8641e-02
6317.7349 2.6264e-02
6319.6304 2.3430e-02
6321.5269 3.3290e-02
6323.4233 3.6349e-02
6325.3198 2.8922e-02
6327.2178 4.1566e-02
6329.1157 4.6598e-02
6331.0146 2.7101e-02
6332.9131 2.2740e-02
6334.8140 3.2255e-02
6336.7139 3.3317e-02
6338.6147 3.7694e-02
6340.5166 2.6804e-02
6342.4189 3.9601e-02
6344.3213 3.0714e-02
6346.2246 5.0828e-02
6348.1284 2.6042e-02
6350.0332 2.6999e-02
6351.9380 2.4853e-02
6353.8442 3.0905e-02
6355.7500 2.7959e-02
6357.6572 2.3214e-02
6359.5645 2.7715e-02
6361.4717 3.8344e-02
6363.3804 3.5268e-02
6365.2891 2.5451e-02
6367.1987 2.8390e-02
6369.1089 4.4840e-02
6371.0200 2.4182e-02
6372.9312 2.1730e-02
6374.8428 3.2589e-02
6376.7549 4.2693e-02
6378.6685 2.5726e-02
6380.5820 2.4753e-02
6382.4966 2.7353e-02
6384.4111 1.7059e-02
6386.3257 2.5260e-02
6388.2422 3.2043e-02
6390.1587 3.6984e-02
6392.0752 3.8954e-02
6393.9932 2.0629e-02
6395.9116 1.5080e-02
6397.8301 3.1843e-02
6399.7490 3.7159e-02
6401.6694 4.5125e-02
6403.5898 3.4399e-02
6405.5112 4.7998e-02
6407.4331 2.0311e-02
6409.3545 3.2697e-02
6411.2778 2.1647e-02
6413.2012 2.5637e-02
6415.1250 3.3343e-02
6417.0493 3.3416e-02
6418.9741 4.3032e-02
6420.9004 3.7307e-02
6422.8262 2.2614e-02
6424.7534 3.3780e-02
6426.6812 3.2625e-02
6428.6094 2.9980e-02
6430.5381 2.9059e-02
6432.4668 3.4619e-02
6434.3960 2.5655e-02
6436.3267 3.4617e-02
6438.2578 2.4803e-02
6440.1895 2.6427e-02
6442.1216 3.6718e-02
6444.0537 2.2558e-02
6445.9868 3.7199e-02
6447.9209 3.1996e-02
6449.8550 3.4269e-02
6451.7905 3.4198e-02
6453.7256 2.8968e-02
6455.6621 3.9670e-02
6457.5986 3.2801e-02
6459.5356 2.8344e-02
6461.4741 1.9266e-02
6463.4121 4.2844e-02
6465.3506 2.6201e-02
6467.2905 3.1689e-02
6469.2310 2.6612e-02
6471.1719 3.0271e-02
6473.1128 1.9862e-02
6475.0552 2.6798e-02
6476.9976 2.6095e-02
6478.9409 3.3287e-02
6480.8848 2.6957e-02
6482.8286 2.0832e-02
6484.7739 2.6231e-02
6486.7192 3.0825e-02
6488.6650 2.9246e-02
6490.6113 2.2605e-02
6492.5581 3.9031e-02
6494.5063 2.0851e-02
6496.4546 3.3667e-02
6498.4038 3.6516e-02
6500.3535 3.5851e-02
6502.3032 2.4396e-02
6504.2539 3.7603e-02
6506.2056 3.2944e-02
6508.1572 3.5598e-02
6510.1099 2.4346e-02
6512.0625 2.3151e-02
6514.0166 2.7626e-02
6515.9702 3.1120e-02
6517.9258 2.7674e-02
6519.8809 3.2839e-02
6521.8364 2.1231e-02
6523.7930 2.9404e-02
6525.7505 1.9715e-02
6527.7075 3.1072e-02
6529.6665 3.5185e-02
6531.6255 3.4262e-02
6533.5845 3.0933e-02
6535.5449 2.4601e-02
6537.5054 2.8936e-02
6539.4668 2.9112e-02
6541.4282 2.7435e-02
6543.3911 2.0496e-02
6545.3545 2.9601e-02
6547.3179 3.1275e-02
6549.2817 2.6576e-02
6551.2466 3.0411e-02
6553.2124 2.5246e-02
6555.1777 2.5433e-02
6557.1445 3.1585e-02
6559.1113 1.6892e-02
6561.0796 4.0498e-02
6563.0479 1.9734e-02
6565.0166 2.2337e-02
6566.9863 2.4596e-02
6568.9561 4.2293e-02
6570.9268 3.1185e-02
6572.8979 1.9913e-02
6574.8701 1.9757e-02
6576.8423 2.4566e-02
6578.8154 1.4477e-02
6580.7896 2.4929e-02
6582.7632 2.4990e-02
6584.7383 3.2327e-02
6586.7139 4.1077e-02
6588.6895 3.0218e-02
6590.6660 3.3408e-02
6592.6431 3.3671e-02
6594.6211 3.3436e-02
6596.5996 1.9470e-02
6598.5791 3.3511e-02
6600.5581 2.4441e-02
6602.5386 2.1744e-02
6604.5190 2.3001e-02
6606.5005 2.7135e-02
6608.4824 3.0199e-02
6610.4648 2.4802e-02
6612.4482 2.0765e-02
6614.4326 2.4907e-02
6616.4160 3.8946e-02
6618.4009 2.4445e-02
6620.3867 1.7989e-02
6622.3730 3.7488e-02
6624.3594 3.5971e-02
6626.3467 3.1295e-02
6628.3350 2.8005e-02
6630.3232 3.8303e-02
6632.3125 2.2743e-02
6634.3022 1.8688e-02
6636.2920 2.8536e-02
6638.2827 3.7030e-02
6640.2744 3.5264e-02
6642.2671 2.3502e-02
6644.2593 2.1575e-02
6646.2529 2.1096e-02
6648.2471 2.9476e-02
6650.2412 2.5370e-02
6652.2358 3.6114e-02
6654.2314 2.5316e-02
6656.2280 3.0455e-02
6658.2251 2.9621e-02
6660.2222 3.7948e-02
6662.2207 3.0373e-02
6664.2197 2.5193e-02
6666.2178 3.4355e-02
6668.2178 3.1180e-02
6670.2188 2.0029e-02
6672.2192 3.0335e-02
6674.2212 2.4355e-02
6676.2241 2.5113e-02
6678.2266 1.5337e-02
6680.2300 1.8512e-02
6682.2334 2.8319e-02
6684.2388 2.1348e-02
6686.2446 2.4961e-02
6688.2500 2.6986e-02
6690.2563 2.1027e-02
6692.2627 2.5588e-02
6694.2715 1.3332e-02
6696.2793 3.5498e-02
6698.2881 1.7890e-02
6700.2979 3.3204e-02
6702.3081 2.1537e-02
6704.3188 2.0439e-02
6706.3301 2.5698e-02
6708.3418 3.6341e-02
6710.3545 3.3260e-02
6712.3672 2.2288e-02
6714.3809 3.7958e-02
6716.3955 2.6588e-02
6718.4106 2.6960e-02
6720.4263 1.5600e-02
6722.4419 2.3129e-02
6724.4585 3.4020e-02
6726.4756 2.7415e-02
6728.4946 2.3122e-02
6730.5127 1.4824e-02
6732.5312 4.7747e-02
6734.5513 3.3068e-02
6736.5718 2.2040e-02
6738.5923 2.6850e-02
6740.6152 2.4434e-02
6742.6367 2.5254e-02
6744.6587 3.5819e-02
6746.6831 3.3020e-02
6748.7065 2.9813e-02
6750.7310 2.7841e-02
6752.7563 2.6604e-02
6754.7822 1.6260e-02
6756.8091 1.4515e-02
6758.8359 2.0032e-02
6760.8633 2.8620e-02
6762.8916 3.0589e-02
6764.9209 2.7964e-02
6766.9502 3.5095e-02
6768.9805 1.4718e-02
6771.0107 2.5900e-02
6773.0425 2.9278e-02
6775.0742 2.3606e-02
6777.1064 2.8225e-02
6779.1401 3.0334e-02
6781.1733 3.4683e-02
6783.2080 2.8065e-02
6785.2427 1.1854e-02
6787.2783 2.4824e-02
6789.3149 2.9709e-02
6791.3516 2.7466e-02
6793.3887 2.4388e-02
6795.4272 2.9627e-02
6797.4653 2.2711e-02
6799.5049 3.0626e-02
6801.5444 2.2254e-02
6803.5854 3.0978e-02
6805.6260 3.0353e-02
6807.6685 1.9449e-02
6809.7100 2.6496e-02
6811.7534 1.2562e-02
6813.7964 3.1711e-02
6815.8408 1.8620e-02
6817.8853 2.1258e-02
6819.9312 3.6038e-02
6821.9771 1.6812e-02
6824.0234 2.1125e-02
6826.0703 3.5981e-02
6828.1182 1.7345e-02
6830.1670 1.9555e-02
6832.2163 2.7992e-02
6834.2651 3.1630e-02
6836.3154 2.5961e-02
6838.3667 2.4031e-02
6840.4180 2.4355e-02
6842.4702 3.4296e-02
6844.5229 2.4819e-02
6846.5762 1.3684e-02
6848.6304 2.0140e-02
6850.6851 2.2781e-02
6852.7402 2.7585e-02
6854.7959 2.3868e-02
6856.8525 2.6746e-02
6858.9097 1.7218e-02
6860.9668 1.9833e-02
6863.0254 2.9306e-02
6865.0845 2.3130e-02
6867.1440 2.3204e-02
6869.2041 2.5453e-02
6871.2646 1.9566e-02
6873.3257 2.3659e-02
6875.3882 2.5149e-02
6877.4512 3.4098e-02
6879.5137 2.5106e-02
6881.5781 1.8986e-02
6883.6421 2.6525e-02
6885.7075 1.9168e-02
6887.7729 2.6089e-02
6889.8394 1.2467e-02
6891.9062 3.4324e-02
6893.9746 3.1430e-02
6896.0425 2.1493e-02
6898.1113 2.5218e-02
6900.1802 1.4202e-02
6902.2505 2.8479e-02
6904.3213 1.8341e-02
6906.3926 2.6481e-02
6908.4648 2.5472e-02
6910.5366 2.0552e-02
6912.6099 2.6273e-02
6914.6841 2.3167e-02
6916.7588 3.9570e-02
6918.8335 2.1793e-02
6920.9092 1.6126e-02
6922.9849 2.0494e-02
6925.0620 2.3174e-02
6927.1401 2.1987e-02
6929.2178 2.2056e-02
6931.2964 2.4512e-02
6933.3760 2.5284e-02
6935.4561 1.5191e-02
6937.5371 2.8573e-02
6939.6182 1.8196e-02
6941.7002 2.7457e-02
6943.7822 3.1135e-02
6945.8657 3.1035e-02
6947.9487 1.4098e-02
6950.0337 1.9645e-02
6952.1182 3.3743e-02
6954.2046 1.3576e-02
6956.2905 2.2086e-02
6958.3779 2.3186e-02
6960.4644 2.0802e-02
6962.5527 1.4732e-02
6964.6421 1.5805e-02
6966.7314 2.1221e-02
6968.8208 1.7612e-02
6970.9116 2.9026e-02
6973.0029 2.3812e-02
6975.0947 3.0660e-02
6977.1880 2.4921e-02
6979.2803 3.0995e-02
6981.3745 1.3038e-02
6983.4692 2.4822e-02
6985.5635 1.7530e-02
6987.6602 1.6033e-02
6989.7559 1.8156e-02
6991.8525 1.3679e-02
6993.9507 2.7432e-02
6996.0488 2.6476e-02
6998.1479 2.6701e-02
7000.2471 2.7646e-02
7002.3467 2.2770e-02
7004.4468 2.0488e-02
7006.5488 2.9663e-02
7008.6514 2.0205e-02
7010.7529 2.0959e-02
7012.8564 2.4620e-02
7014.9609 1.2256e-02
7017.0654 2.2414e-02
7019.1699 1.3661e-02
7021.2759 1.6339e-02
7023.3823 2.9695e-02
7025.4893 1.3548e-02
7027.5977 2.3013e-02
7029.7051 1.3981e-02
7031.8145 3.5380e-02
7033.9238 2.4800e-02
7036.0337 1.6667e-02
7038.1450 1.7771e-02
7040.2559 1.3805e-02
7042.3687 2.6597e-02
7044.4805 3.6076e-02
7046.5938 3.2410e-02
7048.7080 2.1789e-02
7050.8228 2.2338e-02
7052.9385 2.1550e-02
7055.0542 2.2946e-02
7057.1704 2.2293e-02
7059.2881 2.5604e-02
7061.4053 2.5565e-02
7063.5234 1.6841e-02
7065.6431 1.7119e-02
7067.7627 2.0484e-02
7069.8828 1.9407e-02
7072.0039 1.2276e-02
7074.1255 1.7654e-02
7076.2476 1.7200e-02
7078.3706 3.4653e-02
7080.4937 1.8890e-02
7082.6187 2.2641e-02
7084.7432 3.5941e-02
7086.8687 1.8601e-02
7088.9946 1.8664e-02
7091.1216 1.5089e-02
7093.2490 1.1338e-02
7095.3765 1.6958e-02
7097.5049 1.2753e-02
7099.6348 1.8909e-02
7101.7642 1.9497e-02
7103.8945 1.7514e-02
7106.0264 2.0700e-02
7108.1582 2.2007e-02
7110.2905 2.9260e-02
7112.4229 1.9825e-02
7114.5571 1.5609e-02
7116.6914 2.4314e-02
7118.8262 1.7081e-02
7120.9619 1.3996e-02
7123.0986 2.6974e-02
7125.2354 2.1880e-02
7127.3730 2.5908e-02
7129.5112 3.2643e-02
7131.6499 1.5348e-02
7133.7896 2.6544e-02
7135.9292 1.6836e-02
7138.0703 2.8414e-02
7140.2119 2.1913e-02
7142.3540 1.7800e-02
7144.4966 1.2825e-02
7146.6396 1.9341e-02
7148.7842 2.1848e-02
7150.9287 2.4666e-02
7153.0742 1.0843e-02
7155.2197 2.1381e-02
7157.3667 2.7803e-02
7159.5137 2.6462e-02
7161.6616 2.8672e-02
7163.8101 1.9749e-02
7165.9590 1.7999e-02
7168.1089 1.2969e-02
7170.2593 1.5230e-02
7172.4102 1.8567e-02
7174.5625 3.5104e-02
7176.7144 1.3861e-02
7178.8672 3.0609e-02
7181.0210 2.4457e-02
7183.1753 2.2798e-02
7185.3306 1.5456e-02
7187.4858 1.8341e-02
7189.6421 1.4739e-02
7191.7988 1.9605e-02
7193.9565 2.6080e-02
7196.1147 1.0374e-02
7198.2734 2.7012e-02
7200.4336 2.3308e-02
7202.5928 2.0199e-02
7204.7539 2.9109e-02
7206.9155 2.5288e-02
7209.0771 1.5321e-02
7211.2402 1.4129e-02
7213.4033 2.0250e-02
7215.5674 1.9711e-02
7217.7324 1.4754e-02
7219.8979 1.5106e-02
7222.0635 2.7833e-02
7224.2300 2.7055e-02
7226.3979 2.6035e-02
7228.5654 1.4331e-02
7230.7334 1.8990e-02
7232.9033 2.0504e-02
7235.0728 2.5721e-02
7237.2432 1.9758e-02
7239.4150 2.3461e-02
7241.5864 1.5630e-02
7243.7593 2.7899e-02
7245.9321 1.5037e-02
7248.1060 3.0490e-02
7250.2803 1.7242e-02
7252.4551 2.3919e-02
7254.6313 1.4179e-02
7256.8076 2.1554e-02
7258.9849 1.0465e-02
7261.1626 2.1214e-02
7263.3408 1.3759e-02
7265.5200 1.2829e-02
7267.6992 2.1321e-02
7269.8799 1.5743e-02
7272.0605 2.5049e-02
7274.2422 1.7218e-02
7276.4243 2.4107e-02
7278.6069 2.4394e-02
7280.7910 1.6036e-02
7282.9751 1.2293e-02
7285.1602 2.0838e-02
7287.3452 1.4967e-02
7289.5317 1.8277e-02
7291.7188 1.6216e-02
7293.9067 2.2014e-02
7296.0947 2.5153e-02
7298.2832 2.1712e-02
7300.4727 2.3033e-02
7302.6631 1.4530e-02
7304.8540 3.1891e-02
7307.0454 2.0180e-02
7309.2373 2.1081e-02
7311.4292 1.7602e-02
7313.6235 1.1393e-02
7315.8179 2.1149e-02
7318.0122 1.7510e-02
7320.2075 1.7248e-02
7322.4038 2.3425e-02
7324.6001 1.9255e-02
7326.7979 1.3400e-02
7328.9961 2.2522e-02
7331.1943 2.1136e-02
7333.3936 2.7654e-02
7335.5938 1.5028e-02
7337.7944 1.5722e-02
7339.9956 2.3297e-02
7342.1982 1.4783e-02
7344.4004 2.1811e-02
7346.6035 1.3496e-02
7348.8081 1.3012e-02
7351.0127 2.5266e-02
7353.2183 2.2780e-02
7355.4238 2.0636e-02
7357.6304 1.5327e-02
7359.8374 1.9697e-02
7362.0459 2.1528e-02
7364.2549 1.8263e-02
7366.4634 1.9558e-02
7368.6738 1.9353e-02
7370.8838 1.5827e-02
7373.0957 1.4311e-02
7375.3071 1.5260e-02
7377.5200 2.0972e-02
7379.7334 1.6373e-02
7381.9473 1.6549e-02
7384.1616 1.4394e-02
7386.3770 1.1510e-02
7388.5928 2.7683e-02
7390.8096 1.3026e-02
7393.0264 2.0319e-02
7395.2446 1.6717e-02
7397.4639 2.0663e-02
7399.6826 1.6910e-02
7401.9023 2.1107e-02
7404.1230 9.8842e-03
7406.3438 1.8259e-02
7408.5654 1.8962e-02
7410.7886 1.1208e-02
7413.0122 1.7573e-02
7415.2354 1.9080e-02
7417.4604 1.3255e-02
7419.6855 1.9310e-02
7421.9116 1.0641e-02
7424.1382 2.0912e-02
7426.3652 1.4011e-02
7428.5933 1.2752e-02
7430.8218 1.3657e-02
7433.0513 2.2878e-02
7435.2808 2.6645e-02
7437.5117 2.7341e-02
7439.7432 1.4054e-02
7441.9741 3.0793e-02
7444.2070 1.6979e-02
7446.4404 1.6005e-02
7448.6748 1.2350e-02
7450.9097 9.2744e-03
7453.1440 1.8255e-02
7455.3809 1.1468e-02
7457.6167 2.4342e-02
7459.8545 9.9146e-03
7462.0923 2.8518e-02
7464.3306 2.1059e-02
7466.5698 1.8239e-02
7468.8096 2.1671e-02
7471.0503 2.0318e-02
7473.2920 1.6581e-02
7475.5342 2.2941e-02
7477.7769 1.3028e-02
7480.0205 1.3371e-02
7482.2637 1.1754e-02
7484.5088 1.5983e-02
7486.7539 2.6479e-02
7489.0000 2.0610e-02
7491.2471 1.4343e-02
7493.4937 2.2818e-02
7495.7422 1.7432e-02
7497.9912 1.9116e-02
7500.2402 1.8583e-02
7502.4902 2.6778e-02
7504.7412 1.8235e-02
7506.9927 2.0204e-02
7509.2441 1.5914e-02
7511.4976 1.7617e-02
7513.7510 1.7898e-02
7516.0044 1.8492e-02
7518.2593 1.0875e-02
7520.5151 1.0472e-02
7522.7715 1.6923e-02
7525.0283 9.5205e-03
7527.2861 1.0642e-02
7529.5439 1.7494e-02
7531.8027 1.7783e-02
7534.0620 1.2354e-02
7536.3228 1.7623e-02
7538.5835 1.2165e-02
7540.8447 1.2173e-02
7543.1074 1.6262e-02
7545.3706 1.6614e-02
7547.6338 1.1371e-02
7549.8984 1.1430e-02
7552.1626 1.5689e-02
7554.4292 2.1487e-02
7556.6948 1.6082e-02
7558.9619 2.2698e-02
7561.2295 1.7420e-02
7563.4976 2.1300e-02
7565.7671 1.8342e-02
7568.0366 1.5414e-02
7570.3071 1.8076e-02
7572.5786 2.9665e-02
7574.8511 1.1774e-02
7577.1230 1.3096e-02
7579.3960 2.2426e-02
7581.6694 1.0221e-02
7583.9443 1.9707e-02
7586.2192 1.6996e-02
7588.4956 2.0215e-02
7590.7715 1.5742e-02
7593.0488 6.9926e-03
7595.3262 1.5115e-02
7597.6060 2.2653e-02
7599.8843 2.2201e-02
7602.1641 1.4865e-02
7604.4448 1.3094e-02
7606.7271 3.0820e-02
7609.0093 2.2297e-02
7611.2910 1.7598e-02
7613.5752 1.8446e-02
7615.8589 1.7574e-02
7618.1440 1.1366e-02
7620.4292 2.4081e-02
7622.7153 1.6335e-02
7625.0020 1.5396e-02
7627.2896 1.6832e-02
7629.5781 1.0557e-02
7631.8662 1.3877e-02
7634.1562 1.6711e-02
7636.4468 1.9514e-02
7638.7378 1.3494e-02
7641.0288 2.7892e-02
7643.3213 1.3620e-02
7645.6138 2.4818e-02
7647.9072 1.5307e-02
7650.2021 2.4215e-02
7652.4971 1.2760e-02
7654.7935 1.4901e-02
7657.0894 1.1563e-02
7659.3867 1.5149e-02
7661.6846 2.0981e-02
7663.9829 1.0840e-02
7666.2817 1.3000e-02
7668.5825 1.2022e-02
7670.8823 1.0806e-02
7673.1841 1.7427e-02
7675.4854 1.4462e-02
7677.7891 1.4277e-02
7680.0918 2.6168e-02
7682.3960 1.0096e-02
7684.7002 1.5182e-02
7687.0059 1.5119e-02
7689.3125 2.3915e-02
7691.6191 1.0733e-02
7693.9268 7.8146e-03
7696.2344 2.8524e-02
7698.5430 1.5990e-02
7700.8530 1.8376e-02
7703.1631 1.6263e-02
7705.4746 1.6654e-02
7707.7856 1.4915e-02
7710.0981 1.3137e-02
7712.4111 1.5542e-02
7714.7251 1.3280e-02
7717.0391 1.2615e-02
7719.3540 8.9760e-03
7721.6699 1.4218e-02
7723.9868 1.3588e-02
7726.3042 1.8779e-02
7728.6216 1.8004e-02
7730.9409 1.6346e-02
7733.2593 1.6210e-02
7735.5796 6.2267e-03
7737.9004 1.1079e-02
7740.2217 1.2668e-02
7742.5435 1.3940e-02
7744.8662 2.2915e-02
7747.1895 6.3898e-03
7749.5142 1.5997e-02
7751.8394 1.8460e-02
7754.1650 7.5337e-03
7756.4907 1.7118e-02
7758.8174 1.8936e-02
7761.1450 1.6966e-02
7763.4736 1.3418e-02
7765.8022 1.2228e-02
7768.1323 1.0796e-02
7770.4634 1.5740e-02
7772.7944 1.7058e-02
7775.1260 1.9156e-02
7777.4585 1.7199e-02
7779.7915 1.4762e-02
7782.1260 1.5825e-02
7784.4604 1.4184e-02
7786.7954 2.2715e-02
7789.1318 1.6211e-02
7791.4683 1.8009e-02
7793.8062 1.2272e-02
7796.1436 1.3293e-02
7798.4824 1.4234e-02
7800.8218 1.6137e-02
7803.1626 1.9383e-02
7805.5034 1.7568e-02
7807.8447 1.6645e-02
7810.1880 1.7089e-02
7812.5303 1.1864e-02
7814.8745 1.9506e-02
7817.2192 1.3964e-02
7819.5640 2.1120e-02
7821.9106 1.2442e-02
7824.2559 1.7322e-02
7826.6040 1.4724e-02
7828.9521 1.4434e-02
7831.3003 1.5307e-02
7833.6499 1.2567e-02
7835.9995 1.2159e-02
7838.3511 2.3589e-02
7840.7021 1.7937e-02
7843.0547 1.8824e-02
7845.4077 1.5759e-02
7847.7603 1.2336e-02
7850.1152 1.9111e-02
7852.4702 1.2730e-02
7854.8262 1.0665e-02
7857.1821 1.9235e-02
7859.5396 1.0634e-02
7861.8975 2.2920e-02
7864.2559 1.4653e-02
7866.6157 1.7947e-02
7868.9756 1.3722e-02
7871.3359 2.0642e-02
7873.6978 2.2199e-02
7876.0601 1.5143e-02
7878.4224 9.8922e-03
7880.7856 8.3009e-03
7883.1509 8.6669e-03
7885.5151 3.2818e-02
7887.8809 1.1088e-02
7890.2476 1.8569e-02
7892.6147 1.5056e-02
7894.9814 1.4624e-02
7897.3501 2.7670e-02
7899.7192 2.5959e-02
7902.0898 1.3093e-02
7904.4604 2.0269e-02
7906.8311 2.1522e-02
7909.2036 9.9806e-03
7911.5767 1.2182e-02
7913.9497 7.2874e-03
7916.3247 2.0903e-02
7918.6987 1.2046e-02
7921.0742 1.9806e-02
7923.4512 1.6194e-02
7925.8276 1.2268e-02
7928.2051 8.3922e-03
7930.5845 1.3832e-02
7932.9634 1.7684e-02
7935.3433 1.9485e-02
7937.7236 1.6644e-02
7940.1050 1.9554e-02
7942.4873 1.3363e-02
7944.8701 1.8752e-02
7947.2529 1.7319e-02
7949.6377 1.6220e-02
7952.0225 2.2351e-02
7954.4082 1.7695e-02
7956.7949 1.8715e-02
7959.1807 1.9837e-02
7961.5688 1.5858e-02
7963.9580 1.2774e-02
7966.3462 1.1312e-02
7968.7368 4.4490e-03
7971.1274 1.6248e-02
7973.5181 1.2700e-02
7975.9111 1.2651e-02
7978.3032 1.2467e-02
7980.6973 2.1780e-02
7983.0908 2.0359e-02
7985.4858 1.1731e-02
7987.8823 1.6535e-02
7990.2778 1.5762e-02
7992.6748 1.3929e-02
7995.0728 1.3134e-02
7997.4717 7.8128e-03
7999.8711 2.2368e-02
8002.2710 1.5695e-02
8004.6709 1.7049e-02
8007.0723 1.2281e-02
8009.4746 1.5469e-02
8011.8779 1.0549e-02
8014.2812 1.5973e-02
8016.6855 1.1576e-02
8019.0903 1.1784e-02
8021.4966 2.0347e-02
8023.9028 1.8074e-02
8026.3105 2.1684e-02
8028.7173 1.0611e-02
8031.1260 9.5031e-03
8033.5361 2.7742e-02
8035.9458 1.0681e-02
8038.3569 1.3952e-02
8040.7681 2.0591e-02
8043.1807 2.0812e-02
8045.5933 7.7103e-03
8048.0068 1.0864e-02
8050.4214 1.5499e-02
8052.8364 1.7084e-02
8055.2520 1.7282e-02
8057.6689 1.2081e-02
8060.0864 1.3994e-02
8062.5049 2.3152e-02
8064.9229 1.6122e-02
8067.3423 1.6410e-02
8069.7632 1.5742e-02
8072.1836 1.6826e-02
8074.6050 2.5484e-02
8077.0278 1.0902e-02
8079.4507 1.8314e-02
8081.8745 1.7776e-02
8084.2988 6.6782e-03
8086.7251 1.0707e-02
8089.1509 1.4425e-02
8091.5771 1.8604e-02
8094.0049 2.2001e-02
8096.4331 1.7322e-02
8098.8618 2.0123e-02
8101.2910 1.8013e-02
8103.7217 1.6339e-02
8106.1528 1.1794e-02
8108.5845 1.4733e-02
8111.0171 1.5219e-02
8113.4502 1.1039e-02
8115.8843 8.2118e-03
8118.3188 1.2559e-02
8120.7549 7.2700e-03
8123.1914 1.1375e-02
8125.6284 1.5920e-02
8128.0659 1.5262e-02
8130.5049 2.2290e-02
8132.9438 2.2348e-02
8135.3833 1.0182e-02
8137.8237 9.4110e-03
8140.2651 8.2882e-03
8142.7075 1.3103e-02
8145.1504 1.0854e-02
8147.5938 1.7364e-02
8150.0376 9.8937e-03
8152.4834 2.0096e-02
8154.9292 1.4730e-02
8157.3750 1.0505e-02
8159.8228 1.5167e-02
8162.2705 1.3806e-02
8164.7192 1.2259e-02
8167.1685 1.3801e-02
8169.6187 1.8359e-02
8172.0693 2.3345e-02
8174.5210 8.9866e-03
8176.9736 9.3444e-03
8179.4268 1.6482e-02
8181.8809 1.2054e-02
8184.3350 2.1226e-02
8186.7900 1.1732e-02
8189.2456 2.4796e-02
8191.7031 9.1416e-03
8194.1602 1.2523e-02
8196.6191 1.6986e-02
8199.0781 8.9434e-03
8201.5371 1.8523e-02
8203.9980 1.2084e-02
8206.4590 9.8700e-03
8208.9219 9.9317e-03
8211.3838 1.3323e-02
8213.8477 1.1523e-02
8216.3115 1.0002e-02
8218.7764 6.2308e-03
8221.2422 1.0515e-02
8223.7090 1.0068e-02
8226.1758 1.4923e-02
8228.6436 1.1025e-02
8231.1123 8.2615e-03
8233.5811 7.7820e-03
8236.0518 1.7052e-02
8238.5215 7.1013e-03
8240.9932 8.9896e-03
8243.4658 1.3333e-02
8245.9395 1.6344e-02
8248.4131 2.1683e-02
8250.8877 1.8973e-02
8253.3623 1.6054e-02
8255.8389 8.9946e-03
8258.3154 1.4738e-02
8260.7920 1.6238e-02
8263.2715 1.0858e-02
8265.7500 5.5280e-03
8268.2305 1.2114e-02
8270.7100 9.0350e-03
8273.1914 1.3908e-02
8275.6738 1.2516e-02
8278.1553 1.0920e-02
8280.6396 1.0972e-02
8283.1240 6.9710e-03
8285.6094 7.2147e-03
8288.0947 1.5224e-02
8290.5811 1.5924e-02
8293.0674 2.2386e-02
8295.5557 4.4505e-03
8298.0449 1.7170e-02
8300.5352 1.2968e-02
8303.0234 1.7214e-02
8305.5156 8.9968e-03
8308.0068 1.5582e-02
8310.5000 1.0519e-02
8312.9922 8.0262e-03
8315.4863 1.2201e-02
8317.9805 1.3170e-02
8320.4766 1.0462e-02
8322.9717 1.6359e-02
8325.4697 1.0225e-02
8327.9668 1.2869e-02
8330.4658 9.3906e-03
8332.9639 1.8746e-02
8335.4648 1.1983e-02
8337.9648 7.5458e-03
8340.4668 5.6578e-03
8342.9688 1.0028e-02
8345.4717 1.8756e-02
8347.9746 1.4308e-02
8350.4795 1.4682e-02
8352.9844 1.4037e-02
8355.4902 1.3472e-02
8357.9971 1.7321e-02
8360.5039 5.0342e-03
8363.0127 6.5347e-03
8365.5215 2.0358e-02
8368.0312 1.0740e-02
8370.5420 1.3978e-02
8373.0527 1.1805e-02
8375.5654 1.1803e-02
8378.0771 1.2025e-02
8380.5908 1.4312e-02
8383.1045 1.4448e-02
8385.6191 1.2317e-02
8388.1348 1.1219e-02
8390.6523 1.6249e-02
8393.1689 1.2230e-02
8395.6865 1.1192e-02
8398.2061 1.6258e-02
8400.7246 9.0003e-03
8403.2461 1.5016e-02
8405.7666 1.0232e-02
8408.2881 8.8383e-03
8410.8105 8.8722e-03
8413.3340 6.5844e-03
8415.8584 3.7684e-03
8418.3818 1.4358e-02
8420.9082 1.5198e-02
8423.4346 1.5226e-02
8425.9609 8.9661e-03
8428.4893 1.2794e-02
8431.0186 1.3270e-02
8433.5479 1.8057e-02
8436.0771 1.2568e-02
8438.6074 1.4937e-02
8441.1396 1.1509e-02
8443.6729 1.2225e-02
8446.2051 2.0437e-02
8448.7383 1.5509e-02
8451.2734 1.8026e-02
8453.8086 1.6589e-02
8456.3457 1.2357e-02
8458.8828 1.3929e-02
8461.4199 2.0023e-02
8463.9580 1.3665e-02
8466.4971 1.0861e-02
8469.0371 1.0327e-02
8471.5781 1.6883e-02
8474.1191 1.2858e-02
8476.6621 1.0789e-02
8479.2051 1.9259e-02
8481.7480 1.6509e-02
8484.2930 1.6494e-02
8486.8379 2.2488e-02
8489.3848 9.6465e-03
8491.9316 9.8546e-03
8494.4795 2.1678e-02
8497.0264 1.0950e-02
8499.5762 1.9117e-02
8502.1260 9.4002e-03
8504.6777 1.7938e-02
8507.2285 2.1665e-02
8509.7803 1.1360e-02
8512.3330 6.3105e-03
8514.8857 1.2262e-02
8517.4414 1.6191e-02
8519.9961 1.5037e-02
8522.5527 1.5514e-02
8525.1094 2.1397e-02
8527.6670 2.3731e-02
8530.2246 1.3140e-02
8532.7842 1.7727e-02
8535.3438 1.3574e-02
8537.9053 2.5128e-02
8540.4668 1.3153e-02
8543.0273 1.8929e-02
8545.5908 4.9250e-03
8548.1543 8.5257e-03
8550.7188 1.4839e-02
8553.2842 1.7325e-02
8555.8496 1.6096e-02
8558.4170 1.8905e-02
8560.9844 6.1051e-03
8563.5527 1.9463e-02
8566.1221 1.3924e-02
8568.6914 2.0147e-02
8571.2617 7.4560e-03
8573.8350 1.6132e-02
8576.4062 1.5795e-02
8578.9785 1.8005e-02
8581.5527 1.5227e-02
8584.1270 8.6260e-03
8586.7031 1.9330e-02
8589.2783 2.1222e-02
8591.8555 1.8759e-02
8594.4326 8.6901e-03
8597.0117 1.2320e-02
8599.5898 1.4730e-02
8602.1699 2.0248e-02
8604.7500 1.6062e-02
8607.3320 1.3312e-02
8609.9150 1.7930e-02
8612.4971 1.6064e-02
8615.0811 1.9231e-02
8617.6660 1.3281e-02
8620.2500 1.1682e-02
8622.8369 1.3518e-02
8625.4229 2.0209e-02
8628.0117 1.3470e-02
8630.6006 1.6758e-02
8633.1885 1.6333e-02
8635.7793 1.2775e-02
8638.3711 1.0265e-02
8640.9609 2.0192e-02
8643.5527 1.1540e-02
8646.1465 1.7743e-02
8648.7393 1.5549e-02
8651.3350 9.9320e-03
8653.9307 8.5487e-03
8656.5264 1.7268e-02
8659.1230 1.1985e-02
8661.7207 1.3752e-02
8664.3203 1.0054e-02
8666.9189 1.1102e-02
8669.5186 1.7163e-02
8672.1201 1.7577e-02
8674.7217 1.7118e-02
8677.3242 1.1571e-02
8679.9277 1.8793e-02
8682.5312 2.2708e-02
8685.1367 2.0444e-02
8687.7412 2.1853e-02
8690.3477 1.0741e-02
8692.9551 1.6805e-02
8695.5625 2.2102e-02
8698.1709 1.3682e-02
8700.7803 7.3094e-03
8703.3916 1.6766e-02
8706.0020 1.7337e-02
8708.6133 8.8905e-03
8711.2266 1.0530e-02
8713.8398 2.1545e-02
8716.4541 1.0386e-02
8719.0684 1.1181e-02
8721.6846 1.9218e-02
8724.3018 1.0749e-02
8726.9189 1.5550e-02
8729.5371 1.4769e-02
8732.1553 1.1915e-02
8734.7754 1.2835e-02
8737.3955 2.2650e-02
8740.0166 1.3966e-02
8742.6387 1.2653e-02
8745.2607 9.3280e-03
8747.8848 2.4170e-02
8750.5098 1.2858e-02
8753.1348 1.0892e-02
8755.7607 1.3242e-02
8758.3867 2.0828e-02
8761.0146 1.0747e-02
8763.6436 1.7960e-02
8766.2715 2.1684e-02
8768.9023 2.1880e-02
8771.5322 1.4601e-02
8774.1641 1.0653e-02
8776.7959 1.2594e-02
8779.4287 9.3666e-03
8782.0635 1.6719e-02
8784.6982 1.2509e-02
8787.3330 1.5128e-02
8789.9697 1.5468e-02
8792.6074 6.9581e-03
8795.2451 1.7096e-02
8797.8838 1.7774e-02
8800.5234 1.3594e-02
8803.1621 1.4967e-02
8805.8027 1.8122e-02
8808.4453 1.8041e-02
8811.0879 1.2494e-02
8813.7314 1.9390e-02
8816.3750 1.1957e-02
8819.0205 8.4516e-03
8821.6660 9.9952e-03
8824.3125 1.4952e-02
8826.9590 1.1281e-02
8829.6084 1.2557e-02
8832.2568 1.3326e-02
8834.9062 1.5290e-02
8837.5557 8.6645e-03
8840.2080 1.6871e-02
8842.8594 1.0349e-02
8845.5127 1.4110e-02
8848.1670 1.1337e-02
8850.8213 1.5400e-02
8853.4766 1.5268e-02
8856.1328 9.6435e-03
8858.7881 1.7514e-02
8861.4463 8.7574e-03
8864.1045 9.6186e-03
8866.7646 1.4144e-02
8869.4238 1.6853e-02
8872.0850 1.8211e-02
8874.7471 6.7823e-03
8877.4092 1.0243e-02
8880.0732 1.4764e-02
8882.7373 6.9943e-03
8885.4014 1.8581e-02
8888.0674 1.3416e-02
8890.7334 1.1429e-02
8893.4004 1.3839e-02
8896.0684 1.1633e-02
8898.7373 9.1857e-03
8901.4072 1.0361e-02
8904.0771 1.2396e-02
8906.7480 1.4842e-02
8909.4199 8.3045e-03
8912.0938 5.4582e-03
8914.7676 7.4086e-03
8917.4414 2.0063e-02
8920.1172 1.2118e-02
8922.7930 1.4850e-02
8925.4697 1.1791e-02
8928.1475 1.2657e-02
8930.8262 1.1467e-02
8933.5049 1.1998e-02
8936.1855 1.9255e-02
8938.8652 1.2904e-02
8941.5469 1.2651e-02
8944.2295 1.1581e-02
8946.9141 1.3777e-02
8949.5977 1.3831e-02
8952.2822 1.3117e-02
8954.9678 1.2145e-02
8957.6553 1.3075e-02
8960.3418 1.1539e-02
8963.0293 1.4987e-02
8965.7178 1.3592e-02
8968.4082 1.0710e-02
8971.0986 9.3126e-03
8973.7910 8.1780e-03
8976.4824 1.6879e-02
8979.1748 8.1525e-03
8981.8691 1.2316e-02
8984.5635 9.0102e-03
8987.2588 1.5043e-02
8989.9551 1.5102e-02
8992.6523 1.2168e-02
8995.3506 9.1297e-03
8998.0488 1.4132e-02
9000.7480 8.9521e-03
9003.4482 2.1669e-02
9006.1494 1.0147e-02
9008.8516 1.1485e-02
9011.5537 1.3377e-02
9014.2578 1.0572e-02
9016.9609 5.7912e-03
9019.6660 5.5279e-03
9022.3721 1.4424e-02
9025.0791 1.1247e-02
9027.7871 2.3152e-02
9030.4951 1.2090e-02
9033.2051 1.2488e-02
9035.9150 1.5733e-02
9038.6260 1.0024e-02
9041.3369 1.3796e-02
9044.0498 1.3983e-02
9046.7627 1.2288e-02
9049.4766 1.0439e-02
9052.1914 1.7068e-02
9054.9072 1.1104e-02
9057.6240 8.4471e-03
9060.3398 1.2108e-02
9063.0586 5.2406e-03
9065.7773 1.3226e-02
9068.4971 1.4136e-02
9071.2168 1.2111e-02
9073.9395 7.5583e-03
9076.6611 7.6299e-03
9079.3848 1.0892e-02
9082.1074 1.3342e-02
9084.8330 6.6873e-03
9087.5576 1.1610e-02
9090.2832 1.0824e-02
9093.0117 8.6666e-03
9095.7393 1.3432e-02
9098.4688 1.3097e-02
9101.1973 1.3885e-02
9103.9287 5.1156e-03
9106.6592 1.3932e-02
9109.3906 1.0467e-02
9112.1250 1.2157e-02
9114.8584 5.5147e-03
9117.5928 1.1385e-02
9120.3271 7.8028e-03
9123.0635 1.7125e-02
9125.8008 1.0379e-02
9128.5391 7.4117e-03
9131.2764 7.5421e-03
9134.0156 1.2378e-02
9136.7568 1.0220e-02
9139.4980 9.0519e-03
9142.2383 1.0979e-02
9144.9814 7.7260e-03
9147.7266 5.0649e-03
9150.4707 1.3823e-02
9153.2158 1.1301e-02
9155.9609 1.1203e-02
9158.7070 1.0854e-02
9161.4551 9.7121e-03
9164.2041 4.8259e-03
9166.9531 1.0831e-02
9169.7031 9.3391e-03
9172.4541 6.9493e-03
9175.2051 5.3785e-03
9177.9580 1.2024e-02
9180.7109 9.4476e-03
9183.4668 1.3044e-02
9186.2207 7.6202e-03
9188.9766 7.7845e-03
9191.7334 1.2264e-02
9194.4912 7.6703e-03
9197.2490 7.4236e-03
9200.0088 1.3535e-02
9202.7686 4.5383e-03
9205.5293 9.1128e-03
9208.2920 1.5325e-02
9211.0527 8.9895e-03
9213.8164 9.2849e-03
9216.5811 1.9226e-02
9219.3467 9.0403e-03
9222.1113 6.5850e-03
9224.8789 1.0008e-02
9227.6455 8.6716e-03
9230.4141 5.7540e-03
9233.1836 6.7372e-03
9235.9531 5.4913e-03
9238.7246 1.3924e-02
9241.4951 8.0247e-03
9244.2686 1.2021e-02
9247.0410 4.2778e-03
9249.8154 1.0586e-02
9252.5908 8.3559e-03
9255.3652 9.7473e-03
9258.1426 9.3900e-03
9260.9209 1.0164e-02
9263.6992 2.9902e-03
9266.4775 4.6493e-03
9269.2568 6.1694e-03
9272.0381 1.0077e-02
9274.8203 9.3906e-03
9277.6025 6.9557e-03
9280.3857 1.1000e-02
9283.1709 7.3008e-03
9285.9541 8.8562e-03
9288.7402 5.8234e-03
9291.5264 1.2155e-02
9294.3135 1.0563e-02
9297.1025 1.0735e-02
9299.8926 6.2801e-03
9302.6816 1.8311e-02
9305.4727 6.3017e-03
9308.2646 9.3225e-03
9311.0566 9.3563e-03
9313.8506 6.4143e-03
9316.6436 6.3115e-03
9319.4395 1.0322e-02
9322.2354 3.9709e-03
9325.0322 4.5571e-03
9327.8291 7.8727e-03
9330.6279 5.2950e-03
9333.4277 6.2321e-03
9336.2266 9.2638e-03
9339.0283 6.6569e-03
9341.8291 8.0389e-03
9344.6318 1.0856e-02
9347.4355 9.5256e-03
9350.2402 1.2187e-02
9353.0449 9.6805e-03
9355.8516 8.4529e-03
9358.6572 6.7520e-03
9361.4658 1.3042e-02
9364.2734 2.7711e-03
9367.0830 6.6152e-03
9369.8936 5.4950e-04
9372.7041 5.3771e-03
9375.5156 8.9828e-03
9378.3291 1.1903e-02
9381.1416 9.0437e-03
9383.9561 6.7992e-03
9386.7715 7.5080e-03
9389.5879 8.5445e-03
9392.4043 8.0478e-03
9395.2217 7.1375e-03
9398.0400 1.5378e-03
9400.8594 5.5876e-03
9403.6807 8.8168e-03
9406.5020 1.1307e-02
9409.3242 4.8428e-03
9412.1465 1.0777e-02
9414.9707 8.5744e-03
9417.7939 1.0410e-02
9420.6201 5.6759e-03
9423.4453 5.5126e-03
9426.2725 8.2837e-03
9429.1006 1.3396e-02
9431.9287 4.2110e-03
9434.7588 9.3742e-03
9437.5898 8.7101e-03
9440.4209 9.3483e-03
9443.2529 7.0580e-03
9446.0859 5.9729e-03
9448.9199 8.8451e-03
9451.7549 1.1468e-02
9454.5889 9.0868e-03
9457.4268 7.2575e-03
9460.2637 1.0771e-02
9463.1016 8.0287e-03
9465.9414 9.9110e-03
9468.7803 7.8985e-03
9471.6211 6.2039e-03
9474.4629 7.8168e-03
9477.3047 6.9211e-03
9480.1484 5.6240e-03
9482.9922 1.0251e-02
9485.8369 3.8060e-03
9488.6836 8.0500e-03
9491.5303 7.1962e-03
9494.3760 3.0874e-03
9497.2256 9.3175e-03
9500.0742 4.3942e-03
9502.9238 7.6997e-03
9505.7754 6.4677e-03
9508.6270 1.0559e-02
9511.4805 8.7156e-03
9514.3320 4.8700e-03
9517.1875 4.9108e-03
9520.0420 8.1693e-03
9522.8984 4.1171e-03
9525.7559 8.6819e-03
9528.6133 8.6707e-03
9531.4717 8.0917e-03
9534.3311 8.6855e-03
9537.1914 4.4123e-03
9540.0518 4.7786e-03
9542.9150 7.9931e-03
9545.7773 8.8541e-03
9548.6416 8.8972e-03
9551.5059 1.0010e-02
9554.3711 1.0303e-02
9557.2373 5.6125e-03
9560.1045 1.6532e-03
9562.9727 1.4439e-02
9565.8418 2.8655e-03
9568.7109 1.5599e-03
9571.5820 1.2035e-02
9574.4531 1.0743e-02
9577.3252 2.4346e-03
9580.1992 1.3892e-02
9583.0723 7.0803e-03
9585.9473 6.4857e-03
9588.8242 6.9647e-03
9591.7002 8.6611e-03
9594.5781 5.9948e-03
9597.4561 3.2302e-03
9600.3350 6.8954e-03
9603.2158 3.7887e-03
9606.0957 6.8750e-03
9608.9775 8.3356e-03
9611.8613 2.4632e-03
9614.7441 9.3340e-03
9617.6279 7.9471e-03
9620.5137 4.4926e-03
9623.4014 4.2529e-03
9626.2881 9.6944e-03
9629.1748 5.5441e-03
9632.0645 6.6481e-03
9634.9541 7.1280e-03
9637.8438 1.1673e-02
9640.7363 5.1293e-03
9643.6270 4.6795e-03
9646.5215 4.1820e-03
9649.4141 1.4927e-02
9652.3086 1.0580e-02
9655.2051 5.8292e-03
9658.1016 7.1190e-03
9660.9990 5.1194e-03
9663.8975 4.3961e-03
9666.7969 1.5819e-03
9669.6973 9.7251e-03
9672.5967 7.6947e-03
9675.5000 7.6349e-03
9678.4023 1.0083e-02
9681.3057 2.2073e-03
9684.2109 5.4482e-03
9687.1152 5.7430e-03
9690.0215 2.4176e-03
9692.9287 1.0388e-02
9695.8369 9.5778e-03
9698.7441 9.3476e-03
9701.6553 5.6773e-03
9704.5645 7.5093e-03
9707.4775 1.2411e-02
9710.3887 4.7683e-03
9713.3008 6.3862e-03
9716.2158 8.9914e-03
9719.1299 6.4308e-03
9722.0459 1.0441e-02
9724.9629 2.1558e-03
9727.8809 2.0782e-03
9730.7988 2.8091e-03
9733.7178 5.1267e-03
9736.6387 7.7092e-03
9739.5586 9.2793e-03
9742.4805 3.0761e-03
9745.4033 4.5367e-03
9748.3281 5.5671e-03
9751.2520 3.6430e-03
9754.1777 5.5757e-03
9757.1035 4.2911e-03
9760.0303 1.1008e-02
9762.9590 5.3738e-03
9765.8877 3.9364e-03
9768.8174 5.0485e-03
9771.7480 7.8385e-03
9774.6797 5.6966e-03
9777.6113 7.5765e-03
9780.5459 3.9532e-03
9783.4795 1.0635e-02
9786.4141 1.2900e-02
9789.3496 4.0781e-03
9792.2871 8.5420e-03
9795.2256 8.9747e-03
9798.1641 9.1832e-03
9801.1035 1.0737e-02
9804.0430 5.2694e-03
9806.9844 3.9364e-03
9809.9268 3.1688e-03
9812.8691 3.9704e-03
9815.8125 6.1207e-03
9818.7578 8.8009e-03
9821.7041 9.3320e-03
9824.6494 7.1410e-03
9827.5967 7.2869e-03
9830.5469 4.6203e-03
9833.4951 1.9050e-03
9836.4453 7.3858e-03
9839.3965 2.6432e-03
9842.3486 5.4065e-03
9845.2998 6.8084e-03
9848.2549 2.9556e-03
9851.2080 4.3090e-03
9854.1641 2.7538e-03
9857.1201 6.5947e-03
9860.0771 5.0557e-03
9863.0361 4.9873e-03
9865.9941 7.8583e-03
9868.9541 5.2478e-03
9871.9150 5.4867e-03
9874.8760 6.7271e-03
9877.8389 8.6959e-03
9880.8018 7.6174e-03
9883.7666 6.6498e-03
9886.7324 3.7876e-03
9889.6982 7.8543e-03
9892.6641 5.0935e-03
9895.6338 1.5949e-03
9898.6016 4.8360e-03
9901.5713 3.7245e-03
9904.5420 7.1872e-03
9907.5127 1.2117e-02
9910.4854 4.1774e-03
9913.4590 6.6389e-03
9916.4326 4.7826e-03
9919.4072 2.7803e-03
9922.3828 5.9585e-03
9925.3584 6.2851e-03
9928.3379 4.8692e-03
9931.3164 9.7861e-03
9934.2949 3.7060e-03
9937.2754 3.9393e-03
9940.2568 2.4246e-03
9943.2383 3.9281e-03
9946.2207 7.0510e-03
9949.2061 7.5279e-03
9952.1904 6.8982e-03
9955.1758 3.9600e-03
9958.1631 5.2624e-03
9961.1494 5.5630e-03
9964.1387 5.3860e-03
9967.1279 2.0860e-03
9970.1182 9.4605e-03
9973.1084 4.4674e-03
9976.1006 8.1662e-04
9979.0928 1.2056e-02
9982.0859 6.6284e-03
9985.0820 4.9926e-03
9988.0771 7.9055e-03
9991.0732 7.8018e-03
9994.0713 4.9355e-03
9997.0693 6.8281e-03
10000.0684 3.4255e-03
10003.0674 4.6404e-03
10006.0684 3.4612e-03
10009.0713 8.4132e-03
10012.0742 5.1687e-03
10015.0771 4.3228e-03
10018.0820 4.4231e-03
10021.0879 9.6185e-03
10024.0938 8.4544e-03
10027.1006 4.2832e-03
10030.1084 6.2660e-03
10033.1172 6.9174e-03
10036.1270 7.6329e-03
10039.1387 5.8916e-03
10042.1504 3.4002e-03
10045.1631 3.4729e-03
10048.1768 1.0421e-02
10051.1924 7.5219e-03
10054.2061 5.0578e-03
10057.2227 3.2302e-03
10060.2402 6.0342e-03
10063.2578 5.7447e-03
10066.2773 6.1806e-03
10069.2969 3.5811e-03
10072.3174 6.0244e-03
10075.3379 7.7279e-03
10078.3623 5.2110e-03
10081.3848 4.5754e-03
10084.4102 6.7773e-03
10087.4346 1.1268e-02
10090.4619 5.4823e-03
10093.4883 7.4386e-03
10096.5166 5.0694e-03
10099.5459 3.3813e-03
10102.5742 3.7921e-03
10105.6055 3.9216e-03
10108.6367 2.3511e-03
10111.6709 3.1200e-03
10114.7041 9.9508e-03
10117.7383 5.2521e-03
10120.7734 6.5678e-03
10123.8105 2.9623e-03
10126.8477 3.3500e-03
10129.8857 4.8048e-03
10132.9248 1.0469e-02
10135.9648 7.6888e-03
10139.0049 6.2503e-03
10142.0479 6.6005e-03
10145.0879 2.1463e-03
10148.1318 6.5855e-03
10151.1768 6.1405e-03
10154.2227 4.3169e-03
10157.2686 7.0966e-03
10160.3154 8.3235e-03
10163.3643 4.9486e-03
10166.4121 3.9304e-03
10169.4629 6.2963e-03
10172.5137 8.3396e-03
10175.5654 7.5189e-03
10178.6191 5.0290e-03
10181.6719 6.1611e-03
10184.7256 4.0103e-03
10187.7822 5.8368e-03
10190.8379 3.5896e-03
10193.8945 1.0423e-02
10196.9541 5.5885e-03
10200.0127 6.0772e-03
10203.0723 5.9833e-03
10206.1328 6.4532e-03
10209.1953 7.7666e-03
10212.2578 6.3317e-03
10215.3223 5.8781e-03
10218.3867 6.1141e-03
10221.4521 3.9370e-03
10224.5186 3.8210e-03
10227.5850 8.5938e-03
10230.6543 7.3599e-03
10233.7246 5.7375e-03
10236.7930 4.3087e-03
10239.8643 4.7275e-03
10242.9355 5.2725e-03
10246.0098 2.5885e-03
10249.0830 7.2453e-03
10252.1572 8.8281e-03
10255.2334 4.6033e-03
10258.3096 3.5320e-03
10261.3877 8.2534e-03
10264.4648 5.0270e-03
10267.5449 5.0677e-03
10270.6250 4.3283e-03
