# time_explosion = 17.25
# 
3082.8928 8.9412e-02
3083.8179 1.0189e-01
3084.7432 6.1813e-02
3085.6685 8.6832e-02
3086.5940 7.5031e-02
3087.5200 7.2683e-02
3088.4463 8.0507e-02
3089.3728 8.2189e-02
3090.2996 7.3672e-02
3091.2268 8.8509e-02
3092.1541 8.5763e-02
3093.0815 8.2684e-02
3094.0098 8.9841e-02
3094.9380 7.4545e-02
3095.8665 8.7400e-02
3096.7952 9.2082e-02
3097.7241 1.0267e-01
3098.6536 9.8304e-02
3099.5828 7.4742e-02
3100.5129 7.5811e-02
3101.4431 6.7297e-02
3102.3735 8.7730e-02
3103.3042 7.4997e-02
3104.2354 6.7208e-02
3105.1665 9.1920e-02
3106.0981 7.0795e-02
3107.0300 9.2655e-02
3107.9619 5.4858e-02
3108.8943 9.3144e-02
3109.8269 8.1749e-02
3110.7600 5.8902e-02
3111.6929 8.8875e-02
3112.6265 7.4748e-02
3113.5605 7.1798e-02
3114.4944 6.2862e-02
3115.4290 5.4801e-02
3116.3635 7.2647e-02
3117.2986 6.0861e-02
3118.2336 5.9819e-02
3119.1689 6.9253e-02
3120.1047 5.0205e-02
3121.0410 5.6089e-02
3121.9773 6.4852e-02
3122.9136 6.4495e-02
3123.8508 5.7330e-02
3124.7878 7.5829e-02
3125.7251 5.5486e-02
3126.6628 6.5754e-02
3127.6008 7.4801e-02
3128.5393 4.4454e-02
3129.4778 6.4715e-02
3130.4170 6.8054e-02
3131.3557 6.1424e-02
3132.2954 7.8795e-02
3133.2349 5.4449e-02
3134.1748 5.6419e-02
3135.1150 5.1854e-02
3136.0559 5.5084e-02
3136.9968 6.6422e-02
3137.9377 4.7530e-02
3138.8789 4.6763e-02
3139.8206 5.5457e-02
3140.7625 7.1525e-02
3141.7046 3.3452e-02
3142.6472 4.9152e-02
3143.5901 5.5152e-02
3144.5334 5.4076e-02
3145.4766 5.7854e-02
3146.4202 5.6450e-02
3147.3643 6.3454e-02
3148.3086 5.9397e-02
3149.2529 6.7047e-02
3150.1975 4.3196e-02
3151.1426 6.3786e-02
3152.0881 7.2727e-02
3153.0337 6.8433e-02
3153.9795 6.3733e-02
3154.9255 4.4229e-02
3155.8723 5.6108e-02
3156.8188 7.3728e-02
3157.7661 5.5586e-02
3158.7134 7.6317e-02
3159.6609 6.4725e-02
3160.6086 6.2640e-02
3161.5571 6.4954e-02
3162.5054 6.6973e-02
3163.4541 6.5312e-02
3164.4031 7.0570e-02
3165.3528 6.5016e-02
3166.3022 4.6862e-02
3167.2522 5.0326e-02
3168.2024 6.6441e-02
3169.1526 7.4692e-02
3170.1035 7.3600e-02
3171.0544 5.9734e-02
3172.0061 6.4622e-02
3172.9573 6.4015e-02
3173.9092 5.5297e-02
3174.8613 8.7704e-02
3175.8140 7.0563e-02
3176.7668 7.1428e-02
3177.7197 5.6893e-02
3178.6729 6.3425e-02
3179.6267 8.3813e-02
3180.5808 6.9249e-02
3181.5347 5.3329e-02
3182.4893 6.7059e-02
3183.4438 8.1606e-02
3184.3987 1.0029e-01
3185.3542 6.0174e-02
3186.3101 9.3044e-02
3187.2659 6.4876e-02
3188.2217 6.7039e-02
3189.1785 7.7438e-02
3190.1350 7.6652e-02
3191.0920 7.2577e-02
3192.0493 5.8911e-02
3193.0071 6.6826e-02
3193.9651 7.3083e-02
3194.9233 6.2226e-02
3195.8818 6.0097e-02
3196.8408 6.9418e-02
3197.7996 8.8178e-02
3198.7590 9.0061e-02
3199.7185 9.4185e-02
3200.6782 6.1638e-02
3201.6387 6.3557e-02
3202.5991 7.6531e-02
3203.5598 8.5252e-02
3204.5208 6.1301e-02
3205.4824 6.0877e-02
3206.4441 7.2808e-02
3207.4058 6.7147e-02
3208.3682 4.9020e-02
3209.3306 6.0733e-02
3210.2935 8.2827e-02
3211.2563 7.5264e-02
3212.2200 6.1109e-02
3213.1833 6.2811e-02
3214.1472 5.7777e-02
3215.1118 8.0316e-02
3216.0764 5.5098e-02
3217.0413 8.6134e-02
3218.0061 6.6590e-02
3218.9714 7.4951e-02
3219.9373 5.0051e-02
3220.9031 4.7111e-02
3221.8699 5.1056e-02
3222.8362 5.5151e-02
3223.8030 7.2481e-02
3224.7700 7.6803e-02
3225.7375 7.0596e-02
3226.7053 7.0737e-02
3227.6731 6.2886e-02
3228.6416 7.2432e-02
3229.6101 5.4755e-02
3230.5791 6.4848e-02
3231.5483 6.0104e-02
3232.5178 6.2336e-02
3233.4875 6.1099e-02
3234.4575 4.9436e-02
3235.4280 5.9349e-02
3236.3984 6.3520e-02
3237.3691 5.0701e-02
3238.3403 5.7829e-02
3239.3120 5.6516e-02
3240.2839 5.5938e-02
3241.2559 5.7722e-02
3242.2285 6.3957e-02
3243.2012 5.6371e-02
3244.1743 5.0805e-02
3245.1472 4.3805e-02
3246.1208 6.7106e-02
3247.0947 4.7575e-02
3248.0688 6.2738e-02
3249.0432 5.6510e-02
3250.0178 5.6326e-02
3250.9929 5.7573e-02
3251.9680 6.0377e-02
3252.9438 6.2388e-02
3253.9194 5.6858e-02
3254.8958 5.5688e-02
3255.8723 6.6158e-02
3256.8489 4.3610e-02
3257.8262 6.2551e-02
3258.8035 5.1122e-02
3259.7810 5.8535e-02
3260.7593 6.8976e-02
3261.7373 6.4762e-02
3262.7158 8.3892e-02
3263.6946 5.1549e-02
3264.6736 5.5056e-02
3265.6531 5.7927e-02
3266.6331 6.0956e-02
3267.6130 5.4870e-02
3268.5930 6.4029e-02
3269.5735 6.3333e-02
3270.5544 5.0850e-02
3271.5356 6.1816e-02
3272.5171 6.6347e-02
3273.4990 7.7803e-02
3274.4812 7.3831e-02
3275.4634 5.3199e-02
3276.4458 6.3578e-02
3277.4287 5.7804e-02
3278.4124 4.8567e-02
3279.3958 5.9566e-02
3280.3794 5.4394e-02
3281.3635 6.9347e-02
3282.3479 5.2196e-02
3283.3325 7.8818e-02
3284.3179 8.1654e-02
3285.3030 6.6983e-02
3286.2888 7.1167e-02
3287.2744 5.2815e-02
3288.2605 6.4215e-02
3289.2471 5.0422e-02
3290.2339 5.7333e-02
3291.2212 7.1122e-02
3292.2083 7.1025e-02
3293.1958 6.5547e-02
3294.1838 8.1194e-02
3295.1724 8.5619e-02
3296.1609 6.7962e-02
3297.1497 5.6366e-02
3298.1387 8.9951e-02
3299.1282 8.2701e-02
3300.1177 6.3041e-02
3301.1079 6.6597e-02
3302.0984 7.8516e-02
3303.0889 6.8701e-02
3304.0798 7.9983e-02
3305.0713 1.0368e-01
3306.0627 7.5328e-02
3307.0544 8.2037e-02
3308.0466 8.5795e-02
3309.0391 9.0023e-02
3310.0317 8.6136e-02
3311.0247 8.8046e-02
3312.0178 9.6156e-02
3313.0117 8.3417e-02
3314.0054 1.0841e-01
3315.0000 8.7659e-02
3315.9941 7.7339e-02
3316.9890 8.5519e-02
3317.9839 1.0830e-01
3318.9795 8.3646e-02
3319.9751 8.6111e-02
3320.9712 9.8259e-02
3321.9678 9.4163e-02
3322.9639 9.4235e-02
3323.9607 8.3969e-02
3324.9580 9.5849e-02
3325.9558 7.7666e-02
3326.9536 9.2334e-02
3327.9514 1.0612e-01
3328.9497 8.3135e-02
3329.9482 9.1711e-02
3330.9475 9.8180e-02
3331.9468 8.3550e-02
3332.9463 8.8397e-02
3333.9463 9.8452e-02
3334.9463 8.9152e-02
3335.9473 9.3138e-02
3336.9478 9.0521e-02
3337.9487 7.3175e-02
3338.9502 1.0889e-01
3339.9517 7.1065e-02
3340.9536 9.6066e-02
3341.9561 8.6037e-02
3342.9587 7.8867e-02
3343.9614 1.2221e-01
3344.9651 1.0359e-01
3345.9685 1.0236e-01
3346.9722 1.0118e-01
3347.9763 9.2102e-02
3348.9805 1.0197e-01
3349.9854 1.0235e-01
3350.9902 1.0316e-01
3351.9956 1.0822e-01
3353.0010 1.0610e-01
3354.0073 9.7852e-02
3355.0129 1.0833e-01
3356.0198 1.2065e-01
3357.0264 8.2466e-02
3358.0334 1.0699e-01
3359.0410 9.6885e-02
3360.0488 9.8624e-02
3361.0569 1.0205e-01
3362.0654 1.0002e-01
3363.0740 9.8733e-02
3364.0828 1.2037e-01
3365.0918 9.8037e-02
3366.1013 1.1933e-01
3367.1113 1.1758e-01
3368.1213 1.1961e-01
3369.1318 1.2037e-01
3370.1426 9.5302e-02
3371.1536 8.9901e-02
3372.1650 1.1242e-01
3373.1768 1.1476e-01
3374.1885 1.1754e-01
3375.2004 1.1169e-01
3376.2134 9.7811e-02
3377.2261 1.1738e-01
3378.2395 1.0359e-01
3379.2529 1.2680e-01
3380.2664 9.5617e-02
3381.2805 9.7561e-02
3382.2952 9.5120e-02
3383.3098 1.1855e-01
3384.3250 1.0253e-01
3385.3401 9.8865e-02
3386.3557 9.8608e-02
3387.3716 1.1479e-01
3388.3879 9.4054e-02
3389.4045 1.0159e-01
3390.4211 1.3374e-01
3391.4385 8.9740e-02
3392.4558 1.2810e-01
3393.4736 1.2485e-01
3394.4915 1.1275e-01
3395.5100 1.1032e-01
3396.5286 1.2572e-01
3397.5474 1.2655e-01
3398.5667 1.1042e-01
3399.5862 1.2122e-01
3400.6062 1.1185e-01
3401.6262 1.1684e-01
3402.6467 1.1229e-01
3403.6677 1.3800e-01
3404.6887 1.2226e-01
3405.7100 1.3026e-01
3406.7319 1.4333e-01
3407.7539 1.1420e-01
3408.7764 1.3369e-01
3409.7988 1.3116e-01
3410.8218 1.2065e-01
3411.8450 1.4913e-01
3412.8687 1.2373e-01
3413.8923 1.5305e-01
3414.9167 1.3023e-01
3415.9412 1.1668e-01
3416.9658 1.5164e-01
3417.9907 1.5699e-01
3419.0164 1.3440e-01
3420.0420 1.1652e-01
3421.0681 1.3526e-01
3422.0945 1.5375e-01
3423.1208 1.3955e-01
3424.1479 1.4279e-01
3425.1753 1.1152e-01
3426.2029 1.4121e-01
3427.2307 1.5427e-01
3428.2588 1.4467e-01
3429.2871 1.2008e-01
3430.3159 1.2348e-01
3431.3452 1.6721e-01
3432.3748 1.3409e-01
3433.4041 1.2146e-01
3434.4346 1.3279e-01
3435.4646 1.5183e-01
3436.4954 1.4884e-01
3437.5261 1.3593e-01
3438.5579 1.4327e-01
3439.5894 1.6551e-01
3440.6208 1.5163e-01
3441.6531 1.2111e-01
3442.6855 1.4380e-01
3443.7183 1.3931e-01
3444.7515 1.7293e-01
3445.7852 1.6359e-01
3446.8186 1.5475e-01
3447.8525 1.2855e-01
3448.8872 1.4704e-01
3449.9216 1.3800e-01
3450.9568 1.4901e-01
3451.9919 1.5390e-01
3453.0276 1.6215e-01
3454.0637 1.5119e-01
3455.0999 1.3068e-01
3456.1362 1.4861e-01
3457.1731 1.8567e-01
3458.2102 1.6642e-01
3459.2476 1.2944e-01
3460.2856 1.5200e-01
3461.3235 1.2375e-01
3462.3621 1.2800e-01
3463.4004 1.4787e-01
3464.4399 1.4575e-01
3465.4790 1.3424e-01
3466.5188 1.4791e-01
3467.5586 1.5795e-01
3468.5989 1.3275e-01
3469.6394 1.6602e-01
3470.6804 1.5176e-01
3471.7217 1.8180e-01
3472.7629 1.6062e-01
3473.8049 1.5469e-01
3474.8469 1.4001e-01
3475.8894 1.7352e-01
3476.9321 1.3874e-01
3477.9751 1.5541e-01
3479.0188 1.4593e-01
3480.0625 1.7700e-01
3481.1064 1.5169e-01
3482.1509 1.5599e-01
3483.1956 1.4667e-01
3484.2407 1.4384e-01
3485.2856 1.7017e-01
3486.3313 1.6338e-01
3487.3772 1.3898e-01
3488.4233 1.7798e-01
3489.4697 1.5858e-01
3490.5168 1.7100e-01
3491.5640 1.7144e-01
3492.6116 1.6658e-01
3493.6592 1.6081e-01
3494.7073 1.5603e-01
3495.7556 1.8072e-01
3496.8044 1.7801e-01
3497.8535 1.5820e-01
3498.9026 1.6279e-01
3499.9526 1.6892e-01
3501.0024 2.0108e-01
3502.0527 1.8437e-01
3503.1033 1.6560e-01
3504.1543 1.9742e-01
3505.2058 1.5746e-01
3506.2571 1.6498e-01
3507.3088 1.5433e-01
3508.3613 1.6387e-01
3509.4136 1.6577e-01
3510.4663 1.6692e-01
3511.5193 1.8361e-01
3512.5730 1.3994e-01
3513.6270 1.4554e-01
3514.6809 1.6689e-01
3515.7351 1.5347e-01
3516.7898 1.6399e-01
3517.8452 1.5205e-01
3518.9004 1.4519e-01
3519.9561 1.5622e-01
3521.0122 1.6823e-01
3522.0686 1.4935e-01
3523.1250 1.5612e-01
3524.1821 1.6939e-01
3525.2390 1.8251e-01
3526.2969 1.9199e-01
3527.3547 1.5672e-01
3528.4126 1.7058e-01
3529.4714 1.8328e-01
3530.5303 1.8123e-01
3531.5894 1.5596e-01
3532.6487 1.7397e-01
3533.7090 1.7405e-01
3534.7688 1.5583e-01
3535.8293 1.8469e-01
3536.8901 1.3960e-01
3537.9512 1.4604e-01
3539.0122 1.6024e-01
3540.0740 1.7121e-01
3541.1360 1.7396e-01
3542.1987 1.6813e-01
3543.2612 1.6311e-01
3544.3245 1.4997e-01
3545.3875 1.7037e-01
3546.4509 1.6811e-01
3547.5154 1.2969e-01
3548.5793 2.0002e-01
3549.6438 1.4643e-01
3550.7087 1.4638e-01
3551.7739 1.5806e-01
3552.8396 1.4664e-01
3553.9053 1.6981e-01
3554.9714 1.5835e-01
3556.0378 1.4974e-01
3557.1050 1.6393e-01
3558.1716 1.4927e-01
3559.2395 1.6194e-01
3560.3071 1.6534e-01
3561.3752 1.2483e-01
3562.4436 1.5408e-01
3563.5125 1.4832e-01
3564.5813 1.4147e-01
3565.6506 1.3774e-01
3566.7205 1.5721e-01
3567.7905 1.4821e-01
3568.8611 1.4761e-01
3569.9316 1.4265e-01
3571.0027 1.4798e-01
3572.0737 1.5653e-01
3573.1455 1.7938e-01
3574.2175 1.4305e-01
3575.2896 1.4231e-01
3576.3625 1.3218e-01
3577.4351 1.6063e-01
3578.5083 1.3596e-01
3579.5820 1.7237e-01
3580.6560 1.5251e-01
3581.7300 1.8017e-01
3582.8047 1.3077e-01
3583.8792 1.7024e-01
3584.9546 1.6605e-01
3586.0298 1.4783e-01
3587.1060 1.8369e-01
3588.1821 1.8357e-01
3589.2583 1.9784e-01
3590.3352 1.8171e-01
3591.4124 1.9046e-01
3592.4897 1.8237e-01
3593.5671 1.9570e-01
3594.6455 1.7712e-01
3595.7241 1.9951e-01
3596.8025 1.7437e-01
3597.8818 1.7598e-01
3598.9609 1.9879e-01
3600.0405 1.5898e-01
3601.1204 1.7489e-01
3602.2009 2.0228e-01
3603.2817 2.0440e-01
3604.3625 1.9305e-01
3605.4441 1.8709e-01
3606.5256 1.8069e-01
3607.6074 1.9152e-01
3608.6899 2.0545e-01
3609.7725 1.7007e-01
3610.8552 1.6693e-01
3611.9385 1.8514e-01
3613.0222 2.0529e-01
3614.1062 1.8069e-01
3615.1904 1.6450e-01
3616.2749 1.8645e-01
3617.3599 1.5790e-01
3618.4451 1.5535e-01
3619.5303 1.6507e-01
3620.6165 1.7324e-01
3621.7024 1.7211e-01
3622.7891 1.6796e-01
3623.8760 1.4384e-01
3624.9631 1.4985e-01
3626.0508 1.8290e-01
3627.1382 1.4872e-01
3628.2266 1.2827e-01
3629.3152 1.7928e-01
3630.4038 1.4415e-01
3631.4927 1.5906e-01
3632.5825 1.7990e-01
3633.6721 1.2603e-01
3634.7622 1.7724e-01
3635.8528 1.5048e-01
3636.9434 1.6296e-01
3638.0347 1.4259e-01
3639.1257 1.7133e-01
3640.2178 1.5791e-01
3641.3098 1.1351e-01
3642.4021 1.7167e-01
3643.4946 1.8018e-01
3644.5881 1.7969e-01
3645.6814 1.4122e-01
3646.7751 1.6838e-01
3647.8691 1.6100e-01
3648.9634 1.6159e-01
3650.0581 1.7293e-01
3651.1533 1.4388e-01
3652.2480 1.5129e-01
3653.3442 1.4585e-01
3654.4402 1.6293e-01
3655.5364 1.3956e-01
3656.6333 1.5277e-01
3657.7300 1.7783e-01
3658.8274 1.7541e-01
3659.9250 1.7187e-01
3661.0232 1.8028e-01
3662.1213 1.5648e-01
3663.2202 1.7682e-01
3664.3188 1.9024e-01
3665.4182 1.4330e-01
3666.5181 1.7154e-01
3667.6179 1.7104e-01
3668.7183 1.7462e-01
3669.8186 1.7368e-01
3670.9197 1.5371e-01
3672.0210 1.8712e-01
3673.1226 1.6600e-01
3674.2241 1.8870e-01
3675.3269 1.8944e-01
3676.4294 1.7485e-01
3677.5325 2.2052e-01
3678.6355 2.0578e-01
3679.7390 1.7695e-01
3680.8430 1.8863e-01
3681.9473 1.9835e-01
3683.0518 2.0110e-01
3684.1570 1.9478e-01
3685.2620 2.0476e-01
3686.3677 1.9538e-01
3687.4739 1.9498e-01
3688.5796 1.8175e-01
3689.6865 1.9416e-01
3690.7932 2.2221e-01
3691.9006 2.0073e-01
3693.0081 2.2542e-01
3694.1160 1.9969e-01
3695.2241 2.2878e-01
3696.3328 2.4142e-01
3697.4417 2.2549e-01
3698.5508 2.2441e-01
3699.6606 2.1782e-01
3700.7703 2.0650e-01
3701.8806 1.9445e-01
3702.9910 2.1645e-01
3704.1023 2.3387e-01
3705.2136 2.4693e-01
3706.3247 2.3387e-01
3707.4370 2.7653e-01
3708.5491 2.4575e-01
3709.6616 2.3763e-01
3710.7744 2.3686e-01
3711.8877 2.9724e-01
3713.0012 2.4667e-01
3714.1152 2.9609e-01
3715.2292 2.6265e-01
3716.3440 3.0351e-01
3717.4590 3.2589e-01
3718.5742 2.3825e-01
3719.6897 3.1616e-01
3720.8057 2.9288e-01
3721.9219 3.0776e-01
3723.0383 2.8262e-01
3724.1553 3.5368e-01
3725.2725 3.1827e-01
3726.3904 2.8506e-01
3727.5081 3.3139e-01
3728.6265 2.9611e-01
3729.7451 3.4751e-01
3730.8640 3.2297e-01
3731.9832 3.0586e-01
3733.1028 3.6042e-01
3734.2227 3.3495e-01
3735.3428 3.4466e-01
3736.4636 3.2442e-01
3737.5842 3.1533e-01
3738.7056 3.4895e-01
3739.8276 2.7936e-01
3740.9490 3.5908e-01
3742.0718 4.0024e-01
3743.1943 3.1394e-01
3744.3171 3.3257e-01
3745.4404 3.3502e-01
3746.5640 3.2766e-01
3747.6880 3.5785e-01
3748.8125 3.1214e-01
3749.9368 2.8527e-01
3751.0620 2.8321e-01
3752.1873 3.0201e-01
3753.3130 2.9400e-01
3754.4387 2.9689e-01
3755.5652 2.5068e-01
3756.6919 2.9264e-01
3757.8188 2.8622e-01
3758.9463 2.6525e-01
3760.0737 2.6304e-01
3761.2019 2.6588e-01
3762.3306 2.2110e-01
3763.4590 2.5445e-01
3764.5881 2.3026e-01
3765.7175 2.3626e-01
3766.8472 2.1494e-01
3767.9771 2.4062e-01
3769.1079 2.5447e-01
3770.2383 2.3353e-01
3771.3694 2.3278e-01
3772.5007 1.9179e-01
3773.6328 2.0655e-01
3774.7646 2.1499e-01
3775.8972 2.1179e-01
3777.0298 2.0005e-01
3778.1628 1.9701e-01
3779.2964 2.0303e-01
3780.4302 2.0923e-01
3781.5642 1.8833e-01
3782.6987 1.7784e-01
3783.8335 1.9258e-01
3784.9690 2.0102e-01
3786.1042 2.2071e-01
3787.2400 1.6468e-01
3788.3762 2.2096e-01
3789.5125 1.6209e-01
3790.6497 1.5613e-01
3791.7869 1.6953e-01
3792.9246 1.7341e-01
3794.0625 1.4792e-01
3795.2007 1.8629e-01
3796.3391 1.4327e-01
3797.4778 1.7204e-01
3798.6169 1.7032e-01
3799.7568 1.6460e-01
3800.8967 1.5534e-01
3802.0371 1.4154e-01
3803.1775 1.6773e-01
3804.3181 1.2455e-01
3805.4597 1.3297e-01
3806.6013 1.4538e-01
3807.7434 1.3359e-01
3808.8857 1.4914e-01
3810.0286 1.4788e-01
3811.1714 1.3954e-01
3812.3149 1.5337e-01
3813.4583 1.4779e-01
3814.6025 1.4634e-01
3815.7468 1.4010e-01
3816.8916 1.2412e-01
3818.0369 1.1191e-01
3819.1824 1.0821e-01
3820.3281 1.2951e-01
3821.4741 1.4375e-01
3822.6201 1.2929e-01
3823.7671 1.1409e-01
3824.9143 1.6496e-01
3826.0615 1.3587e-01
3827.2097 1.2891e-01
3828.3577 1.1692e-01
3829.5063 1.1708e-01
3830.6553 1.2708e-01
3831.8044 1.2997e-01
3832.9539 1.3780e-01
3834.1035 1.2741e-01
3835.2539 1.2909e-01
3836.4045 1.4055e-01
3837.5554 1.4449e-01
3838.7068 1.5181e-01
3839.8582 1.3424e-01
3841.0103 1.6369e-01
3842.1628 1.5942e-01
3843.3152 1.5981e-01
3844.4683 1.4634e-01
3845.6216 1.6807e-01
3846.7754 1.7728e-01
3847.9294 1.7701e-01
3849.0835 1.8541e-01
3850.2383 1.7890e-01
3851.3933 1.6001e-01
3852.5488 1.7568e-01
3853.7051 1.6903e-01
3854.8606 1.7812e-01
3856.0173 1.7347e-01
3857.1741 1.7885e-01
3858.3313 1.6618e-01
3859.4883 2.0968e-01
3860.6465 1.8309e-01
3861.8047 2.1171e-01
3862.9631 2.0945e-01
3864.1221 1.9357e-01
3865.2815 2.2975e-01
3866.4412 2.4537e-01
3867.6011 2.3234e-01
3868.7610 2.0566e-01
3869.9216 2.0747e-01
3871.0828 2.3835e-01
3872.2441 2.2498e-01
3873.4058 2.3824e-01
3874.5676 1.9844e-01
3875.7302 2.7394e-01
3876.8931 2.3367e-01
3878.0559 2.2769e-01
3879.2192 2.0821e-01
3880.3831 2.1618e-01
3881.5474 2.3992e-01
3882.7119 2.5869e-01
3883.8767 2.7835e-01
3885.0420 2.5480e-01
3886.2073 2.4149e-01
3887.3728 2.2629e-01
3888.5391 2.4641e-01
3889.7061 2.6774e-01
3890.8730 2.2750e-01
3892.0400 2.3632e-01
3893.2078 2.3960e-01
3894.3755 2.6184e-01
3895.5439 2.4077e-01
3896.7126 2.9476e-01
3897.8813 2.4034e-01
3899.0508 2.6194e-01
3900.2209 2.7399e-01
3901.3909 2.4233e-01
3902.5613 2.5834e-01
3903.7322 2.4883e-01
3904.9031 2.4421e-01
3906.0747 2.4572e-01
3907.2463 2.5712e-01
3908.4187 2.9824e-01
3909.5911 2.5536e-01
3910.7642 3.0493e-01
3911.9373 2.8330e-01
3913.1111 3.1371e-01
3914.2849 2.1765e-01
3915.4592 2.6685e-01
3916.6335 3.2165e-01
3917.8086 2.5625e-01
3918.9839 2.9992e-01
3920.1597 2.8639e-01
3921.3359 2.4579e-01
3922.5120 2.8505e-01
3923.6887 2.7513e-01
3924.8660 2.5704e-01
3926.0432 2.7104e-01
3927.2212 2.9666e-01
3928.3994 3.0032e-01
3929.5779 2.9284e-01
3930.7568 2.8327e-01
3931.9360 3.0651e-01
3933.1157 3.0044e-01
3934.2954 2.8308e-01
3935.4758 2.9092e-01
3936.6562 3.2148e-01
3937.8374 2.8481e-01
3939.0186 2.9601e-01
3940.2004 2.9828e-01
3941.3826 2.9907e-01
3942.5649 3.4196e-01
3943.7478 2.9837e-01
3944.9307 2.9913e-01
3946.1147 2.7586e-01
3947.2983 2.7331e-01
3948.4824 3.3155e-01
3949.6670 3.1737e-01
3950.8521 2.9104e-01
3952.0369 3.3356e-01
3953.2227 3.2662e-01
3954.4089 3.2728e-01
3955.5950 3.6115e-01
3956.7812 3.0879e-01
3957.9688 2.8976e-01
3959.1560 3.1686e-01
3960.3438 3.1806e-01
3961.5320 3.3298e-01
3962.7202 3.3559e-01
3963.9094 3.6876e-01
3965.0984 3.2619e-01
3966.2881 3.5373e-01
3967.4778 3.7084e-01
3968.6680 3.1149e-01
3969.8584 3.7744e-01
3971.0498 3.6113e-01
3972.2412 3.3680e-01
3973.4326 3.7933e-01
3974.6248 3.3637e-01
3975.8171 3.7686e-01
3977.0095 3.6158e-01
3978.2029 4.1773e-01
3979.3962 3.7419e-01
3980.5901 4.0168e-01
3981.7844 3.7792e-01
3982.9790 3.6898e-01
3984.1736 3.9824e-01
3985.3691 3.6343e-01
3986.5647 3.7528e-01
3987.7605 3.7060e-01
3988.9568 3.6282e-01
3990.1538 3.6516e-01
3991.3506 3.6347e-01
3992.5481 3.9493e-01
3993.7456 4.0188e-01
3994.9441 3.8650e-01
3996.1423 4.1032e-01
3997.3413 4.2894e-01
3998.5408 3.8240e-01
3999.7397 3.6307e-01
4000.9402 4.0331e-01
4002.1401 4.0393e-01
4003.3408 4.2441e-01
4004.5415 3.9435e-01
4005.7434 4.0687e-01
4006.9448 3.7676e-01
4008.1470 3.9548e-01
4009.3496 4.0144e-01
4010.5522 4.3043e-01
4011.7556 4.4295e-01
4012.9587 4.1329e-01
4014.1628 4.2963e-01
4015.3672 3.6986e-01
4016.5715 3.7105e-01
4017.7769 4.2127e-01
4018.9817 3.9002e-01
4020.1875 4.0623e-01
4021.3936 3.7544e-01
4022.6003 3.8312e-01
4023.8071 4.1396e-01
4025.0142 3.9855e-01
4026.2214 3.7612e-01
4027.4294 3.7227e-01
4028.6377 3.6351e-01
4029.8462 3.9103e-01
4031.0554 3.7527e-01
4032.2646 3.7747e-01
4033.4744 3.7686e-01
4034.6843 3.4646e-01
4035.8945 3.9786e-01
4037.1052 3.8680e-01
4038.3167 3.9300e-01
4039.5281 3.8304e-01
4040.7397 3.8840e-01
4041.9524 3.8947e-01
4043.1648 3.8302e-01
4044.3777 3.6905e-01
4045.5913 3.1434e-01
4046.8047 4.2472e-01
4048.0186 3.6469e-01
4049.2332 3.8199e-01
4050.4480 3.7356e-01
4051.6628 3.8835e-01
4052.8784 3.6870e-01
4054.0942 3.8173e-01
4055.3108 3.5472e-01
4056.5273 3.6281e-01
4057.7444 3.7115e-01
4058.9614 3.8782e-01
4060.1792 3.4174e-01
4061.3970 3.5350e-01
4062.6155 3.7727e-01
4063.8345 3.6422e-01
4065.0535 3.6911e-01
4066.2732 3.6379e-01
4067.4929 3.6075e-01
4068.7131 3.1774e-01
4069.9338 3.5463e-01
4071.1548 3.6210e-01
4072.3762 3.4434e-01
4073.5981 3.7283e-01
4074.8201 3.4145e-01
4076.0427 3.5260e-01
4077.2654 3.4982e-01
4078.4885 3.5385e-01
4079.7119 3.3967e-01
4080.9358 3.2762e-01
4082.1602 3.4130e-01
4083.3845 2.8002e-01
4084.6099 3.1802e-01
4085.8354 2.9766e-01
4087.0608 3.3572e-01
4088.2869 3.3611e-01
4089.5137 3.1437e-01
4090.7407 3.1097e-01
4091.9678 3.0174e-01
4093.1953 3.0664e-01
4094.4233 3.3339e-01
4095.6519 2.8451e-01
4096.8799 3.2564e-01
4098.1094 3.1858e-01
4099.3384 3.2851e-01
4100.5684 3.0745e-01
4101.7988 2.7726e-01
4103.0293 3.0080e-01
4104.2598 2.9153e-01
4105.4912 3.1016e-01
4106.7231 2.9798e-01
4107.9546 3.0327e-01
4109.1875 3.3765e-01
4110.4204 3.1911e-01
4111.6533 3.2807e-01
4112.8867 3.1065e-01
4114.1211 3.3982e-01
4115.3545 3.4129e-01
4116.5898 3.2184e-01
4117.8247 3.1969e-01
4119.0596 3.6332e-01
4120.2954 3.4800e-01
4121.5317 3.3593e-01
4122.7681 3.2226e-01
4124.0049 3.2637e-01
4125.2422 3.5925e-01
4126.4800 3.2560e-01
4127.7178 3.0425e-01
4128.9561 3.2628e-01
4130.1948 3.1493e-01
4131.4336 2.9484e-01
4132.6733 3.1696e-01
4133.9126 2.8335e-01
4135.1533 2.7609e-01
4136.3936 2.9807e-01
4137.6348 3.0956e-01
4138.8760 3.1818e-01
4140.1172 3.1773e-01
4141.3599 3.2764e-01
4142.6021 2.8999e-01
4143.8447 2.8738e-01
4145.0879 2.9528e-01
4146.3315 2.6369e-01
4147.5752 3.2694e-01
4148.8198 3.0581e-01
4150.0640 2.7096e-01
4151.3091 2.7286e-01
4152.5547 2.7577e-01
4153.8003 2.9490e-01
4155.0464 2.8700e-01
4156.2930 2.7511e-01
4157.5400 2.6617e-01
4158.7871 2.2677e-01
4160.0352 2.5943e-01
4161.2827 2.7814e-01
4162.5312 2.6402e-01
4163.7803 3.1463e-01
4165.0293 2.4729e-01
4166.2783 2.8239e-01
4167.5288 2.5493e-01
4168.7788 3.0029e-01
4170.0298 2.9368e-01
4171.2803 2.9544e-01
4172.5317 2.8436e-01
4173.7837 2.5919e-01
4175.0356 2.7083e-01
4176.2886 2.5871e-01
4177.5410 2.9771e-01
4178.7944 2.7325e-01
4180.0479 2.8691e-01
4181.3022 2.8484e-01
4182.5566 2.8606e-01
4183.8115 2.7826e-01
4185.0664 2.9416e-01
4186.3223 2.6252e-01
4187.5776 2.8761e-01
4188.8340 2.7503e-01
4190.0903 2.9119e-01
4191.3477 2.8170e-01
4192.6050 2.8394e-01
4193.8628 3.2608e-01
4195.1206 2.7141e-01
4196.3794 3.3122e-01
4197.6387 2.9902e-01
4198.8975 3.1802e-01
4200.1577 2.7657e-01
4201.4175 2.6500e-01
4202.6782 2.9821e-01
4203.9390 3.1431e-01
4205.2002 3.2239e-01
4206.4614 3.1946e-01
4207.7231 3.2838e-01
4208.9858 3.3543e-01
4210.2485 3.2208e-01
4211.5112 3.0103e-01
4212.7749 3.3544e-01
4214.0391 2.9241e-01
4215.3032 2.9845e-01
4216.5679 3.2199e-01
4217.8330 2.9518e-01
4219.0981 3.4968e-01
4220.3638 3.1907e-01
4221.6299 3.0885e-01
4222.8965 3.4296e-01
4224.1636 2.9872e-01
4225.4302 3.1106e-01
4226.6978 3.4095e-01
4227.9658 2.9357e-01
4229.2349 2.9132e-01
4230.5034 3.0781e-01
4231.7725 3.0192e-01
4233.0415 2.8593e-01
4234.3115 3.2222e-01
4235.5825 3.1012e-01
4236.8525 3.0430e-01
4238.1235 2.8911e-01
4239.3955 2.6031e-01
4240.6670 3.1045e-01
4241.9390 2.5376e-01
4243.2119 3.0642e-01
4244.4844 3.1890e-01
4245.7583 2.8151e-01
4247.0317 2.6963e-01
4248.3062 2.7552e-01
4249.5806 2.8158e-01
4250.8555 2.8712e-01
4252.1309 2.7458e-01
4253.4062 2.8841e-01
4254.6821 2.7459e-01
4255.9590 2.7910e-01
4257.2358 2.8046e-01
4258.5127 2.5343e-01
4259.7900 2.6652e-01
4261.0679 2.6697e-01
4262.3462 2.8991e-01
4263.6250 2.9655e-01
4264.9043 2.9167e-01
4266.1841 2.7741e-01
4267.4639 3.3230e-01
4268.7432 2.5540e-01
4270.0244 2.6653e-01
4271.3052 2.7086e-01
4272.5869 2.8111e-01
4273.8682 2.9894e-01
4275.1509 2.8524e-01
4276.4336 2.8639e-01
4277.7163 2.9469e-01
4278.9995 2.9709e-01
4280.2837 2.3383e-01
4281.5674 2.8466e-01
4282.8521 2.7494e-01
4284.1367 2.6289e-01
4285.4219 2.6015e-01
4286.7075 3.2108e-01
4287.9937 3.0403e-01
4289.2798 3.1916e-01
4290.5669 2.7856e-01
4291.8540 2.5911e-01
4293.1416 2.6409e-01
4294.4292 2.7568e-01
4295.7183 2.9794e-01
4297.0063 2.6055e-01
4298.2954 2.8090e-01
4299.5854 2.5284e-01
4300.8750 2.4257e-01
4302.1650 2.5576e-01
4303.4561 2.6041e-01
4304.7471 2.8722e-01
4306.0381 2.7186e-01
4307.3301 2.8304e-01
4308.6221 2.6129e-01
4309.9150 2.2835e-01
4311.2075 2.7173e-01
4312.5015 2.7034e-01
4313.7949 2.8528e-01
4315.0889 2.8077e-01
4316.3838 2.7270e-01
4317.6787 2.6484e-01
4318.9741 2.7000e-01
4320.2700 2.7169e-01
4321.5654 2.7484e-01
4322.8623 2.8735e-01
4324.1592 2.7545e-01
4325.4565 2.6290e-01
4326.7539 2.5929e-01
4328.0518 2.7837e-01
4329.3501 2.5168e-01
4330.6494 2.6984e-01
4331.9482 2.4698e-01
4333.2480 2.5835e-01
4334.5479 2.6448e-01
4335.8477 2.5173e-01
4337.1489 2.7010e-01
4338.4502 2.8178e-01
4339.7515 2.6463e-01
4341.0537 2.7278e-01
4342.3560 2.4738e-01
4343.6582 2.4237e-01
4344.9614 2.6536e-01
4346.2646 2.6391e-01
4347.5693 2.4795e-01
4348.8735 2.8160e-01
4350.1782 2.7122e-01
4351.4829 2.6576e-01
4352.7886 2.6443e-01
4354.0938 2.8089e-01
4355.4009 2.6005e-01
4356.7070 2.4917e-01
4358.0137 2.3365e-01
4359.3218 2.6438e-01
4360.6294 2.6965e-01
4361.9375 2.6876e-01
4363.2461 2.5832e-01
4364.5552 2.7104e-01
4365.8643 2.4937e-01
4367.1743 2.9399e-01
4368.4844 2.2936e-01
4369.7954 2.5928e-01
4371.1060 2.3866e-01
4372.4170 2.4851e-01
4373.7285 2.5313e-01
4375.0415 2.4701e-01
4376.3540 2.5228e-01
4377.6665 2.3105e-01
4378.9800 2.3050e-01
4380.2935 2.1656e-01
4381.6074 2.4104e-01
4382.9219 2.5869e-01
4384.2363 2.5580e-01
4385.5522 2.3625e-01
4386.8677 2.3416e-01
4388.1841 2.0587e-01
4389.5010 2.1158e-01
4390.8169 2.3172e-01
4392.1343 2.0023e-01
4393.4521 2.1054e-01
4394.7700 2.0877e-01
4396.0884 2.1098e-01
4397.4077 1.8714e-01
4398.7266 2.2086e-01
4400.0464 1.8353e-01
4401.3667 2.1875e-01
4402.6870 2.2784e-01
4404.0073 2.0478e-01
4405.3291 2.1182e-01
4406.6504 2.1690e-01
4407.9722 1.9818e-01
4409.2944 2.1560e-01
4410.6172 2.0647e-01
4411.9404 1.9448e-01
4413.2642 2.1052e-01
4414.5879 1.9605e-01
4415.9126 2.0164e-01
4417.2373 1.8064e-01
4418.5625 2.0154e-01
4419.8882 2.0053e-01
4421.2139 2.2018e-01
4422.5405 2.1177e-01
4423.8672 2.1649e-01
4425.1938 2.1720e-01
4426.5220 1.7047e-01
4427.8496 2.1286e-01
4429.1787 2.1840e-01
4430.5063 1.9726e-01
4431.8364 2.0908e-01
4433.1655 1.9161e-01
4434.4956 2.2613e-01
4435.8262 2.2003e-01
4437.1567 2.0784e-01
4438.4878 2.1220e-01
4439.8193 2.3702e-01
4441.1514 2.2346e-01
4442.4834 2.3003e-01
4443.8164 2.2987e-01
4445.1494 2.3209e-01
4446.4829 2.2853e-01
4447.8169 2.4088e-01
4449.1514 2.4536e-01
4450.4863 2.5122e-01
4451.8213 2.5493e-01
4453.1567 2.8158e-01
4454.4927 2.1219e-01
4455.8291 2.4959e-01
4457.1660 2.8431e-01
4458.5029 2.3032e-01
4459.8403 2.3993e-01
4461.1787 2.4837e-01
4462.5171 2.6221e-01
4463.8555 3.0327e-01
4465.1948 2.8190e-01
4466.5347 2.7158e-01
4467.8740 2.8592e-01
4469.2144 2.5908e-01
4470.5552 2.8300e-01
4471.8970 2.7946e-01
4473.2383 3.3017e-01
4474.5806 2.8333e-01
4475.9229 3.3312e-01
4477.2651 3.0451e-01
4478.6084 2.9952e-01
4479.9521 2.8423e-01
4481.2959 3.0824e-01
4482.6406 2.7908e-01
4483.9854 3.0883e-01
4485.3306 3.0736e-01
4486.6763 2.9827e-01
4488.0220 3.2912e-01
4489.3682 3.0741e-01
4490.7153 3.0988e-01
4492.0620 2.9735e-01
4493.4102 3.0018e-01
4494.7578 3.0973e-01
4496.1069 3.2653e-01
4497.4556 2.7424e-01
4498.8047 3.3984e-01
4500.1543 3.3258e-01
4501.5044 3.4008e-01
4502.8550 3.6484e-01
4504.2056 3.0806e-01
4505.5566 3.4973e-01
4506.9082 3.2908e-01
4508.2607 3.4048e-01
4509.6133 3.6059e-01
4510.9658 3.3288e-01
4512.3193 3.6131e-01
4513.6729 3.2687e-01
4515.0273 3.3526e-01
4516.3818 3.1635e-01
4517.7363 3.6038e-01
4519.0918 3.4269e-01
4520.4473 3.5166e-01
4521.8037 3.6685e-01
4523.1606 3.5024e-01
4524.5171 3.5917e-01
4525.8750 3.6141e-01
4527.2324 3.6461e-01
4528.5903 3.4175e-01
4529.9492 3.4425e-01
4531.3081 3.6624e-01
4532.6675 3.6381e-01
4534.0269 3.5170e-01
4535.3872 3.5002e-01
4536.7480 3.6972e-01
4538.1094 3.9648e-01
4539.4702 3.7276e-01
4540.8320 3.4946e-01
4542.1943 3.7046e-01
4543.5576 4.1234e-01
4544.9199 3.4380e-01
4546.2842 3.3975e-01
4547.6475 3.8094e-01
4549.0117 3.9107e-01
4550.3770 4.0992e-01
4551.7417 3.6785e-01
4553.1074 3.4313e-01
4554.4731 3.6607e-01
4555.8398 3.7283e-01
4557.2061 3.8545e-01
4558.5732 3.6566e-01
4559.9414 3.5223e-01
4561.3086 3.7524e-01
4562.6772 3.7076e-01
4564.0459 3.8418e-01
4565.4150 3.8013e-01
4566.7852 4.1938e-01
4568.1553 3.7995e-01
4569.5249 3.9590e-01
4570.8965 3.6885e-01
4572.2676 3.7590e-01
4573.6392 3.6554e-01
4575.0117 3.9678e-01
4576.3838 4.0245e-01
4577.7568 3.7661e-01
4579.1304 4.0427e-01
4580.5039 3.6965e-01
4581.8784 3.8693e-01
4583.2524 3.8814e-01
4584.6274 4.1202e-01
4586.0029 3.9662e-01
4587.3789 3.9443e-01
4588.7549 4.0762e-01
4590.1318 3.8231e-01
4591.5083 3.8426e-01
4592.8857 4.0310e-01
4594.2642 4.0992e-01
4595.6426 3.7287e-01
4597.0210 3.8073e-01
4598.3999 3.8212e-01
4599.7798 4.0400e-01
4601.1597 3.8486e-01
4602.5396 3.6807e-01
4603.9204 4.3591e-01
4605.3022 3.9294e-01
4606.6836 4.2318e-01
4608.0649 3.7003e-01
4609.4478 3.9683e-01
4610.8306 3.9858e-01
4612.2144 3.8038e-01
4613.5977 3.7637e-01
4614.9819 3.7720e-01
4616.3662 4.0028e-01
4617.7515 3.8617e-01
4619.1362 3.7163e-01
4620.5225 3.6921e-01
4621.9082 3.9123e-01
4623.2949 4.0038e-01
4624.6816 3.7979e-01
4626.0693 3.4553e-01
4627.4570 3.5758e-01
4628.8457 3.7412e-01
4630.2334 3.9886e-01
4631.6230 3.5554e-01
4633.0127 3.9048e-01
4634.4028 3.7246e-01
4635.7935 3.7095e-01
4637.1831 3.5363e-01
4638.5742 3.8483e-01
4639.9658 3.6479e-01
4641.3579 3.8287e-01
4642.7505 3.4548e-01
4644.1436 3.8684e-01
4645.5371 3.6440e-01
4646.9307 3.9733e-01
4648.3247 4.0548e-01
4649.7188 3.8586e-01
4651.1138 3.4136e-01
4652.5093 3.9000e-01
4653.9048 3.2875e-01
4655.3018 3.9913e-01
4656.6978 3.3553e-01
4658.0947 3.6689e-01
4659.4922 3.6127e-01
4660.8896 3.5913e-01
4662.2886 3.4587e-01
4663.6865 3.6187e-01
4665.0859 3.4282e-01
4666.4854 3.8141e-01
4667.8853 3.7203e-01
4669.2861 3.5546e-01
4670.6870 3.7404e-01
4672.0874 3.3187e-01
4673.4897 3.4324e-01
4674.8916 3.4982e-01
4676.2944 3.1976e-01
4677.6968 3.2690e-01
4679.1006 3.6702e-01
4680.5039 3.2786e-01
4681.9082 3.6296e-01
4683.3125 3.4011e-01
4684.7173 3.4143e-01
4686.1230 3.7952e-01
4687.5288 3.3344e-01
4688.9351 3.7497e-01
4690.3423 3.5765e-01
4691.7490 3.5861e-01
4693.1562 3.6208e-01
4694.5645 3.8231e-01
4695.9731 3.4207e-01
4697.3818 3.4175e-01
4698.7910 3.5294e-01
4700.2002 3.1812e-01
4701.6104 3.5350e-01
4703.0205 3.5895e-01
4704.4316 3.6733e-01
4705.8433 3.7629e-01
4707.2549 3.3026e-01
4708.6670 3.3131e-01
4710.0796 3.5897e-01
4711.4927 3.8202e-01
4712.9058 3.5973e-01
4714.3203 3.7881e-01
4715.7344 3.7291e-01
4717.1494 3.6701e-01
4718.5645 3.7377e-01
4719.9800 3.1032e-01
4721.3955 3.5801e-01
4722.8120 3.7415e-01
4724.2290 3.2943e-01
4725.6460 3.1229e-01
4727.0645 3.3952e-01
4728.4824 3.4164e-01
4729.9004 3.5727e-01
4731.3198 3.2001e-01
4732.7388 3.3890e-01
4734.1587 3.2905e-01
4735.5791 3.4155e-01
4737.0000 3.2341e-01
4738.4209 3.4603e-01
4739.8428 3.5652e-01
4741.2646 3.0834e-01
4742.6870 3.3747e-01
4744.1094 3.4281e-01
4745.5327 3.5236e-01
4746.9565 3.2889e-01
4748.3804 3.1652e-01
4749.8052 3.1583e-01
4751.2300 3.1819e-01
4752.6548 3.4904e-01
4754.0811 3.1118e-01
4755.5078 2.7359e-01
4756.9341 3.0553e-01
4758.3608 3.3108e-01
4759.7886 2.7566e-01
4761.2168 3.1510e-01
4762.6445 3.0855e-01
4764.0737 3.1559e-01
4765.5029 3.1736e-01
4766.9326 3.0861e-01
4768.3628 3.0125e-01
4769.7930 2.9001e-01
4771.2236 2.8270e-01
4772.6553 2.4955e-01
4774.0869 2.8947e-01
4775.5190 2.6692e-01
4776.9521 2.9307e-01
4778.3853 2.7212e-01
4779.8184 2.4061e-01
4781.2524 2.8744e-01
4782.6870 2.9089e-01
4784.1226 2.6458e-01
4785.5571 2.9270e-01
4786.9927 2.7120e-01
4788.4292 2.8454e-01
4789.8652 3.1282e-01
4791.3022 2.9380e-01
4792.7397 2.9084e-01
4794.1777 2.6714e-01
4795.6152 2.7190e-01
4797.0542 2.7144e-01
4798.4937 3.0096e-01
4799.9331 3.2528e-01
4801.3735 3.0416e-01
4802.8140 2.8643e-01
4804.2544 3.0184e-01
4805.6958 2.7902e-01
4807.1377 2.9698e-01
4808.5796 2.6296e-01
4810.0220 2.7414e-01
4811.4653 3.0167e-01
4812.9087 2.6481e-01
4814.3525 2.7299e-01
4815.7969 3.1009e-01
4817.2417 2.8121e-01
4818.6865 2.9136e-01
4820.1328 2.6959e-01
4821.5786 2.9238e-01
4823.0249 3.4616e-01
4824.4717 2.8861e-01
4825.9189 2.8054e-01
4827.3667 3.1465e-01
4828.8149 2.8823e-01
4830.2637 3.1037e-01
4831.7124 3.0691e-01
4833.1621 3.2226e-01
4834.6118 2.9647e-01
4836.0620 2.7848e-01
4837.5137 2.9496e-01
4838.9644 3.0935e-01
4840.4165 3.0235e-01
4841.8687 2.8233e-01
4843.3208 3.0870e-01
4844.7739 3.0333e-01
4846.2275 2.9082e-01
4847.6812 2.7848e-01
4849.1357 2.8677e-01
4850.5903 2.8034e-01
4852.0454 2.7864e-01
4853.5015 2.8836e-01
4854.9575 2.9095e-01
4856.4136 2.8416e-01
4857.8706 2.5394e-01
4859.3281 2.8893e-01
4860.7861 2.5589e-01
4862.2437 2.5219e-01
4863.7026 2.4583e-01
4865.1621 2.3515e-01
4866.6211 2.4080e-01
4868.0815 2.2615e-01
4869.5420 2.5362e-01
4871.0024 2.4274e-01
4872.4639 2.4442e-01
4873.9263 2.5237e-01
4875.3877 2.5814e-01
4876.8506 2.5234e-01
4878.3135 2.3436e-01
4879.7773 2.3694e-01
4881.2412 2.4048e-01
4882.7051 2.5647e-01
4884.1704 2.3331e-01
4885.6357 2.3720e-01
4887.1011 2.4121e-01
4888.5674 2.2842e-01
4890.0337 2.2635e-01
4891.5010 2.3433e-01
4892.9683 2.4660e-01
4894.4360 2.6198e-01
4895.9043 2.5476e-01
4897.3730 2.5442e-01
4898.8423 2.5729e-01
4900.3120 2.9654e-01
4901.7827 2.5182e-01
4903.2529 2.4561e-01
4904.7231 2.5954e-01
4906.1953 2.5242e-01
4907.6675 2.4828e-01
4909.1392 2.3376e-01
4910.6123 2.4792e-01
4912.0854 2.4032e-01
4913.5586 2.7318e-01
4915.0332 2.5692e-01
4916.5073 2.6564e-01
4917.9819 2.6315e-01
4919.4575 2.7317e-01
4920.9331 2.5744e-01
4922.4097 2.6495e-01
4923.8872 2.5122e-01
4925.3638 2.6721e-01
4926.8418 2.6173e-01
4928.3188 2.9888e-01
4929.7979 2.7055e-01
4931.2769 2.4540e-01
4932.7563 2.4959e-01
4934.2358 2.4094e-01
4935.7168 2.6308e-01
4937.1963 2.3983e-01
4938.6782 2.4268e-01
4940.1597 2.3881e-01
4941.6416 2.5582e-01
4943.1250 2.5245e-01
4944.6069 2.5208e-01
4946.0908 2.6982e-01
4947.5752 2.7951e-01
4949.0586 2.4067e-01
4950.5435 2.4820e-01
4952.0278 2.3281e-01
4953.5142 2.2488e-01
4955.0010 2.3389e-01
4956.4873 2.6642e-01
4957.9741 2.3815e-01
4959.4614 2.3835e-01
4960.9492 2.3308e-01
4962.4370 2.4160e-01
4963.9258 2.3906e-01
4965.4150 2.2589e-01
4966.9048 2.5242e-01
4968.3945 2.3537e-01
4969.8853 2.5345e-01
4971.3765 2.3625e-01
4972.8677 2.0478e-01
4974.3599 2.0268e-01
4975.8521 2.2460e-01
4977.3447 2.2787e-01
4978.8379 1.9408e-01
4980.3315 2.4278e-01
4981.8257 2.3147e-01
4983.3203 2.3580e-01
4984.8159 2.0306e-01
4986.3105 2.0653e-01
4987.8066 2.0710e-01
4989.3027 2.1949e-01
4990.7998 2.0699e-01
4992.2974 1.9820e-01
4993.7939 2.2345e-01
4995.2930 2.1103e-01
4996.7915 2.0384e-01
4998.2905 1.9369e-01
4999.7896 1.9054e-01
5001.2896 1.9326e-01
5002.7900 2.1456e-01
5004.2915 1.8265e-01
5005.7925 1.9497e-01
5007.2944 1.9125e-01
5008.7964 2.2556e-01
5010.2993 2.0778e-01
5011.8022 2.0478e-01
5013.3057 2.1253e-01
5014.8101 1.7601e-01
5016.3145 1.9537e-01
5017.8184 1.7618e-01
5019.3247 1.8441e-01
5020.8301 2.1837e-01
5022.3359 1.9468e-01
5023.8428 1.9139e-01
5025.3496 1.6775e-01
5026.8579 2.2287e-01
5028.3657 2.0236e-01
5029.8740 2.0021e-01
5031.3828 1.9339e-01
5032.8926 2.1778e-01
5034.4023 1.8549e-01
5035.9131 2.0688e-01
5037.4233 2.0973e-01
5038.9346 2.0799e-01
5040.4463 2.1630e-01
5041.9585 2.0992e-01
5043.4712 1.8788e-01
5044.9839 2.1164e-01
5046.4980 2.0570e-01
5048.0112 1.9079e-01
5049.5259 2.1594e-01
5051.0415 2.2698e-01
5052.5562 2.0778e-01
5054.0723 2.0068e-01
5055.5884 1.9919e-01
5057.1045 1.9815e-01
5058.6221 2.2324e-01
5060.1401 2.1223e-01
5061.6577 1.9902e-01
5063.1763 2.1216e-01
5064.6953 2.0268e-01
5066.2144 2.1937e-01
5067.7339 2.2036e-01
5069.2549 2.3802e-01
5070.7759 2.2057e-01
5072.2969 2.1719e-01
5073.8188 2.1282e-01
5075.3403 1.9417e-01
5076.8628 1.9507e-01
5078.3867 2.1757e-01
5079.9097 2.0773e-01
5081.4336 2.2801e-01
5082.9580 2.4125e-01
5084.4829 2.1740e-01
5086.0083 2.4240e-01
5087.5342 2.4055e-01
5089.0605 1.9134e-01
5090.5874 2.4244e-01
5092.1143 2.2994e-01
5093.6421 2.4701e-01
5095.1699 2.1050e-01
5096.6987 2.4235e-01
5098.2275 2.1291e-01
5099.7573 2.1843e-01
5101.2871 2.3655e-01
5102.8179 2.1673e-01
5104.3481 2.3040e-01
5105.8799 2.4592e-01
5107.4111 2.3969e-01
5108.9438 2.1118e-01
5110.4761 2.1381e-01
5112.0093 2.3146e-01
5113.5435 2.0976e-01
5115.0771 2.2148e-01
5116.6118 2.1571e-01
5118.1470 2.1972e-01
5119.6816 2.0349e-01
5121.2183 2.1525e-01
5122.7544 2.0889e-01
5124.2910 2.3922e-01
5125.8286 2.3216e-01
5127.3667 1.9712e-01
5128.9043 1.7498e-01
5130.4429 2.1298e-01
5131.9824 2.2176e-01
5133.5220 2.2650e-01
5135.0615 2.2463e-01
5136.6021 2.1922e-01
5138.1436 2.1456e-01
5139.6846 2.0865e-01
5141.2266 2.0111e-01
5142.7690 1.9670e-01
5144.3125 2.3311e-01
5145.8550 2.0357e-01
5147.3989 2.1593e-01
5148.9429 2.0339e-01
5150.4883 2.1416e-01
5152.0332 2.3077e-01
5153.5781 1.9359e-01
5155.1245 2.1234e-01
5156.6714 1.9842e-01
5158.2178 2.2413e-01
5159.7656 2.0986e-01
5161.3130 2.2934e-01
5162.8618 2.2332e-01
5164.4106 2.0718e-01
5165.9604 2.1166e-01
5167.5098 2.0148e-01
5169.0605 2.4584e-01
5170.6108 2.1832e-01
5172.1621 2.2059e-01
5173.7139 2.1880e-01
5175.2656 2.2371e-01
5176.8188 2.2460e-01
5178.3711 2.0937e-01
5179.9253 2.3802e-01
5181.4790 2.1140e-01
5183.0337 2.2903e-01
5184.5884 2.4260e-01
5186.1436 2.3763e-01
5187.6992 2.3062e-01
5189.2559 2.5009e-01
5190.8130 2.2643e-01
5192.3696 2.1842e-01
5193.9277 2.2885e-01
5195.4858 2.1964e-01
5197.0439 2.3682e-01
5198.6035 2.2713e-01
5200.1636 2.7514e-01
5201.7231 2.3988e-01
5203.2837 2.6926e-01
5204.8447 2.5257e-01
5206.4058 2.4869e-01
5207.9683 2.4754e-01
5209.5303 2.5346e-01
5211.0933 2.6036e-01
5212.6567 2.5442e-01
5214.2202 2.5098e-01
5215.7847 2.5611e-01
5217.3496 2.6618e-01
5218.9150 2.6225e-01
5220.4800 2.7170e-01
5222.0464 2.7966e-01
5223.6128 2.4744e-01
5225.1802 2.4478e-01
5226.7480 2.6014e-01
5228.3154 2.5936e-01
5229.8843 2.6650e-01
5231.4526 2.5734e-01
5233.0225 2.5545e-01
5234.5928 2.6217e-01
5236.1626 2.7518e-01
5237.7339 2.5031e-01
5239.3052 2.7433e-01
5240.8770 2.4236e-01
5242.4492 2.4536e-01
5244.0220 2.7345e-01
5245.5947 2.6793e-01
5247.1689 2.3514e-01
5248.7422 2.6138e-01
5250.3174 3.1811e-01
5251.8921 2.4625e-01
5253.4678 2.6507e-01
5255.0439 2.7130e-01
5256.6211 2.5152e-01
5258.1978 2.9333e-01
5259.7749 2.5285e-01
5261.3530 2.3528e-01
5262.9312 2.4792e-01
5264.5098 2.7196e-01
5266.0898 2.5270e-01
5267.6694 2.8133e-01
5269.2495 2.6057e-01
5270.8311 2.9027e-01
5272.4116 2.8078e-01
5273.9941 2.4489e-01
5275.5757 2.6012e-01
5277.1587 2.5544e-01
5278.7422 2.5283e-01
5280.3252 2.4848e-01
5281.9092 2.6908e-01
5283.4937 2.5670e-01
5285.0786 2.1428e-01
5286.6641 2.6260e-01
5288.2500 2.8890e-01
5289.8369 2.5917e-01
5291.4238 2.5792e-01
5293.0117 2.5824e-01
5294.5996 2.3059e-01
5296.1870 2.8875e-01
5297.7764 2.4053e-01
5299.3662 2.7553e-01
5300.9561 2.6045e-01
5302.5459 2.8435e-01
5304.1367 2.6510e-01
5305.7280 2.4379e-01
5307.3188 2.7310e-01
5308.9116 2.6421e-01
5310.5044 2.5499e-01
5312.0977 2.7048e-01
5313.6919 2.8614e-01
5315.2856 2.5551e-01
5316.8799 2.6765e-01
5318.4751 2.3700e-01
5320.0708 2.4369e-01
5321.6665 2.5652e-01
5323.2632 2.4050e-01
5324.8604 2.7386e-01
5326.4575 2.4953e-01
5328.0557 2.6500e-01
5329.6533 2.3320e-01
5331.2534 2.5994e-01
5332.8516 2.7330e-01
5334.4517 2.7112e-01
5336.0522 3.0457e-01
5337.6533 2.6158e-01
5339.2544 2.6264e-01
5340.8560 2.6964e-01
5342.4585 2.5508e-01
5344.0605 2.6932e-01
5345.6646 2.6721e-01
5347.2681 2.7176e-01
5348.8726 2.7371e-01
5350.4771 2.7846e-01
5352.0825 2.5103e-01
5353.6875 2.5508e-01
5355.2944 2.6394e-01
5356.9009 2.1870e-01
5358.5073 2.7295e-01
5360.1152 2.4924e-01
5361.7236 2.5017e-01
5363.3315 2.3019e-01
5364.9404 2.5991e-01
5366.5503 2.5788e-01
5368.1602 2.0384e-01
5369.7705 2.3430e-01
5371.3813 2.4312e-01
5372.9932 2.1939e-01
5374.6050 2.0634e-01
5376.2173 2.1900e-01
5377.8301 2.1732e-01
5379.4434 2.1015e-01
5381.0576 2.3193e-01
5382.6714 2.3070e-01
5384.2861 2.1008e-01
5385.9014 2.0223e-01
5387.5171 2.1962e-01
5389.1343 1.9916e-01
5390.7505 1.9801e-01
5392.3677 2.0358e-01
5393.9858 1.8045e-01
5395.6035 1.8289e-01
5397.2222 2.0096e-01
5398.8413 1.8091e-01
5400.4609 1.7773e-01
5402.0811 2.1607e-01
5403.7017 2.1552e-01
5405.3228 2.3208e-01
5406.9448 1.9630e-01
5408.5659 2.0217e-01
5410.1890 1.8885e-01
5411.8115 2.0405e-01
5413.4360 2.0004e-01
5415.0596 1.6968e-01
5416.6841 1.8833e-01
5418.3096 2.1272e-01
5419.9351 1.8353e-01
5421.5605 2.1105e-01
5423.1875 2.0413e-01
5424.8145 1.8161e-01
5426.4414 1.9885e-01
5428.0693 2.1501e-01
5429.6982 1.9204e-01
5431.3271 2.1376e-01
5432.9565 1.7705e-01
5434.5859 2.0623e-01
5436.2163 1.8981e-01
5437.8472 1.9687e-01
5439.4785 2.1847e-01
5441.1104 1.6867e-01
5442.7427 1.8517e-01
5444.3760 1.9776e-01
5446.0098 2.1522e-01
5447.6431 1.9126e-01
5449.2778 2.1253e-01
5450.9121 1.9609e-01
5452.5474 2.1954e-01
5454.1826 2.0418e-01
5455.8193 1.8565e-01
5457.4565 1.8218e-01
5459.0933 2.1566e-01
5460.7310 1.9779e-01
5462.3696 2.1280e-01
5464.0073 1.9491e-01
5465.6475 2.0950e-01
5467.2871 1.9862e-01
5468.9272 1.9060e-01
5470.5674 2.1122e-01
5472.2090 1.9520e-01
5473.8506 1.9267e-01
5475.4927 1.7388e-01
5477.1353 2.2130e-01
5478.7783 2.0706e-01
5480.4224 2.1501e-01
5482.0659 2.0892e-01
5483.7104 2.0533e-01
5485.3560 1.8183e-01
5487.0010 2.0408e-01
5488.6475 2.0713e-01
5490.2944 2.1433e-01
5491.9414 2.1414e-01
5493.5889 2.1457e-01
5495.2368 2.3164e-01
5496.8857 2.2193e-01
5498.5342 1.9264e-01
5500.1841 2.2230e-01
5501.8340 1.9759e-01
5503.4849 2.2405e-01
5505.1357 2.2993e-01
5506.7871 2.2130e-01
5508.4395 1.8343e-01
5510.0923 2.0208e-01
5511.7451 2.1363e-01
5513.3984 1.8845e-01
5515.0522 1.9358e-01
5516.7070 1.8553e-01
5518.3623 2.1863e-01
5520.0176 2.0127e-01
5521.6733 1.9236e-01
5523.3301 2.0028e-01
5524.9868 2.0000e-01
5526.6450 1.9622e-01
5528.3027 2.2342e-01
5529.9609 1.8921e-01
5531.6201 1.9076e-01
5533.2793 2.0538e-01
5534.9395 2.1026e-01
5536.5996 2.0593e-01
5538.2607 1.9732e-01
5539.9229 1.9970e-01
5541.5840 1.9747e-01
5543.2466 2.0851e-01
5544.9102 2.1119e-01
5546.5728 1.8926e-01
5548.2373 1.8412e-01
5549.9019 1.9097e-01
5551.5664 1.9078e-01
5553.2324 2.0466e-01
5554.8984 1.7690e-01
5556.5645 1.9032e-01
5558.2310 1.8158e-01
5559.8989 1.8571e-01
5561.5669 1.8572e-01
5563.2354 2.0511e-01
5564.9043 1.9199e-01
5566.5732 1.9683e-01
5568.2437 1.8362e-01
5569.9150 1.7610e-01
5571.5854 1.8474e-01
5573.2568 1.9051e-01
5574.9287 1.9411e-01
5576.6011 1.4423e-01
5578.2739 1.8962e-01
5579.9482 1.9801e-01
5581.6216 1.9402e-01
5583.2959 1.8683e-01
5584.9717 1.8493e-01
5586.6470 1.7655e-01
5588.3223 1.8394e-01
5589.9990 1.9948e-01
5591.6763 1.8083e-01
5593.3535 1.9082e-01
5595.0317 1.6066e-01
5596.7104 1.7937e-01
5598.3892 1.6485e-01
5600.0688 1.8520e-01
5601.7490 1.4658e-01
5603.4292 1.6619e-01
5605.1104 1.5443e-01
5606.7915 1.7111e-01
5608.4741 1.7465e-01
5610.1562 1.6544e-01
5611.8394 1.7469e-01
5613.5234 1.7390e-01
5615.2075 1.7245e-01
5616.8916 1.7762e-01
5618.5767 1.8325e-01
5620.2627 2.0025e-01
5621.9482 1.8999e-01
5623.6348 1.7281e-01
5625.3218 2.1149e-01
5627.0098 1.8116e-01
5628.6982 1.8024e-01
5630.3867 1.9516e-01
5632.0757 1.9758e-01
5633.7651 1.8803e-01
5635.4551 1.8531e-01
5637.1460 1.7003e-01
5638.8369 2.0252e-01
5640.5283 1.9805e-01
5642.2207 1.9586e-01
5643.9141 1.8856e-01
5645.6069 1.8172e-01
5647.3003 1.9987e-01
5648.9946 1.6473e-01
5650.6895 2.0036e-01
5652.3848 1.8246e-01
5654.0801 1.8647e-01
5655.7759 1.7812e-01
5657.4736 2.0298e-01
5659.1709 2.1912e-01
5660.8682 1.8951e-01
5662.5664 2.0822e-01
5664.2651 1.8730e-01
5665.9644 2.0177e-01
5667.6641 2.3460e-01
5669.3647 2.1849e-01
5671.0649 1.9094e-01
5672.7666 2.1940e-01
5674.4688 1.7843e-01
5676.1709 2.1438e-01
5677.8740 1.9716e-01
5679.5771 1.6965e-01
5681.2812 2.0056e-01
5682.9858 2.0351e-01
5684.6899 2.0293e-01
5686.3950 1.7499e-01
5688.1021 1.9592e-01
5689.8076 1.8242e-01
5691.5146 2.2572e-01
5693.2222 2.0822e-01
5694.9302 2.2728e-01
5696.6382 2.3395e-01
5698.3477 2.0403e-01
5700.0571 2.0133e-01
5701.7671 1.8142e-01
5703.4775 1.7452e-01
5705.1885 1.8985e-01
5706.9004 2.2238e-01
5708.6123 2.0434e-01
5710.3252 1.9963e-01
5712.0381 1.8957e-01
5713.7524 2.0285e-01
5715.4663 2.1403e-01
5717.1812 1.8831e-01
5718.8955 2.0836e-01
5720.6118 1.9957e-01
5722.3271 2.2370e-01
5724.0444 2.0247e-01
5725.7617 1.7433e-01
5727.4795 1.9641e-01
5729.1973 2.0588e-01
5730.9165 2.0539e-01
5732.6353 2.1185e-01
5734.3550 2.2023e-01
5736.0757 2.1067e-01
5737.7969 2.1692e-01
5739.5176 2.0679e-01
5741.2397 2.1717e-01
5742.9624 2.0551e-01
5744.6851 2.1666e-01
5746.4082 2.0637e-01
5748.1323 1.9639e-01
5749.8569 1.9649e-01
5751.5815 1.8574e-01
5753.3076 1.8205e-01
5755.0332 1.9617e-01
5756.7593 1.9768e-01
5758.4863 1.9300e-01
5760.2144 2.0711e-01
5761.9424 1.9867e-01
5763.6709 2.2113e-01
5765.3999 2.0706e-01
5767.1294 2.0581e-01
5768.8594 2.0971e-01
5770.5908 1.7876e-01
5772.3213 2.0701e-01
5774.0527 1.9732e-01
5775.7856 2.1818e-01
5777.5181 2.1714e-01
5779.2515 2.4058e-01
5780.9844 1.7848e-01
5782.7192 2.1351e-01
5784.4546 2.2333e-01
5786.1899 1.9408e-01
5787.9253 2.0966e-01
5789.6626 1.8094e-01
5791.3984 1.8650e-01
5793.1362 1.9874e-01
5794.8745 2.1759e-01
5796.6123 1.8302e-01
5798.3516 2.0087e-01
5800.0913 1.7703e-01
5801.8306 2.0918e-01
5803.5713 2.0131e-01
5805.3125 1.7721e-01
5807.0537 2.0207e-01
5808.7964 1.6574e-01
5810.5391 2.0402e-01
5812.2822 2.0420e-01
5814.0259 1.7661e-01
5815.7700 2.0348e-01
5817.5151 1.8458e-01
5819.2598 1.8652e-01
5821.0059 1.8791e-01
5822.7524 1.8517e-01
5824.4990 2.1973e-01
5826.2461 1.7975e-01
5827.9937 1.9054e-01
5829.7427 1.7716e-01
5831.4912 1.9667e-01
5833.2407 1.7527e-01
5834.9912 1.8794e-01
5836.7417 1.8951e-01
5838.4922 1.7711e-01
5840.2446 1.8786e-01
5841.9961 1.8144e-01
5843.7490 1.8996e-01
5845.5020 1.7225e-01
5847.2559 1.9147e-01
5849.0103 1.5762e-01
5850.7642 1.9210e-01
5852.5195 1.8666e-01
5854.2754 1.9138e-01
5856.0317 1.5515e-01
5857.7881 1.6684e-01
5859.5454 1.9722e-01
5861.3032 1.7350e-01
5863.0625 1.9461e-01
5864.8208 1.7837e-01
5866.5806 1.7823e-01
5868.3403 1.6189e-01
5870.1006 1.6585e-01
5871.8618 1.6864e-01
5873.6230 1.7129e-01
5875.3857 1.7859e-01
5877.1479 1.5665e-01
5878.9111 1.6087e-01
5880.6748 1.6540e-01
5882.4390 1.4619e-01
5884.2036 1.5598e-01
5885.9692 1.7604e-01
5887.7349 1.3157e-01
5889.5010 1.7642e-01
5891.2676 1.6761e-01
5893.0356 1.7031e-01
5894.8032 1.5832e-01
5896.5718 1.4255e-01
5898.3408 1.7448e-01
5900.1108 1.6004e-01
5901.8804 1.4554e-01
5903.6509 1.5446e-01
5905.4219 1.5046e-01
5907.1938 1.5695e-01
5908.9663 1.6157e-01
5910.7383 1.5533e-01
5912.5112 1.5178e-01
5914.2856 1.4065e-01
5916.0601 1.3926e-01
5917.8345 1.4041e-01
5919.6099 1.5280e-01
5921.3857 1.5396e-01
5923.1621 1.4449e-01
5924.9395 1.4917e-01
5926.7163 1.5041e-01
5928.4946 1.4009e-01
5930.2729 1.6007e-01
5932.0522 1.5168e-01
5933.8315 1.6093e-01
5935.6123 1.5408e-01
5937.3926 1.5313e-01
5939.1738 1.5919e-01
5940.9556 1.6909e-01
5942.7383 1.5651e-01
5944.5210 1.4428e-01
5946.3042 1.5105e-01
5948.0879 1.6375e-01
5949.8726 1.6780e-01
5951.6572 1.6701e-01
5953.4434 1.6729e-01
5955.2290 1.7312e-01
5957.0151 1.5930e-01
5958.8022 1.5561e-01
5960.5903 1.5317e-01
5962.3789 1.5731e-01
5964.1670 1.3966e-01
5965.9561 1.7150e-01
5967.7466 1.7701e-01
5969.5366 1.7546e-01
5971.3276 1.6763e-01
5973.1187 1.5220e-01
5974.9106 1.7235e-01
5976.7031 1.7097e-01
5978.4961 1.5815e-01
5980.2900 1.6477e-01
5982.0845 1.7208e-01
5983.8789 1.5792e-01
5985.6729 1.6940e-01
5987.4692 1.5364e-01
5989.2651 1.7146e-01
5991.0620 1.6866e-01
5992.8589 1.7205e-01
5994.6572 1.6674e-01
5996.4556 1.7401e-01
5998.2549 1.5504e-01
6000.0547 1.7442e-01
6001.8545 1.6658e-01
6003.6548 1.7365e-01
6005.4561 1.8111e-01
6007.2578 1.7560e-01
6009.0596 1.7953e-01
6010.8623 1.5145e-01
6012.6660 1.7213e-01
6014.4697 1.5497e-01
6016.2739 1.7788e-01
6018.0786 1.6812e-01
6019.8843 1.6676e-01
6021.6909 1.8998e-01
6023.4966 1.7204e-01
6025.3037 1.7605e-01
6027.1108 1.8702e-01
6028.9199 1.5163e-01
6030.7285 1.7097e-01
6032.5366 1.8131e-01
6034.3472 1.8430e-01
6036.1577 1.6896e-01
6037.9683 1.5828e-01
6039.7793 1.7088e-01
6041.5918 1.6731e-01
6043.4038 1.6465e-01
6045.2173 1.6789e-01
6047.0312 1.7819e-01
6048.8447 1.4869e-01
6050.6592 1.6961e-01
6052.4751 1.6091e-01
6054.2905 1.7175e-01
6056.1069 1.6826e-01
6057.9233 1.7078e-01
6059.7407 1.6096e-01
6061.5586 1.7667e-01
6063.3770 1.8238e-01
6065.1968 1.7030e-01
6067.0161 1.7047e-01
6068.8359 1.8232e-01
6070.6567 1.7994e-01
6072.4785 1.7443e-01
6074.2998 1.8152e-01
6076.1221 1.7166e-01
6077.9448 1.6124e-01
6079.7681 1.5499e-01
6081.5918 1.7615e-01
6083.4160 1.6523e-01
6085.2417 1.5737e-01
6087.0664 1.5581e-01
6088.8936 1.7717e-01
6090.7197 1.5787e-01
6092.5469 1.6084e-01
6094.3745 1.4687e-01
6096.2031 1.4695e-01
6098.0327 1.4796e-01
6099.8613 1.5663e-01
6101.6914 1.8062e-01
6103.5220 1.7958e-01
6105.3530 1.6165e-01
6107.1846 1.6279e-01
6109.0171 1.7065e-01
6110.8496 1.6593e-01
6112.6831 1.5919e-01
6114.5166 1.6400e-01
6116.3511 1.7059e-01
6118.1855 1.4503e-01
6120.0210 1.7327e-01
6121.8574 1.6397e-01
6123.6938 1.5413e-01
6125.5308 1.6773e-01
6127.3687 1.6536e-01
6129.2065 1.7327e-01
6131.0454 1.6285e-01
6132.8843 1.6146e-01
6134.7246 1.5669e-01
6136.5649 1.6918e-01
6138.4062 1.6474e-01
6140.2476 1.6374e-01
6142.0894 1.4411e-01
6143.9316 1.7750e-01
6145.7759 1.4032e-01
6147.6191 1.5213e-01
6149.4634 1.4045e-01
6151.3081 1.6294e-01
6153.1538 1.5184e-01
6155.0000 1.5537e-01
6156.8462 1.4882e-01
6158.6934 1.5299e-01
6160.5410 1.6684e-01
6162.3892 1.6197e-01
6164.2373 1.6609e-01
6166.0869 1.5195e-01
6167.9370 1.6910e-01
6169.7871 1.4440e-01
6171.6387 1.5276e-01
6173.4897 1.5920e-01
6175.3413 1.7555e-01
6177.1938 1.5300e-01
6179.0474 1.5237e-01
6180.9009 1.5562e-01
6182.7549 1.4934e-01
6184.6104 1.4064e-01
6186.4653 1.4071e-01
6188.3213 1.3365e-01
6190.1782 1.6276e-01
6192.0356 1.5528e-01
6193.8931 1.5676e-01
6195.7505 1.4222e-01
6197.6099 1.4976e-01
6199.4688 1.5891e-01
6201.3281 1.4446e-01
6203.1895 1.3083e-01
6205.0498 1.4328e-01
6206.9121 1.4927e-01
6208.7739 1.3975e-01
6210.6367 1.5611e-01
6212.4995 1.4591e-01
6214.3633 1.3263e-01
6216.2275 1.3347e-01
6218.0923 1.4423e-01
6219.9575 1.5911e-01
6221.8237 1.3315e-01
6223.6904 1.4278e-01
6225.5576 1.3633e-01
6227.4258 1.4135e-01
6229.2935 1.2867e-01
6231.1621 1.2657e-01
6233.0317 1.3516e-01
6234.9019 1.3851e-01
6236.7720 1.1560e-01
6238.6431 1.1854e-01
6240.5146 1.1792e-01
6242.3867 1.3425e-01
6244.2598 1.2038e-01
6246.1323 1.1107e-01
6248.0063 1.2251e-01
6249.8813 1.0847e-01
6251.7559 1.3924e-01
6253.6313 1.1632e-01
6255.5073 9.9128e-02
6257.3843 1.1942e-01
6259.2617 1.0281e-01
6261.1392 1.1024e-01
6263.0176 1.1462e-01
6264.8970 1.0938e-01
6266.7759 1.0665e-01
6268.6562 8.9448e-02
6270.5361 1.0209e-01
6272.4180 1.0777e-01
6274.2993 1.1865e-01
6276.1816 1.3075e-01
6278.0645 9.0935e-02
6279.9478 9.6266e-02
6281.8320 1.1681e-01
6283.7168 9.2740e-02
6285.6021 9.1836e-02
6287.4868 9.6477e-02
6289.3740 1.0954e-01
6291.2603 1.0126e-01
6293.1475 9.0534e-02
6295.0352 1.0558e-01
6296.9238 9.2650e-02
6298.8130 8.3018e-02
6300.7026 9.2974e-02
6302.5933 8.9553e-02
6304.4839 9.7931e-02
6306.3755 9.1745e-02
6308.2676 1.1079e-01
6310.1597 9.0941e-02
6312.0527 9.2015e-02
6313.9468 9.0840e-02
6315.8398 9.2715e-02
6317.7349 8.7839e-02
6319.6304 8.8857e-02
6321.5269 1.1276e-01
6323.4233 8.8797e-02
6325.3198 1.0681e-01
6327.2178 1.0848e-01
6329.1157 8.5930e-02
6331.0146 8.9676e-02
6332.9131 1.0952e-01
6334.8140 1.0374e-01
6336.7139 9.6542e-02
6338.6147 1.0384e-01
6340.5166 9.8256e-02
6342.4189 1.0142e-01
6344.3213 1.0424e-01
6346.2246 1.0872e-01
6348.1284 1.0150e-01
6350.0332 1.0679e-01
6351.9380 9.9180e-02
6353.8442 1.0664e-01
6355.7500 9.9917e-02
6357.6572 1.0373e-01
6359.5645 1.1737e-01
6361.4717 9.5922e-02
6363.3804 1.1713e-01
6365.2891 1.1146e-01
6367.1987 1.2340e-01
6369.1089 1.0944e-01
6371.0200 1.2013e-01
6372.9312 1.1238e-01
6374.8428 1.3461e-01
6376.7549 1.1435e-01
6378.6685 1.1389e-01
6380.5820 1.2138e-01
6382.4966 1.2396e-01
6384.4111 1.2131e-01
6386.3257 1.2687e-01
6388.2422 1.2510e-01
6390.1587 1.1788e-01
6392.0752 1.1873e-01
6393.9932 1.2635e-01
6395.9116 1.2608e-01
6397.8301 1.1178e-01
6399.7490 1.2028e-01
6401.6694 1.1395e-01
6403.5898 1.3514e-01
6405.5112 1.1019e-01
6407.4331 1.3610e-01
6409.3545 1.1935e-01
6411.2778 1.2058e-01
6413.2012 1.2613e-01
6415.1250 1.1703e-01
6417.0493 1.0623e-01
6418.9741 1.2112e-01
6420.9004 1.4041e-01
6422.8262 1.2003e-01
6424.7534 1.1210e-01
6426.6812 1.2426e-01
6428.6094 1.0696e-01
6430.5381 1.0488e-01
6432.4668 1.2311e-01
6434.3960 1.3070e-01
6436.3267 1.0731e-01
6438.2578 1.2967e-01
6440.1895 1.3682e-01
6442.1216 1.3400e-01
6444.0537 1.3912e-01
6445.9868 1.1559e-01
6447.9209 1.2717e-01
6449.8550 1.2406e-01
6451.7905 1.1294e-01
6453.7256 1.2323e-01
6455.6621 1.2246e-01
6457.5986 1.2318e-01
6459.5356 1.1724e-01
6461.4741 1.3300e-01
6463.4121 1.0902e-01
6465.3506 1.1925e-01
6467.2905 1.0572e-01
6469.2310 1.0829e-01
6471.1719 1.2887e-01
6473.1128 1.1184e-01
6475.0552 1.3631e-01
6476.9976 1.1077e-01
6478.9409 9.8450e-02
6480.8848 1.2499e-01
6482.8286 1.0382e-01
6484.7739 1.2103e-01
6486.7192 1.2468e-01
6488.6650 1.3504e-01
6490.6113 1.3092e-01
6492.5581 1.2544e-01
6494.5063 1.2101e-01
6496.4546 1.1275e-01
6498.4038 1.3401e-01
6500.3535 1.2764e-01
6502.3032 1.2815e-01
6504.2539 1.0689e-01
6506.2056 1.0321e-01
6508.1572 1.1420e-01
6510.1099 1.2881e-01
6512.0625 1.0545e-01
6514.0166 1.2536e-01
6515.9702 1.1313e-01
6517.9258 1.3070e-01
6519.8809 1.0927e-01
6521.8364 1.1927e-01
6523.7930 1.0702e-01
6525.7505 9.5106e-02
6527.7075 1.1809e-01
6529.6665 1.0750e-01
6531.6255 1.1012e-01
6533.5845 1.0118e-01
6535.5449 1.1403e-01
6537.5054 1.0061e-01
6539.4668 1.2160e-01
6541.4282 1.0162e-01
6543.3911 8.4389e-02
6545.3545 1.3143e-01
6547.3179 1.1562e-01
6549.2817 1.2059e-01
6551.2466 9.6025e-02
6553.2124 8.7847e-02
6555.1777 1.0008e-01
6557.1445 1.0579e-01
6559.1113 1.0903e-01
6561.0796 9.9710e-02
6563.0479 1.0455e-01
6565.0166 1.0878e-01
6566.9863 9.6658e-02
6568.9561 1.0614e-01
6570.9268 1.1655e-01
6572.8979 9.7699e-02
6574.8701 1.1824e-01
6576.8423 1.0846e-01
6578.8154 1.1250e-01
6580.7896 1.2632e-01
6582.7632 9.9447e-02
6584.7383 1.1613e-01
6586.7139 1.1372e-01
6588.6895 1.1133e-01
6590.6660 1.0539e-01
6592.6431 1.0512e-01
6594.6211 9.9160e-02
6596.5996 1.1621e-01
6598.5791 8.4703e-02
6600.5581 1.0106e-01
6602.5386 1.1518e-01
6604.5190 1.2209e-01
6606.5005 1.1026e-01
6608.4824 1.1279e-01
6610.4648 9.8465e-02
6612.4482 9.2394e-02
6614.4326 9.4884e-02
6616.4160 9.1567e-02
6618.4009 1.0272e-01
6620.3867 1.0059e-01
6622.3730 1.0213e-01
6624.3594 1.0357e-01
6626.3467 9.2089e-02
6628.3350 1.1152e-01
6630.3232 1.0613e-01
6632.3125 1.1821e-01
6634.3022 1.0127e-01
6636.2920 9.1265e-02
6638.2827 9.4790e-02
6640.2744 9.5160e-02
6642.2671 9.8798e-02
6644.2593 8.8546e-02
6646.2529 9.0838e-02
6648.2471 1.1093e-01
6650.2412 8.6297e-02
6652.2358 9.1512e-02
6654.2314 9.6965e-02
6656.2280 1.0149e-01
6658.2251 8.8794e-02
6660.2222 9.1719e-02
6662.2207 1.0878e-01
6664.2197 8.6392e-02
6666.2178 9.0953e-02
6668.2178 1.0190e-01
6670.2188 8.5548e-02
6672.2192 1.0695e-01
6674.2212 9.0243e-02
6676.2241 1.1345e-01
6678.2266 8.0565e-02
6680.2300 9.9558e-02
6682.2334 8.7071e-02
6684.2388 9.7211e-02
6686.2446 8.8559e-02
6688.2500 7.7799e-02
6690.2563 8.6708e-02
6692.2627 8.8506e-02
6694.2715 7.7669e-02
6696.2793 8.2437e-02
6698.2881 8.5415e-02
6700.2979 7.9619e-02
6702.3081 8.5004e-02
6704.3188 6.7787e-02
6706.3301 7.4029e-02
6708.3418 7.3299e-02
6710.3545 9.4394e-02
6712.3672 6.7939e-02
6714.3809 8.1448e-02
6716.3955 7.0150e-02
6718.4106 7.5879e-02
6720.4263 7.2553e-02
6722.4419 7.9474e-02
6724.4585 8.7038e-02
6726.4756 6.0171e-02
6728.4946 7.5621e-02
6730.5127 7.5953e-02
6732.5312 7.4744e-02
6734.5513 7.1658e-02
6736.5718 7.4093e-02
6738.5923 6.4412e-02
6740.6152 8.0185e-02
6742.6367 8.2614e-02
6744.6587 8.5523e-02
6746.6831 6.7493e-02
6748.7065 7.8205e-02
6750.7310 8.0189e-02
6752.7563 6.5459e-02
6754.7822 8.6476e-02
6756.8091 6.4604e-02
6758.8359 7.4882e-02
6760.8633 8.3208e-02
6762.8916 6.5249e-02
6764.9209 6.6265e-02
6766.9502 7.1041e-02
6768.9805 7.9684e-02
6771.0107 5.6759e-02
6773.0425 6.3318e-02
6775.0742 6.6938e-02
6777.1064 7.6662e-02
6779.1401 6.2845e-02
6781.1733 7.4811e-02
6783.2080 6.7602e-02
6785.2427 8.1883e-02
6787.2783 8.0363e-02
6789.3149 6.4906e-02
6791.3516 5.8590e-02
6793.3887 6.1333e-02
6795.4272 7.4708e-02
6797.4653 6.7175e-02
6799.5049 5.4763e-02
6801.5444 7.0280e-02
6803.5854 7.3389e-02
6805.6260 6.3208e-02
6807.6685 7.0258e-02
6809.7100 4.9142e-02
6811.7534 6.4084e-02
6813.7964 6.3586e-02
6815.8408 7.9351e-02
6817.8853 6.1903e-02
6819.9312 7.6848e-02
6821.9771 7.0629e-02
6824.0234 6.3083e-02
6826.0703 5.4158e-02
6828.1182 5.7859e-02
6830.1670 6.3470e-02
6832.2163 7.2041e-02
6834.2651 5.0304e-02
6836.3154 5.8628e-02
6838.3667 7.7571e-02
6840.4180 6.1471e-02
6842.4702 5.6047e-02
6844.5229 6.4697e-02
6846.5762 6.4495e-02
6848.6304 5.8080e-02
6850.6851 5.7431e-02
6852.7402 7.2683e-02
6854.7959 6.4902e-02
6856.8525 6.4998e-02
6858.9097 5.2101e-02
6860.9668 5.8842e-02
6863.0254 5.4917e-02
6865.0845 5.9363e-02
6867.1440 6.5372e-02
6869.2041 6.1260e-02
6871.2646 6.3220e-02
6873.3257 5.6553e-02
6875.3882 6.3847e-02
6877.4512 4.8260e-02
6879.5137 6.8176e-02
6881.5781 5.8047e-02
6883.6421 5.1593e-02
6885.7075 6.1595e-02
6887.7729 4.2492e-02
6889.8394 5.7368e-02
6891.9062 5.2656e-02
6893.9746 5.9877e-02
6896.0425 6.2152e-02
6898.1113 6.1107e-02
6900.1802 6.5996e-02
6902.2505 6.4593e-02
6904.3213 5.7349e-02
6906.3926 5.6393e-02
6908.4648 5.5452e-02
6910.5366 5.3856e-02
6912.6099 5.2987e-02
6914.6841 5.6743e-02
6916.7588 5.0877e-02
6918.8335 6.4833e-02
6920.9092 5.6112e-02
6922.9849 5.1446e-02
6925.0620 5.8808e-02
6927.1401 5.4530e-02
6929.2178 5.4126e-02
6931.2964 5.2321e-02
6933.3760 7.3577e-02
6935.4561 6.9725e-02
6937.5371 6.2208e-02
6939.6182 5.4107e-02
6941.7002 5.2776e-02
6943.7822 4.5899e-02
6945.8657 6.3218e-02
6947.9487 5.1545e-02
6950.0337 4.7265e-02
6952.1182 5.7231e-02
6954.2046 4.4471e-02
6956.2905 5.3118e-02
6958.3779 4.6715e-02
6960.4644 5.8092e-02
6962.5527 4.8568e-02
6964.6421 6.3094e-02
6966.7314 6.4102e-02
6968.8208 4.4708e-02
6970.9116 5.9550e-02
6973.0029 5.5705e-02
6975.0947 5.7791e-02
6977.1880 4.5464e-02
6979.2803 5.5491e-02
6981.3745 5.0739e-02
6983.4692 5.9733e-02
6985.5635 5.5374e-02
6987.6602 5.4451e-02
6989.7559 5.1285e-02
6991.8525 5.2636e-02
6993.9507 5.6965e-02
6996.0488 4.8601e-02
6998.1479 5.9955e-02
7000.2471 5.5165e-02
7002.3467 5.2258e-02
7004.4468 6.0266e-02
7006.5488 5.9681e-02
7008.6514 5.5119e-02
7010.7529 5.5568e-02
7012.8564 4.2531e-02
7014.9609 5.8820e-02
7017.0654 6.0251e-02
7019.1699 5.6509e-02
7021.2759 4.9492e-02
7023.3823 5.7396e-02
7025.4893 5.9918e-02
7027.5977 5.8538e-02
7029.7051 4.6474e-02
7031.8145 4.5644e-02
7033.9238 5.0450e-02
7036.0337 6.3663e-02
7038.1450 6.7366e-02
7040.2559 5.5610e-02
7042.3687 5.0750e-02
7044.4805 4.2754e-02
7046.5938 5.3589e-02
7048.7080 3.6995e-02
7050.8228 5.0263e-02
7052.9385 5.3094e-02
7055.0542 6.3379e-02
7057.1704 4.9808e-02
7059.2881 5.0552e-02
7061.4053 5.2357e-02
7063.5234 5.9668e-02
7065.6431 5.1699e-02
7067.7627 4.6889e-02
7069.8828 5.9066e-02
7072.0039 4.9276e-02
7074.1255 4.9877e-02
7076.2476 4.0661e-02
7078.3706 5.4921e-02
7080.4937 5.4270e-02
7082.6187 5.1837e-02
7084.7432 4.7891e-02
7086.8687 5.5615e-02
7088.9946 5.8596e-02
7091.1216 5.2451e-02
7093.2490 5.0837e-02
7095.3765 4.9049e-02
7097.5049 4.1586e-02
7099.6348 5.4614e-02
7101.7642 6.0995e-02
7103.8945 4.4272e-02
7106.0264 5.6968e-02
7108.1582 4.3867e-02
7110.2905 4.7150e-02
7112.4229 5.0320e-02
7114.5571 5.1498e-02
7116.6914 5.2831e-02
7118.8262 4.2252e-02
7120.9619 5.8425e-02
7123.0986 5.2365e-02
7125.2354 5.3462e-02
7127.3730 5.6230e-02
7129.5112 6.0799e-02
7131.6499 4.6581e-02
7133.7896 5.0484e-02
7135.9292 4.9358e-02
7138.0703 5.1953e-02
7140.2119 5.2577e-02
7142.3540 5.4396e-02
7144.4966 3.6522e-02
7146.6396 7.0988e-02
7148.7842 4.5731e-02
7150.9287 5.5668e-02
7153.0742 4.6060e-02
7155.2197 4.8423e-02
7157.3667 5.6908e-02
7159.5137 4.2865e-02
7161.6616 5.3305e-02
7163.8101 6.0014e-02
7165.9590 5.3812e-02
7168.1089 3.6799e-02
7170.2593 6.2029e-02
7172.4102 4.6450e-02
7174.5625 4.4531e-02
7176.7144 4.7750e-02
7178.8672 6.0143e-02
7181.0210 4.7559e-02
7183.1753 4.0284e-02
7185.3306 5.5367e-02
7187.4858 4.4171e-02
7189.6421 5.2356e-02
7191.7988 4.6200e-02
7193.9565 4.8760e-02
7196.1147 4.8725e-02
7198.2734 5.3919e-02
7200.4336 4.6717e-02
7202.5928 5.4177e-02
7204.7539 5.4699e-02
7206.9155 5.1184e-02
7209.0771 4.4017e-02
7211.2402 6.0758e-02
7213.4033 5.5733e-02
7215.5674 4.2030e-02
7217.7324 5.1481e-02
7219.8979 5.3695e-02
7222.0635 4.7942e-02
7224.2300 4.1192e-02
7226.3979 5.7892e-02
7228.5654 4.7529e-02
7230.7334 4.7844e-02
7232.9033 5.5027e-02
7235.0728 4.9726e-02
7237.2432 4.7946e-02
7239.4150 4.2793e-02
7241.5864 4.7056e-02
7243.7593 4.2612e-02
7245.9321 5.0237e-02
7248.1060 4.9670e-02
7250.2803 5.4368e-02
7252.4551 4.9338e-02
7254.6313 4.3360e-02
7256.8076 4.6225e-02
7258.9849 4.8801e-02
7261.1626 5.4207e-02
7263.3408 5.0016e-02
7265.5200 4.6238e-02
7267.6992 5.0064e-02
7269.8799 4.9742e-02
7272.0605 3.8671e-02
7274.2422 6.0113e-02
7276.4243 4.7465e-02
7278.6069 3.5499e-02
7280.7910 4.5952e-02
7282.9751 5.9847e-02
7285.1602 4.3536e-02
7287.3452 6.3156e-02
7289.5317 3.8459e-02
7291.7188 5.1354e-02
7293.9067 4.9376e-02
7296.0947 4.2127e-02
7298.2832 5.5062e-02
7300.4727 5.3558e-02
7302.6631 4.7734e-02
7304.8540 4.7839e-02
7307.0454 4.6986e-02
7309.2373 4.9622e-02
7311.4292 3.8202e-02
7313.6235 4.9286e-02
7315.8179 5.4605e-02
7318.0122 4.3270e-02
7320.2075 4.0773e-02
7322.4038 4.8774e-02
7324.6001 4.5565e-02
7326.7979 3.4384e-02
7328.9961 4.5605e-02
7331.1943 5.7819e-02
7333.3936 5.4487e-02
7335.5938 4.1409e-02
7337.7944 4.0991e-02
7339.9956 4.8397e-02
7342.1982 4.7870e-02
7344.4004 3.7401e-02
7346.6035 4.7121e-02
7348.8081 3.0719e-02
7351.0127 4.1214e-02
7353.2183 4.4388e-02
7355.4238 3.7744e-02
7357.6304 4.3831e-02
7359.8374 5.0395e-02
7362.0459 3.4623e-02
7364.2549 4.5381e-02
7366.4634 5.0484e-02
7368.6738 4.6205e-02
7370.8838 4.3206e-02
7373.0957 3.4663e-02
7375.3071 3.6281e-02
7377.5200 3.7127e-02
7379.7334 4.8959e-02
7381.9473 3.6394e-02
7384.1616 3.4107e-02
7386.3770 3.2574e-02
7388.5928 4.0023e-02
7390.8096 4.5245e-02
7393.0264 4.5844e-02
7395.2446 3.9444e-02
7397.4639 3.0479e-02
7399.6826 3.9699e-02
7401.9023 4.1194e-02
7404.1230 3.9228e-02
7406.3438 4.1840e-02
7408.5654 4.2287e-02
7410.7886 4.5076e-02
7413.0122 5.3228e-02
7415.2354 3.9079e-02
7417.4604 3.8015e-02
7419.6855 4.2496e-02
7421.9116 4.3737e-02
7424.1382 4.1529e-02
7426.3652 4.0215e-02
7428.5933 4.8157e-02
7430.8218 3.8505e-02
7433.0513 4.3481e-02
7435.2808 4.2321e-02
7437.5117 3.4446e-02
7439.7432 4.2808e-02
7441.9741 3.9974e-02
7444.2070 4.1547e-02
7446.4404 4.8682e-02
7448.6748 4.1075e-02
7450.9097 4.1310e-02
7453.1440 3.8775e-02
7455.3809 4.1843e-02
7457.6167 4.6976e-02
7459.8545 4.8616e-02
7462.0923 4.1293e-02
7464.3306 3.3054e-02
7466.5698 4.6666e-02
7468.8096 2.4122e-02
7471.0503 4.0451e-02
7473.2920 3.4279e-02
7475.5342 3.3078e-02
7477.7769 3.5733e-02
7480.0205 4.1919e-02
7482.2637 3.6708e-02
7484.5088 4.1474e-02
7486.7539 3.9343e-02
7489.0000 4.3419e-02
7491.2471 3.3205e-02
7493.4937 3.5198e-02
7495.7422 3.2254e-02
7497.9912 3.7352e-02
7500.2402 3.3345e-02
7502.4902 3.8145e-02
7504.7412 5.0295e-02
7506.9927 4.3728e-02
7509.2441 3.4379e-02
7511.4976 4.0192e-02
7513.7510 4.0187e-02
7516.0044 3.5691e-02
7518.2593 4.2117e-02
7520.5151 4.2891e-02
7522.7715 3.6056e-02
7525.0283 4.1156e-02
7527.2861 4.0093e-02
7529.5439 3.8819e-02
7531.8027 2.1455e-02
7534.0620 3.1782e-02
7536.3228 2.7376e-02
7538.5835 4.0086e-02
7540.8447 3.6830e-02
7543.1074 4.0052e-02
7545.3706 3.3936e-02
7547.6338 3.3874e-02
7549.8984 4.1583e-02
7552.1626 3.2181e-02
7554.4292 3.6993e-02
7556.6948 3.6835e-02
7558.9619 3.3196e-02
7561.2295 3.9322e-02
7563.4976 4.3585e-02
7565.7671 4.5664e-02
7568.0366 3.6294e-02
7570.3071 5.2618e-02
7572.5786 4.0884e-02
7574.8511 3.2255e-02
7577.1230 2.7835e-02
7579.3960 4.4018e-02
7581.6694 3.8168e-02
7583.9443 3.3474e-02
7586.2192 3.0575e-02
7588.4956 3.8143e-02
7590.7715 3.1251e-02
7593.0488 3.5890e-02
7595.3262 4.3931e-02
7597.6060 4.4646e-02
7599.8843 3.3596e-02
7602.1641 3.6269e-02
7604.4448 4.1164e-02
7606.7271 3.7030e-02
7609.0093 3.2900e-02
7611.2910 2.6348e-02
7613.5752 3.2995e-02
7615.8589 4.2709e-02
7618.1440 2.9884e-02
7620.4292 3.7321e-02
7622.7153 3.0907e-02
7625.0020 2.7678e-02
7627.2896 3.3067e-02
7629.5781 3.4080e-02
7631.8662 3.7087e-02
7634.1562 3.5457e-02
7636.4468 3.3753e-02
7638.7378 3.7483e-02
7641.0288 3.0458e-02
7643.3213 4.6336e-02
7645.6138 4.2711e-02
7647.9072 3.9373e-02
7650.2021 3.4583e-02
7652.4971 2.9338e-02
7654.7935 3.9595e-02
7657.0894 2.4745e-02
7659.3867 3.3558e-02
7661.6846 3.5226e-02
7663.9829 3.2197e-02
7666.2817 4.0392e-02
7668.5825 3.2551e-02
7670.8823 2.6139e-02
7673.1841 4.0716e-02
7675.4854 3.3095e-02
7677.7891 3.2021e-02
7680.0918 2.6743e-02
7682.3960 3.6855e-02
7684.7002 3.5156e-02
7687.0059 3.6870e-02
7689.3125 3.4168e-02
7691.6191 2.6724e-02
7693.9268 3.5729e-02
7696.2344 3.6315e-02
7698.5430 3.5107e-02
7700.8530 3.7875e-02
7703.1631 3.6294e-02
7705.4746 3.1704e-02
7707.7856 2.7261e-02
7710.0981 4.1823e-02
7712.4111 3.0905e-02
7714.7251 3.2531e-02
7717.0391 2.4257e-02
7719.3540 3.2133e-02
7721.6699 2.3807e-02
7723.9868 3.3024e-02
7726.3042 3.5499e-02
7728.6216 3.6733e-02
7730.9409 2.7751e-02
7733.2593 3.7482e-02
7735.5796 2.8234e-02
7737.9004 3.7855e-02
7740.2217 3.3553e-02
7742.5435 2.6766e-02
7744.8662 2.9147e-02
7747.1895 2.9659e-02
7749.5142 3.9967e-02
7751.8394 3.2396e-02
7754.1650 3.0151e-02
7756.4907 4.1394e-02
7758.8174 3.7156e-02
7761.1450 3.1027e-02
7763.4736 3.6363e-02
7765.8022 3.3756e-02
7768.1323 2.7120e-02
7770.4634 2.8477e-02
7772.7944 2.7553e-02
7775.1260 3.5393e-02
7777.4585 3.7600e-02
7779.7915 2.8178e-02
7782.1260 4.0731e-02
7784.4604 2.7450e-02
7786.7954 2.5429e-02
7789.1318 3.0921e-02
7791.4683 3.2035e-02
7793.8062 3.1545e-02
7796.1436 2.4002e-02
7798.4824 2.7270e-02
7800.8218 2.9941e-02
7803.1626 3.5135e-02
7805.5034 3.3386e-02
7807.8447 3.5612e-02
7810.1880 2.5842e-02
7812.5303 3.9703e-02
7814.8745 3.5328e-02
7817.2192 3.6304e-02
7819.5640 3.3434e-02
7821.9106 3.5679e-02
7824.2559 3.2832e-02
7826.6040 3.1532e-02
7828.9521 2.8700e-02
7831.3003 3.4746e-02
7833.6499 3.3468e-02
7835.9995 4.2210e-02
7838.3511 2.8089e-02
7840.7021 3.5303e-02
7843.0547 2.9384e-02
7845.4077 3.1030e-02
7847.7603 2.9297e-02
7850.1152 3.0350e-02
7852.4702 3.2554e-02
7854.8262 3.3315e-02
7857.1821 3.6978e-02
7859.5396 3.3253e-02
7861.8975 2.8979e-02
7864.2559 3.5262e-02
7866.6157 2.5652e-02
7868.9756 3.7749e-02
7871.3359 3.5843e-02
7873.6978 3.1584e-02
7876.0601 3.1159e-02
7878.4224 3.3814e-02
7880.7856 3.3193e-02
7883.1509 2.9195e-02
7885.5151 3.6327e-02
7887.8809 3.0614e-02
7890.2476 3.3955e-02
7892.6147 3.6016e-02
7894.9814 3.9857e-02
7897.3501 3.4898e-02
7899.7192 2.8183e-02
7902.0898 3.0676e-02
7904.4604 4.6439e-02
7906.8311 3.5924e-02
7909.2036 3.8314e-02
7911.5767 3.6603e-02
7913.9497 3.6846e-02
7916.3247 3.0438e-02
7918.6987 3.7579e-02
7921.0742 3.4915e-02
7923.4512 3.2901e-02
7925.8276 4.9120e-02
7928.2051 2.8874e-02
7930.5845 3.6971e-02
7932.9634 2.6456e-02
7935.3433 3.6453e-02
7937.7236 3.7594e-02
7940.1050 2.5152e-02
7942.4873 3.6037e-02
7944.8701 3.3759e-02
7947.2529 3.6032e-02
7949.6377 2.7456e-02
7952.0225 3.5527e-02
7954.4082 3.5214e-02
7956.7949 3.0594e-02
7959.1807 2.8778e-02
7961.5688 3.4219e-02
7963.9580 3.2035e-02
7966.3462 3.3112e-02
7968.7368 3.3675e-02
7971.1274 3.2376e-02
7973.5181 3.4538e-02
7975.9111 3.8658e-02
7978.3032 3.8721e-02
7980.6973 2.4171e-02
7983.0908 2.9759e-02
7985.4858 4.0104e-02
7987.8823 2.8262e-02
7990.2778 3.5443e-02
7992.6748 3.6892e-02
7995.0728 3.9485e-02
7997.4717 2.6166e-02
7999.8711 3.3412e-02
8002.2710 3.4315e-02
8004.6709 3.8341e-02
8007.0723 3.8413e-02
8009.4746 3.6863e-02
8011.8779 3.5403e-02
8014.2812 3.2613e-02
8016.6855 2.5242e-02
8019.0903 3.5049e-02
8021.4966 4.2683e-02
8023.9028 3.3959e-02
8026.3105 2.7230e-02
8028.7173 4.3388e-02
8031.1260 3.6381e-02
8033.5361 3.0913e-02
8035.9458 2.9126e-02
8038.3569 3.6818e-02
8040.7681 4.1645e-02
8043.1807 3.5016e-02
8045.5933 3.0159e-02
8048.0068 3.2319e-02
8050.4214 4.3011e-02
8052.8364 3.2623e-02
8055.2520 3.7621e-02
8057.6689 3.3883e-02
8060.0864 3.4781e-02
8062.5049 3.1101e-02
8064.9229 3.0629e-02
8067.3423 2.9833e-02
8069.7632 3.0599e-02
8072.1836 3.1126e-02
8074.6050 3.8227e-02
8077.0278 3.6530e-02
8079.4507 3.3750e-02
8081.8745 2.9274e-02
8084.2988 3.1273e-02
8086.7251 2.9094e-02
8089.1509 3.7941e-02
8091.5771 2.7756e-02
8094.0049 4.0806e-02
8096.4331 3.1588e-02
8098.8618 3.5973e-02
8101.2910 3.6574e-02
8103.7217 3.5177e-02
8106.1528 3.5442e-02
8108.5845 3.5418e-02
8111.0171 3.6070e-02
8113.4502 3.0939e-02
8115.8843 2.3608e-02
8118.3188 3.2255e-02
8120.7549 2.9939e-02
8123.1914 3.2610e-02
8125.6284 4.0197e-02
8128.0659 3.1576e-02
8130.5049 3.3261e-02
8132.9438 3.0956e-02
8135.3833 4.1713e-02
8137.8237 4.0159e-02
8140.2651 3.8746e-02
8142.7075 3.4052e-02
8145.1504 3.3863e-02
8147.5938 3.4709e-02
8150.0376 3.8506e-02
8152.4834 4.0024e-02
8154.9292 3.6373e-02
8157.3750 3.9056e-02
8159.8228 3.4279e-02
8162.2705 3.1076e-02
8164.7192 3.3954e-02
8167.1685 3.1353e-02
8169.6187 3.2487e-02
8172.0693 3.7215e-02
8174.5210 2.8229e-02
8176.9736 2.5642e-02
8179.4268 3.3184e-02
8181.8809 2.4687e-02
8184.3350 3.2985e-02
8186.7900 2.8820e-02
8189.2456 3.1351e-02
8191.7031 2.6882e-02
8194.1602 3.2031e-02
8196.6191 2.4369e-02
8199.0781 2.6734e-02
8201.5371 3.5440e-02
8203.9980 3.1364e-02
8206.4590 2.9391e-02
8208.9219 2.7493e-02
8211.3838 3.2517e-02
8213.8477 3.1207e-02
8216.3115 2.8332e-02
8218.7764 2.7331e-02
8221.2422 2.7138e-02
8223.7090 4.0798e-02
8226.1758 3.7176e-02
8228.6436 3.8894e-02
8231.1123 3.2466e-02
8233.5811 3.5772e-02
8236.0518 2.3522e-02
8238.5215 2.7650e-02
8240.9932 3.2911e-02
8243.4658 3.4557e-02
8245.9395 3.2844e-02
8248.4131 3.5323e-02
8250.8877 2.8345e-02
8253.3623 3.6822e-02
8255.8389 2.9406e-02
8258.3154 3.4766e-02
8260.7920 3.7328e-02
8263.2715 3.1835e-02
8265.7500 3.8069e-02
8268.2305 4.1145e-02
8270.7100 2.8323e-02
8273.1914 4.2630e-02
8275.6738 4.2330e-02
8278.1553 3.2192e-02
8280.6396 3.7895e-02
8283.1240 3.4969e-02
8285.6094 2.7505e-02
8288.0947 3.2216e-02
8290.5811 2.9790e-02
8293.0674 3.4928e-02
8295.5557 3.6922e-02
8298.0449 3.0729e-02
8300.5352 1.9916e-02
8303.0234 3.8136e-02
8305.5156 3.0411e-02
8308.0068 2.3045e-02
8310.5000 3.4056e-02
8312.9922 2.9099e-02
8315.4863 2.7450e-02
8317.9805 2.8950e-02
8320.4766 3.5577e-02
8322.9717 2.3330e-02
8325.4697 4.1043e-02
8327.9668 2.8901e-02
8330.4658 4.6602e-02
8332.9639 4.4165e-02
8335.4648 3.5624e-02
8337.9648 3.3065e-02
8340.4668 3.7590e-02
8342.9688 4.4174e-02
8345.4717 4.5749e-02
8347.9746 2.3130e-02
8350.4795 3.2814e-02
8352.9844 3.2681e-02
8355.4902 3.4122e-02
8357.9971 3.7065e-02
8360.5039 2.7188e-02
8363.0127 3.4923e-02
8365.5215 3.9839e-02
8368.0312 3.4064e-02
8370.5420 3.3948e-02
8373.0527 3.3493e-02
8375.5654 3.9019e-02
8378.0771 4.0648e-02
8380.5908 3.9736e-02
8383.1045 4.1552e-02
8385.6191 3.7750e-02
8388.1348 4.6771e-02
8390.6523 3.8890e-02
8393.1689 4.0367e-02
8395.6865 4.2310e-02
8398.2061 3.9455e-02
8400.7246 3.1769e-02
8403.2461 3.8673e-02
8405.7666 3.2585e-02
8408.2881 3.9414e-02
8410.8105 3.9043e-02
8413.3340 4.4090e-02
8415.8584 3.5573e-02
8418.3818 3.6842e-02
8420.9082 4.1117e-02
8423.4346 3.0276e-02
8425.9609 4.0435e-02
8428.4893 3.5460e-02
8431.0186 4.6206e-02
8433.5479 4.4660e-02
8436.0771 3.7065e-02
8438.6074 3.6618e-02
8441.1396 3.9695e-02
8443.6729 3.4037e-02
8446.2051 3.7644e-02
8448.7383 4.2557e-02
8451.2734 4.0725e-02
8453.8086 3.3320e-02
8456.3457 4.7373e-02
8458.8828 4.1434e-02
8461.4199 3.6296e-02
8463.9580 4.1559e-02
8466.4971 4.4617e-02
8469.0371 4.3511e-02
8471.5781 4.0461e-02
8474.1191 3.3696e-02
8476.6621 4.5068e-02
8479.2051 4.3068e-02
8481.7480 4.4342e-02
8484.2930 4.2110e-02
8486.8379 4.3026e-02
8489.3848 4.6541e-02
8491.9316 4.6833e-02
8494.4795 3.5804e-02
8497.0264 4.3023e-02
8499.5762 3.7961e-02
8502.1260 4.3465e-02
8504.6777 4.1801e-02
8507.2285 3.6283e-02
8509.7803 4.1654e-02
8512.3330 3.7965e-02
8514.8857 3.9862e-02
8517.4414 4.2188e-02
8519.9961 3.8503e-02
8522.5527 4.3343e-02
8525.1094 4.0312e-02
8527.6670 4.1856e-02
8530.2246 4.6999e-02
8532.7842 4.2796e-02
8535.3438 4.4482e-02
8537.9053 4.2864e-02
8540.4668 5.2861e-02
8543.0273 4.6978e-02
8545.5908 5.2995e-02
8548.1543 4.1156e-02
8550.7188 4.2820e-02
8553.2842 4.9275e-02
8555.8496 4.8920e-02
8558.4170 4.5626e-02
8560.9844 5.7083e-02
8563.5527 5.5779e-02
8566.1221 4.7431e-02
8568.6914 3.4649e-02
8571.2617 5.3174e-02
8573.8350 4.3164e-02
8576.4062 4.6567e-02
8578.9785 4.9660e-02
8581.5527 5.2758e-02
8584.1270 4.6630e-02
8586.7031 4.9964e-02
8589.2783 4.7768e-02
8591.8555 3.8691e-02
8594.4326 5.0521e-02
8597.0117 4.8164e-02
8599.5898 3.8944e-02
8602.1699 4.8978e-02
8604.7500 4.3875e-02
8607.3320 4.8426e-02
8609.9150 4.7398e-02
8612.4971 6.0976e-02
8615.0811 5.3810e-02
8617.6660 5.3036e-02
8620.2500 4.4183e-02
8622.8369 4.4639e-02
8625.4229 5.7794e-02
8628.0117 4.8292e-02
8630.6006 5.3720e-02
8633.1885 4.5028e-02
8635.7793 4.4718e-02
8638.3711 5.2669e-02
8640.9609 4.4851e-02
8643.5527 4.4489e-02
8646.1465 5.0149e-02
8648.7393 4.6215e-02
8651.3350 3.5343e-02
8653.9307 4.8361e-02
8656.5264 6.2244e-02
8659.1230 3.6351e-02
8661.7207 4.3774e-02
8664.3203 4.2668e-02
8666.9189 4.5114e-02
8669.5186 3.4865e-02
8672.1201 4.6338e-02
8674.7217 5.3463e-02
8677.3242 4.4688e-02
8679.9277 4.1662e-02
8682.5312 3.7589e-02
8685.1367 4.0746e-02
8687.7412 4.5516e-02
8690.3477 5.5197e-02
8692.9551 4.3658e-02
8695.5625 3.7978e-02
8698.1709 4.6878e-02
8700.7803 3.5828e-02
8703.3916 3.3744e-02
8706.0020 4.8749e-02
8708.6133 4.8927e-02
8711.2266 4.2163e-02
8713.8398 5.5260e-02
8716.4541 3.7236e-02
8719.0684 4.0961e-02
8721.6846 4.5009e-02
8724.3018 4.4641e-02
8726.9189 4.0096e-02
8729.5371 4.9474e-02
8732.1553 4.5153e-02
8734.7754 4.6737e-02
8737.3955 4.1329e-02
8740.0166 4.0717e-02
8742.6387 4.3072e-02
8745.2607 3.9478e-02
8747.8848 5.2457e-02
8750.5098 4.7596e-02
8753.1348 4.0988e-02
8755.7607 3.8917e-02
8758.3867 3.7548e-02
8761.0146 4.2290e-02
8763.6436 5.5138e-02
8766.2715 5.2352e-02
8768.9023 3.8820e-02
8771.5322 4.1629e-02
8774.1641 4.4117e-02
8776.7959 4.2675e-02
8779.4287 3.9178e-02
8782.0635 4.3514e-02
8784.6982 4.9942e-02
8787.3330 4.1437e-02
8789.9697 4.8128e-02
8792.6074 4.2607e-02
8795.2451 4.0949e-02
8797.8838 4.7367e-02
8800.5234 4.6590e-02
8803.1621 4.3143e-02
8805.8027 4.6163e-02
8808.4453 4.6716e-02
8811.0879 4.1463e-02
8813.7314 4.0994e-02
8816.3750 4.4769e-02
8819.0205 4.3413e-02
8821.6660 3.7774e-02
8824.3125 4.4768e-02
8826.9590 3.8480e-02
8829.6084 4.1888e-02
8832.2568 4.7250e-02
8834.9062 5.0075e-02
8837.5557 4.6245e-02
8840.2080 3.7350e-02
8842.8594 3.8709e-02
8845.5127 4.0398e-02
8848.1670 3.6751e-02
8850.8213 3.7776e-02
8853.4766 4.1775e-02
8856.1328 3.4628e-02
8858.7881 5.4854e-02
8861.4463 3.7481e-02
8864.1045 4.0171e-02
8866.7646 4.0778e-02
8869.4238 4.4837e-02
8872.0850 3.8894e-02
8874.7471 4.0841e-02
8877.4092 4.3116e-02
8880.0732 3.5234e-02
8882.7373 3.9753e-02
8885.4014 4.4459e-02
8888.0674 3.6132e-02
8890.7334 3.8372e-02
8893.4004 3.5783e-02
8896.0684 4.9660e-02
8898.7373 4.0021e-02
8901.4072 4.5920e-02
8904.0771 3.9333e-02
8906.7480 3.3489e-02
8909.4199 3.2351e-02
8912.0938 4.4840e-02
8914.7676 3.9091e-02
8917.4414 3.9481e-02
8920.1172 3.4966e-02
8922.7930 3.4528e-02
8925.4697 3.7157e-02
8928.1475 3.8854e-02
8930.8262 3.4859e-02
8933.5049 4.2092e-02
8936.1855 4.0524e-02
8938.8652 4.2116e-02
8941.5469 3.8639e-02
8944.2295 2.9926e-02
8946.9141 3.4566e-02
8949.5977 4.5109e-02
8952.2822 3.6975e-02
8954.9678 3.2680e-02
8957.6553 3.6147e-02
8960.3418 3.7765e-02
8963.0293 3.3532e-02
8965.7178 2.9847e-02
8968.4082 3.1512e-02
8971.0986 3.6633e-02
8973.7910 3.5712e-02
8976.4824 3.7053e-02
8979.1748 3.3180e-02
8981.8691 3.6019e-02
8984.5635 4.0605e-02
8987.2588 2.3488e-02
8989.9551 4.2940e-02
8992.6523 3.8713e-02
8995.3506 3.3744e-02
8998.0488 3.6104e-02
9000.7480 3.8655e-02
9003.4482 3.1651e-02
9006.1494 3.2338e-02
9008.8516 4.1223e-02
9011.5537 2.9823e-02
9014.2578 3.2632e-02
9016.9609 2.7676e-02
9019.6660 4.0811e-02
9022.3721 3.7124e-02
9025.0791 3.2772e-02
9027.7871 3.1266e-02
9030.4951 3.3429e-02
9033.2051 3.7223e-02
9035.9150 3.6545e-02
9038.6260 3.8625e-02
9041.3369 4.2383e-02
9044.0498 3.8093e-02
9046.7627 2.9661e-02
9049.4766 2.6580e-02
9052.1914 3.6786e-02
9054.9072 2.3398e-02
9057.6240 3.4963e-02
9060.3398 2.5373e-02
9063.0586 3.6105e-02
9065.7773 2.3995e-02
9068.4971 3.0968e-02
9071.2168 2.3555e-02
9073.9395 3.3001e-02
9076.6611 3.2412e-02
9079.3848 3.8406e-02
9082.1074 3.4130e-02
9084.8330 3.1543e-02
9087.5576 2.7802e-02
9090.2832 3.0108e-02
9093.0117 3.5199e-02
9095.7393 3.2081e-02
9098.4688 2.8878e-02
9101.1973 3.7735e-02
9103.9287 2.6166e-02
9106.6592 3.2136e-02
9109.3906 2.8864e-02
9112.1250 2.5220e-02
9114.8584 2.9171e-02
9117.5928 2.9644e-02
9120.3271 2.7610e-02
9123.0635 3.3102e-02
9125.8008 2.6428e-02
9128.5391 2.9666e-02
9131.2764 2.8310e-02
9134.0156 3.1689e-02
9136.7568 2.8781e-02
9139.4980 3.1217e-02
9142.2383 2.8863e-02
9144.9814 2.7166e-02
9147.7266 2.4805e-02
9150.4707 2.4278e-02
9153.2158 2.8180e-02
9155.9609 3.1608e-02
9158.7070 2.5488e-02
9161.4551 2.4051e-02
9164.2041 2.6827e-02
9166.9531 2.3255e-02
9169.7031 3.1172e-02
9172.4541 2.7512e-02
9175.2051 2.8402e-02
9177.9580 2.4066e-02
9180.7109 2.2311e-02
9183.4668 2.8896e-02
9186.2207 2.1217e-02
9188.9766 2.8495e-02
9191.7334 3.8762e-02
9194.4912 2.6170e-02
9197.2490 3.0709e-02
9200.0088 1.8724e-02
9202.7686 2.9092e-02
9205.5293 2.1830e-02
9208.2920 3.1620e-02
9211.0527 2.4353e-02
9213.8164 3.4034e-02
9216.5811 2.3957e-02
9219.3467 3.3260e-02
9222.1113 2.5436e-02
9224.8789 2.5728e-02
9227.6455 2.5186e-02
9230.4141 2.8216e-02
9233.1836 3.0551e-02
9235.9531 3.0537e-02
9238.7246 2.9896e-02
9241.4951 2.2804e-02
9244.2686 2.6198e-02
9247.0410 3.2831e-02
9249.8154 2.3810e-02
9252.5908 2.7348e-02
9255.3652 2.5528e-02
9258.1426 2.8982e-02
9260.9209 2.6659e-02
9263.6992 2.6348e-02
9266.4775 2.1695e-02
9269.2568 2.1400e-02
9272.0381 2.5047e-02
9274.8203 2.5100e-02
9277.6025 2.1504e-02
9280.3857 1.7283e-02
9283.1709 2.4118e-02
9285.9541 2.0973e-02
9288.7402 2.2481e-02
9291.5264 2.7133e-02
9294.3135 1.9359e-02
9297.1025 2.2050e-02
9299.8926 3.3384e-02
9302.6816 2.8468e-02
9305.4727 2.0715e-02
9308.2646 2.1434e-02
9311.0566 2.5417e-02
9313.8506 1.8588e-02
9316.6436 2.2340e-02
9319.4395 3.2223e-02
9322.2354 1.9355e-02
9325.0322 2.2135e-02
9327.8291 3.1670e-02
9330.6279 2.3146e-02
9333.4277 2.8361e-02
9336.2266 2.5063e-02
9339.0283 2.2300e-02
9341.8291 2.1432e-02
9344.6318 2.8738e-02
9347.4355 2.5530e-02
9350.2402 2.9429e-02
9353.0449 2.3471e-02
9355.8516 2.5626e-02
9358.6572 2.3654e-02
9361.4658 2.5362e-02
9364.2734 2.8980e-02
9367.0830 2.3046e-02
9369.8936 1.6071e-02
9372.7041 2.3191e-02
9375.5156 2.2732e-02
9378.3291 1.7703e-02
9381.1416 1.9972e-02
9383.9561 1.7931e-02
9386.7715 2.7149e-02
9389.5879 1.9586e-02
9392.4043 2.1795e-02
9395.2217 2.8411e-02
9398.0400 2.5508e-02
9400.8594 2.4767e-02
9403.6807 2.7348e-02
9406.5020 2.0172e-02
9409.3242 1.7667e-02
9412.1465 2.2548e-02
9414.9707 2.0162e-02
9417.7939 2.4139e-02
9420.6201 2.0561e-02
9423.4453 2.0972e-02
9426.2725 2.1971e-02
9429.1006 1.7909e-02
9431.9287 2.4852e-02
9434.7588 1.9253e-02
9437.5898 2.4025e-02
9440.4209 1.6373e-02
9443.2529 2.3923e-02
9446.0859 2.1124e-02
9448.9199 2.3796e-02
9451.7549 2.6836e-02
9454.5889 1.9489e-02
9457.4268 1.9979e-02
9460.2637 2.7058e-02
9463.1016 2.4670e-02
9465.9414 2.0289e-02
9468.7803 1.8129e-02
9471.6211 2.1007e-02
9474.4629 2.3952e-02
9477.3047 2.0910e-02
9480.1484 1.4033e-02
9482.9922 2.3960e-02
9485.8369 1.9002e-02
9488.6836 1.7175e-02
9491.5303 1.9543e-02
9494.3760 1.9480e-02
9497.2256 2.2347e-02
9500.0742 1.8525e-02
9502.9238 1.5602e-02
9505.7754 1.9734e-02
9508.6270 2.1688e-02
9511.4805 1.6960e-02
9514.3320 2.2119e-02
9517.1875 2.4956e-02
9520.0420 1.3974e-02
9522.8984 1.4827e-02
9525.7559 2.1727e-02
9528.6133 1.7098e-02
9531.4717 1.6777e-02
9534.3311 2.1167e-02
9537.1914 2.4032e-02
9540.0518 2.4384e-02
9542.9150 1.4737e-02
9545.7773 2.1729e-02
9548.6416 1.8615e-02
9551.5059 1.9805e-02
9554.3711 2.6520e-02
9557.2373 1.7895e-02
9560.1045 1.4429e-02
9562.9727 2.1593e-02
9565.8418 1.6811e-02
9568.7109 2.1733e-02
9571.5820 1.6464e-02
9574.4531 1.7070e-02
9577.3252 1.8994e-02
9580.1992 1.5791e-02
9583.0723 1.2013e-02
9585.9473 1.9991e-02
9588.8242 1.7356e-02
9591.7002 1.2486e-02
9594.5781 1.6246e-02
9597.4561 1.1914e-02
9600.3350 1.9900e-02
9603.2158 1.5649e-02
9606.0957 1.6471e-02
9608.9775 1.4795e-02
9611.8613 1.4348e-02
9614.7441 2.0507e-02
9617.6279 1.3255e-02
9620.5137 1.5889e-02
9623.4014 2.7956e-02
9626.2881 1.1978e-02
9629.1748 1.5806e-02
9632.0645 1.5259e-02
9634.9541 2.3349e-02
9637.8438 1.3649e-02
9640.7363 1.5705e-02
9643.6270 1.7064e-02
9646.5215 2.1693e-02
9649.4141 1.2155e-02
9652.3086 2.3550e-02
9655.2051 1.2802e-02
9658.1016 1.5343e-02
9660.9990 1.6847e-02
9663.8975 1.9924e-02
9666.7969 2.2829e-02
9669.6973 1.6959e-02
9672.5967 1.5960e-02
9675.5000 1.3432e-02
9678.4023 1.2421e-02
9681.3057 1.2052e-02
9684.2109 1.5238e-02
9687.1152 1.5862e-02
9690.0215 9.6566e-03
9692.9287 1.7578e-02
9695.8369 2.2335e-02
9698.7441 1.0096e-02
9701.6553 1.7425e-02
9704.5645 1.7308e-02
9707.4775 1.7495e-02
9710.3887 1.3089e-02
9713.3008 1.3658e-02
9716.2158 1.5047e-02
9719.1299 1.7967e-02
9722.0459 1.4565e-02
9724.9629 1.3372e-02
9727.8809 2.0107e-02
9730.7988 1.2202e-02
9733.7178 7.2179e-03
9736.6387 1.1071e-02
9739.5586 1.9218e-02
9742.4805 1.9773e-02
9745.4033 1.7053e-02
9748.3281 9.5241e-03
9751.2520 1.2530e-02
9754.1777 1.2719e-02
9757.1035 1.4392e-02
9760.0303 1.2733e-02
9762.9590 1.5840e-02
9765.8877 9.0025e-03
9768.8174 1.2470e-02
9771.7480 1.4593e-02
9774.6797 1.9460e-02
9777.6113 1.2045e-02
9780.5459 1.3858e-02
9783.4795 1.2324e-02
9786.4141 9.2882e-03
9789.3496 1.4427e-02
9792.2871 1.6772e-02
9795.2256 1.1469e-02
9798.1641 1.3119e-02
9801.1035 1.7028e-02
9804.0430 1.1728e-02
9806.9844 1.2132e-02
9809.9268 1.3333e-02
9812.8691 1.5128e-02
9815.8125 1.5668e-02
9818.7578 1.3478e-02
9821.7041 2.0841e-02
9824.6494 9.6877e-03
9827.5967 1.3291e-02
9830.5469 1.1407e-02
9833.4951 1.0138e-02
9836.4453 1.0731e-02
9839.3965 1.3576e-02
9842.3486 1.6803e-02
9845.2998 8.8231e-03
9848.2549 1.3357e-02
9851.2080 1.0532e-02
9854.1641 1.3675e-02
9857.1201 1.7638e-02
9860.0771 1.4428e-02
9863.0361 1.2235e-02
9865.9941 1.0766e-02
9868.9541 1.3745e-02
9871.9150 1.1243e-02
9874.8760 1.2781e-02
9877.8389 1.2362e-02
9880.8018 1.4997e-02
9883.7666 1.0240e-02
9886.7324 1.2592e-02
9889.6982 1.4815e-02
9892.6641 1.6107e-02
9895.6338 1.1749e-02
9898.6016 1.2276e-02
9901.5713 9.7486e-03
9904.5420 9.7414e-03
9907.5127 1.3909e-02
9910.4854 1.1418e-02
9913.4590 1.1668e-02
9916.4326 1.3055e-02
9919.4072 8.2199e-03
9922.3828 1.8273e-02
9925.3584 1.1560e-02
9928.3379 1.4622e-02
9931.3164 1.3234e-02
9934.2949 1.0598e-02
9937.2754 1.0713e-02
9940.2568 1.3413e-02
9943.2383 1.1428e-02
9946.2207 1.5474e-02
9949.2061 1.4105e-02
9952.1904 1.2776e-02
9955.1758 1.2146e-02
9958.1631 8.2427e-03
9961.1494 9.5546e-03
9964.1387 1.2297e-02
9967.1279 1.8783e-02
9970.1182 1.1843e-02
9973.1084 1.5116e-02
9976.1006 1.0611e-02
9979.0928 1.0833e-02
9982.0859 1.0866e-02
9985.0820 1.5086e-02
9988.0771 1.0266e-02
9991.0732 1.0332e-02
9994.0713 1.1147e-02
9997.0693 1.0030e-02
10000.0684 9.6771e-03
10003.0674 9.0134e-03
10006.0684 8.6724e-03
10009.0713 7.7413e-03
10012.0742 1.2361e-02
10015.0771 6.7490e-03
10018.0820 9.0808e-03
10021.0879 7.7878e-03
10024.0938 1.2170e-02
10027.1006 1.0792e-02
10030.1084 1.0840e-02
10033.1172 8.4842e-03
10036.1270 1.1015e-02
10039.1387 7.8557e-03
10042.1504 8.4790e-03
10045.1631 9.8321e-03
10048.1768 1.0811e-02
10051.1924 9.5017e-03
10054.2061 1.7061e-02
10057.2227 6.2118e-03
10060.2402 1.0389e-02
10063.2578 1.0255e-02
10066.2773 9.0291e-03
10069.2969 8.8177e-03
10072.3174 1.1391e-02
10075.3379 9.9639e-03
10078.3623 1.1465e-02
10081.3848 8.4690e-03
10084.4102 7.3688e-03
10087.4346 8.3206e-03
10090.4619 8.9108e-03
10093.4883 9.4078e-03
10096.5166 6.5290e-03
10099.5459 7.8442e-03
10102.5742 8.9542e-03
10105.6055 6.8570e-03
10108.6367 1.2974e-02
10111.6709 6.8314e-03
10114.7041 6.4930e-03
10117.7383 1.0777e-02
10120.7734 7.8592e-03
10123.8105 1.2792e-02
10126.8477 1.2017e-02
10129.8857 1.1801e-02
10132.9248 1.1203e-02
10135.9648 9.0050e-03
10139.0049 7.4757e-03
10142.0479 1.0492e-02
10145.0879 5.1957e-03
10148.1318 8.2233e-03
10151.1768 1.2661e-02
10154.2227 8.3431e-03
10157.2686 1.0840e-02
10160.3154 1.1559e-02
10163.3643 4.9691e-03
10166.4121 1.3582e-02
10169.4629 7.3614e-03
10172.5137 1.1757e-02
10175.5654 1.1470e-02
10178.6191 1.1212e-02
10181.6719 6.5638e-03
10184.7256 1.0230e-02
10187.7822 7.6777e-03
10190.8379 9.0509e-03
10193.8945 9.9774e-03
10196.9541 1.3197e-02
10200.0127 9.9353e-03
10203.0723 7.6516e-03
10206.1328 1.1272e-02
10209.1953 9.6270e-03
10212.2578 7.0027e-03
10215.3223 1.2505e-02
10218.3867 8.8894e-03
10221.4521 1.2443e-02
10224.5186 1.1068e-02
10227.5850 8.2730e-03
10230.6543 8.1548e-03
10233.7246 6.7714e-03
10236.7930 9.6645e-03
10239.8643 9.9181e-03
10242.9355 7.5137e-03
10246.0098 9.5115e-03
10249.0830 9.7513e-03
10252.1572 4.7530e-03
10255.2334 1.0352e-02
10258.3096 1.0874e-02
10261.3877 1.0527e-02
10264.4648 6.9657e-03
10267.5449 1.0421e-02
10270.6250 7.9715e-03
