# time_explosion = 2.75
# 
3082.8928 2.8162e-03
3083.8179 1.2128e-03
3084.7432 0.0000e+00
3085.6685 2.9128e-03
3086.5940 0.0000e+00
3087.5200 1.2176e-03
3088.4463 0.0000e+00
3089.3728 4.2209e-03
3090.2996 0.0000e+00
3091.2268 2.8543e-03
3092.1541 6.4768e-03
3093.0815 2.8241e-03
3094.0098 6.9826e-03
3094.9380 5.4801e-03
3095.8665 1.2259e-03
3096.7952 4.1302e-03
3097.7241 2.9902e-03
3098.6536 1.0369e-03
3099.5828 6.9995e-03
3100.5129 5.5146e-03
3101.4431 6.2737e-04
3102.3735 5.1839e-03
3103.3042 8.2367e-04
3104.2354 1.3518e-03
3105.1665 5.3017e-03
3106.0981 0.0000e+00
3107.0300 8.1970e-03
3107.9619 2.1385e-03
3108.8943 4.3916e-03
3109.8269 0.0000e+00
3110.7600 0.0000e+00
3111.6929 8.2479e-03
3112.6265 6.2757e-03
3113.5605 0.0000e+00
3114.4944 2.0238e-03
3115.4290 5.1500e-03
3116.3635 4.7144e-03
3117.2986 2.4287e-03
3118.2336 0.0000e+00
3119.1689 0.0000e+00
3120.1047 5.6345e-03
3121.0410 7.3384e-03
3121.9773 0.0000e+00
3122.9136 1.9258e-03
3123.8508 2.2779e-03
3124.7878 9.6672e-04
3125.7251 8.4945e-03
3126.6628 2.9086e-03
3127.6008 5.7759e-04
3128.5393 8.2366e-03
3129.4778 5.1648e-03
3130.4170 4.3412e-03
3131.3557 8.6265e-03
3132.2954 6.9894e-03
3133.2349 5.6487e-03
3134.1748 3.1313e-04
3135.1150 8.9146e-04
3136.0559 8.4938e-03
3136.9968 3.2833e-03
3137.9377 5.4669e-03
3138.8789 8.1093e-03
3139.8206 8.1505e-04
3140.7625 1.1375e-02
3141.7046 4.4835e-03
3142.6472 4.0339e-03
3143.5901 4.0519e-03
3144.5334 7.4827e-03
3145.4766 1.5046e-03
3146.4202 3.1936e-03
3147.3643 0.0000e+00
3148.3086 3.4628e-03
3149.2529 4.6411e-03
3150.1975 1.7064e-03
3151.1426 8.3146e-03
3152.0881 3.7328e-04
3153.0337 4.0424e-03
3153.9795 6.4484e-04
3154.9255 4.6827e-03
3155.8723 7.0510e-04
3156.8188 5.9100e-04
3157.7661 0.0000e+00
3158.7134 0.0000e+00
3159.6609 1.1021e-03
3160.6086 2.6932e-03
3161.5571 0.0000e+00
3162.5054 4.4216e-03
3163.4541 0.0000e+00
3164.4031 6.9573e-04
3165.3528 0.0000e+00
3166.3022 1.7054e-03
3167.2522 0.0000e+00
3168.2024 3.8964e-03
3169.1526 0.0000e+00
3170.1035 1.3544e-03
3171.0544 1.0812e-03
3172.0061 4.4900e-03
3172.9573 6.4063e-03
3173.9092 1.3538e-02
3174.8613 1.2678e-02
3175.8140 4.4694e-03
3176.7668 1.1313e-03
3177.7197 8.5845e-03
3178.6729 6.9302e-03
3179.6267 4.0873e-03
3180.5808 0.0000e+00
3181.5347 0.0000e+00
3182.4893 4.8730e-03
3183.4438 1.7198e-03
3184.3987 3.4706e-03
3185.3542 1.0205e-03
3186.3101 4.8009e-03
3187.2659 1.7859e-03
3188.2217 5.7837e-03
3189.1785 1.3264e-03
3190.1350 1.2288e-03
3191.0920 8.2338e-03
3192.0493 0.0000e+00
3193.0071 3.6145e-04
3193.9651 2.5410e-03
3194.9233 8.5206e-03
3195.8818 3.9294e-03
3196.8408 0.0000e+00
3197.7996 5.9261e-03
3198.7590 1.5617e-03
3199.7185 0.0000e+00
3200.6782 2.0955e-03
3201.6387 5.6557e-03
3202.5991 1.5967e-02
3203.5598 4.5336e-03
3204.5208 6.5656e-04
3205.4824 1.1988e-03
3206.4441 4.1730e-03
3207.4058 2.5022e-03
3208.3682 6.0972e-03
3209.3306 1.1462e-02
3210.2935 2.4174e-03
3211.2563 3.7164e-03
3212.2200 5.4414e-03
3213.1833 9.8120e-03
3214.1472 4.4523e-03
3215.1118 9.9473e-03
3216.0764 1.2200e-02
3217.0413 8.2022e-03
3218.0061 5.4726e-03
3218.9714 1.2085e-03
3219.9373 0.0000e+00
3220.9031 7.8596e-03
3221.8699 4.3083e-03
3222.8362 1.6384e-02
3223.8030 3.8368e-03
3224.7700 8.0465e-03
3225.7375 5.8461e-03
3226.7053 4.5392e-03
3227.6731 8.1999e-03
3228.6416 2.1438e-03
3229.6101 4.4339e-03
3230.5791 0.0000e+00
3231.5483 1.1550e-03
3232.5178 3.3443e-03
3233.4875 3.7816e-03
3234.4575 4.7977e-04
3235.4280 4.0903e-03
3236.3984 4.4991e-03
3237.3691 6.5157e-04
3238.3403 3.1023e-03
3239.3120 0.0000e+00
3240.2839 3.4716e-03
3241.2559 3.9550e-03
3242.2285 4.9303e-03
3243.2012 0.0000e+00
3244.1743 0.0000e+00
3245.1472 3.9544e-03
3246.1208 2.0256e-03
3247.0947 2.3761e-03
3248.0688 3.4690e-03
3249.0432 0.0000e+00
3250.0178 0.0000e+00
3250.9929 1.3436e-03
3251.9680 0.0000e+00
3252.9438 6.0051e-04
3253.9194 0.0000e+00
3254.8958 0.0000e+00
3255.8723 1.0049e-02
3256.8489 3.8315e-03
3257.8262 0.0000e+00
3258.8035 2.6523e-03
3259.7810 0.0000e+00
3260.7593 1.0625e-02
3261.7373 1.6598e-03
3262.7158 0.0000e+00
3263.6946 5.8480e-03
3264.6736 3.1286e-03
3265.6531 5.0501e-03
3266.6331 4.2530e-03
3267.6130 4.3888e-03
3268.5930 5.7979e-04
3269.5735 9.0495e-03
3270.5544 3.6530e-03
3271.5356 1.2028e-02
3272.5171 4.2545e-03
3273.4990 6.3791e-03
3274.4812 3.8064e-03
3275.4634 3.6477e-03
3276.4458 9.6306e-03
3277.4287 8.8855e-03
3278.4124 7.2615e-04
3279.3958 0.0000e+00
3280.3794 2.5410e-03
3281.3635 3.6685e-03
3282.3479 0.0000e+00
3283.3325 7.1512e-03
3284.3179 3.4499e-03
3285.3030 0.0000e+00
3286.2888 4.3649e-03
3287.2744 6.9017e-03
3288.2605 7.9894e-03
3289.2471 1.0982e-03
3290.2339 0.0000e+00
3291.2212 4.4299e-03
3292.2083 6.8851e-03
3293.1958 2.4093e-03
3294.1838 5.8238e-03
3295.1724 1.6644e-03
3296.1609 7.5283e-03
3297.1497 3.8541e-03
3298.1387 5.3514e-03
3299.1282 8.3425e-03
3300.1177 1.6823e-03
3301.1079 8.6325e-03
3302.0984 1.1128e-02
3303.0889 1.9879e-03
3304.0798 1.4685e-03
3305.0713 8.9059e-03
3306.0627 0.0000e+00
3307.0544 0.0000e+00
3308.0466 4.3179e-03
3309.0391 8.3241e-03
3310.0317 4.4242e-03
3311.0247 3.4565e-03
3312.0178 1.0122e-02
3313.0117 1.6484e-02
3314.0054 5.1651e-03
3315.0000 0.0000e+00
3315.9941 1.7704e-03
3316.9890 4.3447e-03
3317.9839 0.0000e+00
3318.9795 5.0940e-03
3319.9751 4.3180e-03
3320.9712 4.9846e-03
3321.9678 8.3240e-03
3322.9639 1.5512e-03
3323.9607 3.8734e-03
3324.9580 4.7301e-03
3325.9558 1.9208e-03
3326.9536 1.7114e-03
3327.9514 3.9174e-03
3328.9497 4.1602e-03
3329.9482 4.9269e-03
3330.9475 1.3525e-02
3331.9468 0.0000e+00
3332.9463 0.0000e+00
3333.9463 4.1733e-03
3334.9463 8.4177e-03
3335.9473 3.9761e-03
3336.9478 9.5962e-03
3337.9487 2.3512e-03
3338.9502 0.0000e+00
3339.9517 0.0000e+00
3340.9536 9.5415e-04
3341.9561 1.3139e-02
3342.9587 8.9254e-03
3343.9614 2.9230e-03
3344.9651 7.9098e-04
3345.9685 4.6814e-03
3346.9722 4.1942e-03
3347.9763 0.0000e+00
3348.9805 1.1004e-03
3349.9854 0.0000e+00
3350.9902 6.6183e-03
3351.9956 7.9652e-03
3353.0010 8.4233e-03
3354.0073 6.3474e-03
3355.0129 1.7971e-02
3356.0198 1.3636e-03
3357.0264 3.3102e-03
3358.0334 2.5622e-03
3359.0410 4.5264e-03
3360.0488 7.5547e-03
3361.0569 3.9166e-03
3362.0654 3.1389e-03
3363.0740 3.8576e-03
3364.0828 2.7287e-04
3365.0918 6.4564e-03
3366.1013 4.3296e-03
3367.1113 4.6240e-03
3368.1213 2.3272e-03
3369.1318 9.1891e-03
3370.1426 6.5338e-04
3371.1536 3.3889e-03
3372.1650 5.6848e-03
3373.1768 1.0531e-03
3374.1885 5.1698e-03
3375.2004 7.9450e-03
3376.2134 2.3142e-03
3377.2261 8.7617e-03
3378.2395 2.6660e-03
3379.2529 5.0081e-03
3380.2664 2.5624e-03
3381.2805 0.0000e+00
3382.2952 8.6145e-03
3383.3098 7.2144e-03
3384.3250 6.8396e-04
3385.3401 5.6218e-03
3386.3557 6.7869e-04
3387.3716 1.1015e-02
3388.3879 6.7125e-03
3389.4045 5.1703e-03
3390.4211 7.7089e-03
3391.4385 8.8380e-03
3392.4558 0.0000e+00
3393.4736 1.1132e-02
3394.4915 8.7700e-04
3395.5100 6.5527e-03
3396.5286 1.2364e-03
3397.5474 1.6833e-03
3398.5667 8.3881e-03
3399.5862 0.0000e+00
3400.6062 3.6204e-04
3401.6262 7.6424e-03
3402.6467 0.0000e+00
3403.6677 4.9703e-03
3404.6887 6.8045e-03
3405.7100 4.4797e-03
3406.7319 3.1542e-03
3407.7539 5.2602e-03
3408.7764 6.3217e-03
3409.7988 9.3895e-03
3410.8218 1.0593e-02
3411.8450 3.2923e-03
3412.8687 9.9490e-03
3413.8923 1.4789e-02
3414.9167 1.7431e-03
3415.9412 1.8079e-03
3416.9658 1.0104e-02
3417.9907 5.6058e-03
3419.0164 5.0790e-04
3420.0420 7.1196e-03
3421.0681 0.0000e+00
3422.0945 0.0000e+00
3423.1208 1.0229e-03
3424.1479 8.1520e-03
3425.1753 7.7075e-03
3426.2029 3.8264e-03
3427.2307 0.0000e+00
3428.2588 5.6122e-03
3429.2871 4.5047e-03
3430.3159 0.0000e+00
3431.3452 6.5922e-03
3432.3748 1.2426e-02
3433.4041 2.6546e-03
3434.4346 4.7111e-03
3435.4646 3.8250e-03
3436.4954 2.6214e-04
3437.5261 4.8209e-03
3438.5579 3.4887e-03
3439.5894 1.2886e-02
3440.6208 1.1427e-03
3441.6531 1.2509e-03
3442.6855 5.1240e-03
3443.7183 3.9230e-03
3444.7515 7.9305e-03
3445.7852 4.8836e-03
3446.8186 9.0047e-03
3447.8525 4.7208e-03
3448.8872 4.1351e-03
3449.9216 3.8148e-03
3450.9568 1.2118e-03
3451.9919 5.3430e-03
3453.0276 2.8981e-03
3454.0637 0.0000e+00
3455.0999 4.6307e-03
3456.1362 1.0183e-02
3457.1731 1.8542e-03
3458.2102 1.8032e-02
3459.2476 4.3699e-04
3460.2856 3.4151e-03
3461.3235 0.0000e+00
3462.3621 9.6673e-03
3463.4004 1.4077e-02
3464.4399 2.0107e-03
3465.4790 4.7589e-03
3466.5188 1.2451e-02
3467.5586 0.0000e+00
3468.5989 3.7152e-03
3469.6394 2.5469e-03
3470.6804 7.3280e-04
3471.7217 1.1258e-02
3472.7629 2.3743e-03
3473.8049 5.5496e-03
3474.8469 0.0000e+00
3475.8894 5.4904e-03
3476.9321 8.4398e-03
3477.9751 1.6000e-03
3479.0188 4.0277e-03
3480.0625 8.0359e-03
3481.1064 3.3019e-03
3482.1509 1.8091e-02
3483.1956 5.5121e-03
3484.2407 7.3419e-03
3485.2856 7.5927e-03
3486.3313 7.2292e-03
3487.3772 4.6837e-03
3488.4233 0.0000e+00
3489.4697 0.0000e+00
3490.5168 1.6832e-03
3491.5640 1.5971e-02
3492.6116 5.9268e-04
3493.6592 8.6762e-03
3494.7073 5.7261e-04
3495.7556 4.6607e-03
3496.8044 0.0000e+00
3497.8535 1.0156e-02
3498.9026 4.2070e-03
3499.9526 3.6162e-03
3501.0024 1.1195e-03
3502.0527 8.0994e-03
3503.1033 6.0012e-03
3504.1543 1.0694e-02
3505.2058 5.3745e-03
3506.2571 4.6019e-03
3507.3088 4.4029e-03
3508.3613 1.0008e-02
3509.4136 9.8545e-03
3510.4663 8.6033e-03
3511.5193 6.9090e-04
3512.5730 1.3392e-02
3513.6270 3.8155e-04
3514.6809 0.0000e+00
3515.7351 4.3778e-03
3516.7898 2.3067e-03
3517.8452 5.2917e-03
3518.9004 1.8407e-03
3519.9561 4.2033e-03
3521.0122 4.9831e-03
3522.0686 7.2034e-03
3523.1250 1.2238e-02
3524.1821 3.7509e-03
3525.2390 5.5179e-03
3526.2969 8.5000e-03
3527.3547 3.3840e-03
3528.4126 9.6807e-04
3529.4714 4.3993e-03
3530.5303 1.3105e-02
3531.5894 1.3131e-02
3532.6487 7.6411e-03
3533.7090 2.1081e-03
3534.7688 3.0815e-04
3535.8293 5.7907e-03
3536.8901 5.8514e-03
3537.9512 1.3185e-03
3539.0122 3.0533e-03
3540.0740 4.7877e-03
3541.1360 3.7475e-03
3542.1987 3.7104e-03
3543.2612 5.0878e-04
3544.3245 8.4137e-03
3545.3875 6.9581e-03
3546.4509 6.8194e-04
3547.5154 9.0314e-03
3548.5793 2.5246e-03
3549.6438 0.0000e+00
3550.7087 7.2119e-04
3551.7739 4.0906e-03
3552.8396 5.1698e-03
3553.9053 6.9073e-03
3554.9714 1.5415e-03
3556.0378 1.2733e-02
3557.1050 3.5491e-03
3558.1716 7.2355e-04
3559.2395 8.8121e-03
3560.3071 1.1911e-02
3561.3752 8.2161e-03
3562.4436 1.6488e-03
3563.5125 1.3040e-03
3564.5813 3.2251e-03
3565.6506 8.4971e-03
3566.7205 2.9424e-03
3567.7905 3.1948e-03
3568.8611 7.0761e-03
3569.9316 1.4385e-02
3571.0027 6.4628e-03
3572.0737 7.1208e-03
3573.1455 2.4467e-03
3574.2175 8.8621e-04
3575.2896 8.2441e-04
3576.3625 1.0561e-03
3577.4351 4.8459e-03
3578.5083 5.3221e-03
3579.5820 4.4508e-03
3580.6560 2.7209e-03
3581.7300 3.7041e-03
3582.8047 7.5704e-03
3583.8792 2.4210e-03
3584.9546 6.9106e-03
3586.0298 3.1261e-04
3587.1060 2.1682e-03
3588.1821 3.5244e-03
3589.2583 1.7761e-03
3590.3352 3.8127e-03
3591.4124 4.4040e-03
3592.4897 1.1157e-02
3593.5671 7.0876e-03
3594.6455 4.8647e-03
3595.7241 0.0000e+00
3596.8025 5.9655e-03
3597.8818 8.7555e-03
3598.9609 2.4026e-03
3600.0405 1.3106e-02
3601.1204 9.2779e-03
3602.2009 1.0221e-02
3603.2817 3.2879e-03
3604.3625 5.1014e-03
3605.4441 5.8802e-03
3606.5256 4.1625e-03
3607.6074 4.1882e-03
3608.6899 5.5029e-03
3609.7725 4.4722e-03
3610.8552 5.2511e-03
3611.9385 4.2869e-03
3613.0222 5.1189e-03
3614.1062 0.0000e+00
3615.1904 3.8454e-03
3616.2749 7.0488e-04
3617.3599 2.8781e-03
3618.4451 6.3978e-03
3619.5303 6.4052e-03
3620.6165 0.0000e+00
3621.7024 5.1043e-03
3622.7891 3.5227e-03
3623.8760 4.3944e-03
3624.9631 0.0000e+00
3626.0508 2.5657e-03
3627.1382 0.0000e+00
3628.2266 3.0745e-03
3629.3152 0.0000e+00
3630.4038 3.3503e-03
3631.4927 2.4013e-03
3632.5825 1.0728e-02
3633.6721 1.3110e-02
3634.7622 5.5657e-03
3635.8528 1.7106e-03
3636.9434 1.3467e-02
3638.0347 7.5613e-04
3639.1257 4.1483e-03
3640.2178 3.7221e-03
3641.3098 6.3074e-03
3642.4021 5.1534e-03
3643.4946 2.2227e-03
3644.5881 3.1423e-03
3645.6814 8.1049e-04
3646.7751 0.0000e+00
3647.8691 5.3182e-03
3648.9634 2.6148e-03
3650.0581 6.9658e-04
3651.1533 7.2282e-03
3652.2480 8.1020e-04
3653.3442 1.2060e-02
3654.4402 5.2560e-03
3655.5364 8.6579e-03
3656.6333 3.6833e-03
3657.7300 1.1818e-02
3658.8274 4.5684e-03
3659.9250 6.0229e-03
3661.0232 1.2084e-02
3662.1213 1.0067e-02
3663.2202 5.9668e-03
3664.3188 1.6819e-03
3665.4182 3.9969e-03
3666.5181 6.8368e-03
3667.6179 1.1904e-02
3668.7183 3.8266e-03
3669.8186 4.0560e-03
3670.9197 9.5721e-03
3672.0210 0.0000e+00
3673.1226 9.6321e-03
3674.2241 1.7230e-03
3675.3269 1.3607e-02
3676.4294 9.2986e-03
3677.5325 6.3967e-03
3678.6355 3.8128e-03
3679.7390 4.7541e-03
3680.8430 6.8895e-03
3681.9473 8.1186e-03
3683.0518 4.7632e-03
3684.1570 8.7033e-04
3685.2620 1.2697e-03
3686.3677 4.6961e-03
3687.4739 8.2693e-03
3688.5796 4.5209e-03
3689.6865 1.7419e-03
3690.7932 6.6035e-03
3691.9006 9.2228e-03
3693.0081 6.7800e-03
3694.1160 1.1521e-02
3695.2241 0.0000e+00
3696.3328 1.8314e-02
3697.4417 3.1620e-03
3698.5508 1.0644e-03
3699.6606 4.8496e-04
3700.7703 8.8380e-03
3701.8806 4.9471e-03
3702.9910 3.7258e-03
3704.1023 8.4650e-03
3705.2136 4.3331e-03
3706.3247 4.5116e-03
3707.4370 7.9121e-03
3708.5491 4.8587e-03
3709.6616 9.3702e-03
3710.7744 1.3929e-02
3711.8877 8.3237e-03
3713.0012 1.1710e-02
3714.1152 5.1999e-03
3715.2292 0.0000e+00
3716.3440 0.0000e+00
3717.4590 3.0673e-03
3718.5742 4.5048e-03
3719.6897 3.0531e-03
3720.8057 1.0161e-02
3721.9219 6.4629e-03
3723.0383 3.3705e-03
3724.1553 2.0285e-02
3725.2725 1.1233e-02
3726.3904 5.5785e-03
3727.5081 2.4553e-03
3728.6265 3.9764e-03
3729.7451 4.8074e-03
3730.8640 9.2440e-03
3731.9832 9.9482e-03
3733.1028 6.5329e-03
3734.2227 5.1252e-03
3735.3428 9.9358e-03
3736.4636 1.5722e-02
3737.5842 6.7627e-03
3738.7056 5.4695e-03
3739.8276 5.0044e-03
3740.9490 1.3729e-02
3742.0718 1.1458e-02
3743.1943 4.8493e-03
3744.3171 6.1891e-03
3745.4404 9.8289e-03
3746.5640 6.2222e-03
3747.6880 2.2129e-03
3748.8125 8.6690e-03
3749.9368 3.2806e-03
3751.0620 8.2938e-03
3752.1873 9.0941e-03
3753.3130 6.7492e-03
3754.4387 3.4201e-03
3755.5652 3.6761e-03
3756.6919 1.3709e-02
3757.8188 1.0242e-02
3758.9463 4.2968e-03
3760.0737 9.4264e-03
3761.2019 2.0170e-03
3762.3306 6.4052e-03
3763.4590 6.9866e-03
3764.5881 5.8383e-03
3765.7175 6.3172e-03
3766.8472 9.2135e-03
3767.9771 5.5831e-03
3769.1079 1.4076e-02
3770.2383 7.0992e-03
3771.3694 1.7707e-03
3772.5007 2.2376e-03
3773.6328 1.1271e-02
3774.7646 3.6679e-03
3775.8972 9.9646e-03
3777.0298 6.3337e-03
3778.1628 6.3141e-03
3779.2964 1.4405e-02
3780.4302 7.3469e-03
3781.5642 4.4497e-03
3782.6987 7.6037e-03
3783.8335 1.6107e-02
3784.9690 9.5777e-03
3786.1042 9.0767e-03
3787.2400 1.5058e-02
3788.3762 6.3201e-03
3789.5125 1.3557e-02
3790.6497 0.0000e+00
3791.7869 7.1697e-03
3792.9246 2.5395e-03
3794.0625 8.5997e-03
3795.2007 3.1111e-03
3796.3391 3.9699e-03
3797.4778 7.7433e-03
3798.6169 5.2683e-03
3799.7568 8.0794e-03
3800.8967 1.0192e-02
3802.0371 5.4380e-03
3803.1775 3.6780e-03
3804.3181 3.3318e-03
3805.4597 9.2794e-03
3806.6013 1.3875e-02
3807.7434 7.9781e-03
3808.8857 1.6394e-02
3810.0286 6.8812e-03
3811.1714 5.3399e-03
3812.3149 4.8743e-03
3813.4583 2.8917e-03
3814.6025 3.8810e-03
3815.7468 5.7620e-03
3816.8916 8.0822e-03
3818.0369 1.2266e-03
3819.1824 1.0841e-02
3820.3281 8.4546e-03
3821.4741 4.0397e-03
3822.6201 8.9011e-03
3823.7671 6.6553e-03
3824.9143 1.2435e-02
3826.0615 1.6400e-02
3827.2097 2.5992e-03
3828.3577 1.6083e-03
3829.5063 1.6526e-02
3830.6553 1.0823e-02
3831.8044 1.0206e-02
3832.9539 7.3462e-03
3834.1035 1.3841e-02
3835.2539 2.0116e-03
3836.4045 7.2262e-04
3837.5554 2.9435e-03
3838.7068 1.8534e-02
3839.8582 8.0979e-03
3841.0103 2.2708e-03
3842.1628 8.0044e-03
3843.3152 4.1340e-03
3844.4683 1.1242e-02
3845.6216 1.1250e-02
3846.7754 5.1783e-03
3847.9294 4.8644e-03
3849.0835 5.1787e-03
3850.2383 3.8439e-03
3851.3933 1.1974e-02
3852.5488 8.2719e-03
3853.7051 1.1825e-02
3854.8606 1.7634e-02
3856.0173 6.8204e-03
3857.1741 7.9342e-03
3858.3313 9.9549e-04
3859.4883 1.7296e-02
3860.6465 3.2448e-03
3861.8047 8.4617e-03
3862.9631 8.2566e-03
3864.1221 7.2771e-03
3865.2815 4.3987e-03
3866.4412 6.6913e-03
3867.6011 0.0000e+00
3868.7610 1.5723e-02
3869.9216 1.4619e-02
3871.0828 6.5614e-03
3872.2441 4.7618e-03
3873.4058 7.2251e-03
3874.5676 1.0049e-02
3875.7302 1.6058e-02
3876.8931 9.4692e-03
3878.0559 4.9921e-03
3879.2192 6.4720e-04
3880.3831 1.9894e-02
3881.5474 8.9374e-03
3882.7119 1.1364e-02
3883.8767 8.9172e-03
3885.0420 9.9425e-03
3886.2073 9.1377e-03
3887.3728 9.0144e-03
3888.5391 2.0826e-03
3889.7061 1.5731e-02
3890.8730 4.5092e-03
3892.0400 1.3313e-02
3893.2078 6.7857e-03
3894.3755 1.3973e-02
3895.5439 2.3741e-02
3896.7126 1.1434e-02
3897.8813 6.0730e-03
3899.0508 9.9936e-03
3900.2209 3.6992e-03
3901.3909 1.3340e-02
3902.5613 2.2698e-03
3903.7322 1.0179e-02
3904.9031 2.8504e-03
3906.0747 8.5405e-03
3907.2463 3.9558e-03
3908.4187 1.2585e-02
3909.5911 1.7689e-02
3910.7642 6.3465e-03
3911.9373 1.0865e-02
3913.1111 1.1406e-02
3914.2849 6.5572e-03
3915.4592 1.2823e-02
3916.6335 8.8728e-04
3917.8086 2.2856e-03
3918.9839 2.6075e-03
3920.1597 6.5760e-03
3921.3359 1.1491e-02
3922.5120 1.0316e-02
3923.6887 1.3636e-02
3924.8660 1.4948e-02
3926.0432 7.7109e-03
3927.2212 1.6245e-02
3928.3994 1.5754e-02
3929.5779 6.5783e-03
3930.7568 4.0787e-03
3931.9360 2.1297e-02
3933.1157 9.7857e-03
3934.2954 1.0504e-02
3935.4758 1.1254e-02
3936.6562 1.0003e-02
3937.8374 7.8847e-03
3939.0186 2.0065e-02
3940.2004 8.8106e-03
3941.3826 6.3194e-03
3942.5649 1.7181e-02
3943.7478 3.1950e-03
3944.9307 7.2700e-03
3946.1147 0.0000e+00
3947.2983 6.6844e-03
3948.4824 2.1146e-02
3949.6670 8.1391e-03
3950.8521 1.2130e-02
3952.0369 8.7096e-03
3953.2227 1.3136e-02
3954.4089 8.3568e-03
3955.5950 1.9581e-02
3956.7812 1.2547e-02
3957.9688 1.3235e-02
3959.1560 1.8823e-02
3960.3438 1.5552e-02
3961.5320 0.0000e+00
3962.7202 3.0688e-03
3963.9094 9.0712e-03
3965.0984 1.4429e-02
3966.2881 1.1601e-02
3967.4778 1.1481e-02
3968.6680 1.7323e-02
3969.8584 1.2290e-02
3971.0498 1.2788e-02
3972.2412 7.4207e-03
3973.4326 1.9102e-02
3974.6248 1.3446e-02
3975.8171 1.9127e-02
3977.0095 1.2223e-02
3978.2029 1.0020e-02
3979.3962 1.4392e-02
3980.5901 1.3910e-02
3981.7844 1.9683e-02
3982.9790 1.6143e-03
3984.1736 7.4961e-03
3985.3691 1.3943e-02
3986.5647 2.6502e-02
3987.7605 1.3863e-02
3988.9568 1.6242e-02
3990.1538 1.2266e-02
3991.3506 7.3851e-03
3992.5481 1.4586e-02
3993.7456 2.3491e-02
3994.9441 1.7856e-02
3996.1423 1.8707e-02
3997.3413 1.0953e-02
3998.5408 5.4851e-03
3999.7397 1.9629e-02
4000.9402 1.9278e-02
4002.1401 5.1026e-03
4003.3408 1.2594e-02
4004.5415 2.4603e-02
4005.7434 2.3313e-02
4006.9448 8.5799e-03
4008.1470 9.6656e-03
4009.3496 1.5223e-02
4010.5522 2.1662e-02
4011.7556 1.5708e-02
4012.9587 8.7390e-03
4014.1628 7.0961e-03
4015.3672 9.4102e-03
4016.5715 3.6973e-03
4017.7769 8.1021e-03
4018.9817 1.3281e-02
4020.1875 1.4477e-02
4021.3936 8.5309e-03
4022.6003 1.8777e-02
4023.8071 1.0355e-02
4025.0142 9.2777e-03
4026.2214 1.2773e-02
4027.4294 7.0035e-03
4028.6377 1.7970e-02
4029.8462 9.2432e-03
4031.0554 1.2553e-02
4032.2646 2.1560e-02
4033.4744 1.0717e-02
4034.6843 1.9265e-02
4035.8945 1.1887e-02
4037.1052 1.2670e-02
4038.3167 1.4611e-02
4039.5281 2.4857e-03
4040.7397 5.1604e-03
4041.9524 2.9487e-03
4043.1648 1.0991e-02
4044.3777 2.0904e-02
4045.5913 1.0422e-02
4046.8047 7.7415e-03
4048.0186 1.3581e-02
4049.2332 1.1985e-02
4050.4480 8.4070e-04
4051.6628 9.5807e-03
4052.8784 1.0814e-02
4054.0942 2.0175e-02
4055.3108 7.1908e-03
4056.5273 1.1119e-02
4057.7444 2.5422e-02
4058.9614 1.2916e-02
4060.1792 1.6057e-02
4061.3970 1.2151e-02
4062.6155 1.2217e-02
4063.8345 1.4279e-02
4065.0535 1.6540e-02
4066.2732 1.2143e-02
4067.4929 1.3085e-02
4068.7131 1.4816e-02
4069.9338 1.2599e-02
4071.1548 5.3265e-03
4072.3762 8.8507e-03
4073.5981 1.2382e-02
4074.8201 2.3140e-02
4076.0427 1.6072e-02
4077.2654 1.1798e-02
4078.4885 1.7586e-02
4079.7119 1.3258e-02
4080.9358 1.7119e-02
4082.1602 1.1073e-02
4083.3845 2.3625e-02
4084.6099 1.2227e-02
4085.8354 1.8386e-02
4087.0608 1.7036e-02
4088.2869 7.5623e-03
4089.5137 2.6964e-02
4090.7407 1.1149e-02
4091.9678 1.4041e-02
4093.1953 1.5421e-02
4094.4233 9.8367e-03
4095.6519 2.0179e-02
4096.8799 9.0746e-03
4098.1094 1.2016e-02
4099.3384 4.9041e-03
4100.5684 1.6839e-02
4101.7988 1.0669e-02
4103.0293 1.4975e-02
4104.2598 8.0891e-03
4105.4912 9.1235e-03
4106.7231 6.4915e-03
4107.9546 7.0947e-03
4109.1875 9.3204e-03
4110.4204 7.3722e-03
4111.6533 7.9112e-03
4112.8867 8.8627e-03
4114.1211 1.0604e-02
4115.3545 1.0186e-02
4116.5898 1.2837e-02
4117.8247 1.2073e-02
4119.0596 1.1402e-02
4120.2954 1.4240e-02
4121.5317 5.9186e-03
4122.7681 1.4573e-02
4124.0049 1.1465e-02
4125.2422 8.9016e-03
4126.4800 5.4377e-03
4127.7178 1.7333e-02
4128.9561 4.3728e-03
4130.1948 3.4918e-03
4131.4336 7.5356e-03
4132.6733 8.5114e-03
4133.9126 4.6274e-03
4135.1533 6.2507e-03
4136.3936 8.1023e-03
4137.6348 7.2452e-03
4138.8760 6.2804e-03
4140.1172 6.3663e-03
4141.3599 7.8477e-03
4142.6021 7.4874e-03
4143.8447 1.7592e-02
4145.0879 7.5488e-03
4146.3315 4.4472e-03
4147.5752 1.0892e-02
4148.8198 2.0945e-03
4150.0640 7.1056e-03
4151.3091 1.4667e-02
4152.5547 1.2108e-02
4153.8003 5.1716e-03
4155.0464 9.8730e-03
4156.2930 6.7231e-03
4157.5400 1.0994e-02
4158.7871 1.7610e-03
4160.0352 8.7624e-03
4161.2827 5.0986e-03
4162.5312 9.8421e-03
4163.7803 1.3869e-02
4165.0293 3.3499e-03
4166.2783 3.3819e-03
4167.5288 7.4914e-03
4168.7788 1.1924e-02
4170.0298 4.0178e-03
4171.2803 1.3330e-02
4172.5317 1.1332e-02
4173.7837 6.4367e-03
4175.0356 3.9828e-03
4176.2886 7.3292e-03
4177.5410 9.3346e-03
4178.7944 9.3675e-04
4180.0479 8.9894e-03
4181.3022 6.6259e-03
4182.5566 7.8693e-03
4183.8115 1.5988e-02
4185.0664 7.6253e-03
4186.3223 1.1115e-02
4187.5776 1.3173e-02
4188.8340 5.2898e-03
4190.0903 6.0447e-03
4191.3477 1.3398e-02
4192.6050 1.1385e-02
4193.8628 7.9064e-03
4195.1206 6.5181e-03
4196.3794 5.9530e-03
4197.6387 1.4807e-02
4198.8975 9.8617e-03
4200.1577 7.4621e-03
4201.4175 1.2207e-02
4202.6782 0.0000e+00
4203.9390 2.8942e-03
4205.2002 1.2655e-02
4206.4614 1.1273e-02
4207.7231 1.4932e-02
4208.9858 6.9525e-03
4210.2485 2.3116e-03
4211.5112 7.8970e-03
4212.7749 1.2383e-02
4214.0391 6.8539e-03
4215.3032 6.2923e-03
4216.5679 8.3103e-03
4217.8330 1.0847e-02
4219.0981 1.1698e-02
4220.3638 1.0745e-02
4221.6299 1.7308e-02
4222.8965 4.5828e-03
4224.1636 4.6158e-03
4225.4302 1.3516e-02
4226.6978 4.1813e-03
4227.9658 4.7568e-03
4229.2349 1.4418e-02
4230.5034 1.0772e-02
4231.7725 1.1379e-02
4233.0415 7.8746e-03
4234.3115 3.4825e-03
4235.5825 5.3177e-03
4236.8525 5.1987e-03
4238.1235 1.1936e-02
4239.3955 2.8975e-03
4240.6670 3.5846e-03
4241.9390 2.4896e-04
4243.2119 5.8655e-03
4244.4844 4.4229e-03
4245.7583 2.2531e-03
4247.0317 6.0458e-03
4248.3062 1.1343e-02
4249.5806 1.0125e-02
4250.8555 5.2510e-03
4252.1309 4.7634e-03
4253.4062 6.6753e-03
4254.6821 5.8534e-03
4255.9590 6.4450e-03
4257.2358 8.0328e-03
4258.5127 2.8746e-03
4259.7900 7.8409e-03
4261.0679 3.7255e-03
4262.3462 4.2628e-03
4263.6250 5.5807e-03
4264.9043 5.5368e-03
4266.1841 9.8832e-03
4267.4639 7.0442e-03
4268.7432 6.6516e-03
4270.0244 8.1919e-04
4271.3052 3.6604e-03
4272.5869 4.4601e-03
4273.8682 4.3692e-03
4275.1509 6.2620e-03
4276.4336 8.6636e-03
4277.7163 3.9829e-03
4278.9995 2.7646e-03
4280.2837 0.0000e+00
4281.5674 3.2409e-03
4282.8521 1.5220e-02
4284.1367 1.5250e-02
4285.4219 8.4248e-03
4286.7075 6.8361e-03
4287.9937 8.5992e-03
4289.2798 8.1434e-03
4290.5669 8.0910e-03
4291.8540 1.1009e-02
4293.1416 8.8987e-03
4294.4292 9.0438e-03
4295.7183 1.7625e-03
4297.0063 9.9634e-03
4298.2954 5.3467e-03
4299.5854 7.8370e-03
4300.8750 3.8255e-03
4302.1650 9.6433e-03
4303.4561 5.1246e-03
4304.7471 2.6968e-03
4306.0381 9.7449e-03
4307.3301 1.5938e-03
4308.6221 7.3120e-03
4309.9150 3.3522e-03
4311.2075 4.3623e-03
4312.5015 3.9020e-04
4313.7949 7.6465e-03
4315.0889 1.4319e-03
4316.3838 2.8195e-03
4317.6787 5.5656e-03
4318.9741 5.0937e-03
4320.2700 6.7177e-03
4321.5654 7.3888e-04
4322.8623 1.5024e-02
4324.1592 1.2029e-02
4325.4565 6.0934e-03
4326.7539 1.7479e-03
4328.0518 5.8958e-03
4329.3501 7.0589e-04
4330.6494 4.1412e-03
4331.9482 9.9500e-03
4333.2480 8.5937e-03
4334.5479 5.2860e-03
4335.8477 7.7148e-03
4337.1489 6.8923e-03
4338.4502 5.7481e-03
4339.7515 8.1406e-03
4341.0537 4.6524e-03
4342.3560 9.5195e-03
4343.6582 8.6122e-03
4344.9614 4.7645e-03
4346.2646 5.6751e-03
4347.5693 6.7403e-03
4348.8735 7.6998e-04
4350.1782 1.1049e-02
4351.4829 1.1077e-02
4352.7886 1.1175e-02
4354.0938 8.5300e-03
4355.4009 8.4198e-03
4356.7070 1.1880e-02
4358.0137 9.1254e-03
4359.3218 1.9065e-03
4360.6294 6.2316e-03
4361.9375 5.1559e-03
4363.2461 8.2235e-03
4364.5552 5.4315e-03
4365.8643 4.2283e-03
4367.1743 5.2607e-03
4368.4844 8.8952e-03
4369.7954 3.0148e-03
4371.1060 9.1131e-03
4372.4170 1.0050e-02
4373.7285 1.0655e-03
4375.0415 0.0000e+00
4376.3540 5.4489e-03
4377.6665 8.6351e-03
4378.9800 1.1245e-03
4380.2935 6.0087e-03
4381.6074 3.2101e-03
4382.9219 1.5803e-02
4384.2363 9.9641e-04
4385.5522 3.3158e-03
4386.8677 8.5937e-03
4388.1841 1.2378e-02
4389.5010 7.1052e-03
4390.8169 2.8194e-03
4392.1343 1.0570e-02
4393.4521 1.2792e-03
4394.7700 0.0000e+00
4396.0884 3.3593e-03
4397.4077 1.6472e-03
4398.7266 4.2363e-03
4400.0464 1.9763e-02
4401.3667 3.0349e-03
4402.6870 8.3008e-03
4404.0073 4.1539e-03
4405.3291 6.3332e-03
4406.6504 1.5031e-02
4407.9722 1.2085e-02
4409.2944 9.8702e-03
4410.6172 4.7560e-03
4411.9404 7.7602e-03
4413.2642 3.0139e-03
4414.5879 7.0544e-03
4415.9126 4.9381e-04
4417.2373 3.3680e-03
4418.5625 9.8787e-03
4419.8882 1.0032e-03
4421.2139 8.6328e-03
4422.5405 3.3301e-03
4423.8672 5.7506e-03
4425.1938 7.8883e-03
4426.5220 6.9223e-03
4427.8496 2.1286e-02
4429.1787 6.6529e-03
4430.5063 4.6389e-03
4431.8364 2.5921e-03
4433.1655 1.5347e-03
4434.4956 2.0216e-03
4435.8262 6.0011e-03
4437.1567 1.0874e-02
4438.4878 1.0280e-02
4439.8193 4.9489e-03
4441.1514 6.4927e-03
4442.4834 8.1794e-03
4443.8164 2.1993e-03
4445.1494 6.6079e-03
4446.4829 1.0216e-02
4447.8169 4.3767e-03
4449.1514 1.4416e-02
4450.4863 2.5156e-03
4451.8213 1.0181e-02
4453.1567 8.6006e-03
4454.4927 5.7603e-03
4455.8291 1.4195e-02
4457.1660 1.3511e-02
4458.5029 1.2433e-02
4459.8403 4.9956e-03
4461.1787 6.0252e-03
4462.5171 4.6330e-03
4463.8555 8.2010e-03
4465.1948 1.4183e-02
4466.5347 1.4983e-03
4467.8740 4.1830e-03
4469.2144 3.4262e-03
4470.5552 3.9619e-03
4471.8970 8.3134e-03
4473.2383 1.4116e-02
4474.5806 1.6872e-02
4475.9229 7.3174e-03
4477.2651 3.5095e-03
4478.6084 1.5748e-03
4479.9521 1.3817e-02
4481.2959 4.0226e-03
4482.6406 1.3985e-02
4483.9854 1.1208e-02
4485.3306 1.8589e-02
4486.6763 3.4906e-03
4488.0220 1.2154e-02
4489.3682 9.4140e-03
4490.7153 1.3203e-02
4492.0620 9.0100e-03
4493.4102 1.0316e-02
4494.7578 7.4781e-03
4496.1069 2.0084e-02
4497.4556 6.8532e-03
4498.8047 1.3394e-02
4500.1543 9.1333e-03
4501.5044 1.4082e-02
4502.8550 5.7520e-03
4504.2056 1.3600e-02
4505.5566 5.1770e-03
4506.9082 7.3580e-03
4508.2607 3.7742e-03
4509.6133 1.7137e-02
4510.9658 1.1378e-02
4512.3193 8.3924e-03
4513.6729 8.3007e-03
4515.0273 1.1422e-02
4516.3818 4.0206e-03
4517.7363 1.2837e-02
4519.0918 1.5802e-02
4520.4473 6.9408e-03
4521.8037 1.9438e-02
4523.1606 2.1257e-02
4524.5171 1.1724e-02
4525.8750 1.1035e-02
4527.2324 9.5391e-03
4528.5903 1.0670e-02
4529.9492 1.1506e-02
4531.3081 1.7719e-02
4532.6675 1.1746e-02
4534.0269 1.2855e-02
4535.3872 1.1803e-02
4536.7480 1.5852e-02
4538.1094 1.2564e-02
4539.4702 1.3697e-02
4540.8320 1.8638e-02
4542.1943 1.8207e-02
4543.5576 1.7506e-02
4544.9199 7.1623e-03
4546.2842 2.2980e-02
4547.6475 1.6509e-02
4549.0117 2.0698e-03
4550.3770 2.0774e-02
4551.7417 1.0873e-02
4553.1074 1.5195e-02
4554.4731 1.7556e-02
4555.8398 2.3674e-02
4557.2061 2.1888e-02
4558.5732 2.0587e-02
4559.9414 1.3545e-02
4561.3086 1.0315e-02
4562.6772 5.1318e-03
4564.0459 2.5532e-02
4565.4150 1.9765e-02
4566.7852 1.2128e-02
4568.1553 1.1416e-02
4569.5249 4.0363e-03
4570.8965 1.4528e-02
4572.2676 1.6776e-02
4573.6392 7.9199e-03
4575.0117 7.1218e-03
4576.3838 9.0661e-03
4577.7568 1.6708e-02
4579.1304 1.3831e-02
4580.5039 1.9312e-02
4581.8784 1.7741e-02
4583.2524 1.3852e-02
4584.6274 1.5410e-02
4586.0029 5.5986e-03
4587.3789 8.4960e-03
4588.7549 1.3857e-02
4590.1318 2.9330e-03
4591.5083 2.4097e-02
4592.8857 1.8332e-02
4594.2642 5.5033e-03
4595.6426 2.5585e-02
4597.0210 1.5354e-02
4598.3999 1.2267e-02
4599.7798 1.6908e-03
4601.1597 7.7960e-03
4602.5396 9.2667e-03
4603.9204 2.0156e-02
4605.3022 1.7302e-02
4606.6836 1.9863e-02
4608.0649 1.9531e-02
4609.4478 1.6321e-02
4610.8306 8.0143e-03
4612.2144 1.3420e-02
4613.5977 7.0611e-03
4614.9819 8.7436e-03
4616.3662 8.4661e-03
4617.7515 9.1239e-03
4619.1362 9.3355e-03
4620.5225 8.0512e-03
4621.9082 6.1387e-03
4623.2949 3.3085e-03
4624.6816 1.0590e-02
4626.0693 1.4606e-02
4627.4570 5.7709e-03
4628.8457 5.7143e-03
4630.2334 2.5273e-02
4631.6230 1.2655e-02
4633.0127 5.7288e-03
4634.4028 1.4001e-02
4635.7935 1.3122e-02
4637.1831 7.9290e-03
4638.5742 3.1797e-02
4639.9658 1.3106e-02
4641.3579 6.7670e-03
4642.7505 1.2452e-02
4644.1436 6.9431e-03
4645.5371 1.6604e-02
4646.9307 1.6827e-02
4648.3247 1.1771e-02
4649.7188 6.1560e-03
4651.1138 1.2092e-02
4652.5093 2.5436e-02
4653.9048 1.1456e-02
4655.3018 1.8387e-02
4656.6978 1.3155e-02
4658.0947 1.6703e-02
4659.4922 1.0485e-02
4660.8896 1.4481e-02
4662.2886 1.4824e-02
4663.6865 1.6002e-02
4665.0859 1.5771e-02
4666.4854 1.2250e-02
4667.8853 0.0000e+00
4669.2861 2.5744e-02
4670.6870 1.0795e-02
4672.0874 1.6964e-02
4673.4897 1.3757e-02
4674.8916 6.8647e-03
4676.2944 2.2533e-02
4677.6968 7.3335e-03
4679.1006 1.2530e-02
4680.5039 1.1714e-02
4681.9082 2.1415e-02
4683.3125 8.7595e-03
4684.7173 1.4673e-02
4686.1230 7.7122e-03
4687.5288 1.4223e-02
4688.9351 1.1316e-02
4690.3423 8.7013e-03
4691.7490 1.9846e-02
4693.1562 1.1410e-02
4694.5645 7.1751e-04
4695.9731 1.6830e-02
4697.3818 7.3898e-03
4698.7910 7.4373e-03
4700.2002 1.3880e-02
4701.6104 2.2114e-03
4703.0205 1.7084e-02
4704.4316 8.2100e-03
4705.8433 6.8834e-03
4707.2549 1.0693e-02
4708.6670 8.9661e-03
4710.0796 1.1626e-02
4711.4927 1.3746e-02
4712.9058 1.3017e-03
4714.3203 1.2913e-02
4715.7344 2.2895e-02
4717.1494 9.6043e-03
4718.5645 8.3945e-03
4719.9800 1.1544e-02
4721.3955 1.3013e-02
4722.8120 1.0305e-02
4724.2290 1.1813e-02
4725.6460 5.1937e-03
4727.0645 1.8864e-02
4728.4824 1.5144e-02
4729.9004 1.6429e-02
4731.3198 1.3741e-02
4732.7388 8.1854e-03
4734.1587 6.4893e-03
4735.5791 1.1366e-02
4737.0000 1.1459e-02
4738.4209 9.3607e-03
4739.8428 1.4217e-02
4741.2646 1.2993e-02
4742.6870 2.2210e-02
4744.1094 2.4076e-02
4745.5327 1.2627e-02
4746.9565 1.0747e-02
4748.3804 1.6050e-02
4749.8052 9.1155e-03
4751.2300 5.4086e-03
4752.6548 1.8656e-02
4754.0811 5.5352e-03
4755.5078 1.7073e-02
4756.9341 1.3537e-02
4758.3608 1.0244e-02
4759.7886 7.0630e-03
4761.2168 1.9636e-02
4762.6445 6.3454e-03
4764.0737 1.0571e-02
4765.5029 2.0049e-03
4766.9326 2.1018e-02
4768.3628 9.7241e-03
4769.7930 1.0075e-02
4771.2236 6.5327e-03
4772.6553 8.2036e-03
4774.0869 1.0444e-02
4775.5190 7.0472e-03
4776.9521 1.1993e-02
4778.3853 1.2857e-02
4779.8184 1.3141e-02
4781.2524 8.3891e-03
4782.6870 2.6890e-02
4784.1226 1.1082e-02
4785.5571 1.1721e-02
4786.9927 8.0073e-03
4788.4292 1.1017e-02
4789.8652 8.0933e-03
4791.3022 1.5292e-02
4792.7397 5.5756e-03
4794.1777 5.8735e-03
4795.6152 1.6007e-02
4797.0542 7.4617e-03
4798.4937 1.7775e-02
4799.9331 1.7240e-02
4801.3735 1.0794e-02
4802.8140 2.5626e-02
4804.2544 6.3275e-03
4805.6958 1.3166e-02
4807.1377 1.5079e-02
4808.5796 1.0123e-02
4810.0220 1.4747e-02
4811.4653 2.1742e-02
4812.9087 1.1806e-02
4814.3525 1.0510e-02
4815.7969 1.9005e-02
4817.2417 5.7754e-03
4818.6865 1.0225e-02
4820.1328 1.3798e-02
4821.5786 1.6744e-02
4823.0249 6.3251e-03
4824.4717 1.1468e-02
4825.9189 1.1081e-02
4827.3667 1.9024e-02
4828.8149 1.9505e-02
4830.2637 2.1145e-02
4831.7124 1.1080e-02
4833.1621 1.6254e-02
4834.6118 8.1235e-03
4836.0620 1.6666e-02
4837.5137 8.4365e-03
4838.9644 1.2359e-02
4840.4165 1.4960e-02
4841.8687 6.9398e-03
4843.3208 6.0689e-03
4844.7739 1.4258e-02
4846.2275 1.0384e-02
4847.6812 6.4879e-03
4849.1357 1.4514e-02
4850.5903 9.0370e-03
4852.0454 1.6513e-02
4853.5015 9.0323e-03
4854.9575 6.2642e-03
4856.4136 2.0914e-02
4857.8706 1.8956e-02
4859.3281 8.3238e-03
4860.7861 9.8428e-03
4862.2437 1.6122e-02
4863.7026 5.5458e-03
4865.1621 4.0023e-03
4866.6211 1.1000e-02
4868.0815 1.6869e-02
4869.5420 1.2668e-02
4871.0024 2.2141e-02
4872.4639 8.6497e-03
4873.9263 9.8919e-03
4875.3877 6.5647e-03
4876.8506 1.1893e-02
4878.3135 1.0718e-02
4879.7773 1.0572e-02
4881.2412 8.6790e-03
4882.7051 4.5641e-03
4884.1704 1.2963e-02
4885.6357 1.4748e-02
4887.1011 4.8449e-03
4888.5674 1.4439e-02
4890.0337 1.2329e-02
4891.5010 8.5131e-03
4892.9683 9.4753e-03
4894.4360 5.8796e-03
4895.9043 1.6639e-02
4897.3730 1.4969e-02
4898.8423 7.5964e-03
4900.3120 2.0098e-03
4901.7827 5.1438e-03
4903.2529 9.2093e-03
4904.7231 8.1164e-03
4906.1953 4.0720e-03
4907.6675 1.1270e-02
4909.1392 1.2845e-02
4910.6123 2.2023e-02
4912.0854 1.1037e-02
4913.5586 8.0602e-03
4915.0332 1.5551e-02
4916.5073 8.3666e-03
4917.9819 5.9707e-03
4919.4575 3.7106e-03
4920.9331 2.0359e-02
4922.4097 1.1785e-02
4923.8872 2.2720e-02
4925.3638 8.9310e-03
4926.8418 1.2189e-02
4928.3188 1.8903e-02
4929.7979 9.6383e-03
4931.2769 1.0616e-02
4932.7563 1.8174e-02
4934.2358 2.1455e-03
4935.7168 1.4908e-02
4937.1963 8.3980e-03
4938.6782 8.2027e-03
4940.1597 8.9518e-03
4941.6416 2.3061e-02
4943.1250 1.3015e-02
4944.6069 4.8530e-03
4946.0908 1.3918e-02
4947.5752 1.4291e-02
4949.0586 5.2906e-03
4950.5435 1.3770e-02
4952.0278 1.5810e-02
4953.5142 8.3827e-03
4955.0010 1.0440e-02
4956.4873 1.3050e-02
4957.9741 9.0074e-03
4959.4614 4.0808e-03
4960.9492 7.6017e-03
4962.4370 5.9896e-03
4963.9258 3.1808e-03
4965.4150 1.8702e-02
4966.9048 1.2522e-02
4968.3945 9.4218e-03
4969.8853 6.0177e-03
4971.3765 4.5065e-03
4972.8677 1.3200e-02
4974.3599 1.0896e-02
4975.8521 5.9987e-03
4977.3447 9.4328e-03
4978.8379 5.2823e-03
4980.3315 2.0321e-02
4981.8257 1.3769e-02
4983.3203 2.4420e-02
4984.8159 4.9044e-03
4986.3105 1.6780e-02
4987.8066 9.0945e-03
4989.3027 7.3580e-03
4990.7998 1.8724e-02
4992.2974 1.6234e-02
4993.7939 4.5792e-03
4995.2930 1.4461e-02
4996.7915 1.2516e-02
4998.2905 1.7810e-02
4999.7896 6.0490e-03
5001.2896 9.9597e-03
5002.7900 1.3714e-02
5004.2915 7.6280e-03
5005.7925 8.4701e-03
5007.2944 6.8423e-03
5008.7964 1.4645e-02
5010.2993 1.3740e-02
5011.8022 7.0961e-03
5013.3057 1.1644e-02
5014.8101 9.0482e-03
5016.3145 9.6972e-03
5017.8184 7.3093e-03
5019.3247 1.1910e-02
5020.8301 5.0197e-03
5022.3359 1.3389e-02
5023.8428 2.2062e-03
5025.3496 6.3799e-03
5026.8579 1.7478e-02
5028.3657 8.7644e-03
5029.8740 4.5160e-03
5031.3828 2.5000e-03
5032.8926 1.2864e-02
5034.4023 1.0263e-02
5035.9131 1.5676e-02
5037.4233 6.3077e-03
5038.9346 1.2833e-02
5040.4463 9.1675e-03
5041.9585 9.0417e-03
5043.4712 9.0126e-03
5044.9839 5.6565e-03
5046.4980 8.1484e-03
5048.0112 1.0855e-02
5049.5259 1.5395e-02
5051.0415 1.5858e-02
5052.5562 5.8931e-03
5054.0723 5.3797e-03
5055.5884 1.4155e-02
5057.1045 1.5184e-02
5058.6221 8.8956e-03
5060.1401 5.0671e-03
5061.6577 1.3763e-02
5063.1763 4.2592e-03
5064.6953 1.3738e-02
5066.2144 9.3701e-03
5067.7339 4.1601e-03
5069.2549 7.2674e-03
5070.7759 6.4792e-03
5072.2969 1.0615e-02
5073.8188 9.3423e-03
5075.3403 3.7235e-03
5076.8628 6.1274e-03
5078.3867 1.0021e-02
5079.9097 1.7308e-02
5081.4336 2.5679e-02
5082.9580 3.4194e-03
5084.4829 9.0330e-03
5086.0083 1.2246e-02
5087.5342 4.4315e-03
5089.0605 6.6833e-03
5090.5874 1.1630e-02
5092.1143 4.4146e-03
5093.6421 8.8899e-03
5095.1699 1.3212e-02
5096.6987 1.4850e-02
5098.2275 5.2484e-03
5099.7573 7.8613e-03
5101.2871 8.6363e-03
5102.8179 5.7808e-03
5104.3481 1.7992e-02
5105.8799 7.8903e-03
5107.4111 3.6300e-03
5108.9438 1.0027e-02
5110.4761 8.3029e-03
5112.0093 8.9805e-03
5113.5435 9.1566e-03
5115.0771 1.1506e-02
5116.6118 1.0514e-02
5118.1470 1.4281e-02
5119.6816 1.3199e-03
5121.2183 1.6261e-02
5122.7544 9.8663e-03
5124.2910 6.7898e-03
5125.8286 1.3007e-02
5127.3667 7.0643e-03
5128.9043 9.5536e-03
5130.4429 6.3858e-03
5131.9824 1.1866e-02
5133.5220 6.0245e-03
5135.0615 1.1907e-02
5136.6021 1.3769e-02
5138.1436 1.2597e-02
5139.6846 5.3907e-03
5141.2266 3.5063e-03
5142.7690 1.1039e-02
5144.3125 6.9377e-03
5145.8550 1.3140e-02
5147.3989 4.9171e-03
5148.9429 1.2446e-02
5150.4883 7.7434e-03
5152.0332 1.4316e-02
5153.5781 1.2887e-02
5155.1245 1.4417e-02
5156.6714 1.1591e-02
5158.2178 8.1844e-03
5159.7656 1.2593e-02
5161.3130 2.3680e-02
5162.8618 7.3534e-03
5164.4106 1.2934e-02
5165.9604 6.6952e-03
5167.5098 5.8682e-03
5169.0605 5.0363e-03
5170.6108 3.2710e-03
5172.1621 1.2537e-02
5173.7139 1.1972e-02
5175.2656 1.6020e-02
5176.8188 6.9094e-03
5178.3711 1.0604e-02
5179.9253 1.0774e-02
5181.4790 1.9669e-02
5183.0337 6.8187e-03
5184.5884 2.1679e-02
5186.1436 7.3835e-03
5187.6992 8.9870e-03
5189.2559 5.4491e-03
5190.8130 1.2157e-02
5192.3696 8.1238e-03
5193.9277 6.3110e-03
5195.4858 1.3372e-02
5197.0439 9.5191e-03
5198.6035 1.4101e-02
5200.1636 1.0491e-02
5201.7231 5.9594e-03
5203.2837 8.1488e-03
5204.8447 1.8773e-02
5206.4058 8.4629e-03
5207.9683 6.4828e-03
5209.5303 1.2877e-02
5211.0933 1.7011e-02
5212.6567 1.0390e-02
5214.2202 7.4630e-03
5215.7847 1.2283e-02
5217.3496 7.5214e-03
5218.9150 8.7077e-03
5220.4800 2.3908e-02
5222.0464 6.2180e-03
5223.6128 7.7786e-03
5225.1802 7.3438e-03
5226.7480 1.5327e-02
5228.3154 9.2382e-03
5229.8843 1.4029e-02
5231.4526 1.6535e-02
5233.0225 6.0728e-03
5234.5928 8.0951e-03
5236.1626 1.4165e-02
5237.7339 9.9165e-03
5239.3052 1.7785e-02
5240.8770 1.0140e-02
5242.4492 6.6932e-03
5244.0220 1.7142e-02
5245.5947 5.9460e-03
5247.1689 1.3537e-02
5248.7422 5.1459e-03
5250.3174 1.9849e-02
5251.8921 1.0776e-02
5253.4678 1.8653e-02
5255.0439 1.4554e-02
5256.6211 1.7447e-02
5258.1978 1.5402e-02
5259.7749 1.3484e-02
5261.3530 1.3342e-02
5262.9312 1.0501e-02
5264.5098 5.3606e-03
5266.0898 1.5737e-02
5267.6694 1.6280e-02
5269.2495 8.2627e-03
5270.8311 1.0922e-02
5272.4116 5.2356e-03
5273.9941 1.3694e-02
5275.5757 3.6949e-03
5277.1587 6.2916e-03
5278.7422 1.6792e-02
5280.3252 1.0973e-02
5281.9092 1.7066e-02
5283.4937 1.4834e-02
5285.0786 1.0131e-02
5286.6641 1.1529e-02
5288.2500 1.3295e-02
5289.8369 1.0298e-02
5291.4238 5.7614e-03
5293.0117 1.0563e-02
5294.5996 1.6994e-02
5296.1870 4.6425e-03
5297.7764 6.5653e-03
5299.3662 5.4092e-03
5300.9561 2.2241e-02
5302.5459 1.6680e-02
5304.1367 7.9978e-03
5305.7280 8.8139e-03
5307.3188 7.0201e-03
5308.9116 1.7961e-02
5310.5044 1.1327e-02
5312.0977 1.2819e-02
5313.6919 1.0865e-02
5315.2856 1.7448e-02
5316.8799 9.2174e-03
5318.4751 9.6494e-03
5320.0708 1.5748e-03
5321.6665 9.8450e-03
5323.2632 6.0850e-03
5324.8604 1.3342e-02
5326.4575 1.2181e-03
5328.0557 1.9521e-02
5329.6533 1.2630e-02
5331.2534 2.8593e-03
5332.8516 1.3779e-02
5334.4517 1.4322e-02
5336.0522 1.0640e-02
5337.6533 7.7153e-03
5339.2544 1.0796e-02
5340.8560 9.2973e-03
5342.4585 9.0710e-03
5344.0605 1.2203e-02
5345.6646 8.6303e-03
5347.2681 7.1303e-03
5348.8726 3.0535e-03
5350.4771 1.4065e-02
5352.0825 1.7085e-02
5353.6875 2.1616e-02
5355.2944 5.3501e-03
5356.9009 1.5031e-02
5358.5073 1.6657e-02
5360.1152 1.1136e-02
5361.7236 4.8522e-03
5363.3315 6.1214e-03
5364.9404 1.1746e-02
5366.5503 6.2012e-03
5368.1602 6.8049e-03
5369.7705 1.6871e-02
5371.3813 6.0488e-03
5372.9932 9.9951e-03
5374.6050 1.1721e-02
5376.2173 8.4884e-03
5377.8301 1.9577e-02
5379.4434 2.0121e-02
5381.0576 2.1297e-02
5382.6714 8.3086e-03
5384.2861 1.5477e-02
5385.9014 1.2888e-02
5387.5171 2.0907e-02
5389.1343 5.7187e-03
5390.7505 1.3152e-02
5392.3677 9.5545e-03
5393.9858 7.4474e-03
5395.6035 1.5184e-02
5397.2222 1.9009e-02
5398.8413 1.3166e-02
5400.4609 1.4649e-02
5402.0811 3.1372e-03
5403.7017 1.0097e-02
5405.3228 8.1935e-03
5406.9448 1.1151e-02
5408.5659 1.2528e-02
5410.1890 8.7137e-03
5411.8115 5.6036e-03
5413.4360 7.8850e-03
5415.0596 5.1790e-03
5416.6841 7.1801e-03
5418.3096 9.6321e-03
5419.9351 6.0233e-03
5421.5605 1.1519e-02
5423.1875 3.3784e-03
5424.8145 3.6598e-03
5426.4414 9.4367e-03
5428.0693 2.1285e-02
5429.6982 6.1583e-03
5431.3271 1.4253e-02
5432.9565 1.1883e-02
5434.5859 4.3228e-03
5436.2163 7.8482e-03
5437.8472 1.0842e-02
5439.4785 1.5979e-02
5441.1104 4.2821e-03
5442.7427 7.0724e-03
5444.3760 1.3255e-02
5446.0098 9.7730e-03
5447.6431 1.2729e-02
5449.2778 1.5791e-02
5450.9121 8.4221e-03
5452.5474 5.8070e-03
5454.1826 2.0934e-02
5455.8193 8.3964e-03
5457.4565 2.0664e-02
5459.0933 5.5111e-03
5460.7310 7.6220e-03
5462.3696 1.3709e-02
5464.0073 1.0242e-02
5465.6475 1.1685e-02
5467.2871 6.4114e-03
5468.9272 1.9430e-02
5470.5674 1.7111e-02
5472.2090 6.6419e-03
5473.8506 9.8130e-03
5475.4927 1.2764e-02
5477.1353 1.9664e-02
5478.7783 5.8165e-03
5480.4224 2.0672e-02
5482.0659 1.8004e-02
5483.7104 1.1155e-02
5485.3560 1.6238e-02
5487.0010 9.8092e-03
5488.6475 3.5429e-03
5490.2944 3.3851e-03
5491.9414 1.2170e-02
5493.5889 6.4988e-03
5495.2368 1.1501e-02
5496.8857 1.1939e-02
5498.5342 1.1018e-02
5500.1841 4.7409e-03
5501.8340 9.0787e-03
5503.4849 8.8272e-03
5505.1357 1.2306e-02
5506.7871 8.5319e-03
5508.4395 9.7035e-03
5510.0923 1.3339e-02
5511.7451 1.5333e-02
5513.3984 3.7286e-03
5515.0522 7.3881e-03
5516.7070 8.6053e-03
5518.3623 1.2821e-02
5520.0176 1.0163e-02
5521.6733 1.4307e-02
5523.3301 9.0600e-03
5524.9868 5.2192e-03
5526.6450 6.9735e-03
5528.3027 1.3684e-02
5529.9609 1.4622e-02
5531.6201 1.6740e-02
5533.2793 1.8469e-02
5534.9395 1.2118e-02
5536.5996 1.5708e-02
5538.2607 1.1361e-02
5539.9229 6.6964e-03
5541.5840 9.9083e-03
5543.2466 1.2321e-02
5544.9102 9.8602e-03
5546.5728 1.2896e-02
5548.2373 9.5312e-03
5549.9019 1.7415e-02
5551.5664 7.2821e-03
5553.2324 8.4149e-03
5554.8984 1.3931e-02
5556.5645 2.0501e-02
5558.2310 6.9466e-03
5559.8989 1.0548e-02
5561.5669 7.6047e-03
5563.2354 7.8803e-03
5564.9043 1.6639e-02
5566.5732 2.3490e-02
5568.2437 8.4167e-03
5569.9150 6.1961e-03
5571.5854 7.5952e-03
5573.2568 1.6375e-02
5574.9287 1.1101e-02
5576.6011 1.0633e-03
5578.2739 7.7889e-03
5579.9482 5.5097e-03
5581.6216 1.1326e-02
5583.2959 1.7662e-02
5584.9717 1.1945e-02
5586.6470 1.5054e-02
5588.3223 5.1131e-03
5589.9990 1.0906e-02
5591.6763 6.9815e-03
5593.3535 1.3095e-02
5595.0317 9.4465e-03
5596.7104 1.3589e-02
5598.3892 1.1643e-02
5600.0688 1.5632e-02
5601.7490 6.6394e-03
5603.4292 7.6121e-03
5605.1104 9.9570e-03
5606.7915 7.5302e-03
5608.4741 5.9804e-03
5610.1562 8.9054e-03
5611.8394 1.0922e-02
5613.5234 1.4163e-02
5615.2075 1.1057e-02
5616.8916 1.2373e-02
5618.5767 1.1019e-02
5620.2627 8.4130e-03
5621.9482 1.1227e-02
5623.6348 1.6519e-02
5625.3218 1.1903e-02
5627.0098 8.5677e-03
5628.6982 1.6099e-02
5630.3867 9.8907e-03
5632.0757 1.0132e-02
5633.7651 9.6823e-03
5635.4551 8.9505e-03
5637.1460 6.6854e-03
5638.8369 2.4871e-03
5640.5283 8.9672e-03
5642.2207 8.1890e-03
5643.9141 8.9428e-03
5645.6069 1.0963e-02
5647.3003 1.0453e-02
5648.9946 1.3540e-02
5650.6895 7.3426e-03
5652.3848 1.0538e-02
5654.0801 7.4442e-03
5655.7759 4.6813e-03
5657.4736 4.9249e-03
5659.1709 8.1460e-03
5660.8682 8.1131e-03
5662.5664 8.4322e-03
5664.2651 9.3053e-03
5665.9644 9.1025e-03
5667.6641 4.5756e-03
5669.3647 1.3161e-02
5671.0649 6.2034e-03
5672.7666 6.4467e-03
5674.4688 1.0613e-02
5676.1709 1.1514e-02
5677.8740 1.5543e-02
5679.5771 5.3548e-03
5681.2812 8.3338e-03
5682.9858 1.0050e-02
5684.6899 1.1592e-02
5686.3950 9.7793e-03
5688.1021 7.3680e-03
5689.8076 3.5702e-03
5691.5146 9.9217e-03
5693.2222 9.4004e-03
5694.9302 1.5626e-02
5696.6382 5.2874e-03
5698.3477 1.4069e-02
5700.0571 1.8960e-02
5701.7671 4.3803e-03
5703.4775 8.3849e-03
5705.1885 1.2132e-02
5706.9004 6.7854e-03
5708.6123 9.0380e-03
5710.3252 9.2775e-03
5712.0381 1.8142e-02
5713.7524 6.3928e-03
5715.4663 7.2930e-03
5717.1812 5.3300e-03
5718.8955 8.3456e-03
5720.6118 1.0103e-02
5722.3271 4.9502e-03
5724.0444 1.2209e-02
5725.7617 1.1843e-02
5727.4795 8.1426e-03
5729.1973 5.3626e-03
5730.9165 3.0725e-03
5732.6353 7.4862e-03
5734.3550 5.9816e-03
5736.0757 6.4362e-03
5737.7969 5.9091e-03
5739.5176 9.3784e-03
5741.2397 7.9676e-03
5742.9624 5.4593e-03
5744.6851 7.2377e-03
5746.4082 5.8045e-03
5748.1323 9.8051e-03
5749.8569 4.9494e-03
5751.5815 1.1418e-02
5753.3076 1.1240e-02
5755.0332 3.4538e-03
5756.7593 1.2303e-02
5758.4863 8.8049e-03
5760.2144 1.1746e-02
5761.9424 7.9146e-03
5763.6709 5.9488e-03
5765.3999 6.0443e-03
5767.1294 1.2708e-02
5768.8594 4.4122e-03
5770.5908 1.4718e-02
5772.3213 1.3533e-02
5774.0527 1.7033e-02
5775.7856 1.3920e-02
5777.5181 8.5591e-03
5779.2515 1.0711e-02
5780.9844 7.7178e-03
5782.7192 7.9715e-03
5784.4546 2.1544e-03
5786.1899 1.1318e-02
5787.9253 7.4448e-03
5789.6626 9.9538e-03
5791.3984 1.1320e-02
5793.1362 4.0216e-03
5794.8745 8.6248e-03
5796.6123 1.3382e-02
5798.3516 6.5242e-03
5800.0913 2.3377e-03
5801.8306 1.3175e-02
5803.5713 3.7971e-03
5805.3125 7.6101e-03
5807.0537 9.1782e-03
5808.7964 1.4803e-02
5810.5391 1.3936e-02
5812.2822 1.2446e-02
5814.0259 7.1258e-03
5815.7700 1.0758e-02
5817.5151 2.9664e-03
5819.2598 7.4345e-03
5821.0059 9.0546e-03
5822.7524 8.9246e-03
5824.4990 4.6418e-03
5826.2461 8.6453e-03
5827.9937 9.4436e-03
5829.7427 1.1359e-02
5831.4912 2.9949e-03
5833.2407 1.0098e-02
5834.9912 7.2052e-03
5836.7417 5.0587e-03
5838.4922 6.9394e-03
5840.2446 1.3099e-02
5841.9961 1.5038e-02
5843.7490 1.0436e-02
5845.5020 1.2960e-02
5847.2559 4.3387e-03
5849.0103 8.6395e-03
5850.7642 6.9388e-03
5852.5195 1.0098e-02
5854.2754 1.1618e-02
5856.0317 9.6812e-03
5857.7881 7.0683e-03
5859.5454 9.0209e-03
5861.3032 3.9310e-03
5863.0625 1.3419e-03
5864.8208 7.9331e-03
5866.5806 3.0976e-03
5868.3403 8.3391e-03
5870.1006 4.9155e-03
5871.8618 5.4486e-03
5873.6230 1.2248e-02
5875.3857 9.1181e-04
5877.1479 1.0312e-02
5878.9111 1.6521e-02
5880.6748 5.1042e-03
5882.4390 9.5251e-03
5884.2036 5.6664e-03
5885.9692 1.1879e-02
5887.7349 9.7322e-03
5889.5010 9.4780e-03
5891.2676 8.0483e-03
5893.0356 7.6434e-03
5894.8032 3.6288e-03
5896.5718 1.2765e-03
5898.3408 7.1800e-03
5900.1108 6.8945e-03
5901.8804 1.3247e-03
5903.6509 2.8555e-03
5905.4219 9.1974e-03
5907.1938 1.1039e-02
5908.9663 1.2055e-02
5910.7383 1.2126e-02
5912.5112 8.7059e-03
5914.2856 1.2381e-02
5916.0601 7.9502e-03
5917.8345 3.1653e-03
5919.6099 4.4764e-03
5921.3857 4.7104e-03
5923.1621 4.8116e-03
5924.9395 4.2839e-03
5926.7163 9.9562e-03
5928.4946 4.1020e-03
5930.2729 4.0804e-03
5932.0522 5.9432e-03
5933.8315 6.4116e-03
5935.6123 1.5227e-03
5937.3926 1.2593e-02
5939.1738 1.3225e-02
5940.9556 7.8851e-03
5942.7383 9.3321e-03
5944.5210 1.7208e-02
5946.3042 1.0659e-02
5948.0879 1.0650e-02
5949.8726 7.6463e-03
5951.6572 8.8920e-03
5953.4434 1.1203e-02
5955.2290 3.3763e-03
5957.0151 4.7792e-03
5958.8022 3.9591e-03
5960.5903 2.5027e-03
5962.3789 9.5057e-03
5964.1670 9.6624e-03
5965.9561 9.1513e-03
5967.7466 4.8547e-03
5969.5366 1.5956e-03
5971.3276 8.9709e-03
5973.1187 6.0306e-03
5974.9106 5.7933e-03
5976.7031 2.1067e-02
5978.4961 1.4479e-02
5980.2900 1.0651e-02
5982.0845 2.6220e-03
5983.8789 1.0375e-02
5985.6729 3.4477e-03
5987.4692 7.6014e-03
5989.2651 4.8455e-03
5991.0620 7.2059e-03
5992.8589 5.0199e-03
5994.6572 8.6302e-03
5996.4556 1.1465e-02
5998.2549 9.0517e-03
6000.0547 4.9889e-03
6001.8545 3.0098e-03
6003.6548 1.3755e-02
6005.4561 2.1244e-03
6007.2578 4.3660e-03
6009.0596 5.4061e-03
6010.8623 1.1156e-02
6012.6660 3.0097e-03
6014.4697 5.9795e-03
6016.2739 3.7815e-03
6018.0786 1.0538e-02
6019.8843 7.9160e-03
6021.6909 6.2169e-03
6023.4966 4.4317e-03
6025.3037 1.0652e-02
6027.1108 1.3577e-02
6028.9199 7.6347e-03
6030.7285 4.1700e-03
6032.5366 7.4709e-03
6034.3472 1.6989e-02
6036.1577 1.4929e-02
6037.9683 7.3234e-03
6039.7793 1.2113e-02
6041.5918 3.8092e-03
6043.4038 1.1739e-02
6045.2173 9.5025e-03
6047.0312 1.1271e-02
6048.8447 2.9242e-03
6050.6592 9.2043e-03
6052.4751 1.2245e-02
6054.2905 6.8569e-03
6056.1069 5.4967e-03
6057.9233 5.5547e-03
6059.7407 1.3424e-03
6061.5586 1.3194e-02
6063.3770 5.7019e-03
6065.1968 1.1045e-02
6067.0161 1.0493e-02
6068.8359 5.8597e-03
6070.6567 9.2997e-03
6072.4785 8.1191e-03
6074.2998 4.9078e-03
6076.1221 8.0451e-03
6077.9448 1.4852e-02
6079.7681 0.0000e+00
6081.5918 3.2785e-03
6083.4160 2.9176e-03
6085.2417 3.4104e-03
6087.0664 1.4570e-02
6088.8936 5.5943e-03
6090.7197 7.2522e-03
6092.5469 1.2110e-03
6094.3745 6.8407e-03
6096.2031 1.1354e-02
6098.0327 1.4940e-02
6099.8613 1.1404e-02
6101.6914 6.0780e-03
6103.5220 1.1150e-02
6105.3530 7.3437e-03
6107.1846 4.9388e-03
6109.0171 1.0977e-02
6110.8496 8.2940e-03
6112.6831 1.6403e-02
6114.5166 9.7353e-03
6116.3511 1.1953e-03
6118.1855 8.9393e-03
6120.0210 5.6624e-03
6121.8574 1.1244e-02
6123.6938 5.0169e-03
6125.5308 4.6873e-03
6127.3687 9.1665e-03
6129.2065 6.3579e-03
6131.0454 4.9012e-03
6132.8843 7.1871e-03
6134.7246 6.2976e-03
6136.5649 1.1788e-02
6138.4062 8.9121e-04
6140.2476 7.4291e-03
6142.0894 2.8043e-03
6143.9316 1.0964e-02
6145.7759 6.0864e-03
6147.6191 7.5206e-03
6149.4634 6.7009e-03
6151.3081 3.2160e-03
6153.1538 7.2670e-03
6155.0000 3.2481e-03
6156.8462 4.2947e-03
6158.6934 7.6890e-03
6160.5410 6.4425e-03
6162.3892 1.0377e-02
6164.2373 3.5768e-03
6166.0869 1.0089e-02
6167.9370 4.0153e-03
6169.7871 1.4338e-03
6171.6387 3.0244e-03
6173.4897 7.1473e-03
6175.3413 3.3277e-03
6177.1938 5.2611e-04
6179.0474 4.6402e-03
6180.9009 2.8607e-03
6182.7549 2.6276e-03
6184.6104 9.5232e-03
6186.4653 5.9133e-03
6188.3213 4.2532e-03
6190.1782 6.3234e-03
6192.0356 7.6678e-03
6193.8931 8.4750e-03
6195.7505 1.0960e-03
6197.6099 7.4503e-03
6199.4688 2.2229e-03
6201.3281 4.8051e-03
6203.1895 5.7037e-03
6205.0498 8.0543e-03
6206.9121 5.9025e-03
6208.7739 5.0685e-03
6210.6367 4.0652e-03
6212.4995 2.0720e-04
6214.3633 5.0273e-03
6216.2275 2.9089e-03
6218.0923 7.2479e-03
6219.9575 5.5090e-03
6221.8237 1.1468e-02
6223.6904 4.2217e-03
6225.5576 1.1265e-02
6227.4258 9.4261e-03
6229.2935 8.6266e-03
6231.1621 9.8079e-03
6233.0317 4.3148e-04
6234.9019 9.4160e-03
6236.7720 9.9083e-03
6238.6431 4.2270e-03
6240.5146 3.0679e-03
6242.3867 7.1812e-03
6244.2598 2.8084e-03
6246.1323 8.7590e-03
6248.0063 5.4651e-03
6249.8813 4.1095e-03
6251.7559 5.0926e-03
6253.6313 6.1748e-03
6255.5073 1.5832e-03
6257.3843 5.2698e-03
6259.2617 8.9883e-03
6261.1392 9.5678e-03
6263.0176 4.8504e-03
6264.8970 1.4018e-02
6266.7759 6.2903e-03
6268.6562 1.4168e-02
6270.5361 1.8760e-03
6272.4180 8.3144e-03
6274.2993 3.6640e-03
6276.1816 2.1852e-03
6278.0645 9.5276e-03
6279.9478 3.0548e-03
6281.8320 6.1062e-03
6283.7168 3.2547e-03
6285.6021 7.3140e-03
6287.4868 5.5912e-03
6289.3740 5.8578e-03
6291.2603 6.5977e-03
6293.1475 4.7030e-03
6295.0352 4.9322e-03
6296.9238 7.3865e-03
6298.8130 8.5255e-03
6300.7026 9.9955e-03
6302.5933 4.8835e-03
6304.4839 6.3649e-03
6306.3755 4.7770e-03
6308.2676 2.6836e-03
6310.1597 5.6280e-03
6312.0527 7.8366e-03
6313.9468 1.2173e-02
6315.8398 3.6898e-03
6317.7349 1.2652e-02
6319.6304 6.3735e-03
6321.5269 3.1494e-03
6323.4233 5.5330e-03
6325.3198 9.6189e-03
6327.2178 5.6598e-03
6329.1157 1.0331e-02
6331.0146 5.1791e-04
6332.9131 5.5371e-03
6334.8140 7.9024e-03
6336.7139 6.7455e-03
6338.6147 1.3201e-02
6340.5166 1.3114e-02
6342.4189 4.9775e-03
6344.3213 5.2162e-03
6346.2246 2.5068e-03
6348.1284 4.8908e-03
6350.0332 3.8954e-03
6351.9380 5.4573e-03
6353.8442 5.6709e-03
6355.7500 8.8830e-03
6357.6572 5.5984e-03
6359.5645 6.7209e-03
6361.4717 4.0876e-03
6363.3804 7.9517e-03
6365.2891 1.3224e-02
6367.1987 7.5353e-03
6369.1089 3.1741e-03
6371.0200 9.7766e-03
6372.9312 0.0000e+00
6374.8428 1.0891e-02
6376.7549 4.9115e-03
6378.6685 4.0611e-03
6380.5820 1.4641e-02
6382.4966 5.9766e-03
6384.4111 6.8877e-03
6386.3257 1.0337e-02
6388.2422 4.7715e-03
6390.1587 2.1557e-03
6392.0752 2.8757e-03
6393.9932 1.3547e-02
6395.9116 6.0274e-03
6397.8301 6.0711e-03
6399.7490 7.2829e-03
6401.6694 8.7137e-03
6403.5898 3.7476e-03
6405.5112 6.7258e-03
6407.4331 5.3357e-03
6409.3545 6.2662e-03
6411.2778 6.8245e-03
6413.2012 7.5035e-03
6415.1250 1.0919e-02
6417.0493 7.4255e-03
6418.9741 1.0798e-02
6420.9004 6.7380e-03
6422.8262 5.9561e-03
6424.7534 9.0208e-04
6426.6812 8.6762e-03
6428.6094 2.3862e-04
6430.5381 9.5817e-04
6432.4668 3.1996e-03
6434.3960 4.9316e-03
6436.3267 5.4744e-03
6438.2578 1.2296e-02
6440.1895 1.0290e-02
6442.1216 2.9846e-03
6444.0537 2.6000e-03
6445.9868 6.3634e-03
6447.9209 1.0925e-02
6449.8550 7.7230e-03
6451.7905 2.9719e-03
6453.7256 7.5612e-03
6455.6621 6.4672e-03
6457.5986 2.2666e-03
6459.5356 4.9475e-03
6461.4741 5.3211e-03
6463.4121 5.9807e-03
6465.3506 5.1123e-03
6467.2905 6.0465e-03
6469.2310 9.4394e-03
6471.1719 3.0137e-03
6473.1128 1.3135e-02
6475.0552 7.6676e-03
6476.9976 1.0435e-02
6478.9409 6.0975e-03
6480.8848 3.9861e-03
6482.8286 8.7504e-04
6484.7739 7.1649e-03
6486.7192 1.8778e-03
6488.6650 2.7888e-03
6490.6113 3.3614e-03
6492.5581 7.7364e-03
6494.5063 1.0040e-02
6496.4546 5.2610e-03
6498.4038 1.2776e-02
6500.3535 1.3702e-02
6502.3032 7.8506e-03
6504.2539 7.0352e-03
6506.2056 6.0806e-03
6508.1572 4.8289e-03
6510.1099 9.7759e-03
6512.0625 1.4631e-02
6514.0166 6.9209e-03
6515.9702 8.7721e-03
6517.9258 8.8763e-03
6519.8809 7.3181e-03
6521.8364 1.0415e-02
6523.7930 5.2833e-03
6525.7505 7.2122e-03
6527.7075 7.8180e-03
6529.6665 8.1641e-03
6531.6255 5.5658e-03
6533.5845 1.2907e-02
6535.5449 7.8981e-03
6537.5054 3.3241e-03
6539.4668 4.2660e-03
6541.4282 7.8739e-03
6543.3911 6.3143e-03
6545.3545 4.6289e-03
6547.3179 7.2597e-03
6549.2817 1.7532e-03
6551.2466 3.4241e-03
6553.2124 3.1436e-03
6555.1777 9.2645e-03
6557.1445 7.3713e-03
6559.1113 6.7622e-03
6561.0796 4.8260e-03
6563.0479 1.1531e-02
6565.0166 5.6186e-03
6566.9863 8.7660e-03
6568.9561 7.0538e-03
6570.9268 1.0526e-03
6572.8979 5.8763e-03
6574.8701 2.2136e-03
6576.8423 8.6752e-03
6578.8154 7.3734e-03
6580.7896 5.3890e-03
6582.7632 8.6781e-03
6584.7383 2.7475e-03
6586.7139 8.7530e-03
6588.6895 5.9245e-03
6590.6660 9.8116e-04
6592.6431 6.8259e-03
6594.6211 8.5791e-03
6596.5996 1.0136e-02
6598.5791 6.1787e-03
6600.5581 3.2480e-03
6602.5386 1.0707e-02
6604.5190 6.7208e-03
6606.5005 9.4734e-04
6608.4824 4.4575e-03
6610.4648 6.5294e-03
6612.4482 6.9989e-03
6614.4326 1.3467e-03
6616.4160 6.0934e-03
6618.4009 5.1408e-03
6620.3867 1.3376e-02
6622.3730 3.2298e-03
6624.3594 5.3418e-03
6626.3467 1.0677e-02
6628.3350 6.8840e-03
6630.3232 1.3605e-02
6632.3125 3.4333e-03
6634.3022 7.0217e-03
6636.2920 2.6052e-03
6638.2827 5.0182e-03
6640.2744 2.5231e-03
6642.2671 8.3702e-03
6644.2593 5.2777e-03
6646.2529 6.7851e-03
6648.2471 1.4092e-03
6650.2412 9.8471e-03
6652.2358 1.1008e-02
6654.2314 7.2228e-03
6656.2280 8.9388e-03
6658.2251 5.6613e-03
6660.2222 6.1806e-03
6662.2207 3.6432e-03
6664.2197 7.1112e-03
6666.2178 2.1767e-04
6668.2178 4.6489e-03
6670.2188 4.3046e-03
6672.2192 7.1049e-03
6674.2212 4.9199e-03
6676.2241 5.9822e-03
6678.2266 3.6348e-03
6680.2300 1.0054e-02
6682.2334 3.9978e-03
6684.2388 7.0580e-03
6686.2446 6.1882e-03
6688.2500 3.1971e-03
6690.2563 5.3735e-03
6692.2627 5.4066e-03
6694.2715 5.5534e-03
6696.2793 1.6261e-03
6698.2881 9.7165e-03
6700.2979 7.4425e-03
6702.3081 1.0580e-02
6704.3188 4.7460e-03
6706.3301 9.4789e-03
6708.3418 5.9805e-03
6710.3545 8.2564e-03
6712.3672 5.7486e-03
6714.3809 8.9606e-03
6716.3955 1.1714e-02
6718.4106 1.0706e-03
6720.4263 1.2509e-02
6722.4419 7.2588e-03
6724.4585 1.3789e-02
6726.4756 3.7301e-03
6728.4946 5.9331e-03
6730.5127 3.0932e-03
6732.5312 1.1684e-03
6734.5513 6.1369e-03
6736.5718 7.8594e-03
6738.5923 4.5945e-03
6740.6152 9.2764e-03
6742.6367 1.9842e-03
6744.6587 1.1909e-02
6746.6831 6.9598e-03
6748.7065 8.4265e-03
6750.7310 4.0759e-03
6752.7563 4.9173e-03
6754.7822 4.1265e-03
6756.8091 3.0897e-03
6758.8359 4.3487e-03
6760.8633 6.9658e-03
6762.8916 4.0743e-03
6764.9209 2.9946e-03
6766.9502 5.3344e-03
6768.9805 2.4587e-03
6771.0107 3.4304e-03
6773.0425 8.2220e-03
6775.0742 6.2306e-03
6777.1064 1.7294e-02
6779.1401 9.2277e-03
6781.1733 3.4867e-03
6783.2080 7.2392e-03
6785.2427 3.2248e-03
6787.2783 4.1658e-04
6789.3149 6.0942e-03
6791.3516 7.8927e-03
6793.3887 9.8307e-03
6795.4272 6.8690e-03
6797.4653 6.5130e-03
6799.5049 5.9081e-03
6801.5444 2.5084e-03
6803.5854 4.5357e-03
6805.6260 1.1602e-02
6807.6685 1.2139e-02
6809.7100 2.7482e-03
6811.7534 4.7607e-03
6813.7964 1.0384e-02
6815.8408 1.7503e-03
6817.8853 6.2729e-03
6819.9312 1.2023e-02
6821.9771 2.1227e-03
6824.0234 4.9359e-03
6826.0703 2.7290e-03
6828.1182 4.4451e-03
6830.1670 3.6842e-03
6832.2163 2.8185e-03
6834.2651 5.8383e-03
6836.3154 1.0083e-02
6838.3667 8.2187e-03
6840.4180 5.5211e-03
6842.4702 9.6301e-03
6844.5229 2.3194e-03
6846.5762 1.2338e-02
6848.6304 7.7968e-03
6850.6851 1.1035e-02
6852.7402 1.0472e-03
6854.7959 5.8433e-03
6856.8525 2.6698e-03
6858.9097 4.7783e-03
6860.9668 4.0668e-03
6863.0254 1.0828e-02
6865.0845 4.9899e-03
6867.1440 9.9141e-03
6869.2041 8.5248e-04
6871.2646 8.6463e-03
6873.3257 3.4556e-03
6875.3882 4.5879e-03
6877.4512 1.1487e-02
6879.5137 8.1722e-03
6881.5781 2.8192e-03
6883.6421 6.2184e-03
6885.7075 1.2742e-03
6887.7729 2.4978e-03
6889.8394 4.7032e-03
6891.9062 4.6027e-03
6893.9746 4.5460e-03
6896.0425 3.5902e-03
6898.1113 7.9584e-03
6900.1802 4.2784e-03
6902.2505 3.8096e-03
6904.3213 7.5356e-03
6906.3926 8.9367e-03
6908.4648 6.2889e-03
6910.5366 3.1024e-03
6912.6099 9.6452e-03
6914.6841 3.4241e-03
6916.7588 7.4244e-03
6918.8335 4.2908e-03
6920.9092 5.5498e-03
6922.9849 8.6132e-04
6925.0620 2.1100e-03
6927.1401 6.4409e-03
6929.2178 5.0655e-03
6931.2964 2.6178e-03
6933.3760 8.7843e-03
6935.4561 4.2555e-03
6937.5371 3.8550e-03
6939.6182 1.0806e-02
6941.7002 3.6130e-03
6943.7822 4.5115e-03
6945.8657 8.6150e-03
6947.9487 8.8914e-03
6950.0337 3.8676e-03
6952.1182 2.7324e-03
6954.2046 1.1253e-02
6956.2905 4.0289e-03
6958.3779 8.1225e-03
6960.4644 1.0450e-02
6962.5527 6.5444e-03
6964.6421 2.9632e-03
6966.7314 6.4230e-03
6968.8208 6.9703e-03
6970.9116 9.7483e-03
6973.0029 1.2667e-02
6975.0947 8.7501e-03
6977.1880 8.5266e-03
6979.2803 2.0064e-03
6981.3745 9.0440e-03
6983.4692 1.2844e-03
6985.5635 5.4719e-03
6987.6602 2.8566e-03
6989.7559 4.8062e-03
6991.8525 6.6294e-04
6993.9507 2.8483e-03
6996.0488 2.7444e-03
6998.1479 9.8548e-03
7000.2471 4.0361e-03
7002.3467 4.8219e-03
7004.4468 6.3960e-03
7006.5488 3.0053e-03
7008.6514 8.2848e-03
7010.7529 4.9318e-03
7012.8564 4.0898e-03
7014.9609 2.0869e-03
7017.0654 2.9755e-03
7019.1699 4.5676e-03
7021.2759 3.3240e-03
7023.3823 1.1901e-02
7025.4893 4.6236e-03
7027.5977 8.4892e-03
7029.7051 3.3138e-03
7031.8145 2.6430e-03
7033.9238 5.0535e-03
7036.0337 9.6501e-04
7038.1450 1.3167e-03
7040.2559 5.2517e-03
7042.3687 5.9338e-03
7044.4805 3.6515e-03
7046.5938 3.5961e-03
7048.7080 4.8771e-03
7050.8228 7.1984e-03
7052.9385 1.5664e-03
7055.0542 4.8067e-03
7057.1704 1.8454e-03
7059.2881 6.3439e-03
7061.4053 3.9562e-03
7063.5234 5.8458e-03
7065.6431 4.1171e-04
7067.7627 1.0274e-03
7069.8828 4.9729e-03
7072.0039 3.8545e-03
7074.1255 8.4798e-03
7076.2476 7.3676e-03
7078.3706 5.6860e-03
7080.4937 8.1733e-03
7082.6187 1.1002e-03
7084.7432 2.4957e-03
7086.8687 1.0551e-02
7088.9946 4.2854e-03
7091.1216 4.1448e-04
7093.2490 2.4542e-03
7095.3765 9.7841e-03
7097.5049 1.6421e-03
7099.6348 2.4070e-03
7101.7642 7.2363e-04
7103.8945 0.0000e+00
7106.0264 4.7408e-03
7108.1582 5.3948e-03
7110.2905 4.2303e-03
7112.4229 2.8886e-04
7114.5571 5.2109e-03
7116.6914 3.0335e-03
7118.8262 1.6815e-03
7120.9619 5.0595e-03
7123.0986 2.5445e-03
7125.2354 2.8631e-03
7127.3730 4.6064e-03
7129.5112 3.6386e-03
7131.6499 1.1992e-03
7133.7896 2.2754e-03
7135.9292 1.1482e-03
7138.0703 2.7623e-03
7140.2119 3.6505e-03
7142.3540 9.7626e-03
7144.4966 1.7196e-03
7146.6396 5.0439e-03
7148.7842 0.0000e+00
7150.9287 3.4569e-03
7153.0742 6.9162e-03
7155.2197 6.1354e-03
7157.3667 9.1852e-03
7159.5137 5.2982e-03
7161.6616 3.5089e-03
7163.8101 4.2179e-03
7165.9590 4.8769e-03
7168.1089 7.7526e-03
7170.2593 7.7216e-03
7172.4102 7.0638e-03
7174.5625 6.6958e-03
7176.7144 4.6853e-03
7178.8672 3.3967e-03
7181.0210 2.7062e-03
7183.1753 5.5927e-03
7185.3306 7.4003e-03
7187.4858 2.5868e-03
7189.6421 7.7169e-03
7191.7988 6.0341e-03
7193.9565 5.9841e-03
7196.1147 7.9628e-03
7198.2734 6.6244e-03
7200.4336 2.3290e-03
7202.5928 1.1871e-02
7204.7539 3.8901e-03
7206.9155 2.8530e-03
7209.0771 3.9514e-03
7211.2402 9.5224e-03
7213.4033 2.4006e-03
7215.5674 2.9828e-03
7217.7324 5.4931e-03
7219.8979 6.4312e-03
7222.0635 1.8551e-03
7224.2300 7.3901e-03
7226.3979 2.1122e-03
7228.5654 9.7021e-03
7230.7334 3.0992e-03
7232.9033 2.4835e-03
7235.0728 6.7819e-03
7237.2432 3.5677e-03
7239.4150 7.4627e-03
7241.5864 2.6549e-03
7243.7593 1.5828e-03
7245.9321 8.8317e-03
7248.1060 2.9198e-03
7250.2803 8.2204e-03
7252.4551 2.4400e-03
7254.6313 2.2370e-03
7256.8076 1.2547e-03
7258.9849 3.0643e-03
7261.1626 1.1369e-03
7263.3408 4.8646e-03
7265.5200 3.3263e-03
7267.6992 4.0865e-03
7269.8799 3.5142e-03
7272.0605 7.6257e-03
7274.2422 4.3681e-03
7276.4243 5.8230e-03
7278.6069 5.5379e-03
7280.7910 2.0349e-03
7282.9751 5.0975e-03
7285.1602 8.8760e-03
7287.3452 4.3050e-03
7289.5317 6.5293e-03
7291.7188 2.6864e-04
7293.9067 1.0406e-03
7296.0947 6.5339e-03
7298.2832 3.3573e-03
7300.4727 4.0183e-04
7302.6631 1.9315e-03
7304.8540 1.9047e-04
7307.0454 5.4343e-03
7309.2373 3.6631e-03
7311.4292 6.5010e-03
7313.6235 1.6947e-03
7315.8179 6.7074e-03
7318.0122 8.3897e-03
7320.2075 3.2989e-03
7322.4038 5.0951e-03
7324.6001 2.3246e-03
7326.7979 1.7795e-03
7328.9961 0.0000e+00
7331.1943 3.6928e-03
7333.3936 5.6982e-03
7335.5938 5.7179e-03
7337.7944 3.6283e-03
7339.9956 5.9892e-03
7342.1982 3.3928e-03
7344.4004 9.4040e-03
7346.6035 3.6868e-03
7348.8081 4.0313e-03
7351.0127 3.2813e-03
7353.2183 5.5431e-03
7355.4238 1.6528e-03
7357.6304 2.7014e-03
7359.8374 3.6308e-04
7362.0459 2.2436e-03
7364.2549 0.0000e+00
7366.4634 9.9523e-04
7368.6738 4.7285e-03
7370.8838 2.7694e-03
7373.0957 8.3152e-03
7375.3071 8.2023e-03
7377.5200 1.1020e-03
7379.7334 5.3747e-03
7381.9473 3.5492e-03
7384.1616 1.5593e-03
7386.3770 6.5300e-03
7388.5928 7.4690e-03
7390.8096 3.5406e-03
7393.0264 1.3481e-03
7395.2446 9.8050e-04
7397.4639 4.3666e-03
7399.6826 7.6362e-03
7401.9023 2.3382e-03
7404.1230 6.2459e-03
7406.3438 2.6388e-03
7408.5654 2.0908e-03
7410.7886 3.2094e-03
7413.0122 1.0242e-03
7415.2354 4.4645e-03
7417.4604 5.5732e-03
7419.6855 3.5509e-03
7421.9116 8.3838e-03
7424.1382 2.4394e-03
7426.3652 6.8675e-03
7428.5933 3.3725e-03
7430.8218 2.1183e-03
7433.0513 1.6083e-03
7435.2808 1.7278e-03
7437.5117 7.2040e-03
7439.7432 7.8841e-03
7441.9741 4.1125e-03
7444.2070 2.1354e-03
7446.4404 2.9207e-03
7448.6748 5.3175e-03
7450.9097 3.9240e-03
7453.1440 5.0533e-03
7455.3809 5.1198e-03
7457.6167 7.7266e-03
7459.8545 1.4214e-03
7462.0923 3.2591e-03
7464.3306 4.8957e-03
7466.5698 5.1470e-03
7468.8096 5.6765e-03
7471.0503 6.8386e-03
7473.2920 3.8529e-03
7475.5342 8.2583e-04
7477.7769 2.5123e-03
7480.0205 6.8143e-03
7482.2637 5.5204e-03
7484.5088 8.5952e-03
7486.7539 4.6678e-03
7489.0000 4.1539e-03
7491.2471 6.5917e-03
7493.4937 6.0912e-04
7495.7422 1.2715e-03
7497.9912 2.3758e-03
7500.2402 9.1904e-04
7502.4902 5.7463e-03
7504.7412 1.7028e-03
7506.9927 4.0903e-03
7509.2441 5.7147e-03
7511.4976 4.8820e-03
7513.7510 6.8506e-03
7516.0044 3.7931e-03
7518.2593 1.6929e-03
7520.5151 4.2696e-03
7522.7715 2.6578e-03
7525.0283 6.7036e-03
7527.2861 4.0882e-03
7529.5439 4.9034e-03
7531.8027 2.8960e-03
7534.0620 2.2642e-03
7536.3228 3.0511e-03
7538.5835 4.8518e-03
7540.8447 4.3595e-03
7543.1074 2.1436e-03
7545.3706 6.6721e-03
7547.6338 6.2293e-04
7549.8984 2.4266e-03
7552.1626 5.6565e-03
7554.4292 2.2457e-03
7556.6948 4.2545e-03
7558.9619 4.2041e-03
7561.2295 1.0888e-02
7563.4976 7.2589e-03
7565.7671 1.1906e-03
7568.0366 2.8723e-03
7570.3071 5.9933e-03
7572.5786 5.2385e-03
7574.8511 3.3485e-03
7577.1230 3.9987e-03
7579.3960 5.1248e-03
7581.6694 2.9440e-03
7583.9443 5.8077e-03
7586.2192 3.4692e-03
7588.4956 4.5922e-03
7590.7715 1.3590e-03
7593.0488 1.9590e-03
7595.3262 3.3819e-03
7597.6060 3.3692e-03
7599.8843 1.1112e-03
7602.1641 2.2742e-03
7604.4448 5.6570e-03
7606.7271 1.2888e-03
7609.0093 3.6729e-03
7611.2910 3.1293e-03
7613.5752 4.4140e-03
7615.8589 6.5478e-03
7618.1440 4.0943e-03
7620.4292 3.4899e-03
7622.7153 4.1000e-03
7625.0020 5.0374e-03
7627.2896 3.9879e-03
7629.5781 8.9733e-04
7631.8662 3.5351e-04
7634.1562 3.1284e-03
7636.4468 6.6670e-03
7638.7378 1.9372e-03
7641.0288 3.9311e-03
7643.3213 5.7756e-03
7645.6138 3.7235e-03
7647.9072 4.4540e-03
7650.2021 6.3458e-03
7652.4971 2.7954e-03
7654.7935 4.1742e-03
7657.0894 5.9246e-03
7659.3867 2.7751e-04
7661.6846 1.7380e-03
7663.9829 2.2828e-03
7666.2817 9.9213e-03
7668.5825 3.6109e-03
7670.8823 5.7485e-03
7673.1841 4.7348e-03
7675.4854 6.8591e-03
7677.7891 7.6488e-04
7680.0918 2.9070e-03
7682.3960 9.4239e-03
7684.7002 2.6256e-03
7687.0059 5.6180e-03
7689.3125 5.1522e-03
7691.6191 1.7134e-03
7693.9268 3.9635e-03
7696.2344 4.1436e-03
7698.5430 3.6899e-03
7700.8530 1.0751e-03
7703.1631 9.4416e-03
7705.4746 2.6845e-03
7707.7856 5.8294e-03
7710.0981 3.9667e-03
7712.4111 2.5697e-04
7714.7251 8.6740e-04
7717.0391 7.4726e-03
7719.3540 2.6665e-03
7721.6699 3.6108e-03
7723.9868 4.6644e-04
7726.3042 3.4780e-03
7728.6216 7.6779e-04
7730.9409 2.9164e-03
7733.2593 1.9231e-03
7735.5796 2.9367e-04
7737.9004 2.2264e-03
7740.2217 4.9291e-03
7742.5435 2.6398e-03
7744.8662 2.0309e-03
7747.1895 8.5149e-03
7749.5142 2.1565e-03
7751.8394 3.9215e-03
7754.1650 5.1867e-03
7756.4907 7.9352e-03
7758.8174 3.3931e-03
7761.1450 2.8013e-03
7763.4736 3.5359e-04
7765.8022 3.3635e-03
7768.1323 7.7618e-03
7770.4634 4.7769e-03
7772.7944 7.0725e-03
7775.1260 2.6155e-03
7777.4585 1.9424e-03
7779.7915 3.6187e-03
7782.1260 4.5758e-03
7784.4604 2.3789e-03
7786.7954 4.2623e-03
7789.1318 5.8563e-03
7791.4683 3.3121e-03
7793.8062 1.5152e-03
7796.1436 2.9249e-03
7798.4824 3.2087e-03
7800.8218 4.5989e-03
7803.1626 6.1226e-04
7805.5034 3.6856e-03
7807.8447 3.0032e-03
7810.1880 2.9865e-03
7812.5303 2.3524e-04
7814.8745 1.3127e-03
7817.2192 2.6776e-03
7819.5640 4.5644e-03
7821.9106 3.2461e-03
7824.2559 4.8718e-03
7826.6040 6.8569e-03
7828.9521 3.9860e-03
7831.3003 1.5923e-03
7833.6499 1.1730e-03
7835.9995 2.9474e-03
7838.3511 3.0798e-03
7840.7021 3.8461e-03
7843.0547 0.0000e+00
7845.4077 3.5241e-03
7847.7603 4.9132e-03
7850.1152 2.3861e-03
7852.4702 4.2649e-03
7854.8262 9.4280e-04
7857.1821 3.5287e-03
7859.5396 6.8891e-03
7861.8975 1.7009e-03
7864.2559 8.4246e-03
7866.6157 2.9984e-03
7868.9756 7.9032e-03
7871.3359 1.2945e-04
7873.6978 1.5709e-03
7876.0601 1.6860e-03
7878.4224 5.9579e-03
7880.7856 3.8785e-03
7883.1509 6.2033e-03
7885.5151 1.6405e-04
7887.8809 1.6375e-03
7890.2476 3.6528e-03
7892.6147 3.7049e-03
7894.9814 0.0000e+00
7897.3501 4.0838e-03
7899.7192 6.2405e-03
7902.0898 4.1402e-04
7904.4604 3.1932e-03
7906.8311 3.7942e-03
7909.2036 3.8337e-03
7911.5767 2.5118e-03
7913.9497 6.3678e-03
7916.3247 4.2871e-03
7918.6987 1.6212e-03
7921.0742 1.2775e-03
7923.4512 2.8596e-03
7925.8276 1.6238e-03
7928.2051 5.3705e-03
7930.5845 6.8712e-04
7932.9634 3.0251e-03
7935.3433 3.4360e-03
7937.7236 2.1498e-03
7940.1050 8.8084e-04
7942.4873 5.4249e-03
7944.8701 2.3536e-03
7947.2529 1.2659e-03
7949.6377 2.6800e-03
7952.0225 4.2125e-04
7954.4082 2.3588e-03
7956.7949 1.0415e-03
7959.1807 9.7727e-04
7961.5688 3.2063e-03
7963.9580 2.9464e-03
7966.3462 3.5704e-03
7968.7368 1.0377e-02
7971.1274 1.5420e-03
7973.5181 1.5085e-03
7975.9111 8.3595e-03
7978.3032 1.3923e-03
7980.6973 2.6615e-03
7983.0908 4.0924e-03
7985.4858 1.6107e-03
7987.8823 3.9232e-03
7990.2778 5.2121e-03
7992.6748 1.2689e-03
7995.0728 2.9410e-03
7997.4717 2.9265e-03
7999.8711 1.4264e-03
8002.2710 2.2184e-03
8004.6709 2.4541e-03
8007.0723 1.9026e-03
8009.4746 4.0808e-04
8011.8779 5.8736e-03
8014.2812 6.4813e-03
8016.6855 2.6785e-03
8019.0903 0.0000e+00
8021.4966 5.1429e-03
8023.9028 8.6428e-04
8026.3105 6.6856e-03
8028.7173 2.3365e-03
8031.1260 4.3395e-04
8033.5361 2.6957e-03
8035.9458 1.1187e-03
8038.3569 2.7217e-03
8040.7681 1.8075e-03
8043.1807 2.7298e-03
8045.5933 5.4502e-04
8048.0068 4.3402e-03
8050.4214 2.2715e-03
8052.8364 3.6230e-03
8055.2520 3.3345e-03
8057.6689 4.3378e-03
8060.0864 2.7652e-03
8062.5049 7.9862e-04
8064.9229 2.0508e-03
8067.3423 2.9117e-03
8069.7632 2.3327e-03
8072.1836 4.9951e-03
8074.6050 3.9208e-03
8077.0278 2.0503e-03
8079.4507 2.5381e-03
8081.8745 2.8242e-03
8084.2988 1.0950e-03
8086.7251 8.4607e-04
8089.1509 1.5709e-04
8091.5771 1.9532e-03
8094.0049 3.5676e-03
8096.4331 4.7749e-03
8098.8618 2.5657e-03
8101.2910 2.1245e-03
8103.7217 2.7901e-04
8106.1528 1.9424e-03
8108.5845 2.7380e-03
8111.0171 1.3434e-03
8113.4502 3.0542e-03
8115.8843 3.7570e-03
8118.3188 2.6236e-03
8120.7549 3.3269e-03
8123.1914 8.8232e-03
8125.6284 5.9207e-03
8128.0659 6.9200e-04
8130.5049 0.0000e+00
8132.9438 4.2426e-04
8135.3833 4.6123e-03
8137.8237 5.6379e-04
8140.2651 3.3574e-03
8142.7075 2.3137e-03
8145.1504 8.8660e-03
8147.5938 2.5448e-03
8150.0376 1.9813e-03
8152.4834 6.7598e-03
8154.9292 4.2556e-03
8157.3750 1.9819e-03
8159.8228 2.5127e-03
8162.2705 2.8187e-03
8164.7192 4.5102e-03
8167.1685 3.4170e-03
8169.6187 3.3056e-03
8172.0693 4.7135e-03
8174.5210 6.0756e-04
8176.9736 2.4649e-03
8179.4268 1.4967e-03
8181.8809 5.1812e-04
8184.3350 5.1592e-03
8186.7900 2.5430e-03
8189.2456 2.5998e-03
8191.7031 1.0471e-03
8194.1602 6.0433e-04
8196.6191 8.4500e-03
8199.0781 1.2172e-03
8201.5371 4.2766e-03
8203.9980 2.1476e-03
8206.4590 3.2837e-04
8208.9219 6.7573e-03
8211.3838 5.7848e-03
8213.8477 0.0000e+00
8216.3115 6.8045e-03
8218.7764 2.4932e-03
8221.2422 6.3059e-04
8223.7090 3.3996e-03
8226.1758 4.0594e-03
8228.6436 9.1720e-04
8231.1123 4.5498e-03
8233.5811 0.0000e+00
8236.0518 5.5635e-04
8238.5215 0.0000e+00
8240.9932 2.4419e-03
8243.4658 5.9919e-04
8245.9395 0.0000e+00
8248.4131 2.0146e-03
8250.8877 2.3945e-03
8253.3623 4.1591e-03
8255.8389 0.0000e+00
8258.3154 2.9239e-03
8260.7920 5.6597e-04
8263.2715 8.8958e-03
8265.7500 3.1716e-03
8268.2305 2.6541e-03
8270.7100 9.7455e-04
8273.1914 3.3506e-03
8275.6738 5.5066e-04
8278.1553 6.3173e-04
8280.6396 1.1622e-03
8283.1240 3.0480e-03
8285.6094 2.7509e-04
8288.0947 0.0000e+00
8290.5811 2.2059e-03
8293.0674 6.4196e-03
8295.5557 3.0570e-03
8298.0449 1.1249e-03
8300.5352 1.3051e-03
8303.0234 2.0726e-03
8305.5156 3.5441e-03
8308.0068 0.0000e+00
8310.5000 3.2029e-03
8312.9922 4.2043e-03
8315.4863 2.2133e-03
8317.9805 7.5286e-04
8320.4766 0.0000e+00
8322.9717 4.9215e-03
8325.4697 0.0000e+00
8327.9668 1.8169e-03
8330.4658 1.9064e-03
8332.9639 0.0000e+00
8335.4648 5.5307e-03
8337.9648 1.3135e-03
8340.4668 2.1979e-03
8342.9688 9.5787e-04
8345.4717 1.2991e-04
8347.9746 1.0019e-03
8350.4795 4.4342e-03
8352.9844 1.5125e-03
8355.4902 2.0711e-03
8357.9971 3.0559e-04
8360.5039 2.0948e-03
8363.0127 0.0000e+00
8365.5215 6.7530e-04
8368.0312 1.9354e-03
8370.5420 5.9499e-04
8373.0527 1.1643e-03
8375.5654 1.7869e-03
8378.0771 2.6939e-03
8380.5908 0.0000e+00
8383.1045 1.7543e-03
8385.6191 7.4259e-03
8388.1348 2.4702e-03
8390.6523 3.0214e-03
8393.1689 0.0000e+00
8395.6865 5.5202e-03
8398.2061 3.0598e-03
8400.7246 6.8116e-03
8403.2461 1.7848e-03
8405.7666 4.6395e-03
8408.2881 1.3021e-03
8410.8105 5.4936e-04
8413.3340 1.3343e-03
8415.8584 2.1374e-03
8418.3818 1.8694e-03
8420.9082 1.0059e-03
8423.4346 4.9212e-03
8425.9609 1.6754e-03
8428.4893 2.7145e-04
8431.0186 2.2707e-03
8433.5479 2.4644e-03
8436.0771 6.9988e-04
8438.6074 3.5798e-03
8441.1396 3.6374e-03
8443.6729 3.0179e-03
8446.2051 2.9456e-03
8448.7383 0.0000e+00
8451.2734 1.8969e-03
8453.8086 1.7465e-03
8456.3457 8.3632e-04
8458.8828 2.2266e-03
8461.4199 3.4542e-03
8463.9580 3.7922e-03
8466.4971 4.7106e-04
8469.0371 3.4175e-04
8471.5781 1.9008e-03
8474.1191 0.0000e+00
8476.6621 4.2881e-03
8479.2051 0.0000e+00
8481.7480 1.8931e-03
8484.2930 3.4189e-03
8486.8379 7.9602e-04
8489.3848 1.5896e-03
8491.9316 7.2920e-04
8494.4795 3.3985e-03
8497.0264 5.6341e-03
8499.5762 2.5010e-03
8502.1260 3.8563e-03
8504.6777 1.6779e-03
8507.2285 6.4075e-03
8509.7803 3.7170e-03
8512.3330 4.2588e-03
8514.8857 1.1385e-03
8517.4414 1.3149e-03
8519.9961 0.0000e+00
8522.5527 2.3024e-03
8525.1094 7.8177e-03
8527.6670 3.6015e-03
8530.2246 1.8801e-03
8532.7842 1.8748e-03
8535.3438 1.2762e-03
8537.9053 2.1982e-03
8540.4668 2.4250e-03
8543.0273 1.7152e-03
8545.5908 8.0874e-03
8548.1543 3.7379e-03
8550.7188 3.6503e-03
8553.2842 3.2987e-03
8555.8496 5.4684e-04
8558.4170 6.7058e-04
8560.9844 3.3747e-03
8563.5527 1.9469e-03
8566.1221 4.2568e-03
8568.6914 5.4912e-03
8571.2617 4.7599e-03
8573.8350 1.2435e-03
8576.4062 1.8874e-03
8578.9785 5.6077e-03
8581.5527 4.2988e-03
8584.1270 1.7706e-04
8586.7031 0.0000e+00
8589.2783 1.2183e-03
8591.8555 0.0000e+00
8594.4326 1.7854e-03
8597.0117 4.2101e-03
8599.5898 2.4367e-03
8602.1699 5.7800e-03
8604.7500 1.9715e-03
8607.3320 7.5468e-04
8609.9150 2.9655e-03
8612.4971 1.3178e-03
8615.0811 2.4604e-03
8617.6660 2.4811e-03
8620.2500 5.7306e-03
8622.8369 4.2468e-03
8625.4229 2.3006e-03
8628.0117 4.0652e-03
8630.6006 4.1218e-03
8633.1885 1.9153e-03
8635.7793 4.9907e-03
8638.3711 3.7259e-04
8640.9609 3.4129e-04
8643.5527 3.6674e-03
8646.1465 5.1009e-03
8648.7393 3.0511e-03
8651.3350 0.0000e+00
8653.9307 1.0968e-03
8656.5264 2.5190e-03
8659.1230 8.3650e-03
8661.7207 1.3307e-03
8664.3203 4.6196e-04
8666.9189 2.4544e-03
8669.5186 5.2547e-03
8672.1201 3.5680e-03
8674.7217 9.6406e-04
8677.3242 4.0591e-03
8679.9277 0.0000e+00
8682.5312 4.9312e-03
8685.1367 5.6154e-03
8687.7412 3.8812e-03
8690.3477 3.9078e-03
8692.9551 1.2682e-03
8695.5625 4.6523e-03
8698.1709 1.8069e-03
8700.7803 4.0060e-03
8703.3916 2.3801e-03
8706.0020 5.6138e-03
8708.6133 6.8141e-03
8711.2266 4.3222e-03
8713.8398 1.5211e-03
8716.4541 3.4629e-03
8719.0684 2.9792e-04
8721.6846 3.1476e-03
8724.3018 4.0787e-03
8726.9189 2.5087e-03
8729.5371 5.2022e-04
8732.1553 8.1786e-04
8734.7754 1.8516e-03
8737.3955 2.8365e-03
8740.0166 3.4640e-03
8742.6387 3.2464e-04
8745.2607 2.3977e-03
8747.8848 1.7658e-03
8750.5098 1.3189e-03
8753.1348 3.4485e-03
8755.7607 2.2158e-03
8758.3867 3.0150e-03
8761.0146 1.6637e-03
8763.6436 4.4671e-03
8766.2715 1.0763e-03
8768.9023 3.2858e-03
8771.5322 3.1522e-03
8774.1641 7.5098e-03
8776.7959 5.4680e-03
8779.4287 1.1956e-03
8782.0635 3.2386e-03
8784.6982 4.4616e-03
8787.3330 1.7041e-03
8789.9697 2.4610e-03
8792.6074 2.7065e-04
8795.2451 2.2577e-03
8797.8838 4.0549e-03
8800.5234 7.0025e-03
8803.1621 1.6341e-03
8805.8027 9.3594e-04
8808.4453 5.7136e-03
8811.0879 9.9388e-03
8813.7314 4.0583e-03
8816.3750 2.0085e-03
8819.0205 1.4344e-03
8821.6660 1.9403e-03
8824.3125 3.5972e-03
8826.9590 2.6403e-03
8829.6084 3.3181e-03
8832.2568 4.7210e-03
8834.9062 1.3621e-03
8837.5557 2.0181e-03
8840.2080 2.7776e-03
8842.8594 5.8796e-03
8845.5127 2.0660e-03
8848.1670 3.5052e-03
8850.8213 3.4781e-04
8853.4766 4.2560e-03
8856.1328 3.1105e-03
8858.7881 4.1609e-03
8861.4463 2.3349e-03
8864.1045 2.6039e-04
8866.7646 2.7070e-03
8869.4238 1.3246e-03
8872.0850 3.7348e-03
8874.7471 5.2502e-04
8877.4092 7.8670e-04
8880.0732 5.7086e-03
8882.7373 6.0016e-03
8885.4014 2.7143e-03
8888.0674 2.1434e-03
8890.7334 7.5325e-04
8893.4004 5.5395e-03
8896.0684 2.9929e-04
8898.7373 8.5505e-04
8901.4072 3.6284e-03
8904.0771 2.0265e-03
8906.7480 1.1260e-03
8909.4199 2.4178e-03
8912.0938 4.8431e-03
8914.7676 5.0027e-03
8917.4414 5.0555e-04
8920.1172 5.2876e-03
8922.7930 1.2300e-03
8925.4697 4.3658e-03
8928.1475 2.0614e-03
8930.8262 5.2880e-04
8933.5049 3.1711e-04
8936.1855 2.0373e-03
8938.8652 1.8599e-03
8941.5469 2.4910e-03
8944.2295 1.4718e-03
8946.9141 3.8283e-03
8949.5977 3.3431e-03
8952.2822 1.9541e-03
8954.9678 1.7172e-03
8957.6553 3.5495e-03
8960.3418 2.6399e-03
8963.0293 4.7485e-03
8965.7178 4.4636e-03
8968.4082 6.2969e-03
8971.0986 7.5340e-04
8973.7910 6.2097e-03
8976.4824 4.3933e-03
8979.1748 4.2051e-03
8981.8691 5.9900e-03
8984.5635 5.1796e-03
8987.2588 1.4058e-03
8989.9551 2.4017e-03
8992.6523 6.4754e-04
8995.3506 1.1770e-04
8998.0488 5.1478e-04
9000.7480 1.9478e-03
9003.4482 2.4587e-03
9006.1494 6.3742e-03
9008.8516 4.5649e-03
9011.5537 6.7758e-03
9014.2578 3.5084e-03
9016.9609 3.1012e-03
9019.6660 8.1844e-04
9022.3721 2.6240e-03
9025.0791 5.6778e-03
9027.7871 2.2954e-03
9030.4951 1.6748e-03
9033.2051 5.6058e-03
9035.9150 1.4831e-03
9038.6260 2.7257e-03
9041.3369 3.1791e-03
9044.0498 1.6129e-03
9046.7627 3.2003e-03
9049.4766 4.4702e-03
9052.1914 2.9514e-03
9054.9072 1.2892e-03
9057.6240 0.0000e+00
9060.3398 3.0874e-03
9063.0586 1.4642e-03
9065.7773 1.8471e-03
9068.4971 6.0773e-03
9071.2168 9.2022e-04
9073.9395 3.5617e-03
9076.6611 0.0000e+00
9079.3848 4.5972e-03
9082.1074 4.4130e-03
9084.8330 4.7491e-03
9087.5576 1.3963e-03
9090.2832 2.5956e-03
9093.0117 5.4713e-03
9095.7393 3.7000e-03
9098.4688 5.4934e-03
9101.1973 1.6586e-03
9103.9287 4.6804e-03
9106.6592 3.3901e-03
9109.3906 2.0428e-03
9112.1250 2.3457e-03
9114.8584 4.3830e-03
9117.5928 3.1864e-03
9120.3271 1.5561e-03
9123.0635 3.8116e-03
9125.8008 2.7516e-03
9128.5391 1.1549e-04
9131.2764 9.8018e-04
9134.0156 4.9194e-03
9136.7568 5.7268e-03
9139.4980 1.7481e-03
9142.2383 5.6166e-03
9144.9814 5.3396e-03
9147.7266 3.1272e-03
9150.4707 1.2793e-03
9153.2158 5.0273e-04
9155.9609 1.9663e-03
9158.7070 1.0187e-03
9161.4551 2.4918e-03
9164.2041 1.8866e-03
9166.9531 2.8529e-03
9169.7031 6.5035e-03
9172.4541 6.4676e-03
9175.2051 0.0000e+00
9177.9580 6.9202e-04
9180.7109 6.7078e-04
9183.4668 1.4799e-03
9186.2207 1.5725e-03
9188.9766 7.2888e-03
9191.7334 5.0377e-03
9194.4912 4.1171e-03
9197.2490 4.9644e-04
9200.0088 5.1785e-04
9202.7686 1.2196e-03
9205.5293 3.4536e-03
9208.2920 3.3218e-03
9211.0527 7.7127e-04
9213.8164 5.7417e-04
9216.5811 1.9571e-03
9219.3467 5.3306e-04
9222.1113 2.3725e-03
9224.8789 6.7896e-04
9227.6455 2.8653e-03
9230.4141 1.2127e-04
9233.1836 2.4219e-04
9235.9531 1.6191e-03
9238.7246 4.2569e-03
9241.4951 6.3670e-04
9244.2686 2.5059e-03
9247.0410 1.8445e-03
9249.8154 1.7163e-03
9252.5908 0.0000e+00
9255.3652 1.6600e-03
9258.1426 1.3401e-03
9260.9209 0.0000e+00
9263.6992 2.3640e-03
9266.4775 4.0128e-03
9269.2568 1.2859e-03
9272.0381 3.1469e-03
9274.8203 1.9874e-04
9277.6025 0.0000e+00
9280.3857 3.6755e-03
9283.1709 5.2377e-03
9285.9541 8.7180e-04
9288.7402 4.9926e-03
9291.5264 1.5611e-04
9294.3135 3.7854e-03
9297.1025 1.5538e-03
9299.8926 1.5686e-03
9302.6816 1.7204e-03
9305.4727 3.4899e-03
9308.2646 9.7614e-04
9311.0566 1.0105e-03
9313.8506 1.1600e-03
9316.6436 2.6038e-03
9319.4395 4.8338e-04
9322.2354 0.0000e+00
9325.0322 2.4400e-03
9327.8291 2.6459e-03
9330.6279 1.1024e-03
9333.4277 2.1597e-03
9336.2266 4.5940e-04
9339.0283 2.4919e-03
9341.8291 1.3690e-03
9344.6318 3.2112e-03
9347.4355 6.0733e-03
9350.2402 1.1334e-03
9353.0449 6.8133e-04
9355.8516 6.6765e-03
9358.6572 1.3314e-03
9361.4658 1.5566e-03
9364.2734 2.2646e-03
9367.0830 4.0859e-03
9369.8936 3.7969e-03
9372.7041 1.6069e-03
9375.5156 2.6172e-03
9378.3291 7.0809e-03
9381.1416 7.0396e-04
9383.9561 0.0000e+00
9386.7715 3.8562e-03
9389.5879 3.4554e-03
9392.4043 1.8956e-03
9395.2217 2.7080e-03
9398.0400 1.5487e-03
9400.8594 6.0957e-03
9403.6807 1.6733e-03
9406.5020 3.1117e-04
9409.3242 3.7547e-03
9412.1465 5.2413e-03
9414.9707 3.9441e-03
9417.7939 1.6722e-03
9420.6201 8.1294e-04
9423.4453 3.4467e-03
9426.2725 3.4841e-04
9429.1006 1.1150e-03
9431.9287 0.0000e+00
9434.7588 1.5247e-03
9437.5898 2.2041e-03
9440.4209 4.6555e-03
9443.2529 3.0477e-03
9446.0859 0.0000e+00
9448.9199 2.7989e-03
9451.7549 1.2387e-03
9454.5889 0.0000e+00
9457.4268 5.3348e-03
9460.2637 7.3741e-04
9463.1016 1.7729e-04
9465.9414 0.0000e+00
9468.7803 3.6716e-03
9471.6211 1.6150e-03
9474.4629 5.1868e-03
9477.3047 5.3792e-03
9480.1484 2.1808e-03
9482.9922 3.2941e-04
9485.8369 0.0000e+00
9488.6836 3.1892e-03
9491.5303 1.7816e-03
9494.3760 2.4949e-03
9497.2256 2.0909e-03
9500.0742 2.1052e-03
9502.9238 5.4404e-03
9505.7754 2.5635e-03
9508.6270 1.2923e-03
9511.4805 4.1800e-03
9514.3320 2.5157e-04
9517.1875 8.0859e-04
9520.0420 1.7251e-03
9522.8984 7.5824e-04
9525.7559 1.9140e-03
9528.6133 2.5427e-03
9531.4717 1.6824e-03
9534.3311 4.6224e-04
9537.1914 2.7905e-03
9540.0518 0.0000e+00
9542.9150 1.9591e-03
9545.7773 1.0741e-03
9548.6416 1.2090e-03
9551.5059 1.0117e-03
9554.3711 0.0000e+00
9557.2373 1.7091e-03
9560.1045 1.1615e-03
9562.9727 6.0772e-04
9565.8418 1.0919e-03
9568.7109 2.7798e-03
9571.5820 4.7113e-03
9574.4531 3.0189e-03
9577.3252 0.0000e+00
9580.1992 2.0756e-03
9583.0723 1.8521e-03
9585.9473 1.8235e-03
9588.8242 4.4854e-03
9591.7002 1.7191e-03
9594.5781 1.7098e-03
9597.4561 1.2718e-03
9600.3350 7.3133e-04
9603.2158 4.3505e-03
9606.0957 1.7720e-03
9608.9775 6.2392e-04
9611.8613 5.8600e-04
9614.7441 1.6176e-03
9617.6279 3.3086e-03
9620.5137 1.8215e-03
9623.4014 1.0443e-03
9626.2881 1.1678e-03
9629.1748 1.9296e-03
9632.0645 1.7678e-03
9634.9541 4.1555e-03
9637.8438 4.0179e-03
9640.7363 3.0555e-03
9643.6270 3.7297e-03
9646.5215 1.4565e-03
9649.4141 6.4811e-03
9652.3086 1.5687e-03
9655.2051 1.4102e-04
9658.1016 2.4718e-03
9660.9990 1.9587e-03
9663.8975 1.6717e-03
9666.7969 4.2216e-04
9669.6973 4.0308e-03
9672.5967 3.4091e-03
9675.5000 4.3374e-03
9678.4023 1.7110e-03
9681.3057 0.0000e+00
9684.2109 6.2669e-03
9687.1152 7.9666e-04
9690.0215 1.0837e-04
9692.9287 1.6379e-04
9695.8369 1.5943e-03
9698.7441 2.6145e-03
9701.6553 1.3048e-03
9704.5645 4.0706e-03
9707.4775 6.5236e-04
9710.3887 5.3774e-03
9713.3008 2.7758e-04
9716.2158 1.5556e-03
9719.1299 2.5848e-03
9722.0459 2.0212e-03
9724.9629 3.5677e-03
9727.8809 2.0784e-03
9730.7988 3.3323e-04
9733.7178 2.4521e-03
9736.6387 2.3173e-03
9739.5586 1.8012e-03
9742.4805 1.7422e-03
9745.4033 2.8106e-04
9748.3281 2.1595e-03
9751.2520 5.2966e-04
9754.1777 9.3775e-04
9757.1035 1.0685e-03
9760.0303 3.2367e-04
9762.9590 4.8343e-03
9765.8877 2.7995e-03
9768.8174 8.2224e-04
9771.7480 7.3047e-04
9774.6797 2.2953e-03
9777.6113 2.1940e-03
9780.5459 5.4288e-04
9783.4795 2.8177e-03
9786.4141 1.5738e-03
9789.3496 1.8558e-03
9792.2871 1.8685e-03
9795.2256 1.8314e-03
9798.1641 2.1320e-03
9801.1035 7.8879e-04
9804.0430 2.8700e-03
9806.9844 1.4636e-04
9809.9268 3.8559e-04
9812.8691 7.4578e-04
9815.8125 8.8994e-04
9818.7578 4.8783e-04
9821.7041 5.8306e-03
9824.6494 2.2509e-03
9827.5967 2.8308e-04
9830.5469 6.2184e-04
9833.4951 3.7403e-03
9836.4453 1.2005e-03
9839.3965 2.0817e-04
9842.3486 1.0416e-03
9845.2998 2.1280e-03
9848.2549 2.3309e-03
9851.2080 5.0528e-04
9854.1641 2.9386e-03
9857.1201 0.0000e+00
9860.0771 0.0000e+00
9863.0361 1.6497e-03
9865.9941 3.1856e-03
9868.9541 1.1191e-03
9871.9150 2.4558e-04
9874.8760 1.0032e-04
9877.8389 4.2210e-04
9880.8018 1.8386e-03
9883.7666 6.9168e-04
9886.7324 1.6003e-03
9889.6982 6.7373e-04
9892.6641 1.2763e-03
9895.6338 1.6704e-03
9898.6016 2.3529e-03
9901.5713 2.8916e-03
9904.5420 8.4940e-04
9907.5127 7.6689e-04
9910.4854 1.5658e-03
9913.4590 4.0619e-04
9916.4326 8.5940e-04
9919.4072 1.4615e-04
9922.3828 5.2241e-03
9925.3584 2.5130e-03
9928.3379 1.2163e-04
9931.3164 4.6324e-04
9934.2949 6.2136e-04
9937.2754 4.6637e-03
9940.2568 8.7866e-04
9943.2383 3.3475e-04
9946.2207 1.2102e-03
9949.2061 3.9118e-03
9952.1904 4.1256e-03
9955.1758 3.8142e-03
9958.1631 2.2615e-03
9961.1494 2.1111e-03
9964.1387 1.7515e-03
9967.1279 1.0476e-03
9970.1182 1.5066e-03
9973.1084 1.7505e-03
9976.1006 1.0223e-04
9979.0928 2.6111e-03
9982.0859 2.0532e-04
9985.0820 3.6683e-03
9988.0771 1.2908e-04
9991.0732 1.9931e-03
9994.0713 4.0317e-04
9997.0693 9.0717e-04
10000.0684 6.7582e-04
10003.0674 7.1214e-03
10006.0684 0.0000e+00
10009.0713 0.0000e+00
10012.0742 3.6101e-03
10015.0771 1.6037e-03
10018.0820 2.3994e-03
10021.0879 6.6564e-04
10024.0938 5.7770e-04
10027.1006 3.6307e-03
10030.1084 5.2481e-04
10033.1172 3.4010e-03
10036.1270 3.0683e-03
10039.1387 1.0381e-03
10042.1504 5.3892e-04
10045.1631 4.3383e-03
10048.1768 2.2394e-03
10051.1924 2.6857e-03
10054.2061 1.6804e-03
10057.2227 1.7168e-03
10060.2402 0.0000e+00
10063.2578 3.6709e-03
10066.2773 9.1596e-04
10069.2969 9.3883e-04
10072.3174 2.4914e-03
10075.3379 5.2934e-03
10078.3623 6.7341e-03
10081.3848 3.4498e-03
10084.4102 1.0084e-03
10087.4346 5.1029e-04
10090.4619 2.5686e-03
10093.4883 2.7204e-03
10096.5166 6.1061e-04
10099.5459 1.0450e-03
10102.5742 9.6805e-04
10105.6055 5.7821e-04
10108.6367 1.0909e-03
10111.6709 2.9080e-03
10114.7041 3.2964e-03
10117.7383 1.5025e-03
10120.7734 0.0000e+00
10123.8105 2.0862e-03
10126.8477 8.4221e-04
10129.8857 0.0000e+00
10132.9248 4.3288e-03
10135.9648 1.6012e-03
10139.0049 1.4019e-03
10142.0479 0.0000e+00
10145.0879 2.6538e-03
10148.1318 7.1078e-04
10151.1768 0.0000e+00
10154.2227 2.0775e-03
10157.2686 4.1532e-03
10160.3154 9.0972e-04
10163.3643 2.8892e-03
10166.4121 1.7110e-03
10169.4629 1.5470e-04
10172.5137 9.1632e-05
10175.5654 2.9554e-03
10178.6191 0.0000e+00
10181.6719 1.1289e-03
10184.7256 4.4619e-04
10187.7822 1.9354e-04
10190.8379 1.5740e-03
10193.8945 1.6063e-03
10196.9541 4.7216e-03
10200.0127 1.3542e-03
10203.0723 5.4375e-04
10206.1328 1.6325e-03
10209.1953 3.5488e-03
10212.2578 2.9425e-03
10215.3223 0.0000e+00
10218.3867 1.3662e-03
10221.4521 1.9349e-03
10224.5186 1.6222e-03
10227.5850 2.2235e-03
10230.6543 0.0000e+00
10233.7246 3.1006e-03
10236.7930 1.4678e-03
10239.8643 8.1671e-04
10242.9355 2.1986e-04
10246.0098 4.2849e-03
10249.0830 2.0269e-04
10252.1572 1.9565e-04
10255.2334 7.7418e-04
10258.3096 1.6267e-03
10261.3877 5.5536e-04
10264.4648 7.9530e-04
10267.5449 1.4225e-03
10270.6250 2.2497e-04
