# time_explosion = 16.25
# 
3082.8928 8.0188e-02
3083.8179 7.4219e-02
3084.7432 9.5236e-02
3085.6685 9.1698e-02
3086.5940 7.8578e-02
3087.5200 9.3369e-02
3088.4463 9.0411e-02
3089.3728 6.7662e-02
3090.2996 8.2460e-02
3091.2268 1.0737e-01
3092.1541 8.8972e-02
3093.0815 8.8551e-02
3094.0098 8.9592e-02
3094.9380 7.9059e-02
3095.8665 5.9290e-02
3096.7952 7.4788e-02
3097.7241 8.9303e-02
3098.6536 6.8919e-02
3099.5828 8.6391e-02
3100.5129 7.6821e-02
3101.4431 8.7316e-02
3102.3735 7.6371e-02
3103.3042 8.7535e-02
3104.2354 6.5868e-02
3105.1665 7.0783e-02
3106.0981 6.3465e-02
3107.0300 7.2807e-02
3107.9619 8.1627e-02
3108.8943 9.1021e-02
3109.8269 6.9857e-02
3110.7600 6.0290e-02
3111.6929 9.3717e-02
3112.6265 6.3347e-02
3113.5605 9.1049e-02
3114.4944 6.9020e-02
3115.4290 5.6337e-02
3116.3635 6.4888e-02
3117.2986 4.9158e-02
3118.2336 5.8783e-02
3119.1689 8.2538e-02
3120.1047 8.4554e-02
3121.0410 6.8421e-02
3121.9773 9.0192e-02
3122.9136 7.1645e-02
3123.8508 6.3685e-02
3124.7878 7.3919e-02
3125.7251 7.2336e-02
3126.6628 6.0079e-02
3127.6008 9.3405e-02
3128.5393 6.8167e-02
3129.4778 7.0943e-02
3130.4170 8.3175e-02
3131.3557 7.9178e-02
3132.2954 6.3661e-02
3133.2349 6.7325e-02
3134.1748 6.5929e-02
3135.1150 6.3866e-02
3136.0559 7.4044e-02
3136.9968 4.2772e-02
3137.9377 6.4464e-02
3138.8789 6.9505e-02
3139.8206 7.0327e-02
3140.7625 8.1456e-02
3141.7046 6.5417e-02
3142.6472 6.6327e-02
3143.5901 5.8045e-02
3144.5334 4.9907e-02
3145.4766 5.9858e-02
3146.4202 5.6882e-02
3147.3643 8.5905e-02
3148.3086 6.1239e-02
3149.2529 7.9326e-02
3150.1975 8.2585e-02
3151.1426 7.5445e-02
3152.0881 5.0198e-02
3153.0337 7.0854e-02
3153.9795 7.1823e-02
3154.9255 8.0612e-02
3155.8723 5.6739e-02
3156.8188 6.9333e-02
3157.7661 6.4749e-02
3158.7134 4.8952e-02
3159.6609 6.7250e-02
3160.6086 7.1020e-02
3161.5571 9.1875e-02
3162.5054 7.8728e-02
3163.4541 8.1767e-02
3164.4031 6.4811e-02
3165.3528 5.2520e-02
3166.3022 7.4865e-02
3167.2522 5.4394e-02
3168.2024 7.1909e-02
3169.1526 6.8934e-02
3170.1035 7.0483e-02
3171.0544 6.6978e-02
3172.0061 7.2821e-02
3172.9573 8.9500e-02
3173.9092 6.4983e-02
3174.8613 6.7513e-02
3175.8140 6.9470e-02
3176.7668 7.5739e-02
3177.7197 5.2573e-02
3178.6729 8.1388e-02
3179.6267 5.8662e-02
3180.5808 7.4519e-02
3181.5347 8.6539e-02
3182.4893 6.8518e-02
3183.4438 7.7596e-02
3184.3987 7.5181e-02
3185.3542 8.7686e-02
3186.3101 6.5976e-02
3187.2659 6.9419e-02
3188.2217 5.3005e-02
3189.1785 8.1280e-02
3190.1350 8.6355e-02
3191.0920 7.7132e-02
3192.0493 7.0340e-02
3193.0071 6.4430e-02
3193.9651 7.0895e-02
3194.9233 7.7787e-02
3195.8818 7.4751e-02
3196.8408 7.9888e-02
3197.7996 5.9646e-02
3198.7590 6.3736e-02
3199.7185 6.7508e-02
3200.6782 6.1133e-02
3201.6387 5.4603e-02
3202.5991 7.1335e-02
3203.5598 7.1757e-02
3204.5208 6.8821e-02
3205.4824 6.1114e-02
3206.4441 6.5019e-02
3207.4058 7.2416e-02
3208.3682 8.3298e-02
3209.3306 5.8914e-02
3210.2935 8.7057e-02
3211.2563 5.9253e-02
3212.2200 6.5467e-02
3213.1833 5.0559e-02
3214.1472 6.0556e-02
3215.1118 7.7810e-02
3216.0764 7.1089e-02
3217.0413 6.8826e-02
3218.0061 7.8939e-02
3218.9714 6.4853e-02
3219.9373 6.4173e-02
3220.9031 7.5508e-02
3221.8699 8.3849e-02
3222.8362 8.5641e-02
3223.8030 7.4169e-02
3224.7700 8.4109e-02
3225.7375 4.8297e-02
3226.7053 7.9496e-02
3227.6731 7.0645e-02
3228.6416 6.4986e-02
3229.6101 6.7822e-02
3230.5791 6.3446e-02
3231.5483 5.8801e-02
3232.5178 6.4717e-02
3233.4875 5.1006e-02
3234.4575 7.5457e-02
3235.4280 6.6403e-02
3236.3984 5.0549e-02
3237.3691 6.3804e-02
3238.3403 7.9923e-02
3239.3120 7.3804e-02
3240.2839 6.8490e-02
3241.2559 5.8280e-02
3242.2285 4.7838e-02
3243.2012 8.5359e-02
3244.1743 6.4080e-02
3245.1472 6.0892e-02
3246.1208 6.4322e-02
3247.0947 7.4535e-02
3248.0688 7.7008e-02
3249.0432 6.5568e-02
3250.0178 5.2224e-02
3250.9929 7.7286e-02
3251.9680 5.7229e-02
3252.9438 7.3976e-02
3253.9194 6.4907e-02
3254.8958 7.3207e-02
3255.8723 6.8781e-02
3256.8489 7.5433e-02
3257.8262 8.4679e-02
3258.8035 6.7764e-02
3259.7810 6.5803e-02
3260.7593 6.6170e-02
3261.7373 5.7440e-02
3262.7158 6.2531e-02
3263.6946 6.0253e-02
3264.6736 6.8782e-02
3265.6531 6.3825e-02
3266.6331 6.3859e-02
3267.6130 6.3411e-02
3268.5930 5.6347e-02
3269.5735 6.7008e-02
3270.5544 6.4891e-02
3271.5356 7.3708e-02
3272.5171 7.6320e-02
3273.4990 7.2671e-02
3274.4812 7.3537e-02
3275.4634 5.4048e-02
3276.4458 8.5788e-02
3277.4287 6.0580e-02
3278.4124 6.7905e-02
3279.3958 6.8099e-02
3280.3794 6.8885e-02
3281.3635 8.6583e-02
3282.3479 5.5932e-02
3283.3325 6.8960e-02
3284.3179 8.1684e-02
3285.3030 9.9415e-02
3286.2888 9.8686e-02
3287.2744 9.5030e-02
3288.2605 6.6950e-02
3289.2471 7.6745e-02
3290.2339 8.2209e-02
3291.2212 6.6570e-02
3292.2083 8.6634e-02
3293.1958 8.4547e-02
3294.1838 7.9736e-02
3295.1724 7.4038e-02
3296.1609 7.0622e-02
3297.1497 8.3695e-02
3298.1387 9.1836e-02
3299.1282 6.2807e-02
3300.1177 9.1577e-02
3301.1079 9.7583e-02
3302.0984 1.0241e-01
3303.0889 9.7948e-02
3304.0798 9.1371e-02
3305.0713 9.7470e-02
3306.0627 6.8489e-02
3307.0544 9.3192e-02
3308.0466 8.2893e-02
3309.0391 9.4873e-02
3310.0317 9.7351e-02
3311.0247 8.7416e-02
3312.0178 9.7266e-02
3313.0117 9.7478e-02
3314.0054 1.0319e-01
3315.0000 8.7067e-02
3315.9941 9.8455e-02
3316.9890 8.8840e-02
3317.9839 1.1429e-01
3318.9795 1.0719e-01
3319.9751 1.1457e-01
3320.9712 1.2411e-01
3321.9678 7.3757e-02
3322.9639 1.0484e-01
3323.9607 1.0200e-01
3324.9580 1.1370e-01
3325.9558 1.2013e-01
3326.9536 1.2602e-01
3327.9514 1.1435e-01
3328.9497 1.2600e-01
3329.9482 9.6238e-02
3330.9475 9.7592e-02
3331.9468 1.2310e-01
3332.9463 1.2698e-01
3333.9463 1.2360e-01
3334.9463 1.3272e-01
3335.9473 1.3097e-01
3336.9478 1.3841e-01
3337.9487 1.3157e-01
3338.9502 1.1349e-01
3339.9517 1.1934e-01
3340.9536 1.0191e-01
3341.9561 1.0455e-01
3342.9587 1.2484e-01
3343.9614 1.1412e-01
3344.9651 1.2799e-01
3345.9685 9.7770e-02
3346.9722 1.2166e-01
3347.9763 1.0612e-01
3348.9805 1.1694e-01
3349.9854 1.5735e-01
3350.9902 1.0467e-01
3351.9956 1.3583e-01
3353.0010 1.3556e-01
3354.0073 1.3065e-01
3355.0129 1.3366e-01
3356.0198 1.3215e-01
3357.0264 1.2504e-01
3358.0334 1.4739e-01
3359.0410 1.2069e-01
3360.0488 1.5872e-01
3361.0569 1.0664e-01
3362.0654 1.1490e-01
3363.0740 1.3280e-01
3364.0828 1.6821e-01
3365.0918 1.2307e-01
3366.1013 1.4628e-01
3367.1113 1.5840e-01
3368.1213 1.3701e-01
3369.1318 1.3701e-01
3370.1426 1.3808e-01
3371.1536 1.3069e-01
3372.1650 1.4040e-01
3373.1768 1.4049e-01
3374.1885 1.5156e-01
3375.2004 1.2847e-01
3376.2134 1.3356e-01
3377.2261 1.3257e-01
3378.2395 1.6422e-01
3379.2529 1.0885e-01
3380.2664 1.3540e-01
3381.2805 1.2566e-01
3382.2952 1.4873e-01
3383.3098 1.2493e-01
3384.3250 1.4377e-01
3385.3401 1.2941e-01
3386.3557 1.6434e-01
3387.3716 1.5571e-01
3388.3879 1.5115e-01
3389.4045 1.4859e-01
3390.4211 1.3518e-01
3391.4385 1.4053e-01
3392.4558 1.5336e-01
3393.4736 1.5006e-01
3394.4915 1.6698e-01
3395.5100 1.7043e-01
3396.5286 1.6537e-01
3397.5474 1.6167e-01
3398.5667 1.4742e-01
3399.5862 1.4251e-01
3400.6062 1.6006e-01
3401.6262 1.4559e-01
3402.6467 1.4005e-01
3403.6677 1.7216e-01
3404.6887 1.5918e-01
3405.7100 1.4391e-01
3406.7319 1.7237e-01
3407.7539 1.4073e-01
3408.7764 1.6671e-01
3409.7988 1.5272e-01
3410.8218 1.5961e-01
3411.8450 2.0035e-01
3412.8687 1.9077e-01
3413.8923 1.5238e-01
3414.9167 1.5478e-01
3415.9412 1.6390e-01
3416.9658 1.9154e-01
3417.9907 1.9048e-01
3419.0164 1.8330e-01
3420.0420 1.9412e-01
3421.0681 1.8011e-01
3422.0945 2.0018e-01
3423.1208 2.3083e-01
3424.1479 2.1580e-01
3425.1753 2.0721e-01
3426.2029 1.9523e-01
3427.2307 2.2239e-01
3428.2588 1.7557e-01
3429.2871 1.8751e-01
3430.3159 2.1343e-01
3431.3452 2.1111e-01
3432.3748 2.4238e-01
3433.4041 2.0740e-01
3434.4346 2.0602e-01
3435.4646 2.0584e-01
3436.4954 2.3538e-01
3437.5261 2.0944e-01
3438.5579 2.4275e-01
3439.5894 2.0197e-01
3440.6208 2.5062e-01
3441.6531 2.3711e-01
3442.6855 2.2033e-01
3443.7183 2.1684e-01
3444.7515 2.5326e-01
3445.7852 2.1372e-01
3446.8186 2.4887e-01
3447.8525 2.4529e-01
3448.8872 2.3756e-01
3449.9216 2.3541e-01
3450.9568 2.5550e-01
3451.9919 2.6811e-01
3453.0276 2.4161e-01
3454.0637 2.3175e-01
3455.0999 2.1282e-01
3456.1362 2.4810e-01
3457.1731 2.5631e-01
3458.2102 2.5692e-01
3459.2476 2.5766e-01
3460.2856 2.4087e-01
3461.3235 2.5201e-01
3462.3621 2.5062e-01
3463.4004 2.7242e-01
3464.4399 2.4933e-01
3465.4790 2.7220e-01
3466.5188 2.7941e-01
3467.5586 2.7982e-01
3468.5989 2.7902e-01
3469.6394 2.7818e-01
3470.6804 2.6875e-01
3471.7217 2.5834e-01
3472.7629 2.7287e-01
3473.8049 2.5280e-01
3474.8469 2.8523e-01
3475.8894 2.6637e-01
3476.9321 3.0272e-01
3477.9751 2.9498e-01
3479.0188 2.9056e-01
3480.0625 2.7257e-01
3481.1064 2.5007e-01
3482.1509 2.7427e-01
3483.1956 2.6802e-01
3484.2407 2.5302e-01
3485.2856 2.7789e-01
3486.3313 2.6649e-01
3487.3772 2.4700e-01
3488.4233 2.4080e-01
3489.4697 2.9079e-01
3490.5168 2.6296e-01
3491.5640 3.0162e-01
3492.6116 2.6835e-01
3493.6592 2.5778e-01
3494.7073 2.6290e-01
3495.7556 2.7458e-01
3496.8044 2.7953e-01
3497.8535 2.5342e-01
3498.9026 2.6338e-01
3499.9526 2.8690e-01
3501.0024 2.5066e-01
3502.0527 2.3941e-01
3503.1033 2.8713e-01
3504.1543 2.5576e-01
3505.2058 2.9101e-01
3506.2571 2.8870e-01
3507.3088 2.9555e-01
3508.3613 2.4385e-01
3509.4136 2.4232e-01
3510.4663 2.5372e-01
3511.5193 2.9351e-01
3512.5730 2.7359e-01
3513.6270 2.5430e-01
3514.6809 2.5100e-01
3515.7351 2.7751e-01
3516.7898 2.2589e-01
3517.8452 2.7420e-01
3518.9004 2.5308e-01
3519.9561 2.5980e-01
3521.0122 2.7171e-01
3522.0686 2.6970e-01
3523.1250 2.5617e-01
3524.1821 2.5947e-01
3525.2390 2.6309e-01
3526.2969 2.6856e-01
3527.3547 2.6133e-01
3528.4126 2.4601e-01
3529.4714 2.5460e-01
3530.5303 2.7544e-01
3531.5894 2.9342e-01
3532.6487 2.2518e-01
3533.7090 2.6222e-01
3534.7688 2.9260e-01
3535.8293 2.3014e-01
3536.8901 2.4591e-01
3537.9512 2.4590e-01
3539.0122 2.1918e-01
3540.0740 2.3011e-01
3541.1360 2.0015e-01
3542.1987 2.3687e-01
3543.2612 2.2200e-01
3544.3245 2.6760e-01
3545.3875 2.0848e-01
3546.4509 2.1632e-01
3547.5154 2.5045e-01
3548.5793 2.2798e-01
3549.6438 2.4174e-01
3550.7087 2.4608e-01
3551.7739 2.1880e-01
3552.8396 2.2913e-01
3553.9053 2.3730e-01
3554.9714 2.0044e-01
3556.0378 2.2624e-01
3557.1050 1.7622e-01
3558.1716 2.1829e-01
3559.2395 2.1463e-01
3560.3071 2.0586e-01
3561.3752 2.1147e-01
3562.4436 2.1139e-01
3563.5125 2.0015e-01
3564.5813 1.6936e-01
3565.6506 1.7681e-01
3566.7205 1.9958e-01
3567.7905 2.4526e-01
3568.8611 2.0206e-01
3569.9316 1.4551e-01
3571.0027 2.2658e-01
3572.0737 2.3511e-01
3573.1455 1.8585e-01
3574.2175 1.7939e-01
3575.2896 1.7915e-01
3576.3625 1.8695e-01
3577.4351 1.6268e-01
3578.5083 1.9888e-01
3579.5820 1.8466e-01
3580.6560 1.8456e-01
3581.7300 1.8824e-01
3582.8047 1.8398e-01
3583.8792 1.8289e-01
3584.9546 1.6555e-01
3586.0298 1.4152e-01
3587.1060 2.1006e-01
3588.1821 1.9453e-01
3589.2583 1.8886e-01
3590.3352 1.6452e-01
3591.4124 1.4917e-01
3592.4897 1.8808e-01
3593.5671 1.4965e-01
3594.6455 1.9079e-01
3595.7241 1.7268e-01
3596.8025 1.4465e-01
3597.8818 1.8222e-01
3598.9609 1.5597e-01
3600.0405 1.6017e-01
3601.1204 1.6353e-01
3602.2009 1.6108e-01
3603.2817 1.5622e-01
3604.3625 1.6439e-01
3605.4441 1.3266e-01
3606.5256 1.6126e-01
3607.6074 1.7730e-01
3608.6899 1.5962e-01
3609.7725 1.6387e-01
3610.8552 1.4969e-01
3611.9385 1.6656e-01
3613.0222 1.5604e-01
3614.1062 1.5492e-01
3615.1904 1.5162e-01
3616.2749 1.4562e-01
3617.3599 1.6273e-01
3618.4451 1.4589e-01
3619.5303 1.7176e-01
3620.6165 1.5052e-01
3621.7024 1.5281e-01
3622.7891 1.3948e-01
3623.8760 1.4351e-01
3624.9631 1.3807e-01
3626.0508 1.3832e-01
3627.1382 1.4804e-01
3628.2266 1.6179e-01
3629.3152 1.3602e-01
3630.4038 1.5382e-01
3631.4927 1.3145e-01
3632.5825 1.3609e-01
3633.6721 1.3254e-01
3634.7622 1.4645e-01
3635.8528 1.5368e-01
3636.9434 1.6736e-01
3638.0347 1.4199e-01
3639.1257 1.4651e-01
3640.2178 1.4454e-01
3641.3098 1.3613e-01
3642.4021 1.4280e-01
3643.4946 1.4624e-01
3644.5881 1.4202e-01
3645.6814 1.3835e-01
3646.7751 1.4813e-01
3647.8691 1.4524e-01
3648.9634 1.4237e-01
3650.0581 1.5444e-01
3651.1533 1.3524e-01
3652.2480 1.4013e-01
3653.3442 1.5137e-01
3654.4402 1.2998e-01
3655.5364 1.4953e-01
3656.6333 1.3531e-01
3657.7300 1.7102e-01
3658.8274 1.5669e-01
3659.9250 1.3010e-01
3661.0232 1.6567e-01
3662.1213 1.7515e-01
3663.2202 1.6923e-01
3664.3188 1.8244e-01
3665.4182 1.8156e-01
3666.5181 1.6796e-01
3667.6179 1.6952e-01
3668.7183 1.7230e-01
3669.8186 1.5318e-01
3670.9197 1.7117e-01
3672.0210 1.8905e-01
3673.1226 1.6848e-01
3674.2241 1.7620e-01
3675.3269 1.7784e-01
3676.4294 1.8738e-01
3677.5325 2.0480e-01
3678.6355 1.9589e-01
3679.7390 2.0528e-01
3680.8430 1.7250e-01
3681.9473 1.8829e-01
3683.0518 1.9751e-01
3684.1570 2.2102e-01
3685.2620 1.9122e-01
3686.3677 1.8987e-01
3687.4739 1.8033e-01
3688.5796 1.9211e-01
3689.6865 2.0861e-01
3690.7932 2.4178e-01
3691.9006 2.0356e-01
3693.0081 2.2607e-01
3694.1160 2.6812e-01
3695.2241 2.2721e-01
3696.3328 2.5433e-01
3697.4417 2.3668e-01
3698.5508 2.1208e-01
3699.6606 2.7663e-01
3700.7703 2.3563e-01
3701.8806 2.5359e-01
3702.9910 2.5883e-01
3704.1023 2.7408e-01
3705.2136 2.7038e-01
3706.3247 2.3211e-01
3707.4370 2.9064e-01
3708.5491 2.9062e-01
3709.6616 2.5830e-01
3710.7744 2.6334e-01
3711.8877 2.5422e-01
3713.0012 2.8080e-01
3714.1152 3.1358e-01
3715.2292 2.8490e-01
3716.3440 3.1091e-01
3717.4590 2.9668e-01
3718.5742 2.8572e-01
3719.6897 2.9801e-01
3720.8057 2.9618e-01
3721.9219 3.3183e-01
3723.0383 2.8827e-01
3724.1553 3.3281e-01
3725.2725 3.1488e-01
3726.3904 2.9272e-01
3727.5081 3.4708e-01
3728.6265 3.2728e-01
3729.7451 3.3355e-01
3730.8640 3.2349e-01
3731.9832 3.5967e-01
3733.1028 3.4824e-01
3734.2227 3.1868e-01
3735.3428 3.0499e-01
3736.4636 3.5665e-01
3737.5842 3.4217e-01
3738.7056 3.1291e-01
3739.8276 3.0234e-01
3740.9490 3.3927e-01
3742.0718 3.0112e-01
3743.1943 3.0918e-01
3744.3171 3.2678e-01
3745.4404 3.1601e-01
3746.5640 3.2959e-01
3747.6880 2.9798e-01
3748.8125 3.0705e-01
3749.9368 3.0221e-01
3751.0620 2.8282e-01
3752.1873 3.0542e-01
3753.3130 3.1224e-01
3754.4387 3.0669e-01
3755.5652 2.8171e-01
3756.6919 2.8741e-01
3757.8188 2.8557e-01
3758.9463 2.8273e-01
3760.0737 3.0219e-01
3761.2019 3.1651e-01
3762.3306 2.8476e-01
3763.4590 2.5563e-01
3764.5881 2.6042e-01
3765.7175 2.6146e-01
3766.8472 2.4828e-01
3767.9771 2.5987e-01
3769.1079 2.5119e-01
3770.2383 2.4262e-01
3771.3694 2.2777e-01
3772.5007 2.2733e-01
3773.6328 2.1786e-01
3774.7646 2.2530e-01
3775.8972 2.0640e-01
3777.0298 2.0589e-01
3778.1628 2.4795e-01
3779.2964 2.3078e-01
3780.4302 2.1103e-01
3781.5642 2.1865e-01
3782.6987 1.9058e-01
3783.8335 1.9031e-01
3784.9690 1.8875e-01
3786.1042 2.0165e-01
3787.2400 1.8023e-01
3788.3762 2.0988e-01
3789.5125 1.9779e-01
3790.6497 1.9520e-01
3791.7869 1.9309e-01
3792.9246 1.5761e-01
3794.0625 1.9617e-01
3795.2007 1.6351e-01
3796.3391 1.7670e-01
3797.4778 1.4369e-01
3798.6169 1.6430e-01
3799.7568 2.0395e-01
3800.8967 1.5773e-01
3802.0371 1.3822e-01
3803.1775 1.5059e-01
3804.3181 1.5028e-01
3805.4597 1.5287e-01
3806.6013 1.4053e-01
3807.7434 1.6860e-01
3808.8857 1.6998e-01
3810.0286 1.5450e-01
3811.1714 1.6445e-01
3812.3149 1.3562e-01
3813.4583 1.5588e-01
3814.6025 1.5605e-01
3815.7468 1.6580e-01
3816.8916 1.5808e-01
3818.0369 1.3914e-01
3819.1824 1.5133e-01
3820.3281 1.5751e-01
3821.4741 1.4538e-01
3822.6201 1.4797e-01
3823.7671 1.3666e-01
3824.9143 1.6875e-01
3826.0615 1.3883e-01
3827.2097 1.3675e-01
3828.3577 1.3961e-01
3829.5063 1.4077e-01
3830.6553 1.1570e-01
3831.8044 1.3737e-01
3832.9539 1.4825e-01
3834.1035 1.3954e-01
3835.2539 1.6011e-01
3836.4045 1.3418e-01
3837.5554 1.6054e-01
3838.7068 1.4023e-01
3839.8582 1.2692e-01
3841.0103 1.5311e-01
3842.1628 1.5117e-01
3843.3152 1.2798e-01
3844.4683 1.5549e-01
3845.6216 1.1900e-01
3846.7754 1.3166e-01
3847.9294 1.3452e-01
3849.0835 1.4474e-01
3850.2383 1.4148e-01
3851.3933 1.4993e-01
3852.5488 1.7890e-01
3853.7051 1.7392e-01
3854.8606 1.7120e-01
3856.0173 1.7571e-01
3857.1741 1.7522e-01
3858.3313 1.7994e-01
3859.4883 1.8076e-01
3860.6465 1.8027e-01
3861.8047 1.8419e-01
3862.9631 1.9908e-01
3864.1221 1.9514e-01
3865.2815 1.8636e-01
3866.4412 1.7180e-01
3867.6011 1.3164e-01
3868.7610 1.5628e-01
3869.9216 1.5908e-01
3871.0828 1.4165e-01
3872.2441 1.8770e-01
3873.4058 1.8642e-01
3874.5676 1.7435e-01
3875.7302 1.9230e-01
3876.8931 1.7620e-01
3878.0559 1.8803e-01
3879.2192 1.8059e-01
3880.3831 2.2429e-01
3881.5474 1.9378e-01
3882.7119 1.9193e-01
3883.8767 2.0724e-01
3885.0420 2.0622e-01
3886.2073 2.0250e-01
3887.3728 1.8636e-01
3888.5391 1.9381e-01
3889.7061 1.9664e-01
3890.8730 2.0202e-01
3892.0400 2.0307e-01
3893.2078 2.0294e-01
3894.3755 2.0450e-01
3895.5439 1.8948e-01
3896.7126 1.9650e-01
3897.8813 1.9630e-01
3899.0508 1.9216e-01
3900.2209 2.0092e-01
3901.3909 1.9888e-01
3902.5613 2.2038e-01
3903.7322 2.0270e-01
3904.9031 2.0113e-01
3906.0747 2.0090e-01
3907.2463 2.0653e-01
3908.4187 1.7893e-01
3909.5911 2.0033e-01
3910.7642 1.9145e-01
3911.9373 1.8944e-01
3913.1111 2.2015e-01
3914.2849 1.7719e-01
3915.4592 1.9785e-01
3916.6335 2.2628e-01
3917.8086 2.1428e-01
3918.9839 2.3642e-01
3920.1597 2.0543e-01
3921.3359 2.1895e-01
3922.5120 2.4156e-01
3923.6887 2.0575e-01
3924.8660 1.9839e-01
3926.0432 2.5073e-01
3927.2212 2.0822e-01
3928.3994 2.5553e-01
3929.5779 2.3072e-01
3930.7568 1.9995e-01
3931.9360 2.4370e-01
3933.1157 2.4135e-01
3934.2954 2.1667e-01
3935.4758 2.4910e-01
3936.6562 2.3068e-01
3937.8374 2.4387e-01
3939.0186 2.6810e-01
3940.2004 2.3638e-01
3941.3826 2.5265e-01
3942.5649 2.5132e-01
3943.7478 2.4449e-01
3944.9307 2.4939e-01
3946.1147 2.4971e-01
3947.2983 2.6158e-01
3948.4824 3.1178e-01
3949.6670 3.0043e-01
3950.8521 2.6022e-01
3952.0369 2.6880e-01
3953.2227 2.7966e-01
3954.4089 2.9173e-01
3955.5950 3.2135e-01
3956.7812 3.2359e-01
3957.9688 2.8552e-01
3959.1560 3.5665e-01
3960.3438 2.8623e-01
3961.5320 3.1847e-01
3962.7202 3.0660e-01
3963.9094 3.0307e-01
3965.0984 2.9140e-01
3966.2881 3.5520e-01
3967.4778 3.1486e-01
3968.6680 3.2543e-01
3969.8584 2.9976e-01
3971.0498 3.2615e-01
3972.2412 3.2545e-01
3973.4326 3.4406e-01
3974.6248 3.5847e-01
3975.8171 3.5537e-01
3977.0095 3.5165e-01
3978.2029 3.0635e-01
3979.3962 3.2551e-01
3980.5901 3.6031e-01
3981.7844 3.3800e-01
3982.9790 3.5627e-01
3984.1736 3.6528e-01
3985.3691 3.4471e-01
3986.5647 3.4569e-01
3987.7605 3.4645e-01
3988.9568 3.5827e-01
3990.1538 3.3410e-01
3991.3506 4.2500e-01
3992.5481 3.5309e-01
3993.7456 3.7283e-01
3994.9441 3.5944e-01
3996.1423 3.7102e-01
3997.3413 4.1839e-01
3998.5408 3.7339e-01
3999.7397 3.9412e-01
4000.9402 3.8791e-01
4002.1401 3.5843e-01
4003.3408 3.6510e-01
4004.5415 3.5817e-01
4005.7434 3.8740e-01
4006.9448 3.7468e-01
4008.1470 3.7434e-01
4009.3496 4.0670e-01
4010.5522 4.0092e-01
4011.7556 3.6749e-01
4012.9587 3.5009e-01
4014.1628 3.9068e-01
4015.3672 4.0739e-01
4016.5715 3.8383e-01
4017.7769 3.4583e-01
4018.9817 3.8883e-01
4020.1875 3.9414e-01
4021.3936 3.6824e-01
4022.6003 3.6557e-01
4023.8071 3.7416e-01
4025.0142 4.0255e-01
4026.2214 4.0277e-01
4027.4294 3.9685e-01
4028.6377 3.7581e-01
4029.8462 3.6967e-01
4031.0554 3.7863e-01
4032.2646 3.8276e-01
4033.4744 4.4288e-01
4034.6843 3.6101e-01
4035.8945 3.6992e-01
4037.1052 4.1343e-01
4038.3167 3.9781e-01
4039.5281 3.9549e-01
4040.7397 3.6513e-01
4041.9524 3.6409e-01
4043.1648 4.1382e-01
4044.3777 3.6505e-01
4045.5913 3.4354e-01
4046.8047 3.6876e-01
4048.0186 3.6114e-01
4049.2332 3.7127e-01
4050.4480 3.8652e-01
4051.6628 3.4394e-01
4052.8784 3.7180e-01
4054.0942 3.1220e-01
4055.3108 3.5592e-01
4056.5273 3.1001e-01
4057.7444 3.3681e-01
4058.9614 3.1123e-01
4060.1792 3.1061e-01
4061.3970 3.4086e-01
4062.6155 3.2148e-01
4063.8345 3.6183e-01
4065.0535 3.3183e-01
4066.2732 3.4528e-01
4067.4929 3.0310e-01
4068.7131 3.4905e-01
4069.9338 3.1265e-01
4071.1548 3.0179e-01
4072.3762 3.1773e-01
4073.5981 2.9377e-01
4074.8201 3.1624e-01
4076.0427 3.4511e-01
4077.2654 2.9619e-01
4078.4885 3.1412e-01
4079.7119 3.2070e-01
4080.9358 2.8734e-01
4082.1602 2.8175e-01
4083.3845 3.3798e-01
4084.6099 3.1782e-01
4085.8354 2.6544e-01
4087.0608 2.8146e-01
4088.2869 3.2222e-01
4089.5137 2.8215e-01
4090.7407 2.9083e-01
4091.9678 3.2043e-01
4093.1953 3.1420e-01
4094.4233 2.6607e-01
4095.6519 3.1801e-01
4096.8799 3.1669e-01
4098.1094 2.6940e-01
4099.3384 2.7657e-01
4100.5684 2.9553e-01
4101.7988 3.0375e-01
4103.0293 2.9524e-01
4104.2598 2.7396e-01
4105.4912 3.2234e-01
4106.7231 2.8222e-01
4107.9546 2.9688e-01
4109.1875 2.9292e-01
4110.4204 3.0165e-01
4111.6533 2.5967e-01
4112.8867 2.6967e-01
4114.1211 2.8214e-01
4115.3545 2.5902e-01
4116.5898 2.9362e-01
4117.8247 2.5689e-01
4119.0596 3.0514e-01
4120.2954 2.8560e-01
4121.5317 2.9888e-01
4122.7681 2.6275e-01
4124.0049 2.7626e-01
4125.2422 2.7448e-01
4126.4800 3.1818e-01
4127.7178 2.9755e-01
4128.9561 2.6937e-01
4130.1948 3.0943e-01
4131.4336 3.0059e-01
4132.6733 2.8944e-01
4133.9126 2.6798e-01
4135.1533 2.8250e-01
4136.3936 2.5122e-01
4137.6348 2.5861e-01
4138.8760 2.8637e-01
4140.1172 2.7260e-01
4141.3599 2.6018e-01
4142.6021 2.5828e-01
4143.8447 2.8200e-01
4145.0879 2.7369e-01
4146.3315 2.2866e-01
4147.5752 2.4929e-01
4148.8198 2.4935e-01
4150.0640 2.9209e-01
4151.3091 2.5817e-01
4152.5547 3.1760e-01
4153.8003 2.5001e-01
4155.0464 2.6652e-01
4156.2930 2.9597e-01
4157.5400 2.3856e-01
4158.7871 2.4760e-01
4160.0352 2.5289e-01
4161.2827 2.5108e-01
4162.5312 2.2146e-01
4163.7803 2.5952e-01
4165.0293 2.2889e-01
4166.2783 2.5396e-01
4167.5288 2.4214e-01
4168.7788 2.4888e-01
4170.0298 2.7679e-01
4171.2803 2.3730e-01
4172.5317 2.8515e-01
4173.7837 2.3449e-01
4175.0356 2.3753e-01
4176.2886 2.4221e-01
4177.5410 2.5238e-01
4178.7944 2.6195e-01
4180.0479 2.7353e-01
4181.3022 2.7980e-01
4182.5566 2.6527e-01
4183.8115 2.7761e-01
4185.0664 2.4981e-01
4186.3223 2.5808e-01
4187.5776 2.5511e-01
4188.8340 2.5816e-01
4190.0903 2.3434e-01
4191.3477 2.5253e-01
4192.6050 2.5734e-01
4193.8628 2.6725e-01
4195.1206 2.5167e-01
4196.3794 2.5394e-01
4197.6387 2.4595e-01
4198.8975 2.5004e-01
4200.1577 2.8630e-01
4201.4175 3.0107e-01
4202.6782 2.6689e-01
4203.9390 2.5273e-01
4205.2002 2.5533e-01
4206.4614 2.4474e-01
4207.7231 2.7182e-01
4208.9858 3.1150e-01
4210.2485 2.7936e-01
4211.5112 2.5295e-01
4212.7749 2.5178e-01
4214.0391 2.8481e-01
4215.3032 2.5993e-01
4216.5679 2.7833e-01
4217.8330 2.7926e-01
4219.0981 2.7625e-01
4220.3638 2.7932e-01
4221.6299 2.6052e-01
4222.8965 2.8937e-01
4224.1636 2.6680e-01
4225.4302 2.6894e-01
4226.6978 2.7749e-01
4227.9658 2.7512e-01
4229.2349 2.6120e-01
4230.5034 3.0169e-01
4231.7725 2.7002e-01
4233.0415 2.4063e-01
4234.3115 2.5247e-01
4235.5825 2.7634e-01
4236.8525 3.0175e-01
4238.1235 2.6189e-01
4239.3955 2.5523e-01
4240.6670 2.4382e-01
4241.9390 2.8413e-01
4243.2119 2.7447e-01
4244.4844 2.4093e-01
4245.7583 2.4950e-01
4247.0317 2.5655e-01
4248.3062 2.4528e-01
4249.5806 2.3947e-01
4250.8555 2.4938e-01
4252.1309 2.4173e-01
4253.4062 2.3232e-01
4254.6821 2.5272e-01
4255.9590 2.6467e-01
4257.2358 2.4760e-01
4258.5127 2.4982e-01
4259.7900 2.5649e-01
4261.0679 2.4590e-01
4262.3462 2.5646e-01
4263.6250 2.4382e-01
4264.9043 2.3474e-01
4266.1841 2.4792e-01
4267.4639 2.2376e-01
4268.7432 2.6833e-01
4270.0244 2.4814e-01
4271.3052 2.7025e-01
4272.5869 2.4459e-01
4273.8682 2.6066e-01
4275.1509 2.5611e-01
4276.4336 2.4541e-01
4277.7163 2.3954e-01
4278.9995 2.7065e-01
4280.2837 2.6079e-01
4281.5674 2.5202e-01
4282.8521 2.4146e-01
4284.1367 2.8640e-01
4285.4219 2.3955e-01
4286.7075 2.4178e-01
4287.9937 2.3130e-01
4289.2798 2.4673e-01
4290.5669 2.5482e-01
4291.8540 2.0776e-01
4293.1416 2.8253e-01
4294.4292 2.7482e-01
4295.7183 2.5054e-01
4297.0063 2.6250e-01
4298.2954 2.7481e-01
4299.5854 2.6788e-01
4300.8750 2.9917e-01
4302.1650 2.3410e-01
4303.4561 2.4927e-01
4304.7471 2.5315e-01
4306.0381 2.2697e-01
4307.3301 2.5571e-01
4308.6221 2.3549e-01
4309.9150 2.7137e-01
4311.2075 2.3889e-01
4312.5015 2.5143e-01
4313.7949 2.3004e-01
4315.0889 2.4230e-01
4316.3838 2.3207e-01
4317.6787 2.4453e-01
4318.9741 2.5366e-01
4320.2700 2.5853e-01
4321.5654 2.2706e-01
4322.8623 2.5702e-01
4324.1592 2.4436e-01
4325.4565 2.8760e-01
4326.7539 2.2477e-01
4328.0518 2.6068e-01
4329.3501 2.6509e-01
4330.6494 2.3999e-01
4331.9482 2.3003e-01
4333.2480 2.5523e-01
4334.5479 2.5954e-01
4335.8477 2.6661e-01
4337.1489 2.4370e-01
4338.4502 2.5676e-01
4339.7515 2.4168e-01
4341.0537 2.3759e-01
4342.3560 2.4749e-01
4343.6582 2.7266e-01
4344.9614 2.5136e-01
4346.2646 2.1909e-01
4347.5693 2.5955e-01
4348.8735 2.3226e-01
4350.1782 2.3607e-01
4351.4829 2.4477e-01
4352.7886 2.3359e-01
4354.0938 2.4369e-01
4355.4009 2.4228e-01
4356.7070 2.2738e-01
4358.0137 2.0654e-01
4359.3218 2.5681e-01
4360.6294 2.0701e-01
4361.9375 2.4829e-01
4363.2461 2.4574e-01
4364.5552 2.4542e-01
4365.8643 2.3779e-01
4367.1743 2.4153e-01
4368.4844 2.6397e-01
4369.7954 2.5806e-01
4371.1060 2.3450e-01
4372.4170 2.3475e-01
4373.7285 2.1550e-01
4375.0415 2.2176e-01
4376.3540 2.4057e-01
4377.6665 2.3307e-01
4378.9800 2.6538e-01
4380.2935 2.3811e-01
4381.6074 2.3813e-01
4382.9219 2.6422e-01
4384.2363 2.2515e-01
4385.5522 2.1180e-01
4386.8677 2.0399e-01
4388.1841 1.9857e-01
4389.5010 2.4439e-01
4390.8169 2.1807e-01
4392.1343 2.2495e-01
4393.4521 2.1287e-01
4394.7700 1.9635e-01
4396.0884 2.2721e-01
4397.4077 1.9799e-01
4398.7266 2.1214e-01
4400.0464 2.0940e-01
4401.3667 1.8452e-01
4402.6870 2.2633e-01
4404.0073 2.2610e-01
4405.3291 1.9184e-01
4406.6504 1.8369e-01
4407.9722 2.0329e-01
4409.2944 1.8918e-01
4410.6172 1.9411e-01
4411.9404 2.1319e-01
4413.2642 2.1257e-01
4414.5879 2.2365e-01
4415.9126 2.2624e-01
4417.2373 2.0598e-01
4418.5625 1.9196e-01
4419.8882 1.9219e-01
4421.2139 2.0052e-01
4422.5405 2.1009e-01
4423.8672 2.2195e-01
4425.1938 1.9894e-01
4426.5220 2.1289e-01
4427.8496 2.0442e-01
4429.1787 1.9585e-01
4430.5063 2.3385e-01
4431.8364 2.0099e-01
4433.1655 2.0680e-01
4434.4956 2.1026e-01
4435.8262 2.0456e-01
4437.1567 2.1375e-01
4438.4878 2.3432e-01
4439.8193 2.2096e-01
4441.1514 2.3331e-01
4442.4834 2.1134e-01
4443.8164 2.4622e-01
4445.1494 2.5176e-01
4446.4829 2.4191e-01
4447.8169 2.2186e-01
4449.1514 2.5330e-01
4450.4863 2.4900e-01
4451.8213 2.4775e-01
4453.1567 2.5713e-01
4454.4927 2.5196e-01
4455.8291 2.4811e-01
4457.1660 2.5839e-01
4458.5029 2.4782e-01
4459.8403 2.3710e-01
4461.1787 2.6095e-01
4462.5171 2.5648e-01
4463.8555 2.6890e-01
4465.1948 2.5745e-01
4466.5347 2.6078e-01
4467.8740 2.8025e-01
4469.2144 2.6715e-01
4470.5552 2.7411e-01
4471.8970 2.7331e-01
4473.2383 3.1612e-01
4474.5806 3.2492e-01
4475.9229 2.6963e-01
4477.2651 2.9046e-01
4478.6084 2.6743e-01
4479.9521 3.0766e-01
4481.2959 2.8687e-01
4482.6406 2.7573e-01
4483.9854 3.0573e-01
4485.3306 3.2097e-01
4486.6763 2.9547e-01
4488.0220 2.9314e-01
4489.3682 3.1727e-01
4490.7153 3.0455e-01
4492.0620 3.3111e-01
4493.4102 2.8976e-01
4494.7578 3.1193e-01
4496.1069 3.1868e-01
4497.4556 3.1259e-01
4498.8047 3.0721e-01
4500.1543 3.2285e-01
4501.5044 3.0703e-01
4502.8550 3.2487e-01
4504.2056 2.9912e-01
4505.5566 3.3062e-01
4506.9082 3.0513e-01
4508.2607 3.4035e-01
4509.6133 3.0970e-01
4510.9658 2.9470e-01
4512.3193 3.5534e-01
4513.6729 3.0901e-01
4515.0273 3.3697e-01
4516.3818 2.9317e-01
4517.7363 3.0796e-01
4519.0918 2.8657e-01
4520.4473 3.2996e-01
4521.8037 3.4225e-01
4523.1606 3.6303e-01
4524.5171 3.7169e-01
4525.8750 3.5137e-01
4527.2324 3.5593e-01
4528.5903 3.6499e-01
4529.9492 3.5365e-01
4531.3081 3.2518e-01
4532.6675 3.1313e-01
4534.0269 3.5514e-01
4535.3872 3.6176e-01
4536.7480 3.4149e-01
4538.1094 3.4345e-01
4539.4702 3.6987e-01
4540.8320 3.4901e-01
4542.1943 3.7828e-01
4543.5576 3.5415e-01
4544.9199 3.4858e-01
4546.2842 3.8880e-01
4547.6475 3.2830e-01
4549.0117 3.5591e-01
4550.3770 4.1341e-01
4551.7417 3.2161e-01
4553.1074 3.3577e-01
4554.4731 3.5236e-01
4555.8398 4.1557e-01
4557.2061 3.8385e-01
4558.5732 3.5379e-01
4559.9414 3.7061e-01
4561.3086 3.6893e-01
4562.6772 3.3918e-01
4564.0459 3.9169e-01
4565.4150 3.4585e-01
4566.7852 3.6391e-01
4568.1553 3.7440e-01
4569.5249 3.6168e-01
4570.8965 3.8274e-01
4572.2676 3.4651e-01
4573.6392 3.7441e-01
4575.0117 3.7254e-01
4576.3838 3.4179e-01
4577.7568 3.8179e-01
4579.1304 3.3897e-01
4580.5039 3.7136e-01
4581.8784 3.8826e-01
4583.2524 4.0608e-01
4584.6274 3.6724e-01
4586.0029 3.4350e-01
4587.3789 3.5750e-01
4588.7549 3.7068e-01
4590.1318 3.6942e-01
4591.5083 3.6257e-01
4592.8857 3.4912e-01
4594.2642 3.8705e-01
4595.6426 3.9848e-01
4597.0210 3.6767e-01
4598.3999 3.7142e-01
4599.7798 3.7757e-01
4601.1597 3.5162e-01
4602.5396 3.8626e-01
4603.9204 3.8222e-01
4605.3022 3.9484e-01
4606.6836 3.5979e-01
4608.0649 3.7918e-01
4609.4478 3.8235e-01
4610.8306 3.4649e-01
4612.2144 3.9272e-01
4613.5977 3.0842e-01
4614.9819 3.7408e-01
4616.3662 3.8782e-01
4617.7515 3.4365e-01
4619.1362 3.3658e-01
4620.5225 3.4777e-01
4621.9082 3.6615e-01
4623.2949 3.6646e-01
4624.6816 3.5965e-01
4626.0693 3.3233e-01
4627.4570 3.2973e-01
4628.8457 3.5364e-01
4630.2334 3.4877e-01
4631.6230 3.6526e-01
4633.0127 3.9218e-01
4634.4028 3.5563e-01
4635.7935 3.4335e-01
4637.1831 3.4600e-01
4638.5742 3.8468e-01
4639.9658 3.7416e-01
4641.3579 3.6081e-01
4642.7505 3.6594e-01
4644.1436 3.7891e-01
4645.5371 3.6634e-01
4646.9307 3.4069e-01
4648.3247 3.6481e-01
4649.7188 3.4992e-01
4651.1138 3.4314e-01
4652.5093 3.3890e-01
4653.9048 3.6214e-01
4655.3018 3.7090e-01
4656.6978 3.3214e-01
4658.0947 2.9378e-01
4659.4922 3.3706e-01
4660.8896 3.6349e-01
4662.2886 3.4031e-01
4663.6865 3.2482e-01
4665.0859 3.3368e-01
4666.4854 3.5345e-01
4667.8853 3.7866e-01
4669.2861 2.9253e-01
4670.6870 3.3160e-01
4672.0874 3.1109e-01
4673.4897 3.4277e-01
4674.8916 3.1343e-01
4676.2944 3.2035e-01
4677.6968 3.3863e-01
4679.1006 3.2150e-01
4680.5039 3.1629e-01
4681.9082 3.4727e-01
4683.3125 3.2991e-01
4684.7173 3.2209e-01
4686.1230 2.9914e-01
4687.5288 3.3973e-01
4688.9351 3.2454e-01
4690.3423 3.3595e-01
4691.7490 3.3414e-01
4693.1562 3.1739e-01
4694.5645 3.1927e-01
4695.9731 3.3757e-01
4697.3818 3.2973e-01
4698.7910 3.3726e-01
4700.2002 3.1151e-01
4701.6104 3.4245e-01
4703.0205 3.3151e-01
4704.4316 3.2048e-01
4705.8433 3.2891e-01
4707.2549 3.6795e-01
4708.6670 3.4691e-01
4710.0796 3.3105e-01
4711.4927 2.8075e-01
4712.9058 3.4547e-01
4714.3203 3.2522e-01
4715.7344 3.4588e-01
4717.1494 3.1669e-01
4718.5645 3.4443e-01
4719.9800 3.3785e-01
4721.3955 3.0902e-01
4722.8120 3.5509e-01
4724.2290 3.1789e-01
4725.6460 3.3910e-01
4727.0645 3.0320e-01
4728.4824 3.0734e-01
4729.9004 3.3412e-01
4731.3198 3.4547e-01
4732.7388 3.3525e-01
4734.1587 3.1895e-01
4735.5791 3.2247e-01
4737.0000 3.0548e-01
4738.4209 3.0446e-01
4739.8428 2.8383e-01
4741.2646 3.2261e-01
4742.6870 2.9571e-01
4744.1094 2.8884e-01
4745.5327 2.9225e-01
4746.9565 2.9891e-01
4748.3804 2.9711e-01
4749.8052 2.9564e-01
4751.2300 2.9235e-01
4752.6548 3.3003e-01
4754.0811 3.2624e-01
4755.5078 2.9578e-01
4756.9341 2.8840e-01
4758.3608 2.5601e-01
4759.7886 3.0552e-01
4761.2168 2.9213e-01
4762.6445 2.7654e-01
4764.0737 3.0036e-01
4765.5029 3.0017e-01
4766.9326 2.9074e-01
4768.3628 3.0500e-01
4769.7930 2.9330e-01
4771.2236 2.8598e-01
4772.6553 2.6629e-01
4774.0869 2.3832e-01
4775.5190 2.5971e-01
4776.9521 2.9873e-01
4778.3853 2.5696e-01
4779.8184 2.6946e-01
4781.2524 2.6674e-01
4782.6870 3.0736e-01
4784.1226 2.9561e-01
4785.5571 2.9074e-01
4786.9927 2.6393e-01
4788.4292 2.7480e-01
4789.8652 3.0111e-01
4791.3022 2.6332e-01
4792.7397 3.0706e-01
4794.1777 2.7267e-01
4795.6152 3.0015e-01
4797.0542 3.2360e-01
4798.4937 2.8571e-01
4799.9331 3.3213e-01
4801.3735 2.6180e-01
4802.8140 2.7294e-01
4804.2544 2.7491e-01
4805.6958 2.8420e-01
4807.1377 2.8438e-01
4808.5796 2.4541e-01
4810.0220 2.7244e-01
4811.4653 2.7544e-01
4812.9087 2.8157e-01
4814.3525 2.9003e-01
4815.7969 2.6640e-01
4817.2417 2.7083e-01
4818.6865 2.9816e-01
4820.1328 2.6130e-01
4821.5786 2.5507e-01
4823.0249 3.1746e-01
4824.4717 2.5760e-01
4825.9189 2.5641e-01
4827.3667 2.9015e-01
4828.8149 2.6004e-01
4830.2637 3.0119e-01
4831.7124 2.8621e-01
4833.1621 2.9582e-01
4834.6118 2.6781e-01
4836.0620 2.9277e-01
4837.5137 2.8452e-01
4838.9644 2.7605e-01
4840.4165 3.0384e-01
4841.8687 2.9857e-01
4843.3208 2.6154e-01
4844.7739 2.7723e-01
4846.2275 2.7942e-01
4847.6812 2.4264e-01
4849.1357 2.6958e-01
4850.5903 2.4363e-01
4852.0454 2.7323e-01
4853.5015 2.5979e-01
4854.9575 2.4681e-01
4856.4136 2.7354e-01
4857.8706 2.8363e-01
4859.3281 2.4041e-01
4860.7861 2.5671e-01
4862.2437 2.6759e-01
4863.7026 2.6130e-01
4865.1621 2.7131e-01
4866.6211 2.3967e-01
4868.0815 2.5341e-01
4869.5420 2.3943e-01
4871.0024 2.3438e-01
4872.4639 2.4019e-01
4873.9263 2.6684e-01
4875.3877 2.4489e-01
4876.8506 2.3479e-01
4878.3135 2.2842e-01
4879.7773 2.3375e-01
4881.2412 2.3821e-01
4882.7051 2.4024e-01
4884.1704 2.4994e-01
4885.6357 2.7901e-01
4887.1011 2.5420e-01
4888.5674 2.5394e-01
4890.0337 2.2322e-01
4891.5010 2.2922e-01
4892.9683 2.5814e-01
4894.4360 2.3510e-01
4895.9043 2.3298e-01
4897.3730 2.3134e-01
4898.8423 2.0951e-01
4900.3120 2.3163e-01
4901.7827 2.5095e-01
4903.2529 2.4820e-01
4904.7231 2.2349e-01
4906.1953 2.2177e-01
4907.6675 2.3996e-01
4909.1392 2.5666e-01
4910.6123 2.4917e-01
4912.0854 2.6459e-01
4913.5586 2.4221e-01
4915.0332 2.3768e-01
4916.5073 2.5032e-01
4917.9819 2.1679e-01
4919.4575 2.3774e-01
4920.9331 2.5352e-01
4922.4097 2.3352e-01
4923.8872 2.7750e-01
4925.3638 2.3510e-01
4926.8418 2.4532e-01
4928.3188 2.5190e-01
4929.7979 2.4676e-01
4931.2769 2.4338e-01
4932.7563 2.4666e-01
4934.2358 1.9811e-01
4935.7168 2.3536e-01
4937.1963 2.3185e-01
4938.6782 2.2451e-01
4940.1597 2.1707e-01
4941.6416 2.5882e-01
4943.1250 2.5432e-01
4944.6069 2.2946e-01
4946.0908 2.1032e-01
4947.5752 2.0123e-01
4949.0586 1.9444e-01
4950.5435 2.1776e-01
4952.0278 2.1144e-01
4953.5142 2.1403e-01
4955.0010 2.0587e-01
4956.4873 2.1727e-01
4957.9741 1.8275e-01
4959.4614 2.0837e-01
4960.9492 2.0162e-01
4962.4370 1.9293e-01
4963.9258 1.7424e-01
4965.4150 1.9864e-01
4966.9048 1.9446e-01
4968.3945 1.5621e-01
4969.8853 1.9183e-01
4971.3765 1.8899e-01
4972.8677 1.8977e-01
4974.3599 2.1519e-01
4975.8521 1.8521e-01
4977.3447 1.8584e-01
4978.8379 1.8982e-01
4980.3315 1.8802e-01
4981.8257 2.1649e-01
4983.3203 1.9325e-01
4984.8159 2.0150e-01
4986.3105 1.9995e-01
4987.8066 1.9980e-01
4989.3027 1.7060e-01
4990.7998 1.7709e-01
4992.2974 1.5476e-01
4993.7939 1.6103e-01
4995.2930 1.8208e-01
4996.7915 1.6365e-01
4998.2905 1.6177e-01
4999.7896 1.5489e-01
5001.2896 1.9680e-01
5002.7900 1.9017e-01
5004.2915 1.6786e-01
5005.7925 1.7425e-01
5007.2944 1.9557e-01
5008.7964 1.7763e-01
5010.2993 1.8060e-01
5011.8022 1.8913e-01
5013.3057 1.9943e-01
5014.8101 1.7462e-01
5016.3145 1.9252e-01
5017.8184 2.1332e-01
5019.3247 1.7355e-01
5020.8301 1.8912e-01
5022.3359 1.8208e-01
5023.8428 1.9692e-01
5025.3496 1.9757e-01
5026.8579 1.8430e-01
5028.3657 1.5501e-01
5029.8740 1.9138e-01
5031.3828 1.8714e-01
5032.8926 1.8947e-01
5034.4023 2.2702e-01
5035.9131 1.6360e-01
5037.4233 2.0380e-01
5038.9346 1.7719e-01
5040.4463 1.9670e-01
5041.9585 1.9717e-01
5043.4712 1.9370e-01
5044.9839 2.1125e-01
5046.4980 1.7586e-01
5048.0112 1.8690e-01
5049.5259 1.8825e-01
5051.0415 2.0705e-01
5052.5562 2.0266e-01
5054.0723 1.8990e-01
5055.5884 1.7308e-01
5057.1045 2.2636e-01
5058.6221 1.9939e-01
5060.1401 2.2647e-01
5061.6577 2.0332e-01
5063.1763 1.8994e-01
5064.6953 2.0758e-01
5066.2144 1.9922e-01
5067.7339 1.5530e-01
5069.2549 1.9273e-01
5070.7759 2.0581e-01
5072.2969 1.8347e-01
5073.8188 1.8254e-01
5075.3403 1.8068e-01
5076.8628 1.9607e-01
5078.3867 2.2686e-01
5079.9097 2.0184e-01
5081.4336 2.1490e-01
5082.9580 1.7663e-01
5084.4829 2.1197e-01
5086.0083 2.1678e-01
5087.5342 2.0142e-01
5089.0605 1.9186e-01
5090.5874 2.1447e-01
5092.1143 1.7633e-01
5093.6421 1.9471e-01
5095.1699 1.9588e-01
5096.6987 2.0263e-01
5098.2275 2.2816e-01
5099.7573 1.9904e-01
5101.2871 1.7274e-01
5102.8179 2.2159e-01
5104.3481 2.0418e-01
5105.8799 2.0420e-01
5107.4111 1.8773e-01
5108.9438 1.9107e-01
5110.4761 2.0333e-01
5112.0093 1.8665e-01
5113.5435 1.9708e-01
5115.0771 1.9982e-01
5116.6118 1.8961e-01
5118.1470 2.1183e-01
5119.6816 2.0108e-01
5121.2183 1.8535e-01
5122.7544 1.8645e-01
5124.2910 2.0872e-01
5125.8286 1.9274e-01
5127.3667 1.7963e-01
5128.9043 2.0613e-01
5130.4429 2.0625e-01
5131.9824 1.9263e-01
5133.5220 1.9740e-01
5135.0615 1.9134e-01
5136.6021 2.0082e-01
5138.1436 2.2135e-01
5139.6846 1.8688e-01
5141.2266 1.8934e-01
5142.7690 2.2009e-01
5144.3125 1.9357e-01
5145.8550 1.7255e-01
5147.3989 1.9368e-01
5148.9429 2.1381e-01
5150.4883 2.1102e-01
5152.0332 1.8510e-01
5153.5781 1.7144e-01
5155.1245 1.9318e-01
5156.6714 2.1624e-01
5158.2178 2.1359e-01
5159.7656 1.9457e-01
5161.3130 2.2931e-01
5162.8618 2.1995e-01
5164.4106 2.0133e-01
5165.9604 1.9685e-01
5167.5098 1.9613e-01
5169.0605 2.1615e-01
5170.6108 1.9345e-01
5172.1621 2.1774e-01
5173.7139 2.0209e-01
5175.2656 2.2615e-01
5176.8188 1.9128e-01
5178.3711 2.2363e-01
5179.9253 2.0093e-01
5181.4790 2.1787e-01
5183.0337 1.9025e-01
5184.5884 1.9166e-01
5186.1436 1.9869e-01
5187.6992 2.0364e-01
5189.2559 2.1501e-01
5190.8130 1.9459e-01
5192.3696 2.4597e-01
5193.9277 2.1813e-01
5195.4858 2.0073e-01
5197.0439 2.3569e-01
5198.6035 2.3111e-01
5200.1636 2.2654e-01
5201.7231 2.1984e-01
5203.2837 2.2453e-01
5204.8447 2.1387e-01
5206.4058 2.4561e-01
5207.9683 1.9959e-01
5209.5303 2.2307e-01
5211.0933 2.1204e-01
5212.6567 2.3298e-01
5214.2202 2.3845e-01
5215.7847 2.1689e-01
5217.3496 2.0333e-01
5218.9150 2.3228e-01
5220.4800 2.3139e-01
5222.0464 2.4995e-01
5223.6128 2.1617e-01
5225.1802 2.4614e-01
5226.7480 2.2618e-01
5228.3154 2.4346e-01
5229.8843 2.4962e-01
5231.4526 2.4629e-01
5233.0225 2.6374e-01
5234.5928 2.3169e-01
5236.1626 2.4500e-01
5237.7339 2.2513e-01
5239.3052 2.2887e-01
5240.8770 2.4871e-01
5242.4492 2.1381e-01
5244.0220 2.4691e-01
5245.5947 2.3048e-01
5247.1689 2.1442e-01
5248.7422 2.7108e-01
5250.3174 2.3088e-01
5251.8921 2.3615e-01
5253.4678 2.3923e-01
5255.0439 2.7043e-01
5256.6211 2.4901e-01
5258.1978 2.4340e-01
5259.7749 2.2420e-01
5261.3530 2.2192e-01
5262.9312 2.4359e-01
5264.5098 2.3765e-01
5266.0898 2.4280e-01
5267.6694 2.3584e-01
5269.2495 2.5558e-01
5270.8311 2.1400e-01
5272.4116 2.3463e-01
5273.9941 2.2603e-01
5275.5757 2.4384e-01
5277.1587 2.3439e-01
5278.7422 2.4141e-01
5280.3252 2.3350e-01
5281.9092 2.3952e-01
5283.4937 2.3745e-01
5285.0786 2.5120e-01
5286.6641 2.4421e-01
5288.2500 2.5876e-01
5289.8369 2.2159e-01
5291.4238 2.3517e-01
5293.0117 2.1760e-01
5294.5996 2.2050e-01
5296.1870 2.3108e-01
5297.7764 2.2955e-01
5299.3662 2.2752e-01
5300.9561 2.1766e-01
5302.5459 2.1140e-01
5304.1367 2.2325e-01
5305.7280 2.4672e-01
5307.3188 2.2876e-01
5308.9116 2.0626e-01
5310.5044 2.2774e-01
5312.0977 2.0963e-01
5313.6919 2.3380e-01
5315.2856 2.2902e-01
5316.8799 2.3597e-01
5318.4751 2.3867e-01
5320.0708 2.5222e-01
5321.6665 2.4771e-01
5323.2632 2.5573e-01
5324.8604 2.4341e-01
5326.4575 2.1728e-01
5328.0557 2.2895e-01
5329.6533 2.0355e-01
5331.2534 2.4048e-01
5332.8516 2.2741e-01
5334.4517 2.2811e-01
5336.0522 2.4023e-01
5337.6533 2.4750e-01
5339.2544 2.2057e-01
5340.8560 2.1650e-01
5342.4585 2.0469e-01
5344.0605 2.5127e-01
5345.6646 2.3611e-01
5347.2681 2.4325e-01
5348.8726 2.1464e-01
5350.4771 2.1967e-01
5352.0825 2.5330e-01
5353.6875 2.0700e-01
5355.2944 2.2189e-01
5356.9009 2.1779e-01
5358.5073 1.9361e-01
5360.1152 2.2913e-01
5361.7236 2.0323e-01
5363.3315 2.1856e-01
5364.9404 2.1043e-01
5366.5503 1.9978e-01
5368.1602 1.9427e-01
5369.7705 1.9853e-01
5371.3813 2.4138e-01
5372.9932 1.9963e-01
5374.6050 1.8694e-01
5376.2173 2.0858e-01
5377.8301 1.8548e-01
5379.4434 1.8625e-01
5381.0576 1.6682e-01
5382.6714 1.8193e-01
5384.2861 1.8746e-01
5385.9014 1.9667e-01
5387.5171 1.8199e-01
5389.1343 1.8149e-01
5390.7505 1.4579e-01
5392.3677 1.8177e-01
5393.9858 2.0250e-01
5395.6035 1.7382e-01
5397.2222 1.9531e-01
5398.8413 1.7383e-01
5400.4609 1.8586e-01
5402.0811 1.6835e-01
5403.7017 1.9304e-01
5405.3228 1.8443e-01
5406.9448 1.6836e-01
5408.5659 1.7198e-01
5410.1890 1.4854e-01
5411.8115 1.6159e-01
5413.4360 1.6345e-01
5415.0596 1.8682e-01
5416.6841 1.6725e-01
5418.3096 1.4665e-01
5419.9351 1.8083e-01
5421.5605 1.6950e-01
5423.1875 1.5539e-01
5424.8145 1.7302e-01
5426.4414 1.4953e-01
5428.0693 1.6638e-01
5429.6982 1.7227e-01
5431.3271 1.7573e-01
5432.9565 1.7853e-01
5434.5859 1.6949e-01
5436.2163 1.9680e-01
5437.8472 1.6908e-01
5439.4785 1.6670e-01
5441.1104 1.7033e-01
5442.7427 1.7224e-01
5444.3760 1.8107e-01
5446.0098 1.6872e-01
5447.6431 1.6152e-01
5449.2778 2.2275e-01
5450.9121 1.6221e-01
5452.5474 1.6919e-01
5454.1826 1.6404e-01
5455.8193 1.9321e-01
5457.4565 1.7538e-01
5459.0933 1.5953e-01
5460.7310 1.7890e-01
5462.3696 1.6956e-01
5464.0073 1.6201e-01
5465.6475 1.8892e-01
5467.2871 1.9205e-01
5468.9272 1.9897e-01
5470.5674 1.9435e-01
5472.2090 1.6292e-01
5473.8506 1.9098e-01
5475.4927 1.9938e-01
5477.1353 2.1189e-01
5478.7783 1.7267e-01
5480.4224 1.6197e-01
5482.0659 2.0260e-01
5483.7104 2.0501e-01
5485.3560 1.7555e-01
5487.0010 1.9684e-01
5488.6475 1.9296e-01
5490.2944 1.7231e-01
5491.9414 1.7360e-01
5493.5889 1.8800e-01
5495.2368 1.9995e-01
5496.8857 1.6911e-01
5498.5342 1.8748e-01
5500.1841 1.8452e-01
5501.8340 1.7561e-01
5503.4849 1.8272e-01
5505.1357 1.8749e-01
5506.7871 1.9025e-01
5508.4395 1.8793e-01
5510.0923 1.8815e-01
5511.7451 2.0820e-01
5513.3984 1.9078e-01
5515.0522 1.8230e-01
5516.7070 1.9713e-01
5518.3623 1.9842e-01
5520.0176 1.8800e-01
5521.6733 2.0425e-01
5523.3301 1.7065e-01
5524.9868 1.7763e-01
5526.6450 1.9481e-01
5528.3027 1.9926e-01
5529.9609 1.8318e-01
5531.6201 1.9297e-01
5533.2793 1.8331e-01
5534.9395 1.8644e-01
5536.5996 1.9763e-01
5538.2607 1.5563e-01
5539.9229 2.0038e-01
5541.5840 1.7538e-01
5543.2466 1.6578e-01
5544.9102 1.7946e-01
5546.5728 1.9430e-01
5548.2373 1.9455e-01
5549.9019 1.9579e-01
5551.5664 1.7885e-01
5553.2324 1.6790e-01
5554.8984 1.8404e-01
5556.5645 1.8484e-01
5558.2310 1.9408e-01
5559.8989 1.7261e-01
5561.5669 1.7380e-01
5563.2354 1.4586e-01
5564.9043 1.4970e-01
5566.5732 1.5884e-01
5568.2437 1.7334e-01
5569.9150 1.8219e-01
5571.5854 1.4390e-01
5573.2568 1.5697e-01
5574.9287 1.7184e-01
5576.6011 1.6329e-01
5578.2739 1.7145e-01
5579.9482 1.5191e-01
5581.6216 1.6406e-01
5583.2959 1.5062e-01
5584.9717 1.5855e-01
5586.6470 1.5112e-01
5588.3223 1.7490e-01
5589.9990 1.4522e-01
5591.6763 1.4304e-01
5593.3535 1.4911e-01
5595.0317 1.5063e-01
5596.7104 1.4694e-01
5598.3892 1.6024e-01
5600.0688 1.5534e-01
5601.7490 1.6904e-01
5603.4292 1.4398e-01
5605.1104 1.5902e-01
5606.7915 1.7744e-01
5608.4741 1.5601e-01
5610.1562 1.6410e-01
5611.8394 1.5384e-01
5613.5234 1.1740e-01
5615.2075 1.6969e-01
5616.8916 1.7604e-01
5618.5767 1.7451e-01
5620.2627 1.6735e-01
5621.9482 1.6814e-01
5623.6348 1.5404e-01
5625.3218 1.4783e-01
5627.0098 1.4814e-01
5628.6982 1.6564e-01
5630.3867 1.6266e-01
5632.0757 1.6837e-01
5633.7651 1.5762e-01
5635.4551 1.5988e-01
5637.1460 1.7692e-01
5638.8369 1.9117e-01
5640.5283 1.8722e-01
5642.2207 1.8374e-01
5643.9141 1.8979e-01
5645.6069 1.7683e-01
5647.3003 1.9390e-01
5648.9946 1.9829e-01
5650.6895 1.8227e-01
5652.3848 1.6218e-01
5654.0801 1.8298e-01
5655.7759 1.9809e-01
5657.4736 1.8237e-01
5659.1709 1.8058e-01
5660.8682 1.9161e-01
5662.5664 2.0061e-01
5664.2651 1.9485e-01
5665.9644 1.8142e-01
5667.6641 1.6996e-01
5669.3647 1.6425e-01
5671.0649 1.8099e-01
5672.7666 1.8295e-01
5674.4688 1.7825e-01
5676.1709 1.8881e-01
5677.8740 1.9663e-01
5679.5771 1.9590e-01
5681.2812 2.0747e-01
5682.9858 2.0707e-01
5684.6899 1.8050e-01
5686.3950 1.8625e-01
5688.1021 2.2651e-01
5689.8076 2.3024e-01
5691.5146 1.7966e-01
5693.2222 1.9269e-01
5694.9302 1.9857e-01
5696.6382 1.9832e-01
5698.3477 1.8541e-01
5700.0571 2.1225e-01
5701.7671 1.7011e-01
5703.4775 2.0095e-01
5705.1885 1.9830e-01
5706.9004 2.1006e-01
5708.6123 2.0337e-01
5710.3252 2.0775e-01
5712.0381 1.6786e-01
5713.7524 1.9663e-01
5715.4663 2.0258e-01
5717.1812 2.0080e-01
5718.8955 2.0251e-01
5720.6118 2.0916e-01
5722.3271 2.0114e-01
5724.0444 1.9812e-01
5725.7617 1.9907e-01
5727.4795 1.8381e-01
5729.1973 2.1242e-01
5730.9165 1.9887e-01
5732.6353 2.1870e-01
5734.3550 2.0571e-01
5736.0757 1.8985e-01
5737.7969 2.0848e-01
5739.5176 2.1776e-01
5741.2397 1.8613e-01
5742.9624 1.8545e-01
5744.6851 1.8834e-01
5746.4082 2.2211e-01
5748.1323 2.0113e-01
5749.8569 2.1384e-01
5751.5815 2.2011e-01
5753.3076 2.1038e-01
5755.0332 1.8587e-01
5756.7593 2.0249e-01
5758.4863 1.9710e-01
5760.2144 1.9956e-01
5761.9424 1.8206e-01
5763.6709 1.7937e-01
5765.3999 1.9695e-01
5767.1294 2.0826e-01
5768.8594 2.1187e-01
5770.5908 2.1298e-01
5772.3213 2.2849e-01
5774.0527 2.1906e-01
5775.7856 2.0253e-01
5777.5181 2.0784e-01
5779.2515 2.1195e-01
5780.9844 2.0404e-01
5782.7192 2.0704e-01
5784.4546 2.0774e-01
5786.1899 1.9726e-01
5787.9253 2.0599e-01
5789.6626 1.9598e-01
5791.3984 2.0314e-01
5793.1362 1.8652e-01
5794.8745 1.8446e-01
5796.6123 2.0239e-01
5798.3516 2.1675e-01
5800.0913 2.0006e-01
5801.8306 2.0496e-01
5803.5713 2.0909e-01
5805.3125 1.8256e-01
5807.0537 2.1458e-01
5808.7964 1.8229e-01
5810.5391 2.1519e-01
5812.2822 1.8373e-01
5814.0259 1.9429e-01
5815.7700 1.8233e-01
5817.5151 1.9467e-01
5819.2598 2.0419e-01
5821.0059 2.0895e-01
5822.7524 2.0761e-01
5824.4990 1.7123e-01
5826.2461 1.9059e-01
5827.9937 1.8231e-01
5829.7427 1.6516e-01
5831.4912 1.9846e-01
5833.2407 1.8781e-01
5834.9912 1.8688e-01
5836.7417 2.0745e-01
5838.4922 1.8842e-01
5840.2446 1.9152e-01
5841.9961 1.7411e-01
5843.7490 1.8949e-01
5845.5020 1.7055e-01
5847.2559 1.7382e-01
5849.0103 1.6765e-01
5850.7642 1.7855e-01
5852.5195 1.6992e-01
5854.2754 1.6957e-01
5856.0317 1.7123e-01
5857.7881 1.6332e-01
5859.5454 1.4839e-01
5861.3032 1.5798e-01
5863.0625 1.6101e-01
5864.8208 1.5660e-01
5866.5806 1.6574e-01
5868.3403 1.6473e-01
5870.1006 1.3971e-01
5871.8618 1.5734e-01
5873.6230 1.5249e-01
5875.3857 1.5838e-01
5877.1479 1.5171e-01
5878.9111 1.7282e-01
5880.6748 1.4357e-01
5882.4390 1.4585e-01
5884.2036 1.4026e-01
5885.9692 1.5270e-01
5887.7349 1.4571e-01
5889.5010 1.3820e-01
5891.2676 1.4951e-01
5893.0356 1.4530e-01
5894.8032 1.5391e-01
5896.5718 1.4442e-01
5898.3408 1.2083e-01
5900.1108 1.4329e-01
5901.8804 1.2936e-01
5903.6509 1.6084e-01
5905.4219 1.4029e-01
5907.1938 1.5424e-01
5908.9663 1.4012e-01
5910.7383 1.3760e-01
5912.5112 1.2713e-01
5914.2856 1.4468e-01
5916.0601 1.4400e-01
5917.8345 1.5622e-01
5919.6099 1.2293e-01
5921.3857 1.4157e-01
5923.1621 1.3024e-01
5924.9395 1.5340e-01
5926.7163 1.3506e-01
5928.4946 1.4756e-01
5930.2729 1.3342e-01
5932.0522 1.6109e-01
5933.8315 1.3679e-01
5935.6123 1.3436e-01
5937.3926 1.5653e-01
5939.1738 1.4405e-01
5940.9556 1.5087e-01
5942.7383 1.4097e-01
5944.5210 1.4081e-01
5946.3042 1.6319e-01
5948.0879 1.3379e-01
5949.8726 1.3530e-01
5951.6572 1.4709e-01
5953.4434 1.4809e-01
5955.2290 1.7005e-01
5957.0151 1.6887e-01
5958.8022 1.5810e-01
5960.5903 1.5168e-01
5962.3789 1.6414e-01
5964.1670 1.5589e-01
5965.9561 1.4165e-01
5967.7466 1.6690e-01
5969.5366 1.4869e-01
5971.3276 1.6984e-01
5973.1187 1.6956e-01
5974.9106 1.7075e-01
5976.7031 1.7826e-01
5978.4961 1.4957e-01
5980.2900 1.5366e-01
5982.0845 1.6625e-01
5983.8789 1.7097e-01
5985.6729 1.6406e-01
5987.4692 1.7237e-01
5989.2651 1.5606e-01
5991.0620 1.4451e-01
5992.8589 1.8507e-01
5994.6572 1.5874e-01
5996.4556 1.6336e-01
5998.2549 1.7859e-01
6000.0547 1.6084e-01
6001.8545 1.8379e-01
6003.6548 1.4965e-01
6005.4561 1.6140e-01
6007.2578 1.5767e-01
6009.0596 1.6045e-01
6010.8623 1.7796e-01
6012.6660 1.4422e-01
6014.4697 1.5730e-01
6016.2739 1.8093e-01
6018.0786 1.6798e-01
6019.8843 1.6578e-01
6021.6909 1.6538e-01
6023.4966 1.5966e-01
6025.3037 1.4727e-01
6027.1108 1.8797e-01
6028.9199 1.5872e-01
6030.7285 1.7325e-01
6032.5366 1.5734e-01
6034.3472 1.5642e-01
6036.1577 1.5391e-01
6037.9683 1.4835e-01
6039.7793 1.7207e-01
6041.5918 1.5408e-01
6043.4038 1.7236e-01
6045.2173 1.9282e-01
6047.0312 1.8053e-01
6048.8447 1.8115e-01
6050.6592 1.5799e-01
6052.4751 1.6386e-01
6054.2905 1.5415e-01
6056.1069 1.7935e-01
6057.9233 1.7139e-01
6059.7407 1.5734e-01
6061.5586 1.6950e-01
6063.3770 1.6553e-01
6065.1968 1.4897e-01
6067.0161 1.6170e-01
6068.8359 1.5715e-01
6070.6567 1.6083e-01
6072.4785 1.6374e-01
6074.2998 1.4843e-01
6076.1221 1.2529e-01
6077.9448 1.5285e-01
6079.7681 1.4825e-01
6081.5918 1.4750e-01
6083.4160 1.5191e-01
6085.2417 1.5548e-01
6087.0664 1.4965e-01
6088.8936 1.5182e-01
6090.7197 1.5600e-01
6092.5469 1.5688e-01
6094.3745 1.6628e-01
6096.2031 1.7207e-01
6098.0327 1.5117e-01
6099.8613 1.7894e-01
6101.6914 1.6858e-01
6103.5220 1.5527e-01
6105.3530 1.4691e-01
6107.1846 1.5276e-01
6109.0171 1.4967e-01
6110.8496 1.6564e-01
6112.6831 1.3828e-01
6114.5166 1.5231e-01
6116.3511 1.5811e-01
6118.1855 1.5528e-01
6120.0210 1.5929e-01
6121.8574 1.5867e-01
6123.6938 1.5769e-01
6125.5308 1.5404e-01
6127.3687 1.2821e-01
6129.2065 1.4435e-01
6131.0454 1.6481e-01
6132.8843 1.4631e-01
6134.7246 1.5337e-01
6136.5649 1.6494e-01
6138.4062 1.4688e-01
6140.2476 1.6855e-01
6142.0894 1.5716e-01
6143.9316 1.4533e-01
6145.7759 1.5024e-01
6147.6191 1.5367e-01
6149.4634 1.5740e-01
6151.3081 1.6376e-01
6153.1538 1.4252e-01
6155.0000 1.6518e-01
6156.8462 1.5146e-01
6158.6934 1.4427e-01
6160.5410 1.4899e-01
6162.3892 1.4020e-01
6164.2373 1.5894e-01
6166.0869 1.6338e-01
6167.9370 1.3725e-01
6169.7871 1.4041e-01
6171.6387 1.3685e-01
6173.4897 1.5456e-01
6175.3413 1.3970e-01
6177.1938 1.5130e-01
6179.0474 1.4012e-01
6180.9009 1.3999e-01
6182.7549 1.5764e-01
6184.6104 1.4505e-01
6186.4653 1.3364e-01
6188.3213 1.5118e-01
6190.1782 1.3247e-01
6192.0356 1.5294e-01
6193.8931 1.4621e-01
6195.7505 1.2038e-01
6197.6099 1.4377e-01
6199.4688 1.4827e-01
6201.3281 1.2378e-01
6203.1895 1.3909e-01
6205.0498 1.4563e-01
6206.9121 1.3995e-01
6208.7739 1.5664e-01
6210.6367 1.2275e-01
6212.4995 1.3295e-01
6214.3633 1.2782e-01
6216.2275 1.1953e-01
6218.0923 1.3090e-01
6219.9575 1.1402e-01
6221.8237 1.1195e-01
6223.6904 1.1562e-01
6225.5576 1.2596e-01
6227.4258 1.0808e-01
6229.2935 1.0147e-01
6231.1621 1.1549e-01
6233.0317 1.1452e-01
6234.9019 1.0122e-01
6236.7720 1.1445e-01
6238.6431 9.0432e-02
6240.5146 1.1122e-01
6242.3867 1.0297e-01
6244.2598 1.0953e-01
6246.1323 1.0748e-01
6248.0063 1.0114e-01
6249.8813 8.7858e-02
6251.7559 1.0148e-01
6253.6313 1.0235e-01
6255.5073 9.5524e-02
6257.3843 9.6590e-02
6259.2617 1.0421e-01
6261.1392 1.0157e-01
6263.0176 9.1923e-02
6264.8970 8.6084e-02
6266.7759 9.9220e-02
6268.6562 1.0411e-01
6270.5361 9.1255e-02
6272.4180 8.6400e-02
6274.2993 9.3348e-02
6276.1816 8.9651e-02
6278.0645 8.8194e-02
6279.9478 9.9485e-02
6281.8320 9.7398e-02
6283.7168 8.2499e-02
6285.6021 8.5901e-02
6287.4868 7.9327e-02
6289.3740 7.9371e-02
6291.2603 7.6374e-02
6293.1475 8.6812e-02
6295.0352 8.0028e-02
6296.9238 7.3729e-02
6298.8130 8.0644e-02
6300.7026 8.3682e-02
6302.5933 8.1145e-02
6304.4839 9.0742e-02
6306.3755 9.6291e-02
6308.2676 9.2365e-02
6310.1597 6.6625e-02
6312.0527 7.9346e-02
6313.9468 8.1514e-02
6315.8398 9.1680e-02
6317.7349 7.7094e-02
6319.6304 9.5093e-02
6321.5269 1.0772e-01
6323.4233 8.9137e-02
6325.3198 1.0203e-01
6327.2178 8.1614e-02
6329.1157 7.9141e-02
6331.0146 1.0013e-01
6332.9131 9.0736e-02
6334.8140 9.0653e-02
6336.7139 9.9755e-02
6338.6147 1.0492e-01
6340.5166 8.3438e-02
6342.4189 9.3481e-02
6344.3213 1.0516e-01
6346.2246 1.1289e-01
6348.1284 1.0181e-01
6350.0332 9.9300e-02
6351.9380 1.0125e-01
6353.8442 1.1047e-01
6355.7500 8.7984e-02
6357.6572 1.0657e-01
6359.5645 9.9953e-02
6361.4717 1.0116e-01
6363.3804 9.6089e-02
6365.2891 1.0873e-01
6367.1987 1.0965e-01
6369.1089 1.0767e-01
6371.0200 1.0072e-01
6372.9312 1.1158e-01
6374.8428 9.5821e-02
6376.7549 1.0424e-01
6378.6685 1.0475e-01
6380.5820 1.2209e-01
6382.4966 1.0795e-01
6384.4111 1.0729e-01
6386.3257 1.1504e-01
6388.2422 1.2371e-01
6390.1587 1.0007e-01
6392.0752 1.2086e-01
6393.9932 1.0437e-01
6395.9116 1.3035e-01
6397.8301 1.1413e-01
6399.7490 1.0284e-01
6401.6694 1.1443e-01
6403.5898 1.1730e-01
6405.5112 1.3294e-01
6407.4331 1.2768e-01
6409.3545 1.1688e-01
6411.2778 1.1850e-01
6413.2012 1.2445e-01
6415.1250 1.0449e-01
6417.0493 1.3627e-01
6418.9741 1.1285e-01
6420.9004 1.1999e-01
6422.8262 1.4125e-01
6424.7534 1.1487e-01
6426.6812 1.1213e-01
6428.6094 1.2383e-01
6430.5381 1.2551e-01
6432.4668 1.2173e-01
6434.3960 1.1065e-01
6436.3267 1.1174e-01
6438.2578 1.2606e-01
6440.1895 1.0981e-01
6442.1216 1.0462e-01
6444.0537 1.2906e-01
6445.9868 1.0701e-01
6447.9209 1.2440e-01
6449.8550 1.3291e-01
6451.7905 1.2216e-01
6453.7256 1.0839e-01
6455.6621 1.2771e-01
6457.5986 1.1830e-01
6459.5356 1.1470e-01
6461.4741 1.1611e-01
6463.4121 1.1659e-01
6465.3506 1.2360e-01
6467.2905 1.3469e-01
6469.2310 1.2284e-01
6471.1719 1.4748e-01
6473.1128 9.3845e-02
6475.0552 1.0729e-01
6476.9976 1.2076e-01
6478.9409 1.2715e-01
6480.8848 1.2563e-01
6482.8286 1.2538e-01
6484.7739 1.2380e-01
6486.7192 1.2479e-01
6488.6650 1.1629e-01
6490.6113 1.2583e-01
6492.5581 1.2491e-01
6494.5063 1.0403e-01
6496.4546 1.1488e-01
6498.4038 1.3291e-01
6500.3535 1.1765e-01
6502.3032 1.0650e-01
6504.2539 1.1153e-01
6506.2056 1.1965e-01
6508.1572 1.3418e-01
6510.1099 1.1425e-01
6512.0625 1.1928e-01
6514.0166 1.3591e-01
6515.9702 1.3271e-01
6517.9258 1.0254e-01
6519.8809 1.4041e-01
6521.8364 1.1889e-01
6523.7930 1.2024e-01
6525.7505 1.1169e-01
6527.7075 9.3090e-02
6529.6665 1.0626e-01
6531.6255 1.0314e-01
6533.5845 1.2279e-01
6535.5449 1.1505e-01
6537.5054 1.1054e-01
6539.4668 9.1425e-02
6541.4282 1.1049e-01
6543.3911 1.1304e-01
6545.3545 1.2841e-01
6547.3179 1.1842e-01
6549.2817 1.2547e-01
6551.2466 1.1473e-01
6553.2124 1.1822e-01
6555.1777 1.1988e-01
6557.1445 1.1752e-01
6559.1113 9.0632e-02
6561.0796 1.0845e-01
6563.0479 9.3081e-02
6565.0166 9.2733e-02
6566.9863 1.0992e-01
6568.9561 1.1303e-01
6570.9268 1.1270e-01
6572.8979 1.0454e-01
6574.8701 1.1112e-01
6576.8423 9.7912e-02
6578.8154 1.2545e-01
6580.7896 9.7667e-02
6582.7632 1.2196e-01
6584.7383 9.8254e-02
6586.7139 1.1899e-01
6588.6895 9.3808e-02
6590.6660 8.6955e-02
6592.6431 1.1481e-01
6594.6211 9.8392e-02
6596.5996 1.1594e-01
6598.5791 1.0456e-01
6600.5581 1.0888e-01
6602.5386 9.7682e-02
6604.5190 8.8324e-02
6606.5005 9.5081e-02
6608.4824 1.0834e-01
6610.4648 9.9724e-02
6612.4482 1.0120e-01
6614.4326 9.4940e-02
6616.4160 8.0731e-02
6618.4009 1.0642e-01
6620.3867 1.0561e-01
6622.3730 1.0022e-01
6624.3594 9.9095e-02
6626.3467 8.3915e-02
6628.3350 9.2787e-02
6630.3232 9.5618e-02
6632.3125 1.0331e-01
6634.3022 1.0545e-01
6636.2920 1.0568e-01
6638.2827 1.0829e-01
6640.2744 1.0097e-01
6642.2671 9.1664e-02
6644.2593 9.8005e-02
6646.2529 1.0520e-01
6648.2471 1.0265e-01
6650.2412 9.0284e-02
6652.2358 8.4998e-02
6654.2314 8.7167e-02
6656.2280 1.0404e-01
6658.2251 8.5104e-02
6660.2222 9.2788e-02
6662.2207 9.7890e-02
6664.2197 9.8371e-02
6666.2178 8.7720e-02
6668.2178 8.7449e-02
6670.2188 9.3963e-02
6672.2192 8.9703e-02
6674.2212 6.8522e-02
6676.2241 8.8255e-02
6678.2266 8.2254e-02
6680.2300 8.2171e-02
6682.2334 8.4310e-02
6684.2388 8.5249e-02
6686.2446 8.5800e-02
6688.2500 6.7378e-02
6690.2563 8.0882e-02
6692.2627 7.9181e-02
6694.2715 8.0198e-02
6696.2793 8.5567e-02
6698.2881 7.8074e-02
6700.2979 8.8381e-02
6702.3081 7.4078e-02
6704.3188 8.6981e-02
6706.3301 8.0471e-02
6708.3418 8.9243e-02
6710.3545 7.9244e-02
6712.3672 8.3189e-02
6714.3809 7.7890e-02
6716.3955 8.3006e-02
6718.4106 7.9665e-02
6720.4263 8.1061e-02
6722.4419 6.6046e-02
6724.4585 6.9464e-02
6726.4756 9.8262e-02
6728.4946 8.3372e-02
6730.5127 7.2366e-02
6732.5312 6.4026e-02
6734.5513 6.8471e-02
6736.5718 7.4630e-02
6738.5923 7.3439e-02
6740.6152 7.4942e-02
6742.6367 7.5040e-02
6744.6587 6.3578e-02
6746.6831 8.9859e-02
6748.7065 7.5421e-02
6750.7310 5.7765e-02
6752.7563 7.9422e-02
6754.7822 6.5125e-02
6756.8091 7.0724e-02
6758.8359 7.7706e-02
6760.8633 7.1924e-02
6762.8916 6.7391e-02
6764.9209 6.7402e-02
6766.9502 5.1508e-02
6768.9805 7.6193e-02
6771.0107 7.3091e-02
6773.0425 7.8071e-02
6775.0742 6.5233e-02
6777.1064 8.0206e-02
6779.1401 6.7143e-02
6781.1733 7.8098e-02
6783.2080 6.3704e-02
6785.2427 7.0995e-02
6787.2783 6.2040e-02
6789.3149 6.1335e-02
6791.3516 5.9690e-02
6793.3887 6.3161e-02
6795.4272 5.2002e-02
6797.4653 6.1171e-02
6799.5049 5.6954e-02
6801.5444 5.7005e-02
6803.5854 6.1734e-02
6805.6260 5.1004e-02
6807.6685 5.3569e-02
6809.7100 6.0948e-02
6811.7534 6.5007e-02
6813.7964 6.7718e-02
6815.8408 6.2608e-02
6817.8853 6.9207e-02
6819.9312 5.4677e-02
6821.9771 5.2384e-02
6824.0234 5.8524e-02
6826.0703 5.1125e-02
6828.1182 6.8397e-02
6830.1670 6.7429e-02
6832.2163 5.1889e-02
6834.2651 5.0141e-02
6836.3154 6.6172e-02
6838.3667 6.1793e-02
6840.4180 5.3007e-02
6842.4702 6.4486e-02
6844.5229 4.8743e-02
6846.5762 5.5160e-02
6848.6304 4.3050e-02
6850.6851 5.6924e-02
6852.7402 6.4104e-02
6854.7959 6.9287e-02
6856.8525 5.6488e-02
6858.9097 6.0448e-02
6860.9668 5.5427e-02
6863.0254 5.1702e-02
6865.0845 6.1743e-02
6867.1440 5.8784e-02
6869.2041 5.3659e-02
6871.2646 5.9251e-02
6873.3257 5.8855e-02
6875.3882 4.6621e-02
6877.4512 6.3071e-02
6879.5137 5.8160e-02
6881.5781 5.2037e-02
6883.6421 5.2110e-02
6885.7075 4.4730e-02
6887.7729 5.4475e-02
6889.8394 5.4407e-02
6891.9062 5.9293e-02
6893.9746 5.0719e-02
6896.0425 6.3573e-02
6898.1113 4.5960e-02
6900.1802 5.0812e-02
6902.2505 5.4120e-02
6904.3213 5.4978e-02
6906.3926 5.7182e-02
6908.4648 5.4504e-02
6910.5366 4.7858e-02
6912.6099 5.4765e-02
6914.6841 5.1549e-02
6916.7588 5.5561e-02
6918.8335 4.6576e-02
6920.9092 5.0137e-02
6922.9849 6.0540e-02
6925.0620 5.4179e-02
6927.1401 4.9327e-02
6929.2178 5.1768e-02
6931.2964 5.8483e-02
6933.3760 5.9160e-02
6935.4561 5.3673e-02
6937.5371 5.0221e-02
6939.6182 4.0843e-02
6941.7002 4.4254e-02
6943.7822 5.3998e-02
6945.8657 3.9745e-02
6947.9487 5.1748e-02
6950.0337 4.5509e-02
6952.1182 4.4364e-02
6954.2046 3.8407e-02
6956.2905 5.0333e-02
6958.3779 4.8042e-02
6960.4644 5.5661e-02
6962.5527 5.8645e-02
6964.6421 5.3901e-02
6966.7314 6.5968e-02
6968.8208 4.9388e-02
6970.9116 6.2744e-02
6973.0029 5.6524e-02
6975.0947 6.2449e-02
6977.1880 4.9395e-02
6979.2803 4.3714e-02
6981.3745 4.8503e-02
6983.4692 5.1835e-02
6985.5635 5.1198e-02
6987.6602 6.2584e-02
6989.7559 6.7065e-02
6991.8525 5.7874e-02
6993.9507 4.8833e-02
6996.0488 6.4430e-02
6998.1479 5.5639e-02
7000.2471 5.0378e-02
7002.3467 5.1222e-02
7004.4468 5.8308e-02
7006.5488 4.7641e-02
7008.6514 3.9505e-02
7010.7529 5.3037e-02
7012.8564 4.2883e-02
7014.9609 5.2697e-02
7017.0654 4.8502e-02
7019.1699 5.1108e-02
7021.2759 4.9700e-02
7023.3823 6.3794e-02
7025.4893 5.7468e-02
7027.5977 5.2723e-02
7029.7051 4.4648e-02
7031.8145 5.9763e-02
7033.9238 6.0983e-02
7036.0337 4.9041e-02
7038.1450 5.4970e-02
7040.2559 5.6490e-02
7042.3687 5.3440e-02
7044.4805 5.1538e-02
7046.5938 5.7877e-02
7048.7080 4.3847e-02
7050.8228 4.3639e-02
7052.9385 4.3478e-02
7055.0542 4.8922e-02
7057.1704 5.4205e-02
7059.2881 5.1230e-02
7061.4053 5.3188e-02
7063.5234 5.2406e-02
7065.6431 5.3057e-02
7067.7627 4.7348e-02
7069.8828 5.1250e-02
7072.0039 5.4489e-02
7074.1255 5.4735e-02
7076.2476 5.4312e-02
7078.3706 6.0093e-02
7080.4937 4.9632e-02
7082.6187 5.3893e-02
7084.7432 4.6420e-02
7086.8687 5.5554e-02
7088.9946 3.8225e-02
7091.1216 5.3839e-02
7093.2490 4.4785e-02
7095.3765 5.1681e-02
7097.5049 4.7600e-02
7099.6348 4.2730e-02
7101.7642 4.9225e-02
7103.8945 4.8931e-02
7106.0264 5.0655e-02
7108.1582 5.3141e-02
7110.2905 4.5835e-02
7112.4229 5.2116e-02
7114.5571 5.4988e-02
7116.6914 4.8365e-02
7118.8262 4.6330e-02
7120.9619 4.9492e-02
7123.0986 5.8200e-02
7125.2354 5.4909e-02
7127.3730 5.1783e-02
7129.5112 5.3113e-02
7131.6499 4.2114e-02
7133.7896 4.5288e-02
7135.9292 4.8484e-02
7138.0703 4.8360e-02
7140.2119 5.1601e-02
7142.3540 5.3970e-02
7144.4966 4.1125e-02
7146.6396 4.0628e-02
7148.7842 4.6090e-02
7150.9287 4.1620e-02
7153.0742 5.4170e-02
7155.2197 4.6513e-02
7157.3667 5.1304e-02
7159.5137 4.3901e-02
7161.6616 4.2076e-02
7163.8101 4.7412e-02
7165.9590 5.5604e-02
7168.1089 5.3166e-02
7170.2593 5.4010e-02
7172.4102 3.9168e-02
7174.5625 4.7617e-02
7176.7144 5.1360e-02
7178.8672 5.2490e-02
7181.0210 4.6541e-02
7183.1753 5.4189e-02
7185.3306 4.3527e-02
7187.4858 4.5356e-02
7189.6421 4.4759e-02
7191.7988 5.5228e-02
7193.9565 4.9468e-02
7196.1147 4.7979e-02
7198.2734 4.6091e-02
7200.4336 4.6836e-02
7202.5928 5.1020e-02
7204.7539 4.2994e-02
7206.9155 4.0796e-02
7209.0771 4.5671e-02
7211.2402 5.3469e-02
7213.4033 4.9538e-02
7215.5674 3.3897e-02
7217.7324 4.0960e-02
7219.8979 4.6226e-02
7222.0635 5.5909e-02
7224.2300 5.1328e-02
7226.3979 4.9304e-02
7228.5654 4.5878e-02
7230.7334 5.1844e-02
7232.9033 4.0134e-02
7235.0728 4.2655e-02
7237.2432 5.4367e-02
7239.4150 4.3916e-02
7241.5864 3.4331e-02
7243.7593 4.3478e-02
7245.9321 5.2645e-02
7248.1060 4.1978e-02
7250.2803 5.3620e-02
7252.4551 4.6338e-02
7254.6313 4.6763e-02
7256.8076 5.0085e-02
7258.9849 4.5779e-02
7261.1626 4.5050e-02
7263.3408 4.5982e-02
7265.5200 4.3550e-02
7267.6992 4.8252e-02
7269.8799 3.8306e-02
7272.0605 4.6174e-02
7274.2422 4.0880e-02
7276.4243 4.8670e-02
7278.6069 5.0575e-02
7280.7910 4.1488e-02
7282.9751 4.2417e-02
7285.1602 4.3090e-02
7287.3452 4.4137e-02
7289.5317 4.3523e-02
7291.7188 4.5625e-02
7293.9067 4.3207e-02
7296.0947 4.7447e-02
7298.2832 4.0377e-02
7300.4727 4.5307e-02
7302.6631 3.8511e-02
7304.8540 4.5759e-02
7307.0454 4.1715e-02
7309.2373 4.2665e-02
7311.4292 4.7690e-02
7313.6235 4.7321e-02
7315.8179 5.0154e-02
7318.0122 4.4547e-02
7320.2075 4.0469e-02
7322.4038 3.9713e-02
7324.6001 4.2095e-02
7326.7979 4.1132e-02
7328.9961 4.1662e-02
7331.1943 4.3570e-02
7333.3936 4.0139e-02
7335.5938 4.2151e-02
7337.7944 4.5770e-02
7339.9956 4.4249e-02
7342.1982 4.4589e-02
7344.4004 4.6635e-02
7346.6035 4.0350e-02
7348.8081 4.5625e-02
7351.0127 3.4460e-02
7353.2183 4.5960e-02
7355.4238 5.1129e-02
7357.6304 4.1069e-02
7359.8374 4.4316e-02
7362.0459 4.7584e-02
7364.2549 4.4312e-02
7366.4634 4.1894e-02
7368.6738 2.9882e-02
7370.8838 5.8125e-02
7373.0957 3.4659e-02
7375.3071 4.6943e-02
7377.5200 4.7265e-02
7379.7334 3.2052e-02
7381.9473 4.9744e-02
7384.1616 3.9246e-02
7386.3770 4.5803e-02
7388.5928 4.1245e-02
7390.8096 4.2963e-02
7393.0264 4.5252e-02
7395.2446 4.1306e-02
7397.4639 4.1738e-02
7399.6826 3.4705e-02
7401.9023 3.9757e-02
7404.1230 3.5105e-02
7406.3438 4.1750e-02
7408.5654 4.6392e-02
7410.7886 4.9838e-02
7413.0122 4.1473e-02
7415.2354 3.9160e-02
7417.4604 4.3480e-02
7419.6855 3.4640e-02
7421.9116 4.6129e-02
7424.1382 4.4320e-02
7426.3652 5.3652e-02
7428.5933 3.9825e-02
7430.8218 3.0752e-02
7433.0513 4.2780e-02
7435.2808 3.7392e-02
7437.5117 3.5592e-02
7439.7432 3.3082e-02
7441.9741 3.6632e-02
7444.2070 3.9843e-02
7446.4404 2.9251e-02
7448.6748 4.2064e-02
7450.9097 3.8349e-02
7453.1440 2.4999e-02
7455.3809 5.0072e-02
7457.6167 4.8878e-02
7459.8545 3.7648e-02
7462.0923 3.9267e-02
7464.3306 3.8696e-02
7466.5698 3.5494e-02
7468.8096 4.7077e-02
7471.0503 3.4641e-02
7473.2920 3.9981e-02
7475.5342 3.8665e-02
7477.7769 3.4374e-02
7480.0205 4.9164e-02
7482.2637 3.7515e-02
7484.5088 4.6882e-02
7486.7539 3.8294e-02
7489.0000 3.8629e-02
7491.2471 3.2618e-02
7493.4937 4.1524e-02
7495.7422 2.9599e-02
7497.9912 4.1682e-02
7500.2402 3.6973e-02
7502.4902 3.4287e-02
7504.7412 4.2425e-02
7506.9927 4.0325e-02
7509.2441 3.6164e-02
7511.4976 3.9466e-02
7513.7510 3.3246e-02
7516.0044 3.8645e-02
7518.2593 3.3645e-02
7520.5151 3.4887e-02
7522.7715 2.5925e-02
7525.0283 2.7432e-02
7527.2861 3.0356e-02
7529.5439 3.9043e-02
7531.8027 4.5389e-02
7534.0620 3.7780e-02
7536.3228 3.8432e-02
7538.5835 3.1491e-02
7540.8447 4.1518e-02
7543.1074 3.5056e-02
7545.3706 3.9389e-02
7547.6338 4.0388e-02
7549.8984 4.0347e-02
7552.1626 4.8438e-02
7554.4292 4.2026e-02
7556.6948 3.3833e-02
7558.9619 3.6594e-02
7561.2295 3.0872e-02
7563.4976 4.0080e-02
7565.7671 3.8593e-02
7568.0366 3.0446e-02
7570.3071 4.0752e-02
7572.5786 3.8872e-02
7574.8511 2.9260e-02
7577.1230 3.4591e-02
7579.3960 3.0165e-02
7581.6694 2.5085e-02
7583.9443 2.8661e-02
7586.2192 3.4724e-02
7588.4956 4.0212e-02
7590.7715 3.2156e-02
7593.0488 4.4410e-02
7595.3262 3.3538e-02
7597.6060 3.5545e-02
7599.8843 3.5384e-02
7602.1641 4.1315e-02
7604.4448 3.4218e-02
7606.7271 3.3280e-02
7609.0093 4.1029e-02
7611.2910 2.7476e-02
7613.5752 3.4839e-02
7615.8589 3.6099e-02
7618.1440 3.0166e-02
7620.4292 3.4288e-02
7622.7153 3.4986e-02
7625.0020 3.3458e-02
7627.2896 2.8767e-02
7629.5781 3.2535e-02
7631.8662 3.4706e-02
7634.1562 3.3176e-02
7636.4468 3.3910e-02
7638.7378 3.1235e-02
7641.0288 3.1604e-02
7643.3213 3.5650e-02
7645.6138 3.2037e-02
7647.9072 3.9288e-02
7650.2021 3.5535e-02
7652.4971 3.3292e-02
7654.7935 3.2725e-02
7657.0894 3.1684e-02
7659.3867 3.9345e-02
7661.6846 2.6304e-02
7663.9829 3.6252e-02
7666.2817 2.6931e-02
7668.5825 3.6124e-02
7670.8823 3.6296e-02
7673.1841 2.7734e-02
7675.4854 3.1567e-02
7677.7891 3.9964e-02
7680.0918 2.8504e-02
7682.3960 3.2075e-02
7684.7002 2.4171e-02
7687.0059 3.8272e-02
7689.3125 3.1434e-02
7691.6191 3.3575e-02
7693.9268 2.7371e-02
7696.2344 3.5661e-02
7698.5430 3.4260e-02
7700.8530 3.4920e-02
7703.1631 2.8633e-02
7705.4746 3.8239e-02
7707.7856 3.5797e-02
7710.0981 3.5136e-02
7712.4111 3.2810e-02
7714.7251 3.0640e-02
7717.0391 3.5080e-02
7719.3540 3.3961e-02
7721.6699 3.6333e-02
7723.9868 3.7886e-02
7726.3042 3.3473e-02
7728.6216 3.1345e-02
7730.9409 2.5564e-02
7733.2593 3.8823e-02
7735.5796 2.9914e-02
7737.9004 2.6083e-02
7740.2217 3.2931e-02
7742.5435 3.8373e-02
7744.8662 3.1312e-02
7747.1895 3.7760e-02
7749.5142 3.6157e-02
7751.8394 3.2447e-02
7754.1650 3.2318e-02
7756.4907 2.8548e-02
7758.8174 3.3529e-02
7761.1450 4.1254e-02
7763.4736 2.9811e-02
7765.8022 2.6861e-02
7768.1323 3.3590e-02
7770.4634 2.7941e-02
7772.7944 3.5255e-02
7775.1260 3.4888e-02
7777.4585 3.3065e-02
7779.7915 3.9778e-02
7782.1260 3.9002e-02
7784.4604 3.4026e-02
7786.7954 3.4892e-02
7789.1318 2.5742e-02
7791.4683 3.3490e-02
7793.8062 3.1450e-02
7796.1436 3.0639e-02
7798.4824 3.7760e-02
7800.8218 2.9103e-02
7803.1626 3.2048e-02
7805.5034 3.6262e-02
7807.8447 2.9057e-02
7810.1880 3.5344e-02
7812.5303 2.9713e-02
7814.8745 3.5384e-02
7817.2192 3.0441e-02
7819.5640 2.7356e-02
7821.9106 2.8301e-02
7824.2559 3.7057e-02
7826.6040 3.6605e-02
7828.9521 3.0696e-02
7831.3003 2.9745e-02
7833.6499 3.4060e-02
7835.9995 2.9600e-02
7838.3511 2.6863e-02
7840.7021 3.6098e-02
7843.0547 3.0915e-02
7845.4077 3.7262e-02
7847.7603 4.2372e-02
7850.1152 3.8075e-02
7852.4702 4.1528e-02
7854.8262 3.7637e-02
7857.1821 2.9279e-02
7859.5396 3.2638e-02
7861.8975 3.0552e-02
7864.2559 2.6492e-02
7866.6157 3.1173e-02
7868.9756 3.6820e-02
7871.3359 3.6899e-02
7873.6978 3.6186e-02
7876.0601 3.1331e-02
7878.4224 3.4186e-02
7880.7856 4.3452e-02
7883.1509 3.2536e-02
7885.5151 3.6162e-02
7887.8809 3.5378e-02
7890.2476 4.0631e-02
7892.6147 3.4679e-02
7894.9814 3.1287e-02
7897.3501 2.4464e-02
7899.7192 2.8869e-02
7902.0898 3.3896e-02
7904.4604 3.3010e-02
7906.8311 3.4417e-02
7909.2036 3.4715e-02
7911.5767 3.3297e-02
7913.9497 2.5728e-02
7916.3247 3.8720e-02
7918.6987 3.7656e-02
7921.0742 3.7850e-02
7923.4512 2.7836e-02
7925.8276 3.4089e-02
7928.2051 3.6780e-02
7930.5845 3.2597e-02
7932.9634 4.0629e-02
7935.3433 2.8015e-02
7937.7236 2.7791e-02
7940.1050 3.3163e-02
7942.4873 3.2732e-02
7944.8701 4.7818e-02
7947.2529 3.3631e-02
7949.6377 3.2178e-02
7952.0225 3.1737e-02
7954.4082 4.4403e-02
7956.7949 3.2534e-02
7959.1807 3.5148e-02
7961.5688 3.4784e-02
7963.9580 3.7265e-02
7966.3462 2.7042e-02
7968.7368 3.6316e-02
7971.1274 3.5227e-02
7973.5181 2.9744e-02
7975.9111 3.8569e-02
7978.3032 3.8345e-02
7980.6973 2.9323e-02
7983.0908 3.3239e-02
7985.4858 4.0183e-02
7987.8823 3.7295e-02
7990.2778 3.8051e-02
7992.6748 3.2947e-02
7995.0728 3.1525e-02
7997.4717 4.0607e-02
7999.8711 3.7144e-02
8002.2710 3.5533e-02
8004.6709 3.6979e-02
8007.0723 3.7469e-02
8009.4746 2.6319e-02
8011.8779 3.5073e-02
8014.2812 3.6433e-02
8016.6855 3.9134e-02
8019.0903 3.6994e-02
8021.4966 2.3567e-02
8023.9028 2.1207e-02
8026.3105 2.6526e-02
8028.7173 4.0134e-02
8031.1260 3.2383e-02
8033.5361 3.3866e-02
8035.9458 3.6937e-02
8038.3569 3.3647e-02
8040.7681 3.4551e-02
8043.1807 3.9858e-02
8045.5933 3.6836e-02
8048.0068 3.2734e-02
8050.4214 3.3907e-02
8052.8364 3.8442e-02
8055.2520 3.2190e-02
8057.6689 3.6898e-02
8060.0864 3.7275e-02
8062.5049 3.3234e-02
8064.9229 3.2781e-02
8067.3423 2.9724e-02
8069.7632 3.4516e-02
8072.1836 3.5685e-02
8074.6050 3.3684e-02
8077.0278 3.6620e-02
8079.4507 3.1005e-02
8081.8745 3.8149e-02
8084.2988 3.1063e-02
8086.7251 4.0296e-02
8089.1509 4.0710e-02
8091.5771 3.0500e-02
8094.0049 3.1954e-02
8096.4331 2.9254e-02
8098.8618 2.5648e-02
8101.2910 3.9915e-02
8103.7217 3.6731e-02
8106.1528 3.5672e-02
8108.5845 3.7294e-02
8111.0171 3.0065e-02
8113.4502 3.5748e-02
8115.8843 3.3428e-02
8118.3188 3.3887e-02
8120.7549 2.8485e-02
8123.1914 3.2821e-02
8125.6284 3.0892e-02
8128.0659 4.1767e-02
8130.5049 4.4957e-02
8132.9438 2.3210e-02
8135.3833 2.0866e-02
8137.8237 3.0824e-02
8140.2651 3.1485e-02
8142.7075 3.0343e-02
8145.1504 3.1921e-02
8147.5938 2.9014e-02
8150.0376 2.8148e-02
8152.4834 3.4581e-02
8154.9292 3.6720e-02
8157.3750 3.9600e-02
8159.8228 3.6785e-02
8162.2705 2.8145e-02
8164.7192 2.5917e-02
8167.1685 3.6135e-02
8169.6187 3.6711e-02
8172.0693 3.9443e-02
8174.5210 3.4313e-02
8176.9736 2.7730e-02
8179.4268 4.3770e-02
8181.8809 2.3337e-02
8184.3350 3.3724e-02
8186.7900 3.4239e-02
8189.2456 2.3367e-02
8191.7031 3.4853e-02
8194.1602 3.8929e-02
8196.6191 3.2137e-02
8199.0781 2.7212e-02
8201.5371 2.3772e-02
8203.9980 2.5447e-02
8206.4590 2.9664e-02
8208.9219 2.7723e-02
8211.3838 3.0295e-02
8213.8477 3.3448e-02
8216.3115 3.3878e-02
8218.7764 2.7927e-02
8221.2422 2.7492e-02
8223.7090 3.3315e-02
8226.1758 3.5375e-02
8228.6436 3.4214e-02
8231.1123 3.0477e-02
8233.5811 3.4497e-02
8236.0518 2.7751e-02
8238.5215 3.6182e-02
8240.9932 2.5478e-02
8243.4658 2.7031e-02
8245.9395 3.2884e-02
8248.4131 3.4208e-02
8250.8877 3.6463e-02
8253.3623 3.6227e-02
8255.8389 3.3544e-02
8258.3154 2.4992e-02
8260.7920 3.6170e-02
8263.2715 4.0283e-02
8265.7500 3.7103e-02
8268.2305 2.3282e-02
8270.7100 3.1851e-02
8273.1914 4.1936e-02
8275.6738 3.2329e-02
8278.1553 4.5909e-02
8280.6396 3.5067e-02
8283.1240 3.0327e-02
8285.6094 2.8380e-02
8288.0947 3.0185e-02
8290.5811 3.3688e-02
8293.0674 3.0934e-02
8295.5557 3.2834e-02
8298.0449 3.3742e-02
8300.5352 2.8154e-02
8303.0234 3.0589e-02
8305.5156 3.9695e-02
8308.0068 3.3027e-02
8310.5000 2.7068e-02
8312.9922 3.0719e-02
8315.4863 3.2278e-02
8317.9805 3.6693e-02
8320.4766 3.1939e-02
8322.9717 3.5448e-02
8325.4697 3.1722e-02
8327.9668 3.9253e-02
8330.4658 3.3801e-02
8332.9639 3.4565e-02
8335.4648 3.6899e-02
8337.9648 4.1824e-02
8340.4668 2.8419e-02
8342.9688 3.2070e-02
8345.4717 3.5678e-02
8347.9746 3.3259e-02
8350.4795 3.1264e-02
8352.9844 3.7466e-02
8355.4902 2.4076e-02
8357.9971 3.6925e-02
8360.5039 3.7619e-02
8363.0127 3.3978e-02
8365.5215 3.5453e-02
8368.0312 3.2161e-02
8370.5420 2.8451e-02
8373.0527 3.6861e-02
8375.5654 3.7731e-02
8378.0771 3.2970e-02
8380.5908 3.6067e-02
8383.1045 3.9524e-02
8385.6191 3.7453e-02
8388.1348 3.2329e-02
8390.6523 3.9356e-02
8393.1689 4.3256e-02
8395.6865 3.3200e-02
8398.2061 3.4916e-02
8400.7246 4.8139e-02
8403.2461 3.7532e-02
8405.7666 3.8024e-02
8408.2881 3.7437e-02
8410.8105 4.1063e-02
8413.3340 3.4882e-02
8415.8584 4.6433e-02
8418.3818 4.0046e-02
8420.9082 3.7320e-02
8423.4346 3.5192e-02
8425.9609 3.6963e-02
8428.4893 4.4772e-02
8431.0186 3.6613e-02
8433.5479 4.0366e-02
8436.0771 3.6314e-02
8438.6074 3.4041e-02
8441.1396 4.5379e-02
8443.6729 4.6594e-02
8446.2051 3.3325e-02
8448.7383 3.7498e-02
8451.2734 3.5617e-02
8453.8086 4.7354e-02
8456.3457 2.9667e-02
8458.8828 4.4395e-02
8461.4199 3.9697e-02
8463.9580 4.2238e-02
8466.4971 4.2198e-02
8469.0371 4.7833e-02
8471.5781 3.9119e-02
8474.1191 5.1395e-02
8476.6621 4.1062e-02
8479.2051 4.4778e-02
8481.7480 4.2295e-02
8484.2930 5.0982e-02
8486.8379 3.5573e-02
8489.3848 3.8018e-02
8491.9316 4.4843e-02
8494.4795 5.1043e-02
8497.0264 4.8948e-02
8499.5762 4.5280e-02
8502.1260 4.6205e-02
8504.6777 5.8484e-02
8507.2285 5.1822e-02
8509.7803 4.3061e-02
8512.3330 4.1557e-02
8514.8857 4.7325e-02
8517.4414 3.6244e-02
8519.9961 4.3285e-02
8522.5527 3.6337e-02
8525.1094 5.1139e-02
8527.6670 4.8161e-02
8530.2246 4.1111e-02
8532.7842 5.4016e-02
8535.3438 4.6372e-02
8537.9053 4.2171e-02
8540.4668 3.6748e-02
8543.0273 4.4235e-02
8545.5908 4.2373e-02
8548.1543 4.5757e-02
8550.7188 4.3897e-02
8553.2842 4.4774e-02
8555.8496 4.7495e-02
8558.4170 4.2223e-02
8560.9844 5.8287e-02
8563.5527 4.5294e-02
8566.1221 4.9371e-02
8568.6914 3.9228e-02
8571.2617 4.8420e-02
8573.8350 4.2272e-02
8576.4062 4.8468e-02
8578.9785 5.3137e-02
8581.5527 4.1047e-02
8584.1270 5.0445e-02
8586.7031 4.5941e-02
8589.2783 4.8935e-02
8591.8555 4.4459e-02
8594.4326 4.8954e-02
8597.0117 5.0978e-02
8599.5898 5.9732e-02
8602.1699 5.2138e-02
8604.7500 3.8395e-02
8607.3320 5.6039e-02
8609.9150 5.1781e-02
8612.4971 4.5691e-02
8615.0811 6.2327e-02
8617.6660 5.7577e-02
8620.2500 4.5483e-02
8622.8369 3.9768e-02
8625.4229 5.6324e-02
8628.0117 4.2961e-02
8630.6006 4.9202e-02
8633.1885 5.5084e-02
8635.7793 5.6548e-02
8638.3711 4.9236e-02
8640.9609 5.8460e-02
8643.5527 4.6156e-02
8646.1465 4.3322e-02
8648.7393 6.1576e-02
8651.3350 4.9706e-02
8653.9307 4.9020e-02
8656.5264 4.0701e-02
8659.1230 4.4543e-02
8661.7207 4.6273e-02
8664.3203 5.0629e-02
8666.9189 5.0707e-02
8669.5186 4.7518e-02
8672.1201 4.5990e-02
8674.7217 4.4022e-02
8677.3242 4.1614e-02
8679.9277 4.6759e-02
8682.5312 6.6311e-02
8685.1367 5.0548e-02
8687.7412 4.3975e-02
8690.3477 5.6977e-02
8692.9551 4.4853e-02
8695.5625 4.9509e-02
8698.1709 5.4247e-02
8700.7803 5.1106e-02
8703.3916 4.7518e-02
8706.0020 4.3215e-02
8708.6133 5.5505e-02
8711.2266 4.6870e-02
8713.8398 4.7766e-02
8716.4541 5.4456e-02
8719.0684 5.3530e-02
8721.6846 4.4934e-02
8724.3018 4.5274e-02
8726.9189 5.5073e-02
8729.5371 4.9747e-02
8732.1553 3.8928e-02
8734.7754 3.9125e-02
8737.3955 4.4485e-02
8740.0166 5.1756e-02
8742.6387 4.4848e-02
8745.2607 5.7209e-02
8747.8848 3.7355e-02
8750.5098 4.8647e-02
8753.1348 4.8855e-02
8755.7607 5.0241e-02
8758.3867 5.2297e-02
8761.0146 4.3897e-02
8763.6436 4.3734e-02
8766.2715 4.1524e-02
8768.9023 4.6119e-02
8771.5322 4.7389e-02
8774.1641 5.9933e-02
8776.7959 5.8567e-02
8779.4287 4.7422e-02
8782.0635 5.7431e-02
8784.6982 4.5085e-02
8787.3330 3.9219e-02
8789.9697 5.0556e-02
8792.6074 4.3038e-02
8795.2451 3.8079e-02
8797.8838 3.5170e-02
8800.5234 5.0995e-02
8803.1621 4.8174e-02
8805.8027 4.1475e-02
8808.4453 4.1732e-02
8811.0879 4.6446e-02
8813.7314 5.4036e-02
8816.3750 3.9934e-02
8819.0205 5.5767e-02
8821.6660 4.1910e-02
8824.3125 3.6855e-02
8826.9590 4.0215e-02
8829.6084 4.7529e-02
8832.2568 4.9373e-02
8834.9062 4.2658e-02
8837.5557 4.6571e-02
8840.2080 3.9878e-02
8842.8594 3.3166e-02
8845.5127 4.4043e-02
8848.1670 4.3395e-02
8850.8213 4.2439e-02
8853.4766 5.2312e-02
8856.1328 3.7469e-02
8858.7881 4.8742e-02
8861.4463 3.6751e-02
8864.1045 4.4545e-02
8866.7646 4.5841e-02
8869.4238 3.7243e-02
8872.0850 4.6708e-02
8874.7471 4.4500e-02
8877.4092 4.8784e-02
8880.0732 4.2380e-02
8882.7373 3.5392e-02
8885.4014 3.8021e-02
8888.0674 5.0796e-02
8890.7334 4.5890e-02
8893.4004 3.9846e-02
8896.0684 3.8100e-02
8898.7373 4.2299e-02
8901.4072 3.8677e-02
8904.0771 4.2448e-02
8906.7480 3.7607e-02
8909.4199 3.8255e-02
8912.0938 3.1711e-02
8914.7676 4.9081e-02
8917.4414 3.6073e-02
8920.1172 2.8364e-02
8922.7930 4.8041e-02
8925.4697 4.4394e-02
8928.1475 4.6895e-02
8930.8262 3.6464e-02
8933.5049 4.6025e-02
8936.1855 3.4701e-02
8938.8652 3.3108e-02
8941.5469 4.6973e-02
8944.2295 4.8086e-02
8946.9141 3.7936e-02
8949.5977 4.4973e-02
8952.2822 3.4122e-02
8954.9678 3.6032e-02
8957.6553 4.6957e-02
8960.3418 3.1937e-02
8963.0293 4.2990e-02
8965.7178 3.9964e-02
8968.4082 4.0353e-02
8971.0986 4.3223e-02
8973.7910 4.0390e-02
8976.4824 4.1422e-02
8979.1748 3.4335e-02
8981.8691 4.8738e-02
8984.5635 4.0419e-02
8987.2588 3.9080e-02
8989.9551 3.2157e-02
8992.6523 4.5279e-02
8995.3506 4.3118e-02
8998.0488 3.0547e-02
9000.7480 3.7749e-02
9003.4482 3.8349e-02
9006.1494 4.0484e-02
9008.8516 3.9024e-02
9011.5537 3.4475e-02
9014.2578 3.6858e-02
9016.9609 3.7794e-02
9019.6660 2.8516e-02
9022.3721 3.2893e-02
9025.0791 3.9322e-02
9027.7871 3.8497e-02
9030.4951 3.8980e-02
9033.2051 3.7235e-02
9035.9150 3.8535e-02
9038.6260 3.3747e-02
9041.3369 3.1681e-02
9044.0498 3.8519e-02
9046.7627 4.0043e-02
9049.4766 4.6446e-02
9052.1914 4.6140e-02
9054.9072 3.3175e-02
9057.6240 3.5840e-02
9060.3398 3.1692e-02
9063.0586 3.8324e-02
9065.7773 3.6933e-02
9068.4971 3.5921e-02
9071.2168 4.2276e-02
9073.9395 2.9776e-02
9076.6611 3.4581e-02
9079.3848 3.1995e-02
9082.1074 3.5062e-02
9084.8330 3.8542e-02
9087.5576 3.0602e-02
9090.2832 3.4293e-02
9093.0117 3.5864e-02
9095.7393 3.7033e-02
9098.4688 3.7598e-02
9101.1973 2.6963e-02
9103.9287 3.4188e-02
9106.6592 3.0164e-02
9109.3906 3.0749e-02
9112.1250 3.2546e-02
9114.8584 3.2186e-02
9117.5928 3.3534e-02
9120.3271 2.3749e-02
9123.0635 2.9768e-02
9125.8008 2.9521e-02
9128.5391 3.0808e-02
9131.2764 3.4352e-02
9134.0156 3.8874e-02
9136.7568 2.6004e-02
9139.4980 3.4935e-02
9142.2383 3.9406e-02
9144.9814 3.6638e-02
9147.7266 3.5580e-02
9150.4707 3.0692e-02
9153.2158 3.3032e-02
9155.9609 3.4834e-02
9158.7070 3.2900e-02
9161.4551 3.6850e-02
9164.2041 2.9315e-02
9166.9531 3.0518e-02
9169.7031 3.5476e-02
9172.4541 2.8250e-02
9175.2051 3.4153e-02
9177.9580 2.3522e-02
9180.7109 2.9063e-02
9183.4668 2.5749e-02
9186.2207 2.9837e-02
9188.9766 3.6841e-02
9191.7334 2.4133e-02
9194.4912 3.9326e-02
9197.2490 3.2690e-02
9200.0088 3.3972e-02
9202.7686 3.0005e-02
9205.5293 2.6777e-02
9208.2920 2.3756e-02
9211.0527 2.6356e-02
9213.8164 3.8666e-02
9216.5811 3.0172e-02
9219.3467 2.5348e-02
9222.1113 2.6490e-02
9224.8789 3.0847e-02
9227.6455 2.9649e-02
9230.4141 1.9949e-02
9233.1836 2.7482e-02
9235.9531 2.6386e-02
9238.7246 2.9775e-02
9241.4951 2.9288e-02
9244.2686 3.0737e-02
9247.0410 3.0246e-02
9249.8154 2.7344e-02
9252.5908 2.3410e-02
9255.3652 2.8620e-02
9258.1426 2.3024e-02
9260.9209 2.4195e-02
9263.6992 2.8839e-02
9266.4775 3.1512e-02
9269.2568 2.2085e-02
9272.0381 3.3838e-02
9274.8203 2.2395e-02
9277.6025 2.5923e-02
9280.3857 3.0503e-02
9283.1709 3.0286e-02
9285.9541 2.8937e-02
9288.7402 2.5688e-02
9291.5264 3.4446e-02
9294.3135 2.5350e-02
9297.1025 2.9694e-02
9299.8926 2.8834e-02
9302.6816 2.6374e-02
9305.4727 3.0547e-02
9308.2646 2.2605e-02
9311.0566 3.0404e-02
9313.8506 2.6878e-02
9316.6436 2.8611e-02
9319.4395 2.5599e-02
9322.2354 2.8012e-02
9325.0322 2.6394e-02
9327.8291 2.4066e-02
9330.6279 2.7682e-02
9333.4277 2.7483e-02
9336.2266 2.8438e-02
9339.0283 2.9455e-02
9341.8291 2.4575e-02
9344.6318 3.1386e-02
9347.4355 2.7323e-02
9350.2402 2.6539e-02
9353.0449 3.3575e-02
9355.8516 2.3085e-02
9358.6572 2.2406e-02
9361.4658 2.8995e-02
9364.2734 2.2807e-02
9367.0830 1.9778e-02
9369.8936 2.1202e-02
9372.7041 2.9369e-02
9375.5156 3.2982e-02
9378.3291 2.0773e-02
9381.1416 2.8777e-02
9383.9561 2.7017e-02
9386.7715 2.5670e-02
9389.5879 2.4515e-02
9392.4043 2.4456e-02
9395.2217 2.5944e-02
9398.0400 2.0693e-02
9400.8594 2.1316e-02
9403.6807 2.4896e-02
9406.5020 2.9891e-02
9409.3242 2.3883e-02
9412.1465 1.8975e-02
9414.9707 2.4846e-02
9417.7939 2.6472e-02
9420.6201 3.3546e-02
9423.4453 2.6042e-02
9426.2725 1.8116e-02
9429.1006 2.4526e-02
9431.9287 2.0796e-02
9434.7588 2.6818e-02
9437.5898 2.8062e-02
9440.4209 2.2439e-02
9443.2529 2.6970e-02
9446.0859 1.6664e-02
9448.9199 1.7563e-02
9451.7549 1.8734e-02
9454.5889 2.0220e-02
9457.4268 2.1677e-02
9460.2637 2.7576e-02
9463.1016 1.9998e-02
9465.9414 2.7833e-02
9468.7803 2.3891e-02
9471.6211 1.7326e-02
9474.4629 1.9737e-02
9477.3047 2.0753e-02
9480.1484 2.0392e-02
9482.9922 2.3735e-02
9485.8369 1.9251e-02
9488.6836 2.0059e-02
9491.5303 2.2220e-02
9494.3760 1.6367e-02
9497.2256 2.5150e-02
9500.0742 1.9967e-02
9502.9238 2.9324e-02
9505.7754 1.6827e-02
9508.6270 2.1006e-02
9511.4805 2.0492e-02
9514.3320 2.4454e-02
9517.1875 1.8438e-02
9520.0420 2.3688e-02
9522.8984 2.7009e-02
9525.7559 1.8659e-02
9528.6133 2.4406e-02
9531.4717 2.2260e-02
9534.3311 2.4861e-02
9537.1914 2.1526e-02
9540.0518 1.5310e-02
9542.9150 1.5046e-02
9545.7773 2.4034e-02
9548.6416 2.0435e-02
9551.5059 2.1303e-02
9554.3711 2.1294e-02
9557.2373 1.6692e-02
9560.1045 1.8905e-02
9562.9727 2.1215e-02
9565.8418 2.2317e-02
9568.7109 1.5443e-02
9571.5820 1.9445e-02
9574.4531 1.8504e-02
9577.3252 1.5432e-02
9580.1992 1.9541e-02
9583.0723 1.5705e-02
9585.9473 2.0430e-02
9588.8242 2.1464e-02
9591.7002 1.8505e-02
9594.5781 1.6438e-02
9597.4561 1.7517e-02
9600.3350 2.2664e-02
9603.2158 1.0470e-02
9606.0957 2.5055e-02
9608.9775 1.5684e-02
9611.8613 2.2275e-02
9614.7441 1.2900e-02
9617.6279 1.2571e-02
9620.5137 1.8159e-02
9623.4014 1.7097e-02
9626.2881 1.8504e-02
9629.1748 1.3560e-02
9632.0645 1.5192e-02
9634.9541 1.4085e-02
9637.8438 1.6643e-02
9640.7363 1.7480e-02
9643.6270 1.4221e-02
9646.5215 1.6310e-02
9649.4141 1.9045e-02
9652.3086 2.0131e-02
9655.2051 1.5539e-02
9658.1016 1.3472e-02
9660.9990 1.6252e-02
9663.8975 2.0159e-02
9666.7969 1.9525e-02
9669.6973 1.8870e-02
9672.5967 2.1702e-02
9675.5000 1.3168e-02
9678.4023 2.0450e-02
9681.3057 1.5793e-02
9684.2109 1.6393e-02
9687.1152 1.7044e-02
9690.0215 1.7229e-02
9692.9287 1.8635e-02
9695.8369 1.5629e-02
9698.7441 1.7024e-02
9701.6553 1.7402e-02
9704.5645 1.6944e-02
9707.4775 1.6980e-02
9710.3887 2.1666e-02
9713.3008 1.0899e-02
9716.2158 1.4656e-02
9719.1299 1.3931e-02
9722.0459 1.5865e-02
9724.9629 1.8556e-02
9727.8809 1.5315e-02
9730.7988 1.5395e-02
9733.7178 1.7061e-02
9736.6387 1.9609e-02
9739.5586 1.7556e-02
9742.4805 1.3619e-02
9745.4033 1.2836e-02
9748.3281 1.4306e-02
9751.2520 1.4138e-02
9754.1777 1.0451e-02
9757.1035 1.3495e-02
9760.0303 1.8009e-02
9762.9590 1.6814e-02
9765.8877 1.7652e-02
9768.8174 9.9293e-03
9771.7480 1.4245e-02
9774.6797 1.4580e-02
9777.6113 1.3400e-02
9780.5459 1.4201e-02
9783.4795 1.5940e-02
9786.4141 1.6559e-02
9789.3496 1.5628e-02
9792.2871 1.2561e-02
9795.2256 1.7274e-02
9798.1641 1.3209e-02
9801.1035 1.3011e-02
9804.0430 1.7528e-02
9806.9844 1.4138e-02
9809.9268 1.5834e-02
9812.8691 1.9083e-02
9815.8125 1.2351e-02
9818.7578 1.2459e-02
9821.7041 1.0684e-02
9824.6494 1.1201e-02
9827.5967 1.2799e-02
9830.5469 1.0506e-02
9833.4951 1.3698e-02
9836.4453 1.6262e-02
9839.3965 1.5801e-02
9842.3486 9.4221e-03
9845.2998 1.4557e-02
9848.2549 9.3871e-03
9851.2080 1.1017e-02
9854.1641 1.3665e-02
9857.1201 1.0744e-02
9860.0771 1.4944e-02
9863.0361 1.7682e-02
9865.9941 1.4154e-02
9868.9541 1.3028e-02
9871.9150 1.2751e-02
9874.8760 2.0045e-02
9877.8389 1.4376e-02
9880.8018 1.3536e-02
9883.7666 1.1299e-02
9886.7324 9.2789e-03
9889.6982 1.0512e-02
9892.6641 1.6264e-02
9895.6338 1.9406e-02
9898.6016 1.6454e-02
9901.5713 1.8197e-02
9904.5420 1.6765e-02
9907.5127 1.2207e-02
9910.4854 1.3476e-02
9913.4590 1.7130e-02
9916.4326 1.3826e-02
9919.4072 1.1170e-02
9922.3828 1.4092e-02
9925.3584 1.0016e-02
9928.3379 1.5959e-02
9931.3164 1.1678e-02
9934.2949 1.0907e-02
9937.2754 1.7358e-02
9940.2568 1.0162e-02
9943.2383 1.0785e-02
9946.2207 1.8098e-02
9949.2061 1.3772e-02
9952.1904 1.1919e-02
9955.1758 1.1358e-02
9958.1631 1.4237e-02
9961.1494 1.6867e-02
9964.1387 1.0225e-02
9967.1279 9.9193e-03
9970.1182 1.6475e-02
9973.1084 8.6461e-03
9976.1006 7.5958e-03
9979.0928 8.9005e-03
9982.0859 7.9955e-03
9985.0820 1.4947e-02
9988.0771 1.4238e-02
9991.0732 9.7966e-03
9994.0713 1.3519e-02
9997.0693 1.6071e-02
10000.0684 1.5106e-02
10003.0674 6.9569e-03
10006.0684 1.2113e-02
10009.0713 1.4360e-02
10012.0742 1.1539e-02
10015.0771 7.4919e-03
10018.0820 1.3491e-02
10021.0879 8.8152e-03
10024.0938 1.0987e-02
10027.1006 1.3713e-02
10030.1084 9.7695e-03
10033.1172 1.2283e-02
10036.1270 1.0971e-02
10039.1387 1.3402e-02
10042.1504 1.4884e-02
10045.1631 1.1267e-02
10048.1768 1.2746e-02
10051.1924 1.3739e-02
10054.2061 8.4922e-03
10057.2227 8.4679e-03
10060.2402 1.2273e-02
10063.2578 1.5819e-02
10066.2773 1.5805e-02
10069.2969 1.3400e-02
10072.3174 8.5242e-03
10075.3379 1.0974e-02
10078.3623 1.0462e-02
10081.3848 1.3422e-02
10084.4102 6.7857e-03
10087.4346 1.2596e-02
10090.4619 9.2621e-03
10093.4883 9.0898e-03
10096.5166 6.5763e-03
10099.5459 1.0636e-02
10102.5742 1.1479e-02
10105.6055 1.1907e-02
10108.6367 1.0099e-02
10111.6709 1.0647e-02
10114.7041 9.3700e-03
10117.7383 1.0254e-02
10120.7734 8.7138e-03
10123.8105 1.2406e-02
10126.8477 1.2386e-02
10129.8857 9.9513e-03
10132.9248 1.0629e-02
10135.9648 8.6256e-03
10139.0049 1.0003e-02
10142.0479 6.7458e-03
10145.0879 1.0810e-02
10148.1318 9.2003e-03
10151.1768 1.1463e-02
10154.2227 8.1095e-03
10157.2686 7.2932e-03
10160.3154 9.6626e-03
10163.3643 1.0050e-02
10166.4121 8.4025e-03
10169.4629 9.0422e-03
10172.5137 6.2492e-03
10175.5654 6.0565e-03
10178.6191 9.0818e-03
10181.6719 1.2321e-02
10184.7256 9.8156e-03
10187.7822 6.8480e-03
10190.8379 1.3199e-02
10193.8945 1.2404e-02
10196.9541 7.8578e-03
10200.0127 8.7964e-03
10203.0723 9.9009e-03
10206.1328 9.6417e-03
10209.1953 1.0556e-02
10212.2578 1.0681e-02
10215.3223 8.5321e-03
10218.3867 7.5470e-03
10221.4521 1.2458e-02
10224.5186 8.7278e-03
10227.5850 1.2695e-02
10230.6543 8.8832e-03
10233.7246 1.0100e-02
10236.7930 6.9794e-03
10239.8643 7.1401e-03
10242.9355 1.1350e-02
10246.0098 1.2158e-02
10249.0830 7.1408e-03
10252.1572 5.9779e-03
10255.2334 1.1090e-02
10258.3096 1.0970e-02
10261.3877 8.4414e-03
10264.4648 6.9903e-03
10267.5449 1.4057e-02
10270.6250 8.1710e-03
