# time_explosion = 4.75
# 
3082.8928 3.4976e-02
3083.8179 5.2382e-02
3084.7432 5.5891e-02
3085.6685 2.9108e-02
3086.5940 3.0098e-02
3087.5200 3.0774e-02
3088.4463 2.2650e-02
3089.3728 3.3469e-02
3090.2996 4.0796e-02
3091.2268 2.7436e-02
3092.1541 3.8637e-02
3093.0815 1.7063e-02
3094.0098 2.3983e-02
3094.9380 4.7790e-02
3095.8665 7.7480e-03
3096.7952 3.2024e-02
3097.7241 3.6269e-03
3098.6536 3.7793e-02
3099.5828 2.8688e-02
3100.5129 4.5691e-02
3101.4431 2.1503e-02
3102.3735 6.7494e-02
3103.3042 2.7458e-02
3104.2354 2.9675e-02
3105.1665 2.3708e-02
3106.0981 4.0991e-02
3107.0300 3.5426e-02
3107.9619 2.9196e-02
3108.8943 3.4657e-02
3109.8269 1.6984e-02
3110.7600 7.8295e-03
3111.6929 1.8353e-02
3112.6265 4.7041e-02
3113.5605 1.9469e-02
3114.4944 1.4537e-02
3115.4290 2.7969e-02
3116.3635 3.5923e-02
3117.2986 3.8047e-02
3118.2336 1.6952e-02
3119.1689 3.4414e-02
3120.1047 4.5562e-02
3121.0410 1.6428e-02
3121.9773 2.2923e-02
3122.9136 3.6070e-02
3123.8508 1.5385e-02
3124.7878 2.0058e-02
3125.7251 1.7190e-02
3126.6628 2.3484e-02
3127.6008 3.2916e-02
3128.5393 1.9096e-02
3129.4778 3.4672e-02
3130.4170 2.3725e-02
3131.3557 3.2013e-02
3132.2954 2.7652e-02
3133.2349 3.1108e-02
3134.1748 2.3538e-02
3135.1150 1.2134e-02
3136.0559 1.8379e-02
3136.9968 1.7181e-02
3137.9377 3.5256e-02
3138.8789 3.4872e-02
3139.8206 2.0560e-02
3140.7625 1.9937e-02
3141.7046 2.4821e-02
3142.6472 1.9110e-02
3143.5901 1.5972e-02
3144.5334 2.2475e-02
3145.4766 1.7570e-02
3146.4202 9.7430e-03
3147.3643 1.9101e-02
3148.3086 2.9986e-02
3149.2529 7.5014e-03
3150.1975 1.5223e-02
3151.1426 4.6758e-02
3152.0881 1.2348e-02
3153.0337 3.1867e-02
3153.9795 2.0725e-02
3154.9255 2.8265e-02
3155.8723 1.6524e-02
3156.8188 2.1220e-02
3157.7661 2.9359e-02
3158.7134 2.1521e-02
3159.6609 2.0750e-02
3160.6086 3.3605e-02
3161.5571 3.7017e-02
3162.5054 4.2277e-02
3163.4541 1.4089e-02
3164.4031 3.1425e-02
3165.3528 3.3319e-02
3166.3022 4.0192e-02
3167.2522 2.2174e-02
3168.2024 2.6255e-02
3169.1526 2.7792e-02
3170.1035 2.1796e-02
3171.0544 4.1430e-02
3172.0061 5.6214e-02
3172.9573 4.3592e-02
3173.9092 2.6330e-02
3174.8613 2.9259e-02
3175.8140 3.6927e-02
3176.7668 2.5963e-02
3177.7197 2.9525e-02
3178.6729 2.3304e-02
3179.6267 3.0627e-02
3180.5808 2.4277e-02
3181.5347 4.8035e-02
3182.4893 3.6725e-02
3183.4438 2.8088e-02
3184.3987 3.5312e-02
3185.3542 3.7056e-02
3186.3101 3.2027e-02
3187.2659 5.8581e-02
3188.2217 2.8620e-02
3189.1785 2.5976e-02
3190.1350 2.5774e-02
3191.0920 2.9530e-02
3192.0493 2.9344e-02
3193.0071 4.1336e-02
3193.9651 2.1084e-02
3194.9233 4.4695e-02
3195.8818 4.1273e-02
3196.8408 2.9872e-02
3197.7996 2.9490e-02
3198.7590 2.6174e-02
3199.7185 1.3053e-02
3200.6782 2.7453e-02
3201.6387 4.0660e-02
3202.5991 3.3221e-02
3203.5598 2.7475e-02
3204.5208 3.5353e-02
3205.4824 3.8179e-02
3206.4441 3.8884e-02
3207.4058 3.2186e-02
3208.3682 2.4253e-02
3209.3306 3.2566e-02
3210.2935 2.8802e-02
3211.2563 2.8978e-02
3212.2200 4.0964e-02
3213.1833 4.8716e-02
3214.1472 3.8109e-02
3215.1118 3.6968e-02
3216.0764 3.5721e-02
3217.0413 2.3137e-02
3218.0061 1.1307e-02
3218.9714 2.8495e-02
3219.9373 4.3466e-02
3220.9031 1.5995e-02
3221.8699 3.6534e-02
3222.8362 3.7747e-02
3223.8030 2.6399e-02
3224.7700 4.1003e-02
3225.7375 3.3064e-02
3226.7053 4.1452e-02
3227.6731 2.5525e-02
3228.6416 5.1447e-02
3229.6101 4.9143e-02
3230.5791 2.8753e-02
3231.5483 2.4832e-02
3232.5178 5.4431e-02
3233.4875 3.2577e-02
3234.4575 1.1515e-02
3235.4280 1.7960e-02
3236.3984 2.3353e-02
3237.3691 3.5699e-02
3238.3403 2.4243e-02
3239.3120 5.3486e-02
3240.2839 2.3800e-02
3241.2559 3.6523e-02
3242.2285 3.7602e-02
3243.2012 1.4302e-02
3244.1743 2.4091e-02
3245.1472 2.1222e-02
3246.1208 3.0941e-02
3247.0947 3.7233e-02
3248.0688 1.7928e-02
3249.0432 3.1222e-02
3250.0178 4.0245e-02
3250.9929 1.4559e-02
3251.9680 1.7691e-02
3252.9438 4.1040e-02
3253.9194 2.1005e-02
3254.8958 2.9911e-02
3255.8723 1.9550e-02
3256.8489 2.5818e-02
3257.8262 2.3274e-02
3258.8035 4.1491e-02
3259.7810 2.2019e-02
3260.7593 1.1590e-02
3261.7373 2.2716e-02
3262.7158 3.0831e-02
3263.6946 3.2914e-02
3264.6736 1.1622e-02
3265.6531 4.4064e-02
3266.6331 3.1887e-02
3267.6130 4.7886e-02
3268.5930 1.5594e-02
3269.5735 2.3134e-02
3270.5544 2.8161e-02
3271.5356 4.1140e-02
3272.5171 2.7394e-02
3273.4990 2.9405e-02
3274.4812 4.2659e-02
3275.4634 2.3430e-02
3276.4458 3.4878e-02
3277.4287 3.9305e-02
3278.4124 2.7838e-02
3279.3958 2.2598e-02
3280.3794 1.1086e-02
3281.3635 3.0106e-02
3282.3479 3.1908e-02
3283.3325 3.8646e-02
3284.3179 1.7442e-02
3285.3030 1.3122e-02
3286.2888 1.0788e-02
3287.2744 2.8627e-02
3288.2605 2.9229e-02
3289.2471 3.3791e-02
3290.2339 2.6346e-02
3291.2212 3.6375e-02
3292.2083 3.9203e-02
3293.1958 4.2755e-02
3294.1838 3.0758e-02
3295.1724 1.7262e-02
3296.1609 3.4600e-02
3297.1497 3.3633e-02
3298.1387 3.0389e-02
3299.1282 5.3899e-02
3300.1177 6.4810e-02
3301.1079 4.4743e-02
3302.0984 4.3014e-02
3303.0889 4.7811e-02
3304.0798 4.3965e-02
3305.0713 2.7373e-02
3306.0627 5.0943e-02
3307.0544 4.3668e-02
3308.0466 2.9971e-02
3309.0391 4.7161e-02
3310.0317 3.4357e-02
3311.0247 4.2076e-02
3312.0178 3.8075e-02
3313.0117 5.4969e-02
3314.0054 4.0002e-02
3315.0000 5.6468e-02
3315.9941 5.2251e-02
3316.9890 4.9186e-02
3317.9839 3.7055e-02
3318.9795 4.1179e-02
3319.9751 5.1323e-02
3320.9712 5.9787e-02
3321.9678 5.3831e-02
3322.9639 5.0105e-02
3323.9607 6.0645e-02
3324.9580 5.5773e-02
3325.9558 6.8898e-02
3326.9536 4.5760e-02
3327.9514 7.1509e-02
3328.9497 7.0222e-02
3329.9482 4.7574e-02
3330.9475 4.9890e-02
3331.9468 5.4280e-02
3332.9463 4.1594e-02
3333.9463 5.6079e-02
3334.9463 6.6795e-02
3335.9473 5.5167e-02
3336.9478 8.1521e-02
3337.9487 6.4983e-02
3338.9502 5.7378e-02
3339.9517 4.6530e-02
3340.9536 5.7999e-02
3341.9561 4.5393e-02
3342.9587 7.0434e-02
3343.9614 4.5680e-02
3344.9651 6.1061e-02
3345.9685 6.5001e-02
3346.9722 5.2613e-02
3347.9763 5.4883e-02
3348.9805 5.6900e-02
3349.9854 4.5755e-02
3350.9902 4.3071e-02
3351.9956 6.2615e-02
3353.0010 4.9044e-02
3354.0073 6.0067e-02
3355.0129 6.9906e-02
3356.0198 7.3484e-02
3357.0264 5.6357e-02
3358.0334 7.2717e-02
3359.0410 6.9541e-02
3360.0488 4.4313e-02
3361.0569 6.0394e-02
3362.0654 6.6551e-02
3363.0740 6.8627e-02
3364.0828 4.5957e-02
3365.0918 5.5478e-02
3366.1013 6.7466e-02
3367.1113 8.8702e-02
3368.1213 7.9732e-02
3369.1318 4.4507e-02
3370.1426 6.3991e-02
3371.1536 5.4098e-02
3372.1650 5.6049e-02
3373.1768 9.0599e-02
3374.1885 6.2486e-02
3375.2004 5.4813e-02
3376.2134 9.0975e-02
3377.2261 7.6578e-02
3378.2395 6.0102e-02
3379.2529 6.9031e-02
3380.2664 5.1927e-02
3381.2805 5.9869e-02
3382.2952 6.8701e-02
3383.3098 5.9830e-02
3384.3250 5.4061e-02
3385.3401 4.7527e-02
3386.3557 4.9085e-02
3387.3716 5.4449e-02
3388.3879 7.6144e-02
3389.4045 5.8037e-02
3390.4211 4.1616e-02
3391.4385 4.4480e-02
3392.4558 8.4107e-02
3393.4736 5.9337e-02
3394.4915 8.2176e-02
3395.5100 5.8340e-02
3396.5286 4.5846e-02
3397.5474 6.6653e-02
3398.5667 6.0062e-02
3399.5862 8.5731e-02
3400.6062 6.6199e-02
3401.6262 5.1237e-02
3402.6467 4.7898e-02
3403.6677 7.0031e-02
3404.6887 4.9772e-02
3405.7100 7.3840e-02
3406.7319 7.9795e-02
3407.7539 7.0195e-02
3408.7764 5.4274e-02
3409.7988 3.6406e-02
3410.8218 7.5619e-02
3411.8450 4.7232e-02
3412.8687 7.0229e-02
3413.8923 4.2014e-02
3414.9167 5.0502e-02
3415.9412 3.7255e-02
3416.9658 5.8604e-02
3417.9907 6.8551e-02
3419.0164 5.5937e-02
3420.0420 5.2997e-02
3421.0681 6.3988e-02
3422.0945 5.5184e-02
3423.1208 5.6168e-02
3424.1479 8.0450e-02
3425.1753 3.4553e-02
3426.2029 4.2881e-02
3427.2307 5.8963e-02
3428.2588 5.3677e-02
3429.2871 4.9213e-02
3430.3159 7.5563e-02
3431.3452 5.1531e-02
3432.3748 7.0967e-02
3433.4041 9.4363e-02
3434.4346 8.3097e-02
3435.4646 9.1079e-02
3436.4954 7.7948e-02
3437.5261 8.4257e-02
3438.5579 6.7308e-02
3439.5894 8.2507e-02
3440.6208 7.7048e-02
3441.6531 7.0498e-02
3442.6855 7.8940e-02
3443.7183 7.2687e-02
3444.7515 7.9121e-02
3445.7852 8.3198e-02
3446.8186 6.0029e-02
3447.8525 1.0053e-01
3448.8872 7.3865e-02
3449.9216 9.3192e-02
3450.9568 9.2349e-02
3451.9919 6.8274e-02
3453.0276 7.8759e-02
3454.0637 8.7698e-02
3455.0999 8.2408e-02
3456.1362 9.3705e-02
3457.1731 8.2683e-02
3458.2102 9.0882e-02
3459.2476 8.0847e-02
3460.2856 1.0878e-01
3461.3235 8.1899e-02
3462.3621 8.3960e-02
3463.4004 9.2851e-02
3464.4399 6.7280e-02
3465.4790 1.2361e-01
3466.5188 7.8178e-02
3467.5586 6.7502e-02
3468.5989 7.7945e-02
3469.6394 8.5801e-02
3470.6804 8.8677e-02
3471.7217 7.8419e-02
3472.7629 9.1447e-02
3473.8049 6.2335e-02
3474.8469 1.1210e-01
3475.8894 8.6849e-02
3476.9321 7.7581e-02
3477.9751 9.5914e-02
3479.0188 1.0797e-01
3480.0625 8.0839e-02
3481.1064 7.9269e-02
3482.1509 5.1939e-02
3483.1956 8.9462e-02
3484.2407 8.3640e-02
3485.2856 8.3000e-02
3486.3313 6.8988e-02
3487.3772 7.7795e-02
3488.4233 9.0540e-02
3489.4697 8.9773e-02
3490.5168 7.2963e-02
3491.5640 1.0745e-01
3492.6116 5.4131e-02
3493.6592 9.1219e-02
3494.7073 7.0631e-02
3495.7556 8.2072e-02
3496.8044 1.0896e-01
3497.8535 8.7485e-02
3498.9026 5.8431e-02
3499.9526 8.7797e-02
3501.0024 8.4760e-02
3502.0527 1.1758e-01
3503.1033 5.8769e-02
3504.1543 7.5231e-02
3505.2058 6.2592e-02
3506.2571 6.0017e-02
3507.3088 8.4227e-02
3508.3613 1.2266e-01
3509.4136 6.2494e-02
3510.4663 9.2396e-02
3511.5193 9.3177e-02
3512.5730 8.9032e-02
3513.6270 4.8283e-02
3514.6809 7.3390e-02
3515.7351 6.2398e-02
3516.7898 5.1359e-02
3517.8452 8.3836e-02
3518.9004 6.5697e-02
3519.9561 9.1712e-02
3521.0122 5.8569e-02
3522.0686 9.7124e-02
3523.1250 6.2623e-02
3524.1821 7.2385e-02
3525.2390 9.4577e-02
3526.2969 9.1800e-02
3527.3547 8.4400e-02
3528.4126 6.4162e-02
3529.4714 7.0618e-02
3530.5303 7.3143e-02
3531.5894 7.5269e-02
3532.6487 8.9372e-02
3533.7090 6.4103e-02
3534.7688 1.2065e-01
3535.8293 4.6102e-02
3536.8901 7.3043e-02
3537.9512 1.0090e-01
3539.0122 5.6078e-02
3540.0740 7.0645e-02
3541.1360 8.0030e-02
3542.1987 7.1217e-02
3543.2612 6.4843e-02
3544.3245 7.4864e-02
3545.3875 6.9642e-02
3546.4509 7.9280e-02
3547.5154 8.1092e-02
3548.5793 6.1001e-02
3549.6438 8.7143e-02
3550.7087 5.7582e-02
3551.7739 7.2258e-02
3552.8396 9.4174e-02
3553.9053 6.3396e-02
3554.9714 7.0384e-02
3556.0378 6.6696e-02
3557.1050 7.0841e-02
3558.1716 7.0543e-02
3559.2395 7.1684e-02
3560.3071 7.0828e-02
3561.3752 6.8444e-02
3562.4436 8.5687e-02
3563.5125 4.4828e-02
3564.5813 6.0074e-02
3565.6506 6.1660e-02
3566.7205 9.3370e-02
3567.7905 8.5065e-02
3568.8611 5.7185e-02
3569.9316 5.5793e-02
3571.0027 7.6172e-02
3572.0737 6.0860e-02
3573.1455 9.2064e-02
3574.2175 3.4846e-02
3575.2896 5.1646e-02
3576.3625 3.5193e-02
3577.4351 4.2964e-02
3578.5083 5.1260e-02
3579.5820 6.3489e-02
3580.6560 8.8986e-02
3581.7300 5.6099e-02
3582.8047 5.5508e-02
3583.8792 8.3467e-02
3584.9546 6.9324e-02
3586.0298 3.5821e-02
3587.1060 5.7186e-02
3588.1821 8.2609e-02
3589.2583 5.0188e-02
3590.3352 6.1196e-02
3591.4124 2.8213e-02
3592.4897 6.7590e-02
3593.5671 7.2713e-02
3594.6455 4.9768e-02
3595.7241 4.0512e-02
3596.8025 5.6151e-02
3597.8818 4.1257e-02
3598.9609 6.4100e-02
3600.0405 5.2134e-02
3601.1204 5.2039e-02
3602.2009 5.4500e-02
3603.2817 4.8271e-02
3604.3625 3.5480e-02
3605.4441 4.6671e-02
3606.5256 6.2114e-02
3607.6074 4.5519e-02
3608.6899 4.6439e-02
3609.7725 4.2351e-02
3610.8552 5.5385e-02
3611.9385 5.0650e-02
3613.0222 4.7811e-02
3614.1062 8.1466e-02
3615.1904 3.5749e-02
3616.2749 4.4596e-02
3617.3599 4.9841e-02
3618.4451 8.5409e-02
3619.5303 3.2280e-02
3620.6165 5.2280e-02
3621.7024 3.7331e-02
3622.7891 3.2034e-02
3623.8760 2.8989e-02
3624.9631 3.2945e-02
3626.0508 3.4543e-02
3627.1382 7.6104e-02
3628.2266 4.6157e-02
3629.3152 3.6676e-02
3630.4038 5.0364e-02
3631.4927 3.3060e-02
3632.5825 4.7208e-02
3633.6721 6.0742e-02
3634.7622 3.4712e-02
3635.8528 5.6804e-02
3636.9434 5.9026e-02
3638.0347 5.4192e-02
3639.1257 2.6380e-02
3640.2178 5.2960e-02
3641.3098 4.7147e-02
3642.4021 5.1216e-02
3643.4946 5.0901e-02
3644.5881 2.8949e-02
3645.6814 4.6089e-02
3646.7751 2.9130e-02
3647.8691 6.0108e-02
3648.9634 3.0181e-02
3650.0581 7.2846e-02
3651.1533 4.4728e-02
3652.2480 3.9595e-02
3653.3442 5.2129e-02
3654.4402 6.2221e-02
3655.5364 7.6813e-02
3656.6333 5.6200e-02
3657.7300 5.6969e-02
3658.8274 5.4777e-02
3659.9250 5.1835e-02
3661.0232 6.6425e-02
3662.1213 4.9484e-02
3663.2202 6.8825e-02
3664.3188 3.9963e-02
3665.4182 5.0666e-02
3666.5181 5.5576e-02
3667.6179 6.0650e-02
3668.7183 6.0997e-02
3669.8186 6.1575e-02
3670.9197 6.4276e-02
3672.0210 6.2318e-02
3673.1226 5.3808e-02
3674.2241 4.4260e-02
3675.3269 6.9942e-02
3676.4294 4.5211e-02
3677.5325 6.5288e-02
3678.6355 4.9341e-02
3679.7390 6.7349e-02
3680.8430 6.9630e-02
3681.9473 5.8413e-02
3683.0518 4.2746e-02
3684.1570 8.2983e-02
3685.2620 7.5215e-02
3686.3677 7.5814e-02
3687.4739 6.2232e-02
3688.5796 5.7873e-02
3689.6865 5.4732e-02
3690.7932 5.9140e-02
3691.9006 7.4351e-02
3693.0081 7.0365e-02
3694.1160 4.1855e-02
3695.2241 7.4569e-02
3696.3328 4.6748e-02
3697.4417 7.1258e-02
3698.5508 5.7888e-02
3699.6606 5.7947e-02
3700.7703 6.4145e-02
3701.8806 6.9557e-02
3702.9910 4.7768e-02
3704.1023 7.6079e-02
3705.2136 7.2803e-02
3706.3247 4.8387e-02
3707.4370 5.8976e-02
3708.5491 7.8993e-02
3709.6616 7.0891e-02
3710.7744 4.8388e-02
3711.8877 7.7598e-02
3713.0012 5.1275e-02
3714.1152 8.7222e-02
3715.2292 6.5380e-02
3716.3440 7.8151e-02
3717.4590 4.6941e-02
3718.5742 5.1924e-02
3719.6897 6.7664e-02
3720.8057 8.5554e-02
3721.9219 5.6696e-02
3723.0383 5.5136e-02
3724.1553 5.1056e-02
3725.2725 7.2833e-02
3726.3904 7.8213e-02
3727.5081 8.9537e-02
3728.6265 6.9891e-02
3729.7451 7.1183e-02
3730.8640 6.4957e-02
3731.9832 6.6075e-02
3733.1028 7.6721e-02
3734.2227 6.0783e-02
3735.3428 4.8600e-02
3736.4636 8.5411e-02
3737.5842 7.4449e-02
3738.7056 6.2899e-02
3739.8276 7.5010e-02
3740.9490 5.0521e-02
3742.0718 5.1672e-02
3743.1943 7.4013e-02
3744.3171 5.9885e-02
3745.4404 7.5232e-02
3746.5640 7.8618e-02
3747.6880 7.1602e-02
3748.8125 7.6016e-02
3749.9368 9.7217e-02
3751.0620 7.0472e-02
3752.1873 6.6325e-02
3753.3130 8.2514e-02
3754.4387 6.5182e-02
3755.5652 5.0577e-02
3756.6919 6.1269e-02
3757.8188 6.4011e-02
3758.9463 9.8069e-02
3760.0737 7.9319e-02
3761.2019 5.8787e-02
3762.3306 8.0749e-02
3763.4590 4.1818e-02
3764.5881 5.9701e-02
3765.7175 3.8051e-02
3766.8472 7.0485e-02
3767.9771 5.3470e-02
3769.1079 7.2474e-02
3770.2383 7.6344e-02
3771.3694 4.8638e-02
3772.5007 5.8930e-02
3773.6328 4.9002e-02
3774.7646 4.6558e-02
3775.8972 6.6628e-02
3777.0298 6.6431e-02
3778.1628 6.6739e-02
3779.2964 7.2387e-02
3780.4302 4.3576e-02
3781.5642 5.5640e-02
3782.6987 4.7087e-02
3783.8335 3.9558e-02
3784.9690 4.9085e-02
3786.1042 5.9042e-02
3787.2400 6.2896e-02
3788.3762 3.1158e-02
3789.5125 5.1541e-02
3790.6497 5.1395e-02
3791.7869 5.0607e-02
3792.9246 3.8954e-02
3794.0625 4.4919e-02
3795.2007 3.5928e-02
3796.3391 5.5043e-02
3797.4778 3.6341e-02
3798.6169 4.3428e-02
3799.7568 4.2679e-02
3800.8967 5.1429e-02
3802.0371 3.3402e-02
3803.1775 5.1877e-02
3804.3181 3.4664e-02
3805.4597 4.7116e-02
3806.6013 5.7911e-02
3807.7434 2.8991e-02
3808.8857 4.8323e-02
3810.0286 3.8761e-02
3811.1714 2.7653e-02
3812.3149 5.2192e-02
3813.4583 4.8178e-02
3814.6025 3.1393e-02
3815.7468 4.7670e-02
3816.8916 3.4760e-02
3818.0369 4.8442e-02
3819.1824 4.5069e-02
3820.3281 4.2027e-02
3821.4741 3.4054e-02
3822.6201 5.2218e-02
3823.7671 2.0514e-02
3824.9143 5.5687e-02
3826.0615 2.9406e-02
3827.2097 3.2714e-02
3828.3577 7.2572e-02
3829.5063 4.9307e-02
3830.6553 5.4464e-02
3831.8044 5.4135e-02
3832.9539 3.1698e-02
3834.1035 5.0340e-02
3835.2539 5.4939e-02
3836.4045 4.1003e-02
3837.5554 3.9727e-02
3838.7068 5.8236e-02
3839.8582 4.8555e-02
3841.0103 5.4084e-02
3842.1628 3.8142e-02
3843.3152 5.9982e-02
3844.4683 4.0561e-02
3845.6216 4.6717e-02
3846.7754 4.2810e-02
3847.9294 3.6291e-02
3849.0835 6.8444e-02
3850.2383 3.9451e-02
3851.3933 5.5098e-02
3852.5488 4.2166e-02
3853.7051 6.5877e-02
3854.8606 5.8477e-02
3856.0173 6.5705e-02
3857.1741 4.8324e-02
3858.3313 5.2879e-02
3859.4883 3.8626e-02
3860.6465 3.4234e-02
3861.8047 4.2516e-02
3862.9631 3.9395e-02
3864.1221 4.0047e-02
3865.2815 3.5728e-02
3866.4412 3.9512e-02
3867.6011 5.1776e-02
3868.7610 5.6732e-02
3869.9216 5.3342e-02
3871.0828 7.5197e-02
3872.2441 7.3632e-02
3873.4058 5.1424e-02
3874.5676 8.3590e-02
3875.7302 5.0284e-02
3876.8931 6.4690e-02
3878.0559 6.1476e-02
3879.2192 5.3295e-02
3880.3831 7.6594e-02
3881.5474 4.8835e-02
3882.7119 6.3541e-02
3883.8767 5.6384e-02
3885.0420 7.0985e-02
3886.2073 4.7219e-02
3887.3728 4.3186e-02
3888.5391 4.8707e-02
3889.7061 8.7501e-02
3890.8730 8.1257e-02
3892.0400 8.7106e-02
3893.2078 6.9739e-02
3894.3755 8.4078e-02
3895.5439 7.8231e-02
3896.7126 7.1588e-02
3897.8813 9.0464e-02
3899.0508 9.2610e-02
3900.2209 8.3289e-02
3901.3909 8.6771e-02
3902.5613 8.8508e-02
3903.7322 8.9786e-02
3904.9031 7.9388e-02
3906.0747 1.0162e-01
3907.2463 5.5923e-02
3908.4187 1.0451e-01
3909.5911 7.4855e-02
3910.7642 8.3811e-02
3911.9373 9.9787e-02
3913.1111 8.2556e-02
3914.2849 8.6437e-02
3915.4592 7.3924e-02
3916.6335 7.6290e-02
3917.8086 8.5039e-02
3918.9839 8.5491e-02
3920.1597 7.2431e-02
3921.3359 8.1898e-02
3922.5120 1.1755e-01
3923.6887 7.4179e-02
3924.8660 6.3356e-02
3926.0432 7.3923e-02
3927.2212 9.4365e-02
3928.3994 8.7836e-02
3929.5779 1.1040e-01
3930.7568 1.0018e-01
3931.9360 6.5022e-02
3933.1157 8.5847e-02
3934.2954 9.7963e-02
3935.4758 8.3724e-02
3936.6562 6.7999e-02
3937.8374 9.1090e-02
3939.0186 1.1199e-01
3940.2004 1.0480e-01
3941.3826 1.0931e-01
3942.5649 8.8099e-02
3943.7478 1.2039e-01
3944.9307 1.0315e-01
3946.1147 8.2767e-02
3947.2983 8.6169e-02
3948.4824 1.1102e-01
3949.6670 9.9836e-02
3950.8521 8.0282e-02
3952.0369 6.7893e-02
3953.2227 6.6708e-02
3954.4089 8.9542e-02
3955.5950 7.2352e-02
3956.7812 9.7971e-02
3957.9688 8.3731e-02
3959.1560 1.2573e-01
3960.3438 1.1519e-01
3961.5320 1.1225e-01
3962.7202 9.8077e-02
3963.9094 1.2982e-01
3965.0984 1.1084e-01
3966.2881 7.8167e-02
3967.4778 8.3966e-02
3968.6680 9.7674e-02
3969.8584 6.8235e-02
3971.0498 1.0682e-01
3972.2412 1.0043e-01
3973.4326 8.1051e-02
3974.6248 9.5530e-02
3975.8171 1.0143e-01
3977.0095 1.0414e-01
3978.2029 1.0830e-01
3979.3962 1.1573e-01
3980.5901 1.0018e-01
3981.7844 1.0481e-01
3982.9790 1.0765e-01
3984.1736 1.0421e-01
3985.3691 1.1353e-01
3986.5647 8.5881e-02
3987.7605 1.0995e-01
3988.9568 9.7781e-02
3990.1538 9.1043e-02
3991.3506 1.1771e-01
3992.5481 1.1541e-01
3993.7456 1.0054e-01
3994.9441 1.0764e-01
3996.1423 1.1678e-01
3997.3413 1.1676e-01
3998.5408 1.1261e-01
3999.7397 1.3584e-01
4000.9402 9.6995e-02
4002.1401 1.1390e-01
4003.3408 1.1954e-01
4004.5415 1.2180e-01
4005.7434 1.2370e-01
4006.9448 6.3637e-02
4008.1470 1.1393e-01
4009.3496 1.0746e-01
4010.5522 9.8342e-02
4011.7556 9.2997e-02
4012.9587 9.3898e-02
4014.1628 1.3917e-01
4015.3672 1.1429e-01
4016.5715 1.1679e-01
4017.7769 8.5988e-02
4018.9817 7.8875e-02
4020.1875 9.2584e-02
4021.3936 9.7268e-02
4022.6003 1.0679e-01
4023.8071 9.7007e-02
4025.0142 1.0443e-01
4026.2214 1.0272e-01
4027.4294 1.0132e-01
4028.6377 9.9449e-02
4029.8462 1.3620e-01
4031.0554 1.1011e-01
4032.2646 9.9900e-02
4033.4744 9.5813e-02
4034.6843 1.0228e-01
4035.8945 1.1429e-01
4037.1052 1.0616e-01
4038.3167 7.5435e-02
4039.5281 6.3951e-02
4040.7397 1.0374e-01
4041.9524 9.7720e-02
4043.1648 1.2065e-01
4044.3777 7.3561e-02
4045.5913 9.0077e-02
4046.8047 1.0337e-01
4048.0186 9.4767e-02
4049.2332 1.0086e-01
4050.4480 1.0212e-01
4051.6628 1.2044e-01
4052.8784 9.2319e-02
4054.0942 1.1913e-01
4055.3108 6.4876e-02
4056.5273 6.9239e-02
4057.7444 1.2959e-01
4058.9614 1.0300e-01
4060.1792 1.1277e-01
4061.3970 1.0457e-01
4062.6155 1.0904e-01
4063.8345 1.2206e-01
4065.0535 1.0934e-01
4066.2732 9.1959e-02
4067.4929 8.0114e-02
4068.7131 1.1049e-01
4069.9338 1.0021e-01
4071.1548 8.7723e-02
4072.3762 7.9540e-02
4073.5981 1.0994e-01
4074.8201 8.9277e-02
4076.0427 9.1372e-02
4077.2654 1.0281e-01
4078.4885 9.6983e-02
4079.7119 7.0571e-02
4080.9358 8.6352e-02
4082.1602 7.9666e-02
4083.3845 9.3342e-02
4084.6099 1.2816e-01
4085.8354 1.0374e-01
4087.0608 7.8108e-02
4088.2869 8.7607e-02
4089.5137 8.5035e-02
4090.7407 8.4324e-02
4091.9678 8.5396e-02
4093.1953 7.2226e-02
4094.4233 8.0268e-02
4095.6519 1.1489e-01
4096.8799 8.3943e-02
4098.1094 7.3242e-02
4099.3384 1.2942e-01
4100.5684 1.2270e-01
4101.7988 8.9833e-02
4103.0293 8.5409e-02
4104.2598 7.2274e-02
4105.4912 1.4077e-01
4106.7231 1.2456e-01
4107.9546 8.6214e-02
4109.1875 1.0525e-01
4110.4204 9.7804e-02
4111.6533 9.4911e-02
4112.8867 9.0640e-02
4114.1211 9.2658e-02
4115.3545 1.0622e-01
4116.5898 9.9760e-02
4117.8247 1.0947e-01
4119.0596 9.3169e-02
4120.2954 1.0989e-01
4121.5317 8.6509e-02
4122.7681 1.0500e-01
4124.0049 6.5184e-02
4125.2422 8.4911e-02
4126.4800 9.9293e-02
4127.7178 8.8627e-02
4128.9561 9.0836e-02
4130.1948 8.1171e-02
4131.4336 8.8124e-02
4132.6733 7.8818e-02
4133.9126 8.8415e-02
4135.1533 1.0372e-01
4136.3936 1.1183e-01
4137.6348 7.8706e-02
4138.8760 8.6393e-02
4140.1172 9.4873e-02
4141.3599 8.9937e-02
4142.6021 9.0837e-02
4143.8447 9.0517e-02
4145.0879 8.4340e-02
4146.3315 7.3385e-02
4147.5752 9.6963e-02
4148.8198 8.5006e-02
4150.0640 7.6081e-02
4151.3091 1.2000e-01
4152.5547 1.1243e-01
4153.8003 9.1787e-02
4155.0464 9.4335e-02
4156.2930 9.6944e-02
4157.5400 7.2972e-02
4158.7871 7.7303e-02
4160.0352 6.7351e-02
4161.2827 9.0516e-02
4162.5312 7.0132e-02
4163.7803 7.5490e-02
4165.0293 9.4420e-02
4166.2783 5.7185e-02
4167.5288 5.8604e-02
4168.7788 5.4636e-02
4170.0298 8.9251e-02
4171.2803 6.9438e-02
4172.5317 7.8167e-02
4173.7837 7.6774e-02
4175.0356 5.2657e-02
4176.2886 9.1102e-02
4177.5410 7.1071e-02
4178.7944 7.3670e-02
4180.0479 7.4623e-02
4181.3022 6.7309e-02
4182.5566 1.0581e-01
4183.8115 7.8182e-02
4185.0664 8.0496e-02
4186.3223 8.7285e-02
4187.5776 7.7608e-02
4188.8340 6.4127e-02
4190.0903 7.0648e-02
4191.3477 6.9350e-02
4192.6050 8.7427e-02
4193.8628 8.7796e-02
4195.1206 6.1254e-02
4196.3794 8.8891e-02
4197.6387 9.0796e-02
4198.8975 6.0461e-02
4200.1577 7.9748e-02
4201.4175 8.3657e-02
4202.6782 6.4478e-02
4203.9390 8.3212e-02
4205.2002 5.7111e-02
4206.4614 7.0238e-02
4207.7231 9.0450e-02
4208.9858 7.7223e-02
4210.2485 8.0412e-02
4211.5112 7.3052e-02
4212.7749 7.9825e-02
4214.0391 8.0157e-02
4215.3032 7.9328e-02
4216.5679 6.5838e-02
4217.8330 7.2308e-02
4219.0981 6.2421e-02
4220.3638 7.5471e-02
4221.6299 8.2549e-02
4222.8965 5.3644e-02
4224.1636 8.3406e-02
4225.4302 8.4188e-02
4226.6978 8.4434e-02
4227.9658 6.9358e-02
4229.2349 6.2681e-02
4230.5034 7.2024e-02
4231.7725 7.9245e-02
4233.0415 8.8155e-02
4234.3115 6.3680e-02
4235.5825 1.0302e-01
4236.8525 7.4011e-02
4238.1235 6.4601e-02
4239.3955 5.4589e-02
4240.6670 9.0839e-02
4241.9390 8.9592e-02
4243.2119 7.9699e-02
4244.4844 7.9303e-02
4245.7583 8.8198e-02
4247.0317 8.0157e-02
4248.3062 7.2438e-02
4249.5806 5.5212e-02
4250.8555 7.6552e-02
4252.1309 8.1049e-02
4253.4062 7.0667e-02
4254.6821 9.9648e-02
4255.9590 7.7268e-02
4257.2358 4.5557e-02
4258.5127 8.4402e-02
4259.7900 7.2656e-02
4261.0679 8.2725e-02
4262.3462 6.4991e-02
4263.6250 6.5982e-02
4264.9043 6.8264e-02
4266.1841 7.6532e-02
4267.4639 8.0645e-02
4268.7432 2.9660e-02
4270.0244 5.7567e-02
4271.3052 2.9565e-02
4272.5869 6.2841e-02
4273.8682 7.6234e-02
4275.1509 6.8155e-02
4276.4336 6.2737e-02
4277.7163 5.3804e-02
4278.9995 8.0510e-02
4280.2837 7.4453e-02
4281.5674 6.3229e-02
4282.8521 6.0774e-02
4284.1367 5.4333e-02
4285.4219 7.0768e-02
4286.7075 6.7952e-02
4287.9937 6.2059e-02
4289.2798 4.3559e-02
4290.5669 7.5113e-02
4291.8540 7.6345e-02
4293.1416 5.6160e-02
4294.4292 7.0929e-02
4295.7183 6.1049e-02
4297.0063 5.6036e-02
4298.2954 6.1496e-02
4299.5854 6.5073e-02
4300.8750 8.0418e-02
4302.1650 3.8257e-02
4303.4561 6.0675e-02
4304.7471 6.7730e-02
4306.0381 6.1831e-02
4307.3301 5.4873e-02
4308.6221 6.6747e-02
4309.9150 6.9427e-02
4311.2075 4.9351e-02
4312.5015 7.5228e-02
4313.7949 4.7974e-02
4315.0889 7.4133e-02
4316.3838 7.1872e-02
4317.6787 7.5012e-02
4318.9741 5.0406e-02
4320.2700 5.9864e-02
4321.5654 5.2253e-02
4322.8623 4.5245e-02
4324.1592 4.6321e-02
4325.4565 4.3702e-02
4326.7539 6.5594e-02
4328.0518 4.7337e-02
4329.3501 6.6954e-02
4330.6494 6.8919e-02
4331.9482 7.2303e-02
4333.2480 7.3812e-02
4334.5479 7.0022e-02
4335.8477 5.6949e-02
4337.1489 6.9237e-02
4338.4502 6.4921e-02
4339.7515 5.9857e-02
4341.0537 5.1055e-02
4342.3560 4.2066e-02
4343.6582 6.2158e-02
4344.9614 8.0298e-02
4346.2646 5.8290e-02
4347.5693 6.0117e-02
4348.8735 5.8040e-02
4350.1782 7.1145e-02
4351.4829 4.8797e-02
4352.7886 7.0682e-02
4354.0938 5.1963e-02
4355.4009 7.4514e-02
4356.7070 5.6884e-02
4358.0137 5.5302e-02
4359.3218 7.1882e-02
4360.6294 5.8374e-02
4361.9375 7.0040e-02
4363.2461 4.9096e-02
4364.5552 5.4116e-02
4365.8643 9.3811e-02
4367.1743 8.6862e-02
4368.4844 5.9547e-02
4369.7954 4.6064e-02
4371.1060 7.3319e-02
4372.4170 5.2741e-02
4373.7285 4.6085e-02
4375.0415 7.2715e-02
4376.3540 8.1371e-02
4377.6665 5.3048e-02
4378.9800 4.4271e-02
4380.2935 6.7204e-02
4381.6074 5.4591e-02
4382.9219 6.6224e-02
4384.2363 6.2951e-02
4385.5522 7.2167e-02
4386.8677 8.5325e-02
4388.1841 6.1422e-02
4389.5010 6.2942e-02
4390.8169 5.4685e-02
4392.1343 6.3228e-02
4393.4521 4.7696e-02
4394.7700 7.0049e-02
4396.0884 6.6996e-02
4397.4077 6.1113e-02
4398.7266 5.6765e-02
4400.0464 6.4929e-02
4401.3667 5.5294e-02
4402.6870 6.9054e-02
4404.0073 5.9193e-02
4405.3291 5.3601e-02
4406.6504 6.9975e-02
4407.9722 8.1125e-02
4409.2944 7.3529e-02
4410.6172 7.1198e-02
4411.9404 6.7027e-02
4413.2642 7.5231e-02
4414.5879 5.5859e-02
4415.9126 6.9776e-02
4417.2373 5.1783e-02
4418.5625 8.0265e-02
4419.8882 6.9572e-02
4421.2139 7.9043e-02
4422.5405 7.2658e-02
4423.8672 6.0762e-02
4425.1938 6.0720e-02
4426.5220 5.9853e-02
4427.8496 7.1734e-02
4429.1787 4.7599e-02
4430.5063 7.7553e-02
4431.8364 8.3495e-02
4433.1655 5.9229e-02
4434.4956 7.7623e-02
4435.8262 7.4887e-02
4437.1567 7.0576e-02
4438.4878 7.3231e-02
4439.8193 5.6518e-02
4441.1514 5.3999e-02
4442.4834 6.5519e-02
4443.8164 5.5615e-02
4445.1494 6.2301e-02
4446.4829 5.9878e-02
4447.8169 6.0691e-02
4449.1514 8.4151e-02
4450.4863 8.5281e-02
4451.8213 8.1329e-02
4453.1567 6.0333e-02
4454.4927 8.9014e-02
4455.8291 5.8185e-02
4457.1660 7.6771e-02
4458.5029 5.8246e-02
4459.8403 8.0655e-02
4461.1787 8.3487e-02
4462.5171 6.0312e-02
4463.8555 5.5726e-02
4465.1948 8.4251e-02
4466.5347 9.1268e-02
4467.8740 4.7251e-02
4469.2144 5.6808e-02
4470.5552 6.8997e-02
4471.8970 8.8111e-02
4473.2383 9.8383e-02
4474.5806 5.8088e-02
4475.9229 8.1782e-02
4477.2651 7.6012e-02
4478.6084 8.0581e-02
4479.9521 9.7780e-02
4481.2959 6.5094e-02
4482.6406 7.4921e-02
4483.9854 6.9998e-02
4485.3306 8.4915e-02
4486.6763 9.4345e-02
4488.0220 7.2888e-02
4489.3682 5.7898e-02
4490.7153 8.5641e-02
4492.0620 8.6125e-02
4493.4102 9.2568e-02
4494.7578 8.5282e-02
4496.1069 7.7332e-02
4497.4556 8.2234e-02
4498.8047 7.2532e-02
4500.1543 1.0393e-01
4501.5044 8.9966e-02
4502.8550 7.9737e-02
4504.2056 8.1445e-02
4505.5566 6.4670e-02
4506.9082 1.0226e-01
4508.2607 7.3301e-02
4509.6133 7.5280e-02
4510.9658 6.7683e-02
4512.3193 1.1471e-01
4513.6729 6.5369e-02
4515.0273 8.4847e-02
4516.3818 1.0157e-01
4517.7363 7.5650e-02
4519.0918 8.3892e-02
4520.4473 5.8472e-02
4521.8037 7.6462e-02
4523.1606 8.7602e-02
4524.5171 7.1563e-02
4525.8750 1.0032e-01
4527.2324 9.8791e-02
4528.5903 7.8464e-02
4529.9492 6.1364e-02
4531.3081 6.1765e-02
4532.6675 8.5934e-02
4534.0269 8.1236e-02
4535.3872 6.1738e-02
4536.7480 1.1141e-01
4538.1094 8.5695e-02
4539.4702 8.4273e-02
4540.8320 9.2011e-02
4542.1943 8.7258e-02
4543.5576 7.0140e-02
4544.9199 1.0428e-01
4546.2842 1.0260e-01
4547.6475 6.5182e-02
4549.0117 7.8023e-02
4550.3770 7.3329e-02
4551.7417 1.2189e-01
4553.1074 9.0793e-02
4554.4731 9.3850e-02
4555.8398 7.5141e-02
4557.2061 9.8283e-02
4558.5732 6.6675e-02
4559.9414 8.6636e-02
4561.3086 7.7528e-02
4562.6772 7.8369e-02
4564.0459 9.7839e-02
4565.4150 6.8985e-02
4566.7852 9.1693e-02
4568.1553 7.7015e-02
4569.5249 1.0813e-01
4570.8965 5.4232e-02
4572.2676 8.3900e-02
4573.6392 7.7479e-02
4575.0117 7.6663e-02
4576.3838 8.8153e-02
4577.7568 8.5758e-02
4579.1304 8.4052e-02
4580.5039 7.4749e-02
4581.8784 8.6260e-02
4583.2524 1.0523e-01
4584.6274 5.3724e-02
4586.0029 6.0679e-02
4587.3789 8.5464e-02
4588.7549 1.0584e-01
4590.1318 9.3476e-02
4591.5083 8.0011e-02
4592.8857 8.2522e-02
4594.2642 7.4660e-02
4595.6426 8.2757e-02
4597.0210 6.1139e-02
4598.3999 7.4080e-02
4599.7798 9.1043e-02
4601.1597 8.7917e-02
4602.5396 1.0031e-01
4603.9204 8.0214e-02
4605.3022 8.7201e-02
4606.6836 6.0923e-02
4608.0649 8.8392e-02
4609.4478 7.4091e-02
4610.8306 7.7901e-02
4612.2144 1.2157e-01
4613.5977 8.3358e-02
4614.9819 1.0243e-01
4616.3662 9.0191e-02
4617.7515 7.5806e-02
4619.1362 9.2111e-02
4620.5225 8.4805e-02
4621.9082 6.7097e-02
4623.2949 9.2418e-02
4624.6816 9.6293e-02
4626.0693 1.0105e-01
4627.4570 8.0122e-02
4628.8457 1.1220e-01
4630.2334 8.2972e-02
4631.6230 7.1699e-02
4633.0127 7.3234e-02
4634.4028 6.1319e-02
4635.7935 8.7626e-02
4637.1831 1.0498e-01
4638.5742 9.4169e-02
4639.9658 9.0380e-02
4641.3579 6.7841e-02
4642.7505 7.2906e-02
4644.1436 7.5639e-02
4645.5371 7.3413e-02
4646.9307 8.8413e-02
4648.3247 7.4764e-02
4649.7188 7.2430e-02
4651.1138 9.6115e-02
4652.5093 9.1149e-02
4653.9048 5.4625e-02
4655.3018 9.2162e-02
4656.6978 9.4634e-02
4658.0947 6.7016e-02
4659.4922 6.9604e-02
4660.8896 9.3572e-02
4662.2886 9.7262e-02
4663.6865 7.3835e-02
4665.0859 6.7327e-02
4666.4854 7.2603e-02
4667.8853 7.6520e-02
4669.2861 7.2554e-02
4670.6870 9.4186e-02
4672.0874 6.9406e-02
4673.4897 7.1682e-02
4674.8916 8.0666e-02
4676.2944 7.3359e-02
4677.6968 8.1145e-02
4679.1006 9.1442e-02
4680.5039 6.9686e-02
4681.9082 7.8745e-02
4683.3125 6.9424e-02
4684.7173 8.5097e-02
4686.1230 7.0600e-02
4687.5288 7.8995e-02
4688.9351 6.3929e-02
4690.3423 7.2751e-02
4691.7490 9.3508e-02
4693.1562 8.9271e-02
4694.5645 9.9823e-02
4695.9731 9.8610e-02
4697.3818 5.8750e-02
4698.7910 7.3672e-02
4700.2002 8.0481e-02
4701.6104 8.9528e-02
4703.0205 7.1455e-02
4704.4316 7.9946e-02
4705.8433 8.3950e-02
4707.2549 9.0581e-02
4708.6670 9.0941e-02
4710.0796 8.4153e-02
4711.4927 6.1890e-02
4712.9058 7.8596e-02
4714.3203 7.5657e-02
4715.7344 6.7430e-02
4717.1494 7.8279e-02
4718.5645 9.9175e-02
4719.9800 9.2128e-02
4721.3955 7.7111e-02
4722.8120 5.8715e-02
4724.2290 8.5244e-02
4725.6460 1.0633e-01
4727.0645 9.1789e-02
4728.4824 4.9740e-02
4729.9004 7.8972e-02
4731.3198 7.0529e-02
4732.7388 7.0334e-02
4734.1587 7.2649e-02
4735.5791 8.0455e-02
4737.0000 6.3680e-02
4738.4209 1.0102e-01
4739.8428 8.3193e-02
4741.2646 7.7771e-02
4742.6870 8.5050e-02
4744.1094 6.7580e-02
4745.5327 1.0146e-01
4746.9565 7.0088e-02
4748.3804 5.9827e-02
4749.8052 7.8310e-02
4751.2300 7.4156e-02
4752.6548 8.3780e-02
4754.0811 6.9245e-02
4755.5078 7.0092e-02
4756.9341 7.7856e-02
4758.3608 6.1139e-02
4759.7886 6.7910e-02
4761.2168 5.1099e-02
4762.6445 7.1422e-02
4764.0737 5.7138e-02
4765.5029 7.1091e-02
4766.9326 6.3321e-02
4768.3628 6.8570e-02
4769.7930 6.0831e-02
4771.2236 7.4011e-02
4772.6553 6.7360e-02
4774.0869 6.5339e-02
4775.5190 8.4623e-02
4776.9521 7.2888e-02
4778.3853 5.2692e-02
4779.8184 8.0626e-02
4781.2524 8.2554e-02
4782.6870 6.5324e-02
4784.1226 7.7980e-02
4785.5571 6.1829e-02
4786.9927 7.4691e-02
4788.4292 5.5616e-02
4789.8652 9.1279e-02
4791.3022 7.0691e-02
4792.7397 8.2161e-02
4794.1777 5.7856e-02
4795.6152 6.6944e-02
4797.0542 6.7565e-02
4798.4937 7.6520e-02
4799.9331 6.8254e-02
4801.3735 5.7366e-02
4802.8140 6.0394e-02
4804.2544 7.9145e-02
4805.6958 6.9959e-02
4807.1377 7.3178e-02
4808.5796 6.2189e-02
4810.0220 7.0020e-02
4811.4653 7.1693e-02
4812.9087 4.6662e-02
4814.3525 6.5608e-02
4815.7969 5.9140e-02
4817.2417 5.4675e-02
4818.6865 5.9753e-02
4820.1328 8.5546e-02
4821.5786 7.2575e-02
4823.0249 7.3014e-02
4824.4717 5.8323e-02
4825.9189 6.0068e-02
4827.3667 6.2390e-02
4828.8149 7.7424e-02
4830.2637 5.6562e-02
4831.7124 9.1392e-02
4833.1621 6.7357e-02
4834.6118 7.9901e-02
4836.0620 6.2072e-02
4837.5137 7.4951e-02
4838.9644 5.1874e-02
4840.4165 6.2536e-02
4841.8687 5.3856e-02
4843.3208 6.3121e-02
4844.7739 6.5560e-02
4846.2275 6.5938e-02
4847.6812 4.7409e-02
4849.1357 6.2410e-02
4850.5903 7.2205e-02
4852.0454 5.4047e-02
4853.5015 7.2664e-02
4854.9575 7.0855e-02
4856.4136 6.4013e-02
4857.8706 3.7086e-02
4859.3281 6.8960e-02
4860.7861 6.8154e-02
4862.2437 5.6340e-02
4863.7026 7.7302e-02
4865.1621 4.7153e-02
4866.6211 6.3904e-02
4868.0815 6.2261e-02
4869.5420 6.1984e-02
4871.0024 7.2064e-02
4872.4639 6.0367e-02
4873.9263 5.9823e-02
4875.3877 4.8897e-02
4876.8506 5.6526e-02
4878.3135 6.2480e-02
4879.7773 6.5442e-02
4881.2412 5.5365e-02
4882.7051 6.5392e-02
4884.1704 6.7450e-02
4885.6357 6.6203e-02
4887.1011 5.9019e-02
4888.5674 8.7196e-02
4890.0337 7.4912e-02
4891.5010 4.4128e-02
4892.9683 5.5517e-02
4894.4360 7.4019e-02
4895.9043 6.3899e-02
4897.3730 5.7445e-02
4898.8423 7.3649e-02
4900.3120 6.4836e-02
4901.7827 7.7885e-02
4903.2529 7.1277e-02
4904.7231 6.8026e-02
4906.1953 9.7618e-02
4907.6675 7.2206e-02
4909.1392 8.1071e-02
4910.6123 9.8201e-02
4912.0854 6.9272e-02
4913.5586 5.2116e-02
4915.0332 8.4208e-02
4916.5073 5.3519e-02
4917.9819 6.7111e-02
4919.4575 7.7828e-02
4920.9331 5.3349e-02
4922.4097 3.9893e-02
4923.8872 5.7698e-02
4925.3638 5.9219e-02
4926.8418 5.3337e-02
4928.3188 5.5338e-02
4929.7979 7.9643e-02
4931.2769 4.9807e-02
4932.7563 6.2789e-02
4934.2358 6.5165e-02
4935.7168 5.7199e-02
4937.1963 6.8502e-02
4938.6782 5.9294e-02
4940.1597 5.1231e-02
4941.6416 6.7091e-02
4943.1250 6.1843e-02
4944.6069 6.8965e-02
4946.0908 7.6633e-02
4947.5752 6.5492e-02
4949.0586 5.4423e-02
4950.5435 6.0539e-02
4952.0278 6.0429e-02
4953.5142 5.1404e-02
4955.0010 6.4468e-02
4956.4873 6.3808e-02
4957.9741 4.3860e-02
4959.4614 4.6882e-02
4960.9492 6.2613e-02
4962.4370 4.6629e-02
4963.9258 6.5270e-02
4965.4150 4.2427e-02
4966.9048 5.5525e-02
4968.3945 5.0244e-02
4969.8853 4.1933e-02
4971.3765 3.6944e-02
4972.8677 4.3839e-02
4974.3599 5.6198e-02
4975.8521 4.1951e-02
4977.3447 3.8407e-02
4978.8379 6.2053e-02
4980.3315 6.0222e-02
4981.8257 6.0762e-02
4983.3203 3.9599e-02
4984.8159 5.2303e-02
4986.3105 7.0933e-02
4987.8066 5.1005e-02
4989.3027 4.3075e-02
4990.7998 4.4847e-02
4992.2974 4.9957e-02
4993.7939 3.7592e-02
4995.2930 3.4576e-02
4996.7915 6.5693e-02
4998.2905 6.5170e-02
4999.7896 4.4760e-02
5001.2896 6.4366e-02
5002.7900 3.6492e-02
5004.2915 3.7612e-02
5005.7925 4.2871e-02
5007.2944 5.9015e-02
5008.7964 3.4846e-02
5010.2993 3.1794e-02
5011.8022 3.4419e-02
5013.3057 4.7571e-02
5014.8101 3.1852e-02
5016.3145 5.0853e-02
5017.8184 3.2117e-02
5019.3247 3.7737e-02
5020.8301 3.8732e-02
5022.3359 2.7771e-02
5023.8428 6.1010e-02
5025.3496 2.9425e-02
5026.8579 5.4209e-02
5028.3657 2.5704e-02
5029.8740 3.7849e-02
5031.3828 3.7784e-02
5032.8926 3.8818e-02
5034.4023 3.3636e-02
5035.9131 4.2554e-02
5037.4233 4.1225e-02
5038.9346 3.4845e-02
5040.4463 2.8080e-02
5041.9585 4.3691e-02
5043.4712 3.0130e-02
5044.9839 5.4488e-02
5046.4980 3.4683e-02
5048.0112 5.9918e-02
5049.5259 3.8361e-02
5051.0415 4.6995e-02
5052.5562 3.0292e-02
5054.0723 4.8672e-02
5055.5884 4.9658e-02
5057.1045 4.4375e-02
5058.6221 5.5162e-02
5060.1401 5.2255e-02
5061.6577 3.0282e-02
5063.1763 6.8394e-02
5064.6953 6.3814e-02
5066.2144 4.2594e-02
5067.7339 5.8258e-02
5069.2549 5.5378e-02
5070.7759 3.2772e-02
5072.2969 5.1185e-02
5073.8188 3.2571e-02
5075.3403 5.0192e-02
5076.8628 3.7000e-02
5078.3867 4.6519e-02
5079.9097 3.6786e-02
5081.4336 3.7723e-02
5082.9580 4.7539e-02
5084.4829 4.7000e-02
5086.0083 5.7709e-02
5087.5342 4.6948e-02
5089.0605 4.5389e-02
5090.5874 5.7209e-02
5092.1143 5.3774e-02
5093.6421 4.0133e-02
5095.1699 4.7746e-02
5096.6987 2.7841e-02
5098.2275 5.9411e-02
5099.7573 4.4860e-02
5101.2871 2.4404e-02
5102.8179 5.5949e-02
5104.3481 4.7272e-02
5105.8799 5.8318e-02
5107.4111 4.5716e-02
5108.9438 5.9112e-02
5110.4761 4.6846e-02
5112.0093 6.1980e-02
5113.5435 7.4014e-02
5115.0771 3.9388e-02
5116.6118 4.4773e-02
5118.1470 4.6835e-02
5119.6816 5.4738e-02
5121.2183 4.8411e-02
5122.7544 6.4967e-02
5124.2910 3.4529e-02
5125.8286 4.8855e-02
5127.3667 5.0450e-02
5128.9043 6.7636e-02
5130.4429 6.2943e-02
5131.9824 5.0591e-02
5133.5220 3.6125e-02
5135.0615 5.8737e-02
5136.6021 4.7735e-02
5138.1436 5.2612e-02
5139.6846 6.1487e-02
5141.2266 5.4340e-02
5142.7690 4.8264e-02
5144.3125 5.7201e-02
5145.8550 7.0859e-02
5147.3989 4.2726e-02
5148.9429 7.7623e-02
5150.4883 6.1527e-02
5152.0332 5.5781e-02
5153.5781 4.8817e-02
5155.1245 4.7047e-02
5156.6714 5.2680e-02
5158.2178 5.6931e-02
5159.7656 4.2838e-02
5161.3130 5.2098e-02
5162.8618 4.8312e-02
5164.4106 4.0631e-02
5165.9604 6.8035e-02
5167.5098 6.1949e-02
5169.0605 5.7961e-02
5170.6108 5.3326e-02
5172.1621 7.0256e-02
5173.7139 5.6864e-02
5175.2656 5.1477e-02
5176.8188 4.2197e-02
5178.3711 4.6205e-02
5179.9253 5.8663e-02
5181.4790 6.2441e-02
5183.0337 5.3513e-02
5184.5884 4.2786e-02
5186.1436 4.0928e-02
5187.6992 4.3852e-02
5189.2559 6.1338e-02
5190.8130 6.9794e-02
5192.3696 4.6217e-02
5193.9277 5.1556e-02
5195.4858 4.6293e-02
5197.0439 4.7092e-02
5198.6035 5.9348e-02
5200.1636 5.0754e-02
5201.7231 5.9537e-02
5203.2837 5.6878e-02
5204.8447 6.2096e-02
5206.4058 6.2504e-02
5207.9683 6.1964e-02
5209.5303 4.0423e-02
5211.0933 6.9445e-02
5212.6567 4.6266e-02
5214.2202 6.2870e-02
5215.7847 4.4469e-02
5217.3496 6.1050e-02
5218.9150 4.2306e-02
5220.4800 6.9857e-02
5222.0464 5.3591e-02
5223.6128 6.2550e-02
5225.1802 4.7739e-02
5226.7480 7.0370e-02
5228.3154 5.4201e-02
5229.8843 4.7008e-02
5231.4526 5.1214e-02
5233.0225 5.2918e-02
5234.5928 5.6463e-02
5236.1626 5.2121e-02
5237.7339 5.7687e-02
5239.3052 7.6899e-02
5240.8770 6.4936e-02
5242.4492 4.2006e-02
5244.0220 4.6877e-02
5245.5947 3.5976e-02
5247.1689 4.9002e-02
5248.7422 4.4389e-02
5250.3174 5.4297e-02
5251.8921 5.7469e-02
5253.4678 3.7038e-02
5255.0439 5.2988e-02
5256.6211 5.7444e-02
5258.1978 5.1047e-02
5259.7749 4.9682e-02
5261.3530 4.5513e-02
5262.9312 7.2359e-02
5264.5098 5.1341e-02
5266.0898 4.9752e-02
5267.6694 5.2896e-02
5269.2495 6.8169e-02
5270.8311 4.2257e-02
5272.4116 5.9260e-02
5273.9941 5.1739e-02
5275.5757 5.9397e-02
5277.1587 4.1929e-02
5278.7422 7.2427e-02
5280.3252 4.4651e-02
5281.9092 6.2229e-02
5283.4937 5.0558e-02
5285.0786 6.4815e-02
5286.6641 5.8216e-02
5288.2500 6.6223e-02
5289.8369 5.1661e-02
5291.4238 5.7141e-02
5293.0117 7.2418e-02
5294.5996 7.0491e-02
5296.1870 6.6693e-02
5297.7764 5.9957e-02
5299.3662 4.5173e-02
5300.9561 5.4115e-02
5302.5459 5.6994e-02
5304.1367 6.6674e-02
5305.7280 6.5235e-02
5307.3188 4.0343e-02
5308.9116 5.0623e-02
5310.5044 6.4424e-02
5312.0977 5.8653e-02
5313.6919 4.9906e-02
5315.2856 5.6305e-02
5316.8799 5.7230e-02
5318.4751 4.4661e-02
5320.0708 4.4663e-02
5321.6665 6.0650e-02
5323.2632 7.1436e-02
5324.8604 4.7290e-02
5326.4575 3.7663e-02
5328.0557 6.1615e-02
5329.6533 4.9395e-02
5331.2534 5.7955e-02
5332.8516 5.2493e-02
5334.4517 7.1323e-02
5336.0522 5.4092e-02
5337.6533 3.8204e-02
5339.2544 5.5970e-02
5340.8560 6.6375e-02
5342.4585 5.0341e-02
5344.0605 5.2658e-02
5345.6646 3.6844e-02
5347.2681 3.1355e-02
5348.8726 4.8747e-02
5350.4771 5.1207e-02
5352.0825 5.1346e-02
5353.6875 6.2274e-02
5355.2944 7.6257e-02
5356.9009 4.0344e-02
5358.5073 6.2040e-02
5360.1152 3.1862e-02
5361.7236 4.5985e-02
5363.3315 5.1079e-02
5364.9404 5.4835e-02
5366.5503 6.6287e-02
5368.1602 5.7894e-02
5369.7705 6.9383e-02
5371.3813 4.8879e-02
5372.9932 6.2007e-02
5374.6050 5.2143e-02
5376.2173 4.7457e-02
5377.8301 6.5408e-02
5379.4434 4.0794e-02
5381.0576 5.6219e-02
5382.6714 4.8874e-02
5384.2861 4.9389e-02
5385.9014 7.4221e-02
5387.5171 7.0172e-02
5389.1343 5.0471e-02
5390.7505 6.8482e-02
5392.3677 6.2131e-02
5393.9858 5.9305e-02
5395.6035 4.8897e-02
5397.2222 3.5767e-02
5398.8413 6.0543e-02
5400.4609 3.4154e-02
5402.0811 5.4770e-02
5403.7017 3.6211e-02
5405.3228 6.0496e-02
5406.9448 4.7011e-02
5408.5659 5.9145e-02
5410.1890 6.0015e-02
5411.8115 6.1059e-02
5413.4360 5.7629e-02
5415.0596 4.2390e-02
5416.6841 3.8212e-02
5418.3096 5.7272e-02
5419.9351 5.1181e-02
5421.5605 4.5377e-02
5423.1875 3.9715e-02
5424.8145 4.0396e-02
5426.4414 4.4898e-02
5428.0693 3.8508e-02
5429.6982 5.6950e-02
5431.3271 4.9172e-02
5432.9565 5.6794e-02
5434.5859 3.9538e-02
5436.2163 4.6723e-02
5437.8472 3.9471e-02
5439.4785 5.5941e-02
5441.1104 4.7950e-02
5442.7427 4.1136e-02
5444.3760 4.8398e-02
5446.0098 4.2687e-02
5447.6431 5.7011e-02
5449.2778 3.4927e-02
5450.9121 5.0010e-02
5452.5474 4.0099e-02
5454.1826 4.4599e-02
5455.8193 2.5880e-02
5457.4565 6.4204e-02
5459.0933 4.7102e-02
5460.7310 5.0258e-02
5462.3696 6.3355e-02
5464.0073 5.5720e-02
5465.6475 4.5472e-02
5467.2871 3.8994e-02
5468.9272 5.2120e-02
5470.5674 4.3884e-02
5472.2090 4.2992e-02
5473.8506 4.8054e-02
5475.4927 4.2866e-02
5477.1353 4.7804e-02
5478.7783 5.6455e-02
5480.4224 4.8715e-02
5482.0659 4.7349e-02
5483.7104 4.8559e-02
5485.3560 3.6209e-02
5487.0010 4.9803e-02
5488.6475 5.2839e-02
5490.2944 4.5840e-02
5491.9414 4.8485e-02
5493.5889 4.6562e-02
5495.2368 5.3185e-02
5496.8857 7.7759e-02
5498.5342 5.8083e-02
5500.1841 5.0662e-02
5501.8340 4.1511e-02
5503.4849 4.2119e-02
5505.1357 5.9873e-02
5506.7871 4.5966e-02
5508.4395 3.6692e-02
5510.0923 3.5539e-02
5511.7451 7.0109e-02
5513.3984 4.0011e-02
5515.0522 3.9070e-02
5516.7070 6.2099e-02
5518.3623 4.2370e-02
5520.0176 5.3346e-02
5521.6733 3.2211e-02
5523.3301 5.9100e-02
5524.9868 5.6642e-02
5526.6450 3.7196e-02
5528.3027 4.7194e-02
5529.9609 4.7464e-02
5531.6201 3.1248e-02
5533.2793 5.2377e-02
5534.9395 5.1919e-02
5536.5996 6.1469e-02
5538.2607 4.4552e-02
5539.9229 5.5064e-02
5541.5840 4.1095e-02
5543.2466 6.4043e-02
5544.9102 4.1888e-02
5546.5728 4.3134e-02
5548.2373 4.3275e-02
5549.9019 3.9767e-02
5551.5664 3.9231e-02
5553.2324 3.1150e-02
5554.8984 4.0399e-02
5556.5645 5.8781e-02
5558.2310 5.5471e-02
5559.8989 5.3025e-02
5561.5669 5.3122e-02
5563.2354 3.2371e-02
5564.9043 4.7190e-02
5566.5732 2.9421e-02
5568.2437 5.4163e-02
5569.9150 4.0946e-02
5571.5854 4.4201e-02
5573.2568 4.7692e-02
5574.9287 2.8440e-02
5576.6011 3.2746e-02
5578.2739 6.2136e-02
5579.9482 5.8153e-02
5581.6216 3.1566e-02
5583.2959 4.0553e-02
5584.9717 4.1289e-02
5586.6470 2.8917e-02
5588.3223 3.0818e-02
5589.9990 4.1504e-02
5591.6763 3.3008e-02
5593.3535 6.3831e-02
5595.0317 6.0264e-02
5596.7104 5.3819e-02
5598.3892 6.0302e-02
5600.0688 4.4714e-02
5601.7490 4.4126e-02
5603.4292 4.1468e-02
5605.1104 5.2596e-02
5606.7915 5.6171e-02
5608.4741 4.1783e-02
5610.1562 5.4125e-02
5611.8394 4.2450e-02
5613.5234 5.4704e-02
5615.2075 4.3777e-02
5616.8916 3.5095e-02
5618.5767 2.3181e-02
5620.2627 5.1430e-02
5621.9482 4.0032e-02
5623.6348 3.9905e-02
5625.3218 4.8592e-02
5627.0098 4.6113e-02
5628.6982 4.9039e-02
5630.3867 3.7762e-02
5632.0757 3.5151e-02
5633.7651 3.3923e-02
5635.4551 4.8777e-02
5637.1460 4.8067e-02
5638.8369 3.4954e-02
5640.5283 3.5510e-02
5642.2207 5.7044e-02
5643.9141 5.5857e-02
5645.6069 2.9453e-02
5647.3003 5.1228e-02
5648.9946 6.0767e-02
5650.6895 4.5656e-02
5652.3848 4.8731e-02
5654.0801 4.7763e-02
5655.7759 3.4058e-02
5657.4736 4.5777e-02
5659.1709 3.6746e-02
5660.8682 4.8890e-02
5662.5664 4.7782e-02
5664.2651 5.0541e-02
5665.9644 3.5738e-02
5667.6641 3.7745e-02
5669.3647 3.4391e-02
5671.0649 4.9672e-02
5672.7666 4.6477e-02
5674.4688 3.5591e-02
5676.1709 5.1848e-02
5677.8740 3.5628e-02
5679.5771 4.6715e-02
5681.2812 4.0821e-02
5682.9858 4.7627e-02
5684.6899 5.9110e-02
5686.3950 3.6826e-02
5688.1021 4.9988e-02
5689.8076 4.4174e-02
5691.5146 3.5541e-02
5693.2222 5.8061e-02
5694.9302 4.2454e-02
5696.6382 4.9426e-02
5698.3477 5.6268e-02
5700.0571 4.0868e-02
5701.7671 5.8166e-02
5703.4775 4.3512e-02
5705.1885 5.7068e-02
5706.9004 4.1857e-02
5708.6123 3.4870e-02
5710.3252 5.3897e-02
5712.0381 4.5012e-02
5713.7524 3.5605e-02
5715.4663 2.9307e-02
5717.1812 3.0396e-02
5718.8955 5.1399e-02
5720.6118 2.8506e-02
5722.3271 6.0394e-02
5724.0444 3.0972e-02
5725.7617 3.3751e-02
5727.4795 4.6026e-02
5729.1973 2.8672e-02
5730.9165 4.2604e-02
5732.6353 4.7277e-02
5734.3550 4.4665e-02
5736.0757 3.1034e-02
5737.7969 5.3910e-02
5739.5176 4.6622e-02
5741.2397 3.7450e-02
5742.9624 4.6837e-02
5744.6851 3.2487e-02
5746.4082 4.4548e-02
5748.1323 3.6686e-02
5749.8569 4.9076e-02
5751.5815 2.8980e-02
5753.3076 4.1343e-02
5755.0332 3.4916e-02
5756.7593 4.9368e-02
5758.4863 4.8017e-02
5760.2144 3.0013e-02
5761.9424 3.6908e-02
5763.6709 4.6830e-02
5765.3999 4.5973e-02
5767.1294 3.0515e-02
5768.8594 4.4489e-02
5770.5908 4.2767e-02
5772.3213 4.8783e-02
5774.0527 4.3639e-02
5775.7856 2.7181e-02
5777.5181 5.0675e-02
5779.2515 2.3585e-02
5780.9844 4.8579e-02
5782.7192 4.6015e-02
5784.4546 4.9909e-02
5786.1899 4.8138e-02
5787.9253 4.1903e-02
5789.6626 2.9526e-02
5791.3984 3.7843e-02
5793.1362 5.5692e-02
5794.8745 3.3129e-02
5796.6123 4.5754e-02
5798.3516 3.2846e-02
5800.0913 5.0376e-02
5801.8306 4.0134e-02
5803.5713 4.3472e-02
5805.3125 5.1100e-02
5807.0537 5.2145e-02
5808.7964 5.8330e-02
5810.5391 4.5493e-02
5812.2822 5.4912e-02
5814.0259 3.9682e-02
5815.7700 3.8528e-02
5817.5151 3.5290e-02
5819.2598 4.3600e-02
5821.0059 2.4409e-02
5822.7524 3.6682e-02
5824.4990 3.5651e-02
5826.2461 4.5094e-02
5827.9937 3.5467e-02
5829.7427 4.3076e-02
5831.4912 5.8037e-02
5833.2407 3.9563e-02
5834.9912 4.3964e-02
5836.7417 4.4407e-02
5838.4922 5.2474e-02
5840.2446 5.6892e-02
5841.9961 4.2656e-02
5843.7490 3.3128e-02
5845.5020 4.4963e-02
5847.2559 2.6637e-02
5849.0103 3.3321e-02
5850.7642 4.5855e-02
5852.5195 4.1689e-02
5854.2754 2.8714e-02
5856.0317 3.3834e-02
5857.7881 5.3091e-02
5859.5454 3.8763e-02
5861.3032 4.4965e-02
5863.0625 3.4429e-02
5864.8208 4.6119e-02
5866.5806 4.5525e-02
5868.3403 4.2781e-02
5870.1006 4.3595e-02
5871.8618 4.5038e-02
5873.6230 4.2536e-02
5875.3857 4.3290e-02
5877.1479 4.0843e-02
5878.9111 4.4241e-02
5880.6748 3.6871e-02
5882.4390 4.4107e-02
5884.2036 4.6272e-02
5885.9692 5.2571e-02
5887.7349 2.7038e-02
5889.5010 4.3882e-02
5891.2676 3.2635e-02
5893.0356 3.4270e-02
5894.8032 4.6836e-02
5896.5718 4.3658e-02
5898.3408 3.6746e-02
5900.1108 5.5349e-02
5901.8804 3.5357e-02
5903.6509 4.2178e-02
5905.4219 2.6605e-02
5907.1938 5.1077e-02
5908.9663 3.9145e-02
5910.7383 3.9605e-02
5912.5112 4.4170e-02
5914.2856 4.0365e-02
5916.0601 3.3561e-02
5917.8345 3.1572e-02
5919.6099 3.8506e-02
5921.3857 4.1387e-02
5923.1621 4.1906e-02
5924.9395 3.0574e-02
5926.7163 3.2922e-02
5928.4946 3.5369e-02
5930.2729 3.4333e-02
5932.0522 5.0549e-02
5933.8315 5.1237e-02
5935.6123 4.9414e-02
5937.3926 4.0487e-02
5939.1738 3.8464e-02
5940.9556 4.9348e-02
5942.7383 6.0493e-02
5944.5210 3.0511e-02
5946.3042 4.3497e-02
5948.0879 4.7617e-02
5949.8726 3.9980e-02
5951.6572 3.4087e-02
5953.4434 3.9039e-02
5955.2290 3.4456e-02
5957.0151 4.0183e-02
5958.8022 3.3460e-02
5960.5903 2.6318e-02
5962.3789 3.9441e-02
5964.1670 5.1210e-02
5965.9561 4.2271e-02
5967.7466 2.5874e-02
5969.5366 4.8618e-02
5971.3276 3.1608e-02
5973.1187 4.9521e-02
5974.9106 5.6487e-02
5976.7031 3.3147e-02
5978.4961 4.7290e-02
5980.2900 3.9220e-02
5982.0845 3.5825e-02
5983.8789 2.6328e-02
5985.6729 3.6993e-02
5987.4692 3.0538e-02
5989.2651 3.6583e-02
5991.0620 3.2100e-02
5992.8589 4.0001e-02
5994.6572 2.3147e-02
5996.4556 3.9808e-02
5998.2549 3.4909e-02
6000.0547 2.4238e-02
6001.8545 3.7596e-02
6003.6548 3.8574e-02
6005.4561 4.4705e-02
6007.2578 4.4065e-02
6009.0596 4.4187e-02
6010.8623 4.2165e-02
6012.6660 3.2985e-02
6014.4697 3.5408e-02
6016.2739 2.3615e-02
6018.0786 3.1818e-02
6019.8843 3.0748e-02
6021.6909 2.9285e-02
6023.4966 3.8040e-02
6025.3037 3.4793e-02
6027.1108 3.4866e-02
6028.9199 3.8913e-02
6030.7285 3.7917e-02
6032.5366 4.6650e-02
6034.3472 3.1831e-02
6036.1577 5.8289e-02
6037.9683 3.2080e-02
6039.7793 3.9549e-02
6041.5918 2.5692e-02
6043.4038 3.4247e-02
6045.2173 3.9799e-02
6047.0312 3.4817e-02
6048.8447 3.3500e-02
6050.6592 3.1376e-02
6052.4751 5.9518e-02
6054.2905 4.2152e-02
6056.1069 3.0339e-02
6057.9233 3.8468e-02
6059.7407 3.4474e-02
6061.5586 3.5561e-02
6063.3770 3.4984e-02
6065.1968 3.8857e-02
6067.0161 4.0381e-02
6068.8359 2.8174e-02
6070.6567 3.9277e-02
6072.4785 4.0875e-02
6074.2998 3.5284e-02
6076.1221 3.8045e-02
6077.9448 2.9807e-02
6079.7681 3.1095e-02
6081.5918 5.3948e-02
6083.4160 4.2212e-02
6085.2417 3.4126e-02
6087.0664 3.9192e-02
6088.8936 4.3464e-02
6090.7197 4.3050e-02
6092.5469 3.3424e-02
6094.3745 3.1618e-02
6096.2031 4.2865e-02
6098.0327 2.8463e-02
6099.8613 2.6311e-02
6101.6914 3.4679e-02
6103.5220 5.5736e-02
6105.3530 4.7386e-02
6107.1846 3.9282e-02
6109.0171 3.3043e-02
6110.8496 3.9245e-02
6112.6831 3.7724e-02
6114.5166 2.7815e-02
6116.3511 2.2431e-02
6118.1855 4.3430e-02
6120.0210 3.3203e-02
6121.8574 2.5374e-02
6123.6938 3.9182e-02
6125.5308 2.7944e-02
6127.3687 3.2632e-02
6129.2065 3.9978e-02
6131.0454 2.8957e-02
6132.8843 3.4560e-02
6134.7246 2.8747e-02
6136.5649 3.6420e-02
6138.4062 3.9339e-02
6140.2476 2.7421e-02
6142.0894 1.6193e-02
6143.9316 4.7098e-02
6145.7759 2.3391e-02
6147.6191 3.4023e-02
6149.4634 3.3591e-02
6151.3081 3.0732e-02
6153.1538 3.3278e-02
6155.0000 3.2862e-02
6156.8462 3.2020e-02
6158.6934 3.5680e-02
6160.5410 3.6562e-02
6162.3892 5.2762e-02
6164.2373 3.3398e-02
6166.0869 3.0396e-02
6167.9370 3.0014e-02
6169.7871 2.8316e-02
6171.6387 3.6941e-02
6173.4897 3.5286e-02
6175.3413 4.0550e-02
6177.1938 3.5437e-02
6179.0474 3.8905e-02
6180.9009 4.2806e-02
6182.7549 2.7928e-02
6184.6104 4.2350e-02
6186.4653 2.9510e-02
6188.3213 3.3031e-02
6190.1782 5.8337e-02
6192.0356 3.4114e-02
6193.8931 2.6116e-02
6195.7505 4.4025e-02
6197.6099 3.2263e-02
6199.4688 2.5685e-02
6201.3281 3.9163e-02
6203.1895 2.5792e-02
6205.0498 2.0656e-02
6206.9121 2.9309e-02
6208.7739 3.0752e-02
6210.6367 4.4714e-02
6212.4995 2.1327e-02
6214.3633 4.2484e-02
6216.2275 2.7598e-02
6218.0923 4.7383e-02
6219.9575 2.5779e-02
6221.8237 2.6000e-02
6223.6904 2.8216e-02
6225.5576 2.7942e-02
6227.4258 2.1270e-02
6229.2935 4.2514e-02
6231.1621 2.9839e-02
6233.0317 3.9923e-02
6234.9019 3.7798e-02
6236.7720 4.3743e-02
6238.6431 3.2809e-02
6240.5146 2.1146e-02
6242.3867 2.3073e-02
6244.2598 2.9009e-02
6246.1323 3.8138e-02
6248.0063 4.5222e-02
6249.8813 2.9137e-02
6251.7559 3.6566e-02
6253.6313 3.0169e-02
6255.5073 4.4965e-02
6257.3843 2.7854e-02
6259.2617 4.9200e-02
6261.1392 2.3493e-02
6263.0176 4.5691e-02
6264.8970 2.9517e-02
6266.7759 3.8706e-02
6268.6562 2.4455e-02
6270.5361 4.8470e-02
6272.4180 1.2900e-02
6274.2993 2.2393e-02
6276.1816 2.8674e-02
6278.0645 2.0391e-02
6279.9478 2.8267e-02
6281.8320 2.9977e-02
6283.7168 2.6962e-02
6285.6021 3.3373e-02
6287.4868 3.4965e-02
6289.3740 4.4227e-02
6291.2603 2.9418e-02
6293.1475 3.3789e-02
6295.0352 2.8419e-02
6296.9238 2.7771e-02
6298.8130 4.0653e-02
6300.7026 2.2704e-02
6302.5933 3.6098e-02
6304.4839 3.1499e-02
6306.3755 2.7827e-02
6308.2676 3.2834e-02
6310.1597 4.3931e-02
6312.0527 3.4297e-02
6313.9468 2.7388e-02
6315.8398 2.8719e-02
6317.7349 3.7308e-02
6319.6304 4.1241e-02
6321.5269 4.3342e-02
6323.4233 2.5147e-02
6325.3198 2.5124e-02
6327.2178 1.6620e-02
6329.1157 1.4847e-02
6331.0146 3.1437e-02
6332.9131 1.9465e-02
6334.8140 3.1000e-02
6336.7139 3.8046e-02
6338.6147 2.9017e-02
6340.5166 2.7222e-02
6342.4189 2.5606e-02
6344.3213 2.6573e-02
6346.2246 2.8199e-02
6348.1284 2.7088e-02
6350.0332 2.8133e-02
6351.9380 1.2936e-02
6353.8442 2.3357e-02
6355.7500 2.9632e-02
6357.6572 2.5236e-02
6359.5645 3.7556e-02
6361.4717 2.5483e-02
6363.3804 2.8140e-02
6365.2891 3.1407e-02
6367.1987 2.4581e-02
6369.1089 2.4071e-02
6371.0200 3.3751e-02
6372.9312 3.1551e-02
6374.8428 2.1284e-02
6376.7549 2.8385e-02
6378.6685 3.7481e-02
6380.5820 3.5077e-02
6382.4966 3.7980e-02
6384.4111 2.7111e-02
6386.3257 2.8000e-02
6388.2422 3.2809e-02
6390.1587 3.6972e-02
6392.0752 2.6567e-02
6393.9932 3.6153e-02
6395.9116 2.6459e-02
6397.8301 3.5906e-02
6399.7490 2.8963e-02
6401.6694 1.4858e-02
6403.5898 3.6209e-02
6405.5112 2.6502e-02
6407.4331 3.1410e-02
6409.3545 2.6428e-02
6411.2778 3.0372e-02
6413.2012 2.6388e-02
6415.1250 2.6404e-02
6417.0493 1.9622e-02
6418.9741 2.1505e-02
6420.9004 2.9551e-02
6422.8262 3.7795e-02
6424.7534 1.6047e-02
6426.6812 1.8528e-02
6428.6094 3.1434e-02
6430.5381 2.7129e-02
6432.4668 3.9978e-02
6434.3960 1.6986e-02
6436.3267 3.1928e-02
6438.2578 2.2289e-02
6440.1895 2.5799e-02
6442.1216 3.6079e-02
6444.0537 2.3922e-02
6445.9868 2.5343e-02
6447.9209 1.7220e-02
6449.8550 3.1629e-02
6451.7905 3.3387e-02
6453.7256 3.5082e-02
6455.6621 1.8898e-02
6457.5986 1.4480e-02
6459.5356 1.3853e-02
6461.4741 2.9410e-02
6463.4121 3.3216e-02
6465.3506 2.5654e-02
6467.2905 2.5224e-02
6469.2310 2.2613e-02
6471.1719 2.0101e-02
6473.1128 3.6646e-02
6475.0552 3.5992e-02
6476.9976 3.0513e-02
6478.9409 3.3809e-02
6480.8848 3.1633e-02
6482.8286 2.4644e-02
6484.7739 1.9114e-02
6486.7192 1.7703e-02
6488.6650 2.4151e-02
6490.6113 2.7902e-02
6492.5581 2.3908e-02
6494.5063 1.8307e-02
6496.4546 2.6580e-02
6498.4038 2.4628e-02
6500.3535 3.2167e-02
6502.3032 2.0981e-02
6504.2539 2.8995e-02
6506.2056 2.4896e-02
6508.1572 3.9792e-02
6510.1099 2.2784e-02
6512.0625 3.4152e-02
6514.0166 2.5297e-02
6515.9702 2.0415e-02
6517.9258 2.4503e-02
6519.8809 2.3703e-02
6521.8364 2.2297e-02
6523.7930 3.6601e-02
6525.7505 3.0023e-02
6527.7075 2.1341e-02
6529.6665 2.1963e-02
6531.6255 8.0490e-03
6533.5845 2.5425e-02
6535.5449 2.5289e-02
6537.5054 2.0241e-02
6539.4668 2.0103e-02
6541.4282 2.9058e-02
6543.3911 2.6500e-02
6545.3545 1.8540e-02
6547.3179 2.6671e-02
6549.2817 2.2825e-02
6551.2466 3.1730e-02
6553.2124 2.4849e-02
6555.1777 3.6091e-02
6557.1445 3.2440e-02
6559.1113 2.4340e-02
6561.0796 1.8617e-02
6563.0479 2.6215e-02
6565.0166 2.0751e-02
6566.9863 2.7838e-02
6568.9561 3.5052e-02
6570.9268 2.6735e-02
6572.8979 2.0438e-02
6574.8701 3.2016e-02
6576.8423 3.5376e-02
6578.8154 2.5135e-02
6580.7896 2.5243e-02
6582.7632 1.7201e-02
6584.7383 2.6175e-02
6586.7139 3.3178e-02
6588.6895 2.7855e-02
6590.6660 3.1928e-02
6592.6431 1.8149e-02
6594.6211 2.8204e-02
6596.5996 2.8510e-02
6598.5791 3.2810e-02
6600.5581 3.1472e-02
6602.5386 3.3343e-02
6604.5190 3.9245e-02
6606.5005 2.8305e-02
6608.4824 2.8788e-02
6610.4648 3.0272e-02
6612.4482 2.6630e-02
6614.4326 3.6706e-02
6616.4160 2.8114e-02
6618.4009 1.4508e-02
6620.3867 2.8526e-02
6622.3730 3.0243e-02
6624.3594 2.2529e-02
6626.3467 2.4084e-02
6628.3350 2.5114e-02
6630.3232 2.8594e-02
6632.3125 2.7784e-02
6634.3022 2.5416e-02
6636.2920 1.6939e-02
6638.2827 3.1196e-02
6640.2744 2.9672e-02
6642.2671 1.5767e-02
6644.2593 3.6702e-02
6646.2529 2.7539e-02
6648.2471 2.0212e-02
6650.2412 2.8776e-02
6652.2358 1.3656e-02
6654.2314 2.6560e-02
6656.2280 2.5706e-02
6658.2251 1.6666e-02
6660.2222 3.2215e-02
6662.2207 2.2227e-02
6664.2197 3.0361e-02
6666.2178 2.0098e-02
6668.2178 2.4310e-02
6670.2188 1.9127e-02
6672.2192 1.7089e-02
6674.2212 2.7219e-02
6676.2241 2.8752e-02
6678.2266 2.1444e-02
6680.2300 2.8855e-02
6682.2334 2.4326e-02
6684.2388 3.6457e-02
6686.2446 2.6111e-02
6688.2500 2.6279e-02
6690.2563 2.6508e-02
6692.2627 3.1746e-02
6694.2715 2.8771e-02
6696.2793 1.6673e-02
6698.2881 2.4496e-02
6700.2979 1.4402e-02
6702.3081 2.6505e-02
6704.3188 1.2632e-02
6706.3301 2.4197e-02
6708.3418 2.6174e-02
6710.3545 1.7734e-02
6712.3672 2.5646e-02
6714.3809 2.2526e-02
6716.3955 1.4870e-02
6718.4106 2.9302e-02
6720.4263 3.5957e-02
6722.4419 2.6320e-02
6724.4585 1.5682e-02
6726.4756 2.6732e-02
6728.4946 1.1879e-02
6730.5127 2.4199e-02
6732.5312 2.9823e-02
6734.5513 2.1681e-02
6736.5718 3.1109e-02
6738.5923 1.7241e-02
6740.6152 1.5670e-02
6742.6367 2.9299e-02
6744.6587 2.7007e-02
6746.6831 2.7143e-02
6748.7065 3.5999e-02
6750.7310 2.2777e-02
6752.7563 2.5913e-02
6754.7822 2.6012e-02
6756.8091 1.6133e-02
6758.8359 2.5570e-02
6760.8633 2.0059e-02
6762.8916 2.7186e-02
6764.9209 1.6210e-02
6766.9502 2.3211e-02
6768.9805 2.3294e-02
6771.0107 1.5786e-02
6773.0425 1.6601e-02
6775.0742 1.4828e-02
6777.1064 2.4123e-02
6779.1401 1.1590e-02
6781.1733 2.4095e-02
6783.2080 1.6623e-02
6785.2427 2.3521e-02
6787.2783 1.8271e-02
6789.3149 2.2943e-02
6791.3516 2.5620e-02
6793.3887 1.6535e-02
6795.4272 2.3014e-02
6797.4653 1.4797e-02
6799.5049 2.0633e-02
6801.5444 2.6693e-02
6803.5854 3.2811e-02
6805.6260 2.8253e-02
6807.6685 2.4103e-02
6809.7100 1.6500e-02
6811.7534 3.7071e-02
6813.7964 2.6843e-02
6815.8408 2.3200e-02
6817.8853 2.7981e-02
6819.9312 2.2101e-02
6821.9771 2.2192e-02
6824.0234 2.3248e-02
6826.0703 2.3880e-02
6828.1182 2.2578e-02
6830.1670 2.5612e-02
6832.2163 9.9774e-03
6834.2651 2.7496e-02
6836.3154 2.7766e-02
6838.3667 2.3098e-02
6840.4180 2.0177e-02
6842.4702 2.7237e-02
6844.5229 2.4859e-02
6846.5762 2.8294e-02
6848.6304 1.6984e-02
6850.6851 3.2145e-02
6852.7402 3.3453e-02
6854.7959 2.0842e-02
6856.8525 1.9186e-02
6858.9097 1.4741e-02
6860.9668 1.9583e-02
6863.0254 3.2057e-02
6865.0845 1.5721e-02
6867.1440 2.3406e-02
6869.2041 3.0213e-02
6871.2646 2.3401e-02
6873.3257 3.9891e-02
6875.3882 1.6231e-02
6877.4512 1.9158e-02
6879.5137 2.6332e-02
6881.5781 2.5852e-02
6883.6421 2.5057e-02
6885.7075 2.8908e-02
6887.7729 1.8813e-02
6889.8394 2.0698e-02
6891.9062 1.5995e-02
6893.9746 2.2591e-02
6896.0425 1.8756e-02
6898.1113 2.3593e-02
6900.1802 2.5566e-02
6902.2505 1.8189e-02
6904.3213 1.9936e-02
6906.3926 2.1274e-02
6908.4648 2.0670e-02
6910.5366 1.7993e-02
6912.6099 2.1894e-02
6914.6841 2.1060e-02
6916.7588 1.0552e-02
6918.8335 2.8777e-02
6920.9092 1.6245e-02
6922.9849 1.2324e-02
6925.0620 2.1147e-02
6927.1401 2.5948e-02
6929.2178 2.1717e-02
6931.2964 1.1592e-02
6933.3760 2.2849e-02
6935.4561 2.4385e-02
6937.5371 1.8457e-02
6939.6182 1.2120e-02
6941.7002 1.6744e-02
6943.7822 2.3826e-02
6945.8657 2.1524e-02
6947.9487 2.6489e-02
6950.0337 2.6728e-02
6952.1182 1.7337e-02
6954.2046 1.6898e-02
6956.2905 2.4481e-02
6958.3779 2.5155e-02
6960.4644 1.8722e-02
6962.5527 2.5092e-02
6964.6421 1.9876e-02
6966.7314 1.7324e-02
6968.8208 2.8910e-02
6970.9116 1.8918e-02
6973.0029 1.4097e-02
6975.0947 2.2226e-02
6977.1880 1.3625e-02
6979.2803 1.9014e-02
6981.3745 1.5972e-02
6983.4692 2.1137e-02
6985.5635 1.6912e-02
6987.6602 1.6044e-02
6989.7559 1.7680e-02
6991.8525 2.7575e-02
6993.9507 3.1129e-02
6996.0488 2.2991e-02
6998.1479 2.8413e-02
7000.2471 1.4946e-02
7002.3467 1.3773e-02
7004.4468 1.5871e-02
7006.5488 2.4576e-02
7008.6514 2.1920e-02
7010.7529 2.1486e-02
7012.8564 1.8973e-02
7014.9609 3.5026e-02
7017.0654 1.4512e-02
7019.1699 2.2115e-02
7021.2759 1.5672e-02
7023.3823 2.2424e-02
7025.4893 1.5829e-02
7027.5977 1.5488e-02
7029.7051 1.1992e-02
7031.8145 2.4142e-02
7033.9238 1.4733e-02
7036.0337 1.8995e-02
7038.1450 1.2803e-02
7040.2559 1.3532e-02
7042.3687 2.0641e-02
7044.4805 2.3128e-02
7046.5938 1.8260e-02
7048.7080 1.8959e-02
7050.8228 2.1565e-02
7052.9385 2.5201e-02
7055.0542 2.4305e-02
7057.1704 9.9638e-03
7059.2881 1.7076e-02
7061.4053 1.9190e-02
7063.5234 2.8416e-02
7065.6431 2.1122e-02
7067.7627 2.5908e-02
7069.8828 1.1260e-02
7072.0039 1.8591e-02
7074.1255 1.5007e-02
7076.2476 2.1286e-02
7078.3706 1.9185e-02
7080.4937 1.0959e-02
7082.6187 2.2313e-02
7084.7432 1.8237e-02
7086.8687 1.8185e-02
7088.9946 1.7715e-02
7091.1216 2.2650e-02
7093.2490 2.2827e-02
7095.3765 2.1310e-02
7097.5049 2.0804e-02
7099.6348 2.1768e-02
7101.7642 2.3666e-02
7103.8945 1.2987e-02
7106.0264 1.8259e-02
7108.1582 2.8317e-02
7110.2905 2.7289e-02
7112.4229 2.4807e-02
7114.5571 2.3176e-02
7116.6914 2.4571e-02
7118.8262 2.5260e-02
7120.9619 1.5516e-02
7123.0986 1.9620e-02
7125.2354 2.2111e-02
7127.3730 1.8347e-02
7129.5112 2.5519e-02
7131.6499 1.8257e-02
7133.7896 2.4744e-02
7135.9292 2.9398e-02
7138.0703 1.5268e-02
7140.2119 1.1693e-02
7142.3540 2.6239e-02
7144.4966 1.9492e-02
7146.6396 2.9381e-02
7148.7842 1.3656e-02
7150.9287 1.5530e-02
7153.0742 1.7537e-02
7155.2197 1.9079e-02
7157.3667 2.2294e-02
7159.5137 1.5220e-02
7161.6616 3.1827e-02
7163.8101 1.2596e-02
7165.9590 1.2104e-02
7168.1089 1.3531e-02
7170.2593 2.4613e-02
7172.4102 1.5328e-02
7174.5625 2.9920e-02
7176.7144 2.2044e-02
7178.8672 9.9716e-03
7181.0210 1.8893e-02
7183.1753 1.8539e-02
7185.3306 2.8615e-02
7187.4858 1.9256e-02
7189.6421 1.1545e-02
7191.7988 2.8585e-02
7193.9565 1.6777e-02
7196.1147 1.6722e-02
7198.2734 2.2503e-02
7200.4336 2.0777e-02
7202.5928 1.9070e-02
7204.7539 1.9889e-02
7206.9155 2.1064e-02
7209.0771 2.4890e-02
7211.2402 2.8619e-02
7213.4033 1.9962e-02
7215.5674 2.2242e-02
7217.7324 8.1624e-03
7219.8979 2.1904e-02
7222.0635 1.8414e-02
7224.2300 2.1294e-02
7226.3979 2.4728e-02
7228.5654 1.3217e-02
7230.7334 2.2883e-02
7232.9033 1.1236e-02
7235.0728 1.8326e-02
7237.2432 1.3801e-02
7239.4150 1.5429e-02
7241.5864 1.5051e-02
7243.7593 2.6187e-02
7245.9321 2.4317e-02
7248.1060 2.0557e-02
7250.2803 2.3228e-02
7252.4551 2.3565e-02
7254.6313 2.1566e-02
7256.8076 1.9675e-02
7258.9849 2.0462e-02
7261.1626 2.6007e-02
7263.3408 2.3504e-02
7265.5200 1.9450e-02
7267.6992 1.5330e-02
7269.8799 2.2901e-02
7272.0605 2.1809e-02
7274.2422 1.7248e-02
7276.4243 1.4907e-02
7278.6069 1.5158e-02
7280.7910 2.2034e-02
7282.9751 1.7874e-02
7285.1602 1.9964e-02
7287.3452 2.5037e-02
7289.5317 1.3560e-02
7291.7188 1.9114e-02
7293.9067 1.7093e-02
7296.0947 2.2989e-02
7298.2832 7.6616e-03
7300.4727 1.7723e-02
7302.6631 1.0976e-02
7304.8540 2.1874e-02
7307.0454 1.6421e-02
7309.2373 1.5098e-02
7311.4292 1.9701e-02
7313.6235 2.4636e-02
7315.8179 2.3412e-02
7318.0122 9.9435e-03
7320.2075 1.8606e-02
7322.4038 2.0661e-02
7324.6001 2.4298e-02
7326.7979 1.3635e-02
7328.9961 1.2020e-02
7331.1943 1.5047e-02
7333.3936 8.5150e-03
7335.5938 1.9375e-02
7337.7944 2.6580e-02
7339.9956 1.3240e-02
7342.1982 2.1311e-02
7344.4004 2.6754e-02
7346.6035 1.8352e-02
7348.8081 1.3997e-02
7351.0127 2.0096e-02
7353.2183 1.2699e-02
7355.4238 1.7125e-02
7357.6304 1.6464e-02
7359.8374 9.6701e-03
7362.0459 1.5481e-02
7364.2549 1.9018e-02
7366.4634 1.9359e-02
7368.6738 1.6570e-02
7370.8838 2.0104e-02
7373.0957 1.6137e-02
7375.3071 1.6547e-02
7377.5200 2.4974e-02
7379.7334 1.7334e-02
7381.9473 1.8131e-02
7384.1616 1.5891e-02
7386.3770 2.1409e-02
7388.5928 1.1311e-02
7390.8096 1.2044e-02
7393.0264 2.2553e-02
7395.2446 8.9373e-03
7397.4639 1.7873e-02
7399.6826 1.0307e-02
7401.9023 1.8733e-02
7404.1230 1.6386e-02
7406.3438 7.3320e-03
7408.5654 1.4034e-02
7410.7886 1.2934e-02
7413.0122 1.3321e-02
7415.2354 1.6303e-02
7417.4604 1.8549e-02
7419.6855 1.1199e-02
7421.9116 2.3423e-02
7424.1382 2.3325e-02
7426.3652 1.7415e-02
7428.5933 1.7603e-02
7430.8218 1.7841e-02
7433.0513 2.3788e-02
7435.2808 1.1999e-02
7437.5117 1.6402e-02
7439.7432 1.3902e-02
7441.9741 1.6836e-02
7444.2070 9.8280e-03
7446.4404 2.8016e-02
7448.6748 1.2839e-02
7450.9097 9.0451e-03
7453.1440 2.3616e-02
7455.3809 1.1368e-02
7457.6167 1.2086e-02
7459.8545 2.5862e-02
7462.0923 1.9532e-02
7464.3306 1.7915e-02
7466.5698 1.1121e-02
7468.8096 2.1130e-02
7471.0503 9.4400e-03
7473.2920 1.5467e-02
7475.5342 1.1503e-02
7477.7769 1.7859e-02
7480.0205 7.4390e-03
7482.2637 1.8401e-02
7484.5088 7.0304e-03
7486.7539 1.6062e-02
7489.0000 2.0668e-02
7491.2471 9.1705e-03
7493.4937 1.7627e-02
7495.7422 1.2401e-02
7497.9912 1.9127e-02
7500.2402 1.8412e-02
7502.4902 1.4501e-02
7504.7412 1.4712e-02
7506.9927 1.2482e-02
7509.2441 2.1926e-02
7511.4976 1.8078e-02
7513.7510 1.3589e-02
7516.0044 1.4686e-02
7518.2593 1.6401e-02
7520.5151 9.6124e-03
7522.7715 1.2202e-02
7525.0283 1.7875e-02
7527.2861 1.9535e-02
7529.5439 1.5444e-02
7531.8027 2.4579e-02
7534.0620 2.2478e-02
7536.3228 1.7144e-02
7538.5835 9.7651e-03
7540.8447 1.7684e-02
7543.1074 1.3590e-02
7545.3706 2.2751e-02
7547.6338 2.0480e-02
7549.8984 1.6925e-02
7552.1626 1.5184e-02
7554.4292 1.4082e-02
7556.6948 1.2721e-02
7558.9619 2.4276e-02
7561.2295 1.3411e-02
7563.4976 2.6730e-02
7565.7671 2.0612e-02
7568.0366 1.3921e-02
7570.3071 1.9146e-02
7572.5786 1.2846e-02
7574.8511 8.5088e-03
7577.1230 1.3272e-02
7579.3960 1.8174e-02
7581.6694 1.2060e-02
7583.9443 2.2017e-02
7586.2192 1.4122e-02
7588.4956 1.8047e-02
7590.7715 1.9845e-02
7593.0488 1.8806e-02
7595.3262 1.3164e-02
7597.6060 1.5308e-02
7599.8843 1.9852e-02
7602.1641 1.4239e-02
7604.4448 1.1507e-02
7606.7271 1.4394e-02
7609.0093 1.9630e-02
7611.2910 8.7432e-03
7613.5752 1.7504e-02
7615.8589 1.0837e-02
7618.1440 1.6377e-02
7620.4292 2.1853e-02
7622.7153 2.3407e-02
7625.0020 1.2669e-02
7627.2896 2.1568e-02
7629.5781 1.9925e-02
7631.8662 1.5383e-02
7634.1562 6.0002e-03
7636.4468 1.1916e-02
7638.7378 2.2817e-02
7641.0288 1.3556e-02
7643.3213 2.2076e-02
7645.6138 1.0208e-02
7647.9072 1.6883e-02
7650.2021 1.7731e-02
7652.4971 1.3281e-02
7654.7935 1.9948e-02
7657.0894 1.5240e-02
7659.3867 1.9479e-02
7661.6846 1.5501e-02
7663.9829 7.0573e-03
7666.2817 1.3318e-02
7668.5825 1.4597e-02
7670.8823 6.6586e-03
7673.1841 8.9451e-03
7675.4854 1.5158e-02
7677.7891 5.2106e-03
7680.0918 1.2212e-02
7682.3960 7.6879e-03
7684.7002 1.1272e-02
7687.0059 1.2668e-02
7689.3125 1.2453e-02
7691.6191 1.9474e-02
7693.9268 2.1364e-02
7696.2344 2.0326e-02
7698.5430 1.5557e-02
7700.8530 1.4190e-02
7703.1631 2.1827e-02
7705.4746 1.3119e-02
7707.7856 1.4624e-02
7710.0981 7.7117e-03
7712.4111 1.4089e-02
7714.7251 1.3553e-02
7717.0391 1.3847e-02
7719.3540 1.7878e-02
7721.6699 1.3362e-02
7723.9868 1.7096e-02
7726.3042 1.1731e-02
7728.6216 1.2132e-02
7730.9409 1.2109e-02
7733.2593 2.1552e-02
7735.5796 1.6020e-02
7737.9004 1.9109e-02
7740.2217 1.4013e-02
7742.5435 1.1352e-02
7744.8662 9.7229e-03
7747.1895 1.2360e-02
7749.5142 4.4263e-03
7751.8394 9.6536e-03
7754.1650 1.3679e-02
7756.4907 1.7435e-02
7758.8174 1.2874e-02
7761.1450 1.4407e-02
7763.4736 1.1955e-02
7765.8022 1.1594e-02
7768.1323 1.5088e-02
7770.4634 1.6982e-02
7772.7944 1.3969e-02
7775.1260 1.2209e-02
7777.4585 7.1685e-03
7779.7915 1.7745e-02
7782.1260 1.6417e-02
7784.4604 1.3874e-02
7786.7954 1.6028e-02
7789.1318 1.8228e-02
7791.4683 9.5434e-03
7793.8062 1.8635e-02
7796.1436 1.3474e-02
7798.4824 1.4070e-02
7800.8218 1.4297e-02
7803.1626 6.0335e-03
7805.5034 8.4846e-03
7807.8447 1.3659e-02
7810.1880 1.7190e-02
7812.5303 1.0244e-02
7814.8745 1.9845e-02
7817.2192 1.3930e-02
7819.5640 1.0004e-02
7821.9106 6.9238e-03
7824.2559 1.7260e-02
7826.6040 8.1797e-03
7828.9521 2.4430e-02
7831.3003 1.6222e-02
7833.6499 1.0394e-02
7835.9995 6.7816e-03
7838.3511 1.4022e-02
7840.7021 2.1398e-02
7843.0547 9.8607e-03
7845.4077 1.3329e-02
7847.7603 1.4326e-02
7850.1152 1.0745e-02
7852.4702 1.0112e-02
7854.8262 1.4628e-02
7857.1821 8.8954e-03
7859.5396 1.4910e-02
7861.8975 8.2278e-03
7864.2559 8.5897e-03
7866.6157 1.2671e-02
7868.9756 1.9464e-02
7871.3359 7.3511e-03
7873.6978 1.2898e-02
7876.0601 1.0514e-02
7878.4224 1.3013e-02
7880.7856 1.2513e-02
7883.1509 1.3518e-02
7885.5151 1.8759e-02
7887.8809 1.4460e-02
7890.2476 1.7351e-02
7892.6147 1.7804e-02
7894.9814 1.8352e-02
7897.3501 1.7367e-02
7899.7192 1.4636e-02
7902.0898 1.4436e-02
7904.4604 1.2799e-02
7906.8311 1.3036e-02
7909.2036 1.1587e-02
7911.5767 2.0345e-02
7913.9497 1.4593e-02
7916.3247 7.0894e-03
7918.6987 1.5094e-02
7921.0742 1.3231e-02
7923.4512 1.0481e-02
7925.8276 1.0655e-02
7928.2051 9.2641e-03
7930.5845 1.6898e-02
7932.9634 1.3709e-02
7935.3433 1.0846e-02
7937.7236 1.2612e-02
7940.1050 8.9092e-03
7942.4873 1.8369e-02
7944.8701 9.4759e-03
7947.2529 9.1086e-03
7949.6377 9.5131e-03
7952.0225 2.3309e-02
7954.4082 1.1452e-02
7956.7949 1.6276e-02
7959.1807 4.6993e-03
7961.5688 1.5237e-02
7963.9580 1.4752e-02
7966.3462 6.6234e-03
7968.7368 1.6502e-02
7971.1274 1.7696e-02
7973.5181 9.4077e-03
7975.9111 2.2017e-02
7978.3032 9.1287e-03
7980.6973 1.2217e-02
7983.0908 2.0388e-02
7985.4858 1.7574e-02
7987.8823 1.1672e-02
7990.2778 1.6315e-02
7992.6748 9.8123e-03
7995.0728 2.1558e-02
7997.4717 1.3855e-02
7999.8711 1.7017e-02
8002.2710 1.6467e-02
8004.6709 1.1857e-02
8007.0723 1.8990e-02
8009.4746 1.1220e-02
8011.8779 9.8160e-03
8014.2812 1.6806e-02
8016.6855 9.2475e-03
8019.0903 1.0965e-02
8021.4966 1.5293e-02
8023.9028 1.3135e-02
8026.3105 1.5360e-02
8028.7173 1.0096e-02
8031.1260 1.2491e-02
8033.5361 1.8817e-02
8035.9458 1.2130e-02
8038.3569 1.1082e-02
8040.7681 2.1207e-02
8043.1807 1.4658e-02
8045.5933 7.2193e-03
8048.0068 1.6234e-02
8050.4214 1.1504e-02
8052.8364 1.4806e-02
8055.2520 1.0674e-02
8057.6689 1.3599e-02
8060.0864 1.3157e-02
8062.5049 1.3410e-02
8064.9229 1.4613e-02
8067.3423 1.2004e-02
8069.7632 1.5724e-02
8072.1836 8.9902e-03
8074.6050 6.6029e-03
8077.0278 9.9223e-03
8079.4507 1.3470e-02
8081.8745 8.0951e-03
8084.2988 1.7384e-02
8086.7251 1.1214e-02
8089.1509 1.5749e-02
8091.5771 1.3539e-02
8094.0049 1.3384e-02
8096.4331 1.2160e-02
8098.8618 1.9283e-02
8101.2910 1.2764e-02
8103.7217 1.8325e-02
8106.1528 1.3921e-02
8108.5845 8.6482e-03
8111.0171 1.1089e-02
8113.4502 6.6600e-03
8115.8843 2.1865e-02
8118.3188 1.4178e-02
8120.7549 1.6896e-02
8123.1914 1.4957e-02
8125.6284 1.0731e-02
8128.0659 9.7138e-03
8130.5049 1.8579e-02
8132.9438 1.5066e-02
8135.3833 8.4610e-03
8137.8237 1.2894e-02
8140.2651 1.1699e-02
8142.7075 2.0296e-02
8145.1504 9.7804e-03
8147.5938 1.2140e-02
8150.0376 1.4780e-02
8152.4834 1.0433e-02
8154.9292 1.2109e-02
8157.3750 9.7703e-03
8159.8228 1.3764e-02
8162.2705 1.3361e-02
8164.7192 1.1679e-02
8167.1685 1.7201e-02
8169.6187 9.8179e-03
8172.0693 1.3928e-02
8174.5210 5.5440e-03
8176.9736 1.3843e-02
8179.4268 1.1072e-02
8181.8809 8.4172e-03
8184.3350 8.3200e-03
8186.7900 1.1274e-02
8189.2456 2.0810e-02
8191.7031 1.0648e-02
8194.1602 1.5343e-02
8196.6191 8.9181e-03
8199.0781 1.7869e-02
8201.5371 1.4528e-02
8203.9980 1.3099e-02
8206.4590 6.0190e-03
8208.9219 1.3799e-02
8211.3838 2.0199e-03
8213.8477 1.3866e-02
8216.3115 6.1574e-03
8218.7764 1.0001e-02
8221.2422 6.9785e-03
8223.7090 1.0365e-02
8226.1758 6.1525e-03
8228.6436 1.2281e-02
8231.1123 1.4636e-02
8233.5811 1.9417e-02
8236.0518 1.1678e-02
8238.5215 1.7095e-02
8240.9932 1.8253e-02
8243.4658 1.4343e-02
8245.9395 8.3469e-03
8248.4131 9.8577e-03
8250.8877 9.7785e-03
8253.3623 1.7997e-02
8255.8389 5.3114e-03
8258.3154 8.7755e-03
8260.7920 1.4877e-02
8263.2715 1.3387e-02
8265.7500 1.4023e-02
8268.2305 1.6324e-02
8270.7100 1.4262e-02
8273.1914 8.9319e-03
8275.6738 5.5924e-03
8278.1553 1.0135e-02
8280.6396 9.4911e-03
8283.1240 1.5233e-02
8285.6094 1.0258e-02
8288.0947 8.7960e-03
8290.5811 1.4217e-02
8293.0674 1.1271e-02
8295.5557 1.0257e-02
8298.0449 1.4195e-02
8300.5352 9.7403e-03
8303.0234 1.2085e-02
8305.5156 1.1043e-02
8308.0068 1.0728e-02
8310.5000 7.0532e-03
8312.9922 1.0634e-02
8315.4863 1.2083e-02
8317.9805 1.2289e-02
8320.4766 5.1248e-03
8322.9717 1.3351e-02
8325.4697 8.2576e-03
8327.9668 1.2231e-02
8330.4658 7.3458e-03
8332.9639 8.3669e-03
8335.4648 1.3028e-02
8337.9648 1.0214e-02
8340.4668 7.1714e-03
8342.9688 1.1913e-02
8345.4717 1.2348e-02
8347.9746 1.1971e-02
8350.4795 1.0948e-02
8352.9844 1.1105e-02
8355.4902 8.5806e-03
8357.9971 5.4593e-03
8360.5039 1.6409e-02
8363.0127 1.1992e-02
8365.5215 1.0020e-02
8368.0312 1.1820e-02
8370.5420 1.8412e-02
8373.0527 1.2453e-02
8375.5654 1.6812e-02
8378.0771 1.0712e-02
8380.5908 1.0672e-02
8383.1045 1.4590e-02
8385.6191 1.2663e-02
8388.1348 1.5497e-02
8390.6523 1.9179e-02
8393.1689 1.1280e-02
8395.6865 1.7349e-02
8398.2061 1.5222e-02
8400.7246 1.6522e-02
8403.2461 1.2538e-02
8405.7666 1.8447e-02
8408.2881 2.0158e-02
8410.8105 9.1097e-03
8413.3340 1.2769e-02
8415.8584 1.0330e-02
8418.3818 8.0173e-03
8420.9082 1.0317e-02
8423.4346 1.2311e-02
8425.9609 1.9995e-02
8428.4893 2.0734e-02
8431.0186 2.1255e-02
8433.5479 1.0964e-02
8436.0771 1.3068e-02
8438.6074 8.7702e-03
8441.1396 1.5746e-02
8443.6729 5.8832e-03
8446.2051 1.3538e-02
8448.7383 1.1513e-02
8451.2734 1.4585e-02
8453.8086 1.2485e-02
8456.3457 7.8544e-03
8458.8828 3.7006e-03
8461.4199 1.0670e-02
8463.9580 1.4064e-02
8466.4971 9.7819e-03
8469.0371 1.7963e-02
8471.5781 2.2975e-02
8474.1191 1.5540e-02
8476.6621 1.5810e-02
8479.2051 2.4676e-02
8481.7480 9.6939e-03
8484.2930 1.4810e-02
8486.8379 1.0869e-02
8489.3848 1.0048e-02
8491.9316 1.4428e-02
8494.4795 8.8648e-03
8497.0264 1.5973e-02
8499.5762 6.2101e-03
8502.1260 9.4504e-03
8504.6777 1.4935e-02
8507.2285 8.8170e-03
8509.7803 1.2607e-02
8512.3330 1.0491e-02
8514.8857 1.1879e-02
8517.4414 8.5387e-03
8519.9961 7.1988e-03
8522.5527 1.9234e-02
8525.1094 8.5397e-03
8527.6670 7.4416e-03
8530.2246 6.0174e-03
8532.7842 7.4787e-03
8535.3438 1.0322e-02
8537.9053 1.9467e-02
8540.4668 9.4984e-03
8543.0273 1.0760e-02
8545.5908 1.1096e-02
8548.1543 1.0171e-02
8550.7188 1.0706e-02
8553.2842 1.2591e-02
8555.8496 1.5645e-02
8558.4170 9.9508e-03
8560.9844 1.6548e-02
8563.5527 6.1039e-03
8566.1221 1.5663e-02
8568.6914 8.9318e-03
8571.2617 1.4517e-02
8573.8350 7.8786e-03
8576.4062 1.5716e-02
8578.9785 6.9203e-03
8581.5527 1.5420e-02
8584.1270 1.8337e-02
8586.7031 1.3541e-02
8589.2783 1.0092e-02
8591.8555 2.4658e-02
8594.4326 9.1382e-03
8597.0117 1.7561e-02
8599.5898 9.3549e-03
8602.1699 6.7957e-03
8604.7500 8.0074e-03
8607.3320 6.6374e-03
8609.9150 1.7952e-02
8612.4971 1.8163e-02
8615.0811 8.5705e-03
8617.6660 1.6473e-02
8620.2500 9.0331e-03
8622.8369 8.1109e-03
8625.4229 1.5969e-02
8628.0117 1.0714e-02
8630.6006 6.1952e-03
8633.1885 2.0149e-02
8635.7793 1.6123e-02
8638.3711 9.5755e-03
8640.9609 9.3797e-03
8643.5527 1.5551e-02
8646.1465 1.6534e-02
8648.7393 1.7135e-02
8651.3350 1.1937e-02
8653.9307 1.4391e-02
8656.5264 1.1626e-02
8659.1230 8.6037e-03
8661.7207 1.2109e-02
8664.3203 1.0036e-02
8666.9189 1.0487e-02
8669.5186 5.6827e-03
8672.1201 7.2487e-03
8674.7217 1.2856e-02
8677.3242 7.3918e-03
8679.9277 1.1592e-02
8682.5312 1.2090e-02
8685.1367 1.8675e-02
8687.7412 1.2051e-02
8690.3477 1.3845e-02
8692.9551 1.3270e-02
8695.5625 1.2036e-02
8698.1709 1.2949e-02
8700.7803 1.1333e-02
8703.3916 1.3779e-02
8706.0020 9.4686e-03
8708.6133 2.3994e-02
8711.2266 2.2855e-02
8713.8398 1.0009e-02
8716.4541 1.4194e-02
8719.0684 1.1087e-02
8721.6846 1.0742e-02
8724.3018 1.2979e-02
8726.9189 1.2137e-02
8729.5371 2.2469e-02
8732.1553 2.2918e-02
8734.7754 8.9123e-03
8737.3955 1.0690e-02
8740.0166 1.4542e-02
8742.6387 1.2588e-02
8745.2607 9.5721e-03
8747.8848 1.4381e-02
8750.5098 1.3330e-02
8753.1348 1.7889e-02
8755.7607 9.1049e-03
8758.3867 1.3218e-02
8761.0146 9.0008e-03
8763.6436 9.1762e-03
8766.2715 1.1603e-02
8768.9023 9.2327e-03
8771.5322 1.1815e-02
8774.1641 4.8093e-03
8776.7959 1.1549e-02
8779.4287 1.3406e-02
8782.0635 1.0510e-02
8784.6982 9.6849e-03
8787.3330 2.6404e-03
8789.9697 1.3267e-02
8792.6074 1.6235e-02
8795.2451 9.5413e-03
8797.8838 1.1453e-02
8800.5234 1.0184e-02
8803.1621 2.3116e-02
8805.8027 1.0215e-02
8808.4453 1.2592e-02
8811.0879 1.1235e-02
8813.7314 1.1707e-02
8816.3750 1.5908e-02
8819.0205 1.2252e-02
8821.6660 7.2503e-03
8824.3125 1.5408e-02
8826.9590 1.4914e-02
8829.6084 1.0869e-02
8832.2568 1.7896e-02
8834.9062 1.1228e-02
8837.5557 1.2348e-02
8840.2080 1.3994e-02
8842.8594 1.3269e-02
8845.5127 1.3044e-02
8848.1670 1.0175e-02
8850.8213 3.8150e-03
8853.4766 1.4637e-02
8856.1328 6.4935e-03
8858.7881 1.3749e-02
8861.4463 9.4977e-03
8864.1045 1.3462e-02
8866.7646 5.5670e-03
8869.4238 8.0872e-03
8872.0850 1.7930e-02
8874.7471 1.5372e-02
8877.4092 9.2093e-03
8880.0732 8.6542e-03
8882.7373 9.7838e-03
8885.4014 1.6220e-02
8888.0674 7.3122e-03
8890.7334 1.3714e-02
8893.4004 1.8447e-02
8896.0684 1.2686e-02
8898.7373 1.0021e-02
8901.4072 7.4956e-03
8904.0771 1.2259e-02
8906.7480 7.7314e-03
8909.4199 7.5782e-03
8912.0938 1.1483e-02
8914.7676 1.6196e-02
8917.4414 6.4923e-03
8920.1172 2.7997e-03
8922.7930 1.0344e-02
8925.4697 8.6822e-03
8928.1475 1.2767e-02
8930.8262 7.9718e-03
8933.5049 1.5350e-02
8936.1855 8.6327e-03
8938.8652 1.9732e-02
8941.5469 9.6484e-03
8944.2295 1.3074e-02
8946.9141 8.7805e-03
8949.5977 1.4031e-02
8952.2822 1.2108e-02
8954.9678 1.7586e-02
8957.6553 5.8414e-03
8960.3418 9.8133e-03
8963.0293 1.1644e-02
8965.7178 1.1130e-02
8968.4082 1.1112e-02
8971.0986 5.8194e-03
8973.7910 6.0855e-03
8976.4824 7.1733e-03
8979.1748 8.0591e-03
8981.8691 1.9417e-02
8984.5635 1.0768e-02
8987.2588 7.8089e-03
8989.9551 5.9712e-03
8992.6523 1.4632e-02
8995.3506 1.3605e-02
8998.0488 1.7750e-02
9000.7480 9.4051e-03
9003.4482 7.4445e-03
9006.1494 9.2868e-03
9008.8516 6.9037e-03
9011.5537 1.5115e-02
9014.2578 1.0651e-02
9016.9609 9.1694e-03
9019.6660 1.1435e-02
9022.3721 8.6333e-03
9025.0791 8.3544e-03
9027.7871 1.5097e-02
9030.4951 5.3313e-03
9033.2051 1.3299e-02
9035.9150 9.1581e-03
9038.6260 1.2971e-02
9041.3369 8.9381e-03
9044.0498 1.1561e-02
9046.7627 7.7398e-03
9049.4766 6.7091e-03
9052.1914 8.6060e-03
9054.9072 1.0713e-02
9057.6240 6.2096e-03
9060.3398 1.1824e-02
9063.0586 1.1396e-02
9065.7773 9.5627e-03
9068.4971 8.7078e-03
9071.2168 1.4800e-02
9073.9395 1.0502e-02
9076.6611 6.1166e-03
9079.3848 9.8875e-03
9082.1074 6.9474e-03
9084.8330 5.8306e-03
9087.5576 1.0528e-02
9090.2832 1.0433e-02
9093.0117 1.8360e-03
9095.7393 3.3114e-03
9098.4688 7.9621e-03
9101.1973 1.7289e-02
9103.9287 1.0589e-02
9106.6592 4.1546e-03
9109.3906 5.3377e-03
9112.1250 4.9998e-03
9114.8584 3.1654e-03
9117.5928 1.3947e-02
9120.3271 8.5220e-03
9123.0635 9.4593e-03
9125.8008 9.7146e-03
9128.5391 1.2733e-02
9131.2764 1.2640e-02
9134.0156 9.3734e-03
9136.7568 1.2095e-02
9139.4980 8.8439e-03
9142.2383 5.2229e-03
9144.9814 1.2692e-02
9147.7266 7.5626e-03
9150.4707 1.1118e-02
9153.2158 7.5939e-03
9155.9609 1.2752e-02
9158.7070 1.4529e-02
9161.4551 1.0018e-02
9164.2041 5.7097e-03
9166.9531 5.7130e-03
9169.7031 1.0458e-02
9172.4541 5.6847e-03
9175.2051 4.0442e-03
9177.9580 7.2014e-03
9180.7109 8.7583e-03
9183.4668 8.6180e-03
9186.2207 1.0231e-02
9188.9766 9.4667e-03
9191.7334 1.6075e-02
9194.4912 8.2155e-03
9197.2490 6.4720e-03
9200.0088 1.0864e-02
9202.7686 1.3020e-02
9205.5293 8.0149e-03
9208.2920 2.4746e-03
9211.0527 9.2746e-03
9213.8164 1.3486e-02
9216.5811 1.0758e-02
9219.3467 5.0013e-03
9222.1113 8.7262e-03
9224.8789 6.1791e-03
9227.6455 9.4955e-03
9230.4141 1.2775e-02
9233.1836 5.4159e-03
9235.9531 5.2033e-03
9238.7246 8.2794e-03
9241.4951 9.4415e-03
9244.2686 5.9436e-03
9247.0410 1.0209e-02
9249.8154 5.4743e-03
9252.5908 1.5386e-02
9255.3652 1.1377e-02
9258.1426 3.1957e-03
9260.9209 1.4981e-02
9263.6992 9.2465e-03
9266.4775 4.7334e-03
9269.2568 6.5812e-03
9272.0381 3.3307e-03
9274.8203 1.1803e-02
9277.6025 7.1366e-03
9280.3857 7.3950e-03
9283.1709 9.7430e-03
9285.9541 9.1478e-03
9288.7402 8.8741e-03
9291.5264 6.3164e-03
9294.3135 1.1069e-02
9297.1025 7.2596e-03
9299.8926 1.7178e-03
9302.6816 3.2011e-03
9305.4727 6.4278e-03
9308.2646 8.4862e-03
9311.0566 9.9226e-03
9313.8506 8.4872e-03
9316.6436 1.1102e-02
9319.4395 5.9780e-03
9322.2354 1.5950e-02
9325.0322 7.9436e-03
9327.8291 3.9690e-03
9330.6279 8.8061e-03
9333.4277 3.6812e-03
9336.2266 5.3215e-03
9339.0283 7.0902e-03
9341.8291 4.4223e-03
9344.6318 6.9669e-03
9347.4355 4.7233e-03
9350.2402 1.4015e-02
9353.0449 6.0886e-03
9355.8516 4.2504e-03
9358.6572 9.3012e-03
9361.4658 4.3873e-03
9364.2734 6.5912e-03
9367.0830 1.0993e-02
9369.8936 4.1873e-03
9372.7041 6.8543e-03
9375.5156 8.8383e-03
9378.3291 1.7598e-03
9381.1416 8.3087e-03
9383.9561 1.1417e-02
9386.7715 3.2368e-03
9389.5879 8.3916e-03
9392.4043 5.8701e-03
9395.2217 1.4786e-02
9398.0400 7.6248e-03
9400.8594 9.9232e-04
9403.6807 7.9702e-03
9406.5020 6.0380e-03
9409.3242 2.2615e-03
9412.1465 7.0429e-03
9414.9707 3.0489e-03
9417.7939 5.6627e-03
9420.6201 6.0704e-03
9423.4453 3.7564e-03
9426.2725 5.0945e-03
9429.1006 5.2163e-03
9431.9287 1.4581e-02
9434.7588 4.0348e-03
9437.5898 8.6918e-03
9440.4209 5.3409e-03
9443.2529 6.6295e-03
9446.0859 9.9515e-04
9448.9199 9.9349e-03
9451.7549 4.8886e-03
9454.5889 1.1370e-02
9457.4268 6.7781e-03
9460.2637 1.0650e-02
9463.1016 5.0426e-03
9465.9414 3.9381e-03
9468.7803 7.9929e-03
9471.6211 7.0302e-03
9474.4629 5.9693e-03
9477.3047 1.1554e-02
9480.1484 1.5221e-03
9482.9922 4.6806e-03
9485.8369 1.3889e-03
9488.6836 4.1457e-03
9491.5303 5.7393e-03
9494.3760 4.6012e-03
9497.2256 4.5354e-03
9500.0742 4.9365e-03
9502.9238 6.9876e-03
9505.7754 3.7450e-03
9508.6270 4.2024e-03
9511.4805 1.7429e-03
9514.3320 9.6574e-03
9517.1875 6.5254e-03
9520.0420 3.0656e-03
9522.8984 7.3703e-03
9525.7559 5.9530e-03
9528.6133 8.8557e-03
9531.4717 7.4874e-03
9534.3311 2.4068e-03
9537.1914 4.9295e-03
9540.0518 3.0439e-03
9542.9150 2.9114e-03
9545.7773 6.0538e-03
9548.6416 5.8417e-03
9551.5059 4.3500e-03
9554.3711 1.1336e-02
9557.2373 6.9320e-03
9560.1045 4.6833e-03
9562.9727 4.6303e-03
9565.8418 6.9541e-03
9568.7109 5.8861e-03
9571.5820 5.3312e-03
9574.4531 4.1997e-03
9577.3252 8.9643e-03
9580.1992 4.9955e-03
9583.0723 4.4258e-03
9585.9473 3.8075e-03
9588.8242 4.2509e-03
9591.7002 9.7170e-03
9594.5781 4.2413e-03
9597.4561 7.3630e-03
9600.3350 6.1474e-03
9603.2158 5.6160e-03
9606.0957 8.8922e-03
9608.9775 2.3440e-03
9611.8613 1.2545e-02
9614.7441 5.5020e-03
9617.6279 5.1184e-03
9620.5137 7.1301e-03
9623.4014 5.2835e-03
9626.2881 4.3748e-03
9629.1748 4.4817e-03
9632.0645 6.7238e-03
9634.9541 7.4293e-03
9637.8438 4.4456e-03
9640.7363 7.2910e-03
9643.6270 6.1360e-03
9646.5215 9.2708e-04
9649.4141 3.1792e-03
9652.3086 6.0487e-03
9655.2051 7.1581e-03
9658.1016 2.2259e-03
9660.9990 5.6758e-03
9663.8975 3.2091e-03
9666.7969 1.2277e-02
9669.6973 7.2258e-03
9672.5967 3.6352e-03
9675.5000 1.4762e-03
9678.4023 4.9893e-03
9681.3057 1.4989e-02
9684.2109 8.0939e-03
9687.1152 5.3786e-03
9690.0215 1.0567e-02
9692.9287 6.9059e-03
9695.8369 4.0679e-03
9698.7441 1.7510e-03
9701.6553 4.9786e-03
9704.5645 7.0845e-03
9707.4775 7.1587e-03
9710.3887 6.8092e-03
9713.3008 3.9038e-03
9716.2158 5.1901e-03
9719.1299 5.1924e-03
9722.0459 3.4794e-03
9724.9629 7.0808e-03
9727.8809 1.1796e-02
9730.7988 9.5309e-03
9733.7178 4.4226e-03
9736.6387 3.6844e-03
9739.5586 2.1433e-03
9742.4805 5.7418e-03
9745.4033 3.4425e-03
9748.3281 6.7157e-03
9751.2520 6.8290e-03
9754.1777 5.6160e-03
9757.1035 5.3997e-03
9760.0303 4.8673e-03
9762.9590 1.8118e-03
9765.8877 5.8214e-03
9768.8174 2.2574e-03
9771.7480 4.1023e-03
9774.6797 9.6064e-03
9777.6113 4.3950e-03
9780.5459 4.9342e-03
9783.4795 9.3790e-03
9786.4141 7.7603e-03
9789.3496 4.4550e-03
9792.2871 4.1121e-03
9795.2256 4.6303e-03
9798.1641 6.0465e-03
9801.1035 5.0809e-03
9804.0430 1.2976e-02
9806.9844 2.2867e-03
9809.9268 6.7273e-03
9812.8691 5.2128e-03
9815.8125 4.4152e-03
9818.7578 7.2333e-03
9821.7041 7.6245e-03
9824.6494 1.1332e-02
9827.5967 6.0398e-03
9830.5469 5.8978e-03
9833.4951 3.3563e-03
9836.4453 9.7568e-04
9839.3965 3.9554e-03
9842.3486 3.1762e-03
9845.2998 2.3947e-03
9848.2549 3.9266e-03
9851.2080 6.5537e-03
9854.1641 8.1613e-03
9857.1201 7.8930e-03
9860.0771 5.4730e-03
9863.0361 3.5609e-03
9865.9941 9.3332e-03
9868.9541 7.7792e-03
9871.9150 4.6370e-03
9874.8760 6.0725e-03
9877.8389 6.1925e-03
9880.8018 4.7917e-03
9883.7666 5.1054e-03
9886.7324 8.4109e-03
9889.6982 3.8823e-03
9892.6641 4.6251e-03
9895.6338 4.4475e-03
9898.6016 5.2704e-03
9901.5713 1.5904e-03
9904.5420 3.5990e-03
9907.5127 4.3157e-03
9910.4854 1.5333e-03
9913.4590 4.9492e-03
9916.4326 3.1033e-03
9919.4072 4.7187e-03
9922.3828 1.9540e-03
9925.3584 7.1495e-03
9928.3379 3.2272e-03
9931.3164 4.5042e-03
9934.2949 3.3464e-03
9937.2754 3.8239e-03
9940.2568 6.5407e-03
9943.2383 3.9977e-03
9946.2207 8.4487e-03
9949.2061 2.5911e-03
9952.1904 4.2797e-03
9955.1758 4.7535e-03
9958.1631 3.3883e-03
9961.1494 4.5203e-03
9964.1387 5.1966e-03
9967.1279 4.8554e-03
9970.1182 7.4148e-03
9973.1084 4.8699e-03
9976.1006 6.1998e-03
9979.0928 3.4324e-03
9982.0859 5.5610e-03
9985.0820 5.8225e-03
9988.0771 5.7670e-03
9991.0732 4.1165e-03
9994.0713 4.3236e-03
9997.0693 1.0554e-03
10000.0684 6.1568e-03
10003.0674 8.1005e-03
10006.0684 3.2057e-03
10009.0713 7.0481e-03
10012.0742 6.3248e-03
10015.0771 1.3082e-03
10018.0820 3.2806e-03
10021.0879 1.2233e-02
10024.0938 5.7916e-03
10027.1006 6.5863e-03
10030.1084 3.0404e-03
10033.1172 4.0616e-03
10036.1270 4.2753e-03
10039.1387 6.8367e-03
10042.1504 5.9291e-03
10045.1631 4.0224e-03
10048.1768 2.0938e-03
10051.1924 4.5195e-03
10054.2061 9.6873e-03
10057.2227 7.1321e-03
10060.2402 4.4545e-03
10063.2578 2.0238e-03
10066.2773 5.1518e-03
10069.2969 6.7665e-03
10072.3174 1.0461e-02
10075.3379 2.0569e-03
10078.3623 1.0663e-02
10081.3848 3.7100e-03
10084.4102 4.6123e-03
10087.4346 3.0042e-03
10090.4619 4.5597e-03
10093.4883 3.8458e-03
10096.5166 4.0291e-03
10099.5459 4.4461e-03
10102.5742 5.8823e-03
10105.6055 4.9965e-03
10108.6367 6.1021e-03
10111.6709 4.0767e-03
10114.7041 2.7444e-03
10117.7383 5.1129e-03
10120.7734 3.3074e-03
10123.8105 8.0043e-03
10126.8477 3.0986e-03
10129.8857 8.8620e-03
10132.9248 3.9348e-03
10135.9648 8.9880e-03
10139.0049 6.4597e-03
10142.0479 3.0350e-03
10145.0879 1.9025e-03
10148.1318 3.5541e-03
10151.1768 1.9938e-03
10154.2227 5.0744e-03
10157.2686 2.4157e-03
10160.3154 4.5606e-03
10163.3643 8.1321e-03
10166.4121 9.4644e-03
10169.4629 4.3750e-03
10172.5137 4.9956e-03
10175.5654 5.6342e-03
10178.6191 1.0165e-02
10181.6719 2.4758e-03
10184.7256 4.9243e-03
10187.7822 7.1299e-03
10190.8379 3.5441e-03
10193.8945 3.6929e-03
10196.9541 7.1273e-03
10200.0127 5.8047e-03
10203.0723 6.5622e-03
10206.1328 7.6886e-03
10209.1953 6.4987e-03
10212.2578 6.2096e-03
10215.3223 3.1309e-03
10218.3867 2.4329e-03
10221.4521 2.4289e-03
10224.5186 5.4136e-03
10227.5850 3.0641e-03
10230.6543 5.0614e-03
10233.7246 4.5738e-03
10236.7930 2.0043e-03
10239.8643 5.8550e-03
10242.9355 6.7883e-03
10246.0098 3.9178e-03
10249.0830 6.4581e-03
10252.1572 2.4862e-03
10255.2334 3.1344e-03
10258.3096 6.1899e-03
10261.3877 3.6364e-03
10264.4648 5.2978e-03
10267.5449 1.9263e-03
10270.6250 4.4465e-03
