# time_explosion = 15.75
# 
3082.8928 7.2840e-02
3083.8179 7.3996e-02
3084.7432 7.2037e-02
3085.6685 7.9601e-02
3086.5940 5.2949e-02
3087.5200 8.1695e-02
3088.4463 7.9487e-02
3089.3728 6.6276e-02
3090.2996 7.3388e-02
3091.2268 5.6500e-02
3092.1541 6.7821e-02
3093.0815 5.2039e-02
3094.0098 6.0332e-02
3094.9380 6.8299e-02
3095.8665 6.4055e-02
3096.7952 5.0426e-02
3097.7241 7.7321e-02
3098.6536 6.2064e-02
3099.5828 7.0634e-02
3100.5129 6.2312e-02
3101.4431 6.3369e-02
3102.3735 6.2256e-02
3103.3042 7.2467e-02
3104.2354 5.9932e-02
3105.1665 7.1429e-02
3106.0981 5.7602e-02
3107.0300 6.6112e-02
3107.9619 5.8407e-02
3108.8943 5.5164e-02
3109.8269 5.8834e-02
3110.7600 8.3449e-02
3111.6929 6.9691e-02
3112.6265 7.5056e-02
3113.5605 6.7394e-02
3114.4944 5.1287e-02
3115.4290 7.1130e-02
3116.3635 7.0595e-02
3117.2986 5.3411e-02
3118.2336 6.0928e-02
3119.1689 7.1624e-02
3120.1047 6.2476e-02
3121.0410 7.1239e-02
3121.9773 6.8684e-02
3122.9136 6.3532e-02
3123.8508 7.7890e-02
3124.7878 5.8683e-02
3125.7251 4.6393e-02
3126.6628 5.6276e-02
3127.6008 5.7504e-02
3128.5393 6.1727e-02
3129.4778 6.6285e-02
3130.4170 5.7740e-02
3131.3557 5.9767e-02
3132.2954 7.6354e-02
3133.2349 6.0640e-02
3134.1748 5.9058e-02
3135.1150 6.4243e-02
3136.0559 6.6636e-02
3136.9968 6.6661e-02
3137.9377 6.0048e-02
3138.8789 7.1177e-02
3139.8206 7.2097e-02
3140.7625 7.0317e-02
3141.7046 7.1672e-02
3142.6472 7.0423e-02
3143.5901 6.9623e-02
3144.5334 7.1350e-02
3145.4766 6.3173e-02
3146.4202 6.7373e-02
3147.3643 6.4603e-02
3148.3086 7.5104e-02
3149.2529 5.3862e-02
3150.1975 5.8776e-02
3151.1426 7.7457e-02
3152.0881 6.3240e-02
3153.0337 6.8072e-02
3153.9795 5.6096e-02
3154.9255 7.2842e-02
3155.8723 6.4839e-02
3156.8188 5.0689e-02
3157.7661 7.0175e-02
3158.7134 7.3434e-02
3159.6609 6.6492e-02
3160.6086 6.9559e-02
3161.5571 6.2001e-02
3162.5054 7.0555e-02
3163.4541 5.9451e-02
3164.4031 6.6864e-02
3165.3528 6.1279e-02
3166.3022 6.4969e-02
3167.2522 6.4272e-02
3168.2024 8.0331e-02
3169.1526 5.3054e-02
3170.1035 6.9593e-02
3171.0544 4.4253e-02
3172.0061 4.9400e-02
3172.9573 5.7831e-02
3173.9092 8.0564e-02
3174.8613 6.0814e-02
3175.8140 4.9616e-02
3176.7668 5.6616e-02
3177.7197 6.2388e-02
3178.6729 6.0802e-02
3179.6267 4.9765e-02
3180.5808 7.4254e-02
3181.5347 5.9626e-02
3182.4893 7.6624e-02
3183.4438 6.7905e-02
3184.3987 6.9718e-02
3185.3542 5.7537e-02
3186.3101 5.5939e-02
3187.2659 8.6669e-02
3188.2217 5.8692e-02
3189.1785 5.6445e-02
3190.1350 5.4500e-02
3191.0920 6.6093e-02
3192.0493 6.0323e-02
3193.0071 7.0546e-02
3193.9651 5.8901e-02
3194.9233 7.2698e-02
3195.8818 6.3730e-02
3196.8408 5.9394e-02
3197.7996 7.2545e-02
3198.7590 5.5415e-02
3199.7185 6.7764e-02
3200.6782 6.7036e-02
3201.6387 5.4927e-02
3202.5991 6.9535e-02
3203.5598 8.0403e-02
3204.5208 4.3998e-02
3205.4824 7.0423e-02
3206.4441 5.1399e-02
3207.4058 4.6847e-02
3208.3682 6.3188e-02
3209.3306 5.3116e-02
3210.2935 5.1202e-02
3211.2563 5.6466e-02
3212.2200 7.2834e-02
3213.1833 5.8779e-02
3214.1472 6.7621e-02
3215.1118 6.4755e-02
3216.0764 7.8324e-02
3217.0413 6.9214e-02
3218.0061 6.1161e-02
3218.9714 5.5556e-02
3219.9373 7.0765e-02
3220.9031 6.5773e-02
3221.8699 6.8641e-02
3222.8362 7.4436e-02
3223.8030 6.3001e-02
3224.7700 5.4929e-02
3225.7375 4.9373e-02
3226.7053 6.2563e-02
3227.6731 5.9162e-02
3228.6416 4.7489e-02
3229.6101 7.0048e-02
3230.5791 6.3034e-02
3231.5483 6.4920e-02
3232.5178 6.4969e-02
3233.4875 5.5933e-02
3234.4575 5.5537e-02
3235.4280 5.3877e-02
3236.3984 7.9426e-02
3237.3691 5.2172e-02
3238.3403 5.9120e-02
3239.3120 4.1352e-02
3240.2839 5.5808e-02
3241.2559 5.4965e-02
3242.2285 6.1721e-02
3243.2012 7.8776e-02
3244.1743 6.0692e-02
3245.1472 5.5031e-02
3246.1208 7.0223e-02
3247.0947 4.6239e-02
3248.0688 6.3759e-02
3249.0432 6.6955e-02
3250.0178 5.6154e-02
3250.9929 5.4793e-02
3251.9680 4.2656e-02
3252.9438 5.1197e-02
3253.9194 9.2161e-02
3254.8958 6.0565e-02
3255.8723 5.3940e-02
3256.8489 7.0908e-02
3257.8262 5.8517e-02
3258.8035 5.3745e-02
3259.7810 4.8777e-02
3260.7593 7.0674e-02
3261.7373 5.0578e-02
3262.7158 5.2628e-02
3263.6946 4.5194e-02
3264.6736 6.4499e-02
3265.6531 6.0670e-02
3266.6331 7.5291e-02
3267.6130 8.1616e-02
3268.5930 6.2648e-02
3269.5735 5.6369e-02
3270.5544 7.9576e-02
3271.5356 5.2452e-02
3272.5171 6.8684e-02
3273.4990 6.3758e-02
3274.4812 7.3322e-02
3275.4634 6.9075e-02
3276.4458 6.8469e-02
3277.4287 7.6991e-02
3278.4124 6.1564e-02
3279.3958 6.3563e-02
3280.3794 7.1391e-02
3281.3635 8.2386e-02
3282.3479 5.9738e-02
3283.3325 5.8501e-02
3284.3179 5.6228e-02
3285.3030 6.4180e-02
3286.2888 6.6428e-02
3287.2744 6.9998e-02
3288.2605 5.8510e-02
3289.2471 7.5736e-02
3290.2339 8.3316e-02
3291.2212 6.1595e-02
3292.2083 7.0929e-02
3293.1958 7.3448e-02
3294.1838 8.2370e-02
3295.1724 8.8145e-02
3296.1609 7.7402e-02
3297.1497 8.6654e-02
3298.1387 5.5941e-02
3299.1282 8.1537e-02
3300.1177 9.9345e-02
3301.1079 7.0282e-02
3302.0984 9.0922e-02
3303.0889 6.9763e-02
3304.0798 1.0800e-01
3305.0713 8.6118e-02
3306.0627 1.0167e-01
3307.0544 8.5049e-02
3308.0466 8.8684e-02
3309.0391 8.6330e-02
3310.0317 9.4447e-02
3311.0247 9.3431e-02
3312.0178 6.0953e-02
3313.0117 9.1384e-02
3314.0054 9.0313e-02
3315.0000 1.1035e-01
3315.9941 1.0318e-01
3316.9890 9.7699e-02
3317.9839 7.4066e-02
3318.9795 9.3706e-02
3319.9751 1.0064e-01
3320.9712 9.9857e-02
3321.9678 8.7017e-02
3322.9639 9.3203e-02
3323.9607 9.1778e-02
3324.9580 1.1533e-01
3325.9558 1.0011e-01
3326.9536 8.7204e-02
3327.9514 7.2843e-02
3328.9497 9.3729e-02
3329.9482 8.9013e-02
3330.9475 1.0836e-01
3331.9468 8.2722e-02
3332.9463 1.0416e-01
3333.9463 9.9935e-02
3334.9463 1.1771e-01
3335.9473 1.1950e-01
3336.9478 1.1864e-01
3337.9487 1.2253e-01
3338.9502 1.0028e-01
3339.9517 9.7562e-02
3340.9536 1.2332e-01
3341.9561 9.6862e-02
3342.9587 9.1068e-02
3343.9614 1.1319e-01
3344.9651 1.3315e-01
3345.9685 1.4260e-01
3346.9722 1.2341e-01
3347.9763 1.3464e-01
3348.9805 1.3653e-01
3349.9854 1.1559e-01
3350.9902 1.4708e-01
3351.9956 1.4485e-01
3353.0010 1.1841e-01
3354.0073 1.2889e-01
3355.0129 9.8578e-02
3356.0198 1.1618e-01
3357.0264 1.4474e-01
3358.0334 1.4653e-01
3359.0410 1.2729e-01
3360.0488 1.0665e-01
3361.0569 1.0515e-01
3362.0654 1.2422e-01
3363.0740 1.2726e-01
3364.0828 1.1920e-01
3365.0918 1.4349e-01
3366.1013 1.3273e-01
3367.1113 1.3489e-01
3368.1213 1.4050e-01
3369.1318 1.2787e-01
3370.1426 1.2592e-01
3371.1536 1.1365e-01
3372.1650 1.4630e-01
3373.1768 1.3278e-01
3374.1885 1.1316e-01
3375.2004 1.2982e-01
3376.2134 1.2689e-01
3377.2261 1.2310e-01
3378.2395 1.3072e-01
3379.2529 1.2758e-01
3380.2664 1.4086e-01
3381.2805 1.1013e-01
3382.2952 1.3705e-01
3383.3098 1.1829e-01
3384.3250 1.4696e-01
3385.3401 1.3997e-01
3386.3557 1.2078e-01
3387.3716 1.3645e-01
3388.3879 1.3924e-01
3389.4045 1.4229e-01
3390.4211 1.5386e-01
3391.4385 1.4754e-01
3392.4558 1.4673e-01
3393.4736 1.5762e-01
3394.4915 1.2899e-01
3395.5100 1.4033e-01
3396.5286 1.5093e-01
3397.5474 1.5370e-01
3398.5667 1.6430e-01
3399.5862 1.7817e-01
3400.6062 1.4601e-01
3401.6262 1.7177e-01
3402.6467 1.6768e-01
3403.6677 1.6448e-01
3404.6887 1.4963e-01
3405.7100 1.5410e-01
3406.7319 1.9301e-01
3407.7539 1.8802e-01
3408.7764 1.8118e-01
3409.7988 1.7059e-01
3410.8218 1.6578e-01
3411.8450 1.5676e-01
3412.8687 1.6583e-01
3413.8923 1.9176e-01
3414.9167 1.7614e-01
3415.9412 1.5135e-01
3416.9658 1.6538e-01
3417.9907 1.9553e-01
3419.0164 1.9227e-01
3420.0420 2.2002e-01
3421.0681 1.5691e-01
3422.0945 2.0424e-01
3423.1208 1.9457e-01
3424.1479 1.7038e-01
3425.1753 2.0237e-01
3426.2029 1.8665e-01
3427.2307 2.0034e-01
3428.2588 2.1182e-01
3429.2871 2.2845e-01
3430.3159 1.9537e-01
3431.3452 2.0273e-01
3432.3748 2.2252e-01
3433.4041 2.2431e-01
3434.4346 2.2169e-01
3435.4646 2.2393e-01
3436.4954 2.0811e-01
3437.5261 2.4038e-01
3438.5579 2.2275e-01
3439.5894 2.4560e-01
3440.6208 2.3497e-01
3441.6531 2.1289e-01
3442.6855 2.5557e-01
3443.7183 2.3896e-01
3444.7515 2.1597e-01
3445.7852 2.4148e-01
3446.8186 2.5410e-01
3447.8525 2.0853e-01
3448.8872 2.3931e-01
3449.9216 2.3324e-01
3450.9568 2.4617e-01
3451.9919 2.3271e-01
3453.0276 2.5447e-01
3454.0637 2.6403e-01
3455.0999 2.2132e-01
3456.1362 2.1368e-01
3457.1731 2.0090e-01
3458.2102 2.2811e-01
3459.2476 2.5828e-01
3460.2856 2.5037e-01
3461.3235 2.8146e-01
3462.3621 2.4910e-01
3463.4004 2.5658e-01
3464.4399 2.5503e-01
3465.4790 2.5827e-01
3466.5188 2.4323e-01
3467.5586 2.3747e-01
3468.5989 2.6827e-01
3469.6394 2.5638e-01
3470.6804 2.6266e-01
3471.7217 2.7681e-01
3472.7629 2.2626e-01
3473.8049 2.2955e-01
3474.8469 2.3090e-01
3475.8894 2.4103e-01
3476.9321 2.6211e-01
3477.9751 2.3406e-01
3479.0188 2.6229e-01
3480.0625 2.6603e-01
3481.1064 2.7308e-01
3482.1509 2.4030e-01
3483.1956 2.5721e-01
3484.2407 2.7509e-01
3485.2856 2.3944e-01
3486.3313 2.6144e-01
3487.3772 2.6615e-01
3488.4233 2.4990e-01
3489.4697 2.5129e-01
3490.5168 2.5891e-01
3491.5640 2.5143e-01
3492.6116 2.5378e-01
3493.6592 2.5995e-01
3494.7073 2.7981e-01
3495.7556 2.8037e-01
3496.8044 2.5000e-01
3497.8535 2.4665e-01
3498.9026 2.3413e-01
3499.9526 2.8161e-01
3501.0024 2.7398e-01
3502.0527 2.3224e-01
3503.1033 2.4675e-01
3504.1543 2.7986e-01
3505.2058 2.2254e-01
3506.2571 2.2904e-01
3507.3088 2.9882e-01
3508.3613 2.2000e-01
3509.4136 2.5379e-01
3510.4663 2.8310e-01
3511.5193 2.6709e-01
3512.5730 2.7478e-01
3513.6270 2.7743e-01
3514.6809 2.3390e-01
3515.7351 2.1484e-01
3516.7898 2.7076e-01
3517.8452 2.1147e-01
3518.9004 2.1623e-01
3519.9561 2.4801e-01
3521.0122 2.4418e-01
3522.0686 2.4607e-01
3523.1250 2.5431e-01
3524.1821 2.2475e-01
3525.2390 2.4548e-01
3526.2969 2.1405e-01
3527.3547 2.2929e-01
3528.4126 2.0954e-01
3529.4714 2.1804e-01
3530.5303 2.0203e-01
3531.5894 2.3148e-01
3532.6487 2.3333e-01
3533.7090 2.2185e-01
3534.7688 2.0932e-01
3535.8293 2.0951e-01
3536.8901 2.1855e-01
3537.9512 2.2680e-01
3539.0122 1.9330e-01
3540.0740 1.9939e-01
3541.1360 1.7725e-01
3542.1987 2.1178e-01
3543.2612 1.8492e-01
3544.3245 2.1195e-01
3545.3875 1.8726e-01
3546.4509 2.0315e-01
3547.5154 2.0490e-01
3548.5793 2.0186e-01
3549.6438 1.9434e-01
3550.7087 1.8905e-01
3551.7739 1.8415e-01
3552.8396 1.9489e-01
3553.9053 1.7708e-01
3554.9714 1.6687e-01
3556.0378 1.9891e-01
3557.1050 1.8956e-01
3558.1716 1.8178e-01
3559.2395 1.9719e-01
3560.3071 1.9424e-01
3561.3752 1.9774e-01
3562.4436 1.6964e-01
3563.5125 2.0097e-01
3564.5813 1.8560e-01
3565.6506 1.6334e-01
3566.7205 1.6366e-01
3567.7905 1.4502e-01
3568.8611 1.9007e-01
3569.9316 1.5107e-01
3571.0027 1.8152e-01
3572.0737 1.7484e-01
3573.1455 1.7066e-01
3574.2175 1.5997e-01
3575.2896 1.7076e-01
3576.3625 1.5473e-01
3577.4351 1.4189e-01
3578.5083 1.4815e-01
3579.5820 1.8273e-01
3580.6560 1.7607e-01
3581.7300 1.4802e-01
3582.8047 1.4636e-01
3583.8792 1.5633e-01
3584.9546 1.4758e-01
3586.0298 1.4864e-01
3587.1060 1.4757e-01
3588.1821 1.3547e-01
3589.2583 1.3023e-01
3590.3352 1.4806e-01
3591.4124 1.2311e-01
3592.4897 1.5960e-01
3593.5671 1.2524e-01
3594.6455 1.4898e-01
3595.7241 1.5574e-01
3596.8025 1.4856e-01
3597.8818 1.6094e-01
3598.9609 1.3052e-01
3600.0405 1.3976e-01
3601.1204 1.3271e-01
3602.2009 1.7207e-01
3603.2817 1.0957e-01
3604.3625 1.5683e-01
3605.4441 1.4204e-01
3606.5256 1.5154e-01
3607.6074 1.2503e-01
3608.6899 1.3428e-01
3609.7725 1.5728e-01
3610.8552 1.2987e-01
3611.9385 1.1366e-01
3613.0222 1.4720e-01
3614.1062 1.2120e-01
3615.1904 1.4608e-01
3616.2749 1.3229e-01
3617.3599 1.3197e-01
3618.4451 1.1262e-01
3619.5303 1.4607e-01
3620.6165 1.2100e-01
3621.7024 1.2186e-01
3622.7891 1.3813e-01
3623.8760 1.2959e-01
3624.9631 1.1644e-01
3626.0508 1.2568e-01
3627.1382 1.2012e-01
3628.2266 1.2746e-01
3629.3152 1.2552e-01
3630.4038 1.2629e-01
3631.4927 1.5642e-01
3632.5825 1.3757e-01
3633.6721 1.0776e-01
3634.7622 1.2200e-01
3635.8528 1.2099e-01
3636.9434 1.3842e-01
3638.0347 1.5852e-01
3639.1257 1.8311e-01
3640.2178 1.5769e-01
3641.3098 1.3764e-01
3642.4021 1.1685e-01
3643.4946 1.5500e-01
3644.5881 1.0586e-01
3645.6814 1.3164e-01
3646.7751 1.5368e-01
3647.8691 1.4369e-01
3648.9634 1.4255e-01
3650.0581 1.3945e-01
3651.1533 1.2530e-01
3652.2480 1.4486e-01
3653.3442 1.5051e-01
3654.4402 1.4814e-01
3655.5364 1.2613e-01
3656.6333 1.5101e-01
3657.7300 1.4980e-01
3658.8274 1.5218e-01
3659.9250 1.5096e-01
3661.0232 1.6289e-01
3662.1213 1.4423e-01
3663.2202 1.7538e-01
3664.3188 1.6589e-01
3665.4182 1.8628e-01
3666.5181 1.8314e-01
3667.6179 1.6156e-01
3668.7183 1.7788e-01
3669.8186 1.9500e-01
3670.9197 1.6416e-01
3672.0210 1.9783e-01
3673.1226 1.7796e-01
3674.2241 1.9932e-01
3675.3269 1.8799e-01
3676.4294 1.7840e-01
3677.5325 1.9114e-01
3678.6355 1.8931e-01
3679.7390 2.0828e-01
3680.8430 2.2191e-01
3681.9473 1.7012e-01
3683.0518 2.0317e-01
3684.1570 2.0321e-01
3685.2620 2.0712e-01
3686.3677 2.3642e-01
3687.4739 2.0213e-01
3688.5796 2.0200e-01
3689.6865 2.5533e-01
3690.7932 1.9715e-01
3691.9006 2.3786e-01
3693.0081 2.1934e-01
3694.1160 2.4674e-01
3695.2241 2.5032e-01
3696.3328 2.3383e-01
3697.4417 2.5329e-01
3698.5508 2.4513e-01
3699.6606 2.4627e-01
3700.7703 2.5273e-01
3701.8806 2.5108e-01
3702.9910 2.7987e-01
3704.1023 2.8731e-01
3705.2136 2.6208e-01
3706.3247 2.6531e-01
3707.4370 2.7126e-01
3708.5491 2.5650e-01
3709.6616 2.6026e-01
3710.7744 2.6696e-01
3711.8877 2.7483e-01
3713.0012 2.7385e-01
3714.1152 3.0039e-01
3715.2292 2.7315e-01
3716.3440 2.6480e-01
3717.4590 2.5870e-01
3718.5742 2.7614e-01
3719.6897 2.7257e-01
3720.8057 2.9637e-01
3721.9219 2.7135e-01
3723.0383 2.7591e-01
3724.1553 2.9389e-01
3725.2725 2.9520e-01
3726.3904 2.6536e-01
3727.5081 2.8915e-01
3728.6265 2.6654e-01
3729.7451 2.3838e-01
3730.8640 2.8801e-01
3731.9832 2.6647e-01
3733.1028 2.5806e-01
3734.2227 2.8066e-01
3735.3428 2.5263e-01
3736.4636 2.6525e-01
3737.5842 2.7570e-01
3738.7056 2.6372e-01
3739.8276 2.8619e-01
3740.9490 2.4644e-01
3742.0718 2.3951e-01
3743.1943 2.4032e-01
3744.3171 2.9734e-01
3745.4404 2.5918e-01
3746.5640 2.8507e-01
3747.6880 2.3932e-01
3748.8125 2.5471e-01
3749.9368 2.5455e-01
3751.0620 2.7260e-01
3752.1873 2.0008e-01
3753.3130 2.4717e-01
3754.4387 2.5050e-01
3755.5652 2.3574e-01
3756.6919 2.2786e-01
3757.8188 2.4964e-01
3758.9463 2.3581e-01
3760.0737 2.2060e-01
3761.2019 2.2689e-01
3762.3306 2.3343e-01
3763.4590 2.1975e-01
3764.5881 2.1756e-01
3765.7175 1.9590e-01
3766.8472 2.1193e-01
3767.9771 2.0833e-01
3769.1079 2.0212e-01
3770.2383 2.0153e-01
3771.3694 2.0114e-01
3772.5007 1.8205e-01
3773.6328 1.7185e-01
3774.7646 1.8580e-01
3775.8972 1.8843e-01
3777.0298 1.9311e-01
3778.1628 1.8540e-01
3779.2964 1.6667e-01
3780.4302 1.5948e-01
3781.5642 2.0425e-01
3782.6987 1.8542e-01
3783.8335 2.0940e-01
3784.9690 1.6865e-01
3786.1042 1.9099e-01
3787.2400 1.6456e-01
3788.3762 1.7035e-01
3789.5125 1.4464e-01
3790.6497 1.6586e-01
3791.7869 1.6420e-01
3792.9246 1.5658e-01
3794.0625 1.4906e-01
3795.2007 1.6347e-01
3796.3391 1.6123e-01
3797.4778 1.5996e-01
3798.6169 1.1848e-01
3799.7568 1.3125e-01
3800.8967 1.5817e-01
3802.0371 1.4816e-01
3803.1775 1.4338e-01
3804.3181 1.4065e-01
3805.4597 1.3041e-01
3806.6013 1.4748e-01
3807.7434 1.2368e-01
3808.8857 1.3458e-01
3810.0286 1.3547e-01
3811.1714 1.2286e-01
3812.3149 1.3793e-01
3813.4583 1.3490e-01
3814.6025 1.2531e-01
3815.7468 1.2123e-01
3816.8916 1.3599e-01
3818.0369 1.2552e-01
3819.1824 1.2482e-01
3820.3281 1.6273e-01
3821.4741 1.0848e-01
3822.6201 1.1582e-01
3823.7671 1.6620e-01
3824.9143 1.3232e-01
3826.0615 1.2844e-01
3827.2097 1.3098e-01
3828.3577 1.3611e-01
3829.5063 1.4364e-01
3830.6553 1.3845e-01
3831.8044 1.1022e-01
3832.9539 1.3164e-01
3834.1035 1.3885e-01
3835.2539 1.5397e-01
3836.4045 1.3328e-01
3837.5554 1.4764e-01
3838.7068 1.4214e-01
3839.8582 1.2584e-01
3841.0103 1.3736e-01
3842.1628 1.4174e-01
3843.3152 1.3266e-01
3844.4683 1.3410e-01
3845.6216 1.3792e-01
3846.7754 1.8616e-01
3847.9294 1.6876e-01
3849.0835 1.7483e-01
3850.2383 1.7352e-01
3851.3933 1.6205e-01
3852.5488 1.5719e-01
3853.7051 1.6012e-01
3854.8606 1.6802e-01
3856.0173 1.8396e-01
3857.1741 2.0212e-01
3858.3313 1.7999e-01
3859.4883 1.5994e-01
3860.6465 1.9274e-01
3861.8047 1.7203e-01
3862.9631 1.6940e-01
3864.1221 1.7845e-01
3865.2815 1.8393e-01
3866.4412 1.7302e-01
3867.6011 2.0158e-01
3868.7610 1.7057e-01
3869.9216 1.6350e-01
3871.0828 2.1885e-01
3872.2441 2.1276e-01
3873.4058 1.8402e-01
3874.5676 1.9350e-01
3875.7302 2.0497e-01
3876.8931 1.7480e-01
3878.0559 1.8629e-01
3879.2192 1.9015e-01
3880.3831 1.9716e-01
3881.5474 1.9253e-01
3882.7119 1.8549e-01
3883.8767 1.8408e-01
3885.0420 2.1341e-01
3886.2073 1.9938e-01
3887.3728 2.2615e-01
3888.5391 2.2009e-01
3889.7061 1.9772e-01
3890.8730 1.9941e-01
3892.0400 1.9357e-01
3893.2078 2.1447e-01
3894.3755 1.8976e-01
3895.5439 2.0011e-01
3896.7126 2.1351e-01
3897.8813 1.9988e-01
3899.0508 2.1506e-01
3900.2209 1.9633e-01
3901.3909 1.9743e-01
3902.5613 2.2315e-01
3903.7322 2.2453e-01
3904.9031 1.8993e-01
3906.0747 2.0652e-01
3907.2463 2.2132e-01
3908.4187 2.1127e-01
3909.5911 2.3557e-01
3910.7642 1.8412e-01
3911.9373 1.9273e-01
3913.1111 1.9362e-01
3914.2849 1.9223e-01
3915.4592 2.2704e-01
3916.6335 1.9450e-01
3917.8086 2.4938e-01
3918.9839 2.2332e-01
3920.1597 2.3880e-01
3921.3359 2.0258e-01
3922.5120 2.0859e-01
3923.6887 2.3456e-01
3924.8660 2.1908e-01
3926.0432 2.2315e-01
3927.2212 2.1746e-01
3928.3994 2.2794e-01
3929.5779 2.5727e-01
3930.7568 2.3110e-01
3931.9360 2.1923e-01
3933.1157 2.5347e-01
3934.2954 2.2606e-01
3935.4758 2.3014e-01
3936.6562 2.6632e-01
3937.8374 2.6075e-01
3939.0186 2.7480e-01
3940.2004 2.5923e-01
3941.3826 2.6765e-01
3942.5649 2.5444e-01
3943.7478 2.7290e-01
3944.9307 2.4319e-01
3946.1147 2.5863e-01
3947.2983 2.9125e-01
3948.4824 2.4287e-01
3949.6670 2.4068e-01
3950.8521 3.2328e-01
3952.0369 3.1241e-01
3953.2227 2.7408e-01
3954.4089 2.6793e-01
3955.5950 2.9580e-01
3956.7812 3.2079e-01
3957.9688 3.0524e-01
3959.1560 2.8784e-01
3960.3438 2.9009e-01
3961.5320 3.1044e-01
3962.7202 3.2753e-01
3963.9094 3.1874e-01
3965.0984 3.0402e-01
3966.2881 3.1613e-01
3967.4778 3.1101e-01
3968.6680 3.1462e-01
3969.8584 3.2071e-01
3971.0498 3.5225e-01
3972.2412 3.0795e-01
3973.4326 3.2218e-01
3974.6248 3.6380e-01
3975.8171 3.4386e-01
3977.0095 3.4245e-01
3978.2029 3.3868e-01
3979.3962 3.2929e-01
3980.5901 3.5548e-01
3981.7844 3.2286e-01
3982.9790 3.6197e-01
3984.1736 3.0429e-01
3985.3691 3.3143e-01
3986.5647 3.5057e-01
3987.7605 3.6155e-01
3988.9568 3.3213e-01
3990.1538 3.9906e-01
3991.3506 3.3024e-01
3992.5481 3.2141e-01
3993.7456 3.6501e-01
3994.9441 3.7032e-01
3996.1423 3.2998e-01
3997.3413 3.4813e-01
3998.5408 3.8387e-01
3999.7397 3.4091e-01
4000.9402 3.3490e-01
4002.1401 3.2816e-01
4003.3408 3.8237e-01
4004.5415 3.3888e-01
4005.7434 3.5390e-01
4006.9448 3.8662e-01
4008.1470 3.6365e-01
4009.3496 3.6853e-01
4010.5522 3.8000e-01
4011.7556 3.7910e-01
4012.9587 3.6648e-01
4014.1628 3.6162e-01
4015.3672 3.4257e-01
4016.5715 3.2798e-01
4017.7769 4.1065e-01
4018.9817 3.7793e-01
4020.1875 3.4800e-01
4021.3936 3.8283e-01
4022.6003 3.8342e-01
4023.8071 3.9623e-01
4025.0142 3.7868e-01
4026.2214 3.8474e-01
4027.4294 3.9827e-01
4028.6377 3.8414e-01
4029.8462 4.0827e-01
4031.0554 3.9031e-01
4032.2646 3.8203e-01
4033.4744 3.7739e-01
4034.6843 3.5459e-01
4035.8945 3.5994e-01
4037.1052 3.9462e-01
4038.3167 3.4989e-01
4039.5281 3.3014e-01
4040.7397 3.6530e-01
4041.9524 3.4650e-01
4043.1648 3.5050e-01
4044.3777 3.0387e-01
4045.5913 3.7481e-01
4046.8047 3.6819e-01
4048.0186 3.3027e-01
4049.2332 3.6825e-01
4050.4480 3.2898e-01
4051.6628 3.4895e-01
4052.8784 3.2202e-01
4054.0942 3.4562e-01
4055.3108 3.1740e-01
4056.5273 3.5703e-01
4057.7444 2.9532e-01
4058.9614 3.1431e-01
4060.1792 3.2328e-01
4061.3970 3.2470e-01
4062.6155 3.3040e-01
4063.8345 3.1333e-01
4065.0535 3.0490e-01
4066.2732 2.7592e-01
4067.4929 2.9732e-01
4068.7131 3.4097e-01
4069.9338 2.9713e-01
4071.1548 2.8988e-01
4072.3762 3.0215e-01
4073.5981 2.9877e-01
4074.8201 3.0655e-01
4076.0427 2.8037e-01
4077.2654 2.8296e-01
4078.4885 3.0422e-01
4079.7119 3.2225e-01
4080.9358 3.0233e-01
4082.1602 3.1189e-01
4083.3845 2.9205e-01
4084.6099 3.0293e-01
4085.8354 2.7221e-01
4087.0608 3.1261e-01
4088.2869 2.8413e-01
4089.5137 2.9255e-01
4090.7407 2.8341e-01
4091.9678 2.9199e-01
4093.1953 3.0384e-01
4094.4233 2.9365e-01
4095.6519 2.9082e-01
4096.8799 2.7847e-01
4098.1094 2.5902e-01
4099.3384 2.7963e-01
4100.5684 2.3575e-01
4101.7988 2.5390e-01
4103.0293 2.8126e-01
4104.2598 2.5252e-01
4105.4912 2.9758e-01
4106.7231 2.4662e-01
4107.9546 2.7544e-01
4109.1875 2.9537e-01
4110.4204 2.5675e-01
4111.6533 2.5123e-01
4112.8867 2.4425e-01
4114.1211 2.4307e-01
4115.3545 2.1468e-01
4116.5898 2.5916e-01
4117.8247 2.8098e-01
4119.0596 2.5810e-01
4120.2954 2.1931e-01
4121.5317 2.5978e-01
4122.7681 2.4061e-01
4124.0049 2.5835e-01
4125.2422 2.5421e-01
4126.4800 2.4832e-01
4127.7178 2.3075e-01
4128.9561 2.4822e-01
4130.1948 2.4345e-01
4131.4336 2.1220e-01
4132.6733 2.4210e-01
4133.9126 2.2657e-01
4135.1533 2.4585e-01
4136.3936 2.2739e-01
4137.6348 2.2288e-01
4138.8760 2.4162e-01
4140.1172 2.2360e-01
4141.3599 2.5572e-01
4142.6021 2.4812e-01
4143.8447 2.3595e-01
4145.0879 2.3470e-01
4146.3315 2.2432e-01
4147.5752 2.1465e-01
4148.8198 2.4781e-01
4150.0640 2.3750e-01
4151.3091 2.3976e-01
4152.5547 2.4630e-01
4153.8003 2.5011e-01
4155.0464 2.4303e-01
4156.2930 2.4253e-01
4157.5400 2.5897e-01
4158.7871 2.6503e-01
4160.0352 2.6290e-01
4161.2827 2.3484e-01
4162.5312 2.5690e-01
4163.7803 2.5163e-01
4165.0293 2.4281e-01
4166.2783 2.2357e-01
4167.5288 2.5615e-01
4168.7788 2.3423e-01
4170.0298 2.3398e-01
4171.2803 2.8277e-01
4172.5317 2.3155e-01
4173.7837 2.4176e-01
4175.0356 2.6310e-01
4176.2886 2.7680e-01
4177.5410 2.6919e-01
4178.7944 2.6373e-01
4180.0479 2.6765e-01
4181.3022 2.6061e-01
4182.5566 2.5591e-01
4183.8115 2.5597e-01
4185.0664 2.6108e-01
4186.3223 2.8477e-01
4187.5776 2.5674e-01
4188.8340 2.4393e-01
4190.0903 2.4791e-01
4191.3477 2.7638e-01
4192.6050 2.5111e-01
4193.8628 2.6477e-01
4195.1206 2.7993e-01
4196.3794 2.3236e-01
4197.6387 2.9724e-01
4198.8975 2.7049e-01
4200.1577 2.8815e-01
4201.4175 2.6265e-01
4202.6782 2.4769e-01
4203.9390 2.4490e-01
4205.2002 2.7117e-01
4206.4614 2.7561e-01
4207.7231 2.8207e-01
4208.9858 2.7413e-01
4210.2485 2.7760e-01
4211.5112 2.7808e-01
4212.7749 2.4056e-01
4214.0391 2.6169e-01
4215.3032 2.6089e-01
4216.5679 2.7308e-01
4217.8330 2.7234e-01
4219.0981 2.4518e-01
4220.3638 2.3681e-01
4221.6299 2.3883e-01
4222.8965 2.5664e-01
4224.1636 2.6090e-01
4225.4302 2.6025e-01
4226.6978 2.3691e-01
4227.9658 2.8254e-01
4229.2349 2.6445e-01
4230.5034 2.6855e-01
4231.7725 2.8498e-01
4233.0415 2.9564e-01
4234.3115 2.1978e-01
4235.5825 2.1825e-01
4236.8525 2.3393e-01
4238.1235 2.3026e-01
4239.3955 2.3441e-01
4240.6670 2.5969e-01
4241.9390 2.3402e-01
4243.2119 2.3088e-01
4244.4844 2.1383e-01
4245.7583 2.6296e-01
4247.0317 2.3097e-01
4248.3062 2.2780e-01
4249.5806 2.2083e-01
4250.8555 2.2714e-01
4252.1309 2.4848e-01
4253.4062 2.0727e-01
4254.6821 2.3795e-01
4255.9590 2.3198e-01
4257.2358 2.2045e-01
4258.5127 2.3424e-01
4259.7900 2.4472e-01
4261.0679 2.3294e-01
4262.3462 2.3122e-01
4263.6250 2.1684e-01
4264.9043 2.3357e-01
4266.1841 2.3598e-01
4267.4639 2.3009e-01
4268.7432 2.5653e-01
4270.0244 2.5083e-01
4271.3052 2.3221e-01
4272.5869 2.6033e-01
4273.8682 2.3410e-01
4275.1509 2.2069e-01
4276.4336 2.5807e-01
4277.7163 2.1570e-01
4278.9995 2.1088e-01
4280.2837 2.5854e-01
4281.5674 2.3258e-01
4282.8521 1.9923e-01
4284.1367 2.4775e-01
4285.4219 2.3966e-01
4286.7075 2.5694e-01
4287.9937 2.2617e-01
4289.2798 2.5238e-01
4290.5669 2.6877e-01
4291.8540 2.5495e-01
4293.1416 2.4941e-01
4294.4292 2.4015e-01
4295.7183 2.3152e-01
4297.0063 2.3584e-01
4298.2954 2.4972e-01
4299.5854 2.4603e-01
4300.8750 2.6657e-01
4302.1650 2.0743e-01
4303.4561 2.2446e-01
4304.7471 2.3121e-01
4306.0381 2.5803e-01
4307.3301 2.6362e-01
4308.6221 2.1507e-01
4309.9150 2.8162e-01
4311.2075 2.1393e-01
4312.5015 2.0476e-01
4313.7949 2.6529e-01
4315.0889 2.1788e-01
4316.3838 2.5431e-01
4317.6787 2.5579e-01
4318.9741 2.0405e-01
4320.2700 2.1188e-01
4321.5654 2.2632e-01
4322.8623 2.3147e-01
4324.1592 2.2627e-01
4325.4565 2.4529e-01
4326.7539 2.0964e-01
4328.0518 2.4301e-01
4329.3501 2.2649e-01
4330.6494 2.6177e-01
4331.9482 2.4058e-01
4333.2480 2.4087e-01
4334.5479 2.3963e-01
4335.8477 2.0914e-01
4337.1489 2.2936e-01
4338.4502 2.1469e-01
4339.7515 2.5726e-01
4341.0537 2.0779e-01
4342.3560 2.4582e-01
4343.6582 2.3290e-01
4344.9614 2.1463e-01
4346.2646 2.4388e-01
4347.5693 2.2583e-01
4348.8735 2.3540e-01
4350.1782 2.1593e-01
4351.4829 2.3157e-01
4352.7886 2.1109e-01
4354.0938 2.2043e-01
4355.4009 2.2106e-01
4356.7070 2.4389e-01
4358.0137 1.9838e-01
4359.3218 1.8756e-01
4360.6294 2.1753e-01
4361.9375 2.2195e-01
4363.2461 2.2876e-01
4364.5552 2.0835e-01
4365.8643 2.4633e-01
4367.1743 2.1650e-01
4368.4844 2.4739e-01
4369.7954 2.2628e-01
4371.1060 1.7698e-01
4372.4170 1.9588e-01
4373.7285 1.9555e-01
4375.0415 1.9302e-01
4376.3540 1.9316e-01
4377.6665 2.3700e-01
4378.9800 1.8780e-01
4380.2935 2.2645e-01
4381.6074 2.0962e-01
4382.9219 2.1126e-01
4384.2363 2.0284e-01
4385.5522 1.9215e-01
4386.8677 1.9469e-01
4388.1841 2.1385e-01
4389.5010 1.9704e-01
4390.8169 2.1152e-01
4392.1343 1.9356e-01
4393.4521 2.0731e-01
4394.7700 1.9106e-01
4396.0884 1.9802e-01
4397.4077 2.0010e-01
4398.7266 1.9719e-01
4400.0464 1.9192e-01
4401.3667 1.9565e-01
4402.6870 1.9327e-01
4404.0073 1.9178e-01
4405.3291 1.8343e-01
4406.6504 2.0860e-01
4407.9722 1.9934e-01
4409.2944 1.9276e-01
4410.6172 2.1613e-01
4411.9404 1.9823e-01
4413.2642 1.8783e-01
4414.5879 1.7597e-01
4415.9126 2.0554e-01
4417.2373 2.0399e-01
4418.5625 1.9485e-01
4419.8882 2.0899e-01
4421.2139 2.0509e-01
4422.5405 2.0685e-01
4423.8672 1.9252e-01
4425.1938 1.9425e-01
4426.5220 2.0864e-01
4427.8496 1.8061e-01
4429.1787 2.3200e-01
4430.5063 2.1291e-01
4431.8364 2.2635e-01
4433.1655 2.1216e-01
4434.4956 2.3423e-01
4435.8262 2.0233e-01
4437.1567 2.0181e-01
4438.4878 2.5967e-01
4439.8193 2.1333e-01
4441.1514 2.1064e-01
4442.4834 2.2175e-01
4443.8164 2.3007e-01
4445.1494 2.5604e-01
4446.4829 2.4626e-01
4447.8169 2.2999e-01
4449.1514 2.6010e-01
4450.4863 2.9716e-01
4451.8213 2.6010e-01
4453.1567 2.4248e-01
4454.4927 2.6549e-01
4455.8291 2.4764e-01
4457.1660 2.4637e-01
4458.5029 2.4003e-01
4459.8403 2.4071e-01
4461.1787 2.8217e-01
4462.5171 2.7451e-01
4463.8555 2.6070e-01
4465.1948 2.3284e-01
4466.5347 2.7268e-01
4467.8740 2.8790e-01
4469.2144 3.0113e-01
4470.5552 2.8082e-01
4471.8970 2.7201e-01
4473.2383 2.5815e-01
4474.5806 2.6273e-01
4475.9229 2.8085e-01
4477.2651 2.9320e-01
4478.6084 3.0505e-01
4479.9521 2.7895e-01
4481.2959 2.9194e-01
4482.6406 2.9285e-01
4483.9854 2.8026e-01
4485.3306 3.2981e-01
4486.6763 2.8058e-01
4488.0220 2.9745e-01
4489.3682 3.2358e-01
4490.7153 3.1416e-01
4492.0620 3.1025e-01
4493.4102 3.1108e-01
4494.7578 2.9904e-01
4496.1069 3.1511e-01
4497.4556 3.2263e-01
4498.8047 3.2765e-01
4500.1543 3.2739e-01
4501.5044 2.8192e-01
4502.8550 3.4062e-01
4504.2056 3.1883e-01
4505.5566 2.8198e-01
4506.9082 3.4088e-01
4508.2607 3.5999e-01
4509.6133 3.2845e-01
4510.9658 3.3866e-01
4512.3193 3.0857e-01
4513.6729 3.3389e-01
4515.0273 3.4498e-01
4516.3818 3.3999e-01
4517.7363 3.1496e-01
4519.0918 3.5472e-01
4520.4473 3.5263e-01
4521.8037 3.5558e-01
4523.1606 3.4165e-01
4524.5171 3.0312e-01
4525.8750 3.1074e-01
4527.2324 3.1071e-01
4528.5903 3.3026e-01
4529.9492 3.2143e-01
4531.3081 3.3758e-01
4532.6675 3.3865e-01
4534.0269 3.1346e-01
4535.3872 3.4819e-01
4536.7480 3.3299e-01
4538.1094 3.2417e-01
4539.4702 3.5705e-01
4540.8320 3.3040e-01
4542.1943 3.2945e-01
4543.5576 3.5556e-01
4544.9199 3.4601e-01
4546.2842 3.0702e-01
4547.6475 3.8027e-01
4549.0117 3.6248e-01
4550.3770 3.3599e-01
4551.7417 3.6529e-01
4553.1074 3.1956e-01
4554.4731 3.3840e-01
4555.8398 3.8926e-01
4557.2061 3.5327e-01
4558.5732 3.4330e-01
4559.9414 3.5041e-01
4561.3086 3.6732e-01
4562.6772 3.8248e-01
4564.0459 3.4593e-01
4565.4150 3.6738e-01
4566.7852 3.6819e-01
4568.1553 3.7495e-01
4569.5249 3.6382e-01
4570.8965 3.4056e-01
4572.2676 3.6127e-01
4573.6392 3.6320e-01
4575.0117 3.9638e-01
4576.3838 3.6189e-01
4577.7568 3.8007e-01
4579.1304 3.4816e-01
4580.5039 3.7332e-01
4581.8784 3.9338e-01
4583.2524 3.6298e-01
4584.6274 3.6065e-01
4586.0029 3.4213e-01
4587.3789 3.5868e-01
4588.7549 3.4976e-01
4590.1318 3.4527e-01
4591.5083 3.3579e-01
4592.8857 3.9372e-01
4594.2642 3.4629e-01
4595.6426 3.2569e-01
4597.0210 3.6637e-01
4598.3999 3.7496e-01
4599.7798 3.3266e-01
4601.1597 3.6069e-01
4602.5396 3.5478e-01
4603.9204 3.9968e-01
4605.3022 3.7262e-01
4606.6836 3.6269e-01
4608.0649 3.3420e-01
4609.4478 3.5157e-01
4610.8306 3.1768e-01
4612.2144 3.6555e-01
4613.5977 3.6801e-01
4614.9819 3.6038e-01
4616.3662 3.6405e-01
4617.7515 3.2710e-01
4619.1362 3.1943e-01
4620.5225 3.6402e-01
4621.9082 3.5012e-01
4623.2949 3.5034e-01
4624.6816 3.5575e-01
4626.0693 3.6207e-01
4627.4570 3.1554e-01
4628.8457 3.4924e-01
4630.2334 3.3979e-01
4631.6230 3.3555e-01
4633.0127 3.4655e-01
4634.4028 3.5556e-01
4635.7935 3.5825e-01
4637.1831 3.3669e-01
4638.5742 3.4509e-01
4639.9658 3.3355e-01
4641.3579 3.5832e-01
4642.7505 3.3050e-01
4644.1436 3.3731e-01
4645.5371 3.5518e-01
4646.9307 3.2758e-01
4648.3247 3.4213e-01
4649.7188 3.6859e-01
4651.1138 3.4617e-01
4652.5093 3.4464e-01
4653.9048 3.2353e-01
4655.3018 3.2611e-01
4656.6978 3.6318e-01
4658.0947 3.2600e-01
4659.4922 3.3054e-01
4660.8896 3.6077e-01
4662.2886 3.3035e-01
4663.6865 3.2502e-01
4665.0859 3.2322e-01
4666.4854 3.2548e-01
4667.8853 3.2448e-01
4669.2861 3.2391e-01
4670.6870 3.0711e-01
4672.0874 3.4215e-01
4673.4897 3.1668e-01
4674.8916 3.2927e-01
4676.2944 3.5545e-01
4677.6968 3.2162e-01
4679.1006 3.2983e-01
4680.5039 3.3760e-01
4681.9082 3.5524e-01
4683.3125 3.3991e-01
4684.7173 3.4876e-01
4686.1230 3.1697e-01
4687.5288 3.2515e-01
4688.9351 3.4091e-01
4690.3423 3.2489e-01
4691.7490 3.2099e-01
4693.1562 2.9516e-01
4694.5645 3.1943e-01
4695.9731 3.2534e-01
4697.3818 3.2852e-01
4698.7910 3.0804e-01
4700.2002 3.3296e-01
4701.6104 3.3783e-01
4703.0205 3.5221e-01
4704.4316 3.0686e-01
4705.8433 3.0218e-01
4707.2549 3.2485e-01
4708.6670 3.1852e-01
4710.0796 3.2975e-01
4711.4927 3.1894e-01
4712.9058 3.6467e-01
4714.3203 2.7454e-01
4715.7344 3.4602e-01
4717.1494 3.4277e-01
4718.5645 2.9217e-01
4719.9800 2.8555e-01
4721.3955 3.2960e-01
4722.8120 3.2992e-01
4724.2290 3.2738e-01
4725.6460 3.1750e-01
4727.0645 3.2170e-01
4728.4824 3.3093e-01
4729.9004 2.9810e-01
4731.3198 3.0552e-01
4732.7388 3.2487e-01
4734.1587 3.2361e-01
4735.5791 3.0586e-01
4737.0000 3.2264e-01
4738.4209 2.9787e-01
4739.8428 3.1411e-01
4741.2646 2.8166e-01
4742.6870 3.2229e-01
4744.1094 3.0884e-01
4745.5327 3.0434e-01
4746.9565 2.8038e-01
4748.3804 3.0999e-01
4749.8052 3.0030e-01
4751.2300 3.0262e-01
4752.6548 2.4508e-01
4754.0811 2.5834e-01
4755.5078 3.0412e-01
4756.9341 2.8539e-01
4758.3608 2.6665e-01
4759.7886 2.8050e-01
4761.2168 2.7224e-01
4762.6445 2.6127e-01
4764.0737 2.5770e-01
4765.5029 2.6126e-01
4766.9326 2.7882e-01
4768.3628 2.8217e-01
4769.7930 3.0073e-01
4771.2236 2.7949e-01
4772.6553 2.6824e-01
4774.0869 2.8563e-01
4775.5190 2.8171e-01
4776.9521 2.9294e-01
4778.3853 2.7787e-01
4779.8184 2.8801e-01
4781.2524 3.0810e-01
4782.6870 2.7061e-01
4784.1226 2.6232e-01
4785.5571 2.5180e-01
4786.9927 2.6537e-01
4788.4292 2.6142e-01
4789.8652 2.6782e-01
4791.3022 2.6127e-01
4792.7397 2.5929e-01
4794.1777 2.6726e-01
4795.6152 2.7029e-01
4797.0542 2.7621e-01
4798.4937 2.5569e-01
4799.9331 2.3973e-01
4801.3735 2.4845e-01
4802.8140 2.8820e-01
4804.2544 3.0136e-01
4805.6958 2.8789e-01
4807.1377 2.5782e-01
4808.5796 2.8946e-01
4810.0220 2.6832e-01
4811.4653 2.6958e-01
4812.9087 2.6030e-01
4814.3525 3.0825e-01
4815.7969 2.3193e-01
4817.2417 2.6863e-01
4818.6865 2.5520e-01
4820.1328 2.5501e-01
4821.5786 2.7988e-01
4823.0249 2.5029e-01
4824.4717 2.6832e-01
4825.9189 2.7941e-01
4827.3667 2.7892e-01
4828.8149 2.5599e-01
4830.2637 2.7873e-01
4831.7124 2.7401e-01
4833.1621 2.5046e-01
4834.6118 2.7114e-01
4836.0620 2.3634e-01
4837.5137 2.6374e-01
4838.9644 2.7512e-01
4840.4165 2.6126e-01
4841.8687 2.8504e-01
4843.3208 3.0075e-01
4844.7739 2.5530e-01
4846.2275 2.4639e-01
4847.6812 2.7034e-01
4849.1357 2.2844e-01
4850.5903 2.2048e-01
4852.0454 2.3106e-01
4853.5015 2.3650e-01
4854.9575 2.5049e-01
4856.4136 2.3426e-01
4857.8706 2.3951e-01
4859.3281 2.3102e-01
4860.7861 2.5222e-01
4862.2437 2.2408e-01
4863.7026 2.6502e-01
4865.1621 2.3577e-01
4866.6211 2.6918e-01
4868.0815 2.3555e-01
4869.5420 2.1780e-01
4871.0024 2.3479e-01
4872.4639 2.7450e-01
4873.9263 2.5041e-01
4875.3877 2.3782e-01
4876.8506 2.1193e-01
4878.3135 2.3891e-01
4879.7773 2.3528e-01
4881.2412 2.0319e-01
4882.7051 2.2476e-01
4884.1704 2.5639e-01
4885.6357 2.3463e-01
4887.1011 2.4012e-01
4888.5674 2.5131e-01
4890.0337 2.1909e-01
4891.5010 2.5699e-01
4892.9683 2.3949e-01
4894.4360 2.1606e-01
4895.9043 2.1223e-01
4897.3730 2.4422e-01
4898.8423 2.2485e-01
4900.3120 2.2502e-01
4901.7827 2.3216e-01
4903.2529 2.5150e-01
4904.7231 2.0840e-01
4906.1953 2.4415e-01
4907.6675 2.3614e-01
4909.1392 2.3086e-01
4910.6123 2.4759e-01
4912.0854 2.7561e-01
4913.5586 2.3198e-01
4915.0332 2.4384e-01
4916.5073 2.1982e-01
4917.9819 2.3582e-01
4919.4575 2.3318e-01
4920.9331 2.3335e-01
4922.4097 2.4501e-01
4923.8872 2.2803e-01
4925.3638 2.1857e-01
4926.8418 2.4770e-01
4928.3188 2.1624e-01
4929.7979 2.4666e-01
4931.2769 2.2645e-01
4932.7563 2.1634e-01
4934.2358 2.1834e-01
4935.7168 2.0925e-01
4937.1963 2.1729e-01
4938.6782 2.3148e-01
4940.1597 1.9618e-01
4941.6416 2.0615e-01
4943.1250 2.0785e-01
4944.6069 2.0934e-01
4946.0908 1.9743e-01
4947.5752 2.1213e-01
4949.0586 1.9494e-01
4950.5435 1.9440e-01
4952.0278 1.9395e-01
4953.5142 1.9189e-01
4955.0010 1.7153e-01
4956.4873 1.7573e-01
4957.9741 1.9245e-01
4959.4614 1.7695e-01
4960.9492 1.8153e-01
4962.4370 1.7556e-01
4963.9258 1.7239e-01
4965.4150 1.7972e-01
4966.9048 1.8914e-01
4968.3945 1.8556e-01
4969.8853 1.9224e-01
4971.3765 1.7738e-01
4972.8677 1.6347e-01
4974.3599 1.7672e-01
4975.8521 1.7727e-01
4977.3447 1.8552e-01
4978.8379 1.8681e-01
4980.3315 1.7087e-01
4981.8257 1.8421e-01
4983.3203 1.8575e-01
4984.8159 1.6765e-01
4986.3105 1.7129e-01
4987.8066 1.7311e-01
4989.3027 1.6681e-01
4990.7998 1.5503e-01
4992.2974 1.9187e-01
4993.7939 1.7477e-01
4995.2930 1.7892e-01
4996.7915 1.7206e-01
4998.2905 1.8284e-01
4999.7896 1.5930e-01
5001.2896 1.5965e-01
5002.7900 1.7056e-01
5004.2915 1.5922e-01
5005.7925 1.7682e-01
5007.2944 1.6629e-01
5008.7964 1.9356e-01
5010.2993 1.8484e-01
5011.8022 1.7314e-01
5013.3057 1.6951e-01
5014.8101 1.7482e-01
5016.3145 1.7264e-01
5017.8184 1.8041e-01
5019.3247 1.5179e-01
5020.8301 1.8796e-01
5022.3359 1.8996e-01
5023.8428 1.9928e-01
5025.3496 1.8010e-01
5026.8579 1.7196e-01
5028.3657 1.7633e-01
5029.8740 1.9529e-01
5031.3828 1.6871e-01
5032.8926 2.0995e-01
5034.4023 1.8171e-01
5035.9131 1.8948e-01
5037.4233 1.9758e-01
5038.9346 1.6940e-01
5040.4463 1.7842e-01
5041.9585 1.7548e-01
5043.4712 1.9131e-01
5044.9839 1.6725e-01
5046.4980 1.6258e-01
5048.0112 1.6118e-01
5049.5259 2.1079e-01
5051.0415 1.7569e-01
5052.5562 2.1601e-01
5054.0723 1.9100e-01
5055.5884 1.7806e-01
5057.1045 2.0861e-01
5058.6221 1.9762e-01
5060.1401 1.8805e-01
5061.6577 2.0817e-01
5063.1763 1.9975e-01
5064.6953 2.1235e-01
5066.2144 1.9114e-01
5067.7339 1.9396e-01
5069.2549 1.8089e-01
5070.7759 1.7812e-01
5072.2969 1.9112e-01
5073.8188 1.7846e-01
5075.3403 1.7967e-01
5076.8628 1.9512e-01
5078.3867 1.9601e-01
5079.9097 1.9250e-01
5081.4336 2.0962e-01
5082.9580 2.1642e-01
5084.4829 1.8992e-01
5086.0083 2.0849e-01
5087.5342 1.9532e-01
5089.0605 1.8249e-01
5090.5874 1.9107e-01
5092.1143 1.9829e-01
5093.6421 1.9090e-01
5095.1699 1.8755e-01
5096.6987 1.8115e-01
5098.2275 1.9689e-01
5099.7573 2.1384e-01
5101.2871 1.8544e-01
5102.8179 1.9305e-01
5104.3481 2.2178e-01
5105.8799 1.9670e-01
5107.4111 2.0080e-01
5108.9438 1.8586e-01
5110.4761 2.0294e-01
5112.0093 2.0576e-01
5113.5435 1.8638e-01
5115.0771 1.4692e-01
5116.6118 2.0035e-01
5118.1470 1.9661e-01
5119.6816 2.0892e-01
5121.2183 1.9479e-01
5122.7544 1.7254e-01
5124.2910 1.7454e-01
5125.8286 2.0906e-01
5127.3667 1.9952e-01
5128.9043 1.9233e-01
5130.4429 1.9661e-01
5131.9824 1.8476e-01
5133.5220 1.9816e-01
5135.0615 1.7933e-01
5136.6021 1.8824e-01
5138.1436 1.7649e-01
5139.6846 1.9525e-01
5141.2266 1.9065e-01
5142.7690 2.0141e-01
5144.3125 1.7628e-01
5145.8550 1.8442e-01
5147.3989 1.7766e-01
5148.9429 1.7111e-01
5150.4883 1.7825e-01
5152.0332 1.9371e-01
5153.5781 1.8575e-01
5155.1245 1.8629e-01
5156.6714 1.9312e-01
5158.2178 2.2026e-01
5159.7656 1.9210e-01
5161.3130 2.1304e-01
5162.8618 2.0878e-01
5164.4106 2.0740e-01
5165.9604 1.8759e-01
5167.5098 2.0697e-01
5169.0605 1.8518e-01
5170.6108 1.9543e-01
5172.1621 1.9450e-01
5173.7139 2.1003e-01
5175.2656 1.8050e-01
5176.8188 1.9957e-01
5178.3711 2.0404e-01
5179.9253 2.0848e-01
5181.4790 2.1618e-01
5183.0337 2.1440e-01
5184.5884 1.8719e-01
5186.1436 2.1581e-01
5187.6992 2.0872e-01
5189.2559 1.9780e-01
5190.8130 2.1017e-01
5192.3696 1.7539e-01
5193.9277 1.9987e-01
5195.4858 2.0316e-01
5197.0439 2.0181e-01
5198.6035 1.9934e-01
5200.1636 2.1745e-01
5201.7231 2.1672e-01
5203.2837 2.1390e-01
5204.8447 2.3729e-01
5206.4058 2.1784e-01
5207.9683 1.8468e-01
5209.5303 2.0817e-01
5211.0933 2.1502e-01
5212.6567 2.2071e-01
5214.2202 2.1725e-01
5215.7847 2.1555e-01
5217.3496 2.1085e-01
5218.9150 2.0704e-01
5220.4800 2.4615e-01
5222.0464 2.2523e-01
5223.6128 1.9221e-01
5225.1802 2.1799e-01
5226.7480 2.2200e-01
5228.3154 1.9378e-01
5229.8843 2.0111e-01
5231.4526 2.0779e-01
5233.0225 2.2464e-01
5234.5928 2.1830e-01
5236.1626 2.0128e-01
5237.7339 2.2609e-01
5239.3052 2.1975e-01
5240.8770 2.0574e-01
5242.4492 2.2572e-01
5244.0220 2.4992e-01
5245.5947 1.8713e-01
5247.1689 2.0414e-01
5248.7422 2.3490e-01
5250.3174 2.0466e-01
5251.8921 2.2951e-01
5253.4678 2.0561e-01
5255.0439 2.1877e-01
5256.6211 2.4423e-01
5258.1978 2.2443e-01
5259.7749 2.4836e-01
5261.3530 2.2764e-01
5262.9312 2.2245e-01
5264.5098 2.1248e-01
5266.0898 2.0027e-01
5267.6694 2.2552e-01
5269.2495 2.5472e-01
5270.8311 2.1318e-01
5272.4116 2.6187e-01
5273.9941 2.2276e-01
5275.5757 2.1281e-01
5277.1587 2.2834e-01
5278.7422 2.4579e-01
5280.3252 1.9835e-01
5281.9092 2.1342e-01
5283.4937 2.0577e-01
5285.0786 2.0783e-01
5286.6641 2.2217e-01
5288.2500 2.2057e-01
5289.8369 2.3316e-01
5291.4238 2.0960e-01
5293.0117 2.4251e-01
5294.5996 2.2123e-01
5296.1870 2.1750e-01
5297.7764 2.0979e-01
5299.3662 2.2476e-01
5300.9561 2.1866e-01
5302.5459 2.5620e-01
5304.1367 2.1742e-01
5305.7280 2.5276e-01
5307.3188 1.9482e-01
5308.9116 2.2066e-01
5310.5044 2.4696e-01
5312.0977 2.1737e-01
5313.6919 2.1607e-01
5315.2856 2.3695e-01
5316.8799 2.2873e-01
5318.4751 2.2692e-01
5320.0708 2.1187e-01
5321.6665 2.2263e-01
5323.2632 1.9682e-01
5324.8604 2.2816e-01
5326.4575 2.3799e-01
5328.0557 2.1404e-01
5329.6533 2.4919e-01
5331.2534 2.2989e-01
5332.8516 2.1885e-01
5334.4517 2.1727e-01
5336.0522 2.5400e-01
5337.6533 2.4706e-01
5339.2544 2.2214e-01
5340.8560 2.1510e-01
5342.4585 2.1473e-01
5344.0605 2.2683e-01
5345.6646 2.1617e-01
5347.2681 2.1594e-01
5348.8726 1.9502e-01
5350.4771 2.0649e-01
5352.0825 2.0769e-01
5353.6875 1.9882e-01
5355.2944 2.1256e-01
5356.9009 2.1634e-01
5358.5073 2.0095e-01
5360.1152 1.9544e-01
5361.7236 1.9321e-01
5363.3315 1.9200e-01
5364.9404 1.7058e-01
5366.5503 1.8437e-01
5368.1602 1.6113e-01
5369.7705 1.7744e-01
5371.3813 1.8503e-01
5372.9932 1.7779e-01
5374.6050 1.9760e-01
5376.2173 1.8615e-01
5377.8301 1.6924e-01
5379.4434 1.8094e-01
5381.0576 1.8517e-01
5382.6714 1.8355e-01
5384.2861 1.6357e-01
5385.9014 2.1399e-01
5387.5171 1.7421e-01
5389.1343 1.8862e-01
5390.7505 1.8304e-01
5392.3677 1.8944e-01
5393.9858 1.5038e-01
5395.6035 1.8477e-01
5397.2222 1.6048e-01
5398.8413 1.7688e-01
5400.4609 1.7434e-01
5402.0811 1.9755e-01
5403.7017 1.8446e-01
5405.3228 1.5942e-01
5406.9448 1.6257e-01
5408.5659 1.7100e-01
5410.1890 1.8749e-01
5411.8115 1.5204e-01
5413.4360 1.5288e-01
5415.0596 1.8418e-01
5416.6841 1.6317e-01
5418.3096 1.6290e-01
5419.9351 1.5709e-01
5421.5605 1.5042e-01
5423.1875 1.6023e-01
5424.8145 1.6643e-01
5426.4414 1.6457e-01
5428.0693 1.6522e-01
5429.6982 1.6939e-01
5431.3271 1.7842e-01
5432.9565 1.8473e-01
5434.5859 1.6728e-01
5436.2163 1.6472e-01
5437.8472 1.8648e-01
5439.4785 1.4761e-01
5441.1104 1.6808e-01
5442.7427 1.7824e-01
5444.3760 1.7026e-01
5446.0098 1.7169e-01
5447.6431 1.7266e-01
5449.2778 1.8425e-01
5450.9121 1.5516e-01
5452.5474 1.8748e-01
5454.1826 1.6946e-01
5455.8193 1.5581e-01
5457.4565 1.6591e-01
5459.0933 1.5190e-01
5460.7310 1.8173e-01
5462.3696 1.5043e-01
5464.0073 1.6004e-01
5465.6475 1.5759e-01
5467.2871 1.9930e-01
5468.9272 1.7351e-01
5470.5674 1.8658e-01
5472.2090 1.6239e-01
5473.8506 1.9323e-01
5475.4927 2.0047e-01
5477.1353 1.8604e-01
5478.7783 1.7202e-01
5480.4224 1.6082e-01
5482.0659 2.0122e-01
5483.7104 1.7351e-01
5485.3560 1.6964e-01
5487.0010 1.7202e-01
5488.6475 1.7521e-01
5490.2944 2.0449e-01
5491.9414 1.9696e-01
5493.5889 1.6183e-01
5495.2368 1.6631e-01
5496.8857 1.8861e-01
5498.5342 1.7197e-01
5500.1841 1.9076e-01
5501.8340 1.7236e-01
5503.4849 1.9161e-01
5505.1357 1.9663e-01
5506.7871 1.8743e-01
5508.4395 1.5980e-01
5510.0923 1.7685e-01
5511.7451 1.5590e-01
5513.3984 1.7453e-01
5515.0522 1.6683e-01
5516.7070 1.9772e-01
5518.3623 1.6812e-01
5520.0176 1.7967e-01
5521.6733 1.7257e-01
5523.3301 1.7216e-01
5524.9868 1.7517e-01
5526.6450 1.5920e-01
5528.3027 1.5941e-01
5529.9609 1.7912e-01
5531.6201 1.7256e-01
5533.2793 1.7655e-01
5534.9395 1.7224e-01
5536.5996 1.8350e-01
5538.2607 1.9281e-01
5539.9229 1.6096e-01
5541.5840 1.4300e-01
5543.2466 1.8770e-01
5544.9102 1.4789e-01
5546.5728 1.6212e-01
5548.2373 1.6031e-01
5549.9019 1.3598e-01
5551.5664 1.8040e-01
5553.2324 1.8429e-01
5554.8984 1.7839e-01
5556.5645 1.9557e-01
5558.2310 1.5391e-01
5559.8989 1.5787e-01
5561.5669 1.6772e-01
5563.2354 1.5673e-01
5564.9043 1.6476e-01
5566.5732 1.3977e-01
5568.2437 1.6502e-01
5569.9150 1.6105e-01
5571.5854 1.6938e-01
5573.2568 1.7348e-01
5574.9287 1.5727e-01
5576.6011 1.4351e-01
5578.2739 1.6539e-01
5579.9482 1.7094e-01
5581.6216 1.4322e-01
5583.2959 1.7367e-01
5584.9717 1.2510e-01
5586.6470 1.4830e-01
5588.3223 1.6588e-01
5589.9990 1.4433e-01
5591.6763 1.6614e-01
5593.3535 1.4484e-01
5595.0317 1.5143e-01
5596.7104 1.4630e-01
5598.3892 1.5335e-01
5600.0688 1.3855e-01
5601.7490 1.4098e-01
5603.4292 1.8052e-01
5605.1104 1.7539e-01
5606.7915 1.6304e-01
5608.4741 1.8235e-01
5610.1562 1.5776e-01
5611.8394 1.4876e-01
5613.5234 1.7021e-01
5615.2075 1.5698e-01
5616.8916 1.5324e-01
5618.5767 1.4220e-01
5620.2627 1.6435e-01
5621.9482 1.5318e-01
5623.6348 1.7702e-01
5625.3218 1.6855e-01
5627.0098 1.8552e-01
5628.6982 1.5092e-01
5630.3867 1.6696e-01
5632.0757 1.5942e-01
5633.7651 1.5735e-01
5635.4551 1.5758e-01
5637.1460 1.4754e-01
5638.8369 1.6420e-01
5640.5283 1.5065e-01
5642.2207 1.8910e-01
5643.9141 1.8679e-01
5645.6069 1.7171e-01
5647.3003 1.8940e-01
5648.9946 1.9487e-01
5650.6895 2.1601e-01
5652.3848 1.7487e-01
5654.0801 1.5872e-01
5655.7759 1.9337e-01
5657.4736 1.6619e-01
5659.1709 1.7898e-01
5660.8682 1.9970e-01
5662.5664 1.8498e-01
5664.2651 1.8142e-01
5665.9644 1.7544e-01
5667.6641 1.8214e-01
5669.3647 1.9738e-01
5671.0649 1.7824e-01
5672.7666 1.8050e-01
5674.4688 1.8157e-01
5676.1709 1.7448e-01
5677.8740 1.9616e-01
5679.5771 1.8768e-01
5681.2812 1.7474e-01
5682.9858 1.8491e-01
5684.6899 1.9731e-01
5686.3950 1.6289e-01
5688.1021 1.8202e-01
5689.8076 1.9114e-01
5691.5146 1.8457e-01
5693.2222 1.8317e-01
5694.9302 1.8879e-01
5696.6382 2.0773e-01
5698.3477 1.7193e-01
5700.0571 2.0277e-01
5701.7671 1.9474e-01
5703.4775 1.8992e-01
5705.1885 2.0301e-01
5706.9004 2.1260e-01
5708.6123 1.8476e-01
5710.3252 1.7404e-01
5712.0381 1.7658e-01
5713.7524 1.8698e-01
5715.4663 2.0641e-01
5717.1812 1.7939e-01
5718.8955 1.6546e-01
5720.6118 1.9809e-01
5722.3271 1.8607e-01
5724.0444 1.9129e-01
5725.7617 1.9638e-01
5727.4795 2.1843e-01
5729.1973 1.8724e-01
5730.9165 1.9226e-01
5732.6353 1.8546e-01
5734.3550 1.9957e-01
5736.0757 1.8947e-01
5737.7969 2.1038e-01
5739.5176 1.9917e-01
5741.2397 1.7938e-01
5742.9624 2.0592e-01
5744.6851 1.8336e-01
5746.4082 2.1862e-01
5748.1323 1.9886e-01
5749.8569 1.9312e-01
5751.5815 2.1462e-01
5753.3076 1.9768e-01
5755.0332 1.9208e-01
5756.7593 2.1401e-01
5758.4863 1.7662e-01
5760.2144 2.0756e-01
5761.9424 2.0464e-01
5763.6709 2.0266e-01
5765.3999 1.7869e-01
5767.1294 2.0130e-01
5768.8594 1.9350e-01
5770.5908 1.9048e-01
5772.3213 1.8872e-01
5774.0527 1.7777e-01
5775.7856 1.9240e-01
5777.5181 1.9546e-01
5779.2515 1.9713e-01
5780.9844 2.0400e-01
5782.7192 1.8201e-01
5784.4546 1.9846e-01
5786.1899 2.1593e-01
5787.9253 1.9296e-01
5789.6626 2.1205e-01
5791.3984 1.8198e-01
5793.1362 2.0353e-01
5794.8745 1.8263e-01
5796.6123 1.9547e-01
5798.3516 1.8032e-01
5800.0913 1.7262e-01
5801.8306 1.7937e-01
5803.5713 1.9478e-01
5805.3125 1.9502e-01
5807.0537 2.2607e-01
5808.7964 1.7864e-01
5810.5391 1.7768e-01
5812.2822 1.8572e-01
5814.0259 1.5451e-01
5815.7700 1.9687e-01
5817.5151 1.6196e-01
5819.2598 1.8049e-01
5821.0059 1.8600e-01
5822.7524 1.5975e-01
5824.4990 1.9967e-01
5826.2461 1.8549e-01
5827.9937 1.7759e-01
5829.7427 1.7859e-01
5831.4912 1.6829e-01
5833.2407 1.7558e-01
5834.9912 1.6664e-01
5836.7417 1.8765e-01
5838.4922 1.7059e-01
5840.2446 1.6932e-01
5841.9961 1.4692e-01
5843.7490 1.9792e-01
5845.5020 1.7694e-01
5847.2559 1.5449e-01
5849.0103 1.4524e-01
5850.7642 1.5681e-01
5852.5195 1.4901e-01
5854.2754 1.8609e-01
5856.0317 1.4784e-01
5857.7881 1.7616e-01
5859.5454 1.5464e-01
5861.3032 1.5124e-01
5863.0625 1.4792e-01
5864.8208 1.7056e-01
5866.5806 1.4582e-01
5868.3403 1.5855e-01
5870.1006 1.5290e-01
5871.8618 1.5990e-01
5873.6230 1.6405e-01
5875.3857 1.4504e-01
5877.1479 1.6742e-01
5878.9111 1.4284e-01
5880.6748 1.6291e-01
5882.4390 1.4700e-01
5884.2036 1.6026e-01
5885.9692 1.4745e-01
5887.7349 1.3432e-01
5889.5010 1.4168e-01
5891.2676 1.4662e-01
5893.0356 1.3223e-01
5894.8032 1.3886e-01
5896.5718 1.2161e-01
5898.3408 1.5106e-01
5900.1108 1.3787e-01
5901.8804 1.4252e-01
5903.6509 1.4181e-01
5905.4219 1.3108e-01
5907.1938 1.4799e-01
5908.9663 1.6039e-01
5910.7383 1.5660e-01
5912.5112 1.4011e-01
5914.2856 1.4171e-01
5916.0601 1.4467e-01
5917.8345 1.3367e-01
5919.6099 1.3180e-01
5921.3857 1.3446e-01
5923.1621 1.4462e-01
5924.9395 1.3841e-01
5926.7163 1.4219e-01
5928.4946 1.5333e-01
5930.2729 1.6339e-01
5932.0522 1.3052e-01
5933.8315 1.4672e-01
5935.6123 1.5320e-01
5937.3926 1.2817e-01
5939.1738 1.4901e-01
5940.9556 1.5749e-01
5942.7383 1.5444e-01
5944.5210 1.5062e-01
5946.3042 1.6248e-01
5948.0879 1.7394e-01
5949.8726 1.6161e-01
5951.6572 1.5680e-01
5953.4434 1.4710e-01
5955.2290 1.6043e-01
5957.0151 1.5710e-01
5958.8022 1.5966e-01
5960.5903 1.3210e-01
5962.3789 1.3708e-01
5964.1670 1.4492e-01
5965.9561 1.5835e-01
5967.7466 1.4566e-01
5969.5366 1.5817e-01
5971.3276 1.4865e-01
5973.1187 1.3932e-01
5974.9106 1.6465e-01
5976.7031 1.6855e-01
5978.4961 1.3506e-01
5980.2900 1.5454e-01
5982.0845 1.5559e-01
5983.8789 1.4912e-01
5985.6729 1.4453e-01
5987.4692 1.6153e-01
5989.2651 1.6368e-01
5991.0620 1.6164e-01
5992.8589 1.8207e-01
5994.6572 1.6849e-01
5996.4556 1.8742e-01
5998.2549 1.6999e-01
6000.0547 1.6498e-01
6001.8545 1.5590e-01
6003.6548 1.7666e-01
6005.4561 1.5137e-01
6007.2578 1.7029e-01
6009.0596 1.5365e-01
6010.8623 1.4952e-01
6012.6660 1.6134e-01
6014.4697 1.7796e-01
6016.2739 1.6602e-01
6018.0786 1.6938e-01
6019.8843 1.6074e-01
6021.6909 1.5089e-01
6023.4966 1.5943e-01
6025.3037 1.5394e-01
6027.1108 1.5623e-01
6028.9199 1.7928e-01
6030.7285 1.3364e-01
6032.5366 1.6538e-01
6034.3472 1.4675e-01
6036.1577 1.8121e-01
6037.9683 1.5444e-01
6039.7793 1.5975e-01
6041.5918 1.5154e-01
6043.4038 1.7650e-01
6045.2173 1.6840e-01
6047.0312 1.6039e-01
6048.8447 1.6326e-01
6050.6592 1.4486e-01
6052.4751 1.7962e-01
6054.2905 1.5688e-01
6056.1069 1.7868e-01
6057.9233 1.4139e-01
6059.7407 1.6722e-01
6061.5586 1.4291e-01
6063.3770 1.5417e-01
6065.1968 1.5736e-01
6067.0161 1.4527e-01
6068.8359 1.4469e-01
6070.6567 1.6346e-01
6072.4785 1.5517e-01
6074.2998 1.5853e-01
6076.1221 1.6145e-01
6077.9448 1.7967e-01
6079.7681 1.5124e-01
6081.5918 1.6112e-01
6083.4160 1.6221e-01
6085.2417 1.6040e-01
6087.0664 1.5168e-01
6088.8936 1.7623e-01
6090.7197 1.4618e-01
6092.5469 1.5223e-01
6094.3745 1.4725e-01
6096.2031 1.4887e-01
6098.0327 1.6093e-01
6099.8613 1.5718e-01
6101.6914 1.5566e-01
6103.5220 1.5188e-01
6105.3530 1.6268e-01
6107.1846 1.5131e-01
6109.0171 1.6095e-01
6110.8496 1.5700e-01
6112.6831 1.5653e-01
6114.5166 1.5665e-01
6116.3511 1.3994e-01
6118.1855 1.4236e-01
6120.0210 1.4182e-01
6121.8574 1.4292e-01
6123.6938 1.4289e-01
6125.5308 1.3188e-01
6127.3687 1.4572e-01
6129.2065 1.5176e-01
6131.0454 1.5879e-01
6132.8843 1.8162e-01
6134.7246 1.6531e-01
6136.5649 1.4280e-01
6138.4062 1.5144e-01
6140.2476 1.6131e-01
6142.0894 1.5534e-01
6143.9316 1.4479e-01
6145.7759 1.7353e-01
6147.6191 1.6585e-01
6149.4634 1.6766e-01
6151.3081 1.5665e-01
6153.1538 1.3472e-01
6155.0000 1.3159e-01
6156.8462 1.5979e-01
6158.6934 1.4113e-01
6160.5410 1.3959e-01
6162.3892 1.5269e-01
6164.2373 1.3512e-01
6166.0869 1.5491e-01
6167.9370 1.2594e-01
6169.7871 1.5318e-01
6171.6387 1.4091e-01
6173.4897 1.3624e-01
6175.3413 1.2428e-01
6177.1938 1.5283e-01
6179.0474 1.6029e-01
6180.9009 1.3923e-01
6182.7549 1.5239e-01
6184.6104 1.3828e-01
6186.4653 1.4257e-01
6188.3213 1.3233e-01
6190.1782 1.4139e-01
6192.0356 1.4231e-01
6193.8931 1.1553e-01
6195.7505 1.4984e-01
6197.6099 1.2722e-01
6199.4688 1.1504e-01
6201.3281 1.3419e-01
6203.1895 1.1432e-01
6205.0498 1.2242e-01
6206.9121 1.2869e-01
6208.7739 1.3646e-01
6210.6367 1.2446e-01
6212.4995 1.4887e-01
6214.3633 1.2294e-01
6216.2275 1.1646e-01
6218.0923 1.2965e-01
6219.9575 1.1120e-01
6221.8237 1.1038e-01
6223.6904 1.1781e-01
6225.5576 1.2298e-01
6227.4258 1.2028e-01
6229.2935 9.7856e-02
6231.1621 1.1562e-01
6233.0317 9.1373e-02
6234.9019 9.3222e-02
6236.7720 1.0664e-01
6238.6431 1.0442e-01
6240.5146 9.6753e-02
6242.3867 8.4511e-02
6244.2598 8.7943e-02
6246.1323 1.1813e-01
6248.0063 8.2615e-02
6249.8813 9.9263e-02
6251.7559 1.0341e-01
6253.6313 7.9149e-02
6255.5073 8.0946e-02
6257.3843 8.3860e-02
6259.2617 9.2804e-02
6261.1392 9.3747e-02
6263.0176 1.0999e-01
6264.8970 8.0341e-02
6266.7759 9.2201e-02
6268.6562 9.3620e-02
6270.5361 9.5624e-02
6272.4180 1.0562e-01
6274.2993 8.3427e-02
6276.1816 8.3793e-02
6278.0645 9.7047e-02
6279.9478 8.3895e-02
6281.8320 8.6492e-02
6283.7168 8.3847e-02
6285.6021 7.4558e-02
6287.4868 8.6497e-02
6289.3740 8.8476e-02
6291.2603 7.6268e-02
6293.1475 6.6739e-02
6295.0352 1.0030e-01
6296.9238 9.0148e-02
6298.8130 7.9750e-02
6300.7026 8.6108e-02
6302.5933 9.9501e-02
6304.4839 7.8286e-02
6306.3755 8.6836e-02
6308.2676 8.0989e-02
6310.1597 9.3099e-02
6312.0527 6.7810e-02
6313.9468 7.8415e-02
6315.8398 9.3980e-02
6317.7349 8.5934e-02
6319.6304 8.4792e-02
6321.5269 7.2736e-02
6323.4233 8.6524e-02
6325.3198 9.1960e-02
6327.2178 8.3531e-02
6329.1157 8.2408e-02
6331.0146 7.7492e-02
6332.9131 9.0314e-02
6334.8140 8.2875e-02
6336.7139 9.6672e-02
6338.6147 7.6296e-02
6340.5166 8.4520e-02
6342.4189 9.1560e-02
6344.3213 8.1714e-02
6346.2246 8.1163e-02
6348.1284 7.6551e-02
6350.0332 9.5629e-02
6351.9380 9.2579e-02
6353.8442 9.4321e-02
6355.7500 1.0147e-01
6357.6572 1.0007e-01
6359.5645 8.9277e-02
6361.4717 8.9766e-02
6363.3804 9.2439e-02
6365.2891 9.9785e-02
6367.1987 1.0333e-01
6369.1089 9.8756e-02
6371.0200 1.1140e-01
6372.9312 9.6184e-02
6374.8428 9.6139e-02
6376.7549 1.1581e-01
6378.6685 1.2221e-01
6380.5820 1.1789e-01
6382.4966 1.0163e-01
6384.4111 1.0816e-01
6386.3257 1.2436e-01
6388.2422 9.7317e-02
6390.1587 1.1534e-01
6392.0752 1.0919e-01
6393.9932 1.1126e-01
6395.9116 1.0598e-01
6397.8301 1.1273e-01
6399.7490 9.7369e-02
6401.6694 1.0986e-01
6403.5898 1.1190e-01
6405.5112 1.1523e-01
6407.4331 1.2267e-01
6409.3545 1.3056e-01
6411.2778 1.0502e-01
6413.2012 1.0668e-01
6415.1250 1.2997e-01
6417.0493 1.2008e-01
6418.9741 1.2045e-01
6420.9004 1.1409e-01
6422.8262 1.3318e-01
6424.7534 1.1386e-01
6426.6812 1.1771e-01
6428.6094 1.1574e-01
6430.5381 1.1400e-01
6432.4668 1.1406e-01
6434.3960 1.1801e-01
6436.3267 1.2436e-01
6438.2578 1.1872e-01
6440.1895 1.1840e-01
6442.1216 1.0335e-01
6444.0537 1.1646e-01
6445.9868 1.0434e-01
6447.9209 1.1662e-01
6449.8550 1.1564e-01
6451.7905 1.1489e-01
6453.7256 1.2369e-01
6455.6621 1.2693e-01
6457.5986 1.1253e-01
6459.5356 1.1864e-01
6461.4741 1.1133e-01
6463.4121 1.0756e-01
6465.3506 9.5028e-02
6467.2905 1.0074e-01
6469.2310 1.2579e-01
6471.1719 1.0087e-01
6473.1128 1.0923e-01
6475.0552 1.0485e-01
6476.9976 1.0616e-01
6478.9409 1.1528e-01
6480.8848 1.3042e-01
6482.8286 1.2248e-01
6484.7739 1.0421e-01
6486.7192 1.2466e-01
6488.6650 1.1275e-01
6490.6113 1.2725e-01
6492.5581 1.2286e-01
6494.5063 9.9721e-02
6496.4546 1.2815e-01
6498.4038 1.0844e-01
6500.3535 1.2137e-01
6502.3032 1.0562e-01
6504.2539 1.2107e-01
6506.2056 1.3495e-01
6508.1572 1.2178e-01
6510.1099 1.1056e-01
6512.0625 1.3607e-01
6514.0166 9.8181e-02
6515.9702 1.1870e-01
6517.9258 1.0374e-01
6519.8809 1.0404e-01
6521.8364 1.1004e-01
6523.7930 1.2478e-01
6525.7505 1.0972e-01
6527.7075 1.1544e-01
6529.6665 1.2140e-01
6531.6255 1.1308e-01
6533.5845 1.0674e-01
6535.5449 9.3401e-02
6537.5054 1.1217e-01
6539.4668 1.0693e-01
6541.4282 1.2810e-01
6543.3911 1.0732e-01
6545.3545 1.0738e-01
6547.3179 1.1899e-01
6549.2817 1.1659e-01
6551.2466 1.1223e-01
6553.2124 1.2728e-01
6555.1777 1.0869e-01
6557.1445 1.1823e-01
6559.1113 1.1580e-01
6561.0796 1.0300e-01
6563.0479 1.0874e-01
6565.0166 9.6105e-02
6566.9863 1.1040e-01
6568.9561 8.6056e-02
6570.9268 1.0364e-01
6572.8979 1.0900e-01
6574.8701 9.1788e-02
6576.8423 9.4664e-02
6578.8154 1.0077e-01
6580.7896 1.0880e-01
6582.7632 1.0287e-01
6584.7383 1.0841e-01
6586.7139 1.1061e-01
6588.6895 9.5259e-02
6590.6660 1.1656e-01
6592.6431 1.0411e-01
6594.6211 9.6259e-02
6596.5996 1.0813e-01
6598.5791 9.3708e-02
6600.5581 1.0164e-01
6602.5386 1.0171e-01
6604.5190 9.0779e-02
6606.5005 8.2242e-02
6608.4824 9.1532e-02
6610.4648 1.0304e-01
6612.4482 8.8993e-02
6614.4326 9.6494e-02
6616.4160 8.3238e-02
6618.4009 8.2247e-02
6620.3867 9.5199e-02
6622.3730 9.6306e-02
6624.3594 8.2826e-02
6626.3467 1.0141e-01
6628.3350 9.0595e-02
6630.3232 7.9298e-02
6632.3125 1.1689e-01
6634.3022 1.0262e-01
6636.2920 7.6558e-02
6638.2827 8.4794e-02
6640.2744 7.2686e-02
6642.2671 9.3042e-02
6644.2593 8.6320e-02
6646.2529 9.4629e-02
6648.2471 8.1252e-02
6650.2412 8.8105e-02
6652.2358 6.5639e-02
6654.2314 1.0162e-01
6656.2280 7.6129e-02
6658.2251 9.2198e-02
6660.2222 8.6845e-02
6662.2207 1.0126e-01
6664.2197 8.3290e-02
6666.2178 7.4292e-02
6668.2178 8.8327e-02
6670.2188 8.7059e-02
6672.2192 7.8213e-02
6674.2212 7.9550e-02
6676.2241 7.4585e-02
6678.2266 7.3611e-02
6680.2300 7.5846e-02
6682.2334 8.7692e-02
6684.2388 7.9342e-02
6686.2446 8.4068e-02
6688.2500 6.7895e-02
6690.2563 9.4256e-02
6692.2627 9.7059e-02
6694.2715 7.6674e-02
6696.2793 7.4838e-02
6698.2881 9.2523e-02
6700.2979 7.6930e-02
6702.3081 7.9122e-02
6704.3188 8.0247e-02
6706.3301 7.9797e-02
6708.3418 8.7065e-02
6710.3545 8.3606e-02
6712.3672 9.9793e-02
6714.3809 7.5153e-02
6716.3955 7.9695e-02
6718.4106 9.2551e-02
6720.4263 7.7677e-02
6722.4419 7.0718e-02
6724.4585 7.3691e-02
6726.4756 7.2992e-02
6728.4946 6.9315e-02
6730.5127 7.0892e-02
6732.5312 6.5462e-02
6734.5513 6.4796e-02
6736.5718 7.1886e-02
6738.5923 7.8341e-02
6740.6152 6.8164e-02
6742.6367 5.7921e-02
6744.6587 7.4390e-02
6746.6831 7.4268e-02
6748.7065 5.5843e-02
6750.7310 7.1306e-02
6752.7563 8.0346e-02
6754.7822 5.7886e-02
6756.8091 7.0119e-02
6758.8359 5.9797e-02
6760.8633 6.5203e-02
6762.8916 7.9491e-02
6764.9209 6.2443e-02
6766.9502 7.1251e-02
6768.9805 7.1984e-02
6771.0107 7.8355e-02
6773.0425 5.3815e-02
6775.0742 5.7290e-02
6777.1064 6.1647e-02
6779.1401 5.9672e-02
6781.1733 6.3715e-02
6783.2080 5.9018e-02
6785.2427 6.8897e-02
6787.2783 7.0982e-02
6789.3149 6.8555e-02
6791.3516 5.3791e-02
6793.3887 5.3497e-02
6795.4272 5.1654e-02
6797.4653 5.8047e-02
6799.5049 6.4502e-02
6801.5444 7.3587e-02
6803.5854 6.5759e-02
6805.6260 5.6945e-02
6807.6685 6.3466e-02
6809.7100 6.4781e-02
6811.7534 5.7222e-02
6813.7964 5.8773e-02
6815.8408 6.0969e-02
6817.8853 5.4337e-02
6819.9312 5.4244e-02
6821.9771 6.0451e-02
6824.0234 7.0947e-02
6826.0703 6.3585e-02
6828.1182 5.7187e-02
6830.1670 6.1839e-02
6832.2163 5.0814e-02
6834.2651 6.4406e-02
6836.3154 6.6704e-02
6838.3667 4.7468e-02
6840.4180 5.6759e-02
6842.4702 6.8286e-02
6844.5229 5.2393e-02
6846.5762 4.5555e-02
6848.6304 6.0719e-02
6850.6851 5.8846e-02
6852.7402 5.4611e-02
6854.7959 5.8605e-02
6856.8525 6.1462e-02
6858.9097 6.4815e-02
6860.9668 6.0951e-02
6863.0254 7.2080e-02
6865.0845 5.1181e-02
6867.1440 4.5187e-02
6869.2041 6.1509e-02
6871.2646 6.3988e-02
6873.3257 5.8324e-02
6875.3882 5.5496e-02
6877.4512 5.5102e-02
6879.5137 5.9457e-02
6881.5781 5.9470e-02
6883.6421 4.6091e-02
6885.7075 5.5919e-02
6887.7729 5.3564e-02
6889.8394 6.1048e-02
6891.9062 6.7378e-02
6893.9746 5.5007e-02
6896.0425 5.8571e-02
6898.1113 5.4327e-02
6900.1802 4.9149e-02
6902.2505 5.5889e-02
6904.3213 5.5119e-02
6906.3926 6.2488e-02
6908.4648 5.8571e-02
6910.5366 6.4307e-02
6912.6099 5.8737e-02
6914.6841 5.0226e-02
6916.7588 4.9703e-02
6918.8335 5.8137e-02
6920.9092 5.5798e-02
6922.9849 6.0496e-02
6925.0620 4.3025e-02
6927.1401 5.0426e-02
6929.2178 5.2331e-02
6931.2964 5.1416e-02
6933.3760 4.5747e-02
6935.4561 5.2621e-02
6937.5371 4.6015e-02
6939.6182 4.9706e-02
6941.7002 5.7841e-02
6943.7822 5.6388e-02
6945.8657 5.6580e-02
6947.9487 5.0697e-02
6950.0337 4.8583e-02
6952.1182 5.0116e-02
6954.2046 5.4825e-02
6956.2905 4.9318e-02
6958.3779 4.6203e-02
6960.4644 5.0457e-02
6962.5527 4.9450e-02
6964.6421 5.5250e-02
6966.7314 4.6369e-02
6968.8208 5.0193e-02
6970.9116 5.1417e-02
6973.0029 6.3188e-02
6975.0947 4.1414e-02
6977.1880 5.0019e-02
6979.2803 3.6894e-02
6981.3745 5.5048e-02
6983.4692 5.0754e-02
6985.5635 6.0801e-02
6987.6602 5.1533e-02
6989.7559 4.7355e-02
6991.8525 4.4227e-02
6993.9507 5.8780e-02
6996.0488 3.5099e-02
6998.1479 4.3235e-02
7000.2471 5.8719e-02
7002.3467 4.3402e-02
7004.4468 5.5737e-02
7006.5488 5.5492e-02
7008.6514 5.6714e-02
7010.7529 4.4563e-02
7012.8564 5.4682e-02
7014.9609 5.5973e-02
7017.0654 4.7585e-02
7019.1699 4.8186e-02
7021.2759 5.5580e-02
7023.3823 4.3752e-02
7025.4893 4.9009e-02
7027.5977 5.3537e-02
7029.7051 4.3515e-02
7031.8145 5.5792e-02
7033.9238 3.7911e-02
7036.0337 4.6599e-02
7038.1450 4.2313e-02
7040.2559 5.1762e-02
7042.3687 5.1963e-02
7044.4805 4.1616e-02
7046.5938 4.6168e-02
7048.7080 4.9494e-02
7050.8228 6.1363e-02
7052.9385 5.5849e-02
7055.0542 5.0862e-02
7057.1704 5.7375e-02
7059.2881 4.7857e-02
7061.4053 5.1226e-02
7063.5234 5.6739e-02
7065.6431 5.2992e-02
7067.7627 4.3323e-02
7069.8828 3.7455e-02
7072.0039 5.1707e-02
7074.1255 4.8258e-02
7076.2476 5.2753e-02
7078.3706 4.8791e-02
7080.4937 4.0264e-02
7082.6187 4.9935e-02
7084.7432 4.3031e-02
7086.8687 4.2082e-02
7088.9946 4.9825e-02
7091.1216 4.9950e-02
7093.2490 5.2279e-02
7095.3765 4.5921e-02
7097.5049 5.5124e-02
7099.6348 5.0099e-02
7101.7642 5.3885e-02
7103.8945 4.6405e-02
7106.0264 5.0431e-02
7108.1582 4.7769e-02
7110.2905 4.2060e-02
7112.4229 5.1461e-02
7114.5571 4.3940e-02
7116.6914 5.5998e-02
7118.8262 4.1268e-02
7120.9619 4.4790e-02
7123.0986 4.7957e-02
7125.2354 4.2415e-02
7127.3730 4.9819e-02
7129.5112 4.6279e-02
7131.6499 5.3243e-02
7133.7896 4.9150e-02
7135.9292 5.1292e-02
7138.0703 4.6669e-02
7140.2119 3.7467e-02
7142.3540 5.4393e-02
7144.4966 4.4329e-02
7146.6396 4.8742e-02
7148.7842 4.9939e-02
7150.9287 4.6542e-02
7153.0742 5.9615e-02
7155.2197 5.5160e-02
7157.3667 4.3591e-02
7159.5137 4.6439e-02
7161.6616 5.5550e-02
7163.8101 4.1638e-02
7165.9590 4.8919e-02
7168.1089 4.3413e-02
7170.2593 4.7501e-02
7172.4102 4.0726e-02
7174.5625 4.9190e-02
7176.7144 5.4372e-02
7178.8672 4.9101e-02
7181.0210 5.1161e-02
7183.1753 5.1146e-02
7185.3306 5.0165e-02
7187.4858 4.7488e-02
7189.6421 4.9688e-02
7191.7988 4.6514e-02
7193.9565 5.1134e-02
7196.1147 4.4681e-02
7198.2734 4.0334e-02
7200.4336 4.5136e-02
7202.5928 4.6466e-02
7204.7539 5.5431e-02
7206.9155 3.6752e-02
7209.0771 4.8311e-02
7211.2402 4.6922e-02
7213.4033 4.9247e-02
7215.5674 5.1249e-02
7217.7324 4.2355e-02
7219.8979 4.9797e-02
7222.0635 4.8316e-02
7224.2300 3.8198e-02
7226.3979 5.4266e-02
7228.5654 4.4620e-02
7230.7334 4.7820e-02
7232.9033 5.9889e-02
7235.0728 4.0617e-02
7237.2432 5.0724e-02
7239.4150 4.7187e-02
7241.5864 3.8520e-02
7243.7593 4.1196e-02
7245.9321 4.3676e-02
7248.1060 5.8343e-02
7250.2803 4.8019e-02
7252.4551 4.6580e-02
7254.6313 5.6496e-02
7256.8076 3.7264e-02
7258.9849 4.3427e-02
7261.1626 5.2938e-02
7263.3408 3.9392e-02
7265.5200 4.1280e-02
7267.6992 5.4425e-02
7269.8799 4.4464e-02
7272.0605 3.7467e-02
7274.2422 4.9910e-02
7276.4243 4.6262e-02
7278.6069 3.6858e-02
7280.7910 3.6955e-02
7282.9751 4.1772e-02
7285.1602 4.0736e-02
7287.3452 4.1135e-02
7289.5317 4.6060e-02
7291.7188 5.7549e-02
7293.9067 4.5262e-02
7296.0947 4.1238e-02
7298.2832 4.6649e-02
7300.4727 4.0243e-02
7302.6631 3.2738e-02
7304.8540 4.5561e-02
7307.0454 4.0473e-02
7309.2373 5.1198e-02
7311.4292 5.4284e-02
7313.6235 5.9360e-02
7315.8179 4.1498e-02
7318.0122 4.5280e-02
7320.2075 4.1293e-02
7322.4038 4.2284e-02
7324.6001 4.2412e-02
7326.7979 3.9031e-02
7328.9961 5.8339e-02
7331.1943 5.2334e-02
7333.3936 4.8625e-02
7335.5938 4.4489e-02
7337.7944 4.6347e-02
7339.9956 3.7429e-02
7342.1982 4.3270e-02
7344.4004 3.3927e-02
7346.6035 4.5581e-02
7348.8081 4.7190e-02
7351.0127 3.3075e-02
7353.2183 4.8806e-02
7355.4238 4.3181e-02
7357.6304 5.4425e-02
7359.8374 3.4101e-02
7362.0459 4.5248e-02
7364.2549 4.6070e-02
7366.4634 5.2928e-02
7368.6738 3.7808e-02
7370.8838 4.0374e-02
7373.0957 3.8803e-02
7375.3071 4.2376e-02
7377.5200 4.0238e-02
7379.7334 4.5264e-02
7381.9473 3.3424e-02
7384.1616 4.3609e-02
7386.3770 3.1966e-02
7388.5928 4.3874e-02
7390.8096 4.0169e-02
7393.0264 4.7183e-02
7395.2446 4.2403e-02
7397.4639 4.3878e-02
7399.6826 2.8220e-02
7401.9023 3.4181e-02
7404.1230 3.7458e-02
7406.3438 3.3439e-02
7408.5654 3.9979e-02
7410.7886 3.3395e-02
7413.0122 3.6281e-02
7415.2354 4.3338e-02
7417.4604 3.9028e-02
7419.6855 4.1323e-02
7421.9116 3.3220e-02
7424.1382 4.3188e-02
7426.3652 3.9062e-02
7428.5933 4.8187e-02
7430.8218 3.7648e-02
7433.0513 4.9629e-02
7435.2808 3.8275e-02
7437.5117 3.7187e-02
7439.7432 4.9858e-02
7441.9741 3.6870e-02
7444.2070 3.8442e-02
7446.4404 4.0157e-02
7448.6748 4.1712e-02
7450.9097 5.2234e-02
7453.1440 5.0656e-02
7455.3809 4.2825e-02
7457.6167 3.4605e-02
7459.8545 4.5348e-02
7462.0923 4.0413e-02
7464.3306 5.6333e-02
7466.5698 4.3229e-02
7468.8096 4.5901e-02
7471.0503 4.7059e-02
7473.2920 3.3225e-02
7475.5342 4.4261e-02
7477.7769 4.0042e-02
7480.0205 3.5494e-02
7482.2637 5.0271e-02
7484.5088 2.7882e-02
7486.7539 3.3798e-02
7489.0000 3.7121e-02
7491.2471 4.2430e-02
7493.4937 3.8139e-02
7495.7422 3.6109e-02
7497.9912 4.6935e-02
7500.2402 4.3365e-02
7502.4902 3.6293e-02
7504.7412 4.2186e-02
7506.9927 4.5659e-02
7509.2441 3.5907e-02
7511.4976 4.4081e-02
7513.7510 3.8776e-02
7516.0044 3.7855e-02
7518.2593 3.6856e-02
7520.5151 3.8290e-02
7522.7715 3.7571e-02
7525.0283 3.3674e-02
7527.2861 3.7871e-02
7529.5439 3.4934e-02
7531.8027 3.6687e-02
7534.0620 4.7024e-02
7536.3228 3.5616e-02
7538.5835 3.9316e-02
7540.8447 3.6959e-02
7543.1074 3.7621e-02
7545.3706 3.7326e-02
7547.6338 3.6999e-02
7549.8984 3.0181e-02
7552.1626 3.2371e-02
7554.4292 3.9692e-02
7556.6948 3.6831e-02
7558.9619 3.3960e-02
7561.2295 3.7179e-02
7563.4976 3.7855e-02
7565.7671 3.0544e-02
7568.0366 2.8183e-02
7570.3071 2.8088e-02
7572.5786 3.7836e-02
7574.8511 4.0998e-02
7577.1230 3.6036e-02
7579.3960 3.0748e-02
7581.6694 2.7663e-02
7583.9443 2.9352e-02
7586.2192 3.8809e-02
7588.4956 3.2209e-02
7590.7715 3.7050e-02
7593.0488 3.3854e-02
7595.3262 3.6876e-02
7597.6060 4.6676e-02
7599.8843 3.9981e-02
7602.1641 2.2455e-02
7604.4448 4.1331e-02
7606.7271 3.1772e-02
7609.0093 2.8544e-02
7611.2910 2.6116e-02
7613.5752 3.2442e-02
7615.8589 2.9586e-02
7618.1440 3.2891e-02
7620.4292 3.6626e-02
7622.7153 3.0663e-02
7625.0020 3.2086e-02
7627.2896 2.8079e-02
7629.5781 2.9807e-02
7631.8662 3.8202e-02
7634.1562 3.3626e-02
7636.4468 3.6546e-02
7638.7378 3.1466e-02
7641.0288 3.2803e-02
7643.3213 3.0111e-02
7645.6138 3.5135e-02
7647.9072 4.0855e-02
7650.2021 3.3522e-02
7652.4971 3.5857e-02
7654.7935 3.8730e-02
7657.0894 3.4017e-02
7659.3867 3.3555e-02
7661.6846 3.2584e-02
7663.9829 3.3115e-02
7666.2817 3.3420e-02
7668.5825 3.1549e-02
7670.8823 2.8734e-02
7673.1841 3.1949e-02
7675.4854 3.3448e-02
7677.7891 4.0390e-02
7680.0918 3.4485e-02
7682.3960 3.1137e-02
7684.7002 4.6147e-02
7687.0059 2.7734e-02
7689.3125 2.7564e-02
7691.6191 3.3004e-02
7693.9268 3.5833e-02
7696.2344 3.2933e-02
7698.5430 3.2299e-02
7700.8530 4.1913e-02
7703.1631 3.0873e-02
7705.4746 2.8080e-02
7707.7856 3.3858e-02
7710.0981 3.4077e-02
7712.4111 3.4392e-02
7714.7251 3.2146e-02
7717.0391 3.2287e-02
7719.3540 3.9670e-02
7721.6699 3.3856e-02
7723.9868 3.3113e-02
7726.3042 3.2197e-02
7728.6216 2.5589e-02
7730.9409 4.1162e-02
7733.2593 3.1434e-02
7735.5796 3.1465e-02
7737.9004 3.2585e-02
7740.2217 4.1258e-02
7742.5435 3.5307e-02
7744.8662 2.7454e-02
7747.1895 3.1507e-02
7749.5142 2.5043e-02
7751.8394 4.3241e-02
7754.1650 2.8399e-02
7756.4907 2.9764e-02
7758.8174 3.4008e-02
7761.1450 3.1601e-02
7763.4736 3.1587e-02
7765.8022 3.2704e-02
7768.1323 2.6268e-02
7770.4634 3.3608e-02
7772.7944 3.6782e-02
7775.1260 2.9213e-02
7777.4585 3.0029e-02
7779.7915 2.9671e-02
7782.1260 2.8670e-02
7784.4604 3.1228e-02
7786.7954 3.0652e-02
7789.1318 3.3422e-02
7791.4683 3.2950e-02
7793.8062 2.7637e-02
7796.1436 3.4171e-02
7798.4824 2.5464e-02
7800.8218 2.8674e-02
7803.1626 2.7860e-02
7805.5034 3.2997e-02
7807.8447 3.3591e-02
7810.1880 3.5155e-02
7812.5303 3.3869e-02
7814.8745 2.7661e-02
7817.2192 3.0058e-02
7819.5640 3.7174e-02
7821.9106 3.0271e-02
7824.2559 3.2786e-02
7826.6040 3.6064e-02
7828.9521 3.2972e-02
7831.3003 3.5330e-02
7833.6499 4.0585e-02
7835.9995 3.0609e-02
7838.3511 3.6394e-02
7840.7021 3.6914e-02
7843.0547 2.5271e-02
7845.4077 2.9915e-02
7847.7603 3.4875e-02
7850.1152 3.3079e-02
7852.4702 3.9486e-02
7854.8262 2.7412e-02
7857.1821 3.4039e-02
7859.5396 3.2097e-02
7861.8975 4.1034e-02
7864.2559 2.8451e-02
7866.6157 3.9362e-02
7868.9756 3.5558e-02
7871.3359 2.8331e-02
7873.6978 3.5681e-02
7876.0601 3.5434e-02
7878.4224 3.8828e-02
7880.7856 2.9511e-02
7883.1509 3.5620e-02
7885.5151 2.6494e-02
7887.8809 3.2639e-02
7890.2476 3.3486e-02
7892.6147 2.5160e-02
7894.9814 2.4284e-02
7897.3501 2.8969e-02
7899.7192 2.9516e-02
7902.0898 3.7995e-02
7904.4604 3.4111e-02
7906.8311 3.6576e-02
7909.2036 3.5432e-02
7911.5767 3.6252e-02
7913.9497 3.2467e-02
7916.3247 2.7389e-02
7918.6987 3.3024e-02
7921.0742 3.4664e-02
7923.4512 2.9703e-02
7925.8276 3.0592e-02
7928.2051 4.7555e-02
7930.5845 3.6321e-02
7932.9634 3.5714e-02
7935.3433 4.1634e-02
7937.7236 3.3177e-02
7940.1050 2.8167e-02
7942.4873 3.5282e-02
7944.8701 2.7660e-02
7947.2529 3.5977e-02
7949.6377 4.0048e-02
7952.0225 3.8880e-02
7954.4082 3.2158e-02
7956.7949 4.2670e-02
7959.1807 3.7095e-02
7961.5688 3.4629e-02
7963.9580 3.1346e-02
7966.3462 3.7340e-02
7968.7368 3.9490e-02
7971.1274 3.5214e-02
7973.5181 3.2767e-02
7975.9111 4.2463e-02
7978.3032 3.6327e-02
7980.6973 3.3552e-02
7983.0908 2.8094e-02
7985.4858 3.4241e-02
7987.8823 2.8543e-02
7990.2778 3.6018e-02
7992.6748 3.2663e-02
7995.0728 3.4572e-02
7997.4717 3.8287e-02
7999.8711 3.4759e-02
8002.2710 3.2173e-02
8004.6709 3.1648e-02
8007.0723 3.8955e-02
8009.4746 3.3157e-02
8011.8779 2.5799e-02
8014.2812 3.3358e-02
8016.6855 4.3681e-02
8019.0903 4.0206e-02
8021.4966 3.2720e-02
8023.9028 3.1892e-02
8026.3105 2.2212e-02
8028.7173 2.9726e-02
8031.1260 3.1999e-02
8033.5361 3.1619e-02
8035.9458 3.1568e-02
8038.3569 3.8019e-02
8040.7681 3.1110e-02
8043.1807 3.8249e-02
8045.5933 3.5918e-02
8048.0068 3.9404e-02
8050.4214 3.1307e-02
8052.8364 3.7193e-02
8055.2520 2.6737e-02
8057.6689 2.7074e-02
8060.0864 3.6918e-02
8062.5049 3.9897e-02
8064.9229 3.2687e-02
8067.3423 4.2358e-02
8069.7632 3.2144e-02
8072.1836 3.2585e-02
8074.6050 4.0024e-02
8077.0278 2.5026e-02
8079.4507 4.1225e-02
8081.8745 2.9668e-02
8084.2988 3.3717e-02
8086.7251 3.0288e-02
8089.1509 2.3615e-02
8091.5771 2.9667e-02
8094.0049 3.0948e-02
8096.4331 2.7489e-02
8098.8618 3.3824e-02
8101.2910 2.9768e-02
8103.7217 3.0055e-02
8106.1528 2.3616e-02
8108.5845 3.3896e-02
8111.0171 3.4163e-02
8113.4502 2.8587e-02
8115.8843 3.0282e-02
8118.3188 4.0518e-02
8120.7549 2.4267e-02
8123.1914 3.0565e-02
8125.6284 3.2302e-02
8128.0659 2.8867e-02
8130.5049 3.3478e-02
8132.9438 2.6815e-02
8135.3833 3.4205e-02
8137.8237 3.6703e-02
8140.2651 2.8460e-02
8142.7075 2.6313e-02
8145.1504 3.1903e-02
8147.5938 3.1612e-02
8150.0376 3.2130e-02
8152.4834 2.2643e-02
8154.9292 3.1101e-02
8157.3750 3.0925e-02
8159.8228 3.9466e-02
8162.2705 2.5389e-02
8164.7192 2.6207e-02
8167.1685 3.1920e-02
8169.6187 3.1393e-02
8172.0693 2.9424e-02
8174.5210 3.1752e-02
8176.9736 3.4016e-02
8179.4268 2.5088e-02
8181.8809 3.2870e-02
8184.3350 3.3990e-02
8186.7900 3.9218e-02
8189.2456 3.4409e-02
8191.7031 3.5908e-02
8194.1602 3.6401e-02
8196.6191 3.5803e-02
8199.0781 3.2081e-02
8201.5371 2.3448e-02
8203.9980 2.9724e-02
8206.4590 3.2121e-02
8208.9219 3.1494e-02
8211.3838 2.9094e-02
8213.8477 2.9453e-02
8216.3115 3.6119e-02
8218.7764 3.1447e-02
8221.2422 3.8466e-02
8223.7090 3.6302e-02
8226.1758 4.0978e-02
8228.6436 2.6399e-02
8231.1123 2.4896e-02
8233.5811 3.6115e-02
8236.0518 3.5184e-02
8238.5215 4.4827e-02
8240.9932 3.5469e-02
8243.4658 3.1145e-02
8245.9395 2.9639e-02
8248.4131 3.3719e-02
8250.8877 2.6494e-02
8253.3623 3.2639e-02
8255.8389 3.2259e-02
8258.3154 3.6031e-02
8260.7920 2.7026e-02
8263.2715 2.9666e-02
8265.7500 3.5299e-02
8268.2305 4.1317e-02
8270.7100 3.5762e-02
8273.1914 3.8470e-02
8275.6738 2.9820e-02
8278.1553 2.5792e-02
8280.6396 3.0991e-02
8283.1240 3.9454e-02
8285.6094 3.0727e-02
8288.0947 4.0786e-02
8290.5811 3.5692e-02
8293.0674 3.0296e-02
8295.5557 3.2984e-02
8298.0449 4.0069e-02
8300.5352 3.0867e-02
8303.0234 3.5029e-02
8305.5156 3.1289e-02
8308.0068 2.6793e-02
8310.5000 4.4090e-02
8312.9922 3.3654e-02
8315.4863 4.1733e-02
8317.9805 4.0918e-02
8320.4766 3.6464e-02
8322.9717 3.4642e-02
8325.4697 3.4442e-02
8327.9668 3.4641e-02
8330.4658 3.2776e-02
8332.9639 3.7969e-02
8335.4648 3.3693e-02
8337.9648 4.2585e-02
8340.4668 3.5251e-02
8342.9688 2.6548e-02
8345.4717 3.9241e-02
8347.9746 3.3867e-02
8350.4795 3.7171e-02
8352.9844 4.2053e-02
8355.4902 3.2742e-02
8357.9971 4.3084e-02
8360.5039 3.9448e-02
8363.0127 3.1732e-02
8365.5215 3.8548e-02
8368.0312 5.4073e-02
8370.5420 3.3949e-02
8373.0527 4.0920e-02
8375.5654 3.7093e-02
8378.0771 3.3037e-02
8380.5908 3.6206e-02
8383.1045 3.8445e-02
8385.6191 3.2920e-02
8388.1348 3.7777e-02
8390.6523 3.4991e-02
8393.1689 3.7750e-02
8395.6865 4.0534e-02
8398.2061 2.9639e-02
8400.7246 3.7054e-02
8403.2461 4.3670e-02
8405.7666 3.7042e-02
8408.2881 4.4025e-02
8410.8105 3.2849e-02
8413.3340 4.0834e-02
8415.8584 3.8402e-02
8418.3818 4.2291e-02
8420.9082 4.1309e-02
8423.4346 3.3931e-02
8425.9609 4.2385e-02
8428.4893 3.5395e-02
8431.0186 3.8223e-02
8433.5479 3.5543e-02
8436.0771 3.1055e-02
8438.6074 3.7601e-02
8441.1396 3.8403e-02
8443.6729 3.9357e-02
8446.2051 3.6120e-02
8448.7383 4.0278e-02
8451.2734 4.5144e-02
8453.8086 4.1728e-02
8456.3457 3.5410e-02
8458.8828 3.7211e-02
8461.4199 3.1485e-02
8463.9580 3.7690e-02
8466.4971 4.5656e-02
8469.0371 4.9484e-02
8471.5781 3.5629e-02
8474.1191 3.5733e-02
8476.6621 4.1487e-02
8479.2051 4.5081e-02
8481.7480 4.8060e-02
8484.2930 4.2866e-02
8486.8379 3.8532e-02
8489.3848 4.1574e-02
8491.9316 3.9154e-02
8494.4795 4.0387e-02
8497.0264 4.1427e-02
8499.5762 4.0020e-02
8502.1260 4.0328e-02
8504.6777 3.6564e-02
8507.2285 4.7443e-02
8509.7803 3.6324e-02
8512.3330 4.2439e-02
8514.8857 4.4704e-02
8517.4414 3.8671e-02
8519.9961 3.0822e-02
8522.5527 3.8766e-02
8525.1094 4.3024e-02
8527.6670 4.2309e-02
8530.2246 4.6805e-02
8532.7842 5.1298e-02
8535.3438 4.0875e-02
8537.9053 4.1499e-02
8540.4668 4.4801e-02
8543.0273 4.8810e-02
8545.5908 4.1682e-02
8548.1543 3.9479e-02
8550.7188 5.5500e-02
8553.2842 4.3599e-02
8555.8496 4.4898e-02
8558.4170 5.0348e-02
8560.9844 5.1883e-02
8563.5527 3.6760e-02
8566.1221 5.0289e-02
8568.6914 3.5935e-02
8571.2617 5.4856e-02
8573.8350 3.9138e-02
8576.4062 4.4110e-02
8578.9785 4.7354e-02
8581.5527 5.1904e-02
8584.1270 4.7124e-02
8586.7031 4.2406e-02
8589.2783 4.2273e-02
8591.8555 6.8306e-02
8594.4326 4.1667e-02
8597.0117 4.4362e-02
8599.5898 3.9582e-02
8602.1699 5.0562e-02
8604.7500 4.9444e-02
8607.3320 3.4585e-02
8609.9150 4.7026e-02
8612.4971 5.0129e-02
8615.0811 4.3717e-02
8617.6660 5.5862e-02
8620.2500 4.2209e-02
8622.8369 4.3173e-02
8625.4229 4.7706e-02
8628.0117 5.4109e-02
8630.6006 5.2055e-02
8633.1885 4.0502e-02
8635.7793 4.9936e-02
8638.3711 3.8497e-02
8640.9609 4.5004e-02
8643.5527 4.6366e-02
8646.1465 4.4286e-02
8648.7393 5.1415e-02
8651.3350 4.9851e-02
8653.9307 3.9213e-02
8656.5264 3.8687e-02
8659.1230 4.9072e-02
8661.7207 3.9410e-02
8664.3203 3.7629e-02
8666.9189 3.9683e-02
8669.5186 5.2856e-02
8672.1201 4.9519e-02
8674.7217 4.9176e-02
8677.3242 4.5801e-02
8679.9277 4.2598e-02
8682.5312 4.9900e-02
8685.1367 4.7919e-02
8687.7412 3.9607e-02
8690.3477 4.6358e-02
8692.9551 4.5841e-02
8695.5625 3.1539e-02
8698.1709 4.4370e-02
8700.7803 5.0701e-02
8703.3916 5.4088e-02
8706.0020 4.2630e-02
8708.6133 4.1295e-02
8711.2266 5.3644e-02
8713.8398 4.4120e-02
8716.4541 5.2287e-02
8719.0684 4.5259e-02
8721.6846 5.0829e-02
8724.3018 5.8881e-02
8726.9189 4.3570e-02
8729.5371 6.0743e-02
8732.1553 4.4937e-02
8734.7754 4.1894e-02
8737.3955 5.2292e-02
8740.0166 4.1770e-02
8742.6387 4.8875e-02
8745.2607 4.9836e-02
8747.8848 3.8229e-02
8750.5098 4.8137e-02
8753.1348 4.9602e-02
8755.7607 4.4070e-02
8758.3867 4.1561e-02
8761.0146 4.7389e-02
8763.6436 5.3391e-02
8766.2715 4.6551e-02
8768.9023 3.9186e-02
8771.5322 4.7418e-02
8774.1641 4.7125e-02
8776.7959 3.8208e-02
8779.4287 3.9706e-02
8782.0635 4.5164e-02
8784.6982 4.8943e-02
8787.3330 3.9080e-02
8789.9697 3.7277e-02
8792.6074 5.1456e-02
8795.2451 3.6727e-02
8797.8838 3.6636e-02
8800.5234 4.3303e-02
8803.1621 5.4498e-02
8805.8027 4.5303e-02
8808.4453 3.9796e-02
8811.0879 4.7677e-02
8813.7314 4.4146e-02
8816.3750 3.5547e-02
8819.0205 4.4890e-02
8821.6660 3.8273e-02
8824.3125 4.2615e-02
8826.9590 3.0771e-02
8829.6084 4.3564e-02
8832.2568 4.7398e-02
8834.9062 4.4973e-02
8837.5557 3.7757e-02
8840.2080 4.7173e-02
8842.8594 4.7500e-02
8845.5127 5.6300e-02
8848.1670 4.3477e-02
8850.8213 4.3169e-02
8853.4766 3.8736e-02
8856.1328 4.3250e-02
8858.7881 3.8825e-02
8861.4463 4.1036e-02
8864.1045 4.1962e-02
8866.7646 3.2996e-02
8869.4238 3.8113e-02
8872.0850 3.6470e-02
8874.7471 4.0064e-02
8877.4092 4.3716e-02
8880.0732 4.6891e-02
8882.7373 5.1876e-02
8885.4014 3.7181e-02
8888.0674 3.3645e-02
8890.7334 3.7399e-02
8893.4004 4.6025e-02
8896.0684 4.1106e-02
8898.7373 4.3983e-02
8901.4072 4.3237e-02
8904.0771 4.0321e-02
8906.7480 4.0385e-02
8909.4199 5.2120e-02
8912.0938 4.7888e-02
8914.7676 4.1965e-02
8917.4414 4.2324e-02
8920.1172 3.0401e-02
8922.7930 4.6653e-02
8925.4697 4.1944e-02
8928.1475 3.5107e-02
8930.8262 3.7769e-02
8933.5049 3.8847e-02
8936.1855 4.3351e-02
8938.8652 2.9774e-02
8941.5469 3.4855e-02
8944.2295 3.4988e-02
8946.9141 3.5232e-02
8949.5977 3.7224e-02
8952.2822 3.5365e-02
8954.9678 3.6659e-02
8957.6553 3.4132e-02
8960.3418 3.0986e-02
8963.0293 3.8897e-02
8965.7178 3.5031e-02
8968.4082 3.8299e-02
8971.0986 4.0000e-02
8973.7910 4.1679e-02
8976.4824 4.7329e-02
8979.1748 3.6354e-02
8981.8691 3.8030e-02
8984.5635 3.6263e-02
8987.2588 4.0156e-02
8989.9551 4.6036e-02
8992.6523 4.0622e-02
8995.3506 3.1382e-02
8998.0488 3.8676e-02
9000.7480 3.2387e-02
9003.4482 3.0774e-02
9006.1494 3.3060e-02
9008.8516 3.0986e-02
9011.5537 3.9339e-02
9014.2578 3.5970e-02
9016.9609 3.6647e-02
9019.6660 3.3027e-02
9022.3721 3.1929e-02
9025.0791 3.7563e-02
9027.7871 2.9924e-02
9030.4951 4.1811e-02
9033.2051 3.0671e-02
9035.9150 3.0714e-02
9038.6260 3.4399e-02
9041.3369 2.8887e-02
9044.0498 3.3253e-02
9046.7627 3.1363e-02
9049.4766 2.7421e-02
9052.1914 3.3063e-02
9054.9072 2.9307e-02
9057.6240 4.0432e-02
9060.3398 3.9500e-02
9063.0586 3.0779e-02
9065.7773 2.8838e-02
9068.4971 3.2863e-02
9071.2168 2.5885e-02
9073.9395 3.8000e-02
9076.6611 3.5158e-02
9079.3848 3.1948e-02
9082.1074 3.2067e-02
9084.8330 3.1372e-02
9087.5576 3.6236e-02
9090.2832 3.0581e-02
9093.0117 3.1128e-02
9095.7393 3.3639e-02
9098.4688 3.0978e-02
9101.1973 2.9904e-02
9103.9287 3.2395e-02
9106.6592 2.8949e-02
9109.3906 2.5342e-02
9112.1250 3.4005e-02
9114.8584 3.3930e-02
9117.5928 3.3152e-02
9120.3271 2.9117e-02
9123.0635 2.6169e-02
9125.8008 2.8764e-02
9128.5391 2.6750e-02
9131.2764 2.9982e-02
9134.0156 3.3390e-02
9136.7568 3.8335e-02
9139.4980 2.0232e-02
9142.2383 2.5837e-02
9144.9814 2.8689e-02
9147.7266 3.0772e-02
9150.4707 3.0924e-02
9153.2158 2.7080e-02
9155.9609 3.1633e-02
9158.7070 3.2542e-02
9161.4551 3.3511e-02
9164.2041 2.9761e-02
9166.9531 2.8474e-02
9169.7031 2.2492e-02
9172.4541 2.7300e-02
9175.2051 3.2123e-02
9177.9580 3.0600e-02
9180.7109 3.1998e-02
9183.4668 2.7901e-02
9186.2207 3.6639e-02
9188.9766 2.8164e-02
9191.7334 2.9473e-02
9194.4912 3.7854e-02
9197.2490 2.8341e-02
9200.0088 3.1557e-02
9202.7686 2.9878e-02
9205.5293 2.4904e-02
9208.2920 2.8070e-02
9211.0527 2.2892e-02
9213.8164 3.1516e-02
9216.5811 3.0060e-02
9219.3467 2.9495e-02
9222.1113 3.8564e-02
9224.8789 3.2913e-02
9227.6455 2.6901e-02
9230.4141 2.9892e-02
9233.1836 2.6904e-02
9235.9531 2.7152e-02
9238.7246 3.3134e-02
9241.4951 2.5270e-02
9244.2686 2.8543e-02
9247.0410 2.2654e-02
9249.8154 2.6339e-02
9252.5908 2.5771e-02
9255.3652 2.8517e-02
9258.1426 2.8720e-02
9260.9209 2.3027e-02
9263.6992 2.8994e-02
9266.4775 3.1744e-02
9269.2568 2.0927e-02
9272.0381 2.5960e-02
9274.8203 2.6267e-02
9277.6025 1.7884e-02
9280.3857 2.3833e-02
9283.1709 3.3608e-02
9285.9541 2.4125e-02
9288.7402 1.8709e-02
9291.5264 3.1490e-02
9294.3135 2.5059e-02
9297.1025 2.1766e-02
9299.8926 2.3097e-02
9302.6816 2.5610e-02
9305.4727 1.9044e-02
9308.2646 2.9435e-02
9311.0566 2.6912e-02
9313.8506 1.9927e-02
9316.6436 2.1763e-02
9319.4395 2.4082e-02
9322.2354 3.0259e-02
9325.0322 2.5906e-02
9327.8291 1.9829e-02
9330.6279 2.9623e-02
9333.4277 3.0750e-02
9336.2266 2.9344e-02
9339.0283 2.1034e-02
9341.8291 2.8436e-02
9344.6318 2.1859e-02
9347.4355 2.1547e-02
9350.2402 2.3603e-02
9353.0449 2.7535e-02
9355.8516 3.1108e-02
9358.6572 2.2999e-02
9361.4658 2.4620e-02
9364.2734 2.6036e-02
9367.0830 2.4768e-02
9369.8936 2.7505e-02
9372.7041 2.5097e-02
9375.5156 2.3087e-02
9378.3291 1.6551e-02
9381.1416 2.3139e-02
9383.9561 2.3066e-02
9386.7715 2.6689e-02
9389.5879 2.1734e-02
9392.4043 2.5243e-02
9395.2217 2.2944e-02
9398.0400 2.3440e-02
9400.8594 3.2347e-02
9403.6807 2.1574e-02
9406.5020 2.4151e-02
9409.3242 2.3984e-02
9412.1465 2.3889e-02
9414.9707 2.2953e-02
9417.7939 1.8924e-02
9420.6201 2.2132e-02
9423.4453 1.3006e-02
9426.2725 2.4621e-02
9429.1006 2.4557e-02
9431.9287 2.0650e-02
9434.7588 1.5241e-02
9437.5898 2.7895e-02
9440.4209 2.3503e-02
9443.2529 2.2844e-02
9446.0859 2.3149e-02
9448.9199 2.6250e-02
9451.7549 2.4899e-02
9454.5889 2.3675e-02
9457.4268 1.8244e-02
9460.2637 2.0319e-02
9463.1016 2.1958e-02
9465.9414 2.0769e-02
9468.7803 2.4640e-02
9471.6211 2.6957e-02
9474.4629 2.2657e-02
9477.3047 2.7015e-02
9480.1484 2.2464e-02
9482.9922 2.5250e-02
9485.8369 1.7892e-02
9488.6836 2.1213e-02
9491.5303 2.1973e-02
9494.3760 2.0948e-02
9497.2256 1.8241e-02
9500.0742 2.4934e-02
9502.9238 2.4018e-02
9505.7754 2.8903e-02
9508.6270 1.8567e-02
9511.4805 2.0072e-02
9514.3320 2.2692e-02
9517.1875 3.3896e-02
9520.0420 2.3769e-02
9522.8984 2.5291e-02
9525.7559 1.8672e-02
9528.6133 2.3833e-02
9531.4717 1.9624e-02
9534.3311 2.2790e-02
9537.1914 1.8715e-02
9540.0518 1.7175e-02
9542.9150 2.5766e-02
9545.7773 2.5225e-02
9548.6416 1.6385e-02
9551.5059 1.6946e-02
9554.3711 1.8533e-02
9557.2373 1.9818e-02
9560.1045 2.0835e-02
9562.9727 2.0442e-02
9565.8418 2.2103e-02
9568.7109 1.8353e-02
9571.5820 1.5721e-02
9574.4531 2.2758e-02
9577.3252 2.1406e-02
9580.1992 2.1687e-02
9583.0723 2.1318e-02
9585.9473 1.6285e-02
9588.8242 1.4334e-02
9591.7002 1.9407e-02
9594.5781 1.9349e-02
9597.4561 1.7432e-02
9600.3350 2.4155e-02
9603.2158 1.9832e-02
9606.0957 2.0759e-02
9608.9775 1.9274e-02
9611.8613 1.6205e-02
9614.7441 1.7792e-02
9617.6279 1.4654e-02
9620.5137 1.5558e-02
9623.4014 1.6629e-02
9626.2881 1.9255e-02
9629.1748 1.2750e-02
9632.0645 1.8275e-02
9634.9541 1.5194e-02
9637.8438 1.5497e-02
9640.7363 1.7062e-02
9643.6270 1.4219e-02
9646.5215 1.7508e-02
9649.4141 2.0366e-02
9652.3086 1.1622e-02
9655.2051 1.9678e-02
9658.1016 1.7829e-02
9660.9990 1.4805e-02
9663.8975 2.2648e-02
9666.7969 2.0521e-02
9669.6973 1.3814e-02
9672.5967 1.8998e-02
9675.5000 1.4789e-02
9678.4023 1.6744e-02
9681.3057 1.4327e-02
9684.2109 1.8436e-02
9687.1152 1.2816e-02
9690.0215 1.3113e-02
9692.9287 1.5700e-02
9695.8369 1.8514e-02
9698.7441 1.4625e-02
9701.6553 1.1687e-02
9704.5645 2.0728e-02
9707.4775 1.8623e-02
9710.3887 1.3916e-02
9713.3008 1.1370e-02
9716.2158 1.4284e-02
9719.1299 1.5176e-02
9722.0459 1.7043e-02
9724.9629 2.4080e-02
9727.8809 1.7285e-02
9730.7988 1.5421e-02
9733.7178 1.3008e-02
9736.6387 1.5172e-02
9739.5586 1.2484e-02
9742.4805 1.8230e-02
9745.4033 1.5129e-02
9748.3281 1.2330e-02
9751.2520 1.3015e-02
9754.1777 1.6569e-02
9757.1035 1.1422e-02
9760.0303 1.2756e-02
9762.9590 1.9677e-02
9765.8877 1.9046e-02
9768.8174 1.4214e-02
9771.7480 1.2825e-02
9774.6797 1.0617e-02
9777.6113 1.4339e-02
9780.5459 1.8841e-02
9783.4795 1.7116e-02
9786.4141 1.1577e-02
9789.3496 1.2020e-02
9792.2871 1.0244e-02
9795.2256 1.7050e-02
9798.1641 1.6152e-02
9801.1035 1.2897e-02
9804.0430 1.6000e-02
9806.9844 2.0722e-02
9809.9268 1.4065e-02
9812.8691 1.2922e-02
9815.8125 1.4386e-02
9818.7578 1.7882e-02
9821.7041 2.0423e-02
9824.6494 1.6459e-02
9827.5967 1.3472e-02
9830.5469 1.1349e-02
9833.4951 1.2770e-02
9836.4453 1.5641e-02
9839.3965 1.5041e-02
9842.3486 1.2637e-02
9845.2998 1.4674e-02
9848.2549 1.1739e-02
9851.2080 1.3012e-02
9854.1641 9.9001e-03
9857.1201 1.7148e-02
9860.0771 1.1567e-02
9863.0361 1.3349e-02
9865.9941 1.3004e-02
9868.9541 1.7826e-02
9871.9150 9.8120e-03
9874.8760 1.9567e-02
9877.8389 1.5168e-02
9880.8018 8.9573e-03
9883.7666 1.1815e-02
9886.7324 1.4658e-02
9889.6982 1.3631e-02
9892.6641 1.3989e-02
9895.6338 1.2613e-02
9898.6016 1.1192e-02
9901.5713 1.1022e-02
9904.5420 1.3985e-02
9907.5127 1.4988e-02
9910.4854 1.2028e-02
9913.4590 1.0782e-02
9916.4326 1.2569e-02
9919.4072 1.6702e-02
9922.3828 1.6853e-02
9925.3584 1.0393e-02
9928.3379 1.2626e-02
9931.3164 1.2463e-02
9934.2949 5.7420e-03
9937.2754 1.0253e-02
9940.2568 1.4463e-02
9943.2383 1.0956e-02
9946.2207 1.1568e-02
9949.2061 1.3159e-02
9952.1904 1.5969e-02
9955.1758 1.3046e-02
9958.1631 1.2350e-02
9961.1494 8.7625e-03
9964.1387 1.4249e-02
9967.1279 1.1859e-02
9970.1182 1.3743e-02
9973.1084 1.4138e-02
9976.1006 1.5514e-02
9979.0928 1.4719e-02
9982.0859 8.1429e-03
9985.0820 1.2950e-02
9988.0771 1.3765e-02
9991.0732 8.9607e-03
9994.0713 8.7214e-03
9997.0693 9.0364e-03
10000.0684 1.2567e-02
10003.0674 1.0238e-02
10006.0684 1.2298e-02
10009.0713 8.9569e-03
10012.0742 1.0417e-02
10015.0771 1.2259e-02
10018.0820 9.0688e-03
10021.0879 7.6753e-03
10024.0938 1.4045e-02
10027.1006 1.2160e-02
10030.1084 1.2534e-02
10033.1172 9.4220e-03
10036.1270 1.4649e-02
10039.1387 7.3183e-03
10042.1504 1.2402e-02
10045.1631 7.2899e-03
10048.1768 1.2842e-02
10051.1924 1.3297e-02
10054.2061 1.2103e-02
10057.2227 1.4083e-02
10060.2402 1.3613e-02
10063.2578 1.1128e-02
10066.2773 1.2996e-02
10069.2969 1.1087e-02
10072.3174 8.1008e-03
10075.3379 1.2575e-02
10078.3623 8.9225e-03
10081.3848 8.4339e-03
10084.4102 7.5948e-03
10087.4346 9.4334e-03
10090.4619 1.0624e-02
10093.4883 1.2078e-02
10096.5166 9.8771e-03
10099.5459 1.0213e-02
10102.5742 7.8546e-03
10105.6055 6.4270e-03
10108.6367 9.7696e-03
10111.6709 1.2750e-02
10114.7041 7.4429e-03
10117.7383 1.0773e-02
10120.7734 1.1904e-02
10123.8105 4.5051e-03
10126.8477 1.0661e-02
10129.8857 6.9792e-03
10132.9248 8.3527e-03
10135.9648 1.4125e-02
10139.0049 6.9866e-03
10142.0479 1.5584e-02
10145.0879 6.5316e-03
10148.1318 1.3247e-02
10151.1768 1.1951e-02
10154.2227 9.7081e-03
10157.2686 9.0250e-03
10160.3154 9.6090e-03
10163.3643 1.0002e-02
10166.4121 7.3352e-03
10169.4629 9.7044e-03
10172.5137 9.0481e-03
10175.5654 1.0248e-02
10178.6191 1.0787e-02
10181.6719 9.0861e-03
10184.7256 9.7109e-03
10187.7822 7.6700e-03
10190.8379 9.0403e-03
10193.8945 1.0078e-02
10196.9541 8.8111e-03
10200.0127 1.0161e-02
10203.0723 1.1637e-02
10206.1328 7.7852e-03
10209.1953 1.3417e-02
10212.2578 9.0657e-03
10215.3223 9.0001e-03
10218.3867 9.0044e-03
10221.4521 1.2185e-02
10224.5186 1.3276e-02
10227.5850 6.8381e-03
10230.6543 1.1305e-02
10233.7246 9.8499e-03
10236.7930 9.2005e-03
10239.8643 1.6529e-02
10242.9355 1.0306e-02
10246.0098 9.2006e-03
10249.0830 8.4237e-03
10252.1572 8.3581e-03
10255.2334 9.3103e-03
10258.3096 5.4248e-03
10261.3877 7.7509e-03
10264.4648 9.5897e-03
10267.5449 9.0850e-03
10270.6250 1.3512e-02
