# time_explosion = 6.25
# 
3082.8928 1.7973e-02
3083.8179 3.2592e-02
3084.7432 3.7248e-02
3085.6685 1.2672e-02
3086.5940 2.3392e-02
3087.5200 5.3468e-03
3088.4463 1.1664e-02
3089.3728 1.2071e-02
3090.2996 1.1665e-02
3091.2268 2.0757e-02
3092.1541 2.5627e-02
3093.0815 2.5691e-02
3094.0098 1.4800e-02
3094.9380 2.2730e-02
3095.8665 3.5124e-02
3096.7952 3.5821e-02
3097.7241 2.3410e-02
3098.6536 1.9305e-02
3099.5828 3.2097e-02
3100.5129 2.2171e-02
3101.4431 1.3808e-02
3102.3735 2.4835e-02
3103.3042 2.4636e-02
3104.2354 1.6490e-02
3105.1665 1.9150e-02
3106.0981 2.7500e-02
3107.0300 2.7160e-02
3107.9619 2.5140e-02
3108.8943 3.5442e-02
3109.8269 1.9568e-02
3110.7600 1.6708e-02
3111.6929 1.2092e-02
3112.6265 2.0587e-02
3113.5605 4.2915e-02
3114.4944 2.3322e-02
3115.4290 2.1287e-02
3116.3635 2.1550e-02
3117.2986 1.2163e-02
3118.2336 1.7895e-02
3119.1689 3.1614e-02
3120.1047 1.8606e-02
3121.0410 1.1662e-02
3121.9773 1.7255e-02
3122.9136 1.4945e-02
3123.8508 3.6377e-02
3124.7878 2.0848e-02
3125.7251 2.1356e-02
3126.6628 2.2567e-02
3127.6008 1.1581e-02
3128.5393 2.4392e-02
3129.4778 2.6636e-02
3130.4170 1.2418e-02
3131.3557 1.0565e-02
3132.2954 1.8872e-02
3133.2349 3.1292e-02
3134.1748 2.5540e-02
3135.1150 9.7779e-03
3136.0559 1.1234e-02
3136.9968 1.0668e-02
3137.9377 2.6130e-02
3138.8789 1.1048e-02
3139.8206 1.5758e-02
3140.7625 1.9059e-02
3141.7046 2.4571e-02
3142.6472 1.0379e-02
3143.5901 6.0904e-03
3144.5334 2.4840e-02
3145.4766 9.5125e-03
3146.4202 2.4091e-02
3147.3643 7.7841e-03
3148.3086 2.2608e-02
3149.2529 9.7335e-03
3150.1975 2.2914e-02
3151.1426 2.0379e-02
3152.0881 1.6111e-02
3153.0337 2.8483e-02
3153.9795 2.3497e-02
3154.9255 1.2291e-02
3155.8723 2.0746e-02
3156.8188 2.4879e-02
3157.7661 1.3261e-02
3158.7134 3.6057e-02
3159.6609 1.7521e-02
3160.6086 2.9101e-02
3161.5571 2.2356e-02
3162.5054 1.9848e-02
3163.4541 1.2407e-02
3164.4031 1.8946e-02
3165.3528 3.5656e-02
3166.3022 2.3499e-02
3167.2522 1.1929e-02
3168.2024 1.4050e-02
3169.1526 1.4525e-02
3170.1035 1.3879e-02
3171.0544 1.8847e-02
3172.0061 6.5377e-03
3172.9573 3.4083e-02
3173.9092 2.1641e-02
3174.8613 1.1465e-02
3175.8140 6.7292e-03
3176.7668 1.9775e-02
3177.7197 8.7425e-03
3178.6729 8.3555e-03
3179.6267 3.0287e-02
3180.5808 2.0149e-02
3181.5347 2.2821e-02
3182.4893 2.6048e-02
3183.4438 2.5306e-02
3184.3987 8.8474e-03
3185.3542 1.8961e-02
3186.3101 2.0377e-02
3187.2659 2.6118e-02
3188.2217 2.4070e-02
3189.1785 1.8810e-02
3190.1350 1.6933e-02
3191.0920 1.6547e-02
3192.0493 2.0219e-02
3193.0071 3.7099e-02
3193.9651 1.7812e-02
3194.9233 2.1014e-02
3195.8818 1.4646e-02
3196.8408 1.7717e-02
3197.7996 3.1749e-02
3198.7590 1.7122e-02
3199.7185 1.0929e-02
3200.6782 1.2115e-02
3201.6387 1.5345e-02
3202.5991 2.8099e-02
3203.5598 2.8382e-02
3204.5208 2.9223e-02
3205.4824 2.0483e-02
3206.4441 1.6310e-02
3207.4058 1.9922e-02
3208.3682 1.6962e-02
3209.3306 1.4941e-02
3210.2935 2.1315e-02
3211.2563 2.5710e-02
3212.2200 2.0778e-02
3213.1833 1.9971e-02
3214.1472 2.4899e-02
3215.1118 3.3701e-02
3216.0764 1.3464e-02
3217.0413 9.9403e-03
3218.0061 1.6282e-02
3218.9714 2.1581e-02
3219.9373 2.3853e-02
3220.9031 2.0882e-02
3221.8699 1.2117e-02
3222.8362 1.4703e-02
3223.8030 2.6324e-02
3224.7700 1.7825e-02
3225.7375 2.1834e-02
3226.7053 1.8938e-02
3227.6731 1.4444e-02
3228.6416 2.6355e-02
3229.6101 2.3666e-02
3230.5791 3.0968e-02
3231.5483 2.3069e-02
3232.5178 1.3494e-02
3233.4875 1.5240e-02
3234.4575 1.3495e-02
3235.4280 1.7705e-02
3236.3984 3.4068e-02
3237.3691 3.1111e-02
3238.3403 1.9865e-02
3239.3120 1.8742e-02
3240.2839 4.5069e-03
3241.2559 1.6227e-02
3242.2285 1.2973e-02
3243.2012 1.1597e-02
3244.1743 2.4023e-02
3245.1472 2.8316e-02
3246.1208 1.9476e-02
3247.0947 2.8952e-02
3248.0688 3.1268e-02
3249.0432 2.2126e-02
3250.0178 1.8561e-02
3250.9929 2.9747e-02
3251.9680 2.3300e-02
3252.9438 2.1728e-02
3253.9194 1.7967e-02
3254.8958 1.1535e-02
3255.8723 3.2337e-02
3256.8489 1.1975e-02
3257.8262 1.4841e-02
3258.8035 2.3036e-02
3259.7810 1.1685e-02
3260.7593 1.7382e-02
3261.7373 9.6067e-03
3262.7158 2.4261e-02
3263.6946 1.9869e-02
3264.6736 1.2919e-02
3265.6531 1.5408e-02
3266.6331 1.5744e-02
3267.6130 1.7009e-02
3268.5930 2.7814e-02
3269.5735 1.8100e-02
3270.5544 2.6157e-02
3271.5356 1.9952e-02
3272.5171 1.3974e-02
3273.4990 1.8455e-02
3274.4812 2.4176e-02
3275.4634 2.3766e-02
3276.4458 3.6110e-02
3277.4287 1.4387e-02
3278.4124 1.4407e-02
3279.3958 2.1193e-02
3280.3794 1.9094e-02
3281.3635 8.0337e-03
3282.3479 2.1031e-02
3283.3325 2.4108e-02
3284.3179 1.6385e-02
3285.3030 2.2646e-02
3286.2888 2.0941e-02
3287.2744 3.6791e-02
3288.2605 8.3409e-03
3289.2471 2.0734e-02
3290.2339 2.5880e-02
3291.2212 4.7385e-02
3292.2083 1.9336e-02
3293.1958 2.1954e-02
3294.1838 3.5978e-02
3295.1724 1.8919e-02
3296.1609 1.8505e-02
3297.1497 2.6212e-02
3298.1387 2.0964e-02
3299.1282 4.1274e-02
3300.1177 3.0049e-02
3301.1079 2.3065e-02
3302.0984 4.0451e-02
3303.0889 3.4660e-02
3304.0798 2.3058e-02
3305.0713 2.9252e-02
3306.0627 2.2327e-02
3307.0544 2.8817e-02
3308.0466 3.1929e-02
3309.0391 2.2298e-02
3310.0317 2.9308e-02
3311.0247 2.1990e-02
3312.0178 2.6343e-02
3313.0117 2.7591e-02
3314.0054 3.2015e-02
3315.0000 2.3125e-02
3315.9941 2.8231e-02
3316.9890 3.0560e-02
3317.9839 1.4494e-02
3318.9795 2.8180e-02
3319.9751 2.6399e-02
3320.9712 3.9568e-02
3321.9678 3.7357e-02
3322.9639 4.1461e-02
3323.9607 3.2984e-02
3324.9580 2.0983e-02
3325.9558 3.5466e-02
3326.9536 3.3225e-02
3327.9514 2.7284e-02
3328.9497 2.2212e-02
3329.9482 2.1838e-02
3330.9475 3.2827e-02
3331.9468 2.6891e-02
3332.9463 1.8160e-02
3333.9463 3.0141e-02
3334.9463 2.7384e-02
3335.9473 2.2834e-02
3336.9478 2.8300e-02
3337.9487 2.4213e-02
3338.9502 3.9354e-02
3339.9517 3.2181e-02
3340.9536 2.4761e-02
3341.9561 3.4735e-02
3342.9587 3.3864e-02
3343.9614 3.6241e-02
3344.9651 4.4266e-02
3345.9685 1.8907e-02
3346.9722 2.0361e-02
3347.9763 3.8357e-02
3348.9805 2.5331e-02
3349.9854 4.0697e-02
3350.9902 1.7838e-02
3351.9956 3.3491e-02
3353.0010 3.2241e-02
3354.0073 1.4711e-02
3355.0129 3.4245e-02
3356.0198 2.3444e-02
3357.0264 1.6881e-02
3358.0334 2.5155e-02
3359.0410 3.2795e-02
3360.0488 3.1495e-02
3361.0569 2.6019e-02
3362.0654 3.1684e-02
3363.0740 2.5024e-02
3364.0828 1.8753e-02
3365.0918 3.5256e-02
3366.1013 1.9153e-02
3367.1113 1.1582e-02
3368.1213 3.2276e-02
3369.1318 3.1541e-02
3370.1426 2.6487e-02
3371.1536 3.2985e-02
3372.1650 3.4701e-02
3373.1768 4.4253e-02
3374.1885 5.3416e-02
3375.2004 4.2550e-02
3376.2134 5.4992e-02
3377.2261 2.6991e-02
3378.2395 2.8324e-02
3379.2529 2.8731e-02
3380.2664 3.0362e-02
3381.2805 3.6007e-02
3382.2952 1.8666e-02
3383.3098 3.8729e-02
3384.3250 3.3066e-02
3385.3401 3.8713e-02
3386.3557 3.0559e-02
3387.3716 4.7222e-02
3388.3879 2.9056e-02
3389.4045 2.7257e-02
3390.4211 4.7875e-02
3391.4385 4.1855e-02
3392.4558 2.7910e-02
3393.4736 1.9035e-02
3394.4915 3.1727e-02
3395.5100 3.8312e-02
3396.5286 3.7827e-02
3397.5474 4.3506e-02
3398.5667 3.7438e-02
3399.5862 5.0436e-02
3400.6062 3.7421e-02
3401.6262 4.3201e-02
3402.6467 3.5882e-02
3403.6677 4.0761e-02
3404.6887 3.0099e-02
3405.7100 3.4855e-02
3406.7319 3.0064e-02
3407.7539 3.5152e-02
3408.7764 2.0606e-02
3409.7988 2.0189e-02
3410.8218 4.5766e-02
3411.8450 5.9252e-02
3412.8687 5.1912e-02
3413.8923 2.8322e-02
3414.9167 3.3313e-02
3415.9412 4.0352e-02
3416.9658 3.9352e-02
3417.9907 4.2821e-02
3419.0164 3.6316e-02
3420.0420 5.2211e-02
3421.0681 3.4079e-02
3422.0945 5.8131e-02
3423.1208 3.5930e-02
3424.1479 4.0536e-02
3425.1753 4.0288e-02
3426.2029 3.7204e-02
3427.2307 3.5656e-02
3428.2588 3.1784e-02
3429.2871 4.8726e-02
3430.3159 3.0530e-02
3431.3452 3.9618e-02
3432.3748 4.3338e-02
3433.4041 5.8158e-02
3434.4346 3.6224e-02
3435.4646 3.2747e-02
3436.4954 6.0145e-02
3437.5261 3.9502e-02
3438.5579 5.8189e-02
3439.5894 5.8139e-02
3440.6208 3.6561e-02
3441.6531 3.9902e-02
3442.6855 3.4877e-02
3443.7183 2.5411e-02
3444.7515 4.2506e-02
3445.7852 3.9032e-02
3446.8186 4.6986e-02
3447.8525 5.6620e-02
3448.8872 5.0834e-02
3449.9216 2.9558e-02
3450.9568 5.4716e-02
3451.9919 4.1402e-02
3453.0276 5.8744e-02
3454.0637 4.2991e-02
3455.0999 6.5955e-02
3456.1362 5.1989e-02
3457.1731 4.4561e-02
3458.2102 3.1592e-02
3459.2476 3.5096e-02
3460.2856 3.7692e-02
3461.3235 3.8531e-02
3462.3621 4.6950e-02
3463.4004 5.9330e-02
3464.4399 5.0610e-02
3465.4790 5.5154e-02
3466.5188 5.3106e-02
3467.5586 4.3544e-02
3468.5989 4.1026e-02
3469.6394 3.4965e-02
3470.6804 4.6114e-02
3471.7217 4.8115e-02
3472.7629 4.6078e-02
3473.8049 4.9446e-02
3474.8469 3.5554e-02
3475.8894 6.8395e-02
3476.9321 5.5234e-02
3477.9751 5.4149e-02
3479.0188 4.1806e-02
3480.0625 3.6727e-02
3481.1064 4.9368e-02
3482.1509 5.3910e-02
3483.1956 5.7758e-02
3484.2407 4.7301e-02
3485.2856 3.7498e-02
3486.3313 5.3144e-02
3487.3772 4.4796e-02
3488.4233 5.5816e-02
3489.4697 5.0654e-02
3490.5168 3.6524e-02
3491.5640 5.9470e-02
3492.6116 3.3416e-02
3493.6592 7.5306e-02
3494.7073 4.9704e-02
3495.7556 4.1519e-02
3496.8044 3.2147e-02
3497.8535 4.4302e-02
3498.9026 5.4623e-02
3499.9526 5.0919e-02
3501.0024 5.0120e-02
3502.0527 5.2686e-02
3503.1033 4.9700e-02
3504.1543 4.9804e-02
3505.2058 4.9603e-02
3506.2571 4.2583e-02
3507.3088 5.2810e-02
3508.3613 3.4265e-02
3509.4136 3.0468e-02
3510.4663 4.4458e-02
3511.5193 4.9730e-02
3512.5730 5.2065e-02
3513.6270 6.2604e-02
3514.6809 2.8113e-02
3515.7351 5.6533e-02
3516.7898 4.4761e-02
3517.8452 4.1426e-02
3518.9004 4.7413e-02
3519.9561 5.2302e-02
3521.0122 5.1818e-02
3522.0686 4.1738e-02
3523.1250 2.9616e-02
3524.1821 6.1253e-02
3525.2390 3.2970e-02
3526.2969 4.3074e-02
3527.3547 6.9364e-02
3528.4126 3.6352e-02
3529.4714 5.0077e-02
3530.5303 2.9799e-02
3531.5894 5.1025e-02
3532.6487 5.1568e-02
3533.7090 6.0539e-02
3534.7688 2.8270e-02
3535.8293 4.4150e-02
3536.8901 5.5009e-02
3537.9512 4.2003e-02
3539.0122 3.6890e-02
3540.0740 3.9357e-02
3541.1360 3.6096e-02
3542.1987 7.9237e-02
3543.2612 4.8529e-02
3544.3245 3.0544e-02
3545.3875 5.8339e-02
3546.4509 4.9568e-02
3547.5154 2.6565e-02
3548.5793 5.5023e-02
3549.6438 3.4331e-02
3550.7087 5.5235e-02
3551.7739 4.4589e-02
3552.8396 4.7253e-02
3553.9053 3.1892e-02
3554.9714 3.5832e-02
3556.0378 2.9053e-02
3557.1050 4.3538e-02
3558.1716 4.4828e-02
3559.2395 3.1882e-02
3560.3071 2.4557e-02
3561.3752 3.2740e-02
3562.4436 4.6761e-02
3563.5125 3.4334e-02
3564.5813 3.1513e-02
3565.6506 3.0386e-02
3566.7205 4.0607e-02
3567.7905 3.6093e-02
3568.8611 4.1500e-02
3569.9316 3.8449e-02
3571.0027 3.5846e-02
3572.0737 6.4184e-02
3573.1455 3.8691e-02
3574.2175 4.1495e-02
3575.2896 3.0676e-02
3576.3625 5.6627e-02
3577.4351 3.4002e-02
3578.5083 3.1212e-02
3579.5820 3.2693e-02
3580.6560 3.9666e-02
3581.7300 3.3660e-02
3582.8047 3.8997e-02
3583.8792 2.6740e-02
3584.9546 6.0066e-02
3586.0298 3.8436e-02
3587.1060 4.3397e-02
3588.1821 4.4375e-02
3589.2583 4.5663e-02
3590.3352 3.7158e-02
3591.4124 3.0163e-02
3592.4897 2.5673e-02
3593.5671 3.7896e-02
3594.6455 2.3886e-02
3595.7241 4.2689e-02
3596.8025 3.2561e-02
3597.8818 5.1461e-02
3598.9609 3.3207e-02
3600.0405 3.4996e-02
3601.1204 2.8829e-02
3602.2009 4.6004e-02
3603.2817 2.7710e-02
3604.3625 2.4494e-02
3605.4441 4.2775e-02
3606.5256 2.0586e-02
3607.6074 4.0033e-02
3608.6899 2.9365e-02
3609.7725 4.6210e-02
3610.8552 2.4146e-02
3611.9385 4.3269e-02
3613.0222 3.7132e-02
3614.1062 2.9274e-02
3615.1904 3.4946e-02
3616.2749 2.9049e-02
3617.3599 5.6828e-02
3618.4451 3.7817e-02
3619.5303 3.7998e-02
3620.6165 5.1134e-02
3621.7024 4.2699e-02
3622.7891 4.0184e-02
3623.8760 2.7328e-02
3624.9631 3.2321e-02
3626.0508 4.7672e-02
3627.1382 2.4897e-02
3628.2266 2.7835e-02
3629.3152 3.7567e-02
3630.4038 4.6508e-02
3631.4927 3.0954e-02
3632.5825 2.7073e-02
3633.6721 3.4865e-02
3634.7622 2.3184e-02
3635.8528 2.6317e-02
3636.9434 3.1682e-02
3638.0347 3.8643e-02
3639.1257 2.8753e-02
3640.2178 2.6213e-02
3641.3098 4.5742e-02
3642.4021 3.9426e-02
3643.4946 2.8901e-02
3644.5881 4.3676e-02
3645.6814 4.3705e-02
3646.7751 2.6444e-02
3647.8691 5.3005e-02
3648.9634 2.3564e-02
3650.0581 4.9612e-02
3651.1533 4.0089e-02
3652.2480 3.7214e-02
3653.3442 4.8212e-02
3654.4402 3.6177e-02
3655.5364 4.6944e-02
3656.6333 3.9229e-02
3657.7300 3.5993e-02
3658.8274 6.3139e-02
3659.9250 4.0140e-02
3661.0232 4.9818e-02
3662.1213 3.8921e-02
3663.2202 7.2231e-02
3664.3188 3.8568e-02
3665.4182 3.2103e-02
3666.5181 3.6978e-02
3667.6179 4.3669e-02
3668.7183 5.0057e-02
3669.8186 4.2276e-02
3670.9197 5.2571e-02
3672.0210 3.2734e-02
3673.1226 6.0450e-02
3674.2241 3.8761e-02
3675.3269 3.4133e-02
3676.4294 4.4933e-02
3677.5325 5.9097e-02
3678.6355 5.4943e-02
3679.7390 6.1398e-02
3680.8430 5.4069e-02
3681.9473 4.7324e-02
3683.0518 3.7114e-02
3684.1570 3.9755e-02
3685.2620 4.2745e-02
3686.3677 3.4528e-02
3687.4739 3.8735e-02
3688.5796 6.3976e-02
3689.6865 6.1830e-02
3690.7932 5.9522e-02
3691.9006 3.8682e-02
3693.0081 5.9680e-02
3694.1160 5.6988e-02
3695.2241 5.6949e-02
3696.3328 2.7016e-02
3697.4417 4.9854e-02
3698.5508 5.3993e-02
3699.6606 6.6733e-02
3700.7703 5.2986e-02
3701.8806 5.7245e-02
3702.9910 5.4100e-02
3704.1023 7.8406e-02
3705.2136 5.1811e-02
3706.3247 4.0939e-02
3707.4370 5.1505e-02
3708.5491 4.6360e-02
3709.6616 6.3583e-02
3710.7744 5.3907e-02
3711.8877 8.1962e-02
3713.0012 5.8465e-02
3714.1152 8.8152e-02
3715.2292 5.4186e-02
3716.3440 8.1217e-02
3717.4590 6.3903e-02
3718.5742 7.3141e-02
3719.6897 5.7358e-02
3720.8057 6.4691e-02
3721.9219 8.0157e-02
3723.0383 7.1682e-02
3724.1553 5.1840e-02
3725.2725 6.8673e-02
3726.3904 6.0334e-02
3727.5081 4.9479e-02
3728.6265 6.9943e-02
3729.7451 3.6058e-02
3730.8640 6.3716e-02
3731.9832 5.7280e-02
3733.1028 3.9507e-02
3734.2227 6.9763e-02
3735.3428 7.9637e-02
3736.4636 7.4911e-02
3737.5842 7.7885e-02
3738.7056 6.0257e-02
3739.8276 6.3364e-02
3740.9490 5.2871e-02
3742.0718 6.2276e-02
3743.1943 6.9244e-02
3744.3171 4.8426e-02
3745.4404 6.8455e-02
3746.5640 5.1540e-02
3747.6880 6.6346e-02
3748.8125 6.4190e-02
3749.9368 5.1335e-02
3751.0620 6.4101e-02
3752.1873 5.5044e-02
3753.3130 7.6451e-02
3754.4387 6.2471e-02
3755.5652 4.5420e-02
3756.6919 7.1202e-02
3757.8188 5.7216e-02
3758.9463 6.5971e-02
3760.0737 6.8006e-02
3761.2019 9.0002e-02
3762.3306 4.6671e-02
3763.4590 6.9423e-02
3764.5881 6.1558e-02
3765.7175 4.9732e-02
3766.8472 5.8027e-02
3767.9771 6.8495e-02
3769.1079 3.8241e-02
3770.2383 5.8947e-02
3771.3694 5.8814e-02
3772.5007 5.7470e-02
3773.6328 4.5885e-02
3774.7646 4.0780e-02
3775.8972 4.5914e-02
3777.0298 4.4905e-02
3778.1628 4.9118e-02
3779.2964 3.9269e-02
3780.4302 5.5287e-02
3781.5642 7.0591e-02
3782.6987 4.7385e-02
3783.8335 4.8779e-02
3784.9690 5.5990e-02
3786.1042 6.0935e-02
3787.2400 3.8943e-02
3788.3762 4.6536e-02
3789.5125 5.6977e-02
3790.6497 5.8931e-02
3791.7869 4.3469e-02
3792.9246 4.8170e-02
3794.0625 4.5037e-02
3795.2007 5.5737e-02
3796.3391 4.2775e-02
3797.4778 5.0586e-02
3798.6169 6.4473e-02
3799.7568 4.7700e-02
3800.8967 6.3186e-02
3802.0371 5.2977e-02
3803.1775 2.8310e-02
3804.3181 3.6127e-02
3805.4597 3.7907e-02
3806.6013 5.0004e-02
3807.7434 3.6874e-02
3808.8857 3.6512e-02
3810.0286 3.1596e-02
3811.1714 3.5626e-02
3812.3149 4.4786e-02
3813.4583 4.0520e-02
3814.6025 6.4465e-02
3815.7468 4.2248e-02
3816.8916 3.7572e-02
3818.0369 5.8203e-02
3819.1824 6.2693e-02
3820.3281 5.2992e-02
3821.4741 4.1731e-02
3822.6201 3.9051e-02
3823.7671 5.0325e-02
3824.9143 3.5071e-02
3826.0615 5.6786e-02
3827.2097 4.9343e-02
3828.3577 4.0975e-02
3829.5063 4.7468e-02
3830.6553 4.4792e-02
3831.8044 4.1344e-02
3832.9539 5.3550e-02
3834.1035 5.3600e-02
3835.2539 4.9339e-02
3836.4045 2.6382e-02
3837.5554 4.7369e-02
3838.7068 5.6123e-02
3839.8582 4.2216e-02
3841.0103 4.3074e-02
3842.1628 5.4007e-02
3843.3152 3.4787e-02
3844.4683 4.9471e-02
3845.6216 3.6291e-02
3846.7754 3.2639e-02
3847.9294 5.7939e-02
3849.0835 4.5356e-02
3850.2383 4.9377e-02
3851.3933 4.1095e-02
3852.5488 4.5608e-02
3853.7051 4.0459e-02
3854.8606 4.9848e-02
3856.0173 4.8574e-02
3857.1741 3.3405e-02
3858.3313 4.2142e-02
3859.4883 4.8266e-02
3860.6465 4.9328e-02
3861.8047 5.3197e-02
3862.9631 4.8218e-02
3864.1221 3.4438e-02
3865.2815 4.5727e-02
3866.4412 5.3249e-02
3867.6011 4.0805e-02
3868.7610 3.7484e-02
3869.9216 5.0645e-02
3871.0828 7.8107e-02
3872.2441 5.0377e-02
3873.4058 3.8469e-02
3874.5676 3.8091e-02
3875.7302 5.0579e-02
3876.8931 4.5937e-02
3878.0559 4.9883e-02
3879.2192 4.7529e-02
3880.3831 4.8355e-02
3881.5474 5.3296e-02
3882.7119 6.4948e-02
3883.8767 3.5507e-02
3885.0420 4.8151e-02
3886.2073 4.6096e-02
3887.3728 5.4508e-02
3888.5391 4.7419e-02
3889.7061 6.2903e-02
3890.8730 5.6296e-02
3892.0400 6.4706e-02
3893.2078 4.3973e-02
3894.3755 6.3222e-02
3895.5439 4.8914e-02
3896.7126 5.5659e-02
3897.8813 4.5333e-02
3899.0508 6.5521e-02
3900.2209 5.1751e-02
3901.3909 6.1603e-02
3902.5613 4.4588e-02
3903.7322 5.2832e-02
3904.9031 6.0246e-02
3906.0747 4.7992e-02
3907.2463 6.2931e-02
3908.4187 5.5496e-02
3909.5911 5.2104e-02
3910.7642 7.4241e-02
3911.9373 6.4812e-02
3913.1111 6.8394e-02
3914.2849 5.4953e-02
3915.4592 6.0044e-02
3916.6335 5.8508e-02
3917.8086 6.5862e-02
3918.9839 8.6413e-02
3920.1597 6.0745e-02
3921.3359 7.7099e-02
3922.5120 7.5414e-02
3923.6887 8.5746e-02
3924.8660 9.8092e-02
3926.0432 6.2152e-02
3927.2212 6.9891e-02
3928.3994 5.4226e-02
3929.5779 5.8416e-02
3930.7568 5.1905e-02
3931.9360 7.4621e-02
3933.1157 5.9285e-02
3934.2954 6.4948e-02
3935.4758 8.4387e-02
3936.6562 6.9810e-02
3937.8374 8.1935e-02
3939.0186 8.0137e-02
3940.2004 1.0688e-01
3941.3826 7.1671e-02
3942.5649 5.3302e-02
3943.7478 8.5978e-02
3944.9307 8.7094e-02
3946.1147 9.0172e-02
3947.2983 9.2149e-02
3948.4824 7.4873e-02
3949.6670 6.6549e-02
3950.8521 8.3633e-02
3952.0369 7.6066e-02
3953.2227 7.6069e-02
3954.4089 8.4014e-02
3955.5950 9.5383e-02
3956.7812 1.0714e-01
3957.9688 8.5145e-02
3959.1560 7.1559e-02
3960.3438 8.6717e-02
3961.5320 7.1924e-02
3962.7202 9.7372e-02
3963.9094 9.5813e-02
3965.0984 9.4361e-02
3966.2881 8.4836e-02
3967.4778 1.0216e-01
3968.6680 8.3580e-02
3969.8584 8.6861e-02
3971.0498 1.0899e-01
3972.2412 9.2195e-02
3973.4326 9.6644e-02
3974.6248 8.3115e-02
3975.8171 1.0584e-01
3977.0095 1.1256e-01
3978.2029 1.1247e-01
3979.3962 1.0898e-01
3980.5901 8.8685e-02
3981.7844 7.5719e-02
3982.9790 7.2426e-02
3984.1736 1.0897e-01
3985.3691 8.9039e-02
3986.5647 9.8908e-02
3987.7605 1.0587e-01
3988.9568 1.0869e-01
3990.1538 9.5243e-02
3991.3506 8.2284e-02
3992.5481 9.2664e-02
3993.7456 7.7844e-02
3994.9441 9.2270e-02
3996.1423 8.6539e-02
3997.3413 1.1955e-01
3998.5408 1.1439e-01
3999.7397 1.1696e-01
4000.9402 9.6971e-02
4002.1401 8.6591e-02
4003.3408 9.0699e-02
4004.5415 9.6504e-02
4005.7434 1.0319e-01
4006.9448 8.1630e-02
4008.1470 9.6233e-02
4009.3496 7.0376e-02
4010.5522 8.6758e-02
4011.7556 1.0573e-01
4012.9587 8.3198e-02
4014.1628 9.0349e-02
4015.3672 1.2973e-01
4016.5715 8.8975e-02
4017.7769 8.4706e-02
4018.9817 9.2346e-02
4020.1875 9.8501e-02
4021.3936 8.7927e-02
4022.6003 8.2062e-02
4023.8071 9.9214e-02
4025.0142 9.2131e-02
4026.2214 8.2316e-02
4027.4294 8.1893e-02
4028.6377 8.0823e-02
4029.8462 9.3285e-02
4031.0554 9.6076e-02
4032.2646 8.2986e-02
4033.4744 1.0264e-01
4034.6843 9.4124e-02
4035.8945 9.5508e-02
4037.1052 1.0761e-01
4038.3167 9.8925e-02
4039.5281 1.1376e-01
4040.7397 9.7565e-02
4041.9524 7.7120e-02
4043.1648 8.7514e-02
4044.3777 8.5832e-02
4045.5913 8.8491e-02
4046.8047 7.7457e-02
4048.0186 9.2671e-02
4049.2332 8.4471e-02
4050.4480 1.0052e-01
4051.6628 9.2987e-02
4052.8784 9.3050e-02
4054.0942 1.0034e-01
4055.3108 8.1154e-02
4056.5273 9.1604e-02
4057.7444 9.6884e-02
4058.9614 9.0536e-02
4060.1792 9.0266e-02
4061.3970 9.1723e-02
4062.6155 7.5229e-02
4063.8345 8.2473e-02
4065.0535 9.6621e-02
4066.2732 8.9318e-02
4067.4929 8.6576e-02
4068.7131 9.3538e-02
4069.9338 7.0937e-02
4071.1548 9.3379e-02
4072.3762 8.2405e-02
4073.5981 6.8156e-02
4074.8201 9.2836e-02
4076.0427 7.7128e-02
4077.2654 8.5723e-02
4078.4885 9.1473e-02
4079.7119 9.2609e-02
4080.9358 5.8155e-02
4082.1602 9.6592e-02
4083.3845 7.5172e-02
4084.6099 9.4255e-02
4085.8354 9.9073e-02
4087.0608 9.0230e-02
4088.2869 1.0501e-01
4089.5137 8.7987e-02
4090.7407 7.9393e-02
4091.9678 7.8160e-02
4093.1953 7.5759e-02
4094.4233 7.7476e-02
4095.6519 8.5068e-02
4096.8799 7.8667e-02
4098.1094 6.1202e-02
4099.3384 6.4806e-02
4100.5684 8.4697e-02
4101.7988 6.8557e-02
4103.0293 5.9884e-02
4104.2598 6.9260e-02
4105.4912 6.3476e-02
4106.7231 9.8509e-02
4107.9546 6.4537e-02
4109.1875 7.4706e-02
4110.4204 7.7760e-02
4111.6533 7.3275e-02
4112.8867 5.9492e-02
4114.1211 6.1199e-02
4115.3545 5.9080e-02
4116.5898 6.4119e-02
4117.8247 6.5149e-02
4119.0596 8.2487e-02
4120.2954 4.8627e-02
4121.5317 7.5314e-02
4122.7681 7.6786e-02
4124.0049 5.5285e-02
4125.2422 6.4906e-02
4126.4800 6.2904e-02
4127.7178 6.7174e-02
4128.9561 5.8682e-02
4130.1948 6.2983e-02
4131.4336 6.4717e-02
4132.6733 4.8781e-02
4133.9126 6.1743e-02
4135.1533 4.7326e-02
4136.3936 4.9565e-02
4137.6348 7.0858e-02
4138.8760 5.0297e-02
4140.1172 6.3853e-02
4141.3599 6.4716e-02
4142.6021 7.3992e-02
4143.8447 7.1475e-02
4145.0879 5.2625e-02
4146.3315 6.2912e-02
4147.5752 5.0386e-02
4148.8198 4.8263e-02
4150.0640 5.5335e-02
4151.3091 5.0134e-02
4152.5547 5.8032e-02
4153.8003 6.5454e-02
4155.0464 5.2466e-02
4156.2930 5.9836e-02
4157.5400 5.5434e-02
4158.7871 5.8242e-02
4160.0352 6.2336e-02
4161.2827 4.5145e-02
4162.5312 7.1119e-02
4163.7803 6.6355e-02
4165.0293 4.5710e-02
4166.2783 6.1927e-02
4167.5288 6.0723e-02
4168.7788 4.3967e-02
4170.0298 3.5556e-02
4171.2803 6.0786e-02
4172.5317 4.6593e-02
4173.7837 5.1748e-02
4175.0356 5.8343e-02
4176.2886 5.7750e-02
4177.5410 3.6030e-02
4178.7944 5.5408e-02
4180.0479 6.6210e-02
4181.3022 3.6384e-02
4182.5566 5.7095e-02
4183.8115 4.5247e-02
4185.0664 6.9075e-02
4186.3223 6.1240e-02
4187.5776 4.8536e-02
4188.8340 5.7632e-02
4190.0903 5.0855e-02
4191.3477 5.1539e-02
4192.6050 4.9061e-02
4193.8628 5.8205e-02
4195.1206 5.2618e-02
4196.3794 6.6238e-02
4197.6387 4.9103e-02
4198.8975 5.2310e-02
4200.1577 5.2098e-02
4201.4175 6.0031e-02
4202.6782 5.2250e-02
4203.9390 5.3065e-02
4205.2002 5.5593e-02
4206.4614 5.7864e-02
4207.7231 4.1002e-02
4208.9858 4.4034e-02
4210.2485 4.4617e-02
4211.5112 6.6159e-02
4212.7749 5.2290e-02
4214.0391 5.5103e-02
4215.3032 6.2835e-02
4216.5679 4.4231e-02
4217.8330 4.8772e-02
4219.0981 4.9394e-02
4220.3638 4.4983e-02
4221.6299 3.9869e-02
4222.8965 3.6962e-02
4224.1636 4.6880e-02
4225.4302 5.2894e-02
4226.6978 4.6729e-02
4227.9658 4.8723e-02
4229.2349 6.6175e-02
4230.5034 4.3641e-02
4231.7725 4.3810e-02
4233.0415 6.1355e-02
4234.3115 5.3365e-02
4235.5825 5.2083e-02
4236.8525 5.8390e-02
4238.1235 4.7365e-02
4239.3955 3.3719e-02
4240.6670 5.6285e-02
4241.9390 3.8106e-02
4243.2119 3.9535e-02
4244.4844 4.6008e-02
4245.7583 4.4448e-02
4247.0317 6.1592e-02
4248.3062 5.1002e-02
4249.5806 3.3060e-02
4250.8555 3.9330e-02
4252.1309 5.2513e-02
4253.4062 4.6080e-02
4254.6821 3.3720e-02
4255.9590 4.5884e-02
4257.2358 4.5178e-02
4258.5127 3.8914e-02
4259.7900 3.2388e-02
4261.0679 4.4821e-02
4262.3462 3.6092e-02
4263.6250 4.9579e-02
4264.9043 6.3191e-02
4266.1841 4.3686e-02
4267.4639 4.2791e-02
4268.7432 3.2699e-02
4270.0244 5.4207e-02
4271.3052 4.3153e-02
4272.5869 3.6315e-02
4273.8682 4.2021e-02
4275.1509 5.3896e-02
4276.4336 5.4665e-02
4277.7163 5.3797e-02
4278.9995 4.9529e-02
4280.2837 3.0030e-02
4281.5674 4.1087e-02
4282.8521 3.6344e-02
4284.1367 5.5410e-02
4285.4219 5.8594e-02
4286.7075 3.9493e-02
4287.9937 3.5850e-02
4289.2798 4.8946e-02
4290.5669 5.2515e-02
4291.8540 4.5550e-02
4293.1416 4.9554e-02
4294.4292 4.3305e-02
4295.7183 4.8722e-02
4297.0063 3.7652e-02
4298.2954 4.1263e-02
4299.5854 3.0741e-02
4300.8750 3.8026e-02
4302.1650 3.4741e-02
4303.4561 3.1691e-02
4304.7471 4.3093e-02
4306.0381 4.2443e-02
4307.3301 3.8762e-02
4308.6221 3.8472e-02
4309.9150 3.7513e-02
4311.2075 5.1350e-02
4312.5015 4.9311e-02
4313.7949 3.1494e-02
4315.0889 4.7480e-02
4316.3838 4.1388e-02
4317.6787 4.5552e-02
4318.9741 3.3930e-02
4320.2700 4.7752e-02
4321.5654 5.1520e-02
4322.8623 6.5808e-02
4324.1592 4.7436e-02
4325.4565 3.4101e-02
4326.7539 4.3223e-02
4328.0518 3.9041e-02
4329.3501 3.3407e-02
4330.6494 3.6278e-02
4331.9482 3.8076e-02
4333.2480 5.5048e-02
4334.5479 2.9652e-02
4335.8477 3.3358e-02
4337.1489 2.8117e-02
4338.4502 4.9315e-02
4339.7515 2.5879e-02
4341.0537 3.0602e-02
4342.3560 4.4604e-02
4343.6582 4.4857e-02
4344.9614 3.2154e-02
4346.2646 2.5653e-02
4347.5693 6.3472e-02
4348.8735 5.0648e-02
4350.1782 4.3158e-02
4351.4829 4.2531e-02
4352.7886 4.2299e-02
4354.0938 3.8136e-02
4355.4009 3.6149e-02
4356.7070 4.1198e-02
4358.0137 3.7121e-02
4359.3218 4.0216e-02
4360.6294 4.0495e-02
4361.9375 4.4878e-02
4363.2461 5.3985e-02
4364.5552 3.4300e-02
4365.8643 3.6109e-02
4367.1743 5.2423e-02
4368.4844 5.5563e-02
4369.7954 4.7597e-02
4371.1060 4.9981e-02
4372.4170 3.9571e-02
4373.7285 3.8538e-02
4375.0415 4.2889e-02
4376.3540 2.5731e-02
4377.6665 4.8970e-02
4378.9800 5.9661e-02
4380.2935 5.0197e-02
4381.6074 5.0115e-02
4382.9219 5.1344e-02
4384.2363 3.4115e-02
4385.5522 5.3658e-02
4386.8677 3.6968e-02
4388.1841 6.3841e-02
4389.5010 3.2080e-02
4390.8169 3.6577e-02
4392.1343 3.5970e-02
4393.4521 2.5836e-02
4394.7700 4.1952e-02
4396.0884 4.6439e-02
4397.4077 4.0096e-02
4398.7266 5.1886e-02
4400.0464 3.4152e-02
4401.3667 2.8152e-02
4402.6870 4.7222e-02
4404.0073 4.6573e-02
4405.3291 2.8832e-02
4406.6504 4.3443e-02
4407.9722 3.8608e-02
4409.2944 4.1556e-02
4410.6172 3.3828e-02
4411.9404 4.9812e-02
4413.2642 5.0636e-02
4414.5879 4.0106e-02
4415.9126 4.2992e-02
4417.2373 6.3465e-02
4418.5625 3.4653e-02
4419.8882 5.0495e-02
4421.2139 5.7930e-02
4422.5405 6.1834e-02
4423.8672 4.4677e-02
4425.1938 5.9838e-02
4426.5220 5.9927e-02
4427.8496 5.0087e-02
4429.1787 4.5092e-02
4430.5063 4.6548e-02
4431.8364 4.6770e-02
4433.1655 4.5592e-02
4434.4956 4.9978e-02
4435.8262 3.6180e-02
4437.1567 4.8744e-02
4438.4878 5.5372e-02
4439.8193 4.2000e-02
4441.1514 4.8835e-02
4442.4834 5.5812e-02
4443.8164 5.0510e-02
4445.1494 4.9667e-02
4446.4829 5.7894e-02
4447.8169 3.9992e-02
4449.1514 3.4423e-02
4450.4863 7.6645e-02
4451.8213 5.3744e-02
4453.1567 5.3730e-02
4454.4927 6.8410e-02
4455.8291 4.2540e-02
4457.1660 4.7544e-02
4458.5029 4.9361e-02
4459.8403 6.8278e-02
4461.1787 7.5165e-02
4462.5171 5.0495e-02
4463.8555 5.7944e-02
4465.1948 6.7692e-02
4466.5347 4.2838e-02
4467.8740 6.6962e-02
4469.2144 5.9222e-02
4470.5552 5.6321e-02
4471.8970 6.0874e-02
4473.2383 6.7629e-02
4474.5806 6.4879e-02
4475.9229 7.4622e-02
4477.2651 6.7564e-02
4478.6084 5.4732e-02
4479.9521 7.1648e-02
4481.2959 7.5079e-02
4482.6406 6.7864e-02
4483.9854 5.2489e-02
4485.3306 8.5891e-02
4486.6763 6.6623e-02
4488.0220 6.5292e-02
4489.3682 6.9838e-02
4490.7153 4.3714e-02
4492.0620 5.5850e-02
4493.4102 6.8415e-02
4494.7578 7.2899e-02
4496.1069 6.4580e-02
4497.4556 8.7460e-02
4498.8047 7.3467e-02
4500.1543 7.5977e-02
4501.5044 7.3753e-02
4502.8550 5.9439e-02
4504.2056 8.7132e-02
4505.5566 8.2831e-02
4506.9082 7.6400e-02
4508.2607 7.9024e-02
4509.6133 6.9414e-02
4510.9658 7.2393e-02
4512.3193 5.7863e-02
4513.6729 9.9020e-02
4515.0273 7.6352e-02
4516.3818 9.6000e-02
4517.7363 8.7151e-02
4519.0918 8.4551e-02
4520.4473 9.2981e-02
4521.8037 8.2912e-02
4523.1606 8.2140e-02
4524.5171 8.5815e-02
4525.8750 7.9326e-02
4527.2324 7.8353e-02
4528.5903 8.9261e-02
4529.9492 7.3972e-02
4531.3081 8.8763e-02
4532.6675 7.6412e-02
4534.0269 7.1712e-02
4535.3872 9.3536e-02
4536.7480 8.2789e-02
4538.1094 9.3318e-02
4539.4702 9.1883e-02
4540.8320 7.3774e-02
4542.1943 9.4723e-02
4543.5576 8.8962e-02
4544.9199 9.1404e-02
4546.2842 7.8724e-02
4547.6475 6.3760e-02
4549.0117 8.9881e-02
4550.3770 9.8801e-02
4551.7417 8.2209e-02
4553.1074 8.1373e-02
4554.4731 9.4469e-02
4555.8398 6.1138e-02
4557.2061 9.7669e-02
4558.5732 9.7244e-02
4559.9414 9.3174e-02
4561.3086 9.4882e-02
4562.6772 8.5583e-02
4564.0459 9.0321e-02
4565.4150 6.9897e-02
4566.7852 7.5386e-02
4568.1553 1.0274e-01
4569.5249 1.0930e-01
4570.8965 9.9461e-02
4572.2676 1.1139e-01
4573.6392 8.6899e-02
4575.0117 7.5909e-02
4576.3838 8.8272e-02
4577.7568 9.7420e-02
4579.1304 7.0058e-02
4580.5039 7.9445e-02
4581.8784 7.4045e-02
4583.2524 1.0604e-01
4584.6274 7.1834e-02
4586.0029 8.3102e-02
4587.3789 9.6339e-02
4588.7549 7.6612e-02
4590.1318 1.1355e-01
4591.5083 7.6767e-02
4592.8857 9.1892e-02
4594.2642 5.9809e-02
4595.6426 9.1460e-02
4597.0210 8.9264e-02
4598.3999 8.7337e-02
4599.7798 9.4011e-02
4601.1597 1.0604e-01
4602.5396 8.1291e-02
4603.9204 7.3684e-02
4605.3022 9.3257e-02
4606.6836 9.1374e-02
4608.0649 9.9390e-02
4609.4478 8.8924e-02
4610.8306 8.9173e-02
4612.2144 8.4857e-02
4613.5977 8.5084e-02
4614.9819 1.0819e-01
4616.3662 8.2817e-02
4617.7515 7.3152e-02
4619.1362 7.9237e-02
4620.5225 9.6156e-02
4621.9082 8.9717e-02
4623.2949 8.0496e-02
4624.6816 7.6410e-02
4626.0693 8.5190e-02
4627.4570 8.5962e-02
4628.8457 9.7236e-02
4630.2334 7.8830e-02
4631.6230 8.6462e-02
4633.0127 7.9942e-02
4634.4028 8.2424e-02
4635.7935 9.6200e-02
4637.1831 8.4979e-02
4638.5742 9.1171e-02
4639.9658 6.6386e-02
4641.3579 8.8584e-02
4642.7505 6.5209e-02
4644.1436 7.6472e-02
4645.5371 6.8960e-02
4646.9307 1.0683e-01
4648.3247 9.0900e-02
4649.7188 8.7423e-02
4651.1138 8.6040e-02
4652.5093 9.9258e-02
4653.9048 7.3652e-02
4655.3018 7.8696e-02
4656.6978 8.0933e-02
4658.0947 9.5361e-02
4659.4922 7.8972e-02
4660.8896 9.1969e-02
4662.2886 9.6772e-02
4663.6865 8.7275e-02
4665.0859 7.4330e-02
4666.4854 8.7981e-02
4667.8853 7.9209e-02
4669.2861 9.4961e-02
4670.6870 9.7375e-02
4672.0874 7.5928e-02
4673.4897 8.2405e-02
4674.8916 6.6352e-02
4676.2944 7.2746e-02
4677.6968 1.0138e-01
4679.1006 9.3139e-02
4680.5039 7.3152e-02
4681.9082 9.2293e-02
4683.3125 7.9137e-02
4684.7173 8.3453e-02
4686.1230 1.0319e-01
4687.5288 9.7626e-02
4688.9351 6.9543e-02
4690.3423 9.0392e-02
4691.7490 7.7038e-02
4693.1562 8.8546e-02
4694.5645 6.2553e-02
4695.9731 7.5713e-02
4697.3818 7.4210e-02
4698.7910 9.2509e-02
4700.2002 8.3391e-02
4701.6104 7.3709e-02
4703.0205 6.3583e-02
4704.4316 5.2381e-02
4705.8433 7.7606e-02
4707.2549 6.9429e-02
4708.6670 8.8746e-02
4710.0796 9.4966e-02
4711.4927 9.5874e-02
4712.9058 7.4938e-02
4714.3203 6.1764e-02
4715.7344 8.6979e-02
4717.1494 7.2459e-02
4718.5645 6.9008e-02
4719.9800 6.9657e-02
4721.3955 7.7142e-02
4722.8120 7.6886e-02
4724.2290 8.7226e-02
4725.6460 7.8928e-02
4727.0645 8.9959e-02
4728.4824 6.3336e-02
4729.9004 6.7355e-02
4731.3198 8.5044e-02
4732.7388 7.2334e-02
4734.1587 8.4695e-02
4735.5791 1.0062e-01
4737.0000 1.0323e-01
4738.4209 7.5271e-02
4739.8428 8.5944e-02
4741.2646 6.3818e-02
4742.6870 8.2826e-02
4744.1094 8.3899e-02
4745.5327 7.3301e-02
4746.9565 8.1753e-02
4748.3804 7.4545e-02
4749.8052 8.0440e-02
4751.2300 8.1537e-02
4752.6548 5.9185e-02
4754.0811 7.9607e-02
4755.5078 7.8313e-02
4756.9341 9.2714e-02
4758.3608 7.8252e-02
4759.7886 6.9625e-02
4761.2168 7.5876e-02
4762.6445 9.0409e-02
4764.0737 8.4547e-02
4765.5029 8.9278e-02
4766.9326 7.0168e-02
4768.3628 6.6481e-02
4769.7930 7.9422e-02
4771.2236 9.3243e-02
4772.6553 8.0276e-02
4774.0869 6.7080e-02
4775.5190 8.1215e-02
4776.9521 8.3465e-02
4778.3853 6.9972e-02
4779.8184 6.8062e-02
4781.2524 6.1113e-02
4782.6870 7.6727e-02
4784.1226 7.1013e-02
4785.5571 6.9891e-02
4786.9927 6.7222e-02
4788.4292 6.4968e-02
4789.8652 7.8110e-02
4791.3022 7.6436e-02
4792.7397 6.6398e-02
4794.1777 6.9763e-02
4795.6152 7.3285e-02
4797.0542 7.9326e-02
4798.4937 9.6276e-02
4799.9331 9.0872e-02
4801.3735 8.5945e-02
4802.8140 6.4217e-02
4804.2544 7.7006e-02
4805.6958 7.4604e-02
4807.1377 7.9729e-02
4808.5796 7.1187e-02
4810.0220 8.3432e-02
4811.4653 5.7731e-02
4812.9087 5.1020e-02
4814.3525 6.7085e-02
4815.7969 5.7948e-02
4817.2417 8.3722e-02
4818.6865 7.0031e-02
4820.1328 6.5802e-02
4821.5786 5.9872e-02
4823.0249 7.8372e-02
4824.4717 6.9420e-02
4825.9189 7.7894e-02
4827.3667 6.6744e-02
4828.8149 5.9148e-02
4830.2637 8.5535e-02
4831.7124 6.6184e-02
4833.1621 7.8505e-02
4834.6118 7.0685e-02
4836.0620 7.2177e-02
4837.5137 7.0867e-02
4838.9644 5.8462e-02
4840.4165 4.2658e-02
4841.8687 5.5558e-02
4843.3208 6.9525e-02
4844.7739 5.4531e-02
4846.2275 7.0713e-02
4847.6812 6.8316e-02
4849.1357 7.0630e-02
4850.5903 6.2195e-02
4852.0454 7.0115e-02
4853.5015 5.4088e-02
4854.9575 7.7700e-02
4856.4136 7.4756e-02
4857.8706 4.7945e-02
4859.3281 6.9071e-02
4860.7861 6.0132e-02
4862.2437 8.4705e-02
4863.7026 7.8041e-02
4865.1621 7.8238e-02
4866.6211 6.2985e-02
4868.0815 8.1343e-02
4869.5420 6.8416e-02
4871.0024 7.0697e-02
4872.4639 6.7878e-02
4873.9263 7.3039e-02
4875.3877 7.0361e-02
4876.8506 6.7447e-02
4878.3135 6.0564e-02
4879.7773 8.8864e-02
4881.2412 7.0544e-02
4882.7051 7.5416e-02
4884.1704 7.5984e-02
4885.6357 5.9862e-02
4887.1011 5.4062e-02
4888.5674 6.5606e-02
4890.0337 6.7985e-02
4891.5010 6.1353e-02
4892.9683 7.0264e-02
4894.4360 6.1347e-02
4895.9043 5.0184e-02
4897.3730 6.0794e-02
4898.8423 5.9806e-02
4900.3120 5.7844e-02
4901.7827 7.3579e-02
4903.2529 7.2102e-02
4904.7231 7.1730e-02
4906.1953 6.7763e-02
4907.6675 7.1827e-02
4909.1392 6.8839e-02
4910.6123 6.1750e-02
4912.0854 6.1549e-02
4913.5586 6.4255e-02
4915.0332 6.9846e-02
4916.5073 5.6464e-02
4917.9819 6.7513e-02
4919.4575 6.1467e-02
4920.9331 6.5018e-02
4922.4097 7.2257e-02
4923.8872 6.7097e-02
4925.3638 6.8861e-02
4926.8418 4.8868e-02
4928.3188 6.4482e-02
4929.7979 7.7351e-02
4931.2769 6.9837e-02
4932.7563 5.5451e-02
4934.2358 5.9120e-02
4935.7168 5.8993e-02
4937.1963 6.5888e-02
4938.6782 6.2470e-02
4940.1597 6.9549e-02
4941.6416 6.8176e-02
4943.1250 9.4212e-02
4944.6069 6.9288e-02
4946.0908 4.5222e-02
4947.5752 6.3242e-02
4949.0586 6.9396e-02
4950.5435 4.6133e-02
4952.0278 5.1118e-02
4953.5142 4.8695e-02
4955.0010 5.3945e-02
4956.4873 5.0696e-02
4957.9741 4.8923e-02
4959.4614 5.5751e-02
4960.9492 6.5989e-02
4962.4370 5.1120e-02
4963.9258 5.1947e-02
4965.4150 7.0319e-02
4966.9048 6.4643e-02
4968.3945 6.8571e-02
4969.8853 5.1321e-02
4971.3765 6.6294e-02
4972.8677 5.4871e-02
4974.3599 6.5230e-02
4975.8521 5.3779e-02
4977.3447 5.8473e-02
4978.8379 4.1984e-02
4980.3315 5.8616e-02
4981.8257 5.6189e-02
4983.3203 6.1634e-02
4984.8159 4.8119e-02
4986.3105 7.3087e-02
4987.8066 4.4053e-02
4989.3027 6.5244e-02
4990.7998 5.2491e-02
4992.2974 5.4508e-02
4993.7939 5.5351e-02
4995.2930 5.7212e-02
4996.7915 4.1720e-02
4998.2905 6.6631e-02
4999.7896 5.1864e-02
5001.2896 5.1719e-02
5002.7900 5.6952e-02
5004.2915 5.5974e-02
5005.7925 6.1178e-02
5007.2944 5.2491e-02
5008.7964 6.9403e-02
5010.2993 4.6484e-02
5011.8022 4.8154e-02
5013.3057 6.9248e-02
5014.8101 5.4828e-02
5016.3145 4.9058e-02
5017.8184 5.1331e-02
5019.3247 5.0377e-02
5020.8301 6.9419e-02
5022.3359 5.8808e-02
5023.8428 7.1140e-02
5025.3496 6.0855e-02
5026.8579 4.2034e-02
5028.3657 5.2124e-02
5029.8740 5.1746e-02
5031.3828 5.9745e-02
5032.8926 4.0975e-02
5034.4023 5.2588e-02
5035.9131 3.3422e-02
5037.4233 6.5686e-02
5038.9346 4.7999e-02
5040.4463 4.4273e-02
5041.9585 4.3135e-02
5043.4712 4.1531e-02
5044.9839 5.1730e-02
5046.4980 4.1723e-02
5048.0112 5.1917e-02
5049.5259 3.9523e-02
5051.0415 6.1739e-02
5052.5562 3.9735e-02
5054.0723 5.6810e-02
5055.5884 6.5080e-02
5057.1045 6.6942e-02
5058.6221 5.2390e-02
5060.1401 5.2186e-02
5061.6577 4.2773e-02
5063.1763 5.3358e-02
5064.6953 4.4871e-02
5066.2144 5.8738e-02
5067.7339 3.8403e-02
5069.2549 3.7050e-02
5070.7759 2.7539e-02
5072.2969 3.9171e-02
5073.8188 5.3260e-02
5075.3403 6.7809e-02
5076.8628 5.0069e-02
5078.3867 5.7181e-02
5079.9097 5.5011e-02
5081.4336 7.1507e-02
5082.9580 6.0267e-02
5084.4829 5.2478e-02
5086.0083 3.9519e-02
5087.5342 4.0280e-02
5089.0605 6.9757e-02
5090.5874 5.1429e-02
5092.1143 4.5337e-02
5093.6421 4.0028e-02
5095.1699 5.9978e-02
5096.6987 5.5107e-02
5098.2275 4.8430e-02
5099.7573 4.4155e-02
5101.2871 6.2059e-02
5102.8179 4.9707e-02
5104.3481 3.5984e-02
5105.8799 4.7255e-02
5107.4111 4.6350e-02
5108.9438 4.7322e-02
5110.4761 4.2288e-02
5112.0093 6.1959e-02
5113.5435 6.6209e-02
5115.0771 4.9425e-02
5116.6118 5.6354e-02
5118.1470 6.5569e-02
5119.6816 5.2535e-02
5121.2183 5.2866e-02
5122.7544 6.6825e-02
5124.2910 5.9791e-02
5125.8286 4.4476e-02
5127.3667 5.3972e-02
5128.9043 7.2884e-02
5130.4429 4.7366e-02
5131.9824 5.5782e-02
5133.5220 4.8874e-02
5135.0615 5.8019e-02
5136.6021 4.4684e-02
5138.1436 7.9624e-02
5139.6846 6.5903e-02
5141.2266 4.6299e-02
5142.7690 4.8691e-02
5144.3125 4.1374e-02
5145.8550 5.3498e-02
5147.3989 5.8007e-02
5148.9429 4.2248e-02
5150.4883 4.1967e-02
5152.0332 5.4889e-02
5153.5781 8.0451e-02
5155.1245 5.0515e-02
5156.6714 5.1000e-02
5158.2178 5.2222e-02
5159.7656 5.2826e-02
5161.3130 6.0207e-02
5162.8618 5.6613e-02
5164.4106 6.1484e-02
5165.9604 4.9131e-02
5167.5098 5.5848e-02
5169.0605 5.6319e-02
5170.6108 6.8766e-02
5172.1621 3.9260e-02
5173.7139 5.8777e-02
5175.2656 5.6108e-02
5176.8188 6.8806e-02
5178.3711 6.9107e-02
5179.9253 6.7683e-02
5181.4790 5.8284e-02
5183.0337 4.2728e-02
5184.5884 4.9106e-02
5186.1436 6.7862e-02
5187.6992 5.9609e-02
5189.2559 5.3465e-02
5190.8130 4.7832e-02
5192.3696 4.2953e-02
5193.9277 6.7394e-02
5195.4858 7.4588e-02
5197.0439 6.1276e-02
5198.6035 5.8303e-02
5200.1636 6.5556e-02
5201.7231 7.6982e-02
5203.2837 6.7673e-02
5204.8447 6.6684e-02
5206.4058 5.5677e-02
5207.9683 5.8201e-02
5209.5303 8.1009e-02
5211.0933 5.2100e-02
5212.6567 5.5213e-02
5214.2202 4.7053e-02
5215.7847 6.5846e-02
5217.3496 6.5626e-02
5218.9150 4.6622e-02
5220.4800 6.9875e-02
5222.0464 6.8307e-02
5223.6128 5.5532e-02
5225.1802 5.7445e-02
5226.7480 5.4308e-02
5228.3154 3.8372e-02
5229.8843 4.5014e-02
5231.4526 5.3031e-02
5233.0225 5.5580e-02
5234.5928 5.8441e-02
5236.1626 6.6597e-02
5237.7339 5.2116e-02
5239.3052 5.0087e-02
5240.8770 5.1230e-02
5242.4492 7.3819e-02
5244.0220 7.0920e-02
5245.5947 6.3173e-02
5247.1689 5.0228e-02
5248.7422 6.2964e-02
5250.3174 5.7106e-02
5251.8921 4.7816e-02
5253.4678 6.6339e-02
5255.0439 6.9290e-02
5256.6211 6.4141e-02
5258.1978 4.4714e-02
5259.7749 6.0736e-02
5261.3530 5.1805e-02
5262.9312 6.8550e-02
5264.5098 5.9891e-02
5266.0898 7.4580e-02
5267.6694 4.6690e-02
5269.2495 5.7088e-02
5270.8311 7.4294e-02
5272.4116 6.2367e-02
5273.9941 8.0756e-02
5275.5757 5.5162e-02
5277.1587 6.8268e-02
5278.7422 5.3231e-02
5280.3252 6.4281e-02
5281.9092 7.3545e-02
5283.4937 5.9657e-02
5285.0786 8.2636e-02
5286.6641 6.8112e-02
5288.2500 7.6247e-02
5289.8369 6.1337e-02
5291.4238 7.0481e-02
5293.0117 7.5916e-02
5294.5996 8.4340e-02
5296.1870 4.7085e-02
5297.7764 6.1717e-02
5299.3662 6.8007e-02
5300.9561 5.3202e-02
5302.5459 5.9856e-02
5304.1367 6.3711e-02
5305.7280 6.4328e-02
5307.3188 9.6632e-02
5308.9116 7.8891e-02
5310.5044 8.4203e-02
5312.0977 7.7349e-02
5313.6919 4.0964e-02
5315.2856 6.9851e-02
5316.8799 6.0262e-02
5318.4751 7.5578e-02
5320.0708 4.8052e-02
5321.6665 5.0354e-02
5323.2632 6.3440e-02
5324.8604 5.8119e-02
5326.4575 5.7115e-02
5328.0557 5.8748e-02
5329.6533 5.9417e-02
5331.2534 5.9792e-02
5332.8516 7.6992e-02
5334.4517 6.6509e-02
5336.0522 5.6927e-02
5337.6533 6.6703e-02
5339.2544 6.4104e-02
5340.8560 6.4316e-02
5342.4585 5.4376e-02
5344.0605 6.0908e-02
5345.6646 5.3289e-02
5347.2681 7.5282e-02
5348.8726 4.2478e-02
5350.4771 5.9108e-02
5352.0825 5.2683e-02
5353.6875 6.3632e-02
5355.2944 6.1941e-02
5356.9009 4.3731e-02
5358.5073 7.2011e-02
5360.1152 7.5238e-02
5361.7236 4.4053e-02
5363.3315 6.3172e-02
5364.9404 5.6888e-02
5366.5503 5.2370e-02
5368.1602 5.4428e-02
5369.7705 5.0947e-02
5371.3813 3.1046e-02
5372.9932 6.3765e-02
5374.6050 6.7984e-02
5376.2173 6.6178e-02
5377.8301 6.3746e-02
5379.4434 5.2984e-02
5381.0576 6.5660e-02
5382.6714 7.0407e-02
5384.2861 5.7651e-02
5385.9014 7.3291e-02
5387.5171 5.9026e-02
5389.1343 5.2600e-02
5390.7505 4.4605e-02
5392.3677 4.5770e-02
5393.9858 6.5640e-02
5395.6035 5.6144e-02
5397.2222 5.4775e-02
5398.8413 5.9488e-02
5400.4609 5.9769e-02
5402.0811 4.1849e-02
5403.7017 5.4362e-02
5405.3228 4.2270e-02
5406.9448 4.3737e-02
5408.5659 5.7601e-02
5410.1890 5.3232e-02
5411.8115 5.5463e-02
5413.4360 5.6504e-02
5415.0596 5.6959e-02
5416.6841 5.7220e-02
5418.3096 6.6359e-02
5419.9351 4.1107e-02
5421.5605 5.0072e-02
5423.1875 4.5770e-02
5424.8145 4.7073e-02
5426.4414 5.6866e-02
5428.0693 4.6082e-02
5429.6982 4.5278e-02
5431.3271 5.2890e-02
5432.9565 5.4116e-02
5434.5859 5.6868e-02
5436.2163 4.9855e-02
5437.8472 6.5012e-02
5439.4785 4.1404e-02
5441.1104 5.2877e-02
5442.7427 4.6976e-02
5444.3760 5.5394e-02
5446.0098 5.6449e-02
5447.6431 5.4073e-02
5449.2778 6.9660e-02
5450.9121 6.4159e-02
5452.5474 4.9439e-02
5454.1826 5.9288e-02
5455.8193 5.7234e-02
5457.4565 6.2165e-02
5459.0933 6.7447e-02
5460.7310 6.9268e-02
5462.3696 5.6222e-02
5464.0073 6.4317e-02
5465.6475 6.1344e-02
5467.2871 6.1979e-02
5468.9272 5.6127e-02
5470.5674 4.1934e-02
5472.2090 4.7588e-02
5473.8506 4.9544e-02
5475.4927 3.8915e-02
5477.1353 7.3275e-02
5478.7783 5.0827e-02
5480.4224 4.2040e-02
5482.0659 5.0325e-02
5483.7104 4.7109e-02
5485.3560 5.1473e-02
5487.0010 5.2074e-02
5488.6475 7.1149e-02
5490.2944 5.7854e-02
5491.9414 5.3656e-02
5493.5889 5.3215e-02
5495.2368 5.0202e-02
5496.8857 4.4378e-02
5498.5342 4.4561e-02
5500.1841 6.0000e-02
5501.8340 6.5234e-02
5503.4849 4.8741e-02
5505.1357 6.5422e-02
5506.7871 4.6140e-02
5508.4395 5.1215e-02
5510.0923 5.9302e-02
5511.7451 5.8764e-02
5513.3984 4.9426e-02
5515.0522 6.4154e-02
5516.7070 5.2322e-02
5518.3623 3.5096e-02
5520.0176 5.9190e-02
5521.6733 4.5417e-02
5523.3301 5.1939e-02
5524.9868 4.7774e-02
5526.6450 6.5236e-02
5528.3027 5.7528e-02
5529.9609 5.3031e-02
5531.6201 5.1553e-02
5533.2793 6.3443e-02
5534.9395 5.4172e-02
5536.5996 4.4063e-02
5538.2607 5.1494e-02
5539.9229 3.2259e-02
5541.5840 4.8267e-02
5543.2466 4.1493e-02
5544.9102 5.2639e-02
5546.5728 5.7538e-02
5548.2373 5.0696e-02
5549.9019 5.7606e-02
5551.5664 5.5121e-02
5553.2324 6.6435e-02
5554.8984 4.2451e-02
5556.5645 2.8889e-02
5558.2310 5.6899e-02
5559.8989 3.8129e-02
5561.5669 4.7209e-02
5563.2354 4.4177e-02
5564.9043 4.1871e-02
5566.5732 5.1079e-02
5568.2437 4.7240e-02
5569.9150 4.6353e-02
5571.5854 4.2614e-02
5573.2568 4.7352e-02
5574.9287 4.4043e-02
5576.6011 5.2602e-02
5578.2739 5.1369e-02
5579.9482 6.0241e-02
5581.6216 4.7301e-02
5583.2959 3.8733e-02
5584.9717 3.8409e-02
5586.6470 4.2175e-02
5588.3223 4.5929e-02
5589.9990 7.0193e-02
5591.6763 5.3041e-02
5593.3535 4.6562e-02
5595.0317 4.3083e-02
5596.7104 4.9729e-02
5598.3892 5.2286e-02
5600.0688 3.7709e-02
5601.7490 4.9813e-02
5603.4292 4.1153e-02
5605.1104 5.4077e-02
5606.7915 3.8625e-02
5608.4741 4.7706e-02
5610.1562 4.9716e-02
5611.8394 6.2886e-02
5613.5234 4.4812e-02
5615.2075 4.9441e-02
5616.8916 5.7711e-02
5618.5767 4.8514e-02
5620.2627 4.8076e-02
5621.9482 5.9343e-02
5623.6348 5.5717e-02
5625.3218 3.7731e-02
5627.0098 4.7446e-02
5628.6982 6.4234e-02
5630.3867 4.1328e-02
5632.0757 3.7311e-02
5633.7651 5.8734e-02
5635.4551 4.6460e-02
5637.1460 6.4615e-02
5638.8369 4.6473e-02
5640.5283 5.0842e-02
5642.2207 4.5736e-02
5643.9141 5.8009e-02
5645.6069 4.4295e-02
5647.3003 3.9444e-02
5648.9946 5.5180e-02
5650.6895 5.2977e-02
5652.3848 4.5348e-02
5654.0801 5.1750e-02
5655.7759 4.2108e-02
5657.4736 4.3119e-02
5659.1709 4.7903e-02
5660.8682 6.2151e-02
5662.5664 5.4306e-02
5664.2651 5.1537e-02
5665.9644 4.9575e-02
5667.6641 4.1081e-02
5669.3647 6.5209e-02
5671.0649 5.7828e-02
5672.7666 5.3099e-02
5674.4688 4.4404e-02
5676.1709 5.6185e-02
5677.8740 5.5372e-02
5679.5771 4.2579e-02
5681.2812 6.4589e-02
5682.9858 6.1725e-02
5684.6899 4.8665e-02
5686.3950 4.8409e-02
5688.1021 5.2056e-02
5689.8076 5.6529e-02
5691.5146 5.3232e-02
5693.2222 4.4976e-02
5694.9302 5.8113e-02
5696.6382 6.5144e-02
5698.3477 4.3640e-02
5700.0571 6.0721e-02
5701.7671 5.6548e-02
5703.4775 7.0454e-02
5705.1885 5.4040e-02
5706.9004 4.9616e-02
5708.6123 4.4378e-02
5710.3252 4.4372e-02
5712.0381 5.0452e-02
5713.7524 4.2405e-02
5715.4663 4.6843e-02
5717.1812 4.2523e-02
5718.8955 4.1108e-02
5720.6118 5.2809e-02
5722.3271 3.9664e-02
5724.0444 5.5396e-02
5725.7617 6.8727e-02
5727.4795 3.6919e-02
5729.1973 4.8766e-02
5730.9165 6.1074e-02
5732.6353 5.2024e-02
5734.3550 3.2967e-02
5736.0757 5.1544e-02
5737.7969 4.7994e-02
5739.5176 4.4018e-02
5741.2397 4.6655e-02
5742.9624 6.4039e-02
5744.6851 4.2241e-02
5746.4082 5.2713e-02
5748.1323 5.1694e-02
5749.8569 4.6302e-02
5751.5815 4.3811e-02
5753.3076 5.3421e-02
5755.0332 6.2144e-02
5756.7593 6.1835e-02
5758.4863 4.5144e-02
5760.2144 4.6491e-02
5761.9424 5.1414e-02
5763.6709 4.8500e-02
5765.3999 5.4502e-02
5767.1294 6.5490e-02
5768.8594 4.8561e-02
5770.5908 5.7782e-02
5772.3213 5.0341e-02
5774.0527 4.7716e-02
5775.7856 5.1430e-02
5777.5181 6.4570e-02
5779.2515 4.6298e-02
5780.9844 5.7429e-02
5782.7192 4.4463e-02
5784.4546 5.2604e-02
5786.1899 4.4937e-02
5787.9253 3.2897e-02
5789.6626 5.0202e-02
5791.3984 5.1104e-02
5793.1362 4.5965e-02
5794.8745 4.2745e-02
5796.6123 4.5103e-02
5798.3516 3.8049e-02
5800.0913 5.2019e-02
5801.8306 4.3761e-02
5803.5713 3.9746e-02
5805.3125 4.8279e-02
5807.0537 5.6679e-02
5808.7964 5.1844e-02
5810.5391 3.5442e-02
5812.2822 5.4767e-02
5814.0259 5.5170e-02
5815.7700 4.3169e-02
5817.5151 3.3456e-02
5819.2598 3.1100e-02
5821.0059 5.2387e-02
5822.7524 3.8971e-02
5824.4990 4.5243e-02
5826.2461 2.8730e-02
5827.9937 4.9533e-02
5829.7427 5.1424e-02
5831.4912 5.6171e-02
5833.2407 4.8916e-02
5834.9912 2.9122e-02
5836.7417 4.5766e-02
5838.4922 4.8065e-02
5840.2446 3.8346e-02
5841.9961 4.8234e-02
5843.7490 4.3679e-02
5845.5020 6.3781e-02
5847.2559 4.1006e-02
5849.0103 4.0617e-02
5850.7642 2.6624e-02
5852.5195 4.5396e-02
5854.2754 4.5890e-02
5856.0317 4.5408e-02
5857.7881 3.7277e-02
5859.5454 4.2214e-02
5861.3032 4.1966e-02
5863.0625 3.1816e-02
5864.8208 3.7627e-02
5866.5806 3.4162e-02
5868.3403 4.1097e-02
5870.1006 4.3098e-02
5871.8618 3.8008e-02
5873.6230 2.4858e-02
5875.3857 4.1094e-02
5877.1479 4.1704e-02
5878.9111 4.3148e-02
5880.6748 4.2993e-02
5882.4390 2.7487e-02
5884.2036 4.1872e-02
5885.9692 3.4535e-02
5887.7349 3.7842e-02
5889.5010 2.7091e-02
5891.2676 2.9795e-02
5893.0356 4.4772e-02
5894.8032 4.4079e-02
5896.5718 3.9709e-02
5898.3408 5.3772e-02
5900.1108 4.5764e-02
5901.8804 3.9299e-02
5903.6509 5.8030e-02
5905.4219 2.7193e-02
5907.1938 4.5434e-02
5908.9663 3.7364e-02
5910.7383 4.1468e-02
5912.5112 3.7879e-02
5914.2856 2.0906e-02
5916.0601 5.2566e-02
5917.8345 3.8800e-02
5919.6099 4.2320e-02
5921.3857 3.7665e-02
5923.1621 3.3152e-02
5924.9395 4.1471e-02
5926.7163 4.3512e-02
5928.4946 4.3106e-02
5930.2729 4.7680e-02
5932.0522 3.5317e-02
5933.8315 4.2099e-02
5935.6123 4.5486e-02
5937.3926 3.3641e-02
5939.1738 3.9941e-02
5940.9556 3.6790e-02
5942.7383 3.8981e-02
5944.5210 4.2785e-02
5946.3042 3.9360e-02
5948.0879 4.1020e-02
5949.8726 2.3085e-02
5951.6572 3.6119e-02
5953.4434 4.5138e-02
5955.2290 3.7528e-02
5957.0151 5.7328e-02
5958.8022 3.1664e-02
5960.5903 3.1343e-02
5962.3789 3.4163e-02
5964.1670 4.1249e-02
5965.9561 3.3539e-02
5967.7466 3.1135e-02
5969.5366 4.1057e-02
5971.3276 3.1704e-02
5973.1187 4.2033e-02
5974.9106 3.3426e-02
5976.7031 3.0882e-02
5978.4961 4.6613e-02
5980.2900 5.1931e-02
5982.0845 3.6020e-02
5983.8789 3.6636e-02
5985.6729 3.1624e-02
5987.4692 4.2817e-02
5989.2651 3.7814e-02
5991.0620 3.4990e-02
5992.8589 5.2562e-02
5994.6572 5.1136e-02
5996.4556 5.0886e-02
5998.2549 3.0849e-02
6000.0547 4.2297e-02
6001.8545 4.3167e-02
6003.6548 3.6823e-02
6005.4561 4.2267e-02
6007.2578 4.3181e-02
6009.0596 3.9419e-02
6010.8623 3.6953e-02
6012.6660 3.5722e-02
6014.4697 3.6602e-02
6016.2739 3.9406e-02
6018.0786 4.3898e-02
6019.8843 3.0891e-02
6021.6909 4.4244e-02
6023.4966 3.0139e-02
6025.3037 4.4039e-02
6027.1108 5.3034e-02
6028.9199 3.3428e-02
6030.7285 4.5705e-02
6032.5366 3.3672e-02
6034.3472 3.8573e-02
6036.1577 3.0146e-02
6037.9683 4.7316e-02
6039.7793 4.7830e-02
6041.5918 4.7633e-02
6043.4038 3.3583e-02
6045.2173 4.6267e-02
6047.0312 3.8187e-02
6048.8447 3.5483e-02
6050.6592 4.0342e-02
6052.4751 3.0554e-02
6054.2905 2.9724e-02
6056.1069 3.9311e-02
6057.9233 5.2383e-02
6059.7407 3.6636e-02
6061.5586 3.4790e-02
6063.3770 3.0708e-02
6065.1968 3.2655e-02
6067.0161 3.4657e-02
6068.8359 4.4081e-02
6070.6567 3.9788e-02
6072.4785 4.3266e-02
6074.2998 4.1969e-02
6076.1221 3.0443e-02
6077.9448 3.8300e-02
6079.7681 4.4542e-02
6081.5918 3.0869e-02
6083.4160 5.0264e-02
6085.2417 3.6151e-02
6087.0664 4.6643e-02
6088.8936 4.2670e-02
6090.7197 2.9042e-02
6092.5469 2.8406e-02
6094.3745 4.7971e-02
6096.2031 4.5451e-02
6098.0327 4.6079e-02
6099.8613 3.7948e-02
6101.6914 4.4237e-02
6103.5220 3.9874e-02
6105.3530 4.2681e-02
6107.1846 3.6978e-02
6109.0171 4.4839e-02
6110.8496 5.1830e-02
6112.6831 4.7295e-02
6114.5166 3.1907e-02
6116.3511 3.7481e-02
6118.1855 3.9739e-02
6120.0210 5.0137e-02
6121.8574 4.0030e-02
6123.6938 3.4069e-02
6125.5308 3.4421e-02
6127.3687 3.6790e-02
6129.2065 3.3630e-02
6131.0454 3.9626e-02
6132.8843 3.5817e-02
6134.7246 3.4927e-02
6136.5649 4.2487e-02
6138.4062 2.8382e-02
6140.2476 2.9998e-02
6142.0894 4.3586e-02
6143.9316 2.6551e-02
6145.7759 3.9865e-02
6147.6191 2.6610e-02
6149.4634 3.4060e-02
6151.3081 4.4570e-02
6153.1538 4.1091e-02
6155.0000 3.1686e-02
6156.8462 4.4527e-02
6158.6934 2.6065e-02
6160.5410 2.8207e-02
6162.3892 3.4878e-02
6164.2373 2.2228e-02
6166.0869 3.4734e-02
6167.9370 4.0937e-02
6169.7871 3.7497e-02
6171.6387 2.2538e-02
6173.4897 4.4330e-02
6175.3413 3.8701e-02
6177.1938 2.4229e-02
6179.0474 2.1788e-02
6180.9009 3.4479e-02
6182.7549 3.1992e-02
6184.6104 3.7952e-02
6186.4653 3.1897e-02
6188.3213 3.2206e-02
6190.1782 3.4888e-02
6192.0356 3.7401e-02
6193.8931 3.2255e-02
6195.7505 3.3909e-02
6197.6099 1.3170e-02
6199.4688 2.6317e-02
6201.3281 3.3967e-02
6203.1895 3.1995e-02
6205.0498 2.9045e-02
6206.9121 2.6875e-02
6208.7739 3.7086e-02
6210.6367 2.9603e-02
6212.4995 4.1886e-02
6214.3633 3.4212e-02
6216.2275 3.3161e-02
6218.0923 3.6508e-02
6219.9575 3.0916e-02
6221.8237 3.2317e-02
6223.6904 3.2953e-02
6225.5576 2.6374e-02
6227.4258 2.3573e-02
6229.2935 3.2171e-02
6231.1621 3.0956e-02
6233.0317 2.7843e-02
6234.9019 2.8561e-02
6236.7720 2.6217e-02
6238.6431 1.4445e-02
6240.5146 2.2480e-02
6242.3867 2.4328e-02
6244.2598 4.1257e-02
6246.1323 2.2536e-02
6248.0063 2.2830e-02
6249.8813 2.9527e-02
6251.7559 2.1427e-02
6253.6313 2.9805e-02
6255.5073 2.7524e-02
6257.3843 3.8609e-02
6259.2617 2.3645e-02
6261.1392 3.2296e-02
6263.0176 2.9069e-02
6264.8970 2.7390e-02
6266.7759 2.6762e-02
6268.6562 2.8200e-02
6270.5361 3.4079e-02
6272.4180 3.7745e-02
6274.2993 3.3890e-02
6276.1816 2.2390e-02
6278.0645 3.2968e-02
6279.9478 2.4044e-02
6281.8320 2.2598e-02
6283.7168 2.2707e-02
6285.6021 1.7757e-02
6287.4868 2.3102e-02
6289.3740 2.7475e-02
6291.2603 4.2736e-02
6293.1475 2.0821e-02
6295.0352 2.4676e-02
6296.9238 2.6388e-02
6298.8130 2.3568e-02
6300.7026 2.9029e-02
6302.5933 2.8079e-02
6304.4839 2.4196e-02
6306.3755 2.6459e-02
6308.2676 2.6069e-02
6310.1597 2.3301e-02
6312.0527 3.2933e-02
6313.9468 2.8999e-02
6315.8398 2.7488e-02
6317.7349 3.0592e-02
6319.6304 3.4508e-02
6321.5269 2.9452e-02
6323.4233 2.7225e-02
6325.3198 3.4735e-02
6327.2178 2.6924e-02
6329.1157 2.5569e-02
6331.0146 2.8935e-02
6332.9131 3.5849e-02
6334.8140 3.0932e-02
6336.7139 2.6810e-02
6338.6147 2.7835e-02
6340.5166 2.3507e-02
6342.4189 3.3905e-02
6344.3213 1.8113e-02
6346.2246 2.9441e-02
6348.1284 3.4568e-02
6350.0332 2.8459e-02
6351.9380 3.1677e-02
6353.8442 3.5664e-02
6355.7500 3.7858e-02
6357.6572 3.6923e-02
6359.5645 3.4962e-02
6361.4717 2.9104e-02
6363.3804 3.7141e-02
6365.2891 4.1884e-02
6367.1987 2.3867e-02
6369.1089 3.2412e-02
6371.0200 3.3517e-02
6372.9312 2.7969e-02
6374.8428 2.6947e-02
6376.7549 3.7824e-02
6378.6685 2.8977e-02
6380.5820 3.3259e-02
6382.4966 2.7838e-02
6384.4111 3.6395e-02
6386.3257 3.0336e-02
6388.2422 3.3886e-02
6390.1587 3.3159e-02
6392.0752 3.8332e-02
6393.9932 2.4296e-02
6395.9116 3.2492e-02
6397.8301 3.2543e-02
6399.7490 3.1752e-02
6401.6694 2.7084e-02
6403.5898 3.1442e-02
6405.5112 2.8482e-02
6407.4331 3.2786e-02
6409.3545 3.3235e-02
6411.2778 3.6397e-02
6413.2012 2.8753e-02
6415.1250 2.8128e-02
6417.0493 3.9099e-02
6418.9741 3.5754e-02
6420.9004 2.5305e-02
6422.8262 3.1141e-02
6424.7534 2.4752e-02
6426.6812 1.6987e-02
6428.6094 2.8044e-02
6430.5381 2.5173e-02
6432.4668 3.3015e-02
6434.3960 3.9414e-02
6436.3267 2.8832e-02
6438.2578 2.6195e-02
6440.1895 3.6485e-02
6442.1216 2.8256e-02
6444.0537 2.8932e-02
6445.9868 3.0338e-02
6447.9209 3.7172e-02
6449.8550 3.0563e-02
6451.7905 2.9860e-02
6453.7256 2.5994e-02
6455.6621 3.5811e-02
6457.5986 2.2631e-02
6459.5356 3.1161e-02
6461.4741 3.5397e-02
6463.4121 3.8448e-02
6465.3506 1.9461e-02
6467.2905 3.9761e-02
6469.2310 1.8296e-02
6471.1719 2.5549e-02
6473.1128 3.4231e-02
6475.0552 2.7980e-02
6476.9976 3.3190e-02
6478.9409 2.9237e-02
6480.8848 2.1291e-02
6482.8286 2.7896e-02
6484.7739 2.2499e-02
6486.7192 2.9061e-02
6488.6650 3.0126e-02
6490.6113 2.6276e-02
6492.5581 4.2142e-02
6494.5063 3.1384e-02
6496.4546 2.7057e-02
6498.4038 3.5971e-02
6500.3535 2.4179e-02
6502.3032 3.6806e-02
6504.2539 2.8995e-02
6506.2056 3.1020e-02
6508.1572 2.0909e-02
6510.1099 2.4809e-02
6512.0625 3.5957e-02
6514.0166 2.7444e-02
6515.9702 3.0473e-02
6517.9258 4.9505e-02
6519.8809 2.8535e-02
6521.8364 3.2382e-02
6523.7930 3.1838e-02
6525.7505 2.6681e-02
6527.7075 2.6012e-02
6529.6665 2.4185e-02
6531.6255 3.3087e-02
6533.5845 2.8407e-02
6535.5449 2.4404e-02
6537.5054 2.5382e-02
6539.4668 3.1636e-02
6541.4282 3.2842e-02
6543.3911 3.0644e-02
6545.3545 3.2108e-02
6547.3179 3.9081e-02
6549.2817 2.6527e-02
6551.2466 3.5820e-02
6553.2124 3.3064e-02
6555.1777 3.8413e-02
6557.1445 3.6619e-02
6559.1113 2.4008e-02
6561.0796 3.3836e-02
6563.0479 3.0819e-02
6565.0166 2.2029e-02
6566.9863 3.3104e-02
6568.9561 2.8670e-02
6570.9268 4.5526e-02
6572.8979 2.9513e-02
6574.8701 2.7948e-02
6576.8423 2.7662e-02
6578.8154 3.4167e-02
6580.7896 3.7168e-02
6582.7632 2.4100e-02
6584.7383 2.9352e-02
6586.7139 2.9475e-02
6588.6895 3.0391e-02
6590.6660 3.4231e-02
6592.6431 3.5501e-02
6594.6211 3.8034e-02
6596.5996 3.7898e-02
6598.5791 3.5747e-02
6600.5581 3.9292e-02
6602.5386 1.9749e-02
6604.5190 2.7141e-02
6606.5005 3.3439e-02
6608.4824 3.5317e-02
6610.4648 3.1345e-02
6612.4482 3.0874e-02
6614.4326 4.1235e-02
6616.4160 2.8748e-02
6618.4009 2.5879e-02
6620.3867 4.4694e-02
6622.3730 2.0306e-02
6624.3594 2.5651e-02
6626.3467 4.4010e-02
6628.3350 2.8555e-02
6630.3232 3.4782e-02
6632.3125 3.4119e-02
6634.3022 3.2954e-02
6636.2920 2.7474e-02
6638.2827 2.5168e-02
6640.2744 4.0811e-02
6642.2671 3.2355e-02
6644.2593 3.2762e-02
6646.2529 2.7519e-02
6648.2471 2.3047e-02
6650.2412 3.1436e-02
6652.2358 3.3078e-02
6654.2314 3.2120e-02
6656.2280 3.7573e-02
6658.2251 2.4738e-02
6660.2222 3.3316e-02
6662.2207 3.4702e-02
6664.2197 3.3501e-02
6666.2178 2.8311e-02
6668.2178 2.3711e-02
6670.2188 3.1631e-02
6672.2192 2.9739e-02
6674.2212 2.1436e-02
6676.2241 2.0637e-02
6678.2266 2.7326e-02
6680.2300 3.1017e-02
6682.2334 2.9441e-02
6684.2388 2.9028e-02
6686.2446 2.8349e-02
6688.2500 2.4528e-02
6690.2563 3.4946e-02
6692.2627 2.3052e-02
6694.2715 2.2073e-02
6696.2793 3.1211e-02
6698.2881 3.3408e-02
6700.2979 2.5997e-02
6702.3081 2.3065e-02
6704.3188 2.9490e-02
6706.3301 2.7865e-02
6708.3418 2.5761e-02
6710.3545 3.1797e-02
6712.3672 2.7409e-02
6714.3809 3.1835e-02
6716.3955 2.6997e-02
6718.4106 3.7959e-02
6720.4263 2.5819e-02
6722.4419 3.0551e-02
6724.4585 3.3674e-02
6726.4756 2.4190e-02
6728.4946 1.9029e-02
6730.5127 3.1674e-02
6732.5312 2.2051e-02
6734.5513 2.6828e-02
6736.5718 2.7744e-02
6738.5923 3.3354e-02
6740.6152 2.5771e-02
6742.6367 3.2199e-02
6744.6587 2.1757e-02
6746.6831 2.2799e-02
6748.7065 2.9894e-02
6750.7310 3.6019e-02
6752.7563 2.3229e-02
6754.7822 2.9183e-02
6756.8091 2.1685e-02
6758.8359 2.5238e-02
6760.8633 2.7508e-02
6762.8916 3.1251e-02
6764.9209 3.3255e-02
6766.9502 2.3559e-02
6768.9805 2.6156e-02
6771.0107 2.7527e-02
6773.0425 1.9560e-02
6775.0742 2.7586e-02
6777.1064 3.1633e-02
6779.1401 3.5026e-02
6781.1733 3.0607e-02
6783.2080 2.6461e-02
6785.2427 2.6175e-02
6787.2783 2.2605e-02
6789.3149 2.1131e-02
6791.3516 2.3415e-02
6793.3887 3.0761e-02
6795.4272 3.3920e-02
6797.4653 2.7532e-02
6799.5049 2.3445e-02
6801.5444 3.5173e-02
6803.5854 1.9879e-02
6805.6260 2.3401e-02
6807.6685 3.3869e-02
6809.7100 2.0313e-02
6811.7534 2.5058e-02
6813.7964 1.9136e-02
6815.8408 2.2472e-02
6817.8853 2.3483e-02
6819.9312 2.5494e-02
6821.9771 3.3593e-02
6824.0234 1.7273e-02
6826.0703 2.7301e-02
6828.1182 1.9019e-02
6830.1670 2.6779e-02
6832.2163 3.1767e-02
6834.2651 2.9073e-02
6836.3154 2.8861e-02
6838.3667 2.5974e-02
6840.4180 3.3857e-02
6842.4702 2.1775e-02
6844.5229 2.4766e-02
6846.5762 3.2005e-02
6848.6304 2.5281e-02
6850.6851 2.5350e-02
6852.7402 4.8658e-02
6854.7959 2.9434e-02
6856.8525 3.1024e-02
6858.9097 2.8337e-02
6860.9668 1.7523e-02
6863.0254 2.1871e-02
6865.0845 2.1373e-02
6867.1440 1.8680e-02
6869.2041 1.5169e-02
6871.2646 3.2093e-02
6873.3257 2.1492e-02
6875.3882 2.2111e-02
6877.4512 1.6148e-02
6879.5137 2.4454e-02
6881.5781 2.2047e-02
6883.6421 2.8033e-02
6885.7075 2.5072e-02
6887.7729 3.3394e-02
6889.8394 2.0129e-02
6891.9062 3.2765e-02
6893.9746 3.3194e-02
6896.0425 3.3780e-02
6898.1113 2.3589e-02
6900.1802 2.8630e-02
6902.2505 2.1373e-02
6904.3213 1.7635e-02
6906.3926 2.8732e-02
6908.4648 3.1978e-02
6910.5366 3.3649e-02
6912.6099 2.2164e-02
6914.6841 2.0245e-02
6916.7588 2.5808e-02
6918.8335 2.8609e-02
6920.9092 2.6536e-02
6922.9849 2.6321e-02
6925.0620 2.2685e-02
6927.1401 2.2253e-02
6929.2178 1.6534e-02
6931.2964 2.5774e-02
6933.3760 3.1888e-02
6935.4561 3.1935e-02
6937.5371 3.3506e-02
6939.6182 2.5578e-02
6941.7002 3.2241e-02
6943.7822 3.1007e-02
6945.8657 1.9789e-02
6947.9487 3.4358e-02
6950.0337 2.7199e-02
6952.1182 2.8300e-02
6954.2046 2.2837e-02
6956.2905 1.4921e-02
6958.3779 2.2718e-02
6960.4644 2.6951e-02
6962.5527 2.0669e-02
6964.6421 2.3284e-02
6966.7314 3.4330e-02
6968.8208 3.4607e-02
6970.9116 3.5930e-02
6973.0029 2.3506e-02
6975.0947 3.0667e-02
6977.1880 3.6442e-02
6979.2803 3.5585e-02
6981.3745 2.5931e-02
6983.4692 2.8581e-02
6985.5635 2.4921e-02
6987.6602 1.8418e-02
6989.7559 1.9178e-02
6991.8525 2.8586e-02
6993.9507 2.1526e-02
6996.0488 2.1685e-02
6998.1479 1.6457e-02
7000.2471 3.8644e-02
7002.3467 1.8306e-02
7004.4468 1.9449e-02
7006.5488 2.2093e-02
7008.6514 2.0041e-02
7010.7529 2.4483e-02
7012.8564 2.0297e-02
7014.9609 3.1243e-02
7017.0654 2.5343e-02
7019.1699 2.8599e-02
7021.2759 1.1868e-02
7023.3823 1.8941e-02
7025.4893 2.5533e-02
7027.5977 1.4956e-02
7029.7051 2.8426e-02
7031.8145 2.7779e-02
7033.9238 1.8029e-02
7036.0337 2.5265e-02
7038.1450 2.3399e-02
7040.2559 1.8031e-02
7042.3687 2.0670e-02
7044.4805 2.7966e-02
7046.5938 2.4605e-02
7048.7080 2.2452e-02
7050.8228 2.8523e-02
7052.9385 2.6576e-02
7055.0542 2.4169e-02
7057.1704 2.1719e-02
7059.2881 1.8124e-02
7061.4053 2.4694e-02
7063.5234 2.8402e-02
7065.6431 1.7482e-02
7067.7627 1.5718e-02
7069.8828 2.3427e-02
7072.0039 2.7432e-02
7074.1255 1.1104e-02
7076.2476 1.5443e-02
7078.3706 2.3140e-02
7080.4937 2.4583e-02
7082.6187 3.0986e-02
7084.7432 2.3515e-02
7086.8687 2.0668e-02
7088.9946 2.0576e-02
7091.1216 2.6515e-02
7093.2490 2.0160e-02
7095.3765 1.7877e-02
7097.5049 1.9760e-02
7099.6348 2.3550e-02
7101.7642 1.9486e-02
7103.8945 3.3335e-02
7106.0264 2.1001e-02
7108.1582 2.4440e-02
7110.2905 2.7193e-02
7112.4229 2.3229e-02
7114.5571 3.0889e-02
7116.6914 2.7970e-02
7118.8262 1.7962e-02
7120.9619 2.3685e-02
7123.0986 2.4728e-02
7125.2354 2.3754e-02
7127.3730 1.4672e-02
7129.5112 1.1355e-02
7131.6499 2.5709e-02
7133.7896 1.8597e-02
7135.9292 2.1967e-02
7138.0703 2.3295e-02
7140.2119 2.0250e-02
7142.3540 2.2985e-02
7144.4966 2.1640e-02
7146.6396 2.3599e-02
7148.7842 2.9636e-02
7150.9287 2.3835e-02
7153.0742 2.7030e-02
7155.2197 1.9918e-02
7157.3667 2.1758e-02
7159.5137 2.3765e-02
7161.6616 2.5675e-02
7163.8101 1.6578e-02
7165.9590 2.0526e-02
7168.1089 2.7903e-02
7170.2593 2.7353e-02
7172.4102 1.4598e-02
7174.5625 2.2395e-02
7176.7144 2.2737e-02
7178.8672 2.8740e-02
7181.0210 2.3482e-02
7183.1753 2.1769e-02
7185.3306 2.2786e-02
7187.4858 2.4776e-02
7189.6421 2.7555e-02
7191.7988 2.3558e-02
7193.9565 1.9358e-02
7196.1147 1.6232e-02
7198.2734 1.9323e-02
7200.4336 3.2523e-02
7202.5928 2.6919e-02
7204.7539 3.4314e-02
7206.9155 2.0910e-02
7209.0771 3.0619e-02
7211.2402 3.0839e-02
7213.4033 2.3412e-02
7215.5674 1.8460e-02
7217.7324 1.4105e-02
7219.8979 2.4003e-02
7222.0635 2.3720e-02
7224.2300 2.9995e-02
7226.3979 2.4462e-02
7228.5654 1.8563e-02
7230.7334 2.0001e-02
7232.9033 1.5939e-02
7235.0728 2.5140e-02
7237.2432 1.9805e-02
7239.4150 2.1545e-02
7241.5864 2.5147e-02
7243.7593 2.8669e-02
7245.9321 1.3611e-02
7248.1060 1.6995e-02
7250.2803 2.5917e-02
7252.4551 2.3868e-02
7254.6313 1.6661e-02
7256.8076 1.9850e-02
7258.9849 2.3005e-02
7261.1626 1.8359e-02
7263.3408 2.4535e-02
7265.5200 2.7456e-02
7267.6992 2.3699e-02
7269.8799 1.6373e-02
7272.0605 2.1700e-02
7274.2422 2.4438e-02
7276.4243 4.0891e-02
7278.6069 2.6972e-02
7280.7910 2.8115e-02
7282.9751 2.4426e-02
7285.1602 1.9704e-02
7287.3452 2.0992e-02
7289.5317 3.4377e-02
7291.7188 2.7240e-02
7293.9067 1.8389e-02
7296.0947 1.9922e-02
7298.2832 1.8890e-02
7300.4727 1.3653e-02
7302.6631 3.0152e-02
7304.8540 2.5154e-02
7307.0454 1.8603e-02
7309.2373 2.3659e-02
7311.4292 2.1564e-02
7313.6235 1.8961e-02
7315.8179 2.3615e-02
7318.0122 2.7461e-02
7320.2075 3.1735e-02
7322.4038 2.1774e-02
7324.6001 2.9004e-02
7326.7979 2.6221e-02
7328.9961 2.1837e-02
7331.1943 2.7693e-02
7333.3936 2.2505e-02
7335.5938 1.9452e-02
7337.7944 1.8262e-02
7339.9956 1.7931e-02
7342.1982 3.2656e-02
7344.4004 2.1251e-02
7346.6035 2.4621e-02
7348.8081 2.4556e-02
7351.0127 2.2964e-02
7353.2183 2.1487e-02
7355.4238 2.0804e-02
7357.6304 1.8886e-02
7359.8374 1.6064e-02
7362.0459 2.1112e-02
7364.2549 2.3162e-02
7366.4634 2.5892e-02
7368.6738 2.0289e-02
7370.8838 1.7934e-02
7373.0957 2.4156e-02
7375.3071 1.5927e-02
7377.5200 2.4195e-02
7379.7334 1.9968e-02
7381.9473 3.0226e-02
7384.1616 2.4104e-02
7386.3770 1.9331e-02
7388.5928 1.9613e-02
7390.8096 2.4074e-02
7393.0264 2.7515e-02
7395.2446 2.2269e-02
7397.4639 1.7592e-02
7399.6826 2.4694e-02
7401.9023 1.7757e-02
7404.1230 2.7684e-02
7406.3438 2.2249e-02
7408.5654 1.9260e-02
7410.7886 2.7426e-02
7413.0122 2.2971e-02
7415.2354 2.4361e-02
7417.4604 2.1781e-02
7419.6855 2.3559e-02
7421.9116 1.7685e-02
7424.1382 1.0833e-02
7426.3652 2.1526e-02
7428.5933 1.9711e-02
7430.8218 1.6981e-02
7433.0513 1.3294e-02
7435.2808 1.8775e-02
7437.5117 3.3083e-02
7439.7432 2.4897e-02
7441.9741 2.5431e-02
7444.2070 2.2424e-02
7446.4404 1.3663e-02
7448.6748 7.0488e-03
7450.9097 2.1220e-02
7453.1440 2.3361e-02
7455.3809 2.4593e-02
7457.6167 2.6714e-02
7459.8545 3.3137e-02
7462.0923 1.7738e-02
7464.3306 1.5215e-02
7466.5698 1.7998e-02
7468.8096 2.4894e-02
7471.0503 1.9410e-02
7473.2920 2.1884e-02
7475.5342 2.4371e-02
7477.7769 1.2252e-02
7480.0205 1.6052e-02
7482.2637 1.9243e-02
7484.5088 1.5491e-02
7486.7539 1.8550e-02
7489.0000 1.9541e-02
7491.2471 2.1424e-02
7493.4937 1.6335e-02
7495.7422 1.9224e-02
7497.9912 1.9842e-02
7500.2402 1.2008e-02
7502.4902 2.5774e-02
7504.7412 9.9005e-03
7506.9927 1.4845e-02
7509.2441 2.7951e-02
7511.4976 2.1445e-02
7513.7510 2.2388e-02
7516.0044 1.8058e-02
7518.2593 2.1413e-02
7520.5151 2.0366e-02
7522.7715 1.6758e-02
7525.0283 2.4029e-02
7527.2861 2.0569e-02
7529.5439 7.6852e-03
7531.8027 1.9595e-02
7534.0620 2.2295e-02
7536.3228 1.3872e-02
7538.5835 1.6947e-02
7540.8447 1.9873e-02
7543.1074 1.9795e-02
7545.3706 1.7081e-02
7547.6338 1.1560e-02
7549.8984 2.2157e-02
7552.1626 2.1275e-02
7554.4292 2.9847e-02
7556.6948 1.9251e-02
7558.9619 1.3120e-02
7561.2295 2.0881e-02
7563.4976 1.6692e-02
7565.7671 1.0987e-02
7568.0366 1.8212e-02
7570.3071 2.0929e-02
7572.5786 1.9601e-02
7574.8511 1.7460e-02
7577.1230 2.1137e-02
7579.3960 1.0731e-02
7581.6694 2.0919e-02
7583.9443 2.2553e-02
7586.2192 3.1862e-02
7588.4956 1.5830e-02
7590.7715 1.8099e-02
7593.0488 2.5654e-02
7595.3262 1.9230e-02
7597.6060 8.7699e-03
7599.8843 2.6314e-02
7602.1641 1.6692e-02
7604.4448 1.0913e-02
7606.7271 2.2991e-02
7609.0093 1.4065e-02
7611.2910 1.5581e-02
7613.5752 1.0368e-02
7615.8589 1.9199e-02
7618.1440 2.5392e-02
7620.4292 1.4241e-02
7622.7153 3.0924e-02
7625.0020 2.0545e-02
7627.2896 9.9158e-03
7629.5781 1.4240e-02
7631.8662 1.3508e-02
7634.1562 2.1537e-02
7636.4468 1.6796e-02
7638.7378 2.0082e-02
7641.0288 1.5105e-02
7643.3213 2.0420e-02
7645.6138 2.6473e-02
7647.9072 2.4362e-02
7650.2021 1.4591e-02
7652.4971 1.7217e-02
7654.7935 1.8729e-02
7657.0894 1.3058e-02
7659.3867 7.5925e-03
7661.6846 2.2024e-02
7663.9829 1.4650e-02
7666.2817 1.6949e-02
7668.5825 1.1044e-02
7670.8823 1.6707e-02
7673.1841 1.7315e-02
7675.4854 1.9598e-02
7677.7891 1.7847e-02
7680.0918 1.8096e-02
7682.3960 1.4467e-02
7684.7002 1.0291e-02
7687.0059 2.2767e-02
7689.3125 2.1582e-02
7691.6191 1.8483e-02
7693.9268 1.4265e-02
7696.2344 1.5965e-02
7698.5430 1.2100e-02
7700.8530 1.4941e-02
7703.1631 2.1935e-02
7705.4746 1.3310e-02
7707.7856 1.4354e-02
7710.0981 1.8300e-02
7712.4111 1.4016e-02
7714.7251 1.7642e-02
7717.0391 1.7458e-02
7719.3540 2.4994e-02
7721.6699 1.3208e-02
7723.9868 1.5745e-02
7726.3042 1.5388e-02
7728.6216 1.5298e-02
7730.9409 1.0462e-02
7733.2593 1.8905e-02
7735.5796 2.5514e-02
7737.9004 2.1517e-02
7740.2217 2.0319e-02
7742.5435 2.0226e-02
7744.8662 1.9439e-02
7747.1895 1.2589e-02
7749.5142 9.3407e-03
7751.8394 1.9421e-02
7754.1650 1.1791e-02
7756.4907 1.8312e-02
7758.8174 9.9024e-03
7761.1450 1.0230e-02
7763.4736 1.3062e-02
7765.8022 2.1552e-02
7768.1323 1.6847e-02
7770.4634 1.0733e-02
7772.7944 1.3025e-02
7775.1260 2.0058e-02
7777.4585 2.7982e-02
7779.7915 1.4188e-02
7782.1260 2.2567e-02
7784.4604 1.7421e-02
7786.7954 1.8733e-02
7789.1318 1.3631e-02
7791.4683 9.0652e-03
7793.8062 2.1757e-02
7796.1436 2.5795e-02
7798.4824 1.3883e-02
7800.8218 1.4625e-02
7803.1626 1.6692e-02
7805.5034 1.7865e-02
7807.8447 2.6241e-02
7810.1880 1.7445e-02
7812.5303 1.4802e-02
7814.8745 1.9261e-02
7817.2192 1.8528e-02
7819.5640 2.0051e-02
7821.9106 2.1131e-02
7824.2559 1.1807e-02
7826.6040 1.3576e-02
7828.9521 1.0846e-02
7831.3003 1.5932e-02
7833.6499 2.2212e-02
7835.9995 1.5997e-02
7838.3511 1.7545e-02
7840.7021 1.5778e-02
7843.0547 1.6794e-02
7845.4077 1.7661e-02
7847.7603 2.0338e-02
7850.1152 2.2321e-02
7852.4702 1.2852e-02
7854.8262 2.0899e-02
7857.1821 1.2222e-02
7859.5396 1.8851e-02
7861.8975 1.7002e-02
7864.2559 1.0566e-02
7866.6157 1.6956e-02
7868.9756 2.0242e-02
7871.3359 2.0639e-02
7873.6978 1.7129e-02
7876.0601 1.7551e-02
7878.4224 1.3314e-02
7880.7856 1.6977e-02
7883.1509 2.0119e-02
7885.5151 1.2307e-02
7887.8809 1.2578e-02
7890.2476 1.6273e-02
7892.6147 1.6144e-02
7894.9814 1.5272e-02
7897.3501 1.5424e-02
7899.7192 1.5980e-02
7902.0898 1.6491e-02
7904.4604 1.8010e-02
7906.8311 1.9187e-02
7909.2036 1.6873e-02
7911.5767 1.4368e-02
7913.9497 1.5635e-02
7916.3247 1.9097e-02
7918.6987 1.0655e-02
7921.0742 1.8453e-02
7923.4512 2.2199e-02
7925.8276 1.3013e-02
7928.2051 1.5764e-02
7930.5845 1.9969e-02
7932.9634 1.4425e-02
7935.3433 1.5729e-02
7937.7236 2.1789e-02
7940.1050 1.5315e-02
7942.4873 2.0956e-02
7944.8701 1.5900e-02
7947.2529 2.0363e-02
7949.6377 1.7627e-02
7952.0225 1.8150e-02
7954.4082 1.6778e-02
7956.7949 1.4841e-02
7959.1807 1.7935e-02
7961.5688 1.7153e-02
7963.9580 2.6889e-02
7966.3462 1.1213e-02
7968.7368 1.7465e-02
7971.1274 2.0217e-02
7973.5181 2.2925e-02
7975.9111 1.4717e-02
7978.3032 1.9587e-02
7980.6973 2.5101e-02
7983.0908 1.2518e-02
7985.4858 2.1532e-02
7987.8823 1.4861e-02
7990.2778 1.1226e-02
7992.6748 1.3360e-02
7995.0728 9.5552e-03
7997.4717 1.7483e-02
7999.8711 1.7834e-02
8002.2710 1.5054e-02
8004.6709 1.9149e-02
8007.0723 2.2969e-02
8009.4746 1.5389e-02
8011.8779 1.5509e-02
8014.2812 1.5565e-02
8016.6855 2.4154e-02
8019.0903 1.9333e-02
8021.4966 1.4394e-02
8023.9028 2.1279e-02
8026.3105 1.5189e-02
8028.7173 2.4229e-02
8031.1260 1.6048e-02
8033.5361 1.1823e-02
8035.9458 1.1436e-02
8038.3569 2.7075e-02
8040.7681 1.5947e-02
8043.1807 1.6703e-02
8045.5933 1.5822e-02
8048.0068 1.5078e-02
8050.4214 9.0364e-03
8052.8364 1.7124e-02
8055.2520 1.8703e-02
8057.6689 2.0210e-02
8060.0864 1.0444e-02
8062.5049 1.2739e-02
8064.9229 1.7936e-02
8067.3423 1.4134e-02
8069.7632 1.3358e-02
8072.1836 1.0279e-02
8074.6050 1.3129e-02
8077.0278 1.7077e-02
8079.4507 1.0119e-02
8081.8745 1.8587e-02
8084.2988 1.2145e-02
8086.7251 1.3147e-02
8089.1509 1.7884e-02
8091.5771 2.2381e-02
8094.0049 1.4320e-02
8096.4331 9.8210e-03
8098.8618 1.0708e-02
8101.2910 1.4042e-02
8103.7217 1.2856e-02
8106.1528 1.2087e-02
8108.5845 1.4619e-02
8111.0171 9.4828e-03
8113.4502 1.6026e-02
8115.8843 8.9673e-03
8118.3188 1.0563e-02
8120.7549 8.1662e-03
8123.1914 1.2572e-02
8125.6284 1.1246e-02
8128.0659 8.2740e-03
8130.5049 1.6376e-02
8132.9438 1.4137e-02
8135.3833 1.1200e-02
8137.8237 1.0353e-02
8140.2651 1.0153e-02
8142.7075 1.0397e-02
8145.1504 1.1709e-02
8147.5938 1.3164e-02
8150.0376 7.0012e-03
8152.4834 7.4739e-03
8154.9292 1.5766e-02
8157.3750 7.6538e-03
8159.8228 1.1908e-02
8162.2705 1.4491e-02
8164.7192 1.5446e-02
8167.1685 1.4159e-02
8169.6187 2.6279e-03
8172.0693 9.7397e-03
8174.5210 1.0874e-02
8176.9736 1.0265e-02
8179.4268 7.1065e-03
8181.8809 1.1058e-02
8184.3350 5.3885e-03
8186.7900 8.2475e-03
8189.2456 1.1144e-02
8191.7031 1.1243e-02
8194.1602 1.2639e-02
8196.6191 9.2743e-03
8199.0781 7.7357e-03
8201.5371 1.0567e-02
8203.9980 8.6191e-03
8206.4590 9.5083e-03
8208.9219 1.0421e-02
8211.3838 8.2291e-03
8213.8477 1.4071e-02
8216.3115 1.1106e-02
8218.7764 1.1147e-02
8221.2422 1.1146e-02
8223.7090 1.1873e-02
8226.1758 5.5258e-03
8228.6436 9.2194e-03
8231.1123 7.2463e-03
8233.5811 1.2550e-02
8236.0518 1.1105e-02
8238.5215 9.1994e-03
8240.9932 1.0011e-02
8243.4658 3.2586e-03
8245.9395 1.3997e-02
8248.4131 5.4842e-03
8250.8877 7.1704e-03
8253.3623 1.4460e-02
8255.8389 1.0675e-02
8258.3154 9.3309e-03
8260.7920 8.0470e-03
8263.2715 1.4117e-02
8265.7500 1.3729e-02
8268.2305 9.8537e-03
8270.7100 8.7134e-03
8273.1914 1.2420e-02
8275.6738 1.3849e-03
8278.1553 1.5341e-02
8280.6396 5.6192e-03
8283.1240 1.0525e-02
8285.6094 7.7875e-03
8288.0947 1.3286e-02
8290.5811 1.0527e-02
8293.0674 1.5369e-02
8295.5557 1.0732e-02
8298.0449 8.3212e-03
8300.5352 8.8352e-03
8303.0234 1.5214e-02
8305.5156 1.3569e-02
8308.0068 1.4664e-02
8310.5000 1.4868e-02
8312.9922 6.6311e-03
8315.4863 1.0029e-02
8317.9805 7.3049e-03
8320.4766 1.1024e-02
8322.9717 1.1895e-02
8325.4697 7.6006e-03
8327.9668 1.2402e-02
8330.4658 1.3302e-02
8332.9639 1.1984e-02
8335.4648 1.1584e-02
8337.9648 1.6080e-02
8340.4668 1.2093e-02
8342.9688 7.2843e-03
8345.4717 1.1019e-02
8347.9746 6.7449e-03
8350.4795 1.6236e-02
8352.9844 8.1135e-03
8355.4902 1.1451e-02
8357.9971 9.9537e-03
8360.5039 1.2136e-02
8363.0127 1.3998e-02
8365.5215 1.0911e-02
8368.0312 1.2104e-02
8370.5420 1.3348e-02
8373.0527 5.9276e-03
8375.5654 1.6954e-02
8378.0771 8.0234e-03
8380.5908 9.5179e-03
8383.1045 1.4162e-02
8385.6191 1.1901e-02
8388.1348 3.4189e-03
8390.6523 7.7703e-03
8393.1689 1.2427e-02
8395.6865 6.6278e-03
8398.2061 1.3984e-02
8400.7246 8.7100e-03
8403.2461 1.3534e-02
8405.7666 9.2386e-03
8408.2881 1.6620e-02
8410.8105 4.6231e-03
8413.3340 1.3589e-02
8415.8584 1.2939e-02
8418.3818 1.3594e-02
8420.9082 7.8200e-03
8423.4346 1.2710e-02
8425.9609 1.5737e-02
8428.4893 1.1888e-02
8431.0186 1.0250e-02
8433.5479 8.7912e-03
8436.0771 2.2815e-02
8438.6074 1.7033e-02
8441.1396 6.7666e-03
8443.6729 1.5655e-02
8446.2051 1.5050e-02
8448.7383 1.3295e-02
8451.2734 1.1937e-02
8453.8086 9.7038e-03
8456.3457 1.6297e-02
8458.8828 1.5390e-02
8461.4199 1.3866e-02
8463.9580 1.5604e-02
8466.4971 8.1262e-03
8469.0371 1.3350e-02
8471.5781 1.0557e-02
8474.1191 9.7946e-03
8476.6621 1.0116e-02
8479.2051 2.2697e-02
8481.7480 2.1159e-02
8484.2930 2.1445e-02
8486.8379 1.5750e-02
8489.3848 1.7539e-02
8491.9316 2.1532e-02
8494.4795 1.2370e-02
8497.0264 1.2473e-02
8499.5762 1.2461e-02
8502.1260 9.0788e-03
8504.6777 1.6974e-02
8507.2285 1.1954e-02
8509.7803 1.0992e-02
8512.3330 1.8553e-02
8514.8857 2.1074e-02
8517.4414 1.2126e-02
8519.9961 1.2678e-02
8522.5527 1.3373e-02
8525.1094 1.6334e-02
8527.6670 1.8636e-02
8530.2246 2.1159e-02
8532.7842 1.8029e-02
8535.3438 2.4736e-02
8537.9053 2.0089e-02
8540.4668 2.0103e-02
8543.0273 9.9812e-03
8545.5908 1.1619e-02
8548.1543 1.5258e-02
8550.7188 1.0383e-02
8553.2842 1.4389e-02
8555.8496 2.0295e-02
8558.4170 1.2519e-02
8560.9844 1.6167e-02
8563.5527 7.5013e-03
8566.1221 1.4776e-02
8568.6914 1.5668e-02
8571.2617 1.7671e-02
8573.8350 1.5856e-02
8576.4062 1.9827e-02
8578.9785 1.9039e-02
8581.5527 1.9920e-02
8584.1270 1.0813e-02
8586.7031 1.5186e-02
8589.2783 1.2955e-02
8591.8555 1.7188e-02
8594.4326 2.1654e-02
8597.0117 1.4639e-02
8599.5898 1.9880e-02
8602.1699 1.6239e-02
8604.7500 1.5513e-02
8607.3320 2.1683e-02
8609.9150 1.5245e-02
8612.4971 1.9744e-02
8615.0811 1.6393e-02
8617.6660 2.2449e-02
8620.2500 1.0605e-02
8622.8369 2.4274e-02
8625.4229 2.6671e-02
8628.0117 1.6111e-02
8630.6006 1.8956e-02
8633.1885 1.9570e-02
8635.7793 1.0324e-02
8638.3711 1.7733e-02
8640.9609 1.8853e-02
8643.5527 1.0208e-02
8646.1465 1.7967e-02
8648.7393 1.5765e-02
8651.3350 1.0844e-02
8653.9307 1.3563e-02
8656.5264 1.9400e-02
8659.1230 1.3566e-02
8661.7207 1.4447e-02
8664.3203 1.8938e-02
8666.9189 8.8665e-03
8669.5186 2.0209e-02
8672.1201 2.0697e-02
8674.7217 2.5500e-02
8677.3242 1.5078e-02
8679.9277 1.6823e-02
8682.5312 9.6303e-03
8685.1367 1.5518e-02
8687.7412 1.6313e-02
8690.3477 1.9915e-02
8692.9551 1.4221e-02
8695.5625 1.4052e-02
8698.1709 9.3280e-03
8700.7803 1.6748e-02
8703.3916 1.7865e-02
8706.0020 2.1752e-02
8708.6133 1.1935e-02
8711.2266 1.4623e-02
8713.8398 1.7605e-02
8716.4541 1.4996e-02
8719.0684 2.2330e-02
8721.6846 1.2816e-02
8724.3018 1.9820e-02
8726.9189 2.3503e-02
8729.5371 9.3833e-03
8732.1553 1.4253e-02
8734.7754 1.5015e-02
8737.3955 1.7329e-02
8740.0166 1.6899e-02
8742.6387 8.6345e-03
8745.2607 1.7779e-02
8747.8848 1.8748e-02
8750.5098 2.4047e-02
8753.1348 1.7840e-02
8755.7607 1.6117e-02
8758.3867 1.1469e-02
8761.0146 1.0749e-02
8763.6436 1.9912e-02
8766.2715 1.8440e-02
8768.9023 1.5509e-02
8771.5322 1.4452e-02
8774.1641 1.8986e-02
8776.7959 1.5353e-02
8779.4287 9.0755e-03
8782.0635 1.5097e-02
8784.6982 1.3993e-02
8787.3330 1.5650e-02
8789.9697 1.9219e-02
8792.6074 1.3684e-02
8795.2451 6.3617e-03
8797.8838 1.8749e-02
8800.5234 1.8919e-02
8803.1621 2.0102e-02
8805.8027 1.6647e-02
8808.4453 1.6252e-02
8811.0879 1.7209e-02
8813.7314 2.0079e-02
8816.3750 1.9634e-02
8819.0205 1.4208e-02
8821.6660 1.6854e-02
8824.3125 1.3258e-02
8826.9590 1.1238e-02
8829.6084 1.4596e-02
8832.2568 1.0998e-02
8834.9062 1.3853e-02
8837.5557 1.9202e-02
8840.2080 1.7545e-02
8842.8594 1.3146e-02
8845.5127 1.9681e-02
8848.1670 1.5332e-02
8850.8213 1.7880e-02
8853.4766 1.7028e-02
8856.1328 1.3008e-02
8858.7881 1.2079e-02
8861.4463 1.4207e-02
8864.1045 1.7838e-02
8866.7646 9.6938e-03
8869.4238 1.3054e-02
8872.0850 7.6020e-03
8874.7471 1.3810e-02
8877.4092 2.3376e-02
8880.0732 1.6493e-02
8882.7373 1.9254e-02
8885.4014 7.3569e-03
8888.0674 9.1142e-03
8890.7334 9.0326e-03
8893.4004 1.4319e-02
8896.0684 1.9544e-02
8898.7373 1.9535e-02
8901.4072 1.3526e-02
8904.0771 1.4657e-02
8906.7480 1.7154e-02
8909.4199 2.6108e-02
8912.0938 1.1803e-02
8914.7676 1.1356e-02
8917.4414 1.0206e-02
8920.1172 2.0468e-02
8922.7930 9.0318e-03
8925.4697 2.2433e-02
8928.1475 8.9842e-03
8930.8262 1.4386e-02
8933.5049 1.6434e-02
8936.1855 1.6961e-02
8938.8652 1.6551e-02
8941.5469 1.0718e-02
8944.2295 1.7872e-02
8946.9141 1.0988e-02
8949.5977 1.5688e-02
8952.2822 1.5188e-02
8954.9678 1.8606e-02
8957.6553 1.2391e-02
8960.3418 1.3601e-02
8963.0293 1.5059e-02
8965.7178 2.3423e-02
8968.4082 1.2731e-02
8971.0986 7.9419e-03
8973.7910 1.6202e-02
8976.4824 1.9281e-02
8979.1748 1.3329e-02
8981.8691 1.3748e-02
8984.5635 2.0127e-02
8987.2588 2.7454e-02
8989.9551 2.0274e-02
8992.6523 1.1535e-02
8995.3506 1.2940e-02
8998.0488 1.6856e-02
9000.7480 1.1428e-02
9003.4482 9.7424e-03
9006.1494 1.1048e-02
9008.8516 1.1690e-02
9011.5537 1.5858e-02
9014.2578 1.1086e-02
9016.9609 1.3449e-02
9019.6660 1.3129e-02
9022.3721 1.5109e-02
9025.0791 1.1670e-02
9027.7871 1.4048e-02
9030.4951 1.2556e-02
9033.2051 8.2415e-03
9035.9150 7.9600e-03
9038.6260 1.0995e-02
9041.3369 8.7157e-03
9044.0498 1.7011e-02
9046.7627 1.5833e-02
9049.4766 1.5304e-02
9052.1914 1.2926e-02
9054.9072 1.4305e-02
9057.6240 2.0532e-02
9060.3398 1.1355e-02
9063.0586 2.0329e-02
9065.7773 1.6061e-02
9068.4971 1.3475e-02
9071.2168 1.4338e-02
9073.9395 1.4411e-02
9076.6611 1.0477e-02
9079.3848 1.4344e-02
9082.1074 1.3403e-02
9084.8330 8.8856e-03
9087.5576 1.9687e-02
9090.2832 1.4393e-02
9093.0117 1.4662e-02
9095.7393 1.0058e-02
9098.4688 1.1304e-02
9101.1973 1.0574e-02
9103.9287 1.3831e-02
9106.6592 9.4299e-03
9109.3906 1.3823e-02
9112.1250 1.6436e-02
9114.8584 9.3905e-03
9117.5928 1.2668e-02
9120.3271 7.7762e-03
9123.0635 8.5003e-03
9125.8008 1.1490e-02
9128.5391 9.4837e-03
9131.2764 2.0345e-02
9134.0156 1.2762e-02
9136.7568 1.4160e-02
9139.4980 1.5610e-02
9142.2383 1.3628e-02
9144.9814 1.9763e-02
9147.7266 9.0726e-03
9150.4707 2.0411e-02
9153.2158 1.6005e-02
9155.9609 1.1310e-02
9158.7070 1.0059e-02
9161.4551 1.5528e-02
9164.2041 1.0264e-02
9166.9531 1.0305e-02
9169.7031 1.4079e-02
9172.4541 1.1693e-02
9175.2051 1.0299e-02
9177.9580 1.0429e-02
9180.7109 1.4740e-02
9183.4668 1.6405e-02
9186.2207 7.8910e-03
9188.9766 1.0793e-02
9191.7334 1.2968e-02
9194.4912 1.5554e-02
9197.2490 1.1777e-02
9200.0088 1.1992e-02
9202.7686 9.3013e-03
9205.5293 1.5810e-02
9208.2920 7.2950e-03
9211.0527 8.4215e-03
9213.8164 1.5186e-02
9216.5811 1.0203e-02
9219.3467 1.4712e-02
9222.1113 1.0641e-02
9224.8789 8.2565e-03
9227.6455 6.4005e-03
9230.4141 1.0450e-02
9233.1836 1.2301e-02
9235.9531 9.1645e-03
9238.7246 9.6107e-03
9241.4951 9.0316e-03
9244.2686 1.2087e-02
9247.0410 6.5274e-03
9249.8154 1.4393e-02
9252.5908 7.6796e-03
9255.3652 1.3617e-02
9258.1426 8.5816e-03
9260.9209 1.0872e-02
9263.6992 1.2046e-02
9266.4775 7.0191e-03
9269.2568 4.9044e-03
9272.0381 1.1137e-02
9274.8203 1.2269e-02
9277.6025 8.7720e-03
9280.3857 1.1379e-02
9283.1709 9.4249e-03
9285.9541 1.4523e-02
9288.7402 6.5366e-03
9291.5264 3.4877e-03
9294.3135 1.6783e-02
9297.1025 1.4840e-02
9299.8926 1.2326e-02
9302.6816 1.6457e-02
9305.4727 1.8305e-02
9308.2646 1.2751e-02
9311.0566 1.1090e-02
9313.8506 6.8472e-03
9316.6436 7.8624e-03
9319.4395 1.0440e-02
9322.2354 9.8642e-03
9325.0322 9.7179e-03
9327.8291 9.0287e-03
9330.6279 1.0692e-02
9333.4277 1.1174e-02
9336.2266 9.8730e-03
9339.0283 1.4372e-02
9341.8291 5.8637e-03
9344.6318 7.1370e-03
9347.4355 1.4524e-02
9350.2402 8.1425e-03
9353.0449 8.2120e-03
9355.8516 6.1554e-03
9358.6572 1.1842e-02
9361.4658 8.5592e-03
9364.2734 7.1767e-03
9367.0830 5.7209e-03
9369.8936 1.2528e-02
9372.7041 1.2662e-02
9375.5156 1.0645e-02
9378.3291 9.8404e-03
9381.1416 9.6835e-03
9383.9561 8.5408e-03
9386.7715 1.0002e-02
9389.5879 8.0983e-03
9392.4043 8.7425e-03
9395.2217 7.7923e-03
9398.0400 9.0230e-03
9400.8594 1.1420e-02
9403.6807 1.0990e-02
9406.5020 1.3334e-02
9409.3242 1.3278e-02
9412.1465 1.4486e-02
9414.9707 8.3179e-03
9417.7939 1.1523e-02
9420.6201 8.2645e-03
9423.4453 8.9509e-03
9426.2725 6.2447e-03
9429.1006 1.3077e-02
9431.9287 1.0443e-02
9434.7588 9.0489e-03
9437.5898 8.1478e-03
9440.4209 6.7405e-03
9443.2529 1.1525e-02
9446.0859 1.0016e-02
9448.9199 8.3714e-03
9451.7549 8.8658e-03
9454.5889 1.2055e-02
9457.4268 7.7863e-03
9460.2637 1.2779e-02
9463.1016 9.6352e-03
9465.9414 9.5554e-03
9468.7803 7.7283e-03
9471.6211 4.6292e-03
9474.4629 8.8335e-03
9477.3047 1.5060e-02
9480.1484 1.0662e-02
9482.9922 7.4937e-03
9485.8369 1.2724e-02
9488.6836 6.8005e-03
9491.5303 1.2013e-02
9494.3760 1.0038e-02
9497.2256 1.2353e-02
9500.0742 8.4434e-03
9502.9238 1.0558e-02
9505.7754 1.1136e-02
9508.6270 1.4319e-02
9511.4805 2.0423e-02
9514.3320 1.0856e-02
9517.1875 1.1627e-02
9520.0420 6.4353e-03
9522.8984 7.1421e-03
9525.7559 1.3476e-02
9528.6133 1.0758e-02
9531.4717 4.2543e-03
9534.3311 9.7921e-03
9537.1914 9.2071e-03
9540.0518 4.6186e-03
9542.9150 1.2669e-02
9545.7773 1.1569e-02
9548.6416 6.9368e-03
9551.5059 8.4328e-03
9554.3711 1.1337e-02
9557.2373 8.6424e-03
9560.1045 1.0773e-02
9562.9727 6.6363e-03
9565.8418 5.8832e-03
9568.7109 1.2118e-02
9571.5820 7.3319e-03
9574.4531 7.3663e-03
9577.3252 1.0026e-02
9580.1992 5.7304e-03
9583.0723 7.2232e-03
9585.9473 1.0883e-02
9588.8242 1.2860e-02
9591.7002 7.0088e-03
9594.5781 1.0456e-02
9597.4561 8.8409e-03
9600.3350 5.7648e-03
9603.2158 8.3334e-03
9606.0957 1.0095e-02
9608.9775 6.3154e-03
9611.8613 8.1123e-03
9614.7441 1.0678e-02
9617.6279 8.2936e-03
9620.5137 1.0163e-02
9623.4014 8.5273e-03
9626.2881 8.3548e-03
9629.1748 1.0476e-02
9632.0645 1.2631e-02
9634.9541 8.4877e-03
9637.8438 5.2855e-03
9640.7363 1.1613e-02
9643.6270 7.9664e-03
9646.5215 8.4615e-03
9649.4141 8.7888e-03
9652.3086 6.2343e-03
9655.2051 1.0030e-02
9658.1016 9.2248e-03
9660.9990 6.2521e-03
9663.8975 9.3211e-03
9666.7969 4.7846e-03
9669.6973 9.3934e-03
9672.5967 1.3870e-02
9675.5000 7.0368e-03
9678.4023 1.1009e-02
9681.3057 4.8611e-03
9684.2109 6.0458e-03
9687.1152 5.3745e-03
9690.0215 1.2821e-02
9692.9287 6.9050e-03
9695.8369 7.6174e-03
9698.7441 3.7192e-03
9701.6553 7.7506e-03
9704.5645 7.1124e-03
9707.4775 9.9276e-03
9710.3887 7.0227e-03
9713.3008 6.6241e-03
9716.2158 2.9498e-03
9719.1299 8.3150e-03
9722.0459 9.8051e-03
9724.9629 6.8241e-03
9727.8809 1.3322e-02
9730.7988 9.0905e-03
9733.7178 8.6342e-03
9736.6387 7.5114e-03
9739.5586 8.6346e-03
9742.4805 9.2012e-03
9745.4033 5.2835e-03
9748.3281 6.7863e-03
9751.2520 7.8916e-03
9754.1777 9.6700e-03
9757.1035 1.0935e-02
9760.0303 6.9862e-03
9762.9590 7.1603e-03
9765.8877 8.8814e-03
9768.8174 2.3105e-03
9771.7480 5.4034e-03
9774.6797 9.0846e-03
9777.6113 8.1905e-03
9780.5459 9.9910e-03
9783.4795 4.5612e-03
9786.4141 8.0773e-03
9789.3496 5.7755e-03
9792.2871 9.2051e-03
9795.2256 6.1742e-03
9798.1641 8.9116e-03
9801.1035 1.0969e-02
9804.0430 7.4590e-03
9806.9844 8.4002e-03
9809.9268 3.9615e-03
9812.8691 8.7753e-03
9815.8125 9.1363e-03
9818.7578 4.6937e-03
9821.7041 6.5629e-03
9824.6494 6.0376e-03
9827.5967 9.1524e-03
9830.5469 5.7789e-03
9833.4951 1.5036e-02
9836.4453 6.4850e-03
9839.3965 5.2716e-03
9842.3486 9.2716e-03
9845.2998 1.3034e-02
9848.2549 6.6094e-03
9851.2080 6.2471e-03
9854.1641 6.6773e-03
9857.1201 1.2768e-02
9860.0771 1.3539e-02
9863.0361 7.6658e-03
9865.9941 7.6930e-03
9868.9541 1.0421e-02
9871.9150 9.8877e-03
9874.8760 9.5042e-03
9877.8389 3.5064e-03
9880.8018 1.1024e-02
9883.7666 5.5615e-03
9886.7324 5.6215e-03
9889.6982 6.0038e-03
9892.6641 1.3176e-02
9895.6338 8.2251e-03
9898.6016 8.4701e-03
9901.5713 8.4126e-03
9904.5420 6.0813e-03
9907.5127 4.1097e-03
9910.4854 6.8864e-03
9913.4590 5.1899e-03
9916.4326 1.1066e-02
9919.4072 5.0611e-03
9922.3828 9.0242e-03
9925.3584 5.3977e-03
9928.3379 1.2366e-02
9931.3164 1.2835e-02
9934.2949 6.2237e-03
9937.2754 5.7841e-03
9940.2568 4.5118e-03
9943.2383 1.6380e-02
9946.2207 4.7978e-03
9949.2061 5.9835e-03
9952.1904 4.9732e-03
9955.1758 8.2058e-03
9958.1631 7.0343e-03
9961.1494 5.9618e-03
9964.1387 1.3666e-02
9967.1279 1.0617e-02
9970.1182 6.2591e-03
9973.1084 6.2993e-03
9976.1006 6.6286e-03
9979.0928 7.0117e-03
9982.0859 4.3114e-03
9985.0820 7.5674e-03
9988.0771 1.0863e-02
9991.0732 7.3555e-03
9994.0713 5.9913e-03
9997.0693 9.9935e-03
10000.0684 5.2139e-03
10003.0674 6.6229e-03
10006.0684 5.2988e-03
10009.0713 1.0637e-02
10012.0742 7.1079e-03
10015.0771 1.4054e-02
10018.0820 4.9707e-03
10021.0879 6.2668e-03
10024.0938 5.9775e-03
10027.1006 1.0426e-02
10030.1084 7.1339e-03
10033.1172 9.2430e-03
10036.1270 5.5455e-03
10039.1387 6.7586e-03
10042.1504 6.5591e-03
10045.1631 8.1939e-03
10048.1768 6.3025e-03
10051.1924 4.9083e-03
10054.2061 8.7590e-03
10057.2227 1.1264e-02
10060.2402 6.2511e-03
10063.2578 5.9691e-03
10066.2773 7.4128e-03
10069.2969 9.0038e-03
10072.3174 5.6163e-03
10075.3379 8.1942e-03
10078.3623 4.3948e-03
10081.3848 9.2351e-03
10084.4102 7.7063e-03
10087.4346 1.2393e-02
10090.4619 1.2368e-02
10093.4883 8.3453e-03
10096.5166 8.3969e-03
10099.5459 5.8037e-03
10102.5742 8.7365e-03
10105.6055 6.0169e-03
10108.6367 1.5934e-02
10111.6709 9.9812e-03
10114.7041 5.7367e-03
10117.7383 9.2393e-03
10120.7734 9.4151e-03
10123.8105 5.8698e-03
10126.8477 9.0225e-03
10129.8857 1.0268e-02
10132.9248 1.1958e-02
10135.9648 5.3986e-03
10139.0049 9.9413e-03
10142.0479 1.2363e-02
10145.0879 8.4420e-03
10148.1318 4.2510e-03
10151.1768 6.1990e-03
10154.2227 1.0605e-02
10157.2686 3.8857e-03
10160.3154 7.1456e-03
10163.3643 8.4460e-03
10166.4121 6.7323e-03
10169.4629 8.1928e-03
10172.5137 4.7436e-03
10175.5654 6.2912e-03
10178.6191 6.2133e-03
10181.6719 9.5345e-03
10184.7256 8.9908e-03
10187.7822 1.3867e-02
10190.8379 4.9081e-03
10193.8945 9.4964e-03
10196.9541 1.3827e-03
10200.0127 6.1905e-03
10203.0723 9.8022e-03
10206.1328 7.1159e-03
10209.1953 7.0369e-03
10212.2578 4.2622e-03
10215.3223 7.1073e-03
10218.3867 5.1858e-03
10221.4521 4.4823e-03
10224.5186 9.9501e-03
10227.5850 1.1250e-03
10230.6543 1.2338e-02
10233.7246 8.0591e-03
10236.7930 6.5734e-03
10239.8643 4.7926e-03
10242.9355 6.0397e-03
10246.0098 4.9727e-03
10249.0830 5.5525e-03
10252.1572 5.2936e-03
10255.2334 6.8279e-03
10258.3096 7.5618e-03
10261.3877 8.0898e-03
10264.4648 4.4376e-03
10267.5449 6.1942e-03
10270.6250 7.1235e-03
