# time_explosion = 16.75
# 
3082.8928 1.3130e-01
3083.8179 1.3157e-01
3084.7432 1.2125e-01
3085.6685 1.2039e-01
3086.5940 1.1493e-01
3087.5200 1.2514e-01
3088.4463 9.8854e-02
3089.3728 1.1885e-01
3090.2996 1.0176e-01
3091.2268 1.2523e-01
3092.1541 1.2581e-01
3093.0815 1.0743e-01
3094.0098 1.1086e-01
3094.9380 1.0806e-01
3095.8665 9.0380e-02
3096.7952 1.1062e-01
3097.7241 9.1489e-02
3098.6536 1.0021e-01
3099.5828 9.9010e-02
3100.5129 8.5174e-02
3101.4431 1.1644e-01
3102.3735 9.7124e-02
3103.3042 8.8353e-02
3104.2354 1.1261e-01
3105.1665 8.1697e-02
3106.0981 9.8759e-02
3107.0300 1.0573e-01
3107.9619 1.0679e-01
3108.8943 8.6230e-02
3109.8269 8.8321e-02
3110.7600 9.4247e-02
3111.6929 8.3594e-02
3112.6265 8.1596e-02
3113.5605 8.7890e-02
3114.4944 9.0519e-02
3115.4290 8.7330e-02
3116.3635 7.7907e-02
3117.2986 9.0154e-02
3118.2336 8.2744e-02
3119.1689 1.0640e-01
3120.1047 8.0455e-02
3121.0410 8.2641e-02
3121.9773 8.8069e-02
3122.9136 7.8598e-02
3123.8508 8.9725e-02
3124.7878 7.3931e-02
3125.7251 6.3202e-02
3126.6628 6.9186e-02
3127.6008 6.5037e-02
3128.5393 8.6075e-02
3129.4778 7.1611e-02
3130.4170 6.8403e-02
3131.3557 6.3730e-02
3132.2954 7.8496e-02
3133.2349 8.5825e-02
3134.1748 6.1419e-02
3135.1150 8.7298e-02
3136.0559 7.5330e-02
3136.9968 7.8911e-02
3137.9377 6.6161e-02
3138.8789 6.9004e-02
3139.8206 4.6979e-02
3140.7625 6.9235e-02
3141.7046 7.1668e-02
3142.6472 7.5670e-02
3143.5901 6.6291e-02
3144.5334 6.9907e-02
3145.4766 7.4575e-02
3146.4202 6.1681e-02
3147.3643 5.6704e-02
3148.3086 7.5952e-02
3149.2529 7.9541e-02
3150.1975 5.0633e-02
3151.1426 6.7861e-02
3152.0881 6.0700e-02
3153.0337 7.8208e-02
3153.9795 6.6807e-02
3154.9255 5.9277e-02
3155.8723 6.4065e-02
3156.8188 8.6773e-02
3157.7661 6.2473e-02
3158.7134 5.7530e-02
3159.6609 5.7615e-02
3160.6086 9.4887e-02
3161.5571 7.7926e-02
3162.5054 1.0427e-01
3163.4541 5.5414e-02
3164.4031 5.6924e-02
3165.3528 7.6366e-02
3166.3022 7.2127e-02
3167.2522 6.8182e-02
3168.2024 6.0318e-02
3169.1526 8.0367e-02
3170.1035 1.0190e-01
3171.0544 8.7207e-02
3172.0061 9.2667e-02
3172.9573 8.1480e-02
3173.9092 8.2136e-02
3174.8613 9.9714e-02
3175.8140 7.3015e-02
3176.7668 7.9413e-02
3177.7197 7.3902e-02
3178.6729 1.0300e-01
3179.6267 9.6913e-02
3180.5808 8.3328e-02
3181.5347 9.2769e-02
3182.4893 8.1683e-02
3183.4438 8.6895e-02
3184.3987 1.0909e-01
3185.3542 1.0329e-01
3186.3101 1.1461e-01
3187.2659 8.2835e-02
3188.2217 9.8254e-02
3189.1785 8.9289e-02
3190.1350 7.8813e-02
3191.0920 8.5386e-02
3192.0493 1.1991e-01
3193.0071 1.1319e-01
3193.9651 9.9076e-02
3194.9233 9.3267e-02
3195.8818 1.0303e-01
3196.8408 1.2655e-01
3197.7996 1.0869e-01
3198.7590 8.6417e-02
3199.7185 1.0684e-01
3200.6782 1.1435e-01
3201.6387 8.7214e-02
3202.5991 1.2838e-01
3203.5598 1.0395e-01
3204.5208 1.2394e-01
3205.4824 8.0628e-02
3206.4441 1.1887e-01
3207.4058 8.5212e-02
3208.3682 1.2243e-01
3209.3306 7.7518e-02
3210.2935 9.0095e-02
3211.2563 1.1139e-01
3212.2200 7.7436e-02
3213.1833 1.2495e-01
3214.1472 1.0410e-01
3215.1118 7.9665e-02
3216.0764 9.7950e-02
3217.0413 7.4993e-02
3218.0061 9.6053e-02
3218.9714 8.6703e-02
3219.9373 7.2217e-02
3220.9031 9.4408e-02
3221.8699 9.5025e-02
3222.8362 1.0230e-01
3223.8030 7.7093e-02
3224.7700 9.3598e-02
3225.7375 7.2156e-02
3226.7053 6.4668e-02
3227.6731 9.2948e-02
3228.6416 7.0488e-02
3229.6101 7.6964e-02
3230.5791 7.1663e-02
3231.5483 8.3422e-02
3232.5178 6.9354e-02
3233.4875 6.6879e-02
3234.4575 5.8905e-02
3235.4280 6.9754e-02
3236.3984 6.9349e-02
3237.3691 5.8717e-02
3238.3403 9.0481e-02
3239.3120 7.3374e-02
3240.2839 5.7298e-02
3241.2559 9.8908e-02
3242.2285 6.7529e-02
3243.2012 6.1053e-02
3244.1743 5.3997e-02
3245.1472 7.2653e-02
3246.1208 7.2309e-02
3247.0947 7.8195e-02
3248.0688 6.3322e-02
3249.0432 8.4900e-02
3250.0178 7.3060e-02
3250.9929 7.1441e-02
3251.9680 6.5323e-02
3252.9438 6.1277e-02
3253.9194 7.3300e-02
3254.8958 8.8789e-02
3255.8723 7.5241e-02
3256.8489 6.8457e-02
3257.8262 7.9358e-02
3258.8035 5.3549e-02
3259.7810 9.8211e-02
3260.7593 7.3006e-02
3261.7373 8.0216e-02
3262.7158 8.1920e-02
3263.6946 9.6471e-02
3264.6736 6.6460e-02
3265.6531 7.6002e-02
3266.6331 8.1445e-02
3267.6130 7.3862e-02
3268.5930 8.8532e-02
3269.5735 5.3578e-02
3270.5544 8.3845e-02
3271.5356 8.2635e-02
3272.5171 7.7823e-02
3273.4990 6.7292e-02
3274.4812 7.6553e-02
3275.4634 7.8540e-02
3276.4458 9.9603e-02
3277.4287 9.2847e-02
3278.4124 6.5254e-02
3279.3958 6.3146e-02
3280.3794 7.4618e-02
3281.3635 8.5422e-02
3282.3479 8.5192e-02
3283.3325 7.0278e-02
3284.3179 6.5816e-02
3285.3030 6.0354e-02
3286.2888 9.1059e-02
3287.2744 8.0763e-02
3288.2605 7.4881e-02
3289.2471 9.3401e-02
3290.2339 8.5709e-02
3291.2212 1.1292e-01
3292.2083 9.4334e-02
3293.1958 6.8598e-02
3294.1838 7.3168e-02
3295.1724 7.2026e-02
3296.1609 8.3421e-02
3297.1497 9.3573e-02
3298.1387 1.0801e-01
3299.1282 6.0969e-02
3300.1177 9.8229e-02
3301.1079 9.6488e-02
3302.0984 8.7758e-02
3303.0889 1.0600e-01
3304.0798 8.4492e-02
3305.0713 8.7478e-02
3306.0627 1.0043e-01
3307.0544 1.1319e-01
3308.0466 9.0906e-02
3309.0391 1.0524e-01
3310.0317 8.8449e-02
3311.0247 1.1021e-01
3312.0178 1.3297e-01
3313.0117 1.1672e-01
3314.0054 1.0734e-01
3315.0000 1.2298e-01
3315.9941 9.5129e-02
3316.9890 1.1866e-01
3317.9839 8.7581e-02
3318.9795 1.0263e-01
3319.9751 1.4090e-01
3320.9712 1.1959e-01
3321.9678 1.0708e-01
3322.9639 1.0617e-01
3323.9607 1.5091e-01
3324.9580 1.0343e-01
3325.9558 1.3893e-01
3326.9536 1.1935e-01
3327.9514 1.2553e-01
3328.9497 1.1543e-01
3329.9482 1.2942e-01
3330.9475 1.2944e-01
3331.9468 1.3707e-01
3332.9463 1.0223e-01
3333.9463 1.3814e-01
3334.9463 1.0988e-01
3335.9473 1.3958e-01
3336.9478 1.2523e-01
3337.9487 1.5492e-01
3338.9502 1.4687e-01
3339.9517 1.0021e-01
3340.9536 1.0602e-01
3341.9561 1.4807e-01
3342.9587 1.1718e-01
3343.9614 1.2575e-01
3344.9651 1.3255e-01
3345.9685 1.3538e-01
3346.9722 1.3173e-01
3347.9763 1.3312e-01
3348.9805 1.4433e-01
3349.9854 1.2254e-01
3350.9902 1.3925e-01
3351.9956 1.1902e-01
3353.0010 1.2590e-01
3354.0073 1.5465e-01
3355.0129 1.2879e-01
3356.0198 1.5438e-01
3357.0264 1.0769e-01
3358.0334 1.1880e-01
3359.0410 1.5312e-01
3360.0488 1.5100e-01
3361.0569 1.4180e-01
3362.0654 1.2725e-01
3363.0740 1.3055e-01
3364.0828 1.3428e-01
3365.0918 1.3795e-01
3366.1013 1.4772e-01
3367.1113 1.5297e-01
3368.1213 1.5263e-01
3369.1318 1.5537e-01
3370.1426 1.2394e-01
3371.1536 1.4370e-01
3372.1650 1.5981e-01
3373.1768 1.3429e-01
3374.1885 1.4006e-01
3375.2004 1.4570e-01
3376.2134 1.0911e-01
3377.2261 1.3859e-01
3378.2395 1.5475e-01
3379.2529 1.5053e-01
3380.2664 1.5089e-01
3381.2805 1.4267e-01
3382.2952 1.5424e-01
3383.3098 1.3122e-01
3384.3250 1.5532e-01
3385.3401 1.6770e-01
3386.3557 1.3697e-01
3387.3716 1.5949e-01
3388.3879 1.5828e-01
3389.4045 1.6185e-01
3390.4211 1.6706e-01
3391.4385 1.7138e-01
3392.4558 1.6768e-01
3393.4736 1.7744e-01
3394.4915 1.6529e-01
3395.5100 1.9019e-01
3396.5286 1.6042e-01
3397.5474 1.7279e-01
3398.5667 1.4946e-01
3399.5862 1.4929e-01
3400.6062 1.5712e-01
3401.6262 1.6153e-01
3402.6467 1.7981e-01
3403.6677 1.7008e-01
3404.6887 1.4760e-01
3405.7100 1.0172e-01
3406.7319 1.6807e-01
3407.7539 1.7741e-01
3408.7764 1.6472e-01
3409.7988 1.7671e-01
3410.8218 1.4353e-01
3411.8450 1.7286e-01
3412.8687 1.4207e-01
3413.8923 1.6594e-01
3414.9167 1.4635e-01
3415.9412 1.7436e-01
3416.9658 1.7433e-01
3417.9907 1.8192e-01
3419.0164 1.5655e-01
3420.0420 1.4771e-01
3421.0681 1.7985e-01
3422.0945 1.4701e-01
3423.1208 1.6197e-01
3424.1479 1.5439e-01
3425.1753 1.3846e-01
3426.2029 1.8574e-01
3427.2307 1.9810e-01
3428.2588 1.8525e-01
3429.2871 1.5217e-01
3430.3159 1.7792e-01
3431.3452 2.0389e-01
3432.3748 1.6800e-01
3433.4041 1.8470e-01
3434.4346 1.8742e-01
3435.4646 1.6459e-01
3436.4954 1.8230e-01
3437.5261 1.6453e-01
3438.5579 1.8299e-01
3439.5894 1.9343e-01
3440.6208 2.2383e-01
3441.6531 1.7883e-01
3442.6855 2.1095e-01
3443.7183 1.9628e-01
3444.7515 1.6885e-01
3445.7852 2.0173e-01
3446.8186 1.9841e-01
3447.8525 1.7675e-01
3448.8872 1.9248e-01
3449.9216 2.1654e-01
3450.9568 1.9086e-01
3451.9919 2.0812e-01
3453.0276 2.2408e-01
3454.0637 1.7809e-01
3455.0999 2.0450e-01
3456.1362 1.9616e-01
3457.1731 1.8960e-01
3458.2102 1.9716e-01
3459.2476 2.0389e-01
3460.2856 2.1912e-01
3461.3235 2.0632e-01
3462.3621 2.1045e-01
3463.4004 2.2882e-01
3464.4399 2.1535e-01
3465.4790 2.0792e-01
3466.5188 2.2263e-01
3467.5586 1.8335e-01
3468.5989 2.0476e-01
3469.6394 2.2435e-01
3470.6804 2.1856e-01
3471.7217 1.8062e-01
3472.7629 2.3104e-01
3473.8049 1.8503e-01
3474.8469 1.8144e-01
3475.8894 2.1310e-01
3476.9321 2.2132e-01
3477.9751 1.7388e-01
3479.0188 1.9630e-01
3480.0625 1.9869e-01
3481.1064 2.0411e-01
3482.1509 1.7220e-01
3483.1956 2.1743e-01
3484.2407 2.1196e-01
3485.2856 1.8458e-01
3486.3313 2.4358e-01
3487.3772 1.7662e-01
3488.4233 1.7374e-01
3489.4697 2.0902e-01
3490.5168 2.1402e-01
3491.5640 2.0782e-01
3492.6116 2.1818e-01
3493.6592 2.1247e-01
3494.7073 2.2634e-01
3495.7556 2.0946e-01
3496.8044 2.1914e-01
3497.8535 2.1843e-01
3498.9026 2.2665e-01
3499.9526 2.2534e-01
3501.0024 2.0832e-01
3502.0527 2.2211e-01
3503.1033 2.3354e-01
3504.1543 1.9374e-01
3505.2058 2.0151e-01
3506.2571 2.1676e-01
3507.3088 2.1858e-01
3508.3613 2.2814e-01
3509.4136 2.2018e-01
3510.4663 2.3824e-01
3511.5193 2.3965e-01
3512.5730 2.0011e-01
3513.6270 2.5536e-01
3514.6809 2.4873e-01
3515.7351 2.4755e-01
3516.7898 2.1705e-01
3517.8452 2.0296e-01
3518.9004 2.4262e-01
3519.9561 2.3883e-01
3521.0122 2.0457e-01
3522.0686 2.2471e-01
3523.1250 2.0400e-01
3524.1821 1.9532e-01
3525.2390 2.2930e-01
3526.2969 2.1604e-01
3527.3547 2.3713e-01
3528.4126 2.0132e-01
3529.4714 2.0429e-01
3530.5303 2.2476e-01
3531.5894 2.6089e-01
3532.6487 2.2516e-01
3533.7090 2.0258e-01
3534.7688 1.9056e-01
3535.8293 2.5578e-01
3536.8901 2.2848e-01
3537.9512 2.2374e-01
3539.0122 2.1087e-01
3540.0740 2.1495e-01
3541.1360 2.1588e-01
3542.1987 2.2713e-01
3543.2612 2.2348e-01
3544.3245 2.0340e-01
3545.3875 1.8958e-01
3546.4509 2.1629e-01
3547.5154 1.9562e-01
3548.5793 2.4357e-01
3549.6438 2.2191e-01
3550.7087 1.9271e-01
3551.7739 1.9751e-01
3552.8396 2.0576e-01
3553.9053 2.0648e-01
3554.9714 2.2929e-01
3556.0378 1.9621e-01
3557.1050 2.0249e-01
3558.1716 1.6763e-01
3559.2395 2.0964e-01
3560.3071 2.2990e-01
3561.3752 2.0765e-01
3562.4436 2.1411e-01
3563.5125 2.2720e-01
3564.5813 2.2496e-01
3565.6506 1.7774e-01
3566.7205 2.2695e-01
3567.7905 2.2897e-01
3568.8611 2.2645e-01
3569.9316 2.2435e-01
3571.0027 2.1271e-01
3572.0737 2.1611e-01
3573.1455 1.9071e-01
3574.2175 2.3078e-01
3575.2896 1.7152e-01
3576.3625 1.9406e-01
3577.4351 1.7420e-01
3578.5083 1.6802e-01
3579.5820 1.9505e-01
3580.6560 2.0936e-01
3581.7300 1.9736e-01
3582.8047 2.0587e-01
3583.8792 2.1124e-01
3584.9546 1.8967e-01
3586.0298 2.0735e-01
3587.1060 2.2731e-01
3588.1821 2.2896e-01
3589.2583 2.0943e-01
3590.3352 2.0176e-01
3591.4124 1.9601e-01
3592.4897 2.3493e-01
3593.5671 2.1453e-01
3594.6455 2.4206e-01
3595.7241 1.9325e-01
3596.8025 2.0963e-01
3597.8818 2.3867e-01
3598.9609 2.0030e-01
3600.0405 2.3818e-01
3601.1204 2.7529e-01
3602.2009 2.0628e-01
3603.2817 2.5712e-01
3604.3625 2.0295e-01
3605.4441 2.7974e-01
3606.5256 2.0682e-01
3607.6074 2.4126e-01
3608.6899 2.4384e-01
3609.7725 1.9293e-01
3610.8552 2.4956e-01
3611.9385 2.5278e-01
3613.0222 2.2973e-01
3614.1062 2.5001e-01
3615.1904 2.6376e-01
3616.2749 2.1697e-01
3617.3599 2.3589e-01
3618.4451 2.4112e-01
3619.5303 2.1365e-01
3620.6165 2.2941e-01
3621.7024 2.5719e-01
3622.7891 2.4440e-01
3623.8760 2.1363e-01
3624.9631 1.9779e-01
3626.0508 2.3169e-01
3627.1382 2.3472e-01
3628.2266 2.3649e-01
3629.3152 2.4007e-01
3630.4038 2.2932e-01
3631.4927 2.0943e-01
3632.5825 2.0472e-01
3633.6721 2.4850e-01
3634.7622 2.3504e-01
3635.8528 2.0968e-01
3636.9434 2.1171e-01
3638.0347 1.8878e-01
3639.1257 2.4256e-01
3640.2178 2.1872e-01
3641.3098 2.1549e-01
3642.4021 2.1495e-01
3643.4946 2.0261e-01
3644.5881 2.0318e-01
3645.6814 2.1870e-01
3646.7751 1.9883e-01
3647.8691 1.9683e-01
3648.9634 1.8515e-01
3650.0581 2.1806e-01
3651.1533 1.7591e-01
3652.2480 2.0461e-01
3653.3442 1.8472e-01
3654.4402 2.1897e-01
3655.5364 1.8574e-01
3656.6333 2.1925e-01
3657.7300 2.2131e-01
3658.8274 2.2678e-01
3659.9250 2.3135e-01
3661.0232 2.0254e-01
3662.1213 1.9535e-01
3663.2202 2.3206e-01
3664.3188 2.2944e-01
3665.4182 2.2929e-01
3666.5181 2.2164e-01
3667.6179 1.9560e-01
3668.7183 2.3809e-01
3669.8186 2.3108e-01
3670.9197 2.4945e-01
3672.0210 2.5155e-01
3673.1226 2.1412e-01
3674.2241 2.3438e-01
3675.3269 2.3068e-01
3676.4294 2.4302e-01
3677.5325 2.5122e-01
3678.6355 2.3997e-01
3679.7390 2.2120e-01
3680.8430 2.5728e-01
3681.9473 2.3860e-01
3683.0518 2.4399e-01
3684.1570 2.5572e-01
3685.2620 2.5832e-01
3686.3677 2.4477e-01
3687.4739 2.5705e-01
3688.5796 2.8024e-01
3689.6865 2.5561e-01
3690.7932 2.6779e-01
3691.9006 2.6570e-01
3693.0081 2.4530e-01
3694.1160 2.4822e-01
3695.2241 2.8697e-01
3696.3328 2.7042e-01
3697.4417 2.7081e-01
3698.5508 3.0675e-01
3699.6606 2.5605e-01
3700.7703 2.6073e-01
3701.8806 2.8806e-01
3702.9910 2.8498e-01
3704.1023 2.4947e-01
3705.2136 2.9823e-01
3706.3247 2.8793e-01
3707.4370 3.0950e-01
3708.5491 2.9903e-01
3709.6616 2.8398e-01
3710.7744 3.1144e-01
3711.8877 3.3945e-01
3713.0012 3.0160e-01
3714.1152 2.9174e-01
3715.2292 3.0852e-01
3716.3440 3.3961e-01
3717.4590 3.5373e-01
3718.5742 2.9491e-01
3719.6897 3.6328e-01
3720.8057 3.2432e-01
3721.9219 3.2628e-01
3723.0383 3.3403e-01
3724.1553 3.2924e-01
3725.2725 3.1852e-01
3726.3904 3.2655e-01
3727.5081 3.4222e-01
3728.6265 3.7440e-01
3729.7451 3.6193e-01
3730.8640 3.6966e-01
3731.9832 3.5733e-01
3733.1028 3.5737e-01
3734.2227 3.0284e-01
3735.3428 3.3528e-01
3736.4636 3.2657e-01
3737.5842 3.5719e-01
3738.7056 3.6488e-01
3739.8276 3.3584e-01
3740.9490 3.5932e-01
3742.0718 3.6132e-01
3743.1943 3.7599e-01
3744.3171 2.8806e-01
3745.4404 3.1598e-01
3746.5640 3.3365e-01
3747.6880 3.2759e-01
3748.8125 3.3474e-01
3749.9368 3.5430e-01
3751.0620 3.6532e-01
3752.1873 3.3251e-01
3753.3130 3.3653e-01
3754.4387 3.2699e-01
3755.5652 3.2073e-01
3756.6919 2.8956e-01
3757.8188 2.6387e-01
3758.9463 3.1781e-01
3760.0737 3.0976e-01
3761.2019 2.6865e-01
3762.3306 2.6519e-01
3763.4590 2.9414e-01
3764.5881 3.1943e-01
3765.7175 2.8074e-01
3766.8472 2.8768e-01
3767.9771 2.6302e-01
3769.1079 2.7686e-01
3770.2383 2.5197e-01
3771.3694 2.5474e-01
3772.5007 2.7046e-01
3773.6328 2.8752e-01
3774.7646 2.9744e-01
3775.8972 2.7596e-01
3777.0298 2.4678e-01
3778.1628 2.6820e-01
3779.2964 2.6008e-01
3780.4302 2.2893e-01
3781.5642 2.4554e-01
3782.6987 2.3920e-01
3783.8335 2.4889e-01
3784.9690 2.0409e-01
3786.1042 2.0189e-01
3787.2400 2.2370e-01
3788.3762 2.0656e-01
3789.5125 1.9683e-01
3790.6497 2.1256e-01
3791.7869 1.8823e-01
3792.9246 1.7953e-01
3794.0625 1.7519e-01
3795.2007 1.5999e-01
3796.3391 1.9240e-01
3797.4778 1.6523e-01
3798.6169 1.7915e-01
3799.7568 1.7804e-01
3800.8967 1.5575e-01
3802.0371 1.7993e-01
3803.1775 1.5854e-01
3804.3181 1.9113e-01
3805.4597 1.8364e-01
3806.6013 1.9931e-01
3807.7434 1.8399e-01
3808.8857 1.6283e-01
3810.0286 1.4808e-01
3811.1714 1.5953e-01
3812.3149 1.5191e-01
3813.4583 1.6360e-01
3814.6025 1.3585e-01
3815.7468 1.4595e-01
3816.8916 1.4746e-01
3818.0369 1.5753e-01
3819.1824 1.6436e-01
3820.3281 1.2674e-01
3821.4741 1.7465e-01
3822.6201 1.4816e-01
3823.7671 1.6289e-01
3824.9143 1.4864e-01
3826.0615 1.6304e-01
3827.2097 1.4202e-01
3828.3577 1.7890e-01
3829.5063 1.7795e-01
3830.6553 1.8801e-01
3831.8044 1.5268e-01
3832.9539 1.5054e-01
3834.1035 1.4484e-01
3835.2539 1.8618e-01
3836.4045 1.6464e-01
3837.5554 1.7473e-01
3838.7068 1.8561e-01
3839.8582 1.9971e-01
3841.0103 1.8457e-01
3842.1628 1.8433e-01
3843.3152 1.9735e-01
3844.4683 2.2605e-01
3845.6216 2.1689e-01
3846.7754 1.8960e-01
3847.9294 2.0247e-01
3849.0835 2.0866e-01
3850.2383 1.8946e-01
3851.3933 2.0244e-01
3852.5488 2.1705e-01
3853.7051 2.3446e-01
3854.8606 2.0521e-01
3856.0173 2.6401e-01
3857.1741 2.3291e-01
3858.3313 2.6252e-01
3859.4883 2.0605e-01
3860.6465 2.5545e-01
3861.8047 2.6286e-01
3862.9631 2.2790e-01
3864.1221 2.3010e-01
3865.2815 2.6919e-01
3866.4412 3.0390e-01
3867.6011 2.4845e-01
3868.7610 2.5729e-01
3869.9216 2.5172e-01
3871.0828 2.9698e-01
3872.2441 2.6377e-01
3873.4058 2.3803e-01
3874.5676 2.7152e-01
3875.7302 2.7022e-01
3876.8931 2.5659e-01
3878.0559 2.7924e-01
3879.2192 2.7871e-01
3880.3831 2.7143e-01
3881.5474 3.0916e-01
3882.7119 2.8090e-01
3883.8767 2.9945e-01
3885.0420 2.6915e-01
3886.2073 2.9913e-01
3887.3728 2.5041e-01
3888.5391 2.6731e-01
3889.7061 2.7223e-01
3890.8730 2.7988e-01
3892.0400 2.6071e-01
3893.2078 3.1666e-01
3894.3755 2.9287e-01
3895.5439 3.1489e-01
3896.7126 3.0095e-01
3897.8813 2.7460e-01
3899.0508 3.0180e-01
3900.2209 3.2574e-01
3901.3909 3.0028e-01
3902.5613 2.9425e-01
3903.7322 3.1244e-01
3904.9031 3.0408e-01
3906.0747 3.0856e-01
3907.2463 2.9470e-01
3908.4187 3.2795e-01
3909.5911 2.9429e-01
3910.7642 2.8994e-01
3911.9373 3.3017e-01
3913.1111 2.8395e-01
3914.2849 2.9432e-01
3915.4592 3.1025e-01
3916.6335 2.9977e-01
3917.8086 3.1935e-01
3918.9839 3.3283e-01
3920.1597 2.9639e-01
3921.3359 3.3077e-01
3922.5120 3.1699e-01
3923.6887 2.7218e-01
3924.8660 3.1330e-01
3926.0432 3.1487e-01
3927.2212 3.4138e-01
3928.3994 3.1667e-01
3929.5779 3.2434e-01
3930.7568 3.1788e-01
3931.9360 3.1051e-01
3933.1157 2.8524e-01
3934.2954 3.3414e-01
3935.4758 3.1622e-01
3936.6562 3.3807e-01
3937.8374 3.1512e-01
3939.0186 3.4180e-01
3940.2004 3.4181e-01
3941.3826 2.9237e-01
3942.5649 3.7256e-01
3943.7478 3.3323e-01
3944.9307 3.6422e-01
3946.1147 3.3714e-01
3947.2983 3.1775e-01
3948.4824 3.5667e-01
3949.6670 3.7289e-01
3950.8521 3.7952e-01
3952.0369 3.2408e-01
3953.2227 3.4291e-01
3954.4089 3.5561e-01
3955.5950 3.5580e-01
3956.7812 3.7133e-01
3957.9688 3.6184e-01
3959.1560 3.5410e-01
3960.3438 3.5091e-01
3961.5320 3.6496e-01
3962.7202 3.2960e-01
3963.9094 4.0060e-01
3965.0984 3.7479e-01
3966.2881 3.6855e-01
3967.4778 4.2468e-01
3968.6680 4.1165e-01
3969.8584 4.0762e-01
3971.0498 3.4451e-01
3972.2412 3.9022e-01
3973.4326 4.2745e-01
3974.6248 4.1380e-01
3975.8171 3.9052e-01
3977.0095 4.0422e-01
3978.2029 3.9211e-01
3979.3962 4.0411e-01
3980.5901 3.9731e-01
3981.7844 3.8474e-01
3982.9790 4.1529e-01
3984.1736 3.9822e-01
3985.3691 3.8672e-01
3986.5647 3.8223e-01
3987.7605 4.0541e-01
3988.9568 3.7287e-01
3990.1538 3.8163e-01
3991.3506 4.1242e-01
3992.5481 4.0569e-01
3993.7456 3.8960e-01
3994.9441 4.1769e-01
3996.1423 4.3613e-01
3997.3413 4.7847e-01
3998.5408 3.9313e-01
3999.7397 4.0136e-01
4000.9402 4.2683e-01
4002.1401 4.1848e-01
4003.3408 4.3175e-01
4004.5415 4.3225e-01
4005.7434 4.4162e-01
4006.9448 4.5355e-01
4008.1470 4.2363e-01
4009.3496 4.0644e-01
4010.5522 4.6247e-01
4011.7556 4.3967e-01
4012.9587 4.9078e-01
4014.1628 4.8692e-01
4015.3672 4.0534e-01
4016.5715 4.2071e-01
4017.7769 4.4255e-01
4018.9817 4.6022e-01
4020.1875 4.2007e-01
4021.3936 4.4004e-01
4022.6003 4.4749e-01
4023.8071 4.6919e-01
4025.0142 4.5246e-01
4026.2214 4.2140e-01
4027.4294 4.5440e-01
4028.6377 4.5623e-01
4029.8462 4.3855e-01
4031.0554 4.5052e-01
4032.2646 4.2489e-01
4033.4744 4.4933e-01
4034.6843 4.5020e-01
4035.8945 4.7414e-01
4037.1052 4.3713e-01
4038.3167 4.1849e-01
4039.5281 4.4611e-01
4040.7397 4.0987e-01
4041.9524 4.8390e-01
4043.1648 4.5062e-01
4044.3777 3.9198e-01
4045.5913 4.3784e-01
4046.8047 4.4019e-01
4048.0186 4.4591e-01
4049.2332 4.0655e-01
4050.4480 4.0491e-01
4051.6628 4.0463e-01
4052.8784 4.4014e-01
4054.0942 4.2804e-01
4055.3108 4.6411e-01
4056.5273 3.8016e-01
4057.7444 4.3766e-01
4058.9614 3.8363e-01
4060.1792 4.4273e-01
4061.3970 3.8753e-01
4062.6155 4.1151e-01
4063.8345 4.1982e-01
4065.0535 4.1321e-01
4066.2732 3.9705e-01
4067.4929 4.0962e-01
4068.7131 4.1486e-01
4069.9338 3.9332e-01
4071.1548 3.3748e-01
4072.3762 3.8808e-01
4073.5981 3.4210e-01
4074.8201 3.7523e-01
4076.0427 3.5712e-01
4077.2654 3.8695e-01
4078.4885 3.8697e-01
4079.7119 4.3078e-01
4080.9358 3.8901e-01
4082.1602 3.4356e-01
4083.3845 3.7097e-01
4084.6099 3.8416e-01
4085.8354 3.6710e-01
4087.0608 3.5570e-01
4088.2869 3.7904e-01
4089.5137 3.7645e-01
4090.7407 3.5619e-01
4091.9678 3.7705e-01
4093.1953 3.4461e-01
4094.4233 3.7454e-01
4095.6519 3.9123e-01
4096.8799 4.0384e-01
4098.1094 3.7024e-01
4099.3384 3.9064e-01
4100.5684 3.2058e-01
4101.7988 3.5216e-01
4103.0293 3.5971e-01
4104.2598 3.6225e-01
4105.4912 3.5627e-01
4106.7231 3.4821e-01
4107.9546 3.3753e-01
4109.1875 3.7487e-01
4110.4204 3.5518e-01
4111.6533 3.5951e-01
4112.8867 3.7276e-01
4114.1211 3.6332e-01
4115.3545 3.4704e-01
4116.5898 3.4376e-01
4117.8247 3.3780e-01
4119.0596 3.3519e-01
4120.2954 3.8388e-01
4121.5317 3.6018e-01
4122.7681 3.7864e-01
4124.0049 3.6957e-01
4125.2422 3.5253e-01
4126.4800 3.7663e-01
4127.7178 3.6654e-01
4128.9561 3.0556e-01
4130.1948 3.5553e-01
4131.4336 3.7197e-01
4132.6733 3.4060e-01
4133.9126 3.2792e-01
4135.1533 3.6511e-01
4136.3936 3.7892e-01
4137.6348 3.3150e-01
4138.8760 4.0052e-01
4140.1172 3.8026e-01
4141.3599 3.4866e-01
4142.6021 4.0004e-01
4143.8447 3.6294e-01
4145.0879 3.2027e-01
4146.3315 3.9514e-01
4147.5752 3.6991e-01
4148.8198 3.7780e-01
4150.0640 3.2612e-01
4151.3091 3.8640e-01
4152.5547 3.8282e-01
4153.8003 3.4919e-01
4155.0464 3.4032e-01
4156.2930 3.4985e-01
4157.5400 3.6565e-01
4158.7871 3.7702e-01
4160.0352 3.3206e-01
4161.2827 3.3747e-01
4162.5312 3.2164e-01
4163.7803 3.6328e-01
4165.0293 3.1176e-01
4166.2783 3.0447e-01
4167.5288 2.9480e-01
4168.7788 3.1441e-01
4170.0298 3.3370e-01
4171.2803 3.3444e-01
4172.5317 3.2156e-01
4173.7837 2.9530e-01
4175.0356 3.3153e-01
4176.2886 3.2027e-01
4177.5410 3.1400e-01
4178.7944 3.3324e-01
4180.0479 3.2238e-01
4181.3022 3.2889e-01
4182.5566 3.2130e-01
4183.8115 3.3926e-01
4185.0664 3.2637e-01
4186.3223 3.4674e-01
4187.5776 3.3436e-01
4188.8340 3.4382e-01
4190.0903 3.5475e-01
4191.3477 3.3690e-01
4192.6050 3.4149e-01
4193.8628 3.3936e-01
4195.1206 3.4936e-01
4196.3794 3.3521e-01
4197.6387 3.2952e-01
4198.8975 3.4030e-01
4200.1577 3.2551e-01
4201.4175 3.3146e-01
4202.6782 3.3461e-01
4203.9390 3.0604e-01
4205.2002 3.7610e-01
4206.4614 3.3761e-01
4207.7231 3.3280e-01
4208.9858 3.5458e-01
4210.2485 3.1385e-01
4211.5112 3.8976e-01
4212.7749 3.3249e-01
4214.0391 3.2836e-01
4215.3032 2.9732e-01
4216.5679 3.5086e-01
4217.8330 3.2109e-01
4219.0981 3.5882e-01
4220.3638 3.3028e-01
4221.6299 3.4077e-01
4222.8965 3.4975e-01
4224.1636 3.4505e-01
4225.4302 3.5918e-01
4226.6978 3.8868e-01
4227.9658 3.7927e-01
4229.2349 3.2600e-01
4230.5034 3.1073e-01
4231.7725 3.5192e-01
4233.0415 3.6339e-01
4234.3115 3.2398e-01
4235.5825 3.6292e-01
4236.8525 3.2882e-01
4238.1235 3.6094e-01
4239.3955 3.5123e-01
4240.6670 3.7322e-01
4241.9390 3.4903e-01
4243.2119 3.4900e-01
4244.4844 3.3760e-01
4245.7583 3.6069e-01
4247.0317 3.4562e-01
4248.3062 3.1263e-01
4249.5806 3.2338e-01
4250.8555 3.3925e-01
4252.1309 3.5682e-01
4253.4062 3.4711e-01
4254.6821 3.6161e-01
4255.9590 3.3688e-01
4257.2358 2.9625e-01
4258.5127 3.2150e-01
4259.7900 3.4557e-01
4261.0679 3.3893e-01
4262.3462 3.6210e-01
4263.6250 3.2955e-01
4264.9043 3.2085e-01
4266.1841 3.8240e-01
4267.4639 3.5768e-01
4268.7432 3.1971e-01
4270.0244 2.8539e-01
4271.3052 3.1931e-01
4272.5869 3.0627e-01
4273.8682 3.5721e-01
4275.1509 3.6221e-01
4276.4336 3.4036e-01
4277.7163 3.2835e-01
4278.9995 2.8208e-01
4280.2837 3.2121e-01
4281.5674 3.2681e-01
4282.8521 3.2069e-01
4284.1367 3.4759e-01
4285.4219 3.4272e-01
4286.7075 3.2752e-01
4287.9937 3.4337e-01
4289.2798 3.5742e-01
4290.5669 3.2176e-01
4291.8540 3.4230e-01
4293.1416 2.9400e-01
4294.4292 3.2088e-01
4295.7183 2.7614e-01
4297.0063 3.2863e-01
4298.2954 3.3598e-01
4299.5854 2.9175e-01
4300.8750 3.1281e-01
4302.1650 3.1767e-01
4303.4561 3.3159e-01
4304.7471 3.5467e-01
4306.0381 3.4925e-01
4307.3301 3.0495e-01
4308.6221 3.3433e-01
4309.9150 3.2630e-01
4311.2075 3.3453e-01
4312.5015 3.1142e-01
4313.7949 3.2604e-01
4315.0889 2.9156e-01
4316.3838 3.1953e-01
4317.6787 3.2640e-01
4318.9741 3.1761e-01
4320.2700 3.1228e-01
4321.5654 3.1983e-01
4322.8623 3.0875e-01
4324.1592 3.1636e-01
4325.4565 2.8743e-01
4326.7539 2.9978e-01
4328.0518 3.0314e-01
4329.3501 3.0856e-01
4330.6494 3.1636e-01
4331.9482 3.1583e-01
4333.2480 3.0890e-01
4334.5479 3.0814e-01
4335.8477 2.8172e-01
4337.1489 2.8735e-01
4338.4502 3.0303e-01
4339.7515 3.4047e-01
4341.0537 3.0031e-01
4342.3560 3.0295e-01
4343.6582 3.0962e-01
4344.9614 2.8839e-01
4346.2646 3.0854e-01
4347.5693 3.0574e-01
4348.8735 2.9744e-01
4350.1782 3.3028e-01
4351.4829 3.4411e-01
4352.7886 2.9963e-01
4354.0938 2.8585e-01
4355.4009 3.2642e-01
4356.7070 2.8417e-01
4358.0137 3.1690e-01
4359.3218 2.9265e-01
4360.6294 3.1766e-01
4361.9375 3.1784e-01
4363.2461 2.6802e-01
4364.5552 2.7720e-01
4365.8643 2.9860e-01
4367.1743 2.9511e-01
4368.4844 2.7446e-01
4369.7954 3.1305e-01
4371.1060 2.9339e-01
4372.4170 2.8432e-01
4373.7285 2.8622e-01
4375.0415 2.9476e-01
4376.3540 2.7726e-01
4377.6665 2.8126e-01
4378.9800 2.9571e-01
4380.2935 2.9082e-01
4381.6074 2.7367e-01
4382.9219 2.9226e-01
4384.2363 3.0814e-01
4385.5522 2.6472e-01
4386.8677 2.9430e-01
4388.1841 2.7012e-01
4389.5010 2.7161e-01
4390.8169 3.0155e-01
4392.1343 2.8296e-01
4393.4521 2.8154e-01
4394.7700 2.6917e-01
4396.0884 2.8339e-01
4397.4077 2.8773e-01
4398.7266 3.0170e-01
4400.0464 2.8258e-01
4401.3667 2.6940e-01
4402.6870 2.7061e-01
4404.0073 2.3636e-01
4405.3291 2.5999e-01
4406.6504 2.4932e-01
4407.9722 2.5213e-01
4409.2944 2.4148e-01
4410.6172 2.7320e-01
4411.9404 2.8820e-01
4413.2642 2.6421e-01
4414.5879 2.4219e-01
4415.9126 2.4685e-01
4417.2373 2.9014e-01
4418.5625 2.6187e-01
4419.8882 2.3275e-01
4421.2139 2.4569e-01
4422.5405 2.3253e-01
4423.8672 2.2474e-01
4425.1938 2.4716e-01
4426.5220 2.6434e-01
4427.8496 2.6169e-01
4429.1787 2.4200e-01
4430.5063 2.3815e-01
4431.8364 2.4123e-01
4433.1655 2.6393e-01
4434.4956 2.4819e-01
4435.8262 2.1926e-01
4437.1567 2.3562e-01
4438.4878 2.6141e-01
4439.8193 2.4681e-01
4441.1514 2.6707e-01
4442.4834 2.4621e-01
4443.8164 2.2835e-01
4445.1494 2.8681e-01
4446.4829 2.9573e-01
4447.8169 2.5230e-01
4449.1514 2.6149e-01
4450.4863 2.9711e-01
4451.8213 2.8548e-01
4453.1567 2.6557e-01
4454.4927 2.8802e-01
4455.8291 2.9361e-01
4457.1660 2.8114e-01
4458.5029 3.3211e-01
4459.8403 2.7889e-01
4461.1787 2.9205e-01
4462.5171 2.8361e-01
4463.8555 2.7862e-01
4465.1948 3.0949e-01
4466.5347 3.2670e-01
4467.8740 2.9676e-01
4469.2144 2.8758e-01
4470.5552 3.4551e-01
4471.8970 3.4762e-01
4473.2383 3.2775e-01
4474.5806 3.3475e-01
4475.9229 3.1908e-01
4477.2651 2.9953e-01
4478.6084 3.2777e-01
4479.9521 2.8362e-01
4481.2959 3.3277e-01
4482.6406 3.1138e-01
4483.9854 3.3596e-01
4485.3306 3.1034e-01
4486.6763 3.7587e-01
4488.0220 3.4850e-01
4489.3682 2.9070e-01
4490.7153 3.4328e-01
4492.0620 3.6625e-01
4493.4102 3.3168e-01
4494.7578 3.2976e-01
4496.1069 3.1917e-01
4497.4556 3.2437e-01
4498.8047 3.6644e-01
4500.1543 3.6619e-01
4501.5044 3.5880e-01
4502.8550 3.6333e-01
4504.2056 3.7018e-01
4505.5566 3.3285e-01
4506.9082 3.7777e-01
4508.2607 3.5068e-01
4509.6133 3.7887e-01
4510.9658 3.7471e-01
4512.3193 3.6563e-01
4513.6729 3.6596e-01
4515.0273 3.6410e-01
4516.3818 3.3695e-01
4517.7363 3.7868e-01
4519.0918 3.4145e-01
4520.4473 3.5254e-01
4521.8037 4.1237e-01
4523.1606 3.9830e-01
4524.5171 3.7889e-01
4525.8750 4.0129e-01
4527.2324 4.0488e-01
4528.5903 3.7030e-01
4529.9492 3.7008e-01
4531.3081 3.7336e-01
4532.6675 4.0102e-01
4534.0269 3.6614e-01
4535.3872 4.0397e-01
4536.7480 3.7745e-01
4538.1094 3.7408e-01
4539.4702 3.5463e-01
4540.8320 3.6163e-01
4542.1943 3.7727e-01
4543.5576 3.6091e-01
4544.9199 4.1725e-01
4546.2842 4.3500e-01
4547.6475 4.0036e-01
4549.0117 3.9028e-01
4550.3770 3.6702e-01
4551.7417 3.6242e-01
4553.1074 4.1377e-01
4554.4731 4.0547e-01
4555.8398 3.6741e-01
4557.2061 3.4954e-01
4558.5732 3.7924e-01
4559.9414 3.9325e-01
4561.3086 4.0274e-01
4562.6772 3.8665e-01
4564.0459 3.8792e-01
4565.4150 4.1645e-01
4566.7852 3.7938e-01
4568.1553 3.9742e-01
4569.5249 4.2946e-01
4570.8965 3.8806e-01
4572.2676 3.7735e-01
4573.6392 3.6612e-01
4575.0117 3.8792e-01
4576.3838 3.7388e-01
4577.7568 3.5539e-01
4579.1304 4.2042e-01
4580.5039 4.1884e-01
4581.8784 4.0127e-01
4583.2524 3.6998e-01
4584.6274 4.1173e-01
4586.0029 3.9337e-01
4587.3789 3.7851e-01
4588.7549 3.8516e-01
4590.1318 4.0918e-01
4591.5083 3.9331e-01
4592.8857 4.0877e-01
4594.2642 3.6101e-01
4595.6426 3.7688e-01
4597.0210 3.9734e-01
4598.3999 3.8447e-01
4599.7798 4.2785e-01
4601.1597 4.0707e-01
4602.5396 3.8635e-01
4603.9204 4.0549e-01
4605.3022 3.6963e-01
4606.6836 3.6526e-01
4608.0649 3.8612e-01
4609.4478 4.4694e-01
4610.8306 4.5325e-01
4612.2144 4.0028e-01
4613.5977 3.9907e-01
4614.9819 3.7357e-01
4616.3662 3.7186e-01
4617.7515 3.6450e-01
4619.1362 3.6442e-01
4620.5225 4.0313e-01
4621.9082 4.0182e-01
4623.2949 3.8032e-01
4624.6816 4.0095e-01
4626.0693 3.8082e-01
4627.4570 3.8548e-01
4628.8457 4.1705e-01
4630.2334 3.9427e-01
4631.6230 3.7224e-01
4633.0127 3.9076e-01
4634.4028 3.6887e-01
4635.7935 3.5963e-01
4637.1831 3.7283e-01
4638.5742 3.6964e-01
4639.9658 4.1850e-01
4641.3579 3.5900e-01
4642.7505 3.9159e-01
4644.1436 3.9149e-01
4645.5371 3.8291e-01
4646.9307 3.5943e-01
4648.3247 4.1867e-01
4649.7188 4.0734e-01
4651.1138 3.6052e-01
4652.5093 3.6734e-01
4653.9048 3.2167e-01
4655.3018 3.5419e-01
4656.6978 3.6054e-01
4658.0947 3.3084e-01
4659.4922 3.6071e-01
4660.8896 3.5363e-01
4662.2886 3.7997e-01
4663.6865 3.7451e-01
4665.0859 3.5004e-01
4666.4854 3.7776e-01
4667.8853 3.4585e-01
4669.2861 3.7549e-01
4670.6870 3.3543e-01
4672.0874 3.3519e-01
4673.4897 3.6119e-01
4674.8916 3.3824e-01
4676.2944 3.5770e-01
4677.6968 3.7972e-01
4679.1006 3.4963e-01
4680.5039 3.4763e-01
4681.9082 3.8722e-01
4683.3125 3.5678e-01
4684.7173 3.6162e-01
4686.1230 3.6364e-01
4687.5288 3.6711e-01
4688.9351 3.9187e-01
4690.3423 3.5483e-01
4691.7490 3.7805e-01
4693.1562 3.4150e-01
4694.5645 3.4349e-01
4695.9731 3.6408e-01
4697.3818 3.6211e-01
4698.7910 3.4154e-01
4700.2002 3.8937e-01
4701.6104 3.5111e-01
4703.0205 3.4467e-01
4704.4316 3.4005e-01
4705.8433 3.4481e-01
4707.2549 3.3881e-01
4708.6670 3.3647e-01
4710.0796 3.2039e-01
4711.4927 3.4604e-01
4712.9058 3.5342e-01
4714.3203 3.4555e-01
4715.7344 3.4370e-01
4717.1494 3.7012e-01
4718.5645 3.7734e-01
4719.9800 3.5574e-01
4721.3955 3.6822e-01
4722.8120 3.6727e-01
4724.2290 3.3751e-01
4725.6460 3.4916e-01
4727.0645 3.4780e-01
4728.4824 3.2552e-01
4729.9004 3.8323e-01
4731.3198 3.4856e-01
4732.7388 3.3996e-01
4734.1587 3.4132e-01
4735.5791 3.2606e-01
4737.0000 3.5620e-01
4738.4209 3.4437e-01
4739.8428 3.6160e-01
4741.2646 3.2136e-01
4742.6870 3.6109e-01
4744.1094 3.7233e-01
4745.5327 3.5951e-01
4746.9565 3.5485e-01
4748.3804 3.1546e-01
4749.8052 3.3031e-01
4751.2300 3.1010e-01
4752.6548 2.8217e-01
4754.0811 3.3030e-01
4755.5078 3.0651e-01
4756.9341 3.3232e-01
4758.3608 3.3003e-01
4759.7886 3.0339e-01
4761.2168 2.9764e-01
4762.6445 3.3362e-01
4764.0737 3.1236e-01
4765.5029 2.6691e-01
4766.9326 3.1246e-01
4768.3628 3.2402e-01
4769.7930 2.7854e-01
4771.2236 3.3848e-01
4772.6553 3.0702e-01
4774.0869 2.9007e-01
4775.5190 3.1087e-01
4776.9521 3.0053e-01
4778.3853 2.8500e-01
4779.8184 3.1128e-01
4781.2524 3.1276e-01
4782.6870 2.8654e-01
4784.1226 2.9894e-01
4785.5571 2.8081e-01
4786.9927 2.9234e-01
4788.4292 2.9843e-01
4789.8652 3.0164e-01
4791.3022 3.3080e-01
4792.7397 3.0690e-01
4794.1777 2.8502e-01
4795.6152 3.0823e-01
4797.0542 3.1364e-01
4798.4937 3.0558e-01
4799.9331 3.2402e-01
4801.3735 2.9009e-01
4802.8140 2.7967e-01
4804.2544 2.8888e-01
4805.6958 3.0914e-01
4807.1377 3.2144e-01
4808.5796 2.9521e-01
4810.0220 3.0746e-01
4811.4653 3.1314e-01
4812.9087 3.1789e-01
4814.3525 2.9228e-01
4815.7969 3.0259e-01
4817.2417 3.1718e-01
4818.6865 3.1028e-01
4820.1328 3.3354e-01
4821.5786 3.0818e-01
4823.0249 3.0836e-01
4824.4717 3.1387e-01
4825.9189 3.3265e-01
4827.3667 3.3385e-01
4828.8149 3.3183e-01
4830.2637 3.0491e-01
4831.7124 3.1180e-01
4833.1621 3.0081e-01
4834.6118 3.3227e-01
4836.0620 3.0654e-01
4837.5137 2.9535e-01
4838.9644 3.1469e-01
4840.4165 2.8842e-01
4841.8687 3.0940e-01
4843.3208 3.0171e-01
4844.7739 2.7857e-01
4846.2275 3.1045e-01
4847.6812 3.0724e-01
4849.1357 2.9278e-01
4850.5903 3.3506e-01
4852.0454 2.8675e-01
4853.5015 3.1440e-01
4854.9575 2.7407e-01
4856.4136 2.7719e-01
4857.8706 2.8840e-01
4859.3281 2.6395e-01
4860.7861 2.9741e-01
4862.2437 2.9055e-01
4863.7026 2.6593e-01
4865.1621 2.8889e-01
4866.6211 2.5109e-01
4868.0815 2.5587e-01
4869.5420 2.6485e-01
4871.0024 2.4150e-01
4872.4639 2.8084e-01
4873.9263 2.7301e-01
4875.3877 2.5755e-01
4876.8506 2.7178e-01
4878.3135 2.6398e-01
4879.7773 2.5559e-01
4881.2412 2.5964e-01
4882.7051 2.7316e-01
4884.1704 2.5110e-01
4885.6357 2.9131e-01
4887.1011 2.6916e-01
4888.5674 2.6527e-01
4890.0337 2.4805e-01
4891.5010 2.6111e-01
4892.9683 2.8262e-01
4894.4360 2.3525e-01
4895.9043 2.8151e-01
4897.3730 2.6878e-01
4898.8423 2.7410e-01
4900.3120 2.6394e-01
4901.7827 2.5968e-01
4903.2529 2.4660e-01
4904.7231 2.6284e-01
4906.1953 2.7723e-01
4907.6675 2.7934e-01
4909.1392 2.8682e-01
4910.6123 2.5635e-01
4912.0854 2.5679e-01
4913.5586 2.7328e-01
4915.0332 2.3548e-01
4916.5073 2.6342e-01
4917.9819 2.8489e-01
4919.4575 2.7742e-01
4920.9331 2.5156e-01
4922.4097 2.4997e-01
4923.8872 2.4132e-01
4925.3638 2.5310e-01
4926.8418 2.9745e-01
4928.3188 2.8988e-01
4929.7979 2.7926e-01
4931.2769 2.7385e-01
4932.7563 2.6524e-01
4934.2358 2.6241e-01
4935.7168 3.0392e-01
4937.1963 3.0671e-01
4938.6782 2.4887e-01
4940.1597 2.5829e-01
4941.6416 2.5190e-01
4943.1250 2.4740e-01
4944.6069 2.6312e-01
4946.0908 2.5557e-01
4947.5752 2.4464e-01
4949.0586 2.3169e-01
4950.5435 2.8976e-01
4952.0278 2.6177e-01
4953.5142 2.7177e-01
4955.0010 2.2852e-01
4956.4873 2.5652e-01
4957.9741 2.7270e-01
4959.4614 2.3669e-01
4960.9492 2.2347e-01
4962.4370 2.4648e-01
4963.9258 2.5893e-01
4965.4150 2.5004e-01
4966.9048 2.3246e-01
4968.3945 2.3807e-01
4969.8853 2.5138e-01
4971.3765 2.4848e-01
4972.8677 2.4865e-01
4974.3599 2.4347e-01
4975.8521 2.1748e-01
4977.3447 2.4279e-01
4978.8379 1.9637e-01
4980.3315 2.1114e-01
4981.8257 2.4028e-01
4983.3203 2.2129e-01
4984.8159 2.0614e-01
4986.3105 2.2506e-01
4987.8066 2.3250e-01
4989.3027 2.4942e-01
4990.7998 2.3654e-01
4992.2974 2.3179e-01
4993.7939 2.2637e-01
4995.2930 2.3982e-01
4996.7915 2.4703e-01
4998.2905 2.1512e-01
4999.7896 2.2608e-01
5001.2896 2.3323e-01
5002.7900 2.3411e-01
5004.2915 2.4611e-01
5005.7925 2.2732e-01
5007.2944 2.2684e-01
5008.7964 2.0780e-01
5010.2993 2.3174e-01
5011.8022 2.0575e-01
5013.3057 1.9810e-01
5014.8101 2.0115e-01
5016.3145 2.1428e-01
5017.8184 2.1934e-01
5019.3247 2.0624e-01
5020.8301 2.4066e-01
5022.3359 1.9610e-01
5023.8428 2.3230e-01
5025.3496 1.9762e-01
5026.8579 2.3494e-01
5028.3657 2.3522e-01
5029.8740 2.3432e-01
5031.3828 2.3481e-01
5032.8926 2.1184e-01
5034.4023 2.0543e-01
5035.9131 2.4038e-01
5037.4233 2.0709e-01
5038.9346 2.2580e-01
5040.4463 2.0975e-01
5041.9585 2.2834e-01
5043.4712 2.2609e-01
5044.9839 2.4421e-01
5046.4980 2.1839e-01
5048.0112 2.2482e-01
5049.5259 2.3947e-01
5051.0415 2.1659e-01
5052.5562 2.3396e-01
5054.0723 1.9478e-01
5055.5884 2.4192e-01
5057.1045 2.2491e-01
5058.6221 2.1158e-01
5060.1401 2.0912e-01
5061.6577 2.1549e-01
5063.1763 2.0784e-01
5064.6953 2.2665e-01
5066.2144 2.0302e-01
5067.7339 1.9864e-01
5069.2549 2.2232e-01
5070.7759 2.3824e-01
5072.2969 2.0499e-01
5073.8188 2.0372e-01
5075.3403 2.3936e-01
5076.8628 2.2353e-01
5078.3867 2.2435e-01
5079.9097 2.1680e-01
5081.4336 2.1144e-01
5082.9580 2.1099e-01
5084.4829 1.9517e-01
5086.0083 2.1637e-01
5087.5342 2.0978e-01
5089.0605 2.1739e-01
5090.5874 1.9688e-01
5092.1143 1.9285e-01
5093.6421 2.3190e-01
5095.1699 2.2030e-01
5096.6987 2.3626e-01
5098.2275 2.1826e-01
5099.7573 2.1318e-01
5101.2871 2.0646e-01
5102.8179 2.1673e-01
5104.3481 2.1506e-01
5105.8799 2.2804e-01
5107.4111 2.0960e-01
5108.9438 2.0995e-01
5110.4761 2.0096e-01
5112.0093 2.2097e-01
5113.5435 2.1124e-01
5115.0771 2.2384e-01
5116.6118 2.0706e-01
5118.1470 2.1317e-01
5119.6816 1.9290e-01
5121.2183 2.1253e-01
5122.7544 2.3013e-01
5124.2910 2.2648e-01
5125.8286 2.0319e-01
5127.3667 2.3106e-01
5128.9043 2.2269e-01
5130.4429 1.9175e-01
5131.9824 2.1746e-01
5133.5220 1.9540e-01
5135.0615 2.3060e-01
5136.6021 1.8949e-01
5138.1436 2.2607e-01
5139.6846 2.0246e-01
5141.2266 2.0329e-01
5142.7690 2.2251e-01
5144.3125 2.2105e-01
5145.8550 2.2227e-01
5147.3989 2.1194e-01
5148.9429 1.9892e-01
5150.4883 2.2827e-01
5152.0332 2.3464e-01
5153.5781 1.9310e-01
5155.1245 2.3020e-01
5156.6714 2.1647e-01
5158.2178 2.4098e-01
5159.7656 2.1180e-01
5161.3130 2.2749e-01
5162.8618 2.1579e-01
5164.4106 2.0313e-01
5165.9604 2.0903e-01
5167.5098 2.3227e-01
5169.0605 2.4209e-01
5170.6108 2.2792e-01
5172.1621 2.0876e-01
5173.7139 2.2550e-01
5175.2656 2.3751e-01
5176.8188 2.4693e-01
5178.3711 2.6278e-01
5179.9253 2.4536e-01
5181.4790 2.4524e-01
5183.0337 2.4588e-01
5184.5884 2.2510e-01
5186.1436 2.4677e-01
5187.6992 2.3012e-01
5189.2559 2.1247e-01
5190.8130 2.3276e-01
5192.3696 2.5699e-01
5193.9277 2.2465e-01
5195.4858 2.3247e-01
5197.0439 2.5633e-01
5198.6035 2.5359e-01
5200.1636 2.6620e-01
5201.7231 2.7020e-01
5203.2837 2.4358e-01
5204.8447 2.5815e-01
5206.4058 2.3866e-01
5207.9683 2.8557e-01
5209.5303 2.2659e-01
5211.0933 2.7381e-01
5212.6567 2.3275e-01
5214.2202 2.6617e-01
5215.7847 2.7964e-01
5217.3496 2.5521e-01
5218.9150 2.4583e-01
5220.4800 2.5712e-01
5222.0464 2.4691e-01
5223.6128 2.6947e-01
5225.1802 2.2417e-01
5226.7480 2.8075e-01
5228.3154 2.7542e-01
5229.8843 2.6337e-01
5231.4526 2.6486e-01
5233.0225 3.1219e-01
5234.5928 2.8281e-01
5236.1626 2.6114e-01
5237.7339 2.5426e-01
5239.3052 2.7582e-01
5240.8770 2.8402e-01
5242.4492 2.5805e-01
5244.0220 2.5894e-01
5245.5947 2.7493e-01
5247.1689 2.6701e-01
5248.7422 2.4125e-01
5250.3174 2.5334e-01
5251.8921 2.5899e-01
5253.4678 2.6419e-01
5255.0439 2.8852e-01
5256.6211 2.7696e-01
5258.1978 2.8606e-01
5259.7749 2.4197e-01
5261.3530 2.4258e-01
5262.9312 2.6603e-01
5264.5098 2.4199e-01
5266.0898 2.4972e-01
5267.6694 2.8640e-01
5269.2495 2.5071e-01
5270.8311 2.4464e-01
5272.4116 2.5369e-01
5273.9941 2.4599e-01
5275.5757 2.7689e-01
5277.1587 2.5874e-01
5278.7422 2.3713e-01
5280.3252 2.7017e-01
5281.9092 2.3948e-01
5283.4937 2.6250e-01
5285.0786 2.7938e-01
5286.6641 2.7507e-01
5288.2500 2.5639e-01
5289.8369 2.6741e-01
5291.4238 2.6729e-01
5293.0117 2.8665e-01
5294.5996 2.8716e-01
5296.1870 2.5363e-01
5297.7764 2.5586e-01
5299.3662 2.8076e-01
5300.9561 2.5373e-01
5302.5459 2.7403e-01
5304.1367 2.6317e-01
5305.7280 2.6784e-01
5307.3188 2.5620e-01
5308.9116 2.6601e-01
5310.5044 2.5825e-01
5312.0977 2.6026e-01
5313.6919 2.9578e-01
5315.2856 2.5976e-01
5316.8799 3.0172e-01
5318.4751 2.4922e-01
5320.0708 2.7769e-01
5321.6665 2.6688e-01
5323.2632 2.6838e-01
5324.8604 2.6762e-01
5326.4575 2.5568e-01
5328.0557 2.6320e-01
5329.6533 2.6729e-01
5331.2534 2.9091e-01
5332.8516 2.5120e-01
5334.4517 2.3394e-01
5336.0522 2.6532e-01
5337.6533 2.6339e-01
5339.2544 2.7325e-01
5340.8560 2.7931e-01
5342.4585 2.8510e-01
5344.0605 2.6444e-01
5345.6646 2.6382e-01
5347.2681 2.5594e-01
5348.8726 2.8729e-01
5350.4771 2.6526e-01
5352.0825 2.5470e-01
5353.6875 2.4496e-01
5355.2944 2.4996e-01
5356.9009 2.5837e-01
5358.5073 2.7258e-01
5360.1152 2.2620e-01
5361.7236 2.4201e-01
5363.3315 2.2677e-01
5364.9404 2.4270e-01
5366.5503 2.3087e-01
5368.1602 2.5344e-01
5369.7705 2.3709e-01
5371.3813 2.6024e-01
5372.9932 2.3368e-01
5374.6050 2.3684e-01
5376.2173 2.3305e-01
5377.8301 2.2015e-01
5379.4434 2.1415e-01
5381.0576 2.1891e-01
5382.6714 2.2741e-01
5384.2861 2.3388e-01
5385.9014 2.0510e-01
5387.5171 2.1837e-01
5389.1343 1.8928e-01
5390.7505 2.1545e-01
5392.3677 1.9151e-01
5393.9858 1.7296e-01
5395.6035 1.8090e-01
5397.2222 1.9392e-01
5398.8413 2.1949e-01
5400.4609 2.1318e-01
5402.0811 1.7958e-01
5403.7017 1.9901e-01
5405.3228 1.7822e-01
5406.9448 1.8048e-01
5408.5659 2.0207e-01
5410.1890 1.9053e-01
5411.8115 1.7749e-01
5413.4360 1.9818e-01
5415.0596 2.0002e-01
5416.6841 2.2374e-01
5418.3096 2.0015e-01
5419.9351 2.1863e-01
5421.5605 2.0152e-01
5423.1875 2.0462e-01
5424.8145 1.6544e-01
5426.4414 1.9410e-01
5428.0693 2.2452e-01
5429.6982 2.0751e-01
5431.3271 1.7429e-01
5432.9565 2.0383e-01
5434.5859 2.0533e-01
5436.2163 1.8083e-01
5437.8472 2.0026e-01
5439.4785 2.2618e-01
5441.1104 2.1727e-01
5442.7427 1.8727e-01
5444.3760 1.9815e-01
5446.0098 2.2155e-01
5447.6431 1.9531e-01
5449.2778 1.9595e-01
5450.9121 2.1260e-01
5452.5474 1.9204e-01
5454.1826 2.0206e-01
5455.8193 2.1512e-01
5457.4565 1.9160e-01
5459.0933 2.2493e-01
5460.7310 2.0764e-01
5462.3696 2.0074e-01
5464.0073 2.2466e-01
5465.6475 2.0776e-01
5467.2871 2.5094e-01
5468.9272 2.1412e-01
5470.5674 2.1081e-01
5472.2090 2.2240e-01
5473.8506 2.1511e-01
5475.4927 2.0774e-01
5477.1353 2.1900e-01
5478.7783 2.2450e-01
5480.4224 2.2254e-01
5482.0659 2.2166e-01
5483.7104 2.2254e-01
5485.3560 1.9796e-01
5487.0010 1.8581e-01
5488.6475 1.8435e-01
5490.2944 2.2129e-01
5491.9414 2.2941e-01
5493.5889 2.0573e-01
5495.2368 2.1298e-01
5496.8857 2.4424e-01
5498.5342 2.1637e-01
5500.1841 2.3278e-01
5501.8340 1.8147e-01
5503.4849 2.2771e-01
5505.1357 2.0131e-01
5506.7871 2.3664e-01
5508.4395 2.0110e-01
5510.0923 2.1470e-01
5511.7451 2.2506e-01
5513.3984 2.1382e-01
5515.0522 2.4577e-01
5516.7070 2.1854e-01
5518.3623 2.1888e-01
5520.0176 2.2928e-01
5521.6733 1.9125e-01
5523.3301 2.2349e-01
5524.9868 2.1071e-01
5526.6450 2.3202e-01
5528.3027 2.2726e-01
5529.9609 2.1228e-01
5531.6201 2.1679e-01
5533.2793 1.8991e-01
5534.9395 2.0755e-01
5536.5996 1.9563e-01
5538.2607 1.9195e-01
5539.9229 1.8611e-01
5541.5840 1.8139e-01
5543.2466 1.8357e-01
5544.9102 1.9766e-01
5546.5728 2.0045e-01
5548.2373 1.8350e-01
5549.9019 1.8903e-01
5551.5664 2.1166e-01
5553.2324 2.1202e-01
5554.8984 2.0033e-01
5556.5645 2.2113e-01
5558.2310 1.9265e-01
5559.8989 1.6167e-01
5561.5669 2.1621e-01
5563.2354 1.9764e-01
5564.9043 1.8623e-01
5566.5732 1.9498e-01
5568.2437 1.7660e-01
5569.9150 1.9171e-01
5571.5854 1.9654e-01
5573.2568 1.8174e-01
5574.9287 1.7455e-01
5576.6011 1.8641e-01
5578.2739 1.9376e-01
5579.9482 1.8529e-01
5581.6216 1.8054e-01
5583.2959 1.7719e-01
5584.9717 1.5916e-01
5586.6470 1.8641e-01
5588.3223 1.8351e-01
5589.9990 1.8232e-01
5591.6763 1.6936e-01
5593.3535 1.6693e-01
5595.0317 1.4544e-01
5596.7104 1.8827e-01
5598.3892 1.6879e-01
5600.0688 1.4578e-01
5601.7490 1.6217e-01
5603.4292 1.8379e-01
5605.1104 1.6693e-01
5606.7915 1.9319e-01
5608.4741 1.8106e-01
5610.1562 1.6266e-01
5611.8394 1.9741e-01
5613.5234 1.7832e-01
5615.2075 1.8387e-01
5616.8916 1.9048e-01
5618.5767 1.8546e-01
5620.2627 1.8455e-01
5621.9482 2.0684e-01
5623.6348 1.7093e-01
5625.3218 1.8560e-01
5627.0098 1.9803e-01
5628.6982 1.9032e-01
5630.3867 1.8972e-01
5632.0757 1.9665e-01
5633.7651 2.0967e-01
5635.4551 2.0384e-01
5637.1460 2.0218e-01
5638.8369 1.8214e-01
5640.5283 1.9180e-01
5642.2207 2.0477e-01
5643.9141 1.7972e-01
5645.6069 1.9740e-01
5647.3003 2.0206e-01
5648.9946 2.0402e-01
5650.6895 1.9821e-01
5652.3848 1.9576e-01
5654.0801 2.0413e-01
5655.7759 1.8125e-01
5657.4736 1.6443e-01
5659.1709 2.1494e-01
5660.8682 2.1343e-01
5662.5664 1.8448e-01
5664.2651 1.9663e-01
5665.9644 2.0335e-01
5667.6641 1.8947e-01
5669.3647 1.8999e-01
5671.0649 2.0740e-01
5672.7666 2.3507e-01
5674.4688 1.7123e-01
5676.1709 2.1761e-01
5677.8740 2.2832e-01
5679.5771 2.1240e-01
5681.2812 2.1084e-01
5682.9858 2.0585e-01
5684.6899 1.6175e-01
5686.3950 1.9458e-01
5688.1021 2.1536e-01
5689.8076 2.1958e-01
5691.5146 2.2977e-01
5693.2222 1.8994e-01
5694.9302 1.9056e-01
5696.6382 2.2513e-01
5698.3477 1.9748e-01
5700.0571 2.0315e-01
5701.7671 2.1841e-01
5703.4775 2.1077e-01
5705.1885 2.1286e-01
5706.9004 2.0106e-01
5708.6123 1.9731e-01
5710.3252 1.9753e-01
5712.0381 2.3220e-01
5713.7524 2.0584e-01
5715.4663 2.2957e-01
5717.1812 1.9566e-01
5718.8955 2.1030e-01
5720.6118 2.0448e-01
5722.3271 1.9361e-01
5724.0444 1.8017e-01
5725.7617 2.0195e-01
5727.4795 1.8665e-01
5729.1973 1.9413e-01
5730.9165 2.0739e-01
5732.6353 2.2137e-01
5734.3550 1.6933e-01
5736.0757 1.9892e-01
5737.7969 2.2463e-01
5739.5176 2.1126e-01
5741.2397 2.0311e-01
5742.9624 2.1047e-01
5744.6851 1.9196e-01
5746.4082 1.9711e-01
5748.1323 2.2173e-01
5749.8569 2.0376e-01
5751.5815 2.1373e-01
5753.3076 2.2099e-01
5755.0332 2.0637e-01
5756.7593 1.9737e-01
5758.4863 2.1420e-01
5760.2144 2.0742e-01
5761.9424 2.2271e-01
5763.6709 2.2823e-01
5765.3999 2.2545e-01
5767.1294 2.0901e-01
5768.8594 2.1538e-01
5770.5908 2.2621e-01
5772.3213 2.0201e-01
5774.0527 2.2600e-01
5775.7856 2.0415e-01
5777.5181 1.9219e-01
5779.2515 2.1254e-01
5780.9844 2.1992e-01
5782.7192 1.8875e-01
5784.4546 2.1981e-01
5786.1899 2.1410e-01
5787.9253 1.8952e-01
5789.6626 1.6569e-01
5791.3984 1.8702e-01
5793.1362 1.8623e-01
5794.8745 2.0319e-01
5796.6123 2.0181e-01
5798.3516 2.0611e-01
5800.0913 2.1464e-01
5801.8306 1.9854e-01
5803.5713 1.8038e-01
5805.3125 1.9214e-01
5807.0537 1.9051e-01
5808.7964 1.9912e-01
5810.5391 1.9065e-01
5812.2822 2.0196e-01
5814.0259 1.7729e-01
5815.7700 1.9345e-01
5817.5151 1.9408e-01
5819.2598 1.9595e-01
5821.0059 2.0163e-01
5822.7524 1.7549e-01
5824.4990 1.9688e-01
5826.2461 1.7371e-01
5827.9937 1.7212e-01
5829.7427 2.0305e-01
5831.4912 2.1917e-01
5833.2407 1.8853e-01
5834.9912 1.8051e-01
5836.7417 1.9664e-01
5838.4922 1.8582e-01
5840.2446 2.2353e-01
5841.9961 1.8656e-01
5843.7490 1.7816e-01
5845.5020 1.7994e-01
5847.2559 1.9358e-01
5849.0103 1.8137e-01
5850.7642 1.7833e-01
5852.5195 1.8989e-01
5854.2754 1.6351e-01
5856.0317 1.7464e-01
5857.7881 1.7301e-01
5859.5454 1.7673e-01
5861.3032 1.7721e-01
5863.0625 1.9099e-01
5864.8208 1.7279e-01
5866.5806 1.7680e-01
5868.3403 1.8008e-01
5870.1006 1.6816e-01
5871.8618 1.7689e-01
5873.6230 1.8088e-01
5875.3857 1.4205e-01
5877.1479 1.6068e-01
5878.9111 1.7223e-01
5880.6748 1.7489e-01
5882.4390 1.8568e-01
5884.2036 1.7517e-01
5885.9692 2.0263e-01
5887.7349 1.4821e-01
5889.5010 1.5589e-01
5891.2676 1.6503e-01
5893.0356 1.6293e-01
5894.8032 1.6788e-01
5896.5718 1.7360e-01
5898.3408 1.6265e-01
5900.1108 1.6196e-01
5901.8804 1.6198e-01
5903.6509 1.7607e-01
5905.4219 1.6263e-01
5907.1938 1.5742e-01
5908.9663 1.4944e-01
5910.7383 1.5987e-01
5912.5112 1.5694e-01
5914.2856 1.7686e-01
5916.0601 1.7102e-01
5917.8345 1.6894e-01
5919.6099 1.6174e-01
5921.3857 1.5633e-01
5923.1621 1.4302e-01
5924.9395 1.3320e-01
5926.7163 1.8508e-01
5928.4946 1.4397e-01
5930.2729 1.5848e-01
5932.0522 1.4016e-01
5933.8315 1.7706e-01
5935.6123 1.6605e-01
5937.3926 1.5863e-01
5939.1738 1.7367e-01
5940.9556 1.7050e-01
5942.7383 1.5827e-01
5944.5210 1.8951e-01
5946.3042 1.6599e-01
5948.0879 1.7919e-01
5949.8726 1.5001e-01
5951.6572 1.5426e-01
5953.4434 1.4540e-01
5955.2290 1.6854e-01
5957.0151 1.7727e-01
5958.8022 1.7897e-01
5960.5903 1.7061e-01
5962.3789 1.6993e-01
5964.1670 1.7916e-01
5965.9561 1.5996e-01
5967.7466 1.5639e-01
5969.5366 1.9032e-01
5971.3276 1.7854e-01
5973.1187 1.7300e-01
5974.9106 1.5870e-01
5976.7031 1.7666e-01
5978.4961 1.8701e-01
5980.2900 2.0676e-01
5982.0845 1.5220e-01
5983.8789 1.5672e-01
5985.6729 1.8252e-01
5987.4692 1.7223e-01
5989.2651 1.8200e-01
5991.0620 1.7241e-01
5992.8589 1.8723e-01
5994.6572 1.6058e-01
5996.4556 1.5806e-01
5998.2549 1.8829e-01
6000.0547 1.5709e-01
6001.8545 1.6656e-01
6003.6548 1.8249e-01
6005.4561 1.6591e-01
6007.2578 1.5602e-01
6009.0596 1.8145e-01
6010.8623 1.6855e-01
6012.6660 1.9676e-01
6014.4697 1.8365e-01
6016.2739 1.8661e-01
6018.0786 1.7429e-01
6019.8843 1.7789e-01
6021.6909 1.8487e-01
6023.4966 1.5716e-01
6025.3037 1.6456e-01
6027.1108 1.6117e-01
6028.9199 1.8656e-01
6030.7285 1.7754e-01
6032.5366 1.7914e-01
6034.3472 1.6201e-01
6036.1577 1.9312e-01
6037.9683 1.7450e-01
6039.7793 1.8856e-01
6041.5918 1.8583e-01
6043.4038 1.6456e-01
6045.2173 1.7280e-01
6047.0312 1.7883e-01
6048.8447 1.7467e-01
6050.6592 1.6182e-01
6052.4751 1.8060e-01
6054.2905 1.8422e-01
6056.1069 1.8115e-01
6057.9233 1.7436e-01
6059.7407 1.7272e-01
6061.5586 1.7066e-01
6063.3770 1.5238e-01
6065.1968 1.6651e-01
6067.0161 1.6328e-01
6068.8359 1.5629e-01
6070.6567 1.6393e-01
6072.4785 1.8567e-01
6074.2998 1.8896e-01
6076.1221 1.5614e-01
6077.9448 1.5423e-01
6079.7681 1.6380e-01
6081.5918 1.8267e-01
6083.4160 1.7883e-01
6085.2417 1.6787e-01
6087.0664 1.3845e-01
6088.8936 1.5945e-01
6090.7197 1.5206e-01
6092.5469 1.7904e-01
6094.3745 1.6629e-01
6096.2031 1.7241e-01
6098.0327 1.7371e-01
6099.8613 1.7648e-01
6101.6914 1.5758e-01
6103.5220 1.7303e-01
6105.3530 1.9121e-01
6107.1846 1.6077e-01
6109.0171 1.5654e-01
6110.8496 1.6593e-01
6112.6831 1.4610e-01
6114.5166 1.6772e-01
6116.3511 1.6581e-01
6118.1855 1.5552e-01
6120.0210 1.5891e-01
6121.8574 1.6475e-01
6123.6938 1.6553e-01
6125.5308 1.7195e-01
6127.3687 1.6045e-01
6129.2065 1.4426e-01
6131.0454 1.7019e-01
6132.8843 1.6290e-01
6134.7246 1.6190e-01
6136.5649 1.4190e-01
6138.4062 1.5359e-01
6140.2476 1.6443e-01
6142.0894 1.7137e-01
6143.9316 1.7246e-01
6145.7759 1.7043e-01
6147.6191 1.7270e-01
6149.4634 1.7580e-01
6151.3081 1.4640e-01
6153.1538 1.5074e-01
6155.0000 1.4581e-01
6156.8462 1.5353e-01
6158.6934 1.4301e-01
6160.5410 1.5238e-01
6162.3892 1.4283e-01
6164.2373 1.4528e-01
6166.0869 1.5459e-01
6167.9370 1.5027e-01
6169.7871 1.6326e-01
6171.6387 1.6083e-01
6173.4897 1.5861e-01
6175.3413 1.3877e-01
6177.1938 1.6655e-01
6179.0474 1.4258e-01
6180.9009 1.4434e-01
6182.7549 1.5104e-01
6184.6104 1.5192e-01
6186.4653 1.5315e-01
6188.3213 1.5278e-01
6190.1782 1.6749e-01
6192.0356 1.5137e-01
6193.8931 1.5543e-01
6195.7505 1.5053e-01
6197.6099 1.5755e-01
6199.4688 1.6059e-01
6201.3281 1.5737e-01
6203.1895 1.6723e-01
6205.0498 1.5224e-01
6206.9121 1.1998e-01
6208.7739 1.6533e-01
6210.6367 1.5446e-01
6212.4995 1.4434e-01
6214.3633 1.6073e-01
6216.2275 1.4730e-01
6218.0923 1.3595e-01
6219.9575 1.4341e-01
6221.8237 1.4068e-01
6223.6904 1.3049e-01
6225.5576 1.3955e-01
6227.4258 1.3102e-01
6229.2935 1.3633e-01
6231.1621 1.4387e-01
6233.0317 1.2589e-01
6234.9019 1.1549e-01
6236.7720 1.4207e-01
6238.6431 1.2849e-01
6240.5146 1.2663e-01
6242.3867 1.2906e-01
6244.2598 1.4442e-01
6246.1323 1.3163e-01
6248.0063 9.6828e-02
6249.8813 1.2402e-01
6251.7559 1.2477e-01
6253.6313 1.2976e-01
6255.5073 1.1584e-01
6257.3843 1.0628e-01
6259.2617 1.1754e-01
6261.1392 1.1039e-01
6263.0176 1.2874e-01
6264.8970 1.0557e-01
6266.7759 1.2391e-01
6268.6562 1.1065e-01
6270.5361 1.0226e-01
6272.4180 1.1995e-01
6274.2993 1.3310e-01
6276.1816 1.1106e-01
6278.0645 1.0639e-01
6279.9478 9.8942e-02
6281.8320 1.0458e-01
6283.7168 1.1221e-01
6285.6021 1.1152e-01
6287.4868 8.8218e-02
6289.3740 1.2050e-01
6291.2603 1.0923e-01
6293.1475 8.0575e-02
6295.0352 9.7053e-02
6296.9238 9.6608e-02
6298.8130 8.9429e-02
6300.7026 1.0118e-01
6302.5933 1.1481e-01
6304.4839 1.1002e-01
6306.3755 9.6750e-02
6308.2676 1.0307e-01
6310.1597 9.6453e-02
6312.0527 1.0489e-01
6313.9468 9.3948e-02
6315.8398 9.3305e-02
6317.7349 9.0813e-02
6319.6304 8.4040e-02
6321.5269 9.6498e-02
6323.4233 1.1336e-01
6325.3198 1.0604e-01
6327.2178 1.1174e-01
6329.1157 1.1405e-01
6331.0146 8.3467e-02
6332.9131 1.0766e-01
6334.8140 8.0300e-02
6336.7139 1.1963e-01
6338.6147 9.9111e-02
6340.5166 1.2289e-01
6342.4189 1.0834e-01
6344.3213 1.1487e-01
6346.2246 9.3648e-02
6348.1284 1.1045e-01
6350.0332 1.2209e-01
6351.9380 1.0908e-01
6353.8442 1.0826e-01
6355.7500 9.8780e-02
6357.6572 1.2300e-01
6359.5645 9.6902e-02
6361.4717 1.1502e-01
6363.3804 1.2486e-01
6365.2891 1.2679e-01
6367.1987 1.3163e-01
6369.1089 1.1112e-01
6371.0200 1.0638e-01
6372.9312 1.2559e-01
6374.8428 1.0859e-01
6376.7549 1.2908e-01
6378.6685 1.0999e-01
6380.5820 1.1417e-01
6382.4966 1.1467e-01
6384.4111 1.2468e-01
6386.3257 1.2752e-01
6388.2422 1.2515e-01
6390.1587 1.1738e-01
6392.0752 1.2501e-01
6393.9932 1.2406e-01
6395.9116 1.1804e-01
6397.8301 1.0983e-01
6399.7490 1.2445e-01
6401.6694 1.1640e-01
6403.5898 1.2958e-01
6405.5112 1.4575e-01
6407.4331 1.3913e-01
6409.3545 1.2731e-01
6411.2778 1.4257e-01
6413.2012 1.1814e-01
6415.1250 1.0997e-01
6417.0493 1.0776e-01
6418.9741 1.1963e-01
6420.9004 1.0173e-01
6422.8262 1.1610e-01
6424.7534 1.1568e-01
6426.6812 1.3693e-01
6428.6094 1.1598e-01
6430.5381 1.2188e-01
6432.4668 1.1620e-01
6434.3960 1.3425e-01
6436.3267 1.2683e-01
6438.2578 1.2130e-01
6440.1895 1.2229e-01
6442.1216 1.3656e-01
6444.0537 1.1804e-01
6445.9868 1.3537e-01
6447.9209 1.0406e-01
6449.8550 1.1268e-01
6451.7905 1.2688e-01
6453.7256 1.3349e-01
6455.6621 1.3052e-01
6457.5986 1.1561e-01
6459.5356 9.8055e-02
6461.4741 1.2509e-01
6463.4121 1.0460e-01
6465.3506 1.2078e-01
6467.2905 1.3426e-01
6469.2310 1.3189e-01
6471.1719 1.1245e-01
6473.1128 1.1350e-01
6475.0552 1.1191e-01
6476.9976 1.1109e-01
6478.9409 1.3119e-01
6480.8848 1.0055e-01
6482.8286 1.1384e-01
6484.7739 1.3589e-01
6486.7192 1.1413e-01
6488.6650 1.2894e-01
6490.6113 1.2349e-01
6492.5581 9.7021e-02
6494.5063 1.0948e-01
6496.4546 1.1378e-01
6498.4038 1.3149e-01
6500.3535 1.1821e-01
6502.3032 1.1748e-01
6504.2539 1.1848e-01
6506.2056 1.1926e-01
6508.1572 1.0243e-01
6510.1099 1.0893e-01
6512.0625 1.2300e-01
6514.0166 1.1947e-01
6515.9702 1.0775e-01
6517.9258 1.3021e-01
6519.8809 1.0984e-01
6521.8364 1.2236e-01
6523.7930 1.2566e-01
6525.7505 1.1182e-01
6527.7075 9.8824e-02
6529.6665 1.1790e-01
6531.6255 1.1479e-01
6533.5845 1.1324e-01
6535.5449 1.3085e-01
6537.5054 1.1180e-01
6539.4668 1.0505e-01
6541.4282 1.1333e-01
6543.3911 1.1837e-01
6545.3545 1.1165e-01
6547.3179 1.1793e-01
6549.2817 1.0777e-01
6551.2466 1.0795e-01
6553.2124 1.0986e-01
6555.1777 1.0708e-01
6557.1445 1.2330e-01
6559.1113 1.2891e-01
6561.0796 1.3165e-01
6563.0479 9.7014e-02
6565.0166 1.1138e-01
6566.9863 1.0755e-01
6568.9561 1.0429e-01
6570.9268 1.3475e-01
6572.8979 1.0929e-01
6574.8701 1.1549e-01
6576.8423 1.0494e-01
6578.8154 1.2034e-01
6580.7896 9.6335e-02
6582.7632 9.1591e-02
6584.7383 1.0063e-01
6586.7139 1.0227e-01
6588.6895 1.0024e-01
6590.6660 1.1167e-01
6592.6431 9.9176e-02
6594.6211 1.0805e-01
6596.5996 9.8557e-02
6598.5791 1.1357e-01
6600.5581 1.0422e-01
6602.5386 8.7049e-02
6604.5190 1.0784e-01
6606.5005 1.0370e-01
6608.4824 1.1219e-01
6610.4648 8.6992e-02
6612.4482 1.0068e-01
6614.4326 9.6184e-02
6616.4160 1.0165e-01
6618.4009 9.8631e-02
6620.3867 9.4491e-02
6622.3730 8.9138e-02
6624.3594 9.3563e-02
6626.3467 8.8857e-02
6628.3350 8.4065e-02
6630.3232 7.9524e-02
6632.3125 8.9959e-02
6634.3022 1.0474e-01
6636.2920 1.0255e-01
6638.2827 1.0613e-01
6640.2744 9.5801e-02
6642.2671 9.1876e-02
6644.2593 8.3790e-02
6646.2529 9.4169e-02
6648.2471 7.7826e-02
6650.2412 8.6741e-02
6652.2358 9.3052e-02
6654.2314 8.9457e-02
6656.2280 1.0955e-01
6658.2251 1.0176e-01
6660.2222 8.4308e-02
6662.2207 8.1049e-02
6664.2197 8.5022e-02
6666.2178 7.4314e-02
6668.2178 1.0479e-01
6670.2188 9.1493e-02
6672.2192 8.2509e-02
6674.2212 8.8312e-02
6676.2241 8.9022e-02
6678.2266 9.9518e-02
6680.2300 7.8939e-02
6682.2334 8.6987e-02
6684.2388 8.5214e-02
6686.2446 8.5830e-02
6688.2500 7.9686e-02
6690.2563 9.9810e-02
6692.2627 8.6240e-02
6694.2715 7.6685e-02
6696.2793 7.2631e-02
6698.2881 6.8908e-02
6700.2979 8.5407e-02
6702.3081 6.9334e-02
6704.3188 7.5042e-02
6706.3301 9.1455e-02
6708.3418 7.3679e-02
6710.3545 7.9256e-02
6712.3672 8.2287e-02
6714.3809 8.7380e-02
6716.3955 7.7864e-02
6718.4106 7.7720e-02
6720.4263 6.8167e-02
6722.4419 7.3112e-02
6724.4585 7.1941e-02
6726.4756 7.2815e-02
6728.4946 6.4698e-02
6730.5127 7.1197e-02
6732.5312 8.1311e-02
6734.5513 8.2595e-02
6736.5718 5.7556e-02
6738.5923 8.1975e-02
6740.6152 6.5784e-02
6742.6367 7.3922e-02
6744.6587 9.3472e-02
6746.6831 7.0399e-02
6748.7065 8.2187e-02
6750.7310 7.0388e-02
6752.7563 6.9616e-02
6754.7822 6.6983e-02
6756.8091 7.6223e-02
6758.8359 7.7155e-02
6760.8633 8.6495e-02
6762.8916 8.1095e-02
6764.9209 5.9614e-02
6766.9502 5.6986e-02
6768.9805 6.9060e-02
6771.0107 7.9377e-02
6773.0425 5.7091e-02
6775.0742 6.8658e-02
6777.1064 6.6029e-02
6779.1401 7.1424e-02
6781.1733 5.9394e-02
6783.2080 6.9229e-02
6785.2427 6.2719e-02
6787.2783 7.8647e-02
6789.3149 8.0633e-02
6791.3516 5.7586e-02
6793.3887 6.6418e-02
6795.4272 6.6923e-02
6797.4653 5.2477e-02
6799.5049 6.1459e-02
6801.5444 6.1812e-02
6803.5854 5.9479e-02
6805.6260 7.1300e-02
6807.6685 5.5034e-02
6809.7100 5.5243e-02
6811.7534 6.5350e-02
6813.7964 7.0142e-02
6815.8408 7.6563e-02
6817.8853 6.8610e-02
6819.9312 5.8414e-02
6821.9771 6.4822e-02
6824.0234 6.3607e-02
6826.0703 5.3149e-02
6828.1182 6.7449e-02
6830.1670 6.5985e-02
6832.2163 5.2911e-02
6834.2651 6.4913e-02
6836.3154 6.1345e-02
6838.3667 5.5087e-02
6840.4180 6.4005e-02
6842.4702 6.4073e-02
6844.5229 6.2965e-02
6846.5762 5.6986e-02
6848.6304 6.6739e-02
6850.6851 6.5731e-02
6852.7402 6.3463e-02
6854.7959 5.7437e-02
6856.8525 5.4981e-02
6858.9097 7.0978e-02
6860.9668 5.7112e-02
6863.0254 5.9725e-02
6865.0845 4.9304e-02
6867.1440 5.2864e-02
6869.2041 5.0759e-02
6871.2646 4.5422e-02
6873.3257 7.3758e-02
6875.3882 6.7365e-02
6877.4512 4.8421e-02
6879.5137 6.2956e-02
6881.5781 7.3860e-02
6883.6421 5.3481e-02
6885.7075 5.4332e-02
6887.7729 6.7377e-02
6889.8394 5.2715e-02
6891.9062 6.0109e-02
6893.9746 6.3621e-02
6896.0425 6.3339e-02
6898.1113 5.9342e-02
6900.1802 5.4162e-02
6902.2505 5.2354e-02
6904.3213 6.3583e-02
6906.3926 6.6826e-02
6908.4648 5.5327e-02
6910.5366 5.3542e-02
6912.6099 5.6494e-02
6914.6841 6.8165e-02
6916.7588 5.2754e-02
6918.8335 5.8588e-02
6920.9092 5.8925e-02
6922.9849 6.0279e-02
6925.0620 6.1818e-02
6927.1401 7.0501e-02
6929.2178 4.6536e-02
6931.2964 5.7924e-02
6933.3760 4.7152e-02
6935.4561 6.5650e-02
6937.5371 5.4776e-02
6939.6182 6.2688e-02
6941.7002 5.9014e-02
6943.7822 5.9883e-02
6945.8657 5.4818e-02
6947.9487 4.6887e-02
6950.0337 7.0241e-02
6952.1182 5.2299e-02
6954.2046 5.6883e-02
6956.2905 5.9509e-02
6958.3779 7.7156e-02
6960.4644 6.3062e-02
6962.5527 4.4277e-02
6964.6421 6.1135e-02
6966.7314 6.3229e-02
6968.8208 5.9525e-02
6970.9116 4.3525e-02
6973.0029 5.2447e-02
6975.0947 6.4868e-02
6977.1880 5.7007e-02
6979.2803 5.3367e-02
6981.3745 5.4117e-02
6983.4692 5.1890e-02
6985.5635 5.8585e-02
6987.6602 5.4739e-02
6989.7559 5.1513e-02
6991.8525 5.2958e-02
6993.9507 5.0869e-02
6996.0488 5.4172e-02
6998.1479 5.8647e-02
7000.2471 6.1707e-02
7002.3467 5.7538e-02
7004.4468 4.7797e-02
7006.5488 5.8941e-02
7008.6514 4.2103e-02
7010.7529 5.1709e-02
7012.8564 5.5437e-02
7014.9609 5.5256e-02
7017.0654 4.7862e-02
7019.1699 6.1366e-02
7021.2759 4.2570e-02
7023.3823 6.2961e-02
7025.4893 4.6043e-02
7027.5977 6.8080e-02
7029.7051 4.9041e-02
7031.8145 4.8994e-02
7033.9238 4.9171e-02
7036.0337 6.2848e-02
7038.1450 5.2350e-02
7040.2559 5.4381e-02
7042.3687 5.3545e-02
7044.4805 5.8098e-02
7046.5938 5.1958e-02
7048.7080 5.7671e-02
7050.8228 6.7307e-02
7052.9385 4.7365e-02
7055.0542 6.4685e-02
7057.1704 4.6891e-02
7059.2881 5.0570e-02
7061.4053 5.3241e-02
7063.5234 5.7708e-02
7065.6431 5.0177e-02
7067.7627 6.3832e-02
7069.8828 5.2818e-02
7072.0039 5.4242e-02
7074.1255 5.7110e-02
7076.2476 5.8540e-02
7078.3706 5.1791e-02
7080.4937 5.4079e-02
7082.6187 5.4453e-02
7084.7432 5.3197e-02
7086.8687 4.8265e-02
7088.9946 5.4733e-02
7091.1216 5.1054e-02
7093.2490 5.5275e-02
7095.3765 5.5473e-02
7097.5049 6.2647e-02
7099.6348 5.7081e-02
7101.7642 6.5543e-02
7103.8945 5.5331e-02
7106.0264 5.1537e-02
7108.1582 5.8597e-02
7110.2905 5.0045e-02
7112.4229 5.0034e-02
7114.5571 5.6100e-02
7116.6914 4.7339e-02
7118.8262 5.9684e-02
7120.9619 5.9691e-02
7123.0986 4.7032e-02
7125.2354 5.2918e-02
7127.3730 4.8598e-02
7129.5112 6.7602e-02
7131.6499 5.7465e-02
7133.7896 4.5065e-02
7135.9292 4.9568e-02
7138.0703 5.7379e-02
7140.2119 5.6498e-02
7142.3540 5.6093e-02
7144.4966 5.1752e-02
7146.6396 4.9415e-02
7148.7842 5.2186e-02
7150.9287 5.2287e-02
7153.0742 5.7313e-02
7155.2197 4.5300e-02
7157.3667 5.7588e-02
7159.5137 5.9831e-02
7161.6616 6.3842e-02
7163.8101 5.8467e-02
7165.9590 5.8321e-02
7168.1089 5.3453e-02
7170.2593 4.4460e-02
7172.4102 5.4541e-02
7174.5625 4.7789e-02
7176.7144 5.4136e-02
7178.8672 4.9024e-02
7181.0210 5.5866e-02
7183.1753 4.9455e-02
7185.3306 6.2639e-02
7187.4858 4.7538e-02
7189.6421 4.8563e-02
7191.7988 4.8725e-02
7193.9565 4.7993e-02
7196.1147 5.1301e-02
7198.2734 4.7556e-02
7200.4336 3.7355e-02
7202.5928 4.8585e-02
7204.7539 5.4483e-02
7206.9155 5.3123e-02
7209.0771 4.5041e-02
7211.2402 3.7963e-02
7213.4033 5.0646e-02
7215.5674 4.9848e-02
7217.7324 4.9332e-02
7219.8979 4.8216e-02
7222.0635 5.0558e-02
7224.2300 3.7172e-02
7226.3979 4.2452e-02
7228.5654 5.2965e-02
7230.7334 4.6921e-02
7232.9033 4.5044e-02
7235.0728 5.7938e-02
7237.2432 4.9011e-02
7239.4150 5.7359e-02
7241.5864 4.7953e-02
7243.7593 5.1035e-02
7245.9321 4.8448e-02
7248.1060 4.3167e-02
7250.2803 4.2694e-02
7252.4551 4.9553e-02
7254.6313 5.9292e-02
7256.8076 4.5327e-02
7258.9849 6.5489e-02
7261.1626 4.8690e-02
7263.3408 5.3306e-02
7265.5200 4.5210e-02
7267.6992 3.9149e-02
7269.8799 4.5840e-02
7272.0605 5.4518e-02
7274.2422 4.9525e-02
7276.4243 6.0557e-02
7278.6069 4.3349e-02
7280.7910 5.0611e-02
7282.9751 4.6048e-02
7285.1602 4.9679e-02
7287.3452 4.4245e-02
7289.5317 4.9859e-02
7291.7188 4.7926e-02
7293.9067 4.1263e-02
7296.0947 4.1721e-02
7298.2832 4.8565e-02
7300.4727 4.4011e-02
7302.6631 5.3859e-02
7304.8540 4.6493e-02
7307.0454 5.6939e-02
7309.2373 4.6866e-02
7311.4292 4.7865e-02
7313.6235 4.3231e-02
7315.8179 3.6364e-02
7318.0122 4.8310e-02
7320.2075 4.5127e-02
7322.4038 5.1736e-02
7324.6001 4.3199e-02
7326.7979 5.2099e-02
7328.9961 4.2236e-02
7331.1943 3.8720e-02
7333.3936 3.8340e-02
7335.5938 5.0044e-02
7337.7944 4.2553e-02
7339.9956 5.0647e-02
7342.1982 4.7033e-02
7344.4004 4.1291e-02
7346.6035 5.0433e-02
7348.8081 4.3899e-02
7351.0127 4.5833e-02
7353.2183 4.0115e-02
7355.4238 4.4266e-02
7357.6304 4.7476e-02
7359.8374 4.6471e-02
7362.0459 4.0800e-02
7364.2549 3.8352e-02
7366.4634 4.2861e-02
7368.6738 4.0601e-02
7370.8838 3.8769e-02
7373.0957 4.4231e-02
7375.3071 3.6670e-02
7377.5200 4.4371e-02
7379.7334 4.8868e-02
7381.9473 4.1058e-02
7384.1616 3.3132e-02
7386.3770 4.3187e-02
7388.5928 3.3898e-02
7390.8096 4.3062e-02
7393.0264 3.7818e-02
7395.2446 3.9494e-02
7397.4639 4.7428e-02
7399.6826 5.0304e-02
7401.9023 3.1578e-02
7404.1230 3.9434e-02
7406.3438 3.4689e-02
7408.5654 4.2470e-02
7410.7886 5.7679e-02
7413.0122 4.9829e-02
7415.2354 3.5222e-02
7417.4604 4.4603e-02
7419.6855 4.3697e-02
7421.9116 3.5805e-02
7424.1382 3.7141e-02
7426.3652 3.5907e-02
7428.5933 5.5874e-02
7430.8218 3.9902e-02
7433.0513 3.6277e-02
7435.2808 3.7266e-02
7437.5117 4.3045e-02
7439.7432 4.6200e-02
7441.9741 3.9075e-02
7444.2070 4.0122e-02
7446.4404 3.2242e-02
7448.6748 4.2941e-02
7450.9097 5.3755e-02
7453.1440 3.6844e-02
7455.3809 3.7228e-02
7457.6167 4.3114e-02
7459.8545 3.9825e-02
7462.0923 4.6933e-02
7464.3306 4.3756e-02
7466.5698 3.3729e-02
7468.8096 4.3854e-02
7471.0503 5.0516e-02
7473.2920 5.1578e-02
7475.5342 4.6821e-02
7477.7769 4.3992e-02
7480.0205 3.2389e-02
7482.2637 4.5195e-02
7484.5088 4.4093e-02
7486.7539 3.8145e-02
7489.0000 3.9612e-02
7491.2471 3.4462e-02
7493.4937 3.4030e-02
7495.7422 4.3517e-02
7497.9912 4.5829e-02
7500.2402 4.0620e-02
7502.4902 3.7148e-02
7504.7412 4.5816e-02
7506.9927 4.5359e-02
7509.2441 4.1242e-02
7511.4976 3.0907e-02
7513.7510 3.6125e-02
7516.0044 4.4877e-02
7518.2593 3.8459e-02
7520.5151 2.7053e-02
7522.7715 3.8607e-02
7525.0283 3.8546e-02
7527.2861 3.6421e-02
7529.5439 3.9390e-02
7531.8027 4.3785e-02
7534.0620 3.8391e-02
7536.3228 2.7441e-02
7538.5835 3.1144e-02
7540.8447 3.3814e-02
7543.1074 3.6763e-02
7545.3706 4.0382e-02
7547.6338 5.2638e-02
7549.8984 3.7007e-02
7552.1626 4.2670e-02
7554.4292 3.8628e-02
7556.6948 4.1135e-02
7558.9619 4.4782e-02
7561.2295 4.4662e-02
7563.4976 3.1087e-02
7565.7671 4.0148e-02
7568.0366 4.3314e-02
7570.3071 3.2759e-02
7572.5786 3.2824e-02
7574.8511 4.0518e-02
7577.1230 2.8122e-02
7579.3960 3.5792e-02
7581.6694 4.1349e-02
7583.9443 3.3598e-02
7586.2192 3.5308e-02
7588.4956 3.2768e-02
7590.7715 4.2249e-02
7593.0488 3.3793e-02
7595.3262 3.1609e-02
7597.6060 3.6306e-02
7599.8843 3.6933e-02
7602.1641 2.7274e-02
7604.4448 3.8268e-02
7606.7271 4.7099e-02
7609.0093 4.3987e-02
7611.2910 3.8317e-02
7613.5752 3.5522e-02
7615.8589 3.8395e-02
7618.1440 4.6254e-02
7620.4292 3.6385e-02
7622.7153 2.9081e-02
7625.0020 3.5581e-02
7627.2896 3.1561e-02
7629.5781 3.5767e-02
7631.8662 4.0363e-02
7634.1562 3.5327e-02
7636.4468 2.6418e-02
7638.7378 2.5413e-02
7641.0288 2.4959e-02
7643.3213 4.1916e-02
7645.6138 3.0262e-02
7647.9072 2.3455e-02
7650.2021 3.0506e-02
7652.4971 3.9088e-02
7654.7935 4.1904e-02
7657.0894 2.5716e-02
7659.3867 3.3793e-02
7661.6846 3.2318e-02
7663.9829 3.6392e-02
7666.2817 3.1494e-02
7668.5825 3.3445e-02
7670.8823 3.8019e-02
7673.1841 3.2830e-02
7675.4854 3.7367e-02
7677.7891 3.5652e-02
7680.0918 2.4659e-02
7682.3960 3.6795e-02
7684.7002 2.9099e-02
7687.0059 3.6771e-02
7689.3125 3.4770e-02
7691.6191 3.4115e-02
7693.9268 2.9966e-02
7696.2344 2.7219e-02
7698.5430 3.4599e-02
7700.8530 3.8885e-02
7703.1631 3.7259e-02
7705.4746 3.9121e-02
7707.7856 3.2110e-02
7710.0981 3.4064e-02
7712.4111 3.5032e-02
7714.7251 3.6623e-02
7717.0391 3.8029e-02
7719.3540 3.3215e-02
7721.6699 4.2331e-02
7723.9868 3.6219e-02
7726.3042 3.7933e-02
7728.6216 3.7574e-02
7730.9409 2.9094e-02
7733.2593 2.8760e-02
7735.5796 3.2142e-02
7737.9004 4.0202e-02
7740.2217 2.7352e-02
7742.5435 3.9728e-02
7744.8662 2.8396e-02
7747.1895 2.8850e-02
7749.5142 3.4288e-02
7751.8394 3.6538e-02
7754.1650 3.6850e-02
7756.4907 3.0037e-02
7758.8174 3.5621e-02
7761.1450 3.2696e-02
7763.4736 3.9860e-02
7765.8022 2.8943e-02
7768.1323 2.2488e-02
7770.4634 2.8198e-02
7772.7944 3.0620e-02
7775.1260 3.6166e-02
7777.4585 3.3031e-02
7779.7915 2.8124e-02
7782.1260 2.8803e-02
7784.4604 3.2639e-02
7786.7954 3.7419e-02
7789.1318 4.0192e-02
7791.4683 3.5652e-02
7793.8062 4.3171e-02
7796.1436 3.4376e-02
7798.4824 3.6093e-02
7800.8218 2.8249e-02
7803.1626 3.4735e-02
7805.5034 3.9874e-02
7807.8447 3.2268e-02
7810.1880 3.2344e-02
7812.5303 2.6327e-02
7814.8745 3.6929e-02
7817.2192 3.3979e-02
7819.5640 2.9972e-02
7821.9106 3.8758e-02
7824.2559 3.0404e-02
7826.6040 3.6463e-02
7828.9521 3.4032e-02
7831.3003 3.7769e-02
7833.6499 3.3348e-02
7835.9995 3.4711e-02
7838.3511 3.1221e-02
7840.7021 3.8243e-02
7843.0547 3.1924e-02
7845.4077 2.8634e-02
7847.7603 3.2424e-02
7850.1152 3.4791e-02
7852.4702 3.6628e-02
7854.8262 3.9215e-02
7857.1821 3.5405e-02
7859.5396 3.4424e-02
7861.8975 3.5956e-02
7864.2559 3.5758e-02
7866.6157 2.5273e-02
7868.9756 3.9043e-02
7871.3359 4.1111e-02
7873.6978 3.3717e-02
7876.0601 3.6309e-02
7878.4224 3.4306e-02
7880.7856 3.4014e-02
7883.1509 3.7130e-02
7885.5151 3.4209e-02
7887.8809 3.5015e-02
7890.2476 3.1092e-02
7892.6147 3.5144e-02
7894.9814 4.2740e-02
7897.3501 3.6651e-02
7899.7192 3.6074e-02
7902.0898 3.5032e-02
7904.4604 3.9542e-02
7906.8311 3.8292e-02
7909.2036 3.8453e-02
7911.5767 3.1534e-02
7913.9497 3.2746e-02
7916.3247 3.9111e-02
7918.6987 3.4506e-02
7921.0742 4.2128e-02
7923.4512 3.6076e-02
7925.8276 2.4649e-02
7928.2051 3.3446e-02
7930.5845 2.5713e-02
7932.9634 3.6463e-02
7935.3433 4.3244e-02
7937.7236 3.2255e-02
7940.1050 3.3988e-02
7942.4873 2.9476e-02
7944.8701 3.8740e-02
7947.2529 3.7445e-02
7949.6377 4.0120e-02
7952.0225 3.1312e-02
7954.4082 3.6695e-02
7956.7949 3.1462e-02
7959.1807 4.1026e-02
7961.5688 3.2782e-02
7963.9580 4.3414e-02
7966.3462 4.2599e-02
7968.7368 3.8350e-02
7971.1274 4.1373e-02
7973.5181 2.5764e-02
7975.9111 3.4481e-02
7978.3032 3.8155e-02
7980.6973 4.6461e-02
7983.0908 3.1921e-02
7985.4858 3.5515e-02
7987.8823 3.9814e-02
7990.2778 3.5149e-02
7992.6748 3.0611e-02
7995.0728 3.8441e-02
7997.4717 3.9251e-02
7999.8711 2.8251e-02
8002.2710 2.3667e-02
8004.6709 3.1608e-02
8007.0723 3.0076e-02
8009.4746 3.4073e-02
8011.8779 3.2805e-02
8014.2812 3.4099e-02
8016.6855 4.4576e-02
8019.0903 3.6162e-02
8021.4966 3.3120e-02
8023.9028 3.5787e-02
8026.3105 3.3793e-02
8028.7173 3.2024e-02
8031.1260 3.1614e-02
8033.5361 3.6940e-02
8035.9458 2.9894e-02
8038.3569 3.1903e-02
8040.7681 2.7805e-02
8043.1807 2.7200e-02
8045.5933 3.3480e-02
8048.0068 2.6210e-02
8050.4214 3.3139e-02
8052.8364 3.4559e-02
8055.2520 3.3259e-02
8057.6689 3.6480e-02
8060.0864 3.2991e-02
8062.5049 3.8991e-02
8064.9229 3.2033e-02
8067.3423 3.3053e-02
8069.7632 3.9129e-02
8072.1836 4.0336e-02
8074.6050 3.4543e-02
8077.0278 4.0915e-02
8079.4507 3.5299e-02
8081.8745 3.7460e-02
8084.2988 2.9470e-02
8086.7251 3.7249e-02
8089.1509 2.0276e-02
8091.5771 3.0726e-02
8094.0049 2.5583e-02
8096.4331 3.2575e-02
8098.8618 3.1319e-02
8101.2910 2.7925e-02
8103.7217 3.5032e-02
8106.1528 3.0990e-02
8108.5845 3.8291e-02
8111.0171 3.9284e-02
8113.4502 4.1398e-02
8115.8843 3.7066e-02
8118.3188 3.7060e-02
8120.7549 2.7273e-02
8123.1914 2.8523e-02
8125.6284 3.7579e-02
8128.0659 3.1263e-02
8130.5049 3.0932e-02
8132.9438 3.7971e-02
8135.3833 2.8334e-02
8137.8237 3.2534e-02
8140.2651 3.4035e-02
8142.7075 4.0938e-02
8145.1504 3.1210e-02
8147.5938 3.6545e-02
8150.0376 2.8464e-02
8152.4834 2.7791e-02
8154.9292 3.3283e-02
8157.3750 3.1265e-02
8159.8228 3.0385e-02
8162.2705 3.5521e-02
8164.7192 3.8463e-02
8167.1685 3.4112e-02
8169.6187 3.5837e-02
8172.0693 3.2873e-02
8174.5210 3.1637e-02
8176.9736 3.0200e-02
8179.4268 1.9740e-02
8181.8809 3.2339e-02
8184.3350 3.0361e-02
8186.7900 3.5511e-02
8189.2456 3.4411e-02
8191.7031 2.9186e-02
8194.1602 3.2656e-02
8196.6191 2.4106e-02
8199.0781 3.0091e-02
8201.5371 4.0141e-02
8203.9980 3.2265e-02
8206.4590 3.4576e-02
8208.9219 3.5203e-02
8211.3838 4.1527e-02
8213.8477 4.1618e-02
8216.3115 3.4267e-02
8218.7764 2.6675e-02
8221.2422 2.9951e-02
8223.7090 3.8333e-02
8226.1758 2.9518e-02
8228.6436 2.8249e-02
8231.1123 3.9215e-02
8233.5811 3.3502e-02
8236.0518 3.2020e-02
8238.5215 3.5772e-02
8240.9932 3.4102e-02
8243.4658 2.8341e-02
8245.9395 3.4661e-02
8248.4131 2.9858e-02
8250.8877 3.4561e-02
8253.3623 3.0737e-02
8255.8389 2.7968e-02
8258.3154 2.8378e-02
8260.7920 3.8121e-02
8263.2715 3.1821e-02
8265.7500 3.4543e-02
8268.2305 3.2552e-02
8270.7100 2.9174e-02
8273.1914 3.8697e-02
8275.6738 3.0908e-02
8278.1553 3.0093e-02
8280.6396 3.8351e-02
8283.1240 3.3510e-02
8285.6094 2.6798e-02
8288.0947 4.3675e-02
8290.5811 4.0119e-02
8293.0674 2.6718e-02
8295.5557 3.5441e-02
8298.0449 3.7798e-02
8300.5352 3.5014e-02
8303.0234 3.5627e-02
8305.5156 3.0592e-02
8308.0068 2.9088e-02
8310.5000 3.3036e-02
8312.9922 3.4018e-02
8315.4863 3.5087e-02
8317.9805 3.7152e-02
8320.4766 3.7339e-02
8322.9717 2.8341e-02
8325.4697 3.1891e-02
8327.9668 2.0345e-02
8330.4658 3.6385e-02
8332.9639 3.9623e-02
8335.4648 3.1521e-02
8337.9648 3.5015e-02
8340.4668 4.2120e-02
8342.9688 3.6536e-02
8345.4717 2.6417e-02
8347.9746 3.4645e-02
8350.4795 3.0434e-02
8352.9844 2.6286e-02
8355.4902 3.4125e-02
8357.9971 2.9187e-02
8360.5039 3.6264e-02
8363.0127 3.7659e-02
8365.5215 2.8491e-02
8368.0312 3.0641e-02
8370.5420 3.1048e-02
8373.0527 3.4789e-02
8375.5654 3.2838e-02
8378.0771 3.8833e-02
8380.5908 3.3397e-02
8383.1045 2.2378e-02
8385.6191 3.1658e-02
8388.1348 4.6462e-02
8390.6523 2.9120e-02
8393.1689 3.2220e-02
8395.6865 3.4341e-02
8398.2061 3.3479e-02
8400.7246 4.3199e-02
8403.2461 3.3808e-02
8405.7666 4.4786e-02
8408.2881 3.1888e-02
8410.8105 3.1230e-02
8413.3340 3.3800e-02
8415.8584 3.6522e-02
8418.3818 3.0302e-02
8420.9082 3.1105e-02
8423.4346 3.3088e-02
8425.9609 4.0740e-02
8428.4893 4.0900e-02
8431.0186 4.0294e-02
8433.5479 3.3233e-02
8436.0771 4.1594e-02
8438.6074 4.1745e-02
8441.1396 3.3978e-02
8443.6729 3.9373e-02
8446.2051 3.7877e-02
8448.7383 3.1944e-02
8451.2734 4.1961e-02
8453.8086 4.4843e-02
8456.3457 4.2326e-02
8458.8828 4.2974e-02
8461.4199 3.9389e-02
8463.9580 3.9508e-02
8466.4971 4.8101e-02
8469.0371 4.0736e-02
8471.5781 3.4462e-02
8474.1191 3.9023e-02
8476.6621 4.4249e-02
8479.2051 3.8054e-02
8481.7480 3.8276e-02
8484.2930 4.1098e-02
8486.8379 4.1228e-02
8489.3848 5.7805e-02
8491.9316 3.6396e-02
8494.4795 4.2366e-02
8497.0264 4.1204e-02
8499.5762 3.9042e-02
8502.1260 3.0648e-02
8504.6777 5.1373e-02
8507.2285 5.1218e-02
8509.7803 4.3093e-02
8512.3330 4.1838e-02
8514.8857 4.5982e-02
8517.4414 5.2425e-02
8519.9961 3.9863e-02
8522.5527 4.2215e-02
8525.1094 3.8770e-02
8527.6670 3.7251e-02
8530.2246 3.6220e-02
8532.7842 4.3610e-02
8535.3438 4.7489e-02
8537.9053 4.2185e-02
8540.4668 3.7553e-02
8543.0273 4.4145e-02
8545.5908 3.0952e-02
8548.1543 3.8588e-02
8550.7188 4.3488e-02
8553.2842 4.0157e-02
8555.8496 4.1961e-02
8558.4170 4.0188e-02
8560.9844 4.9304e-02
8563.5527 5.3443e-02
8566.1221 4.4269e-02
8568.6914 5.1482e-02
8571.2617 4.6051e-02
8573.8350 3.9508e-02
8576.4062 3.8555e-02
8578.9785 4.4801e-02
8581.5527 4.6570e-02
8584.1270 2.8258e-02
8586.7031 4.3232e-02
8589.2783 3.7524e-02
8591.8555 5.2059e-02
8594.4326 4.6453e-02
8597.0117 4.1600e-02
8599.5898 4.7235e-02
8602.1699 4.4463e-02
8604.7500 4.8735e-02
8607.3320 3.7652e-02
8609.9150 4.6153e-02
8612.4971 4.4062e-02
8615.0811 4.0232e-02
8617.6660 5.0031e-02
8620.2500 4.3827e-02
8622.8369 5.5116e-02
8625.4229 4.7216e-02
8628.0117 4.6159e-02
8630.6006 4.5509e-02
8633.1885 4.6789e-02
8635.7793 3.7963e-02
8638.3711 5.5696e-02
8640.9609 4.9983e-02
8643.5527 5.4955e-02
8646.1465 4.0939e-02
8648.7393 4.3063e-02
8651.3350 4.9893e-02
8653.9307 5.0495e-02
8656.5264 4.2361e-02
8659.1230 4.4936e-02
8661.7207 5.9042e-02
8664.3203 4.3156e-02
8666.9189 5.0218e-02
8669.5186 5.0120e-02
8672.1201 4.4260e-02
8674.7217 5.0093e-02
8677.3242 4.6499e-02
8679.9277 4.4261e-02
8682.5312 3.9864e-02
8685.1367 4.6273e-02
8687.7412 3.7038e-02
8690.3477 3.8978e-02
8692.9551 4.2142e-02
8695.5625 4.6550e-02
8698.1709 4.6455e-02
8700.7803 3.8071e-02
8703.3916 4.7006e-02
8706.0020 5.1668e-02
8708.6133 4.2183e-02
8711.2266 3.8891e-02
8713.8398 3.8867e-02
8716.4541 4.3566e-02
8719.0684 4.2491e-02
8721.6846 4.0750e-02
8724.3018 4.2304e-02
8726.9189 4.6757e-02
8729.5371 3.3279e-02
8732.1553 4.1146e-02
8734.7754 4.0323e-02
8737.3955 4.2233e-02
8740.0166 3.4762e-02
8742.6387 4.6689e-02
8745.2607 4.5547e-02
8747.8848 3.5448e-02
8750.5098 5.1185e-02
8753.1348 3.1743e-02
8755.7607 3.5778e-02
8758.3867 3.9402e-02
8761.0146 4.5662e-02
8763.6436 3.9451e-02
8766.2715 5.3044e-02
8768.9023 4.3868e-02
8771.5322 4.4875e-02
8774.1641 4.6543e-02
8776.7959 4.3267e-02
8779.4287 4.0943e-02
8782.0635 4.3374e-02
8784.6982 4.1735e-02
8787.3330 4.8633e-02
8789.9697 4.3663e-02
8792.6074 4.4421e-02
8795.2451 3.1007e-02
8797.8838 3.2406e-02
8800.5234 3.5505e-02
8803.1621 3.9498e-02
8805.8027 4.9743e-02
8808.4453 4.2305e-02
8811.0879 3.9269e-02
8813.7314 4.5795e-02
8816.3750 4.0170e-02
8819.0205 4.1904e-02
8821.6660 4.0214e-02
8824.3125 3.2257e-02
8826.9590 3.3942e-02
8829.6084 4.1756e-02
8832.2568 3.2903e-02
8834.9062 4.2822e-02
8837.5557 3.9762e-02
8840.2080 3.4508e-02
8842.8594 4.0889e-02
8845.5127 4.0970e-02
8848.1670 4.0421e-02
8850.8213 4.5547e-02
8853.4766 3.7539e-02
8856.1328 3.5008e-02
8858.7881 3.8253e-02
8861.4463 3.8303e-02
8864.1045 3.4634e-02
8866.7646 3.5155e-02
8869.4238 3.7944e-02
8872.0850 3.4193e-02
8874.7471 3.8458e-02
8877.4092 3.3592e-02
8880.0732 4.4947e-02
8882.7373 3.9610e-02
8885.4014 3.3541e-02
8888.0674 4.4006e-02
8890.7334 3.1061e-02
8893.4004 4.0249e-02
8896.0684 4.5175e-02
8898.7373 3.5380e-02
8901.4072 3.5955e-02
8904.0771 3.4161e-02
8906.7480 3.7313e-02
8909.4199 3.9594e-02
8912.0938 4.0754e-02
8914.7676 3.6050e-02
8917.4414 3.9885e-02
8920.1172 3.5417e-02
8922.7930 3.9703e-02
8925.4697 4.2971e-02
8928.1475 4.3900e-02
8930.8262 3.9394e-02
8933.5049 3.3397e-02
8936.1855 4.1875e-02
8938.8652 3.4074e-02
8941.5469 3.2213e-02
8944.2295 3.0548e-02
8946.9141 3.4985e-02
8949.5977 3.1422e-02
8952.2822 2.9148e-02
8954.9678 3.7752e-02
8957.6553 3.1307e-02
8960.3418 3.1010e-02
8963.0293 2.8400e-02
8965.7178 3.1975e-02
8968.4082 3.3279e-02
8971.0986 4.0263e-02
8973.7910 3.4891e-02
8976.4824 3.5055e-02
8979.1748 3.8326e-02
8981.8691 3.1896e-02
8984.5635 3.0368e-02
8987.2588 4.3259e-02
8989.9551 3.1645e-02
8992.6523 2.3435e-02
8995.3506 3.1576e-02
8998.0488 3.1516e-02
9000.7480 3.4284e-02
9003.4482 2.8641e-02
9006.1494 2.8775e-02
9008.8516 3.3661e-02
9011.5537 3.0868e-02
9014.2578 3.8256e-02
9016.9609 4.0338e-02
9019.6660 4.1336e-02
9022.3721 3.6266e-02
9025.0791 3.7110e-02
9027.7871 3.3177e-02
9030.4951 3.5931e-02
9033.2051 3.2984e-02
9035.9150 2.7836e-02
9038.6260 2.5476e-02
9041.3369 3.2750e-02
9044.0498 2.7109e-02
9046.7627 3.7081e-02
9049.4766 2.8728e-02
9052.1914 3.0310e-02
9054.9072 3.9597e-02
9057.6240 3.1118e-02
9060.3398 3.1456e-02
9063.0586 3.4193e-02
9065.7773 3.6971e-02
9068.4971 2.9599e-02
9071.2168 2.9664e-02
9073.9395 2.9948e-02
9076.6611 2.1598e-02
9079.3848 2.9755e-02
9082.1074 3.1305e-02
9084.8330 3.4541e-02
9087.5576 2.1226e-02
9090.2832 3.2301e-02
9093.0117 4.1919e-02
9095.7393 3.1974e-02
9098.4688 2.8514e-02
9101.1973 3.0297e-02
9103.9287 2.6467e-02
9106.6592 3.4128e-02
9109.3906 3.0314e-02
9112.1250 3.5592e-02
9114.8584 2.4015e-02
9117.5928 3.2721e-02
9120.3271 2.5768e-02
9123.0635 3.2742e-02
9125.8008 2.7746e-02
9128.5391 3.0419e-02
9131.2764 3.1153e-02
9134.0156 2.7871e-02
9136.7568 3.3184e-02
9139.4980 2.4854e-02
9142.2383 3.1629e-02
9144.9814 2.9607e-02
9147.7266 2.6098e-02
9150.4707 2.0462e-02
9153.2158 3.1651e-02
9155.9609 1.9837e-02
9158.7070 3.2825e-02
9161.4551 2.6533e-02
9164.2041 3.0099e-02
9166.9531 2.9990e-02
9169.7031 2.3770e-02
9172.4541 3.6962e-02
9175.2051 2.4967e-02
9177.9580 1.7595e-02
9180.7109 3.6776e-02
9183.4668 2.9941e-02
9186.2207 2.7496e-02
9188.9766 3.6041e-02
9191.7334 2.2507e-02
9194.4912 2.8433e-02
9197.2490 1.8473e-02
9200.0088 2.9169e-02
9202.7686 2.8050e-02
9205.5293 2.7826e-02
9208.2920 3.4618e-02
9211.0527 2.9921e-02
9213.8164 2.0595e-02
9216.5811 2.7810e-02
9219.3467 1.9919e-02
9222.1113 2.6189e-02
9224.8789 2.7853e-02
9227.6455 2.2731e-02
9230.4141 2.0851e-02
9233.1836 2.9076e-02
9235.9531 2.4180e-02
9238.7246 2.9038e-02
9241.4951 2.9911e-02
9244.2686 2.5596e-02
9247.0410 2.5841e-02
9249.8154 2.6124e-02
9252.5908 2.6487e-02
9255.3652 2.7048e-02
9258.1426 2.8523e-02
9260.9209 2.1688e-02
9263.6992 2.0965e-02
9266.4775 2.7762e-02
9269.2568 2.5325e-02
9272.0381 2.7163e-02
9274.8203 2.0241e-02
9277.6025 2.0511e-02
9280.3857 1.8506e-02
9283.1709 2.4580e-02
9285.9541 2.5902e-02
9288.7402 2.3244e-02
9291.5264 2.3937e-02
9294.3135 2.6896e-02
9297.1025 2.6048e-02
9299.8926 2.5420e-02
9302.6816 2.3488e-02
9305.4727 2.4590e-02
9308.2646 2.1091e-02
9311.0566 2.2434e-02
9313.8506 2.0641e-02
9316.6436 1.7780e-02
9319.4395 1.9855e-02
9322.2354 3.1986e-02
9325.0322 2.3902e-02
9327.8291 2.9342e-02
9330.6279 3.1421e-02
9333.4277 2.5259e-02
9336.2266 1.6635e-02
9339.0283 2.8810e-02
9341.8291 2.0674e-02
9344.6318 2.1006e-02
9347.4355 1.7552e-02
9350.2402 2.5962e-02
9353.0449 2.3022e-02
9355.8516 2.6448e-02
9358.6572 2.6559e-02
9361.4658 2.4973e-02
9364.2734 2.0168e-02
9367.0830 2.3420e-02
9369.8936 2.6044e-02
9372.7041 2.1990e-02
9375.5156 2.3024e-02
9378.3291 2.9029e-02
9381.1416 2.4698e-02
9383.9561 2.1492e-02
9386.7715 2.2545e-02
9389.5879 1.9835e-02
9392.4043 1.5776e-02
9395.2217 2.3797e-02
9398.0400 2.7868e-02
9400.8594 2.4961e-02
9403.6807 2.8457e-02
9406.5020 2.7873e-02
9409.3242 3.1120e-02
9412.1465 2.5245e-02
9414.9707 1.6750e-02
9417.7939 1.9909e-02
9420.6201 2.5381e-02
9423.4453 2.1621e-02
9426.2725 1.9002e-02
9429.1006 1.8855e-02
9431.9287 2.1506e-02
9434.7588 2.3613e-02
9437.5898 2.1053e-02
9440.4209 2.6040e-02
9443.2529 2.7007e-02
9446.0859 2.1197e-02
9448.9199 2.0773e-02
9451.7549 2.0543e-02
9454.5889 2.3180e-02
9457.4268 2.5589e-02
9460.2637 1.6464e-02
9463.1016 1.8022e-02
9465.9414 2.3576e-02
9468.7803 1.4692e-02
9471.6211 2.4514e-02
9474.4629 2.5324e-02
9477.3047 1.8185e-02
9480.1484 1.8389e-02
9482.9922 1.8387e-02
9485.8369 2.7018e-02
9488.6836 1.5633e-02
9491.5303 2.0861e-02
9494.3760 2.0464e-02
9497.2256 2.1667e-02
9500.0742 1.9684e-02
9502.9238 2.5290e-02
9505.7754 1.9328e-02
9508.6270 1.6390e-02
9511.4805 1.8608e-02
9514.3320 1.5191e-02
9517.1875 2.0496e-02
9520.0420 2.5284e-02
9522.8984 1.7289e-02
9525.7559 2.2589e-02
9528.6133 1.7917e-02
9531.4717 2.2435e-02
9534.3311 1.1605e-02
9537.1914 2.1372e-02
9540.0518 2.1119e-02
9542.9150 1.2270e-02
9545.7773 2.1716e-02
9548.6416 1.7223e-02
9551.5059 2.0922e-02
9554.3711 1.6506e-02
9557.2373 1.7062e-02
9560.1045 1.7138e-02
9562.9727 1.7252e-02
9565.8418 1.7997e-02
9568.7109 2.1350e-02
9571.5820 2.0980e-02
9574.4531 1.6269e-02
9577.3252 2.4777e-02
9580.1992 1.9640e-02
9583.0723 1.6134e-02
9585.9473 2.2830e-02
9588.8242 1.7061e-02
9591.7002 1.7398e-02
9594.5781 1.7806e-02
9597.4561 1.9801e-02
9600.3350 1.7469e-02
9603.2158 1.7741e-02
9606.0957 1.1351e-02
9608.9775 1.7077e-02
9611.8613 1.5708e-02
9614.7441 2.1925e-02
9617.6279 1.2374e-02
9620.5137 1.8352e-02
9623.4014 1.3950e-02
9626.2881 1.5547e-02
9629.1748 1.4636e-02
9632.0645 2.0577e-02
9634.9541 1.7242e-02
9637.8438 1.5643e-02
9640.7363 1.1649e-02
9643.6270 1.7633e-02
9646.5215 2.2417e-02
9649.4141 1.2622e-02
9652.3086 1.6074e-02
9655.2051 1.7629e-02
9658.1016 1.3146e-02
9660.9990 1.2346e-02
9663.8975 1.4682e-02
9666.7969 1.5645e-02
9669.6973 1.2511e-02
9672.5967 1.5178e-02
9675.5000 1.4057e-02
9678.4023 1.3017e-02
9681.3057 1.3235e-02
9684.2109 1.2956e-02
9687.1152 1.2101e-02
9690.0215 1.9852e-02
9692.9287 1.3926e-02
9695.8369 1.7463e-02
9698.7441 2.1392e-02
9701.6553 1.7762e-02
9704.5645 1.8690e-02
9707.4775 1.8579e-02
9710.3887 1.0266e-02
9713.3008 1.1841e-02
9716.2158 9.7438e-03
9719.1299 1.2857e-02
9722.0459 1.7217e-02
9724.9629 2.1260e-02
9727.8809 1.0986e-02
9730.7988 1.8206e-02
9733.7178 8.3371e-03
9736.6387 1.6313e-02
9739.5586 1.5441e-02
9742.4805 1.7422e-02
9745.4033 1.3075e-02
9748.3281 1.4093e-02
9751.2520 1.0618e-02
9754.1777 1.7991e-02
9757.1035 9.6901e-03
9760.0303 1.6254e-02
9762.9590 1.4692e-02
9765.8877 1.3764e-02
9768.8174 8.5681e-03
9771.7480 1.4850e-02
9774.6797 1.3001e-02
9777.6113 1.0928e-02
9780.5459 1.4087e-02
9783.4795 1.4276e-02
9786.4141 9.8251e-03
9789.3496 1.6150e-02
9792.2871 1.4534e-02
9795.2256 1.2849e-02
9798.1641 1.3433e-02
9801.1035 1.2410e-02
9804.0430 1.5243e-02
9806.9844 9.8052e-03
9809.9268 9.8105e-03
9812.8691 1.4791e-02
9815.8125 1.1290e-02
9818.7578 1.2819e-02
9821.7041 1.4794e-02
9824.6494 9.3038e-03
9827.5967 9.5083e-03
9830.5469 1.5858e-02
9833.4951 9.6131e-03
9836.4453 1.7346e-02
9839.3965 1.4305e-02
9842.3486 1.3859e-02
9845.2998 1.3943e-02
9848.2549 1.2855e-02
9851.2080 1.2207e-02
9854.1641 1.3561e-02
9857.1201 1.3020e-02
9860.0771 1.0322e-02
9863.0361 1.0340e-02
9865.9941 1.8370e-02
9868.9541 1.0428e-02
9871.9150 1.1044e-02
9874.8760 1.5175e-02
9877.8389 1.1024e-02
9880.8018 1.4732e-02
9883.7666 1.1564e-02
9886.7324 8.7985e-03
9889.6982 1.1489e-02
9892.6641 1.6641e-02
9895.6338 8.3113e-03
9898.6016 1.3327e-02
9901.5713 1.2916e-02
9904.5420 1.5128e-02
9907.5127 1.1863e-02
9910.4854 1.3180e-02
9913.4590 8.8924e-03
9916.4326 1.3469e-02
9919.4072 1.0303e-02
9922.3828 8.5805e-03
9925.3584 1.4078e-02
9928.3379 1.2225e-02
9931.3164 1.0491e-02
9934.2949 1.6772e-02
9937.2754 1.0827e-02
9940.2568 1.3269e-02
9943.2383 9.4153e-03
9946.2207 1.5960e-02
9949.2061 9.9657e-03
9952.1904 1.2622e-02
9955.1758 1.1564e-02
9958.1631 1.3344e-02
9961.1494 1.2121e-02
9964.1387 1.2793e-02
9967.1279 1.3196e-02
9970.1182 9.9129e-03
9973.1084 1.4579e-02
9976.1006 1.4833e-02
9979.0928 1.0266e-02
9982.0859 1.0069e-02
9985.0820 9.3704e-03
9988.0771 1.5123e-02
9991.0732 1.0834e-02
9994.0713 1.5646e-02
9997.0693 1.4380e-02
10000.0684 1.3078e-02
10003.0674 1.1218e-02
10006.0684 9.6502e-03
10009.0713 9.5377e-03
10012.0742 1.2953e-02
10015.0771 1.1560e-02
10018.0820 9.7590e-03
10021.0879 8.8359e-03
10024.0938 1.5380e-02
10027.1006 1.2013e-02
10030.1084 1.5173e-02
10033.1172 1.3304e-02
10036.1270 1.1808e-02
10039.1387 1.1827e-02
10042.1504 1.0169e-02
10045.1631 8.5222e-03
10048.1768 1.1639e-02
10051.1924 7.5989e-03
10054.2061 1.1199e-02
10057.2227 7.3642e-03
10060.2402 1.2255e-02
10063.2578 1.1359e-02
10066.2773 8.9742e-03
10069.2969 8.2399e-03
10072.3174 1.1093e-02
10075.3379 8.3518e-03
10078.3623 1.3586e-02
10081.3848 1.0345e-02
10084.4102 5.3881e-03
10087.4346 1.2001e-02
10090.4619 8.7372e-03
10093.4883 4.7029e-03
10096.5166 1.3916e-02
10099.5459 7.7930e-03
10102.5742 9.0106e-03
10105.6055 9.5571e-03
10108.6367 9.2853e-03
10111.6709 6.2619e-03
10114.7041 1.5410e-02
10117.7383 9.5252e-03
10120.7734 8.3938e-03
10123.8105 8.3251e-03
10126.8477 9.9220e-03
10129.8857 8.2757e-03
10132.9248 1.0578e-02
10135.9648 1.0709e-02
10139.0049 1.2528e-02
10142.0479 1.0820e-02
10145.0879 7.3693e-03
10148.1318 6.4972e-03
10151.1768 1.1713e-02
10154.2227 9.3084e-03
10157.2686 5.5440e-03
10160.3154 9.4523e-03
10163.3643 1.0098e-02
10166.4121 6.1358e-03
10169.4629 1.0168e-02
10172.5137 8.2682e-03
10175.5654 1.2868e-02
10178.6191 6.3495e-03
10181.6719 1.1530e-02
10184.7256 5.9218e-03
10187.7822 9.3473e-03
10190.8379 1.0821e-02
10193.8945 9.8217e-03
10196.9541 4.8049e-03
10200.0127 1.1771e-02
10203.0723 6.8788e-03
10206.1328 8.1202e-03
10209.1953 9.1396e-03
10212.2578 5.7006e-03
10215.3223 1.2236e-02
10218.3867 7.2521e-03
10221.4521 8.5875e-03
10224.5186 1.2372e-02
10227.5850 1.1982e-02
10230.6543 6.4627e-03
10233.7246 1.4487e-02
10236.7930 1.1181e-02
10239.8643 1.2817e-02
10242.9355 1.1483e-02
10246.0098 7.6396e-03
10249.0830 5.0826e-03
10252.1572 8.3847e-03
10255.2334 9.6004e-03
10258.3096 6.7799e-03
10261.3877 1.0413e-02
10264.4648 9.8551e-03
10267.5449 9.3078e-03
10270.6250 1.2798e-02
