# time_explosion = 15.75
# 
3082.8928 1.1995e-01
3083.8179 1.2723e-01
3084.7432 1.1935e-01
3085.6685 1.3489e-01
3086.5940 1.2421e-01
3087.5200 1.2850e-01
3088.4463 1.1847e-01
3089.3728 9.9135e-02
3090.2996 1.1623e-01
3091.2268 1.1982e-01
3092.1541 1.1321e-01
3093.0815 1.1634e-01
3094.0098 1.1559e-01
3094.9380 1.1763e-01
3095.8665 1.0666e-01
3096.7952 1.0421e-01
3097.7241 9.3183e-02
3098.6536 1.3081e-01
3099.5828 1.0510e-01
3100.5129 1.2364e-01
3101.4431 9.7758e-02
3102.3735 1.1803e-01
3103.3042 1.1938e-01
3104.2354 1.1413e-01
3105.1665 1.2210e-01
3106.0981 1.0880e-01
3107.0300 1.0874e-01
3107.9619 9.5079e-02
3108.8943 7.8414e-02
3109.8269 1.1626e-01
3110.7600 8.8360e-02
3111.6929 9.9242e-02
3112.6265 1.1085e-01
3113.5605 8.7517e-02
3114.4944 8.8288e-02
3115.4290 9.0623e-02
3116.3635 8.5469e-02
3117.2986 1.0470e-01
3118.2336 1.1623e-01
3119.1689 8.5068e-02
3120.1047 6.2622e-02
3121.0410 8.6138e-02
3121.9773 1.0079e-01
3122.9136 7.1704e-02
3123.8508 7.9587e-02
3124.7878 7.6354e-02
3125.7251 6.4197e-02
3126.6628 1.0099e-01
3127.6008 9.6337e-02
3128.5393 8.0340e-02
3129.4778 8.8098e-02
3130.4170 7.9317e-02
3131.3557 6.3251e-02
3132.2954 6.8912e-02
3133.2349 8.3408e-02
3134.1748 6.7803e-02
3135.1150 4.7416e-02
3136.0559 8.6621e-02
3136.9968 7.5796e-02
3137.9377 6.3674e-02
3138.8789 7.9635e-02
3139.8206 8.3674e-02
3140.7625 7.2760e-02
3141.7046 5.8461e-02
3142.6472 7.7615e-02
3143.5901 6.2396e-02
3144.5334 6.3655e-02
3145.4766 6.2262e-02
3146.4202 7.4445e-02
3147.3643 9.4667e-02
3148.3086 8.4832e-02
3149.2529 6.8163e-02
3150.1975 9.2033e-02
3151.1426 6.2359e-02
3152.0881 8.0918e-02
3153.0337 7.7319e-02
3153.9795 5.0189e-02
3154.9255 8.6623e-02
3155.8723 7.7361e-02
3156.8188 8.9110e-02
3157.7661 7.9860e-02
3158.7134 8.2007e-02
3159.6609 7.2773e-02
3160.6086 9.1598e-02
3161.5571 6.8476e-02
3162.5054 8.1096e-02
3163.4541 8.4363e-02
3164.4031 7.4080e-02
3165.3528 9.3848e-02
3166.3022 7.4756e-02
3167.2522 9.0771e-02
3168.2024 7.6410e-02
3169.1526 1.0613e-01
3170.1035 8.2286e-02
3171.0544 7.7551e-02
3172.0061 8.8265e-02
3172.9573 1.0540e-01
3173.9092 6.8787e-02
3174.8613 1.0242e-01
3175.8140 9.3871e-02
3176.7668 1.0478e-01
3177.7197 9.9887e-02
3178.6729 8.7944e-02
3179.6267 8.8834e-02
3180.5808 7.9904e-02
3181.5347 8.8443e-02
3182.4893 1.0911e-01
3183.4438 8.5509e-02
3184.3987 6.3743e-02
3185.3542 9.0623e-02
3186.3101 9.8716e-02
3187.2659 8.6763e-02
3188.2217 8.9726e-02
3189.1785 8.6423e-02
3190.1350 1.0222e-01
3191.0920 9.5560e-02
3192.0493 1.0097e-01
3193.0071 1.1463e-01
3193.9651 1.2279e-01
3194.9233 1.2733e-01
3195.8818 1.0795e-01
3196.8408 1.0254e-01
3197.7996 1.2091e-01
3198.7590 1.0955e-01
3199.7185 1.2196e-01
3200.6782 9.2266e-02
3201.6387 1.0639e-01
3202.5991 1.1747e-01
3203.5598 1.0040e-01
3204.5208 8.5688e-02
3205.4824 1.0811e-01
3206.4441 1.0236e-01
3207.4058 1.1299e-01
3208.3682 8.7270e-02
3209.3306 1.0410e-01
3210.2935 9.7244e-02
3211.2563 9.5232e-02
3212.2200 8.3521e-02
3213.1833 8.2726e-02
3214.1472 9.3676e-02
3215.1118 1.0953e-01
3216.0764 9.5008e-02
3217.0413 9.7738e-02
3218.0061 9.2176e-02
3218.9714 9.0866e-02
3219.9373 8.0530e-02
3220.9031 9.5221e-02
3221.8699 8.7667e-02
3222.8362 8.1727e-02
3223.8030 9.7380e-02
3224.7700 7.8389e-02
3225.7375 8.5371e-02
3226.7053 7.1080e-02
3227.6731 9.0098e-02
3228.6416 1.0165e-01
3229.6101 9.7138e-02
3230.5791 1.0397e-01
3231.5483 9.8895e-02
3232.5178 8.0794e-02
3233.4875 8.6111e-02
3234.4575 9.5775e-02
3235.4280 7.2673e-02
3236.3984 7.6635e-02
3237.3691 7.1788e-02
3238.3403 7.7650e-02
3239.3120 7.5528e-02
3240.2839 9.8858e-02
3241.2559 8.7922e-02
3242.2285 8.5498e-02
3243.2012 7.9191e-02
3244.1743 9.6666e-02
3245.1472 7.3855e-02
3246.1208 5.1638e-02
3247.0947 6.7832e-02
3248.0688 7.4129e-02
3249.0432 8.0332e-02
3250.0178 6.1779e-02
3250.9929 7.7169e-02
3251.9680 8.1099e-02
3252.9438 7.0444e-02
3253.9194 6.7256e-02
3254.8958 7.8951e-02
3255.8723 6.3317e-02
3256.8489 7.3514e-02
3257.8262 6.1470e-02
3258.8035 8.0907e-02
3259.7810 8.9714e-02
3260.7593 6.9750e-02
3261.7373 8.1470e-02
3262.7158 6.0189e-02
3263.6946 7.3386e-02
3264.6736 6.3926e-02
3265.6531 6.3612e-02
3266.6331 8.3269e-02
3267.6130 8.9548e-02
3268.5930 8.2345e-02
3269.5735 6.4163e-02
3270.5544 5.3432e-02
3271.5356 7.8238e-02
3272.5171 6.8029e-02
3273.4990 6.6159e-02
3274.4812 7.1190e-02
3275.4634 8.4031e-02
3276.4458 1.0201e-01
3277.4287 6.4645e-02
3278.4124 8.3298e-02
3279.3958 8.3861e-02
3280.3794 8.4917e-02
3281.3635 9.2417e-02
3282.3479 8.5896e-02
3283.3325 8.3590e-02
3284.3179 9.7884e-02
3285.3030 9.2070e-02
3286.2888 7.3489e-02
3287.2744 6.2554e-02
3288.2605 1.0171e-01
3289.2471 7.6909e-02
3290.2339 8.2909e-02
3291.2212 1.1444e-01
3292.2083 8.8765e-02
3293.1958 7.7191e-02
3294.1838 7.8369e-02
3295.1724 1.0222e-01
3296.1609 9.4804e-02
3297.1497 6.9631e-02
3298.1387 9.1301e-02
3299.1282 8.9796e-02
3300.1177 1.0522e-01
3301.1079 7.5922e-02
3302.0984 9.0467e-02
3303.0889 8.2221e-02
3304.0798 8.7822e-02
3305.0713 7.0118e-02
3306.0627 9.6696e-02
3307.0544 1.1454e-01
3308.0466 1.0080e-01
3309.0391 8.5919e-02
3310.0317 1.2253e-01
3311.0247 9.7531e-02
3312.0178 6.9378e-02
3313.0117 9.8816e-02
3314.0054 1.0263e-01
3315.0000 9.5444e-02
3315.9941 1.2478e-01
3316.9890 8.7850e-02
3317.9839 1.0028e-01
3318.9795 1.0204e-01
3319.9751 1.0172e-01
3320.9712 1.0217e-01
3321.9678 8.7377e-02
3322.9639 1.0304e-01
3323.9607 1.1374e-01
3324.9580 1.1284e-01
3325.9558 9.7396e-02
3326.9536 1.0814e-01
3327.9514 1.0120e-01
3328.9497 1.1811e-01
3329.9482 1.1287e-01
3330.9475 9.8114e-02
3331.9468 1.0943e-01
3332.9463 1.1455e-01
3333.9463 1.4639e-01
3334.9463 1.1744e-01
3335.9473 1.1839e-01
3336.9478 1.0803e-01
3337.9487 9.2881e-02
3338.9502 1.1437e-01
3339.9517 1.2766e-01
3340.9536 1.2666e-01
3341.9561 1.1010e-01
3342.9587 9.8821e-02
3343.9614 1.1085e-01
3344.9651 9.6984e-02
3345.9685 1.2468e-01
3346.9722 9.4519e-02
3347.9763 8.2893e-02
3348.9805 1.4055e-01
3349.9854 1.2412e-01
3350.9902 1.3026e-01
3351.9956 1.0411e-01
3353.0010 1.5286e-01
3354.0073 1.1770e-01
3355.0129 1.1114e-01
3356.0198 1.1892e-01
3357.0264 9.3660e-02
3358.0334 1.1014e-01
3359.0410 1.0542e-01
3360.0488 1.3744e-01
3361.0569 1.2069e-01
3362.0654 1.2705e-01
3363.0740 1.2931e-01
3364.0828 1.5282e-01
3365.0918 1.3784e-01
3366.1013 1.3008e-01
3367.1113 1.3278e-01
3368.1213 1.1009e-01
3369.1318 1.2097e-01
3370.1426 1.1328e-01
3371.1536 1.3345e-01
3372.1650 1.2088e-01
3373.1768 1.2925e-01
3374.1885 1.2678e-01
3375.2004 1.4483e-01
3376.2134 1.2706e-01
3377.2261 1.3444e-01
3378.2395 1.0571e-01
3379.2529 1.3428e-01
3380.2664 1.4951e-01
3381.2805 1.2464e-01
3382.2952 1.3572e-01
3383.3098 1.2884e-01
3384.3250 1.2832e-01
3385.3401 1.1960e-01
3386.3557 1.1842e-01
3387.3716 1.4858e-01
3388.3879 1.4739e-01
3389.4045 1.4249e-01
3390.4211 1.2825e-01
3391.4385 1.5855e-01
3392.4558 1.3123e-01
3393.4736 1.4900e-01
3394.4915 1.5422e-01
3395.5100 1.3785e-01
3396.5286 1.2421e-01
3397.5474 1.3866e-01
3398.5667 1.4028e-01
3399.5862 1.1482e-01
3400.6062 1.4628e-01
3401.6262 1.5931e-01
3402.6467 1.2920e-01
3403.6677 1.8157e-01
3404.6887 1.4042e-01
3405.7100 1.3527e-01
3406.7319 1.5237e-01
3407.7539 1.5931e-01
3408.7764 1.3199e-01
3409.7988 1.7603e-01
3410.8218 1.6364e-01
3411.8450 1.6919e-01
3412.8687 1.2979e-01
3413.8923 1.6489e-01
3414.9167 1.5834e-01
3415.9412 1.7653e-01
3416.9658 1.3286e-01
3417.9907 1.4698e-01
3419.0164 1.6703e-01
3420.0420 1.2978e-01
3421.0681 1.5321e-01
3422.0945 1.7018e-01
3423.1208 1.4731e-01
3424.1479 1.5471e-01
3425.1753 1.7388e-01
3426.2029 1.6565e-01
3427.2307 1.7925e-01
3428.2588 1.4099e-01
3429.2871 1.6207e-01
3430.3159 1.3730e-01
3431.3452 1.8553e-01
3432.3748 1.7824e-01
3433.4041 1.6848e-01
3434.4346 1.9017e-01
3435.4646 1.4436e-01
3436.4954 1.8491e-01
3437.5261 1.5631e-01
3438.5579 1.4441e-01
3439.5894 1.4883e-01
3440.6208 1.4601e-01
3441.6531 1.8506e-01
3442.6855 1.5962e-01
3443.7183 1.7038e-01
3444.7515 1.5283e-01
3445.7852 1.7438e-01
3446.8186 1.8773e-01
3447.8525 1.6302e-01
3448.8872 1.6228e-01
3449.9216 1.6464e-01
3450.9568 1.9285e-01
3451.9919 1.6787e-01
3453.0276 2.0684e-01
3454.0637 1.7412e-01
3455.0999 1.8074e-01
3456.1362 1.8406e-01
3457.1731 2.0083e-01
3458.2102 1.9424e-01
3459.2476 1.7862e-01
3460.2856 2.1448e-01
3461.3235 1.7463e-01
3462.3621 1.7237e-01
3463.4004 1.7567e-01
3464.4399 1.5790e-01
3465.4790 1.7386e-01
3466.5188 1.6503e-01
3467.5586 1.9179e-01
3468.5989 1.8032e-01
3469.6394 2.2570e-01
3470.6804 1.7985e-01
3471.7217 1.7504e-01
3472.7629 1.7226e-01
3473.8049 1.7540e-01
3474.8469 1.8788e-01
3475.8894 1.6526e-01
3476.9321 2.0326e-01
3477.9751 2.0502e-01
3479.0188 2.0641e-01
3480.0625 1.5717e-01
3481.1064 1.6146e-01
3482.1509 2.0387e-01
3483.1956 1.8693e-01
3484.2407 1.8907e-01
3485.2856 2.0565e-01
3486.3313 2.0883e-01
3487.3772 1.5341e-01
3488.4233 1.9071e-01
3489.4697 2.0283e-01
3490.5168 1.9228e-01
3491.5640 1.8024e-01
3492.6116 1.9546e-01
3493.6592 2.2740e-01
3494.7073 2.0075e-01
3495.7556 1.9546e-01
3496.8044 2.1935e-01
3497.8535 1.8799e-01
3498.9026 2.0640e-01
3499.9526 1.6464e-01
3501.0024 1.8126e-01
3502.0527 1.8155e-01
3503.1033 1.8538e-01
3504.1543 1.9054e-01
3505.2058 2.0558e-01
3506.2571 2.0170e-01
3507.3088 2.0169e-01
3508.3613 1.9692e-01
3509.4136 2.0364e-01
3510.4663 1.9215e-01
3511.5193 1.8086e-01
3512.5730 2.0142e-01
3513.6270 1.8376e-01
3514.6809 2.1978e-01
3515.7351 1.8912e-01
3516.7898 1.8577e-01
3517.8452 2.2182e-01
3518.9004 2.1554e-01
3519.9561 1.8789e-01
3521.0122 2.0932e-01
3522.0686 1.9629e-01
3523.1250 2.1114e-01
3524.1821 1.8665e-01
3525.2390 2.0233e-01
3526.2969 1.9900e-01
3527.3547 1.9284e-01
3528.4126 1.9637e-01
3529.4714 1.7844e-01
3530.5303 2.0434e-01
3531.5894 2.3083e-01
3532.6487 2.1696e-01
3533.7090 1.7891e-01
3534.7688 1.9695e-01
3535.8293 1.6417e-01
3536.8901 1.9255e-01
3537.9512 1.9530e-01
3539.0122 2.1507e-01
3540.0740 2.0415e-01
3541.1360 2.0166e-01
3542.1987 1.8594e-01
3543.2612 1.9973e-01
3544.3245 2.1452e-01
3545.3875 1.9935e-01
3546.4509 1.8945e-01
3547.5154 1.9560e-01
3548.5793 1.9896e-01
3549.6438 1.5864e-01
3550.7087 1.8558e-01
3551.7739 1.8682e-01
3552.8396 1.9656e-01
3553.9053 2.0804e-01
3554.9714 2.3168e-01
3556.0378 1.9127e-01
3557.1050 2.2554e-01
3558.1716 1.7977e-01
3559.2395 1.8345e-01
3560.3071 2.1185e-01
3561.3752 1.6548e-01
3562.4436 1.8839e-01
3563.5125 1.8541e-01
3564.5813 2.0200e-01
3565.6506 2.1697e-01
3566.7205 1.9467e-01
3567.7905 2.4973e-01
3568.8611 1.7601e-01
3569.9316 1.9155e-01
3571.0027 1.8833e-01
3572.0737 1.9352e-01
3573.1455 2.0551e-01
3574.2175 1.9336e-01
3575.2896 2.0287e-01
3576.3625 2.1092e-01
3577.4351 1.8388e-01
3578.5083 2.3498e-01
3579.5820 2.0957e-01
3580.6560 2.4377e-01
3581.7300 2.0744e-01
3582.8047 2.4688e-01
3583.8792 2.3663e-01
3584.9546 2.0434e-01
3586.0298 1.8477e-01
3587.1060 2.3205e-01
3588.1821 2.0132e-01
3589.2583 2.4429e-01
3590.3352 2.4556e-01
3591.4124 2.0334e-01
3592.4897 2.3455e-01
3593.5671 2.2429e-01
3594.6455 2.2834e-01
3595.7241 2.3313e-01
3596.8025 2.3374e-01
3597.8818 2.2312e-01
3598.9609 2.4628e-01
3600.0405 2.4486e-01
3601.1204 2.3754e-01
3602.2009 2.1142e-01
3603.2817 2.4227e-01
3604.3625 2.1432e-01
3605.4441 2.6710e-01
3606.5256 2.6312e-01
3607.6074 1.9989e-01
3608.6899 2.1536e-01
3609.7725 2.4643e-01
3610.8552 1.9387e-01
3611.9385 2.2085e-01
3613.0222 2.1991e-01
3614.1062 2.2568e-01
3615.1904 2.1702e-01
3616.2749 2.4999e-01
3617.3599 2.1049e-01
3618.4451 1.9917e-01
3619.5303 2.1462e-01
3620.6165 1.9054e-01
3621.7024 2.1067e-01
3622.7891 1.8585e-01
3623.8760 2.0452e-01
3624.9631 1.7667e-01
3626.0508 1.6464e-01
3627.1382 1.9992e-01
3628.2266 2.0547e-01
3629.3152 2.0086e-01
3630.4038 1.8873e-01
3631.4927 1.9417e-01
3632.5825 1.7837e-01
3633.6721 1.8422e-01
3634.7622 1.6925e-01
3635.8528 2.0391e-01
3636.9434 2.1319e-01
3638.0347 2.0836e-01
3639.1257 1.9818e-01
3640.2178 1.9019e-01
3641.3098 1.7812e-01
3642.4021 2.2308e-01
3643.4946 1.7390e-01
3644.5881 2.0582e-01
3645.6814 1.7605e-01
3646.7751 2.0155e-01
3647.8691 1.9643e-01
3648.9634 2.2145e-01
3650.0581 2.0870e-01
3651.1533 2.0997e-01
3652.2480 1.8380e-01
3653.3442 1.8267e-01
3654.4402 2.1680e-01
3655.5364 2.0339e-01
3656.6333 2.1766e-01
3657.7300 1.9996e-01
3658.8274 2.1602e-01
3659.9250 2.1667e-01
3661.0232 1.6182e-01
3662.1213 2.1133e-01
3663.2202 2.1030e-01
3664.3188 2.2096e-01
3665.4182 1.8588e-01
3666.5181 2.0600e-01
3667.6179 1.8132e-01
3668.7183 2.0202e-01
3669.8186 2.5453e-01
3670.9197 2.1280e-01
3672.0210 2.1540e-01
3673.1226 2.1044e-01
3674.2241 1.8860e-01
3675.3269 2.0885e-01
3676.4294 2.1372e-01
3677.5325 2.0492e-01
3678.6355 2.0335e-01
3679.7390 2.4277e-01
3680.8430 2.3141e-01
3681.9473 2.5042e-01
3683.0518 2.5155e-01
3684.1570 2.5786e-01
3685.2620 2.4645e-01
3686.3677 2.5680e-01
3687.4739 2.5722e-01
3688.5796 2.3321e-01
3689.6865 2.3675e-01
3690.7932 2.5413e-01
3691.9006 2.5029e-01
3693.0081 2.4362e-01
3694.1160 2.4669e-01
3695.2241 2.5140e-01
3696.3328 2.8354e-01
3697.4417 2.7531e-01
3698.5508 3.1210e-01
3699.6606 2.8164e-01
3700.7703 2.6677e-01
3701.8806 2.8097e-01
3702.9910 2.9627e-01
3704.1023 3.0327e-01
3705.2136 2.8277e-01
3706.3247 3.0768e-01
3707.4370 3.1694e-01
3708.5491 3.0630e-01
3709.6616 3.0921e-01
3710.7744 3.2602e-01
3711.8877 2.9518e-01
3713.0012 3.1112e-01
3714.1152 3.2038e-01
3715.2292 3.4750e-01
3716.3440 3.3829e-01
3717.4590 3.5465e-01
3718.5742 3.3338e-01
3719.6897 3.8974e-01
3720.8057 3.2988e-01
3721.9219 3.3640e-01
3723.0383 3.6687e-01
3724.1553 3.3678e-01
3725.2725 3.8497e-01
3726.3904 3.5576e-01
3727.5081 3.4471e-01
3728.6265 3.4723e-01
3729.7451 3.9047e-01
3730.8640 3.6139e-01
3731.9832 3.7140e-01
3733.1028 3.2996e-01
3734.2227 3.5314e-01
3735.3428 3.8431e-01
3736.4636 3.8802e-01
3737.5842 4.0784e-01
3738.7056 3.5566e-01
3739.8276 3.4935e-01
3740.9490 3.4824e-01
3742.0718 3.3565e-01
3743.1943 3.6837e-01
3744.3171 3.7498e-01
3745.4404 3.5985e-01
3746.5640 3.4946e-01
3747.6880 3.8726e-01
3748.8125 3.3899e-01
3749.9368 3.5442e-01
3751.0620 3.2926e-01
3752.1873 3.1556e-01
3753.3130 2.9429e-01
3754.4387 3.1114e-01
3755.5652 3.4235e-01
3756.6919 3.2092e-01
3757.8188 2.8438e-01
3758.9463 2.8023e-01
3760.0737 3.0845e-01
3761.2019 2.8537e-01
3762.3306 2.5851e-01
3763.4590 2.6243e-01
3764.5881 2.6803e-01
3765.7175 2.8901e-01
3766.8472 2.7531e-01
3767.9771 2.6010e-01
3769.1079 2.9358e-01
3770.2383 2.3099e-01
3771.3694 2.5335e-01
3772.5007 2.6206e-01
3773.6328 2.3967e-01
3774.7646 2.2251e-01
3775.8972 2.7523e-01
3777.0298 2.4369e-01
3778.1628 2.7955e-01
3779.2964 2.2906e-01
3780.4302 2.1456e-01
3781.5642 1.9676e-01
3782.6987 2.1966e-01
3783.8335 2.2819e-01
3784.9690 1.9146e-01
3786.1042 2.1134e-01
3787.2400 2.0351e-01
3788.3762 1.8661e-01
3789.5125 2.1643e-01
3790.6497 1.9411e-01
3791.7869 2.1242e-01
3792.9246 2.1060e-01
3794.0625 1.8547e-01
3795.2007 1.9449e-01
3796.3391 1.8652e-01
3797.4778 1.9575e-01
3798.6169 1.7343e-01
3799.7568 1.9663e-01
3800.8967 1.7469e-01
3802.0371 1.6145e-01
3803.1775 1.6618e-01
3804.3181 1.5648e-01
3805.4597 1.6739e-01
3806.6013 1.8733e-01
3807.7434 1.4973e-01
3808.8857 1.7214e-01
3810.0286 1.4953e-01
3811.1714 1.2258e-01
3812.3149 1.6731e-01
3813.4583 1.6330e-01
3814.6025 1.7224e-01
3815.7468 1.8105e-01
3816.8916 1.5810e-01
3818.0369 1.7550e-01
3819.1824 1.3440e-01
3820.3281 1.2200e-01
3821.4741 1.5730e-01
3822.6201 1.5498e-01
3823.7671 1.3238e-01
3824.9143 1.7012e-01
3826.0615 1.1742e-01
3827.2097 1.7927e-01
3828.3577 1.7570e-01
3829.5063 1.3028e-01
3830.6553 1.8232e-01
3831.8044 1.4031e-01
3832.9539 1.6541e-01
3834.1035 1.4501e-01
3835.2539 1.8818e-01
3836.4045 1.7327e-01
3837.5554 1.6865e-01
3838.7068 1.5716e-01
3839.8582 1.4869e-01
3841.0103 1.8468e-01
3842.1628 1.8486e-01
3843.3152 1.9349e-01
3844.4683 2.0113e-01
3845.6216 1.9115e-01
3846.7754 1.7678e-01
3847.9294 2.0531e-01
3849.0835 1.9373e-01
3850.2383 2.2079e-01
3851.3933 2.1100e-01
3852.5488 2.1109e-01
3853.7051 2.0843e-01
3854.8606 2.4242e-01
3856.0173 2.1768e-01
3857.1741 2.5711e-01
3858.3313 2.4780e-01
3859.4883 2.2992e-01
3860.6465 2.4396e-01
3861.8047 2.2240e-01
3862.9631 2.6305e-01
3864.1221 2.5966e-01
3865.2815 2.5621e-01
3866.4412 2.7202e-01
3867.6011 2.4705e-01
3868.7610 2.4148e-01
3869.9216 2.3670e-01
3871.0828 2.2766e-01
3872.2441 2.3561e-01
3873.4058 2.9337e-01
3874.5676 2.4179e-01
3875.7302 2.7146e-01
3876.8931 2.4926e-01
3878.0559 2.7522e-01
3879.2192 2.7459e-01
3880.3831 2.4423e-01
3881.5474 3.0334e-01
3882.7119 2.4033e-01
3883.8767 2.8685e-01
3885.0420 2.5589e-01
3886.2073 2.6721e-01
3887.3728 2.4211e-01
3888.5391 2.8828e-01
3889.7061 2.5179e-01
3890.8730 2.6582e-01
3892.0400 2.6856e-01
3893.2078 2.7190e-01
3894.3755 2.7195e-01
3895.5439 2.5761e-01
3896.7126 2.8145e-01
3897.8813 2.2943e-01
3899.0508 2.8287e-01
3900.2209 3.0003e-01
3901.3909 2.5834e-01
3902.5613 2.9350e-01
3903.7322 2.6671e-01
3904.9031 3.1031e-01
3906.0747 2.9461e-01
3907.2463 2.6561e-01
3908.4187 2.8109e-01
3909.5911 2.9526e-01
3910.7642 2.9287e-01
3911.9373 2.9031e-01
3913.1111 2.5850e-01
3914.2849 3.1342e-01
3915.4592 2.9419e-01
3916.6335 2.9014e-01
3917.8086 3.2882e-01
3918.9839 2.9231e-01
3920.1597 3.6244e-01
3921.3359 2.8251e-01
3922.5120 2.8859e-01
3923.6887 2.9965e-01
3924.8660 3.2087e-01
3926.0432 3.0447e-01
3927.2212 2.9514e-01
3928.3994 3.1243e-01
3929.5779 2.9191e-01
3930.7568 3.0327e-01
3931.9360 3.0559e-01
3933.1157 2.8850e-01
3934.2954 3.1931e-01
3935.4758 2.7781e-01
3936.6562 2.5324e-01
3937.8374 2.8139e-01
3939.0186 2.9935e-01
3940.2004 3.0759e-01
3941.3826 3.1927e-01
3942.5649 3.3078e-01
3943.7478 3.0156e-01
3944.9307 3.0340e-01
3946.1147 3.4114e-01
3947.2983 3.0697e-01
3948.4824 3.1721e-01
3949.6670 3.3214e-01
3950.8521 3.0122e-01
3952.0369 3.3627e-01
3953.2227 3.3187e-01
3954.4089 3.7263e-01
3955.5950 2.8829e-01
3956.7812 3.4178e-01
3957.9688 3.5899e-01
3959.1560 3.1951e-01
3960.3438 3.4551e-01
3961.5320 3.6400e-01
3962.7202 3.5061e-01
3963.9094 3.6417e-01
3965.0984 3.6067e-01
3966.2881 3.5025e-01
3967.4778 3.6517e-01
3968.6680 3.5287e-01
3969.8584 3.4230e-01
3971.0498 3.8677e-01
3972.2412 3.8325e-01
3973.4326 3.6067e-01
3974.6248 3.4396e-01
3975.8171 3.3292e-01
3977.0095 3.5848e-01
3978.2029 3.8842e-01
3979.3962 4.0596e-01
3980.5901 4.0788e-01
3981.7844 3.7484e-01
3982.9790 3.7836e-01
3984.1736 3.7766e-01
3985.3691 4.0220e-01
3986.5647 3.8979e-01
3987.7605 3.4882e-01
3988.9568 3.4772e-01
3990.1538 3.9334e-01
3991.3506 3.5357e-01
3992.5481 4.3078e-01
3993.7456 3.8821e-01
3994.9441 3.8646e-01
3996.1423 4.2667e-01
3997.3413 3.7124e-01
3998.5408 3.9186e-01
3999.7397 4.3259e-01
4000.9402 3.9375e-01
4002.1401 3.6331e-01
4003.3408 3.8076e-01
4004.5415 4.1541e-01
4005.7434 3.5462e-01
4006.9448 4.2787e-01
4008.1470 3.9437e-01
4009.3496 3.6395e-01
4010.5522 3.9602e-01
4011.7556 3.9612e-01
4012.9587 3.9650e-01
4014.1628 3.9230e-01
4015.3672 4.3034e-01
4016.5715 3.8484e-01
4017.7769 3.9664e-01
4018.9817 4.2270e-01
4020.1875 3.8682e-01
4021.3936 3.8722e-01
4022.6003 3.7695e-01
4023.8071 4.1781e-01
4025.0142 3.8737e-01
4026.2214 3.8930e-01
4027.4294 3.9526e-01
4028.6377 3.5561e-01
4029.8462 3.7286e-01
4031.0554 3.9389e-01
4032.2646 4.1212e-01
4033.4744 3.7999e-01
4034.6843 4.1981e-01
4035.8945 3.6868e-01
4037.1052 3.4568e-01
4038.3167 3.5703e-01
4039.5281 3.6659e-01
4040.7397 3.9161e-01
4041.9524 3.3416e-01
4043.1648 3.8637e-01
4044.3777 4.0388e-01
4045.5913 4.1016e-01
4046.8047 4.3869e-01
4048.0186 4.1495e-01
4049.2332 3.9377e-01
4050.4480 3.7889e-01
4051.6628 3.9059e-01
4052.8784 3.7939e-01
4054.0942 4.4397e-01
4055.3108 4.1042e-01
4056.5273 4.2156e-01
4057.7444 3.8225e-01
4058.9614 3.8019e-01
4060.1792 3.3073e-01
4061.3970 3.7247e-01
4062.6155 3.9361e-01
4063.8345 3.8680e-01
4065.0535 3.7156e-01
4066.2732 3.8471e-01
4067.4929 3.9695e-01
4068.7131 3.3443e-01
4069.9338 3.6190e-01
4071.1548 3.9426e-01
4072.3762 3.3842e-01
4073.5981 3.5402e-01
4074.8201 3.3041e-01
4076.0427 4.0088e-01
4077.2654 3.5033e-01
4078.4885 3.2727e-01
4079.7119 3.5611e-01
4080.9358 3.4375e-01
4082.1602 3.0327e-01
4083.3845 3.2714e-01
4084.6099 3.0325e-01
4085.8354 3.4277e-01
4087.0608 3.2892e-01
4088.2869 3.0698e-01
4089.5137 3.3510e-01
4090.7407 3.1636e-01
4091.9678 3.8400e-01
4093.1953 3.4107e-01
4094.4233 3.2745e-01
4095.6519 3.1236e-01
4096.8799 3.1311e-01
4098.1094 3.5246e-01
4099.3384 3.0258e-01
4100.5684 3.2466e-01
4101.7988 3.3292e-01
4103.0293 3.8389e-01
4104.2598 3.4057e-01
4105.4912 3.2168e-01
4106.7231 3.0936e-01
4107.9546 3.1698e-01
4109.1875 3.4310e-01
4110.4204 3.6859e-01
4111.6533 3.9438e-01
4112.8867 3.1331e-01
4114.1211 3.2863e-01
4115.3545 3.3762e-01
4116.5898 2.9562e-01
4117.8247 2.9838e-01
4119.0596 3.0936e-01
4120.2954 3.5137e-01
4121.5317 2.8198e-01
4122.7681 3.2190e-01
4124.0049 3.3708e-01
4125.2422 3.0214e-01
4126.4800 3.2087e-01
4127.7178 3.1192e-01
4128.9561 3.4100e-01
4130.1948 3.2508e-01
4131.4336 3.2137e-01
4132.6733 3.0788e-01
4133.9126 2.7475e-01
4135.1533 3.1412e-01
4136.3936 3.2036e-01
4137.6348 3.0553e-01
4138.8760 2.9792e-01
4140.1172 3.2306e-01
4141.3599 2.9426e-01
4142.6021 2.9446e-01
4143.8447 2.8661e-01
4145.0879 3.0320e-01
4146.3315 2.8404e-01
4147.5752 2.9500e-01
4148.8198 2.7396e-01
4150.0640 2.7958e-01
4151.3091 2.5682e-01
4152.5547 2.8751e-01
4153.8003 3.0739e-01
4155.0464 3.0805e-01
4156.2930 2.8418e-01
4157.5400 2.5112e-01
4158.7871 2.7186e-01
4160.0352 2.7972e-01
4161.2827 2.6626e-01
4162.5312 2.9149e-01
4163.7803 3.1425e-01
4165.0293 2.7627e-01
4166.2783 2.7373e-01
4167.5288 2.7646e-01
4168.7788 2.6960e-01
4170.0298 2.9199e-01
4171.2803 3.0066e-01
4172.5317 2.8493e-01
4173.7837 3.2547e-01
4175.0356 2.9161e-01
4176.2886 2.7572e-01
4177.5410 2.9363e-01
4178.7944 3.2379e-01
4180.0479 3.0532e-01
4181.3022 3.0195e-01
4182.5566 3.0578e-01
4183.8115 3.3590e-01
4185.0664 3.1411e-01
4186.3223 3.2089e-01
4187.5776 3.1702e-01
4188.8340 3.1813e-01
4190.0903 3.3257e-01
4191.3477 3.3927e-01
4192.6050 3.3550e-01
4193.8628 2.9134e-01
4195.1206 2.9609e-01
4196.3794 3.1001e-01
4197.6387 3.1187e-01
4198.8975 3.1477e-01
4200.1577 3.2113e-01
4201.4175 3.3372e-01
4202.6782 3.0700e-01
4203.9390 3.2341e-01
4205.2002 3.4468e-01
4206.4614 3.0938e-01
4207.7231 3.4839e-01
4208.9858 3.2773e-01
4210.2485 3.3664e-01
4211.5112 3.0823e-01
4212.7749 3.5723e-01
4214.0391 3.7317e-01
4215.3032 3.3428e-01
4216.5679 3.2245e-01
4217.8330 3.3208e-01
4219.0981 3.0664e-01
4220.3638 3.2720e-01
4221.6299 2.7005e-01
4222.8965 2.9213e-01
4224.1636 2.9841e-01
4225.4302 3.0135e-01
4226.6978 3.5031e-01
4227.9658 3.4079e-01
4229.2349 2.9793e-01
4230.5034 3.0324e-01
4231.7725 2.7919e-01
4233.0415 2.6960e-01
4234.3115 2.9674e-01
4235.5825 2.6513e-01
4236.8525 2.9515e-01
4238.1235 2.9596e-01
4239.3955 2.9880e-01
4240.6670 2.8316e-01
4241.9390 2.7064e-01
4243.2119 2.8460e-01
4244.4844 3.1392e-01
4245.7583 2.6676e-01
4247.0317 2.8177e-01
4248.3062 3.0319e-01
4249.5806 3.1697e-01
4250.8555 2.8702e-01
4252.1309 2.4564e-01
4253.4062 2.8880e-01
4254.6821 3.1326e-01
4255.9590 2.9295e-01
4257.2358 2.8953e-01
4258.5127 2.9334e-01
4259.7900 2.6678e-01
4261.0679 2.7651e-01
4262.3462 2.9549e-01
4263.6250 2.4336e-01
4264.9043 2.9103e-01
4266.1841 2.7435e-01
4267.4639 3.4034e-01
4268.7432 2.6040e-01
4270.0244 2.6649e-01
4271.3052 2.9231e-01
4272.5869 2.7784e-01
4273.8682 2.8097e-01
4275.1509 2.7970e-01
4276.4336 2.6924e-01
4277.7163 2.8782e-01
4278.9995 2.7036e-01
4280.2837 3.0298e-01
4281.5674 2.7395e-01
4282.8521 3.1263e-01
4284.1367 2.9135e-01
4285.4219 2.9308e-01
4286.7075 2.6742e-01
4287.9937 2.5035e-01
4289.2798 2.6604e-01
4290.5669 2.7999e-01
4291.8540 2.9262e-01
4293.1416 2.4591e-01
4294.4292 2.6395e-01
4295.7183 2.6427e-01
4297.0063 2.7647e-01
4298.2954 2.6311e-01
4299.5854 2.6596e-01
4300.8750 3.1744e-01
4302.1650 2.4640e-01
4303.4561 2.8154e-01
4304.7471 2.5736e-01
4306.0381 2.7493e-01
4307.3301 2.8843e-01
4308.6221 2.8272e-01
4309.9150 2.7077e-01
4311.2075 2.8323e-01
4312.5015 2.7404e-01
4313.7949 2.8606e-01
4315.0889 3.0226e-01
4316.3838 2.8636e-01
4317.6787 2.5056e-01
4318.9741 2.6864e-01
4320.2700 2.6459e-01
4321.5654 2.7663e-01
4322.8623 2.6757e-01
4324.1592 2.6473e-01
4325.4565 2.8882e-01
4326.7539 2.7748e-01
4328.0518 2.8383e-01
4329.3501 2.7384e-01
4330.6494 2.7951e-01
4331.9482 2.6400e-01
4333.2480 2.8690e-01
4334.5479 2.9496e-01
4335.8477 2.8811e-01
4337.1489 2.6578e-01
4338.4502 2.6179e-01
4339.7515 2.4267e-01
4341.0537 2.6662e-01
4342.3560 2.5350e-01
4343.6582 2.8432e-01
4344.9614 2.7398e-01
4346.2646 2.6188e-01
4347.5693 2.5204e-01
4348.8735 2.8077e-01
4350.1782 2.5076e-01
4351.4829 2.5122e-01
4352.7886 2.4248e-01
4354.0938 2.6056e-01
4355.4009 2.5404e-01
4356.7070 2.5348e-01
4358.0137 2.7804e-01
4359.3218 2.7861e-01
4360.6294 2.5500e-01
4361.9375 2.5430e-01
4363.2461 2.6788e-01
4364.5552 2.8782e-01
4365.8643 2.6073e-01
4367.1743 2.4078e-01
4368.4844 2.5298e-01
4369.7954 2.2526e-01
4371.1060 2.3038e-01
4372.4170 2.6895e-01
4373.7285 2.3994e-01
4375.0415 2.4114e-01
4376.3540 2.2349e-01
4377.6665 2.3139e-01
4378.9800 2.3671e-01
4380.2935 2.2499e-01
4381.6074 2.4333e-01
4382.9219 2.1313e-01
4384.2363 2.5558e-01
4385.5522 2.2005e-01
4386.8677 2.3786e-01
4388.1841 2.4897e-01
4389.5010 1.8542e-01
4390.8169 2.3347e-01
4392.1343 1.9321e-01
4393.4521 2.3186e-01
4394.7700 2.3012e-01
4396.0884 2.2899e-01
4397.4077 2.4190e-01
4398.7266 2.1921e-01
4400.0464 2.1286e-01
4401.3667 2.2399e-01
4402.6870 2.2149e-01
4404.0073 1.9787e-01
4405.3291 2.1832e-01
4406.6504 2.1151e-01
4407.9722 2.1595e-01
4409.2944 2.2451e-01
4410.6172 2.1698e-01
4411.9404 2.2144e-01
4413.2642 1.8860e-01
4414.5879 2.1480e-01
4415.9126 2.4501e-01
4417.2373 2.1297e-01
4418.5625 2.1912e-01
4419.8882 2.0280e-01
4421.2139 1.9578e-01
4422.5405 2.3180e-01
4423.8672 2.2255e-01
4425.1938 2.2570e-01
4426.5220 2.2782e-01
4427.8496 2.2678e-01
4429.1787 2.5354e-01
4430.5063 2.3125e-01
4431.8364 2.6361e-01
4433.1655 2.6638e-01
4434.4956 2.4273e-01
4435.8262 2.5721e-01
4437.1567 2.4440e-01
4438.4878 2.5205e-01
4439.8193 2.4254e-01
4441.1514 2.5407e-01
4442.4834 2.3531e-01
4443.8164 2.6774e-01
4445.1494 2.6879e-01
4446.4829 2.7136e-01
4447.8169 2.6200e-01
4449.1514 2.6851e-01
4450.4863 2.5558e-01
4451.8213 2.8223e-01
4453.1567 2.7300e-01
4454.4927 2.8433e-01
4455.8291 2.7659e-01
4457.1660 3.0963e-01
4458.5029 2.4753e-01
4459.8403 2.8771e-01
4461.1787 2.7896e-01
4462.5171 2.9873e-01
4463.8555 3.3237e-01
4465.1948 3.1944e-01
4466.5347 3.1478e-01
4467.8740 2.6461e-01
4469.2144 3.2124e-01
4470.5552 3.0194e-01
4471.8970 3.0366e-01
4473.2383 3.0635e-01
4474.5806 3.1663e-01
4475.9229 3.0958e-01
4477.2651 3.0691e-01
4478.6084 3.2538e-01
4479.9521 2.8191e-01
4481.2959 3.1569e-01
4482.6406 3.0651e-01
4483.9854 3.5765e-01
4485.3306 3.2408e-01
4486.6763 3.2244e-01
4488.0220 3.2301e-01
4489.3682 3.4301e-01
4490.7153 2.9929e-01
4492.0620 3.5088e-01
4493.4102 3.3424e-01
4494.7578 3.1549e-01
4496.1069 3.3083e-01
4497.4556 3.5017e-01
4498.8047 3.3988e-01
4500.1543 3.2536e-01
4501.5044 3.4129e-01
4502.8550 3.4512e-01
4504.2056 3.3858e-01
4505.5566 3.0928e-01
4506.9082 3.4768e-01
4508.2607 3.4952e-01
4509.6133 3.4886e-01
4510.9658 3.6509e-01
4512.3193 3.2929e-01
4513.6729 3.5006e-01
4515.0273 3.6592e-01
4516.3818 3.3486e-01
4517.7363 3.4437e-01
4519.0918 3.3385e-01
4520.4473 3.5666e-01
4521.8037 3.6824e-01
4523.1606 3.8812e-01
4524.5171 3.7736e-01
4525.8750 3.4659e-01
4527.2324 3.4651e-01
4528.5903 3.8863e-01
4529.9492 3.8839e-01
4531.3081 3.4766e-01
4532.6675 3.5429e-01
4534.0269 3.6792e-01
4535.3872 3.6682e-01
4536.7480 3.6663e-01
4538.1094 3.3682e-01
4539.4702 3.3221e-01
4540.8320 3.4432e-01
4542.1943 3.4320e-01
4543.5576 3.8546e-01
4544.9199 3.9108e-01
4546.2842 3.8323e-01
4547.6475 3.5852e-01
4549.0117 3.6267e-01
4550.3770 3.8040e-01
4551.7417 3.7339e-01
4553.1074 4.0969e-01
4554.4731 3.8010e-01
4555.8398 3.5711e-01
4557.2061 3.6525e-01
4558.5732 3.4224e-01
4559.9414 3.7227e-01
4561.3086 3.3905e-01
4562.6772 3.9985e-01
4564.0459 4.0756e-01
4565.4150 3.7725e-01
4566.7852 3.6302e-01
4568.1553 3.7759e-01
4569.5249 3.4459e-01
4570.8965 3.5626e-01
4572.2676 3.5875e-01
4573.6392 3.6113e-01
4575.0117 3.9376e-01
4576.3838 3.6059e-01
4577.7568 3.5599e-01
4579.1304 3.8205e-01
4580.5039 4.0349e-01
4581.8784 3.8460e-01
4583.2524 3.6112e-01
4584.6274 3.2875e-01
4586.0029 3.3383e-01
4587.3789 3.4628e-01
4588.7549 3.7767e-01
4590.1318 3.4364e-01
4591.5083 3.8355e-01
4592.8857 3.4651e-01
4594.2642 3.7193e-01
4595.6426 4.0792e-01
4597.0210 3.6858e-01
4598.3999 3.6525e-01
4599.7798 3.8035e-01
4601.1597 3.4882e-01
4602.5396 3.7428e-01
4603.9204 3.5182e-01
4605.3022 3.9617e-01
4606.6836 4.0497e-01
4608.0649 3.7269e-01
4609.4478 3.3845e-01
4610.8306 3.8308e-01
4612.2144 3.1719e-01
4613.5977 3.4367e-01
4614.9819 3.9963e-01
4616.3662 3.7596e-01
4617.7515 3.7402e-01
4619.1362 3.4113e-01
4620.5225 3.5330e-01
4621.9082 3.7289e-01
4623.2949 3.7325e-01
4624.6816 3.7570e-01
4626.0693 3.5431e-01
4627.4570 3.5370e-01
4628.8457 3.4436e-01
4630.2334 3.6781e-01
4631.6230 3.8688e-01
4633.0127 3.7175e-01
4634.4028 3.8707e-01
4635.7935 3.6643e-01
4637.1831 3.2543e-01
4638.5742 3.7036e-01
4639.9658 3.7121e-01
4641.3579 3.7223e-01
4642.7505 3.3203e-01
4644.1436 3.1702e-01
4645.5371 3.1839e-01
4646.9307 3.3884e-01
4648.3247 3.7554e-01
4649.7188 4.0743e-01
4651.1138 3.4013e-01
4652.5093 3.4614e-01
4653.9048 3.2000e-01
4655.3018 3.1615e-01
4656.6978 3.5175e-01
4658.0947 3.4924e-01
4659.4922 3.4058e-01
4660.8896 3.3815e-01
4662.2886 3.7963e-01
4663.6865 3.4009e-01
4665.0859 3.7196e-01
4666.4854 3.3369e-01
4667.8853 3.4164e-01
4669.2861 3.2324e-01
4670.6870 3.3984e-01
4672.0874 3.4324e-01
4673.4897 3.4439e-01
4674.8916 3.3821e-01
4676.2944 3.2876e-01
4677.6968 3.2296e-01
4679.1006 3.3931e-01
4680.5039 3.1979e-01
4681.9082 3.6223e-01
4683.3125 3.4674e-01
4684.7173 3.3706e-01
4686.1230 3.3573e-01
4687.5288 3.1786e-01
4688.9351 3.2552e-01
4690.3423 3.1629e-01
4691.7490 3.1833e-01
4693.1562 3.2380e-01
4694.5645 3.1721e-01
4695.9731 3.2018e-01
4697.3818 3.5741e-01
4698.7910 3.2397e-01
4700.2002 3.1179e-01
4701.6104 3.4172e-01
4703.0205 3.5523e-01
4704.4316 3.3350e-01
4705.8433 3.3804e-01
4707.2549 3.2377e-01
4708.6670 3.1122e-01
4710.0796 3.1139e-01
4711.4927 3.3026e-01
4712.9058 3.3347e-01
4714.3203 3.4294e-01
4715.7344 3.4057e-01
4717.1494 3.3156e-01
4718.5645 3.0013e-01
4719.9800 3.0027e-01
4721.3955 3.3160e-01
4722.8120 3.3206e-01
4724.2290 3.7373e-01
4725.6460 3.0106e-01
4727.0645 3.3776e-01
4728.4824 3.3250e-01
4729.9004 3.3686e-01
4731.3198 3.0704e-01
4732.7388 2.9542e-01
4734.1587 3.4906e-01
4735.5791 3.2609e-01
4737.0000 3.0404e-01
4738.4209 3.0416e-01
4739.8428 2.9908e-01
4741.2646 3.1482e-01
4742.6870 3.0345e-01
4744.1094 2.7418e-01
4745.5327 3.1379e-01
4746.9565 3.1756e-01
4748.3804 3.2293e-01
4749.8052 3.1141e-01
4751.2300 2.7288e-01
4752.6548 3.0114e-01
4754.0811 3.0332e-01
4755.5078 2.7281e-01
4756.9341 3.1798e-01
4758.3608 2.9892e-01
4759.7886 2.9529e-01
4761.2168 2.5241e-01
4762.6445 2.8130e-01
4764.0737 2.7421e-01
4765.5029 2.5234e-01
4766.9326 2.9611e-01
4768.3628 2.5958e-01
4769.7930 2.7280e-01
4771.2236 2.7629e-01
4772.6553 2.8434e-01
4774.0869 2.8540e-01
4775.5190 2.6111e-01
4776.9521 2.6971e-01
4778.3853 2.7451e-01
4779.8184 2.6987e-01
4781.2524 2.4955e-01
4782.6870 2.5416e-01
4784.1226 2.9438e-01
4785.5571 2.6244e-01
4786.9927 2.7810e-01
4788.4292 2.9021e-01
4789.8652 2.5227e-01
4791.3022 2.7399e-01
4792.7397 2.9097e-01
4794.1777 2.5949e-01
4795.6152 2.9111e-01
4797.0542 2.7065e-01
4798.4937 3.0679e-01
4799.9331 2.5923e-01
4801.3735 2.7791e-01
4802.8140 2.7847e-01
4804.2544 2.9913e-01
4805.6958 2.6734e-01
4807.1377 2.7257e-01
4808.5796 2.8270e-01
4810.0220 2.8761e-01
4811.4653 2.8252e-01
4812.9087 3.1435e-01
4814.3525 2.7285e-01
4815.7969 2.9333e-01
4817.2417 2.7820e-01
4818.6865 2.8471e-01
4820.1328 3.0939e-01
4821.5786 2.7240e-01
4823.0249 2.5505e-01
4824.4717 2.8095e-01
4825.9189 2.7608e-01
4827.3667 2.6895e-01
4828.8149 2.8712e-01
4830.2637 2.9852e-01
4831.7124 3.0761e-01
4833.1621 2.9999e-01
4834.6118 2.7447e-01
4836.0620 2.9919e-01
4837.5137 3.0384e-01
4838.9644 2.6776e-01
4840.4165 2.7096e-01
4841.8687 2.6426e-01
4843.3208 2.5587e-01
4844.7739 2.5565e-01
4846.2275 2.6112e-01
4847.6812 2.4963e-01
4849.1357 2.5698e-01
4850.5903 2.5189e-01
4852.0454 2.5520e-01
4853.5015 2.6051e-01
4854.9575 2.9329e-01
4856.4136 2.3213e-01
4857.8706 2.4397e-01
4859.3281 2.3729e-01
4860.7861 2.4261e-01
4862.2437 2.4503e-01
4863.7026 2.6434e-01
4865.1621 2.2163e-01
4866.6211 2.3351e-01
4868.0815 2.4650e-01
4869.5420 2.6181e-01
4871.0024 2.3688e-01
4872.4639 2.3201e-01
4873.9263 2.5889e-01
4875.3877 2.7414e-01
4876.8506 2.4216e-01
4878.3135 2.6363e-01
4879.7773 2.4260e-01
4881.2412 2.3746e-01
4882.7051 2.4194e-01
4884.1704 2.3978e-01
4885.6357 2.3639e-01
4887.1011 2.4975e-01
4888.5674 2.4540e-01
4890.0337 2.3354e-01
4891.5010 2.3514e-01
4892.9683 2.6874e-01
4894.4360 2.5359e-01
4895.9043 2.3983e-01
4897.3730 2.2679e-01
4898.8423 2.1743e-01
4900.3120 2.6253e-01
4901.7827 2.2871e-01
4903.2529 2.5582e-01
4904.7231 2.4999e-01
4906.1953 2.3780e-01
4907.6675 2.6958e-01
4909.1392 2.9194e-01
4910.6123 2.6071e-01
4912.0854 2.4685e-01
4913.5586 2.6867e-01
4915.0332 2.4146e-01
4916.5073 2.5243e-01
4917.9819 2.5095e-01
4919.4575 2.6238e-01
4920.9331 2.6835e-01
4922.4097 2.8296e-01
4923.8872 2.5144e-01
4925.3638 2.1462e-01
4926.8418 2.2254e-01
4928.3188 2.5384e-01
4929.7979 2.1108e-01
4931.2769 2.6939e-01
4932.7563 2.7785e-01
4934.2358 2.4871e-01
4935.7168 2.5379e-01
4937.1963 2.6959e-01
4938.6782 2.4425e-01
4940.1597 2.3710e-01
4941.6416 2.2384e-01
4943.1250 2.4401e-01
4944.6069 2.3258e-01
4946.0908 2.4906e-01
4947.5752 2.1326e-01
4949.0586 2.6862e-01
4950.5435 2.4048e-01
4952.0278 2.4371e-01
4953.5142 2.4172e-01
4955.0010 2.2710e-01
4956.4873 2.3062e-01
4957.9741 2.0951e-01
4959.4614 2.5585e-01
4960.9492 2.1867e-01
4962.4370 2.2975e-01
4963.9258 2.1535e-01
4965.4150 2.0907e-01
4966.9048 2.0128e-01
4968.3945 2.2409e-01
4969.8853 2.0724e-01
4971.3765 2.0302e-01
4972.8677 2.0938e-01
4974.3599 2.2487e-01
4975.8521 1.9457e-01
4977.3447 2.1454e-01
4978.8379 2.0532e-01
4980.3315 1.9434e-01
4981.8257 1.7286e-01
4983.3203 1.9350e-01
4984.8159 1.9798e-01
4986.3105 2.0403e-01
4987.8066 2.0877e-01
4989.3027 2.0177e-01
4990.7998 1.8667e-01
4992.2974 2.0975e-01
4993.7939 1.8852e-01
4995.2930 1.7685e-01
4996.7915 1.9970e-01
4998.2905 2.0572e-01
4999.7896 2.0126e-01
5001.2896 1.9072e-01
5002.7900 1.9981e-01
5004.2915 1.9594e-01
5005.7925 1.8787e-01
5007.2944 1.8174e-01
5008.7964 1.5084e-01
5010.2993 1.9286e-01
5011.8022 1.8263e-01
5013.3057 2.2151e-01
5014.8101 2.1759e-01
5016.3145 1.9180e-01
5017.8184 1.7238e-01
5019.3247 1.9942e-01
5020.8301 1.9487e-01
5022.3359 1.7723e-01
5023.8428 1.9807e-01
5025.3496 1.9863e-01
5026.8579 1.9523e-01
5028.3657 1.9108e-01
5029.8740 1.8998e-01
5031.3828 1.9610e-01
5032.8926 1.8926e-01
5034.4023 2.2578e-01
5035.9131 1.9837e-01
5037.4233 2.1159e-01
5038.9346 1.8903e-01
5040.4463 2.2318e-01
5041.9585 1.9822e-01
5043.4712 1.9792e-01
5044.9839 2.0770e-01
5046.4980 2.3333e-01
5048.0112 2.2238e-01
5049.5259 2.0348e-01
5051.0415 2.0575e-01
5052.5562 1.9099e-01
5054.0723 1.9470e-01
5055.5884 2.0027e-01
5057.1045 2.2550e-01
5058.6221 2.1441e-01
5060.1401 2.0873e-01
5061.6577 2.1568e-01
5063.1763 2.2628e-01
5064.6953 2.0995e-01
5066.2144 2.4509e-01
5067.7339 2.0072e-01
5069.2549 2.2156e-01
5070.7759 2.1086e-01
5072.2969 2.1253e-01
5073.8188 2.2803e-01
5075.3403 2.3034e-01
5076.8628 2.1698e-01
5078.3867 2.0261e-01
5079.9097 2.2479e-01
5081.4336 2.2499e-01
5082.9580 2.4850e-01
5084.4829 1.9765e-01
5086.0083 2.3546e-01
5087.5342 2.3337e-01
5089.0605 1.9689e-01
5090.5874 1.9784e-01
5092.1143 1.9192e-01
5093.6421 2.1107e-01
5095.1699 2.1852e-01
5096.6987 2.0714e-01
5098.2275 2.2400e-01
5099.7573 2.1974e-01
5101.2871 2.3522e-01
5102.8179 2.0995e-01
5104.3481 2.2327e-01
5105.8799 1.7743e-01
5107.4111 2.1151e-01
5108.9438 1.9816e-01
5110.4761 1.7850e-01
5112.0093 2.2588e-01
5113.5435 1.8855e-01
5115.0771 2.2324e-01
5116.6118 2.0692e-01
5118.1470 2.0449e-01
5119.6816 1.8594e-01
5121.2183 1.9127e-01
5122.7544 2.1048e-01
5124.2910 1.9333e-01
5125.8286 2.1342e-01
5127.3667 1.9026e-01
5128.9043 1.9903e-01
5130.4429 1.8624e-01
5131.9824 2.0462e-01
5133.5220 2.0643e-01
5135.0615 2.0607e-01
5136.6021 2.2541e-01
5138.1436 1.8788e-01
5139.6846 2.0925e-01
5141.2266 2.0079e-01
5142.7690 2.1612e-01
5144.3125 2.1237e-01
5145.8550 1.9687e-01
5147.3989 1.9361e-01
5148.9429 1.9677e-01
5150.4883 1.9346e-01
5152.0332 2.2110e-01
5153.5781 1.8678e-01
5155.1245 1.9299e-01
5156.6714 2.3264e-01
5158.2178 1.8685e-01
5159.7656 1.9359e-01
5161.3130 2.0991e-01
5162.8618 2.1634e-01
5164.4106 1.8543e-01
5165.9604 2.2602e-01
5167.5098 2.1253e-01
5169.0605 1.8606e-01
5170.6108 1.8440e-01
5172.1621 2.0823e-01
5173.7139 2.2118e-01
5175.2656 1.9082e-01
5176.8188 2.2383e-01
5178.3711 2.0420e-01
5179.9253 2.1615e-01
5181.4790 1.9277e-01
5183.0337 2.3236e-01
5184.5884 2.1740e-01
5186.1436 2.3811e-01
5187.6992 2.2452e-01
5189.2559 2.3987e-01
5190.8130 2.2283e-01
5192.3696 2.0674e-01
5193.9277 2.4802e-01
5195.4858 2.4968e-01
5197.0439 2.1691e-01
5198.6035 2.1319e-01
5200.1636 2.2078e-01
5201.7231 2.2274e-01
5203.2837 2.3049e-01
5204.8447 2.3338e-01
5206.4058 2.1908e-01
5207.9683 2.4454e-01
5209.5303 2.5978e-01
5211.0933 2.4856e-01
5212.6567 2.2474e-01
5214.2202 2.1980e-01
5215.7847 2.4593e-01
5217.3496 2.3564e-01
5218.9150 2.6224e-01
5220.4800 2.3476e-01
5222.0464 2.4121e-01
5223.6128 2.3830e-01
5225.1802 2.2667e-01
5226.7480 2.3044e-01
5228.3154 2.4546e-01
5229.8843 2.4604e-01
5231.4526 2.4186e-01
5233.0225 2.2814e-01
5234.5928 2.5241e-01
5236.1626 2.5526e-01
5237.7339 2.3254e-01
5239.3052 2.3984e-01
5240.8770 2.3736e-01
5242.4492 2.1616e-01
5244.0220 2.3738e-01
5245.5947 2.6372e-01
5247.1689 2.2474e-01
5248.7422 2.4663e-01
5250.3174 2.3756e-01
5251.8921 2.4788e-01
5253.4678 2.2001e-01
5255.0439 2.3977e-01
5256.6211 2.5325e-01
5258.1978 2.3296e-01
5259.7749 2.5673e-01
5261.3530 2.3320e-01
5262.9312 2.0913e-01
5264.5098 2.6602e-01
5266.0898 2.4655e-01
5267.6694 2.3709e-01
5269.2495 2.3203e-01
5270.8311 2.4452e-01
5272.4116 2.5348e-01
5273.9941 2.3223e-01
5275.5757 2.4511e-01
5277.1587 2.2608e-01
5278.7422 2.3746e-01
5280.3252 2.4701e-01
5281.9092 2.5826e-01
5283.4937 2.3700e-01
5285.0786 2.1906e-01
5286.6641 2.3631e-01
5288.2500 2.3694e-01
5289.8369 2.2314e-01
5291.4238 2.3942e-01
5293.0117 2.4948e-01
5294.5996 2.4359e-01
5296.1870 2.6066e-01
5297.7764 2.5239e-01
5299.3662 2.5333e-01
5300.9561 2.4696e-01
5302.5459 2.4954e-01
5304.1367 2.3502e-01
5305.7280 2.6190e-01
5307.3188 2.3103e-01
5308.9116 2.4628e-01
5310.5044 2.5680e-01
5312.0977 2.4982e-01
5313.6919 2.3151e-01
5315.2856 2.6807e-01
5316.8799 2.6429e-01
5318.4751 2.2005e-01
5320.0708 2.2356e-01
5321.6665 2.6111e-01
5323.2632 2.6000e-01
5324.8604 2.5819e-01
5326.4575 2.4171e-01
5328.0557 2.8885e-01
5329.6533 2.8964e-01
5331.2534 2.7808e-01
5332.8516 2.4969e-01
5334.4517 2.6104e-01
5336.0522 2.6903e-01
5337.6533 2.2889e-01
5339.2544 2.5422e-01
5340.8560 2.6895e-01
5342.4585 2.4772e-01
5344.0605 2.1492e-01
5345.6646 2.4561e-01
5347.2681 2.6094e-01
5348.8726 2.5652e-01
5350.4771 2.3697e-01
5352.0825 2.1486e-01
5353.6875 2.3501e-01
5355.2944 2.8291e-01
5356.9009 2.2437e-01
5358.5073 2.4024e-01
5360.1152 2.1534e-01
5361.7236 2.2174e-01
5363.3315 2.3049e-01
5364.9404 1.9789e-01
5366.5503 2.2890e-01
5368.1602 1.9076e-01
5369.7705 2.0986e-01
5371.3813 2.1536e-01
5372.9932 2.0234e-01
5374.6050 1.8538e-01
5376.2173 2.0503e-01
5377.8301 2.2558e-01
5379.4434 2.1227e-01
5381.0576 1.9311e-01
5382.6714 2.0379e-01
5384.2861 2.0734e-01
5385.9014 1.9494e-01
5387.5171 2.1354e-01
5389.1343 2.0900e-01
5390.7505 1.9539e-01
5392.3677 2.2817e-01
5393.9858 1.9680e-01
5395.6035 1.6193e-01
5397.2222 1.8427e-01
5398.8413 2.1228e-01
5400.4609 1.8485e-01
5402.0811 2.0573e-01
5403.7017 1.9243e-01
5405.3228 1.8456e-01
5406.9448 2.0622e-01
5408.5659 1.8783e-01
5410.1890 1.8762e-01
5411.8115 1.9147e-01
5413.4360 1.9908e-01
5415.0596 1.9459e-01
5416.6841 1.6799e-01
5418.3096 1.8932e-01
5419.9351 1.9014e-01
5421.5605 1.7789e-01
5423.1875 1.7546e-01
5424.8145 1.7382e-01
5426.4414 1.9415e-01
5428.0693 1.9298e-01
5429.6982 1.9515e-01
5431.3271 1.6641e-01
5432.9565 1.5997e-01
5434.5859 2.1540e-01
5436.2163 1.8803e-01
5437.8472 1.8598e-01
5439.4785 2.0127e-01
5441.1104 1.7424e-01
5442.7427 1.9007e-01
5444.3760 1.8155e-01
5446.0098 2.0286e-01
5447.6431 1.8151e-01
5449.2778 2.0601e-01
5450.9121 1.9449e-01
5452.5474 1.6413e-01
5454.1826 1.5445e-01
5455.8193 2.1344e-01
5457.4565 1.6817e-01
5459.0933 2.0701e-01
5460.7310 1.9103e-01
5462.3696 1.8608e-01
5464.0073 1.7779e-01
5465.6475 1.8406e-01
5467.2871 1.6086e-01
5468.9272 1.8338e-01
5470.5674 1.8731e-01
5472.2090 1.9103e-01
5473.8506 1.8883e-01
5475.4927 1.7141e-01
5477.1353 1.9833e-01
5478.7783 1.7523e-01
5480.4224 1.9109e-01
5482.0659 1.9722e-01
5483.7104 1.6417e-01
5485.3560 1.8578e-01
5487.0010 1.9161e-01
5488.6475 2.0028e-01
5490.2944 1.8416e-01
5491.9414 2.0658e-01
5493.5889 1.8055e-01
5495.2368 1.9924e-01
5496.8857 1.9248e-01
5498.5342 2.0588e-01
5500.1841 1.6129e-01
5501.8340 2.0642e-01
5503.4849 2.1050e-01
5505.1357 1.9170e-01
5506.7871 1.7244e-01
5508.4395 1.8659e-01
5510.0923 2.0680e-01
5511.7451 1.7735e-01
5513.3984 1.8565e-01
5515.0522 1.9210e-01
5516.7070 1.7612e-01
5518.3623 2.2598e-01
5520.0176 1.8570e-01
5521.6733 1.9519e-01
5523.3301 1.9198e-01
5524.9868 1.7984e-01
5526.6450 1.8970e-01
5528.3027 1.7768e-01
5529.9609 1.9901e-01
5531.6201 1.6684e-01
5533.2793 1.6872e-01
5534.9395 1.8513e-01
5536.5996 1.8184e-01
5538.2607 1.9228e-01
5539.9229 2.0386e-01
5541.5840 1.8893e-01
5543.2466 1.9449e-01
5544.9102 1.5495e-01
5546.5728 1.7458e-01
5548.2373 1.6206e-01
5549.9019 1.6811e-01
5551.5664 1.9573e-01
5553.2324 1.6689e-01
5554.8984 1.9117e-01
5556.5645 1.7601e-01
5558.2310 1.7090e-01
5559.8989 1.8862e-01
5561.5669 1.6998e-01
5563.2354 1.7716e-01
5564.9043 1.7395e-01
5566.5732 1.8238e-01
5568.2437 1.7815e-01
5569.9150 1.7766e-01
5571.5854 1.7248e-01
5573.2568 1.7491e-01
5574.9287 1.8957e-01
5576.6011 1.5739e-01
5578.2739 1.7029e-01
5579.9482 1.6546e-01
5581.6216 1.6174e-01
5583.2959 1.6755e-01
5584.9717 1.3730e-01
5586.6470 1.6291e-01
5588.3223 1.6029e-01
5589.9990 1.5966e-01
5591.6763 1.8557e-01
5593.3535 1.5788e-01
5595.0317 1.5407e-01
5596.7104 1.6346e-01
5598.3892 1.7132e-01
5600.0688 1.3548e-01
5601.7490 1.5447e-01
5603.4292 1.5805e-01
5605.1104 1.6691e-01
5606.7915 1.5799e-01
5608.4741 1.5582e-01
5610.1562 1.7951e-01
5611.8394 1.4346e-01
5613.5234 1.9473e-01
5615.2075 1.5177e-01
5616.8916 1.6130e-01
5618.5767 1.6092e-01
5620.2627 1.7160e-01
5621.9482 1.9481e-01
5623.6348 1.4549e-01
5625.3218 1.5416e-01
5627.0098 1.9223e-01
5628.6982 1.5290e-01
5630.3867 1.8334e-01
5632.0757 1.7574e-01
5633.7651 1.9412e-01
5635.4551 1.7320e-01
5637.1460 1.9657e-01
5638.8369 1.8001e-01
5640.5283 1.8969e-01
5642.2207 1.7033e-01
5643.9141 1.5512e-01
5645.6069 1.7023e-01
5647.3003 1.9885e-01
5648.9946 1.8003e-01
5650.6895 1.7300e-01
5652.3848 1.8375e-01
5654.0801 1.9857e-01
5655.7759 1.7622e-01
5657.4736 1.9746e-01
5659.1709 1.7972e-01
5660.8682 1.7058e-01
5662.5664 1.7519e-01
5664.2651 1.7812e-01
5665.9644 1.9114e-01
5667.6641 1.7446e-01
5669.3647 1.8453e-01
5671.0649 2.0652e-01
5672.7666 1.8572e-01
5674.4688 1.6985e-01
5676.1709 1.8524e-01
5677.8740 1.8930e-01
5679.5771 1.9871e-01
5681.2812 1.9581e-01
5682.9858 1.9597e-01
5684.6899 1.7517e-01
5686.3950 1.8349e-01
5688.1021 1.8126e-01
5689.8076 1.8438e-01
5691.5146 2.1435e-01
5693.2222 2.0945e-01
5694.9302 2.2196e-01
5696.6382 2.0569e-01
5698.3477 1.9129e-01
5700.0571 1.8863e-01
5701.7671 1.9139e-01
5703.4775 2.0760e-01
5705.1885 1.8993e-01
5706.9004 1.6268e-01
5708.6123 1.9136e-01
5710.3252 1.8676e-01
5712.0381 1.8722e-01
5713.7524 2.1105e-01
5715.4663 1.9262e-01
5717.1812 2.1542e-01
5718.8955 1.8047e-01
5720.6118 1.9423e-01
5722.3271 1.8160e-01
5724.0444 1.9780e-01
5725.7617 1.9423e-01
5727.4795 1.8277e-01
5729.1973 2.0182e-01
5730.9165 1.9821e-01
5732.6353 2.1039e-01
5734.3550 1.9698e-01
5736.0757 1.8411e-01
5737.7969 1.9444e-01
5739.5176 2.0031e-01
5741.2397 2.0140e-01
5742.9624 1.6336e-01
5744.6851 2.0188e-01
5746.4082 1.7574e-01
5748.1323 2.1296e-01
5749.8569 1.9168e-01
5751.5815 1.9738e-01
5753.3076 1.8834e-01
5755.0332 1.8772e-01
5756.7593 1.9375e-01
5758.4863 1.8178e-01
5760.2144 1.9418e-01
5761.9424 1.7896e-01
5763.6709 1.9937e-01
5765.3999 1.8915e-01
5767.1294 1.9803e-01
5768.8594 1.9102e-01
5770.5908 1.8042e-01
5772.3213 2.0714e-01
5774.0527 1.9123e-01
5775.7856 1.9795e-01
5777.5181 2.0979e-01
5779.2515 2.2877e-01
5780.9844 2.0194e-01
5782.7192 1.9345e-01
5784.4546 2.0019e-01
5786.1899 2.0557e-01
5787.9253 2.2506e-01
5789.6626 2.3997e-01
5791.3984 1.8227e-01
5793.1362 1.7803e-01
5794.8745 2.1348e-01
5796.6123 1.6613e-01
5798.3516 2.0557e-01
5800.0913 1.7436e-01
5801.8306 1.9786e-01
5803.5713 1.7841e-01
5805.3125 1.9382e-01
5807.0537 1.6281e-01
5808.7964 1.8844e-01
5810.5391 1.9934e-01
5812.2822 1.7822e-01
5814.0259 1.7755e-01
5815.7700 2.0309e-01
5817.5151 1.8032e-01
5819.2598 1.8215e-01
5821.0059 1.6497e-01
5822.7524 2.0176e-01
5824.4990 1.8587e-01
5826.2461 1.9146e-01
5827.9937 1.8867e-01
5829.7427 1.6157e-01
5831.4912 1.7044e-01
5833.2407 1.8009e-01
5834.9912 1.8010e-01
5836.7417 1.9124e-01
5838.4922 1.8069e-01
5840.2446 1.7784e-01
5841.9961 1.8393e-01
5843.7490 1.6889e-01
5845.5020 1.6352e-01
5847.2559 1.6703e-01
5849.0103 1.8240e-01
5850.7642 1.5094e-01
5852.5195 1.6010e-01
5854.2754 1.6388e-01
5856.0317 1.5397e-01
5857.7881 1.6254e-01
5859.5454 1.8657e-01
5861.3032 1.3710e-01
5863.0625 1.5504e-01
5864.8208 1.6220e-01
5866.5806 1.8227e-01
5868.3403 1.7411e-01
5870.1006 1.6274e-01
5871.8618 1.4588e-01
5873.6230 1.7364e-01
5875.3857 1.3959e-01
5877.1479 1.6969e-01
5878.9111 1.7692e-01
5880.6748 1.2413e-01
5882.4390 1.4570e-01
5884.2036 1.6474e-01
5885.9692 1.5193e-01
5887.7349 1.4803e-01
5889.5010 1.5788e-01
5891.2676 1.6299e-01
5893.0356 1.3563e-01
5894.8032 1.5343e-01
5896.5718 1.6222e-01
5898.3408 1.4308e-01
5900.1108 1.4876e-01
5901.8804 1.5235e-01
5903.6509 1.6407e-01
5905.4219 1.6178e-01
5907.1938 1.4749e-01
5908.9663 1.3996e-01
5910.7383 1.4951e-01
5912.5112 1.4193e-01
5914.2856 1.4745e-01
5916.0601 1.6762e-01
5917.8345 1.5482e-01
5919.6099 1.3193e-01
5921.3857 1.5544e-01
5923.1621 1.6851e-01
5924.9395 1.2073e-01
5926.7163 1.4301e-01
5928.4946 1.3527e-01
5930.2729 1.2552e-01
5932.0522 1.5816e-01
5933.8315 1.4389e-01
5935.6123 1.3580e-01
5937.3926 1.6197e-01
5939.1738 1.5554e-01
5940.9556 1.6436e-01
5942.7383 1.5630e-01
5944.5210 1.7548e-01
5946.3042 1.4893e-01
5948.0879 1.6855e-01
5949.8726 1.4672e-01
5951.6572 1.3378e-01
5953.4434 1.6122e-01
5955.2290 1.4871e-01
5957.0151 1.6959e-01
5958.8022 1.6868e-01
5960.5903 1.6626e-01
5962.3789 1.6819e-01
5964.1670 1.3938e-01
5965.9561 1.5745e-01
5967.7466 1.6809e-01
5969.5366 1.6094e-01
5971.3276 1.3041e-01
5973.1187 1.6995e-01
5974.9106 1.6933e-01
5976.7031 1.5031e-01
5978.4961 1.5670e-01
5980.2900 1.5649e-01
5982.0845 1.6612e-01
5983.8789 1.6990e-01
5985.6729 1.5776e-01
5987.4692 1.6239e-01
5989.2651 1.7924e-01
5991.0620 1.5536e-01
5992.8589 1.4024e-01
5994.6572 1.7596e-01
5996.4556 1.7116e-01
5998.2549 1.7686e-01
6000.0547 1.5674e-01
6001.8545 1.4717e-01
6003.6548 1.5306e-01
6005.4561 1.7339e-01
6007.2578 1.8301e-01
6009.0596 1.5797e-01
6010.8623 1.5342e-01
6012.6660 1.6673e-01
6014.4697 1.6980e-01
6016.2739 1.5018e-01
6018.0786 1.6773e-01
6019.8843 1.6882e-01
6021.6909 1.5051e-01
6023.4966 1.7583e-01
6025.3037 1.6237e-01
6027.1108 1.7352e-01
6028.9199 1.7654e-01
6030.7285 1.3667e-01
6032.5366 1.4458e-01
6034.3472 1.8286e-01
6036.1577 1.6476e-01
6037.9683 1.6713e-01
6039.7793 1.5991e-01
6041.5918 1.5377e-01
6043.4038 1.6781e-01
6045.2173 1.6432e-01
6047.0312 1.5536e-01
6048.8447 1.5237e-01
6050.6592 1.5007e-01
6052.4751 1.6091e-01
6054.2905 1.7458e-01
6056.1069 1.5460e-01
6057.9233 1.6392e-01
6059.7407 1.5501e-01
6061.5586 1.5181e-01
6063.3770 1.6039e-01
6065.1968 1.5004e-01
6067.0161 1.5973e-01
6068.8359 1.5554e-01
6070.6567 1.5740e-01
6072.4785 1.5501e-01
6074.2998 1.6752e-01
6076.1221 1.4749e-01
6077.9448 1.6538e-01
6079.7681 1.5893e-01
6081.5918 1.8093e-01
6083.4160 1.6562e-01
6085.2417 1.7046e-01
6087.0664 1.6262e-01
6088.8936 1.6167e-01
6090.7197 1.7789e-01
6092.5469 1.6367e-01
6094.3745 1.3596e-01
6096.2031 1.5310e-01
6098.0327 1.7255e-01
6099.8613 1.6403e-01
6101.6914 1.5935e-01
6103.5220 1.7899e-01
6105.3530 1.5685e-01
6107.1846 1.5668e-01
6109.0171 1.5568e-01
6110.8496 1.5424e-01
6112.6831 1.6632e-01
6114.5166 1.6817e-01
6116.3511 1.6232e-01
6118.1855 1.6107e-01
6120.0210 1.6760e-01
6121.8574 1.5238e-01
6123.6938 1.5213e-01
6125.5308 1.4715e-01
6127.3687 1.8102e-01
6129.2065 1.4701e-01
6131.0454 1.7460e-01
6132.8843 1.3223e-01
6134.7246 1.5146e-01
6136.5649 1.6203e-01
6138.4062 1.3829e-01
6140.2476 1.5204e-01
6142.0894 1.3920e-01
6143.9316 1.3415e-01
6145.7759 1.4002e-01
6147.6191 1.5403e-01
6149.4634 1.4306e-01
6151.3081 1.3934e-01
6153.1538 1.4545e-01
6155.0000 1.6122e-01
6156.8462 1.5541e-01
6158.6934 1.5620e-01
6160.5410 1.4731e-01
6162.3892 1.5958e-01
6164.2373 1.4445e-01
6166.0869 1.5405e-01
6167.9370 1.5804e-01
6169.7871 1.4685e-01
6171.6387 1.3134e-01
6173.4897 1.6981e-01
6175.3413 1.3697e-01
6177.1938 1.5137e-01
6179.0474 1.4167e-01
6180.9009 1.4932e-01
6182.7549 1.5025e-01
6184.6104 1.2245e-01
6186.4653 1.6191e-01
6188.3213 1.5260e-01
6190.1782 1.4498e-01
6192.0356 1.3493e-01
6193.8931 1.4370e-01
6195.7505 1.3001e-01
6197.6099 1.5105e-01
6199.4688 1.4661e-01
6201.3281 1.4397e-01
6203.1895 1.5517e-01
6205.0498 1.4472e-01
6206.9121 1.1912e-01
6208.7739 1.3848e-01
6210.6367 1.3839e-01
6212.4995 1.2510e-01
6214.3633 1.4346e-01
6216.2275 1.3626e-01
6218.0923 1.1723e-01
6219.9575 1.6879e-01
6221.8237 1.3199e-01
6223.6904 1.2983e-01
6225.5576 1.3142e-01
6227.4258 1.2187e-01
6229.2935 1.0991e-01
6231.1621 1.3557e-01
6233.0317 1.2265e-01
6234.9019 9.7799e-02
6236.7720 1.4190e-01
6238.6431 1.3863e-01
6240.5146 1.1034e-01
6242.3867 1.2139e-01
6244.2598 1.2299e-01
6246.1323 1.1272e-01
6248.0063 1.1639e-01
6249.8813 1.0873e-01
6251.7559 1.3016e-01
6253.6313 1.1537e-01
6255.5073 1.2463e-01
6257.3843 1.0908e-01
6259.2617 1.1060e-01
6261.1392 1.0559e-01
6263.0176 1.1253e-01
6264.8970 9.3584e-02
6266.7759 1.0885e-01
6268.6562 9.5362e-02
6270.5361 1.1451e-01
6272.4180 8.7838e-02
6274.2993 1.2307e-01
6276.1816 1.0180e-01
6278.0645 9.1980e-02
6279.9478 1.1054e-01
6281.8320 1.0416e-01
6283.7168 9.2777e-02
6285.6021 9.5604e-02
6287.4868 1.0334e-01
6289.3740 1.0094e-01
6291.2603 9.3657e-02
6293.1475 1.0198e-01
6295.0352 8.1687e-02
6296.9238 8.8069e-02
6298.8130 9.1885e-02
6300.7026 9.0878e-02
6302.5933 9.6164e-02
6304.4839 9.1460e-02
6306.3755 9.7462e-02
6308.2676 7.8932e-02
6310.1597 8.3175e-02
6312.0527 8.3917e-02
6313.9468 9.3845e-02
6315.8398 9.5259e-02
6317.7349 9.1182e-02
6319.6304 1.0288e-01
6321.5269 9.8711e-02
6323.4233 9.3816e-02
6325.3198 8.7447e-02
6327.2178 1.0295e-01
6329.1157 9.4678e-02
6331.0146 9.7617e-02
6332.9131 9.8217e-02
6334.8140 1.0209e-01
6336.7139 9.1721e-02
6338.6147 1.1620e-01
6340.5166 9.6510e-02
6342.4189 1.0716e-01
6344.3213 8.7806e-02
6346.2246 9.3964e-02
6348.1284 9.1030e-02
6350.0332 1.0028e-01
6351.9380 1.0640e-01
6353.8442 9.2552e-02
6355.7500 9.7070e-02
6357.6572 1.2915e-01
6359.5645 1.0558e-01
6361.4717 1.1284e-01
6363.3804 1.1482e-01
6365.2891 1.1550e-01
6367.1987 1.1580e-01
6369.1089 9.4005e-02
6371.0200 1.2250e-01
6372.9312 1.3524e-01
6374.8428 1.2406e-01
6376.7549 1.2311e-01
6378.6685 1.1260e-01
6380.5820 1.0289e-01
6382.4966 1.1927e-01
6384.4111 1.1329e-01
6386.3257 1.0420e-01
6388.2422 9.6941e-02
6390.1587 1.0486e-01
6392.0752 1.1815e-01
6393.9932 9.8387e-02
6395.9116 1.1677e-01
6397.8301 1.0357e-01
6399.7490 1.1057e-01
6401.6694 1.1230e-01
6403.5898 9.0038e-02
6405.5112 1.2553e-01
6407.4331 1.0085e-01
6409.3545 1.1963e-01
6411.2778 1.2374e-01
6413.2012 1.0303e-01
6415.1250 1.3114e-01
6417.0493 1.1900e-01
6418.9741 1.2210e-01
6420.9004 1.3032e-01
6422.8262 1.1766e-01
6424.7534 1.0714e-01
6426.6812 1.2273e-01
6428.6094 1.1451e-01
6430.5381 1.1010e-01
6432.4668 1.0864e-01
6434.3960 1.0641e-01
6436.3267 1.1283e-01
6438.2578 1.2422e-01
6440.1895 1.3573e-01
6442.1216 1.0518e-01
6444.0537 1.1774e-01
6445.9868 1.1775e-01
6447.9209 1.1682e-01
6449.8550 1.2367e-01
6451.7905 1.3854e-01
6453.7256 1.0691e-01
6455.6621 1.2416e-01
6457.5986 1.1361e-01
6459.5356 1.1031e-01
6461.4741 1.1313e-01
6463.4121 1.1652e-01
6465.3506 1.0753e-01
6467.2905 1.0912e-01
6469.2310 1.1367e-01
6471.1719 1.0700e-01
6473.1128 1.1136e-01
6475.0552 1.1156e-01
6476.9976 1.1258e-01
6478.9409 1.0736e-01
6480.8848 1.1884e-01
6482.8286 9.8391e-02
6484.7739 1.2185e-01
6486.7192 1.1553e-01
6488.6650 9.2231e-02
6490.6113 1.0860e-01
6492.5581 1.0581e-01
6494.5063 1.2007e-01
6496.4546 1.0707e-01
6498.4038 1.2163e-01
6500.3535 1.3545e-01
6502.3032 1.1848e-01
6504.2539 1.0606e-01
6506.2056 1.2056e-01
6508.1572 1.1231e-01
6510.1099 1.1980e-01
6512.0625 9.4554e-02
6514.0166 1.1419e-01
6515.9702 1.0847e-01
6517.9258 1.1618e-01
6519.8809 9.6932e-02
6521.8364 1.2528e-01
6523.7930 1.1392e-01
6525.7505 1.0563e-01
6527.7075 8.8122e-02
6529.6665 1.0794e-01
6531.6255 9.5778e-02
6533.5845 8.7070e-02
6535.5449 1.1663e-01
6537.5054 9.7474e-02
6539.4668 1.0542e-01
6541.4282 1.0442e-01
6543.3911 1.2272e-01
6545.3545 1.2707e-01
6547.3179 1.1165e-01
6549.2817 1.0605e-01
6551.2466 1.0139e-01
6553.2124 1.0187e-01
6555.1777 1.0158e-01
6557.1445 1.0201e-01
6559.1113 1.0754e-01
6561.0796 1.1986e-01
6563.0479 1.0201e-01
6565.0166 1.0216e-01
6566.9863 9.6229e-02
6568.9561 1.1300e-01
6570.9268 1.0003e-01
6572.8979 1.1142e-01
6574.8701 1.0744e-01
6576.8423 9.4738e-02
6578.8154 1.0148e-01
6580.7896 1.0993e-01
6582.7632 8.7431e-02
6584.7383 1.0293e-01
6586.7139 9.4065e-02
6588.6895 9.9219e-02
6590.6660 1.0656e-01
6592.6431 9.8461e-02
6594.6211 1.0109e-01
6596.5996 9.2652e-02
6598.5791 1.0733e-01
6600.5581 9.8070e-02
6602.5386 1.0601e-01
6604.5190 9.6938e-02
6606.5005 9.2442e-02
6608.4824 9.0111e-02
6610.4648 1.0180e-01
6612.4482 9.0169e-02
6614.4326 1.0071e-01
6616.4160 9.3373e-02
6618.4009 9.7154e-02
6620.3867 1.0720e-01
6622.3730 1.0180e-01
6624.3594 8.8375e-02
6626.3467 9.7329e-02
6628.3350 9.4197e-02
6630.3232 8.9962e-02
6632.3125 9.5368e-02
6634.3022 9.4750e-02
6636.2920 8.2431e-02
6638.2827 9.3120e-02
6640.2744 6.8072e-02
6642.2671 7.8540e-02
6644.2593 9.1008e-02
6646.2529 9.5987e-02
6648.2471 7.9013e-02
6650.2412 9.2465e-02
6652.2358 8.2244e-02
6654.2314 8.1783e-02
6656.2280 7.6166e-02
6658.2251 8.3534e-02
6660.2222 8.0573e-02
6662.2207 8.4349e-02
6664.2197 8.5592e-02
6666.2178 9.3932e-02
6668.2178 8.0938e-02
6670.2188 7.4406e-02
6672.2192 8.1997e-02
6674.2212 7.5312e-02
6676.2241 6.7548e-02
6678.2266 7.6613e-02
6680.2300 9.6026e-02
6682.2334 8.1996e-02
6684.2388 7.8176e-02
6686.2446 8.7185e-02
6688.2500 8.0752e-02
6690.2563 9.2735e-02
6692.2627 7.6138e-02
6694.2715 9.4681e-02
6696.2793 7.8763e-02
6698.2881 8.1128e-02
6700.2979 7.2382e-02
6702.3081 8.5530e-02
6704.3188 7.1183e-02
6706.3301 7.4049e-02
6708.3418 7.7945e-02
6710.3545 9.0088e-02
6712.3672 8.4413e-02
6714.3809 7.6264e-02
6716.3955 8.2645e-02
6718.4106 6.0841e-02
6720.4263 5.5475e-02
6722.4419 7.6891e-02
6724.4585 8.0015e-02
6726.4756 8.5420e-02
6728.4946 6.3728e-02
6730.5127 7.2793e-02
6732.5312 7.5719e-02
6734.5513 7.3411e-02
6736.5718 7.5228e-02
6738.5923 7.4702e-02
6740.6152 6.4659e-02
6742.6367 6.8074e-02
6744.6587 6.8333e-02
6746.6831 5.9131e-02
6748.7065 5.8601e-02
6750.7310 4.9879e-02
6752.7563 6.4112e-02
6754.7822 7.6273e-02
6756.8091 7.6541e-02
6758.8359 5.9270e-02
6760.8633 6.7504e-02
6762.8916 6.2094e-02
6764.9209 7.7283e-02
6766.9502 7.0323e-02
6768.9805 6.6828e-02
6771.0107 6.9709e-02
6773.0425 6.5044e-02
6775.0742 6.7588e-02
6777.1064 5.4415e-02
6779.1401 6.4708e-02
6781.1733 5.9229e-02
6783.2080 6.2563e-02
6785.2427 6.1135e-02
6787.2783 7.3423e-02
6789.3149 5.4179e-02
6791.3516 5.5777e-02
6793.3887 6.0516e-02
6795.4272 7.7330e-02
6797.4653 6.8750e-02
6799.5049 7.3873e-02
6801.5444 7.2042e-02
6803.5854 6.1418e-02
6805.6260 6.2493e-02
6807.6685 6.1623e-02
6809.7100 6.8810e-02
6811.7534 6.0164e-02
6813.7964 5.1659e-02
6815.8408 6.9734e-02
6817.8853 7.2057e-02
6819.9312 6.4183e-02
6821.9771 6.3923e-02
6824.0234 5.7370e-02
6826.0703 6.8998e-02
6828.1182 6.6824e-02
6830.1670 5.9349e-02
6832.2163 5.7784e-02
6834.2651 6.2990e-02
6836.3154 7.1278e-02
6838.3667 5.6478e-02
6840.4180 5.1637e-02
6842.4702 6.8570e-02
6844.5229 6.2643e-02
6846.5762 6.0410e-02
6848.6304 6.1309e-02
6850.6851 5.7350e-02
6852.7402 6.5595e-02
6854.7959 5.0785e-02
6856.8525 6.2975e-02
6858.9097 5.7350e-02
6860.9668 5.6587e-02
6863.0254 6.2169e-02
6865.0845 5.5324e-02
6867.1440 6.0484e-02
6869.2041 6.8302e-02
6871.2646 5.3019e-02
6873.3257 5.1794e-02
6875.3882 5.1235e-02
6877.4512 5.0668e-02
6879.5137 5.7851e-02
6881.5781 5.6075e-02
6883.6421 5.3424e-02
6885.7075 6.7186e-02
6887.7729 5.3573e-02
6889.8394 6.9990e-02
6891.9062 5.6479e-02
6893.9746 5.7151e-02
6896.0425 6.5516e-02
6898.1113 5.9623e-02
6900.1802 4.2733e-02
6902.2505 4.9182e-02
6904.3213 5.4639e-02
6906.3926 5.9416e-02
6908.4648 5.6140e-02
6910.5366 4.7735e-02
6912.6099 6.1251e-02
6914.6841 4.8802e-02
6916.7588 4.8518e-02
6918.8335 4.7423e-02
6920.9092 5.9226e-02
6922.9849 5.5853e-02
6925.0620 5.4433e-02
6927.1401 3.9396e-02
6929.2178 6.2903e-02
6931.2964 7.2817e-02
6933.3760 5.5494e-02
6935.4561 5.2731e-02
6937.5371 5.2049e-02
6939.6182 6.0840e-02
6941.7002 5.1986e-02
6943.7822 4.9489e-02
6945.8657 5.4936e-02
6947.9487 4.6561e-02
6950.0337 5.4618e-02
6952.1182 5.4009e-02
6954.2046 4.7828e-02
6956.2905 5.0770e-02
6958.3779 4.8610e-02
6960.4644 5.5580e-02
6962.5527 6.3077e-02
6964.6421 5.7185e-02
6966.7314 5.1678e-02
6968.8208 5.7015e-02
6970.9116 4.4241e-02
6973.0029 7.1924e-02
6975.0947 4.0368e-02
6977.1880 5.4346e-02
6979.2803 5.4179e-02
6981.3745 6.1719e-02
6983.4692 4.9919e-02
6985.5635 4.6935e-02
6987.6602 6.4168e-02
6989.7559 5.5982e-02
6991.8525 4.6799e-02
6993.9507 5.3426e-02
6996.0488 4.4168e-02
6998.1479 5.2556e-02
7000.2471 4.9005e-02
7002.3467 5.3483e-02
7004.4468 5.4012e-02
7006.5488 3.8435e-02
7008.6514 4.9703e-02
7010.7529 4.9683e-02
7012.8564 5.6399e-02
7014.9609 5.2828e-02
7017.0654 5.4077e-02
7019.1699 4.9883e-02
7021.2759 4.6717e-02
7023.3823 5.1947e-02
7025.4893 5.0671e-02
7027.5977 4.9811e-02
7029.7051 4.8778e-02
7031.8145 5.2874e-02
7033.9238 6.0910e-02
7036.0337 6.2728e-02
7038.1450 5.1489e-02
7040.2559 4.7128e-02
7042.3687 5.6646e-02
7044.4805 5.6072e-02
7046.5938 6.3738e-02
7048.7080 4.4520e-02
7050.8228 4.7629e-02
7052.9385 4.5467e-02
7055.0542 4.7714e-02
7057.1704 5.9062e-02
7059.2881 5.2868e-02
7061.4053 5.1084e-02
7063.5234 5.5030e-02
7065.6431 5.3434e-02
7067.7627 5.1061e-02
7069.8828 5.4347e-02
7072.0039 5.4002e-02
7074.1255 5.1416e-02
7076.2476 5.5574e-02
7078.3706 4.4083e-02
7080.4937 4.6909e-02
7082.6187 5.7996e-02
7084.7432 5.8070e-02
7086.8687 5.1384e-02
7088.9946 4.6087e-02
7091.1216 4.7982e-02
7093.2490 4.7957e-02
7095.3765 5.1237e-02
7097.5049 4.6821e-02
7099.6348 5.0610e-02
7101.7642 4.7293e-02
7103.8945 5.6564e-02
7106.0264 5.8695e-02
7108.1582 5.4829e-02
7110.2905 4.5973e-02
7112.4229 5.3438e-02
7114.5571 5.4302e-02
7116.6914 5.2641e-02
7118.8262 4.6452e-02
7120.9619 4.4897e-02
7123.0986 5.0346e-02
7125.2354 5.0304e-02
7127.3730 5.2846e-02
7129.5112 5.5347e-02
7131.6499 4.3796e-02
7133.7896 5.5766e-02
7135.9292 4.5509e-02
7138.0703 5.8951e-02
7140.2119 4.9777e-02
7142.3540 5.6257e-02
7144.4966 5.1952e-02
7146.6396 5.5025e-02
7148.7842 5.0690e-02
7150.9287 5.3514e-02
7153.0742 5.1083e-02
7155.2197 4.0321e-02
7157.3667 5.2529e-02
7159.5137 6.5763e-02
7161.6616 6.0725e-02
7163.8101 5.0341e-02
7165.9590 4.6738e-02
7168.1089 3.7226e-02
7170.2593 5.5207e-02
7172.4102 4.2008e-02
7174.5625 4.7594e-02
7176.7144 4.5343e-02
7178.8672 4.3719e-02
7181.0210 5.5150e-02
7183.1753 5.1597e-02
7185.3306 4.3467e-02
7187.4858 5.0466e-02
7189.6421 4.9334e-02
7191.7988 4.6605e-02
7193.9565 4.7250e-02
7196.1147 4.5816e-02
7198.2734 4.9903e-02
7200.4336 3.8666e-02
7202.5928 4.1880e-02
7204.7539 4.6733e-02
7206.9155 4.2568e-02
7209.0771 4.8786e-02
7211.2402 5.7042e-02
7213.4033 4.8421e-02
7215.5674 4.7889e-02
7217.7324 5.4903e-02
7219.8979 3.9621e-02
7222.0635 4.3939e-02
7224.2300 5.0995e-02
7226.3979 4.6879e-02
7228.5654 4.1606e-02
7230.7334 3.6960e-02
7232.9033 5.4031e-02
7235.0728 4.0747e-02
7237.2432 5.2731e-02
7239.4150 4.3754e-02
7241.5864 4.3671e-02
7243.7593 4.8237e-02
7245.9321 4.8638e-02
7248.1060 3.7530e-02
7250.2803 4.8710e-02
7252.4551 3.9481e-02
7254.6313 4.4450e-02
7256.8076 4.0302e-02
7258.9849 5.3920e-02
7261.1626 4.6399e-02
7263.3408 4.2747e-02
7265.5200 5.8047e-02
7267.6992 3.9841e-02
7269.8799 4.6249e-02
7272.0605 5.3317e-02
7274.2422 4.4899e-02
7276.4243 4.2736e-02
7278.6069 4.9366e-02
7280.7910 4.1924e-02
7282.9751 4.7954e-02
7285.1602 4.2380e-02
7287.3452 4.3591e-02
7289.5317 4.5562e-02
7291.7188 4.2713e-02
7293.9067 4.8184e-02
7296.0947 4.0261e-02
7298.2832 4.4426e-02
7300.4727 4.3441e-02
7302.6631 3.6092e-02
7304.8540 4.4001e-02
7307.0454 4.8596e-02
7309.2373 5.3515e-02
7311.4292 4.6831e-02
7313.6235 5.1375e-02
7315.8179 4.9812e-02
7318.0122 4.6893e-02
7320.2075 4.5627e-02
7322.4038 4.6816e-02
7324.6001 4.1276e-02
7326.7979 4.5652e-02
7328.9961 4.6384e-02
7331.1943 4.3987e-02
7333.3936 4.0419e-02
7335.5938 4.0949e-02
7337.7944 3.3370e-02
7339.9956 4.6968e-02
7342.1982 5.1049e-02
7344.4004 5.3302e-02
7346.6035 5.2064e-02
7348.8081 4.8639e-02
7351.0127 4.2318e-02
7353.2183 3.6274e-02
7355.4238 3.8020e-02
7357.6304 3.9102e-02
7359.8374 5.4911e-02
7362.0459 4.5486e-02
7364.2549 4.6815e-02
7366.4634 4.4251e-02
7368.6738 4.1282e-02
7370.8838 4.5239e-02
7373.0957 3.5468e-02
7375.3071 5.1203e-02
7377.5200 5.0893e-02
7379.7334 3.7900e-02
7381.9473 4.5870e-02
7384.1616 3.5225e-02
7386.3770 4.1233e-02
7388.5928 4.0939e-02
7390.8096 3.8371e-02
7393.0264 4.1753e-02
7395.2446 4.1906e-02
7397.4639 4.3927e-02
7399.6826 4.1375e-02
7401.9023 4.9293e-02
7404.1230 3.3479e-02
7406.3438 4.0429e-02
7408.5654 3.8411e-02
7410.7886 5.0451e-02
7413.0122 3.9337e-02
7415.2354 4.6326e-02
7417.4604 3.6594e-02
7419.6855 4.3026e-02
7421.9116 4.1422e-02
7424.1382 4.4373e-02
7426.3652 3.5174e-02
7428.5933 4.7133e-02
7430.8218 3.4349e-02
7433.0513 4.3653e-02
7435.2808 3.7308e-02
7437.5117 4.2466e-02
7439.7432 4.2001e-02
7441.9741 5.2637e-02
7444.2070 4.5115e-02
7446.4404 3.6057e-02
7448.6748 2.1513e-02
7450.9097 3.5907e-02
7453.1440 3.9147e-02
7455.3809 5.8037e-02
7457.6167 4.2339e-02
7459.8545 4.4684e-02
7462.0923 3.9768e-02
7464.3306 3.3655e-02
7466.5698 4.6053e-02
7468.8096 3.9155e-02
7471.0503 3.9690e-02
7473.2920 4.7096e-02
7475.5342 3.0062e-02
7477.7769 3.1149e-02
7480.0205 2.9603e-02
7482.2637 3.7131e-02
7484.5088 4.1635e-02
7486.7539 3.0625e-02
7489.0000 4.0923e-02
7491.2471 3.9010e-02
7493.4937 3.3421e-02
7495.7422 4.3220e-02
7497.9912 3.5072e-02
7500.2402 3.4596e-02
7502.4902 3.4980e-02
7504.7412 3.5271e-02
7506.9927 3.8558e-02
7509.2441 3.0219e-02
7511.4976 2.8664e-02
7513.7510 3.7560e-02
7516.0044 3.1961e-02
7518.2593 3.8535e-02
7520.5151 3.2349e-02
7522.7715 4.0595e-02
7525.0283 3.5428e-02
7527.2861 4.3616e-02
7529.5439 2.6789e-02
7531.8027 2.5215e-02
7534.0620 4.0869e-02
7536.3228 4.0595e-02
7538.5835 4.1656e-02
7540.8447 4.4984e-02
7543.1074 3.3589e-02
7545.3706 4.3258e-02
7547.6338 3.6347e-02
7549.8984 2.8172e-02
7552.1626 4.6169e-02
7554.4292 3.8268e-02
7556.6948 3.2580e-02
7558.9619 3.8825e-02
7561.2295 2.8152e-02
7563.4976 4.7508e-02
7565.7671 4.7254e-02
7568.0366 2.2892e-02
7570.3071 2.8716e-02
7572.5786 4.5469e-02
7574.8511 3.5566e-02
7577.1230 3.8698e-02
7579.3960 4.3340e-02
7581.6694 3.9368e-02
7583.9443 3.8268e-02
7586.2192 3.9101e-02
7588.4956 4.2037e-02
7590.7715 4.4394e-02
7593.0488 3.2764e-02
7595.3262 3.4023e-02
7597.6060 3.8169e-02
7599.8843 3.8311e-02
7602.1641 4.2452e-02
7604.4448 3.0350e-02
7606.7271 4.0102e-02
7609.0093 3.8810e-02
7611.2910 4.6663e-02
7613.5752 3.9384e-02
7615.8589 3.5667e-02
7618.1440 4.1227e-02
7620.4292 2.7197e-02
7622.7153 3.2574e-02
7625.0020 3.2058e-02
7627.2896 3.6926e-02
7629.5781 2.9200e-02
7631.8662 3.1602e-02
7634.1562 3.8872e-02
7636.4468 3.3309e-02
7638.7378 3.6741e-02
7641.0288 3.4186e-02
7643.3213 3.4453e-02
7645.6138 2.6054e-02
7647.9072 3.8565e-02
7650.2021 2.6335e-02
7652.4971 3.7151e-02
7654.7935 3.3440e-02
7657.0894 4.1385e-02
7659.3867 3.8955e-02
7661.6846 3.3430e-02
7663.9829 2.8671e-02
7666.2817 3.1901e-02
7668.5825 3.8903e-02
7670.8823 2.4929e-02
7673.1841 4.4695e-02
7675.4854 3.6447e-02
7677.7891 3.7636e-02
7680.0918 3.3957e-02
7682.3960 3.5492e-02
7684.7002 3.2797e-02
7687.0059 3.4226e-02
7689.3125 3.2548e-02
7691.6191 3.1956e-02
7693.9268 2.5867e-02
7696.2344 4.0310e-02
7698.5430 3.5925e-02
7700.8530 3.2407e-02
7703.1631 3.7118e-02
7705.4746 2.5477e-02
7707.7856 2.4641e-02
7710.0981 4.1079e-02
7712.4111 2.4164e-02
7714.7251 4.1162e-02
7717.0391 3.7973e-02
7719.3540 2.8295e-02
7721.6699 3.2821e-02
7723.9868 3.5609e-02
7726.3042 3.4763e-02
7728.6216 3.3829e-02
7730.9409 3.2552e-02
7733.2593 3.9927e-02
7735.5796 3.7053e-02
7737.9004 3.6137e-02
7740.2217 3.7283e-02
7742.5435 2.3991e-02
7744.8662 3.4491e-02
7747.1895 3.0289e-02
7749.5142 3.8939e-02
7751.8394 3.6380e-02
7754.1650 3.1067e-02
7756.4907 3.4880e-02
7758.8174 3.3333e-02
7761.1450 3.7522e-02
7763.4736 2.7691e-02
7765.8022 3.5001e-02
7768.1323 3.4319e-02
7770.4634 4.1684e-02
7772.7944 3.0571e-02
7775.1260 3.1686e-02
7777.4585 3.1584e-02
7779.7915 3.0847e-02
7782.1260 3.8282e-02
7784.4604 3.2826e-02
7786.7954 3.1024e-02
7789.1318 3.4815e-02
7791.4683 3.5803e-02
7793.8062 2.8136e-02
7796.1436 2.9691e-02
7798.4824 2.4538e-02
7800.8218 3.1165e-02
7803.1626 3.0074e-02
7805.5034 2.6359e-02
7807.8447 3.6925e-02
7810.1880 2.7252e-02
7812.5303 3.3696e-02
7814.8745 4.3639e-02
7817.2192 3.7502e-02
7819.5640 3.7987e-02
7821.9106 3.5698e-02
7824.2559 3.3797e-02
7826.6040 2.9497e-02
7828.9521 1.8464e-02
7831.3003 4.2484e-02
7833.6499 3.5599e-02
7835.9995 3.5602e-02
7838.3511 4.0043e-02
7840.7021 3.3387e-02
7843.0547 3.5060e-02
7845.4077 3.2630e-02
7847.7603 3.6526e-02
7850.1152 3.1361e-02
7852.4702 4.1615e-02
7854.8262 3.4351e-02
7857.1821 3.9067e-02
7859.5396 3.1842e-02
7861.8975 3.3732e-02
7864.2559 2.0358e-02
7866.6157 3.2543e-02
7868.9756 3.9310e-02
7871.3359 3.3255e-02
7873.6978 2.7766e-02
7876.0601 4.0239e-02
7878.4224 3.8143e-02
7880.7856 3.8676e-02
7883.1509 3.6449e-02
7885.5151 2.7883e-02
7887.8809 4.0771e-02
7890.2476 3.0225e-02
7892.6147 2.5538e-02
7894.9814 4.3724e-02
7897.3501 3.4268e-02
7899.7192 4.1144e-02
7902.0898 2.6486e-02
7904.4604 3.3903e-02
7906.8311 2.9940e-02
7909.2036 3.9388e-02
7911.5767 3.6189e-02
7913.9497 3.0062e-02
7916.3247 4.3984e-02
7918.6987 2.4296e-02
7921.0742 3.2889e-02
7923.4512 3.3749e-02
7925.8276 2.9770e-02
7928.2051 3.2178e-02
7930.5845 3.7817e-02
7932.9634 3.3367e-02
7935.3433 3.2451e-02
7937.7236 3.9224e-02
7940.1050 3.2038e-02
7942.4873 3.2645e-02
7944.8701 3.6931e-02
7947.2529 3.3892e-02
7949.6377 3.2593e-02
7952.0225 3.2199e-02
7954.4082 3.3727e-02
7956.7949 3.2041e-02
7959.1807 3.8247e-02
7961.5688 4.2735e-02
7963.9580 2.0479e-02
7966.3462 3.3582e-02
7968.7368 3.8755e-02
7971.1274 3.3183e-02
7973.5181 3.2827e-02
7975.9111 3.8066e-02
7978.3032 2.9395e-02
7980.6973 3.7718e-02
7983.0908 3.3881e-02
7985.4858 3.4871e-02
7987.8823 2.3369e-02
7990.2778 4.0766e-02
7992.6748 3.1644e-02
7995.0728 3.5472e-02
7997.4717 2.8309e-02
7999.8711 2.8487e-02
8002.2710 3.3911e-02
8004.6709 3.5183e-02
8007.0723 3.7474e-02
8009.4746 3.9706e-02
8011.8779 2.9282e-02
8014.2812 4.2563e-02
8016.6855 3.4576e-02
8019.0903 3.3781e-02
8021.4966 3.7404e-02
8023.9028 4.2544e-02
8026.3105 3.3303e-02
8028.7173 2.7786e-02
8031.1260 3.8679e-02
8033.5361 3.8162e-02
8035.9458 4.0455e-02
8038.3569 3.1671e-02
8040.7681 3.0355e-02
8043.1807 3.5641e-02
8045.5933 3.4647e-02
8048.0068 3.3964e-02
8050.4214 3.2823e-02
8052.8364 3.8813e-02
8055.2520 2.7020e-02
8057.6689 4.1669e-02
8060.0864 3.9261e-02
8062.5049 3.5646e-02
8064.9229 3.7905e-02
8067.3423 3.0783e-02
8069.7632 2.3771e-02
8072.1836 3.7180e-02
8074.6050 3.7884e-02
8077.0278 3.0011e-02
8079.4507 3.6476e-02
8081.8745 3.5069e-02
8084.2988 2.8505e-02
8086.7251 2.9095e-02
8089.1509 3.0313e-02
8091.5771 3.6889e-02
8094.0049 3.1966e-02
8096.4331 3.0877e-02
8098.8618 3.5380e-02
8101.2910 3.3346e-02
8103.7217 3.1590e-02
8106.1528 4.2790e-02
8108.5845 3.9319e-02
8111.0171 2.9182e-02
8113.4502 3.1826e-02
8115.8843 3.5540e-02
8118.3188 2.9733e-02
8120.7549 2.9631e-02
8123.1914 3.2125e-02
8125.6284 3.2236e-02
8128.0659 3.9694e-02
8130.5049 3.4636e-02
8132.9438 3.9435e-02
8135.3833 2.9280e-02
8137.8237 3.6108e-02
8140.2651 2.3895e-02
8142.7075 3.3437e-02
8145.1504 4.0287e-02
8147.5938 2.8433e-02
8150.0376 2.9569e-02
8152.4834 3.7847e-02
8154.9292 2.7203e-02
8157.3750 3.0975e-02
8159.8228 2.8760e-02
8162.2705 3.8130e-02
8164.7192 2.8951e-02
8167.1685 2.9071e-02
8169.6187 3.8073e-02
8172.0693 4.1102e-02
8174.5210 2.8965e-02
8176.9736 2.6818e-02
8179.4268 3.5701e-02
8181.8809 3.0494e-02
8184.3350 2.8990e-02
8186.7900 2.8790e-02
8189.2456 3.4687e-02
8191.7031 3.1278e-02
8194.1602 3.3370e-02
8196.6191 2.9543e-02
8199.0781 3.8025e-02
8201.5371 3.6488e-02
8203.9980 3.6292e-02
8206.4590 2.7263e-02
8208.9219 3.3191e-02
8211.3838 2.8591e-02
8213.8477 3.1468e-02
8216.3115 2.5765e-02
8218.7764 3.2304e-02
8221.2422 2.7298e-02
8223.7090 3.3485e-02
8226.1758 2.5335e-02
8228.6436 2.9911e-02
8231.1123 3.3958e-02
8233.5811 3.8433e-02
8236.0518 3.6825e-02
8238.5215 3.2933e-02
8240.9932 4.1345e-02
8243.4658 3.6127e-02
8245.9395 3.3159e-02
8248.4131 3.4804e-02
8250.8877 3.1883e-02
8253.3623 2.6040e-02
8255.8389 3.3404e-02
8258.3154 3.9603e-02
8260.7920 2.8647e-02
8263.2715 3.1642e-02
8265.7500 2.7717e-02
8268.2305 3.5995e-02
8270.7100 3.5832e-02
8273.1914 3.6284e-02
8275.6738 2.9278e-02
8278.1553 2.7102e-02
8280.6396 3.5234e-02
8283.1240 3.5225e-02
8285.6094 3.4058e-02
8288.0947 3.3520e-02
8290.5811 4.5453e-02
8293.0674 3.6047e-02
8295.5557 3.7627e-02
8298.0449 2.7483e-02
8300.5352 3.8122e-02
8303.0234 2.2882e-02
8305.5156 2.8760e-02
8308.0068 3.7325e-02
8310.5000 3.4051e-02
8312.9922 3.3427e-02
8315.4863 4.6669e-02
8317.9805 3.5756e-02
8320.4766 3.6804e-02
8322.9717 3.2081e-02
8325.4697 3.3560e-02
8327.9668 2.6492e-02
8330.4658 3.7597e-02
8332.9639 3.8933e-02
8335.4648 2.7076e-02
8337.9648 3.6840e-02
8340.4668 2.7879e-02
8342.9688 3.6554e-02
8345.4717 4.0547e-02
8347.9746 3.3999e-02
8350.4795 3.0572e-02
8352.9844 2.9334e-02
8355.4902 3.9986e-02
8357.9971 3.9045e-02
8360.5039 3.6344e-02
8363.0127 3.4984e-02
8365.5215 3.7758e-02
8368.0312 4.4641e-02
8370.5420 3.7889e-02
8373.0527 2.5155e-02
8375.5654 4.4044e-02
8378.0771 4.2920e-02
8380.5908 3.4274e-02
8383.1045 3.1127e-02
8385.6191 2.6152e-02
8388.1348 3.7293e-02
8390.6523 3.1550e-02
8393.1689 3.1284e-02
8395.6865 3.1662e-02
8398.2061 3.3974e-02
8400.7246 3.4011e-02
8403.2461 3.8563e-02
8405.7666 3.7186e-02
8408.2881 3.7821e-02
8410.8105 3.5324e-02
8413.3340 3.1824e-02
8415.8584 3.2022e-02
8418.3818 3.9932e-02
8420.9082 3.4682e-02
8423.4346 3.1699e-02
8425.9609 3.8946e-02
8428.4893 4.3994e-02
8431.0186 2.9395e-02
8433.5479 2.7520e-02
8436.0771 2.6320e-02
8438.6074 3.9427e-02
8441.1396 3.4116e-02
8443.6729 3.7660e-02
8446.2051 3.4780e-02
8448.7383 4.1023e-02
8451.2734 3.9690e-02
8453.8086 3.3349e-02
8456.3457 3.3548e-02
8458.8828 4.6762e-02
8461.4199 4.4304e-02
8463.9580 4.4672e-02
8466.4971 3.7999e-02
8469.0371 4.0832e-02
8471.5781 3.5980e-02
8474.1191 3.7999e-02
8476.6621 5.0349e-02
8479.2051 3.5058e-02
8481.7480 3.5900e-02
8484.2930 3.7155e-02
8486.8379 3.1248e-02
8489.3848 3.3485e-02
8491.9316 3.5691e-02
8494.4795 3.8597e-02
8497.0264 3.1196e-02
8499.5762 3.9314e-02
8502.1260 3.1814e-02
8504.6777 3.5877e-02
8507.2285 4.0260e-02
8509.7803 3.6579e-02
8512.3330 4.4409e-02
8514.8857 4.7381e-02
8517.4414 4.4288e-02
8519.9961 3.8162e-02
8522.5527 2.8774e-02
8525.1094 3.7875e-02
8527.6670 3.8623e-02
8530.2246 3.9666e-02
8532.7842 3.6203e-02
8535.3438 3.1710e-02
8537.9053 4.2688e-02
8540.4668 5.4743e-02
8543.0273 3.8791e-02
8545.5908 4.2445e-02
8548.1543 3.2185e-02
8550.7188 4.6719e-02
8553.2842 4.1114e-02
8555.8496 5.1526e-02
8558.4170 3.9592e-02
8560.9844 4.4626e-02
8563.5527 3.6815e-02
8566.1221 3.6307e-02
8568.6914 3.5801e-02
8571.2617 4.1433e-02
8573.8350 3.4987e-02
8576.4062 5.3669e-02
8578.9785 3.7117e-02
8581.5527 4.5332e-02
8584.1270 4.4186e-02
8586.7031 4.7853e-02
8589.2783 4.3529e-02
8591.8555 4.3814e-02
8594.4326 3.5124e-02
8597.0117 4.4249e-02
8599.5898 3.7877e-02
8602.1699 3.5708e-02
8604.7500 4.4260e-02
8607.3320 4.4158e-02
8609.9150 4.5122e-02
8612.4971 3.4491e-02
8615.0811 3.9891e-02
8617.6660 4.6957e-02
8620.2500 3.6559e-02
8622.8369 4.3112e-02
8625.4229 4.8302e-02
8628.0117 4.3037e-02
8630.6006 4.6310e-02
8633.1885 4.3288e-02
8635.7793 3.6754e-02
8638.3711 4.0326e-02
8640.9609 4.2408e-02
8643.5527 5.1479e-02
8646.1465 3.1051e-02
8648.7393 4.3354e-02
8651.3350 3.7908e-02
8653.9307 4.2558e-02
8656.5264 3.8815e-02
8659.1230 3.1904e-02
8661.7207 4.1203e-02
8664.3203 3.7790e-02
8666.9189 4.9673e-02
8669.5186 3.4231e-02
8672.1201 3.7136e-02
8674.7217 3.3589e-02
8677.3242 4.3900e-02
8679.9277 3.6938e-02
8682.5312 4.4979e-02
8685.1367 4.8081e-02
8687.7412 3.9363e-02
8690.3477 4.5735e-02
8692.9551 3.9105e-02
8695.5625 4.4022e-02
8698.1709 4.7317e-02
8700.7803 3.9964e-02
8703.3916 3.8949e-02
8706.0020 3.8740e-02
8708.6133 4.3777e-02
8711.2266 4.1707e-02
8713.8398 4.0164e-02
8716.4541 4.1755e-02
8719.0684 4.1271e-02
8721.6846 4.3884e-02
8724.3018 5.0290e-02
8726.9189 3.8978e-02
8729.5371 3.9051e-02
8732.1553 3.5474e-02
8734.7754 5.2631e-02
8737.3955 3.6897e-02
8740.0166 3.9380e-02
8742.6387 5.0057e-02
8745.2607 4.7147e-02
8747.8848 4.4965e-02
8750.5098 5.1068e-02
8753.1348 4.1654e-02
8755.7607 3.7013e-02
8758.3867 3.4301e-02
8761.0146 3.4577e-02
8763.6436 3.5130e-02
8766.2715 4.2995e-02
8768.9023 3.8055e-02
8771.5322 3.3390e-02
8774.1641 4.2872e-02
8776.7959 4.1766e-02
8779.4287 4.1598e-02
8782.0635 4.0691e-02
8784.6982 3.6744e-02
8787.3330 3.5561e-02
8789.9697 3.5091e-02
8792.6074 3.2953e-02
8795.2451 4.1819e-02
8797.8838 3.3240e-02
8800.5234 3.0025e-02
8803.1621 4.1264e-02
8805.8027 4.7752e-02
8808.4453 4.4181e-02
8811.0879 4.1918e-02
8813.7314 2.9817e-02
8816.3750 3.8271e-02
8819.0205 4.5302e-02
8821.6660 3.7458e-02
8824.3125 3.3617e-02
8826.9590 3.8080e-02
8829.6084 3.4530e-02
8832.2568 3.9442e-02
8834.9062 2.9856e-02
8837.5557 3.2241e-02
8840.2080 2.9605e-02
8842.8594 3.2576e-02
8845.5127 3.1453e-02
8848.1670 4.3144e-02
8850.8213 3.6731e-02
8853.4766 4.0045e-02
8856.1328 3.6757e-02
8858.7881 3.6736e-02
8861.4463 3.9421e-02
8864.1045 3.7180e-02
8866.7646 3.5923e-02
8869.4238 4.1576e-02
8872.0850 3.5613e-02
8874.7471 3.2688e-02
8877.4092 4.1244e-02
8880.0732 3.4961e-02
8882.7373 3.4797e-02
8885.4014 3.6223e-02
8888.0674 4.0094e-02
8890.7334 3.4079e-02
8893.4004 3.9113e-02
8896.0684 3.6486e-02
8898.7373 3.9135e-02
8901.4072 3.0785e-02
8904.0771 3.2208e-02
8906.7480 4.0785e-02
8909.4199 2.4026e-02
8912.0938 3.8549e-02
8914.7676 3.2288e-02
8917.4414 3.1886e-02
8920.1172 3.1647e-02
8922.7930 3.5493e-02
8925.4697 2.9604e-02
8928.1475 3.0100e-02
8930.8262 3.4656e-02
8933.5049 3.0529e-02
8936.1855 4.0600e-02
8938.8652 2.9577e-02
8941.5469 3.4054e-02
8944.2295 3.9769e-02
8946.9141 3.3845e-02
8949.5977 3.0868e-02
8952.2822 2.6161e-02
8954.9678 2.8603e-02
8957.6553 4.0550e-02
8960.3418 4.0882e-02
8963.0293 3.5272e-02
8965.7178 2.6515e-02
8968.4082 3.8906e-02
8971.0986 3.1685e-02
8973.7910 2.7631e-02
8976.4824 3.2989e-02
8979.1748 3.3141e-02
8981.8691 3.4609e-02
8984.5635 2.6094e-02
8987.2588 3.3538e-02
8989.9551 3.4058e-02
8992.6523 3.2327e-02
8995.3506 3.4229e-02
8998.0488 3.4513e-02
9000.7480 3.4871e-02
9003.4482 2.9842e-02
9006.1494 4.1800e-02
9008.8516 3.3245e-02
9011.5537 3.0055e-02
9014.2578 3.1630e-02
9016.9609 2.0629e-02
9019.6660 3.4961e-02
9022.3721 2.8618e-02
9025.0791 3.3210e-02
9027.7871 3.3415e-02
9030.4951 2.5575e-02
9033.2051 2.5852e-02
9035.9150 2.7468e-02
9038.6260 2.5971e-02
9041.3369 2.5779e-02
9044.0498 2.9824e-02
9046.7627 2.6652e-02
9049.4766 3.0188e-02
9052.1914 3.2434e-02
9054.9072 3.1020e-02
9057.6240 3.2103e-02
9060.3398 3.2415e-02
9063.0586 2.0833e-02
9065.7773 3.2692e-02
9068.4971 2.9672e-02
9071.2168 2.5327e-02
9073.9395 3.4910e-02
9076.6611 2.8221e-02
9079.3848 2.6441e-02
9082.1074 3.1844e-02
9084.8330 3.6778e-02
9087.5576 2.4080e-02
9090.2832 2.6278e-02
9093.0117 2.2159e-02
9095.7393 2.4754e-02
9098.4688 2.7568e-02
9101.1973 2.8467e-02
9103.9287 2.1583e-02
9106.6592 3.1044e-02
9109.3906 3.2178e-02
9112.1250 2.5664e-02
9114.8584 3.0230e-02
9117.5928 2.6294e-02
9120.3271 1.9396e-02
9123.0635 2.9517e-02
9125.8008 3.4539e-02
9128.5391 2.5179e-02
9131.2764 2.3385e-02
9134.0156 2.3933e-02
9136.7568 2.0488e-02
9139.4980 2.9280e-02
9142.2383 2.7851e-02
9144.9814 3.1260e-02
9147.7266 2.2535e-02
9150.4707 2.1238e-02
9153.2158 2.4795e-02
9155.9609 2.6809e-02
9158.7070 2.9148e-02
9161.4551 3.4729e-02
9164.2041 1.6147e-02
9166.9531 2.1443e-02
9169.7031 2.7303e-02
9172.4541 2.3740e-02
9175.2051 2.6883e-02
9177.9580 3.2708e-02
9180.7109 2.7728e-02
9183.4668 2.7635e-02
9186.2207 2.4594e-02
9188.9766 3.0564e-02
9191.7334 3.0810e-02
9194.4912 2.6624e-02
9197.2490 1.9006e-02
9200.0088 2.1752e-02
9202.7686 2.5937e-02
9205.5293 2.9759e-02
9208.2920 2.8900e-02
9211.0527 2.7049e-02
9213.8164 1.8392e-02
9216.5811 2.3285e-02
9219.3467 2.8722e-02
9222.1113 1.7882e-02
9224.8789 2.8516e-02
9227.6455 2.1052e-02
9230.4141 2.4596e-02
9233.1836 2.2627e-02
9235.9531 2.4791e-02
9238.7246 2.8148e-02
9241.4951 1.9774e-02
9244.2686 2.4072e-02
9247.0410 2.4993e-02
9249.8154 2.4569e-02
9252.5908 2.2910e-02
9255.3652 2.9594e-02
9258.1426 2.7520e-02
9260.9209 2.1136e-02
9263.6992 2.4578e-02
9266.4775 2.6216e-02
9269.2568 2.6242e-02
9272.0381 1.5776e-02
9274.8203 2.6128e-02
9277.6025 2.5447e-02
9280.3857 2.4275e-02
9283.1709 2.3663e-02
9285.9541 2.7230e-02
9288.7402 2.8268e-02
9291.5264 2.6118e-02
9294.3135 1.9150e-02
9297.1025 2.1739e-02
9299.8926 1.9992e-02
9302.6816 2.2034e-02
9305.4727 1.9282e-02
9308.2646 2.4777e-02
9311.0566 1.7333e-02
9313.8506 2.2635e-02
9316.6436 2.1198e-02
9319.4395 2.5523e-02
9322.2354 2.9457e-02
9325.0322 2.4793e-02
9327.8291 1.9560e-02
9330.6279 2.1763e-02
9333.4277 2.3717e-02
9336.2266 2.4690e-02
9339.0283 1.7647e-02
9341.8291 2.0150e-02
9344.6318 2.7440e-02
9347.4355 2.3961e-02
9350.2402 2.4700e-02
9353.0449 1.8465e-02
9355.8516 2.0728e-02
9358.6572 2.2152e-02
9361.4658 2.9661e-02
9364.2734 1.6982e-02
9367.0830 2.5863e-02
9369.8936 2.5923e-02
9372.7041 2.0904e-02
9375.5156 2.4231e-02
9378.3291 2.0399e-02
9381.1416 2.0823e-02
9383.9561 2.3011e-02
9386.7715 2.3701e-02
9389.5879 1.4823e-02
9392.4043 2.0490e-02
9395.2217 1.9849e-02
9398.0400 2.5155e-02
9400.8594 1.9020e-02
9403.6807 2.2915e-02
9406.5020 2.1145e-02
9409.3242 2.1403e-02
9412.1465 2.2017e-02
9414.9707 2.2515e-02
9417.7939 2.5427e-02
9420.6201 2.1597e-02
9423.4453 1.6956e-02
9426.2725 1.8484e-02
9429.1006 1.5773e-02
9431.9287 2.0172e-02
9434.7588 2.1602e-02
9437.5898 2.5993e-02
9440.4209 2.3329e-02
9443.2529 2.5834e-02
9446.0859 1.3134e-02
9448.9199 2.3384e-02
9451.7549 1.7414e-02
9454.5889 1.8600e-02
9457.4268 2.0169e-02
9460.2637 1.6693e-02
9463.1016 1.7527e-02
9465.9414 1.6271e-02
9468.7803 1.9893e-02
9471.6211 1.6135e-02
9474.4629 2.2226e-02
9477.3047 2.2375e-02
9480.1484 1.6204e-02
9482.9922 2.2733e-02
9485.8369 1.3842e-02
9488.6836 1.5379e-02
9491.5303 2.0043e-02
9494.3760 2.2875e-02
9497.2256 2.0448e-02
9500.0742 1.6930e-02
9502.9238 1.8807e-02
9505.7754 2.5436e-02
9508.6270 1.4986e-02
9511.4805 1.7026e-02
9514.3320 1.7438e-02
9517.1875 2.6716e-02
9520.0420 2.4974e-02
9522.8984 1.9136e-02
9525.7559 1.9295e-02
9528.6133 1.9193e-02
9531.4717 1.8902e-02
9534.3311 1.5427e-02
9537.1914 1.8426e-02
9540.0518 1.9819e-02
9542.9150 1.9653e-02
9545.7773 1.8951e-02
9548.6416 2.0455e-02
9551.5059 2.0054e-02
9554.3711 1.7551e-02
9557.2373 1.2870e-02
9560.1045 1.7562e-02
9562.9727 1.5379e-02
9565.8418 1.8805e-02
9568.7109 1.6065e-02
9571.5820 2.4569e-02
9574.4531 1.1656e-02
9577.3252 1.6115e-02
9580.1992 1.1892e-02
9583.0723 1.9210e-02
9585.9473 1.6730e-02
9588.8242 1.4799e-02
9591.7002 2.0224e-02
9594.5781 2.3122e-02
9597.4561 1.6797e-02
9600.3350 1.7871e-02
9603.2158 2.2668e-02
9606.0957 1.6925e-02
9608.9775 1.7926e-02
9611.8613 1.2391e-02
9614.7441 1.5358e-02
9617.6279 1.8013e-02
9620.5137 1.5538e-02
9623.4014 1.7910e-02
9626.2881 1.4676e-02
9629.1748 1.8455e-02
9632.0645 1.5356e-02
9634.9541 1.7451e-02
9637.8438 1.9107e-02
9640.7363 1.3591e-02
9643.6270 1.5900e-02
9646.5215 1.6361e-02
9649.4141 2.4373e-02
9652.3086 1.5135e-02
9655.2051 1.6531e-02
9658.1016 1.7793e-02
9660.9990 1.9177e-02
9663.8975 1.8457e-02
9666.7969 1.6076e-02
9669.6973 1.9118e-02
9672.5967 1.5201e-02
9675.5000 2.0130e-02
9678.4023 1.8220e-02
9681.3057 1.2223e-02
9684.2109 1.5552e-02
9687.1152 9.2778e-03
9690.0215 1.4953e-02
9692.9287 1.9096e-02
9695.8369 2.0881e-02
9698.7441 1.0164e-02
9701.6553 1.8521e-02
9704.5645 1.2323e-02
9707.4775 1.3209e-02
9710.3887 1.1927e-02
9713.3008 1.3718e-02
9716.2158 8.6670e-03
9719.1299 1.3257e-02
9722.0459 1.6886e-02
9724.9629 1.2270e-02
9727.8809 1.5341e-02
9730.7988 1.4545e-02
9733.7178 1.5332e-02
9736.6387 1.0484e-02
9739.5586 1.3586e-02
9742.4805 1.3599e-02
9745.4033 1.4242e-02
9748.3281 1.3697e-02
9751.2520 1.4270e-02
9754.1777 1.7490e-02
9757.1035 1.7892e-02
9760.0303 1.3016e-02
9762.9590 1.3725e-02
9765.8877 1.1832e-02
9768.8174 1.5130e-02
9771.7480 1.3980e-02
9774.6797 1.1122e-02
9777.6113 2.0040e-02
9780.5459 1.9323e-02
9783.4795 1.1702e-02
9786.4141 1.2890e-02
9789.3496 1.1472e-02
9792.2871 1.5108e-02
9795.2256 1.8120e-02
9798.1641 1.3617e-02
9801.1035 7.9404e-03
9804.0430 1.7228e-02
9806.9844 1.3860e-02
9809.9268 1.2956e-02
9812.8691 1.1827e-02
9815.8125 1.5886e-02
9818.7578 1.6103e-02
9821.7041 1.6551e-02
9824.6494 8.6859e-03
9827.5967 1.2393e-02
9830.5469 1.0834e-02
9833.4951 8.5030e-03
9836.4453 1.2345e-02
9839.3965 1.5439e-02
9842.3486 1.4615e-02
9845.2998 1.2328e-02
9848.2549 8.1745e-03
9851.2080 1.6844e-02
9854.1641 1.6089e-02
9857.1201 1.3790e-02
9860.0771 1.5254e-02
9863.0361 1.2261e-02
9865.9941 1.2540e-02
9868.9541 1.3398e-02
9871.9150 1.3499e-02
9874.8760 1.3515e-02
9877.8389 1.3123e-02
9880.8018 1.1484e-02
9883.7666 1.4893e-02
9886.7324 1.2957e-02
9889.6982 1.1788e-02
9892.6641 1.5405e-02
9895.6338 1.0128e-02
9898.6016 1.4587e-02
9901.5713 1.1991e-02
9904.5420 1.8027e-02
9907.5127 9.0719e-03
9910.4854 9.8515e-03
9913.4590 1.0943e-02
9916.4326 1.3587e-02
9919.4072 1.2540e-02
9922.3828 1.4994e-02
9925.3584 8.5906e-03
9928.3379 1.4035e-02
9931.3164 1.2541e-02
9934.2949 1.4658e-02
9937.2754 1.2577e-02
9940.2568 1.2942e-02
9943.2383 7.4500e-03
9946.2207 1.3549e-02
9949.2061 9.2291e-03
9952.1904 8.6657e-03
9955.1758 1.4260e-02
9958.1631 1.3033e-02
9961.1494 1.5333e-02
9964.1387 1.1469e-02
9967.1279 1.3913e-02
9970.1182 1.1126e-02
9973.1084 1.0197e-02
9976.1006 8.4617e-03
9979.0928 1.0944e-02
9982.0859 7.5441e-03
9985.0820 1.2194e-02
9988.0771 1.2564e-02
9991.0732 1.1744e-02
9994.0713 1.1293e-02
9997.0693 9.0964e-03
10000.0684 1.2767e-02
10003.0674 8.0208e-03
10006.0684 1.0787e-02
10009.0713 1.0702e-02
10012.0742 7.9851e-03
10015.0771 1.0709e-02
10018.0820 7.4965e-03
10021.0879 1.1086e-02
10024.0938 1.0378e-02
10027.1006 1.2320e-02
10030.1084 1.2416e-02
10033.1172 9.8094e-03
10036.1270 1.4622e-02
10039.1387 8.9501e-03
10042.1504 9.9228e-03
10045.1631 1.1446e-02
10048.1768 9.7885e-03
10051.1924 1.3027e-02
10054.2061 1.2401e-02
10057.2227 1.2582e-02
10060.2402 9.3436e-03
10063.2578 1.7485e-02
10066.2773 8.7446e-03
10069.2969 1.0418e-02
10072.3174 1.2709e-02
10075.3379 1.2866e-02
10078.3623 7.2986e-03
10081.3848 1.0802e-02
10084.4102 1.2853e-02
10087.4346 1.4225e-02
10090.4619 7.5349e-03
10093.4883 8.8255e-03
10096.5166 1.2768e-02
10099.5459 1.6304e-02
10102.5742 7.9632e-03
10105.6055 1.1521e-02
10108.6367 1.3306e-02
10111.6709 1.3696e-02
10114.7041 8.2521e-03
10117.7383 1.0225e-02
10120.7734 9.2435e-03
10123.8105 9.8071e-03
10126.8477 1.0210e-02
10129.8857 1.1838e-02
10132.9248 1.1449e-02
10135.9648 1.3871e-02
10139.0049 1.0830e-02
10142.0479 1.0569e-02
10145.0879 9.6375e-03
10148.1318 1.1730e-02
10151.1768 6.6610e-03
10154.2227 1.0974e-02
10157.2686 7.7428e-03
10160.3154 6.8958e-03
10163.3643 9.7607e-03
10166.4121 6.2422e-03
10169.4629 1.1538e-02
10172.5137 8.7933e-03
10175.5654 8.2041e-03
10178.6191 7.0651e-03
10181.6719 6.0361e-03
10184.7256 1.0507e-02
10187.7822 9.2646e-03
10190.8379 9.2604e-03
10193.8945 6.7323e-03
10196.9541 7.7389e-03
10200.0127 6.8102e-03
10203.0723 1.1894e-02
10206.1328 1.0673e-02
10209.1953 1.1941e-02
10212.2578 8.3353e-03
10215.3223 1.6797e-02
10218.3867 5.5148e-03
10221.4521 1.0240e-02
10224.5186 8.5067e-03
10227.5850 9.2941e-03
10230.6543 9.3248e-03
10233.7246 1.0245e-02
10236.7930 5.8667e-03
10239.8643 9.9222e-03
10242.9355 7.6150e-03
10246.0098 9.6378e-03
10249.0830 1.1556e-02
10252.1572 8.6500e-03
10255.2334 6.9531e-03
10258.3096 1.4111e-02
10261.3877 9.0176e-03
10264.4648 6.9338e-03
10267.5449 6.4737e-03
10270.6250 1.0539e-02
