# time_explosion = 2.75
# 
3082.8928 4.3654e-03
3083.8179 2.6292e-03
3084.7432 0.0000e+00
3085.6685 0.0000e+00
3086.5940 3.9188e-03
3087.5200 3.1036e-03
3088.4463 0.0000e+00
3089.3728 4.9222e-04
3090.2996 6.5581e-04
3091.2268 0.0000e+00
3092.1541 3.8440e-03
3093.0815 1.4232e-02
3094.0098 4.7442e-03
3094.9380 6.4102e-04
3095.8665 6.4381e-03
3096.7952 9.8165e-03
3097.7241 4.1715e-03
3098.6536 6.7985e-03
3099.5828 4.0033e-03
3100.5129 4.0215e-03
3101.4431 6.9043e-03
3102.3735 6.2119e-03
3103.3042 0.0000e+00
3104.2354 8.9980e-03
3105.1665 1.3647e-02
3106.0981 1.9940e-03
3107.0300 3.6756e-03
3107.9619 7.5909e-04
3108.8943 1.3310e-03
3109.8269 0.0000e+00
3110.7600 2.8706e-03
3111.6929 9.0817e-03
3112.6265 6.7521e-03
3113.5605 8.9130e-03
3114.4944 0.0000e+00
3115.4290 1.6749e-03
3116.3635 0.0000e+00
3117.2986 1.3079e-03
3118.2336 5.8196e-03
3119.1689 7.1291e-03
3120.1047 4.7991e-03
3121.0410 4.6043e-03
3121.9773 4.0591e-03
3122.9136 0.0000e+00
3123.8508 6.2360e-03
3124.7878 0.0000e+00
3125.7251 3.5706e-04
3126.6628 1.7727e-02
3127.6008 2.7802e-03
3128.5393 2.6976e-03
3129.4778 2.8705e-03
3130.4170 3.9854e-03
3131.3557 4.8250e-03
3132.2954 4.6646e-03
3133.2349 1.5240e-03
3134.1748 4.0713e-03
3135.1150 2.0958e-03
3136.0559 6.0710e-03
3136.9968 3.4571e-03
3137.9377 3.3855e-03
3138.8789 7.3949e-03
3139.8206 8.5895e-03
3140.7625 2.0482e-03
3141.7046 7.0374e-03
3142.6472 1.2499e-03
3143.5901 4.7359e-04
3144.5334 1.6003e-03
3145.4766 3.1674e-03
3146.4202 4.3178e-03
3147.3643 1.0697e-02
3148.3086 2.5210e-03
3149.2529 5.9181e-03
3150.1975 4.2614e-03
3151.1426 6.3345e-03
3152.0881 3.7804e-03
3153.0337 1.3331e-02
3153.9795 8.5988e-03
3154.9255 9.0624e-04
3155.8723 3.3496e-03
3156.8188 4.9885e-04
3157.7661 5.0455e-03
3158.7134 4.8879e-03
3159.6609 6.1662e-03
3160.6086 1.3021e-02
3161.5571 1.1516e-02
3162.5054 6.2251e-03
3163.4541 2.5230e-03
3164.4031 3.7132e-03
3165.3528 2.7636e-03
3166.3022 1.6062e-02
3167.2522 9.6334e-03
3168.2024 9.7371e-03
3169.1526 4.3981e-03
3170.1035 5.0675e-03
3171.0544 4.5875e-03
3172.0061 5.4229e-03
3172.9573 3.0780e-03
3173.9092 4.4283e-03
3174.8613 7.7877e-03
3175.8140 8.7390e-03
3176.7668 0.0000e+00
3177.7197 3.8491e-03
3178.6729 2.3328e-03
3179.6267 1.5698e-02
3180.5808 0.0000e+00
3181.5347 9.3311e-04
3182.4893 4.7646e-03
3183.4438 6.5736e-03
3184.3987 8.0757e-03
3185.3542 4.7251e-03
3186.3101 8.6248e-03
3187.2659 0.0000e+00
3188.2217 0.0000e+00
3189.1785 2.6956e-03
3190.1350 7.2946e-03
3191.0920 2.8294e-03
3192.0493 6.6752e-03
3193.0071 1.9564e-03
3193.9651 6.2931e-03
3194.9233 2.8346e-03
3195.8818 4.1055e-03
3196.8408 3.1755e-04
3197.7996 2.3471e-03
3198.7590 0.0000e+00
3199.7185 5.6756e-04
3200.6782 3.1220e-03
3201.6387 2.3037e-03
3202.5991 3.9469e-03
3203.5598 8.3997e-04
3204.5208 4.0277e-03
3205.4824 4.3389e-03
3206.4441 2.6986e-03
3207.4058 5.3852e-03
3208.3682 1.4550e-03
3209.3306 2.0613e-03
3210.2935 5.5926e-03
3211.2563 1.1715e-02
3212.2200 0.0000e+00
3213.1833 0.0000e+00
3214.1472 3.8149e-03
3215.1118 0.0000e+00
3216.0764 1.1224e-02
3217.0413 2.1221e-03
3218.0061 9.2832e-03
3218.9714 1.9709e-03
3219.9373 8.8840e-03
3220.9031 4.0976e-03
3221.8699 1.3001e-02
3222.8362 2.6781e-03
3223.8030 4.8568e-04
3224.7700 4.0035e-03
3225.7375 0.0000e+00
3226.7053 5.8967e-03
3227.6731 8.3879e-03
3228.6416 2.3955e-03
3229.6101 4.4750e-03
3230.5791 3.9846e-03
3231.5483 2.6923e-04
3232.5178 2.6647e-03
3233.4875 4.5264e-03
3234.4575 9.4410e-04
3235.4280 9.4866e-03
3236.3984 1.2502e-03
3237.3691 4.8980e-04
3238.3403 1.5871e-02
3239.3120 7.3600e-03
3240.2839 3.4228e-03
3241.2559 1.4538e-03
3242.2285 5.9051e-03
3243.2012 2.1379e-03
3244.1743 7.1819e-03
3245.1472 5.0572e-03
3246.1208 0.0000e+00
3247.0947 6.7541e-03
3248.0688 8.9783e-03
3249.0432 4.4628e-03
3250.0178 4.0312e-03
3250.9929 1.0849e-02
3251.9680 6.2765e-03
3252.9438 2.3563e-03
3253.9194 3.1637e-04
3254.8958 6.8045e-04
3255.8723 8.2426e-03
3256.8489 8.2691e-03
3257.8262 5.7802e-03
3258.8035 9.9000e-03
3259.7810 4.0717e-03
3260.7593 4.4980e-03
3261.7373 3.0506e-03
3262.7158 5.9390e-03
3263.6946 6.4642e-03
3264.6736 4.2644e-04
3265.6531 6.7390e-03
3266.6331 7.0841e-03
3267.6130 5.0577e-03
3268.5930 3.2346e-03
3269.5735 3.8048e-03
3270.5544 1.5521e-02
3271.5356 1.3123e-02
3272.5171 3.2428e-03
3273.4990 1.9620e-02
3274.4812 4.8623e-03
3275.4634 8.2805e-03
3276.4458 9.0928e-04
3277.4287 3.1565e-03
3278.4124 3.5115e-03
3279.3958 1.2698e-02
3280.3794 6.7328e-03
3281.3635 3.5676e-03
3282.3479 4.4297e-03
3283.3325 3.4143e-03
3284.3179 3.5040e-03
3285.3030 1.2622e-02
3286.2888 6.5908e-03
3287.2744 6.0354e-04
3288.2605 0.0000e+00
3289.2471 6.4910e-03
3290.2339 5.0665e-03
3291.2212 5.2339e-03
3292.2083 4.6983e-03
3293.1958 4.4125e-03
3294.1838 1.0145e-02
3295.1724 7.1200e-03
3296.1609 6.4026e-04
3297.1497 1.8254e-03
3298.1387 7.8474e-03
3299.1282 8.4046e-03
3300.1177 3.4416e-03
3301.1079 1.6044e-02
3302.0984 1.0621e-03
3303.0889 6.4446e-03
3304.0798 1.0180e-02
3305.0713 5.1568e-03
3306.0627 2.6379e-04
3307.0544 1.7898e-03
3308.0466 1.9267e-03
3309.0391 7.4268e-03
3310.0317 7.5914e-03
3311.0247 5.2184e-03
3312.0178 0.0000e+00
3313.0117 1.2889e-02
3314.0054 1.3451e-03
3315.0000 3.8428e-03
3315.9941 4.2488e-03
3316.9890 1.7316e-02
3317.9839 4.1679e-03
3318.9795 9.0049e-03
3319.9751 3.5003e-04
3320.9712 2.4462e-03
3321.9678 4.7078e-03
3322.9639 1.2724e-03
3323.9607 5.3031e-03
3324.9580 1.2359e-02
3325.9558 2.6929e-03
3326.9536 8.5342e-03
3327.9514 7.9913e-03
3328.9497 9.1643e-04
3329.9482 5.6512e-03
3330.9475 3.9777e-03
3331.9468 1.6209e-03
3332.9463 5.6660e-03
3333.9463 3.6623e-03
3334.9463 5.1063e-03
3335.9473 8.3013e-03
3336.9478 6.6861e-04
3337.9487 3.4034e-03
3338.9502 6.7454e-03
3339.9517 9.6843e-04
3340.9536 5.2139e-03
3341.9561 1.2084e-02
3342.9587 7.4757e-04
3343.9614 5.2475e-03
3344.9651 3.4732e-03
3345.9685 5.1286e-03
3346.9722 4.3504e-03
3347.9763 7.1413e-03
3348.9805 5.5528e-03
3349.9854 1.1761e-02
3350.9902 2.7327e-04
3351.9956 1.5515e-02
3353.0010 5.1444e-03
3354.0073 3.7593e-03
3355.0129 9.2502e-04
3356.0198 1.0438e-02
3357.0264 1.3540e-02
3358.0334 9.3879e-03
3359.0410 5.3504e-03
3360.0488 3.3858e-03
3361.0569 3.2205e-03
3362.0654 8.8774e-04
3363.0740 7.5136e-03
3364.0828 5.0794e-03
3365.0918 6.1541e-03
3366.1013 5.5513e-03
3367.1113 1.1049e-02
3368.1213 3.8303e-03
3369.1318 0.0000e+00
3370.1426 8.6078e-03
3371.1536 1.4781e-02
3372.1650 1.5027e-02
3373.1768 4.9013e-03
3374.1885 2.3977e-02
3375.2004 2.3797e-03
3376.2134 3.5612e-03
3377.2261 1.9691e-02
3378.2395 1.2172e-02
3379.2529 2.2431e-03
3380.2664 4.6382e-03
3381.2805 4.9578e-03
3382.2952 3.4038e-03
3383.3098 5.3251e-03
3384.3250 0.0000e+00
3385.3401 6.5783e-03
3386.3557 7.9310e-03
3387.3716 3.0091e-03
3388.3879 1.6530e-03
3389.4045 9.3436e-03
3390.4211 5.1135e-03
3391.4385 4.5280e-03
3392.4558 7.8532e-03
3393.4736 1.6776e-03
3394.4915 6.2331e-03
3395.5100 1.1789e-02
3396.5286 2.5696e-04
3397.5474 1.2843e-02
3398.5667 9.6912e-03
3399.5862 1.6334e-03
3400.6062 9.0137e-03
3401.6262 6.9880e-03
3402.6467 1.1464e-02
3403.6677 5.8519e-03
3404.6887 1.0307e-02
3405.7100 0.0000e+00
3406.7319 1.4379e-02
3407.7539 1.5362e-03
3408.7764 1.0460e-02
3409.7988 9.6219e-03
3410.8218 5.1922e-03
3411.8450 4.4362e-03
3412.8687 9.3777e-03
3413.8923 1.6605e-02
3414.9167 2.1453e-03
3415.9412 3.1305e-03
3416.9658 7.6944e-03
3417.9907 1.0035e-02
3419.0164 5.9425e-03
3420.0420 9.5196e-03
3421.0681 0.0000e+00
3422.0945 2.3896e-03
3423.1208 3.9867e-04
3424.1479 8.2198e-03
3425.1753 9.1945e-03
3426.2029 5.6951e-03
3427.2307 3.7989e-03
3428.2588 3.4041e-03
3429.2871 1.2561e-02
3430.3159 3.9578e-03
3431.3452 1.6793e-02
3432.3748 1.2832e-02
3433.4041 7.3738e-03
3434.4346 3.8028e-03
3435.4646 5.1819e-03
3436.4954 6.5676e-03
3437.5261 5.7023e-03
3438.5579 0.0000e+00
3439.5894 6.9385e-03
3440.6208 1.0281e-02
3441.6531 2.6963e-03
3442.6855 7.9709e-04
3443.7183 3.3439e-04
3444.7515 6.6289e-03
3445.7852 7.0318e-03
3446.8186 1.1542e-02
3447.8525 4.1373e-03
3448.8872 1.0029e-02
3449.9216 6.1155e-03
3450.9568 1.9094e-02
3451.9919 1.1272e-02
3453.0276 0.0000e+00
3454.0637 1.3124e-02
3455.0999 9.8630e-03
3456.1362 1.1886e-02
3457.1731 7.1980e-03
3458.2102 1.8475e-02
3459.2476 6.4525e-03
3460.2856 1.8810e-02
3461.3235 1.2445e-02
3462.3621 1.2225e-02
3463.4004 1.2738e-03
3464.4399 1.8143e-03
3465.4790 2.6786e-03
3466.5188 1.7594e-03
3467.5586 1.7386e-03
3468.5989 1.1419e-03
3469.6394 7.1471e-03
3470.6804 4.7851e-03
3471.7217 2.7679e-03
3472.7629 4.1961e-03
3473.8049 4.7266e-03
3474.8469 1.8785e-03
3475.8894 2.9065e-03
3476.9321 1.1781e-02
3477.9751 1.0425e-02
3479.0188 7.9114e-03
3480.0625 7.4781e-03
3481.1064 2.7564e-03
3482.1509 1.2701e-02
3483.1956 7.1649e-03
3484.2407 9.5917e-03
3485.2856 4.7128e-03
3486.3313 5.5957e-03
3487.3772 2.2744e-02
3488.4233 1.8152e-03
3489.4697 5.0483e-03
3490.5168 5.9849e-03
3491.5640 1.4771e-02
3492.6116 1.1680e-02
3493.6592 4.3284e-03
3494.7073 7.7435e-03
3495.7556 1.7184e-02
3496.8044 3.8048e-03
3497.8535 3.9546e-03
3498.9026 6.8815e-03
3499.9526 1.5599e-03
3501.0024 5.7923e-03
3502.0527 2.3423e-02
3503.1033 1.7921e-03
3504.1543 1.1155e-02
3505.2058 8.8250e-03
3506.2571 9.1876e-03
3507.3088 9.7269e-03
3508.3613 7.2993e-03
3509.4136 5.0900e-03
3510.4663 1.1096e-02
3511.5193 7.4498e-03
3512.5730 1.0187e-02
3513.6270 5.3323e-03
3514.6809 2.1211e-02
3515.7351 1.1766e-02
3516.7898 6.4164e-03
3517.8452 8.0762e-03
3518.9004 8.7331e-03
3519.9561 9.4292e-03
3521.0122 1.1885e-02
3522.0686 9.4601e-03
3523.1250 1.0016e-02
3524.1821 7.9016e-03
3525.2390 2.0238e-02
3526.2969 6.5548e-03
3527.3547 6.5079e-03
3528.4126 9.4058e-03
3529.4714 5.5340e-03
3530.5303 6.4017e-03
3531.5894 1.3928e-02
3532.6487 4.4801e-03
3533.7090 8.3708e-04
3534.7688 5.1062e-03
3535.8293 5.6451e-03
3536.8901 5.1113e-03
3537.9512 8.1689e-03
3539.0122 1.6696e-02
3540.0740 7.9701e-03
3541.1360 1.4154e-02
3542.1987 1.6280e-03
3543.2612 1.1058e-02
3544.3245 1.0595e-02
3545.3875 8.7931e-03
3546.4509 5.5879e-03
3547.5154 4.5896e-03
3548.5793 9.6025e-03
3549.6438 5.6327e-04
3550.7087 6.4848e-03
3551.7739 9.4765e-03
3552.8396 1.2879e-02
3553.9053 1.7409e-02
3554.9714 6.4461e-03
3556.0378 1.0021e-02
3557.1050 8.8824e-03
3558.1716 3.9914e-03
3559.2395 1.1241e-03
3560.3071 1.4599e-02
3561.3752 8.5510e-03
3562.4436 8.7105e-03
3563.5125 9.4146e-03
3564.5813 7.0865e-04
3565.6506 4.6295e-03
3566.7205 1.0245e-02
3567.7905 1.0951e-02
3568.8611 1.0055e-02
3569.9316 4.4505e-03
3571.0027 1.1436e-02
3572.0737 8.0766e-03
3573.1455 5.9554e-03
3574.2175 7.8658e-03
3575.2896 1.5325e-02
3576.3625 4.1479e-03
3577.4351 6.5866e-03
3578.5083 1.4063e-02
3579.5820 4.3757e-03
3580.6560 7.4023e-03
3581.7300 1.1220e-02
3582.8047 2.0794e-03
3583.8792 4.0638e-03
3584.9546 6.1350e-03
3586.0298 9.7772e-03
3587.1060 1.7124e-03
3588.1821 9.5707e-03
3589.2583 7.2892e-03
3590.3352 4.2052e-03
3591.4124 1.1147e-02
3592.4897 4.9005e-03
3593.5671 3.5072e-03
3594.6455 1.1580e-03
3595.7241 7.2577e-03
3596.8025 1.2222e-02
3597.8818 1.2682e-03
3598.9609 1.6510e-02
3600.0405 5.4673e-03
3601.1204 1.4632e-02
3602.2009 1.5697e-02
3603.2817 5.3122e-03
3604.3625 4.6260e-03
3605.4441 4.5473e-04
3606.5256 1.0253e-02
3607.6074 1.1457e-02
3608.6899 8.1959e-03
3609.7725 0.0000e+00
3610.8552 4.5332e-04
3611.9385 8.0325e-03
3613.0222 1.6117e-02
3614.1062 4.3206e-04
3615.1904 7.3168e-03
3616.2749 4.2055e-03
3617.3599 6.4984e-03
3618.4451 3.6189e-04
3619.5303 1.1053e-02
3620.6165 3.8150e-03
3621.7024 6.4890e-03
3622.7891 1.3844e-03
3623.8760 3.2560e-03
3624.9631 4.5001e-03
3626.0508 6.1889e-03
3627.1382 1.6370e-03
3628.2266 1.4766e-03
3629.3152 2.1688e-03
3630.4038 1.7495e-02
3631.4927 7.7293e-03
3632.5825 0.0000e+00
3633.6721 4.9439e-03
3634.7622 1.1629e-02
3635.8528 1.2318e-02
3636.9434 4.0616e-03
3638.0347 7.8831e-03
3639.1257 5.2971e-03
3640.2178 6.2663e-03
3641.3098 1.2285e-02
3642.4021 1.0555e-02
3643.4946 9.5808e-03
3644.5881 3.6780e-03
3645.6814 2.2149e-03
3646.7751 2.6793e-03
3647.8691 8.7146e-03
3648.9634 1.2608e-03
3650.0581 3.1813e-03
3651.1533 5.5169e-03
3652.2480 3.7251e-03
3653.3442 1.6621e-03
3654.4402 5.8023e-03
3655.5364 5.0194e-03
3656.6333 1.3458e-03
3657.7300 5.9589e-03
3658.8274 3.3881e-03
3659.9250 2.2409e-03
3661.0232 6.3799e-03
3662.1213 2.4766e-03
3663.2202 5.4883e-03
3664.3188 1.2170e-02
3665.4182 8.5469e-03
3666.5181 1.4331e-03
3667.6179 1.3383e-03
3668.7183 5.8681e-03
3669.8186 1.3325e-03
3670.9197 4.6134e-03
3672.0210 1.0048e-02
3673.1226 8.2931e-03
3674.2241 2.2185e-03
3675.3269 3.9469e-03
3676.4294 2.5596e-02
3677.5325 5.5796e-03
3678.6355 1.0070e-02
3679.7390 1.6121e-02
3680.8430 1.2062e-02
3681.9473 3.7824e-03
3683.0518 1.5450e-03
3684.1570 1.0689e-03
3685.2620 1.1670e-02
3686.3677 1.4398e-02
3687.4739 7.6059e-03
3688.5796 4.5261e-03
3689.6865 1.3923e-02
3690.7932 3.7334e-03
3691.9006 5.8192e-03
3693.0081 6.1903e-03
3694.1160 1.2408e-02
3695.2241 6.8669e-03
3696.3328 7.4280e-03
3697.4417 8.4491e-03
3698.5508 9.0021e-03
3699.6606 3.4074e-03
3700.7703 8.9257e-03
3701.8806 1.0204e-03
3702.9910 1.1412e-02
3704.1023 1.2709e-02
3705.2136 6.9781e-03
3706.3247 4.4790e-03
3707.4370 5.7534e-03
3708.5491 1.1041e-02
3709.6616 5.4702e-03
3710.7744 6.6503e-03
3711.8877 1.7749e-02
3713.0012 1.5283e-02
3714.1152 1.4228e-02
3715.2292 5.4215e-03
3716.3440 5.0974e-03
3717.4590 1.2552e-02
3718.5742 1.4891e-02
3719.6897 3.9932e-02
3720.8057 9.3474e-03
3721.9219 1.0883e-02
3723.0383 8.5160e-03
3724.1553 2.0122e-02
3725.2725 1.3301e-02
3726.3904 6.7849e-03
3727.5081 1.4827e-02
3728.6265 9.7288e-03
3729.7451 1.6899e-02
3730.8640 8.0376e-03
3731.9832 8.2663e-03
3733.1028 5.3929e-03
3734.2227 1.8218e-02
3735.3428 5.3605e-03
3736.4636 1.6640e-02
3737.5842 9.3123e-03
3738.7056 9.8396e-03
3739.8276 6.5957e-03
3740.9490 6.3395e-03
3742.0718 1.6066e-02
3743.1943 9.2999e-03
3744.3171 2.2271e-02
3745.4404 1.3804e-02
3746.5640 1.3333e-02
3747.6880 4.0863e-03
3748.8125 1.2387e-02
3749.9368 8.7114e-03
3751.0620 1.1241e-02
3752.1873 1.2303e-02
3753.3130 1.5220e-02
3754.4387 1.5295e-02
3755.5652 1.2057e-02
3756.6919 9.6093e-03
3757.8188 1.9643e-02
3758.9463 6.0643e-03
3760.0737 8.9472e-04
3761.2019 1.8741e-02
3762.3306 1.0876e-02
3763.4590 1.0390e-02
3764.5881 1.2365e-02
3765.7175 2.0662e-02
3766.8472 1.1546e-02
3767.9771 1.2403e-02
3769.1079 7.9953e-03
3770.2383 3.5599e-03
3771.3694 5.5388e-03
3772.5007 1.0626e-02
3773.6328 2.2645e-02
3774.7646 9.9746e-03
3775.8972 9.8038e-03
3777.0298 1.0243e-02
3778.1628 4.4600e-03
3779.2964 6.2649e-03
3780.4302 6.4425e-03
3781.5642 1.6009e-02
3782.6987 3.8285e-03
3783.8335 1.5986e-03
3784.9690 1.3818e-02
3786.1042 6.5049e-03
3787.2400 4.3857e-03
3788.3762 9.0149e-03
3789.5125 1.1665e-03
3790.6497 1.5718e-03
3791.7869 1.3085e-02
3792.9246 9.2143e-03
3794.0625 9.3448e-03
3795.2007 1.6634e-02
3796.3391 3.3638e-03
3797.4778 6.6462e-03
3798.6169 7.3682e-03
3799.7568 6.6444e-03
3800.8967 2.8518e-03
3802.0371 1.3841e-02
3803.1775 1.1639e-02
3804.3181 7.4007e-03
3805.4597 8.5745e-03
3806.6013 2.2536e-02
3807.7434 1.9565e-03
3808.8857 1.0149e-02
3810.0286 1.1738e-02
3811.1714 1.2906e-02
3812.3149 9.3984e-04
3813.4583 1.0491e-03
3814.6025 5.8112e-03
3815.7468 4.8250e-03
3816.8916 6.9515e-03
3818.0369 2.0583e-02
3819.1824 8.2140e-03
3820.3281 2.3556e-02
3821.4741 0.0000e+00
3822.6201 1.0155e-03
3823.7671 1.0594e-02
3824.9143 5.8342e-03
3826.0615 4.8537e-03
3827.2097 7.1485e-03
3828.3577 3.9597e-03
3829.5063 9.3093e-03
3830.6553 8.0505e-03
3831.8044 5.4951e-03
3832.9539 9.3737e-03
3834.1035 8.5677e-03
3835.2539 8.0085e-03
3836.4045 1.0899e-02
3837.5554 1.3333e-02
3838.7068 2.2186e-02
3839.8582 4.4360e-03
3841.0103 3.5855e-03
3842.1628 4.3281e-03
3843.3152 1.3327e-02
3844.4683 3.8272e-03
3845.6216 1.2900e-02
3846.7754 0.0000e+00
3847.9294 1.2776e-02
3849.0835 2.3554e-03
3850.2383 1.3316e-02
3851.3933 1.0310e-02
3852.5488 1.3933e-02
3853.7051 1.0775e-02
3854.8606 2.9191e-03
3856.0173 9.5551e-03
3857.1741 4.5062e-03
3858.3313 1.2788e-02
3859.4883 3.3035e-03
3860.6465 1.0296e-02
3861.8047 2.6447e-03
3862.9631 1.5040e-02
3864.1221 1.9192e-03
3865.2815 3.4451e-03
3866.4412 1.4344e-02
3867.6011 8.4691e-03
3868.7610 6.1925e-03
3869.9216 2.0875e-02
3871.0828 6.7101e-03
3872.2441 8.4335e-03
3873.4058 7.8195e-03
3874.5676 4.0040e-03
3875.7302 7.6935e-03
3876.8931 6.9002e-03
3878.0559 1.1919e-02
3879.2192 1.4589e-02
3880.3831 1.3927e-02
3881.5474 8.9267e-03
3882.7119 8.1480e-03
3883.8767 1.0297e-02
3885.0420 3.8438e-03
3886.2073 1.4174e-02
3887.3728 2.3464e-03
3888.5391 5.6363e-03
3889.7061 1.3905e-02
3890.8730 7.7479e-03
3892.0400 8.2248e-03
3893.2078 1.1256e-02
3894.3755 9.1354e-03
3895.5439 1.0438e-02
3896.7126 7.9016e-03
3897.8813 5.3766e-03
3899.0508 1.8144e-02
3900.2209 3.7572e-03
3901.3909 2.1734e-02
3902.5613 9.1223e-03
3903.7322 9.5502e-03
3904.9031 1.7503e-02
3906.0747 7.1279e-03
3907.2463 1.1337e-02
3908.4187 4.3341e-03
3909.5911 1.5135e-03
3910.7642 4.9247e-03
3911.9373 6.1012e-03
3913.1111 1.2188e-02
3914.2849 8.4783e-03
3915.4592 1.2639e-03
3916.6335 1.3834e-02
3917.8086 1.0065e-02
3918.9839 2.2834e-03
3920.1597 1.1478e-02
3921.3359 2.6462e-02
3922.5120 1.7171e-02
3923.6887 1.1746e-02
3924.8660 8.4386e-03
3926.0432 7.3910e-03
3927.2212 4.3661e-03
3928.3994 7.0152e-03
3929.5779 1.5945e-02
3930.7568 9.1766e-03
3931.9360 1.4752e-02
3933.1157 8.7370e-03
3934.2954 1.1266e-02
3935.4758 7.8070e-03
3936.6562 3.8650e-03
3937.8374 2.1770e-02
3939.0186 1.3367e-02
3940.2004 9.6212e-03
3941.3826 2.5581e-02
3942.5649 1.1724e-02
3943.7478 1.3680e-02
3944.9307 1.0085e-02
3946.1147 1.6526e-02
3947.2983 7.1981e-03
3948.4824 9.9312e-03
3949.6670 1.3313e-02
3950.8521 5.0419e-03
3952.0369 3.5551e-04
3953.2227 1.6018e-02
3954.4089 1.4181e-02
3955.5950 1.9316e-02
3956.7812 9.0591e-03
3957.9688 3.9783e-03
3959.1560 1.4489e-02
3960.3438 9.2774e-03
3961.5320 5.7928e-03
3962.7202 1.4547e-02
3963.9094 1.5752e-02
3965.0984 1.1763e-02
3966.2881 1.4462e-02
3967.4778 1.8551e-02
3968.6680 6.6881e-03
3969.8584 2.0888e-02
3971.0498 1.4598e-03
3972.2412 9.7164e-03
3973.4326 3.3483e-03
3974.6248 1.2215e-02
3975.8171 1.7017e-02
3977.0095 1.3446e-02
3978.2029 1.2322e-02
3979.3962 2.1727e-02
3980.5901 9.9867e-03
3981.7844 2.3213e-02
3982.9790 1.0652e-02
3984.1736 1.8473e-02
3985.3691 1.3721e-02
3986.5647 1.4441e-02
3987.7605 1.4954e-02
3988.9568 1.3510e-02
3990.1538 1.7967e-02
3991.3506 2.3514e-02
3992.5481 2.7410e-02
3993.7456 1.8009e-02
3994.9441 9.3317e-03
3996.1423 9.9789e-03
3997.3413 2.6111e-02
3998.5408 1.0920e-02
3999.7397 1.3847e-02
4000.9402 1.6151e-02
4002.1401 8.2259e-03
4003.3408 2.0891e-02
4004.5415 2.1014e-02
4005.7434 1.2815e-02
4006.9448 2.2126e-02
4008.1470 1.9455e-02
4009.3496 7.1179e-03
4010.5522 8.2029e-03
4011.7556 1.1020e-02
4012.9587 2.0368e-02
4014.1628 1.6999e-02
4015.3672 2.3795e-02
4016.5715 1.3708e-02
4017.7769 8.3720e-03
4018.9817 2.0255e-02
4020.1875 1.4960e-02
4021.3936 1.3578e-02
4022.6003 2.0069e-02
4023.8071 9.4207e-03
4025.0142 1.5555e-02
4026.2214 2.1307e-02
4027.4294 1.0285e-02
4028.6377 2.1895e-02
4029.8462 1.2375e-02
4031.0554 2.0864e-02
4032.2646 1.4600e-02
4033.4744 2.5251e-02
4034.6843 2.2145e-02
4035.8945 2.5994e-02
4037.1052 2.0421e-02
4038.3167 1.5433e-02
4039.5281 1.6173e-02
4040.7397 1.5745e-02
4041.9524 1.5051e-02
4043.1648 1.1487e-02
4044.3777 4.6523e-03
4045.5913 8.1279e-03
4046.8047 1.0501e-02
4048.0186 4.5274e-03
4049.2332 1.7326e-03
4050.4480 1.7891e-02
4051.6628 8.5504e-03
4052.8784 1.5939e-02
4054.0942 1.0247e-02
4055.3108 2.0125e-02
4056.5273 9.7698e-03
4057.7444 5.2011e-03
4058.9614 1.1113e-02
4060.1792 1.7407e-02
4061.3970 6.1522e-03
4062.6155 2.7553e-02
4063.8345 1.5050e-02
4065.0535 1.3733e-02
4066.2732 1.8298e-02
4067.4929 3.1980e-02
4068.7131 1.3190e-02
4069.9338 2.0700e-02
4071.1548 6.4171e-03
4072.3762 2.1371e-02
4073.5981 9.3187e-03
4074.8201 2.0213e-02
4076.0427 1.1793e-02
4077.2654 1.3619e-02
4078.4885 9.2839e-03
4079.7119 3.3226e-03
4080.9358 9.2710e-03
4082.1602 1.4525e-02
4083.3845 1.8411e-03
4084.6099 1.3323e-02
4085.8354 1.4701e-02
4087.0608 1.2426e-02
4088.2869 2.0178e-02
4089.5137 1.3869e-02
4090.7407 1.5892e-02
4091.9678 1.5934e-02
4093.1953 1.4089e-02
4094.4233 8.2355e-03
4095.6519 3.8660e-02
4096.8799 1.2893e-02
4098.1094 3.0977e-02
4099.3384 1.1024e-02
4100.5684 1.1966e-02
4101.7988 1.2761e-02
4103.0293 2.0322e-02
4104.2598 2.5329e-02
4105.4912 1.5509e-02
4106.7231 5.1202e-03
4107.9546 2.7225e-02
4109.1875 5.9589e-03
4110.4204 2.8696e-02
4111.6533 1.2000e-02
4112.8867 1.3378e-02
4114.1211 1.9293e-02
4115.3545 8.4113e-03
4116.5898 1.1793e-02
4117.8247 1.2855e-02
4119.0596 2.4389e-02
4120.2954 7.1879e-03
4121.5317 8.6285e-03
4122.7681 2.4783e-02
4124.0049 1.1779e-02
4125.2422 1.1273e-02
4126.4800 7.5545e-03
4127.7178 1.4796e-02
4128.9561 3.9516e-03
4130.1948 1.6118e-02
4131.4336 5.0964e-03
4132.6733 1.1478e-02
4133.9126 5.9566e-03
4135.1533 3.6421e-03
4136.3936 9.6583e-03
4137.6348 8.0720e-03
4138.8760 2.3761e-02
4140.1172 5.9242e-03
4141.3599 1.7275e-02
4142.6021 1.8101e-02
4143.8447 1.2185e-02
4145.0879 3.0497e-02
4146.3315 9.3285e-03
4147.5752 1.9474e-02
4148.8198 1.9859e-02
4150.0640 1.8581e-02
4151.3091 2.0601e-02
4152.5547 7.4862e-03
4153.8003 1.0327e-02
4155.0464 1.9963e-02
4156.2930 1.4797e-02
4157.5400 1.1792e-02
4158.7871 1.3882e-02
4160.0352 5.7057e-03
4161.2827 1.5424e-02
4162.5312 1.6730e-02
4163.7803 1.1864e-02
4165.0293 1.7172e-02
4166.2783 1.2266e-02
4167.5288 1.7780e-02
4168.7788 2.5044e-03
4170.0298 1.5218e-02
4171.2803 5.9489e-03
4172.5317 1.6202e-02
4173.7837 8.6412e-03
4175.0356 1.1848e-02
4176.2886 4.8554e-03
4177.5410 1.5497e-02
4178.7944 7.6392e-03
4180.0479 8.5865e-03
4181.3022 7.5812e-03
4182.5566 7.1066e-03
4183.8115 1.4546e-02
4185.0664 2.0856e-02
4186.3223 7.7122e-03
4187.5776 1.4987e-03
4188.8340 8.7844e-03
4190.0903 7.2527e-03
4191.3477 8.4118e-03
4192.6050 7.3331e-03
4193.8628 1.2106e-02
4195.1206 1.4432e-02
4196.3794 1.2472e-02
4197.6387 4.8502e-03
4198.8975 7.8541e-03
4200.1577 5.8735e-03
4201.4175 1.0708e-02
4202.6782 1.0700e-03
4203.9390 1.7954e-02
4205.2002 1.1762e-02
4206.4614 7.5270e-03
4207.7231 9.2066e-03
4208.9858 6.9280e-03
4210.2485 8.8045e-03
4211.5112 1.0423e-02
4212.7749 1.0906e-02
4214.0391 1.0642e-02
4215.3032 1.4511e-02
4216.5679 2.6666e-02
4217.8330 1.0086e-02
4219.0981 1.2507e-02
4220.3638 1.7692e-02
4221.6299 7.3360e-03
4222.8965 9.0020e-03
4224.1636 9.4714e-04
4225.4302 1.3486e-02
4226.6978 1.3121e-02
4227.9658 1.1526e-02
4229.2349 5.6030e-03
4230.5034 6.3577e-03
4231.7725 8.8724e-03
4233.0415 7.6097e-03
4234.3115 7.2165e-03
4235.5825 1.4104e-02
4236.8525 1.1755e-02
4238.1235 1.0064e-02
4239.3955 1.0587e-02
4240.6670 4.8315e-03
4241.9390 2.8282e-03
4243.2119 1.0488e-02
4244.4844 1.1525e-02
4245.7583 8.5022e-03
4247.0317 1.6873e-02
4248.3062 8.4936e-03
4249.5806 2.6990e-03
4250.8555 8.4829e-03
4252.1309 6.7768e-03
4253.4062 1.2356e-02
4254.6821 4.3307e-03
4255.9590 1.0735e-02
4257.2358 7.0731e-03
4258.5127 1.3591e-02
4259.7900 1.0939e-02
4261.0679 5.4385e-03
4262.3462 1.6795e-02
4263.6250 1.8325e-02
4264.9043 1.9200e-02
4266.1841 2.4048e-03
4267.4639 8.4196e-04
4268.7432 1.1917e-02
4270.0244 1.5185e-02
4271.3052 1.8957e-03
4272.5869 1.8891e-03
4273.8682 9.1210e-03
4275.1509 1.4082e-02
4276.4336 1.1621e-02
4277.7163 1.0066e-02
4278.9995 8.1298e-03
4280.2837 0.0000e+00
4281.5674 1.3953e-02
4282.8521 7.7470e-03
4284.1367 5.6613e-03
4285.4219 1.8243e-03
4286.7075 2.7714e-03
4287.9937 9.8635e-03
4289.2798 6.1022e-03
4290.5669 1.3162e-02
4291.8540 7.8996e-03
4293.1416 6.6267e-03
4294.4292 6.1307e-03
4295.7183 1.0379e-02
4297.0063 8.7353e-03
4298.2954 1.4748e-02
4299.5854 1.1449e-02
4300.8750 4.0585e-03
4302.1650 1.3509e-02
4303.4561 1.0491e-02
4304.7471 5.1598e-03
4306.0381 1.8502e-02
4307.3301 4.8860e-03
4308.6221 1.1521e-02
4309.9150 5.1293e-03
4311.2075 1.6136e-02
4312.5015 2.0959e-02
4313.7949 2.2157e-03
4315.0889 1.0506e-02
4316.3838 5.0173e-03
4317.6787 3.1261e-03
4318.9741 7.0611e-03
4320.2700 2.9617e-03
4321.5654 2.2760e-03
4322.8623 1.0834e-02
4324.1592 5.9666e-03
4325.4565 7.2518e-03
4326.7539 9.4859e-03
4328.0518 3.0174e-04
4329.3501 1.1417e-02
4330.6494 7.9033e-03
4331.9482 7.7343e-03
4333.2480 4.9537e-03
4334.5479 1.2979e-02
4335.8477 9.0226e-03
4337.1489 1.1719e-02
4338.4502 1.0335e-02
4339.7515 4.2675e-03
4341.0537 1.7391e-02
4342.3560 3.5155e-03
4343.6582 2.6046e-03
4344.9614 2.2190e-03
4346.2646 1.1366e-02
4347.5693 6.2798e-03
4348.8735 4.7086e-03
4350.1782 4.9451e-03
4351.4829 1.8573e-03
4352.7886 7.7372e-03
4354.0938 7.4144e-03
4355.4009 1.3667e-02
4356.7070 3.7490e-03
4358.0137 6.0255e-03
4359.3218 1.1749e-03
4360.6294 4.2010e-03
4361.9375 1.4635e-02
4363.2461 5.8477e-03
4364.5552 5.9401e-03
4365.8643 4.8712e-03
4367.1743 1.4547e-02
4368.4844 3.4247e-03
4369.7954 4.9054e-03
4371.1060 6.0774e-03
4372.4170 5.3614e-03
4373.7285 1.4151e-02
4375.0415 7.3305e-03
4376.3540 1.0284e-02
4377.6665 1.6814e-02
4378.9800 1.4864e-02
4380.2935 1.0561e-02
4381.6074 8.1729e-03
4382.9219 5.5914e-03
4384.2363 5.8906e-03
4385.5522 1.6406e-02
4386.8677 5.5807e-03
4388.1841 1.0913e-02
4389.5010 3.9418e-03
4390.8169 8.3112e-03
4392.1343 1.5367e-02
4393.4521 1.0586e-02
4394.7700 5.4100e-03
4396.0884 5.9213e-03
4397.4077 1.4903e-02
4398.7266 2.9891e-03
4400.0464 9.0068e-03
4401.3667 1.8041e-02
4402.6870 1.1620e-02
4404.0073 7.4466e-03
4405.3291 4.9337e-03
4406.6504 6.5152e-03
4407.9722 5.6904e-03
4409.2944 6.5698e-03
4410.6172 1.1877e-02
4411.9404 5.3373e-03
4413.2642 6.4427e-03
4414.5879 1.2831e-02
4415.9126 1.8691e-02
4417.2373 6.6928e-03
4418.5625 4.1454e-03
4419.8882 1.1819e-02
4421.2139 6.6108e-03
4422.5405 1.0034e-02
4423.8672 5.2206e-03
4425.1938 6.9062e-03
4426.5220 3.7236e-03
4427.8496 6.6890e-03
4429.1787 6.4103e-03
4430.5063 7.9839e-03
4431.8364 7.6807e-03
4433.1655 8.0727e-03
4434.4956 7.5536e-03
4435.8262 4.7798e-04
4437.1567 3.9888e-03
4438.4878 6.4312e-03
4439.8193 8.0107e-04
4441.1514 6.0547e-03
4442.4834 6.5116e-03
4443.8164 3.0183e-04
4445.1494 3.0551e-03
4446.4829 1.0600e-02
4447.8169 5.4645e-03
4449.1514 7.1196e-03
4450.4863 1.3917e-03
4451.8213 1.9222e-02
4453.1567 1.3609e-03
4454.4927 9.1828e-03
4455.8291 1.3138e-02
4457.1660 1.1516e-02
4458.5029 8.5627e-03
4459.8403 1.5253e-02
4461.1787 2.1370e-02
4462.5171 2.4496e-03
4463.8555 1.0296e-02
4465.1948 9.9729e-03
4466.5347 1.2772e-02
4467.8740 1.0395e-02
4469.2144 5.8492e-03
4470.5552 7.3144e-04
4471.8970 1.2404e-02
4473.2383 1.1857e-02
4474.5806 7.7158e-03
4475.9229 7.4652e-03
4477.2651 2.0794e-02
4478.6084 5.7880e-03
4479.9521 3.7863e-03
4481.2959 7.7375e-03
4482.6406 1.4032e-02
4483.9854 8.4306e-03
4485.3306 4.6903e-03
4486.6763 3.5981e-03
4488.0220 1.4324e-02
4489.3682 9.2665e-03
4490.7153 1.9303e-02
4492.0620 1.3026e-02
4493.4102 8.7005e-03
4494.7578 5.5969e-03
4496.1069 1.1529e-02
4497.4556 8.8982e-03
4498.8047 2.9804e-03
4500.1543 1.7710e-02
4501.5044 4.0937e-03
4502.8550 7.6298e-03
4504.2056 6.3718e-03
4505.5566 5.0049e-03
4506.9082 4.3062e-03
4508.2607 9.1971e-03
4509.6133 1.1776e-02
4510.9658 1.6927e-02
4512.3193 1.5205e-02
4513.6729 3.0337e-02
4515.0273 1.3564e-02
4516.3818 1.0822e-02
4517.7363 1.9607e-02
4519.0918 1.2257e-02
4520.4473 2.0309e-02
4521.8037 2.3213e-02
4523.1606 2.2676e-03
4524.5171 8.7320e-03
4525.8750 1.6672e-02
4527.2324 8.2792e-03
4528.5903 1.2578e-02
4529.9492 1.6183e-02
4531.3081 1.1490e-02
4532.6675 1.4388e-02
4534.0269 1.8948e-02
4535.3872 2.3378e-02
4536.7480 4.1509e-03
4538.1094 1.1569e-02
4539.4702 9.2505e-03
4540.8320 1.2522e-02
4542.1943 2.0190e-02
4543.5576 1.7280e-02
4544.9199 1.4281e-02
4546.2842 1.5087e-02
4547.6475 2.5412e-02
4549.0117 1.4809e-02
4550.3770 1.4050e-02
4551.7417 1.0683e-02
4553.1074 1.0498e-02
4554.4731 6.3808e-03
4555.8398 2.1938e-02
4557.2061 1.2749e-02
4558.5732 9.1198e-03
4559.9414 1.7774e-02
4561.3086 2.8699e-02
4562.6772 1.3290e-02
4564.0459 1.2583e-02
4565.4150 1.4431e-02
4566.7852 1.0277e-02
4568.1553 8.0467e-03
4569.5249 2.2410e-02
4570.8965 9.3142e-03
4572.2676 1.7828e-02
4573.6392 1.2795e-02
4575.0117 2.2409e-02
4576.3838 9.2565e-03
4577.7568 2.2958e-02
4579.1304 2.3103e-02
4580.5039 1.9253e-02
4581.8784 1.4497e-02
4583.2524 2.0570e-02
4584.6274 1.3943e-02
4586.0029 2.3937e-02
4587.3789 1.9694e-02
4588.7549 1.6452e-02
4590.1318 1.0059e-02
4591.5083 1.4445e-02
4592.8857 1.3366e-02
4594.2642 1.1828e-02
4595.6426 1.0087e-02
4597.0210 1.4282e-02
4598.3999 1.5275e-02
4599.7798 2.9832e-02
4601.1597 7.7432e-03
4602.5396 9.4377e-03
4603.9204 1.8370e-02
4605.3022 3.9113e-03
4606.6836 1.8253e-02
4608.0649 1.5047e-02
4609.4478 2.2845e-02
4610.8306 1.6262e-02
4612.2144 1.7404e-02
4613.5977 1.7595e-02
4614.9819 1.8684e-02
4616.3662 8.8783e-03
4617.7515 1.2654e-02
4619.1362 1.3079e-02
4620.5225 1.1762e-02
4621.9082 1.4482e-02
4623.2949 8.1814e-03
4624.6816 1.7485e-02
4626.0693 1.9335e-02
4627.4570 1.2833e-02
4628.8457 8.7948e-03
4630.2334 1.1113e-02
4631.6230 3.9966e-03
4633.0127 2.7811e-03
4634.4028 1.0105e-02
4635.7935 2.1675e-02
4637.1831 1.5023e-02
4638.5742 1.8472e-02
4639.9658 7.0248e-03
4641.3579 1.4104e-02
4642.7505 1.3343e-02
4644.1436 2.1284e-02
4645.5371 5.7061e-03
4646.9307 1.8182e-02
4648.3247 8.0714e-03
4649.7188 1.7212e-02
4651.1138 7.1406e-03
4652.5093 1.6767e-02
4653.9048 1.5504e-02
4655.3018 1.3880e-02
4656.6978 9.3453e-03
4658.0947 1.1520e-02
4659.4922 1.4796e-02
4660.8896 8.2565e-03
4662.2886 1.1549e-02
4663.6865 6.5800e-03
4665.0859 3.7828e-03
4666.4854 4.1181e-03
4667.8853 1.2280e-02
4669.2861 9.8844e-03
4670.6870 1.0932e-02
4672.0874 1.4375e-02
4673.4897 8.4136e-03
4674.8916 1.4228e-02
4676.2944 5.3539e-03
4677.6968 1.0155e-02
4679.1006 1.2827e-02
4680.5039 1.1933e-02
4681.9082 3.0674e-02
4683.3125 5.6041e-03
4684.7173 9.6220e-03
4686.1230 1.8420e-02
4687.5288 8.0360e-03
4688.9351 2.4986e-02
4690.3423 1.6742e-02
4691.7490 1.0986e-02
4693.1562 9.4028e-03
4694.5645 2.3627e-02
4695.9731 1.6209e-02
4697.3818 1.6174e-02
4698.7910 9.9013e-03
4700.2002 1.0260e-02
4701.6104 9.6433e-03
4703.0205 1.8108e-02
4704.4316 7.8724e-03
4705.8433 1.4782e-02
4707.2549 1.5300e-02
4708.6670 8.8323e-03
4710.0796 1.4965e-02
4711.4927 9.5371e-03
4712.9058 1.0603e-02
4714.3203 1.8944e-02
4715.7344 2.0739e-02
4717.1494 1.5746e-02
4718.5645 4.2625e-03
4719.9800 1.2265e-02
4721.3955 1.4891e-02
4722.8120 2.0559e-02
4724.2290 1.2074e-02
4725.6460 1.4429e-02
4727.0645 1.1043e-02
4728.4824 1.0106e-02
4729.9004 2.0402e-02
4731.3198 1.9796e-02
4732.7388 8.5076e-03
4734.1587 1.9476e-02
4735.5791 2.5916e-02
4737.0000 2.0970e-02
4738.4209 1.2963e-02
4739.8428 1.0567e-02
4741.2646 1.2438e-02
4742.6870 1.3498e-02
4744.1094 5.5618e-03
4745.5327 2.2661e-02
4746.9565 8.0933e-03
4748.3804 2.2109e-02
4749.8052 1.7546e-02
4751.2300 1.1922e-02
4752.6548 5.5224e-03
4754.0811 1.4255e-02
4755.5078 1.4638e-02
4756.9341 7.9176e-03
4758.3608 1.0299e-02
4759.7886 9.2416e-03
4761.2168 5.1118e-03
4762.6445 9.1144e-03
4764.0737 2.2929e-02
4765.5029 2.5124e-02
4766.9326 1.1793e-02
4768.3628 1.1393e-02
4769.7930 8.2838e-03
4771.2236 1.1581e-02
4772.6553 9.4691e-03
4774.0869 1.1709e-02
4775.5190 1.5980e-02
4776.9521 8.3432e-03
4778.3853 1.7551e-02
4779.8184 1.3116e-02
4781.2524 7.8171e-04
4782.6870 1.9163e-02
4784.1226 7.4494e-03
4785.5571 1.0192e-02
4786.9927 1.9066e-02
4788.4292 2.6397e-02
4789.8652 7.7852e-03
4791.3022 1.2922e-02
4792.7397 1.3740e-02
4794.1777 1.2168e-02
4795.6152 1.1864e-02
4797.0542 5.9816e-03
4798.4937 1.9556e-02
4799.9331 6.9539e-03
4801.3735 2.2201e-02
4802.8140 8.7908e-03
4804.2544 1.4519e-02
4805.6958 1.3688e-02
4807.1377 1.2621e-02
4808.5796 2.3083e-02
4810.0220 2.4918e-03
4811.4653 1.2028e-02
4812.9087 6.5712e-03
4814.3525 9.6221e-03
4815.7969 4.4585e-03
4817.2417 1.6348e-02
4818.6865 9.1267e-03
4820.1328 8.8720e-03
4821.5786 1.3433e-02
4823.0249 6.7822e-03
4824.4717 1.6620e-02
4825.9189 1.2834e-02
4827.3667 1.3735e-02
4828.8149 2.5302e-02
4830.2637 1.1422e-02
4831.7124 1.7516e-02
4833.1621 9.0093e-03
4834.6118 2.0470e-02
4836.0620 8.3683e-03
4837.5137 8.3413e-03
4838.9644 1.1149e-02
4840.4165 3.6652e-03
4841.8687 1.4821e-02
4843.3208 1.4252e-02
4844.7739 1.2188e-02
4846.2275 1.1261e-02
4847.6812 1.6344e-02
4849.1357 1.1207e-02
4850.5903 1.8290e-02
4852.0454 8.9276e-03
4853.5015 9.1076e-03
4854.9575 1.4545e-02
4856.4136 1.1607e-02
4857.8706 9.1834e-03
4859.3281 1.2049e-02
4860.7861 9.2872e-03
4862.2437 1.5830e-02
4863.7026 1.4448e-02
4865.1621 1.0720e-02
4866.6211 1.1768e-02
4868.0815 3.9565e-03
4869.5420 3.2607e-03
4871.0024 1.0448e-02
4872.4639 1.2809e-02
4873.9263 1.2889e-02
4875.3877 8.6706e-03
4876.8506 1.8366e-02
4878.3135 8.0789e-03
4879.7773 1.7283e-02
4881.2412 2.0970e-02
4882.7051 2.1612e-02
4884.1704 5.4761e-03
4885.6357 2.1623e-02
4887.1011 1.1497e-02
4888.5674 5.0553e-03
4890.0337 8.8088e-03
4891.5010 7.4383e-03
4892.9683 4.6696e-03
4894.4360 1.8113e-02
4895.9043 1.3043e-02
4897.3730 7.4325e-03
4898.8423 6.6843e-03
4900.3120 2.4946e-02
4901.7827 1.0393e-02
4903.2529 1.9006e-02
4904.7231 6.8208e-03
4906.1953 2.1011e-02
4907.6675 1.2319e-02
4909.1392 1.4978e-02
4910.6123 1.3454e-02
4912.0854 1.2727e-02
4913.5586 1.7893e-02
4915.0332 1.2043e-02
4916.5073 1.7079e-02
4917.9819 8.4160e-03
4919.4575 8.1426e-03
4920.9331 5.1707e-03
4922.4097 1.6099e-02
4923.8872 3.4092e-03
4925.3638 1.2233e-02
4926.8418 8.2136e-03
4928.3188 1.4520e-02
4929.7979 5.0481e-03
4931.2769 4.5138e-03
4932.7563 1.2491e-02
4934.2358 4.9796e-03
4935.7168 6.2017e-03
4937.1963 9.1353e-03
4938.6782 1.7488e-02
4940.1597 2.0550e-02
4941.6416 2.0162e-02
4943.1250 8.2634e-03
4944.6069 7.8320e-03
4946.0908 1.0937e-02
4947.5752 1.7485e-02
4949.0586 1.5338e-02
4950.5435 1.2971e-02
4952.0278 8.4285e-03
4953.5142 2.1323e-02
4955.0010 1.5445e-02
4956.4873 1.7728e-03
4957.9741 2.0453e-02
4959.4614 2.0731e-02
4960.9492 2.3601e-02
4962.4370 1.5714e-02
4963.9258 8.9485e-03
4965.4150 4.4118e-03
4966.9048 5.2091e-03
4968.3945 6.1351e-03
4969.8853 7.2180e-03
4971.3765 8.1865e-03
4972.8677 1.5719e-02
4974.3599 1.3262e-02
4975.8521 1.2485e-02
4977.3447 7.2413e-03
4978.8379 1.3876e-02
4980.3315 1.1117e-02
4981.8257 9.6106e-03
4983.3203 1.3184e-02
4984.8159 1.7246e-02
4986.3105 1.1674e-02
4987.8066 1.1416e-02
4989.3027 4.6550e-03
4990.7998 3.6197e-03
4992.2974 1.5218e-02
4993.7939 1.8227e-02
4995.2930 1.7429e-02
4996.7915 2.9185e-03
4998.2905 1.4351e-02
4999.7896 8.9105e-03
5001.2896 1.0399e-02
5002.7900 7.8407e-03
5004.2915 2.0598e-02
5005.7925 1.0748e-02
5007.2944 1.7455e-02
5008.7964 9.7517e-03
5010.2993 1.7059e-02
5011.8022 1.3798e-02
5013.3057 8.0072e-03
5014.8101 1.4819e-02
5016.3145 3.2158e-03
5017.8184 1.4700e-02
5019.3247 1.4333e-02
5020.8301 1.4487e-02
5022.3359 3.0056e-03
5023.8428 1.7035e-02
5025.3496 1.5195e-02
5026.8579 1.1938e-02
5028.3657 8.1514e-03
5029.8740 7.1781e-03
5031.3828 4.8941e-03
5032.8926 1.6440e-02
5034.4023 4.8022e-03
5035.9131 2.1623e-02
5037.4233 7.9812e-04
5038.9346 1.0569e-02
5040.4463 7.7052e-03
5041.9585 9.0368e-03
5043.4712 4.7433e-03
5044.9839 1.3130e-02
5046.4980 9.5116e-03
5048.0112 7.7471e-03
5049.5259 2.1138e-02
5051.0415 1.9228e-02
5052.5562 7.5013e-03
5054.0723 1.0962e-03
5055.5884 1.8639e-02
5057.1045 1.2219e-02
5058.6221 3.6369e-03
5060.1401 1.6069e-02
5061.6577 9.8685e-03
5063.1763 4.3342e-03
5064.6953 1.1441e-02
5066.2144 9.3859e-03
5067.7339 6.2689e-03
5069.2549 1.2255e-02
5070.7759 1.2077e-02
5072.2969 5.2538e-03
5073.8188 8.6883e-03
5075.3403 1.1548e-02
5076.8628 1.3170e-02
5078.3867 1.0353e-02
5079.9097 9.0730e-03
5081.4336 7.8962e-03
5082.9580 1.1891e-02
5084.4829 1.0311e-02
5086.0083 1.3472e-02
5087.5342 1.0720e-02
5089.0605 8.0683e-03
5090.5874 6.7607e-03
5092.1143 5.8317e-03
5093.6421 1.0033e-02
5095.1699 1.0631e-02
5096.6987 1.2842e-02
5098.2275 4.9192e-03
5099.7573 4.4615e-03
5101.2871 1.8790e-02
5102.8179 1.6163e-02
5104.3481 8.5995e-03
5105.8799 8.4510e-03
5107.4111 1.6305e-02
5108.9438 1.6733e-02
5110.4761 2.6581e-03
5112.0093 4.3885e-03
5113.5435 5.3933e-03
5115.0771 1.0727e-02
5116.6118 1.3718e-02
5118.1470 8.0780e-03
5119.6816 8.4017e-03
5121.2183 1.0217e-02
5122.7544 1.7607e-02
5124.2910 1.0350e-02
5125.8286 4.6102e-03
5127.3667 1.3691e-02
5128.9043 1.0489e-02
5130.4429 1.4928e-02
5131.9824 8.6586e-03
5133.5220 1.2029e-02
5135.0615 1.0158e-02
5136.6021 1.4383e-02
5138.1436 9.2601e-03
5139.6846 1.7525e-02
5141.2266 1.6123e-02
5142.7690 1.3041e-02
5144.3125 1.8562e-02
5145.8550 9.8528e-03
5147.3989 1.1521e-02
5148.9429 7.6003e-03
5150.4883 8.2456e-03
5152.0332 3.3320e-03
5153.5781 8.1496e-03
5155.1245 1.0545e-02
5156.6714 1.2120e-02
5158.2178 1.2799e-02
5159.7656 8.3409e-03
5161.3130 8.7417e-03
5162.8618 8.5529e-03
5164.4106 1.0171e-02
5165.9604 9.2926e-03
5167.5098 1.0574e-02
5169.0605 1.2324e-02
5170.6108 1.8133e-02
5172.1621 2.0358e-02
5173.7139 1.1408e-02
5175.2656 1.3719e-02
5176.8188 6.7955e-03
5178.3711 1.0419e-02
5179.9253 8.5119e-03
5181.4790 1.3571e-02
5183.0337 1.8447e-02
5184.5884 4.7661e-03
5186.1436 9.9296e-03
5187.6992 1.3710e-02
5189.2559 1.3036e-02
5190.8130 7.7849e-03
5192.3696 5.6912e-03
5193.9277 1.0341e-02
5195.4858 4.3682e-03
5197.0439 3.7700e-03
5198.6035 1.9788e-02
5200.1636 1.9219e-02
5201.7231 1.4452e-02
5203.2837 1.5123e-02
5204.8447 1.1658e-02
5206.4058 8.3951e-03
5207.9683 3.4096e-03
5209.5303 2.8034e-03
5211.0933 9.0563e-03
5212.6567 1.5406e-02
5214.2202 9.9594e-03
5215.7847 6.7683e-03
5217.3496 1.2169e-02
5218.9150 8.8558e-03
5220.4800 1.2925e-02
5222.0464 3.3685e-03
5223.6128 1.3366e-02
5225.1802 1.1134e-02
5226.7480 3.2622e-03
5228.3154 2.3227e-02
5229.8843 8.1370e-03
5231.4526 4.8839e-03
5233.0225 4.1825e-03
5234.5928 8.9817e-03
5236.1626 5.0159e-03
5237.7339 1.0046e-02
5239.3052 1.3137e-02
5240.8770 9.0610e-03
5242.4492 5.3880e-03
5244.0220 6.0063e-03
5245.5947 1.0007e-02
5247.1689 1.1301e-02
5248.7422 8.5945e-03
5250.3174 6.0250e-03
5251.8921 1.0282e-02
5253.4678 7.1514e-03
5255.0439 1.0573e-02
5256.6211 7.8114e-03
5258.1978 1.4479e-02
5259.7749 8.1657e-03
5261.3530 3.5773e-03
5262.9312 2.8569e-02
5264.5098 9.6132e-03
5266.0898 1.2724e-02
5267.6694 6.0039e-03
5269.2495 1.0511e-02
5270.8311 6.8522e-03
5272.4116 1.1752e-02
5273.9941 1.2554e-02
5275.5757 1.0829e-02
5277.1587 1.1778e-02
5278.7422 1.2774e-02
5280.3252 1.9035e-02
5281.9092 1.3966e-02
5283.4937 1.0824e-02
5285.0786 3.0841e-03
5286.6641 1.0687e-02
5288.2500 3.7968e-03
5289.8369 2.1043e-02
5291.4238 1.4250e-02
5293.0117 7.1116e-03
5294.5996 7.4476e-03
5296.1870 6.8694e-03
5297.7764 1.3450e-02
5299.3662 9.8492e-03
5300.9561 1.2713e-02
5302.5459 9.1289e-03
5304.1367 2.3485e-02
5305.7280 1.1247e-02
5307.3188 1.1626e-02
5308.9116 1.6793e-02
5310.5044 1.4099e-02
5312.0977 1.0790e-02
5313.6919 3.2553e-03
5315.2856 1.3727e-02
5316.8799 1.7581e-02
5318.4751 1.2445e-02
5320.0708 8.2203e-03
5321.6665 1.2884e-02
5323.2632 2.1385e-02
5324.8604 6.1552e-03
5326.4575 8.2446e-03
5328.0557 1.5891e-02
5329.6533 2.3385e-02
5331.2534 1.1675e-02
5332.8516 7.2138e-03
5334.4517 3.1587e-03
5336.0522 7.7073e-03
5337.6533 1.8660e-02
5339.2544 9.4923e-03
5340.8560 2.0183e-02
5342.4585 1.6643e-02
5344.0605 9.6485e-03
5345.6646 8.7366e-03
5347.2681 6.5060e-03
5348.8726 6.0434e-03
5350.4771 5.4902e-03
5352.0825 9.2925e-03
5353.6875 1.1005e-02
5355.2944 7.5933e-03
5356.9009 9.7084e-03
5358.5073 9.7636e-03
5360.1152 9.3627e-03
5361.7236 5.8472e-03
5363.3315 1.0988e-02
5364.9404 7.5535e-03
5366.5503 7.7515e-03
5368.1602 1.1841e-02
5369.7705 1.6462e-02
5371.3813 1.6401e-02
5372.9932 7.8159e-03
5374.6050 1.3097e-02
5376.2173 5.7185e-03
5377.8301 5.6366e-03
5379.4434 1.5661e-02
5381.0576 9.8033e-03
5382.6714 4.8179e-03
5384.2861 1.6733e-02
5385.9014 7.5013e-03
5387.5171 7.4603e-03
5389.1343 1.6599e-02
5390.7505 1.6604e-02
5392.3677 6.1368e-03
5393.9858 1.4654e-02
5395.6035 1.1398e-02
5397.2222 1.6314e-02
5398.8413 9.2836e-03
5400.4609 1.1678e-02
5402.0811 8.3555e-03
5403.7017 1.1762e-02
5405.3228 1.0457e-02
5406.9448 1.4185e-02
5408.5659 4.8400e-03
5410.1890 1.2487e-02
5411.8115 1.4329e-02
5413.4360 1.9328e-02
5415.0596 1.9262e-02
5416.6841 9.9052e-03
5418.3096 1.2472e-02
5419.9351 1.2817e-02
5421.5605 1.1438e-02
5423.1875 6.6070e-03
5424.8145 1.7467e-02
5426.4414 1.6273e-02
5428.0693 1.4387e-02
5429.6982 1.2117e-02
5431.3271 1.7504e-03
5432.9565 1.7402e-02
5434.5859 1.1107e-02
5436.2163 6.2465e-03
5437.8472 1.7592e-02
5439.4785 1.2920e-02
5441.1104 1.5282e-02
5442.7427 1.5482e-02
5444.3760 3.8032e-03
5446.0098 1.2873e-02
5447.6431 1.1541e-02
5449.2778 1.5049e-02
5450.9121 1.0378e-02
5452.5474 4.3979e-03
5454.1826 1.5150e-02
5455.8193 1.8728e-02
5457.4565 1.2403e-02
5459.0933 1.5967e-02
5460.7310 1.6059e-02
5462.3696 1.1818e-02
5464.0073 1.0420e-02
5465.6475 1.8469e-02
5467.2871 2.1946e-02
5468.9272 8.2040e-03
5470.5674 1.0436e-02
5472.2090 9.3411e-03
5473.8506 1.3223e-02
5475.4927 1.0336e-02
5477.1353 1.5397e-02
5478.7783 2.2177e-02
5480.4224 8.4272e-03
5482.0659 1.1093e-02
5483.7104 9.2376e-03
5485.3560 5.5691e-03
5487.0010 1.3769e-02
5488.6475 1.8752e-02
5490.2944 1.7673e-02
5491.9414 1.1546e-02
5493.5889 8.1612e-03
5495.2368 7.8268e-03
5496.8857 7.1364e-03
5498.5342 6.5917e-03
5500.1841 1.0042e-02
5501.8340 5.3553e-03
5503.4849 7.9027e-03
5505.1357 5.3114e-03
5506.7871 1.3674e-02
5508.4395 1.4245e-02
5510.0923 8.0325e-03
5511.7451 2.0976e-02
5513.3984 1.8424e-02
5515.0522 1.9023e-02
5516.7070 1.3119e-02
5518.3623 1.6433e-02
5520.0176 1.6979e-02
5521.6733 6.5970e-03
5523.3301 2.6341e-02
5524.9868 5.4306e-03
5526.6450 1.8058e-02
5528.3027 1.2890e-02
5529.9609 1.4541e-02
5531.6201 1.3062e-02
5533.2793 4.6980e-03
5534.9395 5.1541e-03
5536.5996 1.5200e-02
5538.2607 1.1531e-02
5539.9229 1.3965e-02
5541.5840 9.8641e-03
5543.2466 2.2483e-02
5544.9102 8.9436e-03
5546.5728 6.7273e-03
5548.2373 8.2364e-03
5549.9019 1.2125e-02
5551.5664 1.9599e-02
5553.2324 2.3402e-03
5554.8984 9.2159e-03
5556.5645 1.0232e-02
5558.2310 2.1437e-02
5559.8989 1.6148e-02
5561.5669 8.6474e-03
5563.2354 1.2477e-02
5564.9043 1.7711e-03
5566.5732 2.0257e-02
5568.2437 2.8914e-03
5569.9150 1.1302e-02
5571.5854 1.6524e-02
5573.2568 6.1504e-03
5574.9287 8.9539e-03
5576.6011 1.9324e-02
5578.2739 9.8141e-03
5579.9482 1.1511e-02
5581.6216 1.3447e-02
5583.2959 7.8056e-03
5584.9717 1.4250e-02
5586.6470 1.3399e-02
5588.3223 1.2346e-02
5589.9990 6.4570e-03
5591.6763 1.0168e-02
5593.3535 1.0299e-02
5595.0317 3.7817e-03
5596.7104 1.1559e-02
5598.3892 1.9769e-02
5600.0688 5.7720e-03
5601.7490 4.6936e-03
5603.4292 4.6933e-03
5605.1104 8.5762e-03
5606.7915 1.5037e-02
5608.4741 6.7353e-03
5610.1562 1.2061e-02
5611.8394 4.2423e-03
5613.5234 8.7223e-03
5615.2075 1.2746e-02
5616.8916 6.0374e-03
5618.5767 1.6760e-02
5620.2627 1.3534e-02
5621.9482 1.3384e-02
5623.6348 1.3311e-02
5625.3218 7.1877e-03
5627.0098 9.6603e-03
5628.6982 5.7286e-03
5630.3867 1.3846e-02
5632.0757 7.9661e-03
5633.7651 9.0852e-03
5635.4551 1.1840e-02
5637.1460 4.2002e-03
5638.8369 8.7589e-03
5640.5283 1.0312e-02
5642.2207 1.3363e-02
5643.9141 8.1111e-03
5645.6069 1.3158e-02
5647.3003 1.2260e-02
5648.9946 1.8326e-03
5650.6895 9.7248e-03
5652.3848 8.9984e-03
5654.0801 5.8807e-03
5655.7759 1.3543e-02
5657.4736 1.2921e-02
5659.1709 7.1187e-03
5660.8682 1.4958e-02
5662.5664 2.0004e-02
5664.2651 9.1202e-03
5665.9644 5.9073e-03
5667.6641 1.1773e-02
5669.3647 1.8661e-02
5671.0649 1.4289e-02
5672.7666 9.2884e-03
5674.4688 6.3549e-03
5676.1709 7.6411e-03
5677.8740 7.1582e-03
5679.5771 1.4475e-02
5681.2812 6.8395e-03
5682.9858 1.0269e-02
5684.6899 7.9453e-03
5686.3950 6.5102e-03
5688.1021 1.0341e-02
5689.8076 1.0576e-03
5691.5146 7.9705e-03
5693.2222 9.1906e-03
5694.9302 7.3459e-03
5696.6382 4.8257e-03
5698.3477 1.5436e-02
5700.0571 1.0981e-02
5701.7671 1.1316e-02
5703.4775 9.1094e-03
5705.1885 1.7113e-02
5706.9004 3.3409e-03
5708.6123 6.0483e-03
5710.3252 3.3206e-03
5712.0381 2.5580e-03
5713.7524 4.2088e-03
5715.4663 1.2681e-02
5717.1812 8.1682e-03
5718.8955 1.4302e-02
5720.6118 1.2169e-02
5722.3271 5.7812e-03
5724.0444 1.1587e-02
5725.7617 1.0340e-02
5727.4795 1.7844e-02
5729.1973 3.0227e-03
5730.9165 1.1781e-02
5732.6353 5.4720e-03
5734.3550 7.4305e-03
5736.0757 4.5220e-03
5737.7969 1.1320e-02
5739.5176 7.4840e-03
5741.2397 4.2594e-03
5742.9624 7.3069e-03
5744.6851 6.8174e-03
5746.4082 7.2433e-03
5748.1323 8.6286e-03
5749.8569 9.6256e-03
5751.5815 7.7658e-03
5753.3076 7.6387e-03
5755.0332 5.0954e-03
5756.7593 4.1362e-03
5758.4863 7.4188e-03
5760.2144 1.1645e-02
5761.9424 1.1063e-02
5763.6709 1.1548e-02
5765.3999 4.2888e-03
5767.1294 1.1879e-02
5768.8594 7.0406e-03
5770.5908 4.3958e-03
5772.3213 7.8060e-03
5774.0527 1.2021e-02
5775.7856 9.9634e-03
5777.5181 3.7332e-03
5779.2515 3.9785e-03
5780.9844 9.6524e-03
5782.7192 1.8842e-02
5784.4546 6.3682e-03
5786.1899 3.2279e-03
5787.9253 2.0361e-02
5789.6626 7.4238e-03
5791.3984 6.8517e-03
5793.1362 6.7454e-03
5794.8745 5.3477e-03
5796.6123 9.2671e-03
5798.3516 4.8026e-03
5800.0913 1.5335e-02
5801.8306 1.0333e-02
5803.5713 1.0528e-02
5805.3125 7.8462e-03
5807.0537 8.5727e-03
5808.7964 6.6744e-03
5810.5391 1.3187e-02
5812.2822 8.2140e-03
5814.0259 9.8079e-03
5815.7700 1.7656e-02
5817.5151 1.1625e-02
5819.2598 6.9768e-03
5821.0059 5.1620e-03
5822.7524 1.2259e-02
5824.4990 5.1263e-03
5826.2461 1.4311e-02
5827.9937 1.2353e-02
5829.7427 7.2049e-04
5831.4912 2.5301e-03
5833.2407 6.1965e-03
5834.9912 5.4357e-03
5836.7417 1.0693e-02
5838.4922 1.8157e-03
5840.2446 6.5150e-03
5841.9961 2.0247e-02
5843.7490 8.9792e-03
5845.5020 6.7259e-03
5847.2559 2.8914e-03
5849.0103 1.3242e-02
5850.7642 8.3136e-03
5852.5195 1.0636e-02
5854.2754 7.7828e-03
5856.0317 1.6676e-02
5857.7881 6.2782e-03
5859.5454 6.1397e-03
5861.3032 6.8083e-03
5863.0625 1.3277e-02
5864.8208 6.7320e-03
5866.5806 8.4217e-03
5868.3403 4.0894e-03
5870.1006 4.7382e-03
5871.8618 9.9356e-03
5873.6230 7.1332e-03
5875.3857 6.8284e-03
5877.1479 5.2822e-03
5878.9111 1.5433e-03
5880.6748 7.2905e-03
5882.4390 1.7712e-02
5884.2036 4.8916e-03
5885.9692 1.1709e-02
5887.7349 4.7623e-03
5889.5010 5.5441e-03
5891.2676 1.0961e-02
5893.0356 1.2622e-02
5894.8032 7.9517e-03
5896.5718 1.5481e-02
5898.3408 7.0400e-03
5900.1108 9.1742e-03
5901.8804 2.5990e-03
5903.6509 1.0880e-02
5905.4219 1.6993e-02
5907.1938 1.5290e-02
5908.9663 1.5594e-03
5910.7383 5.4359e-03
5912.5112 6.0986e-03
5914.2856 8.0099e-03
5916.0601 8.1059e-03
5917.8345 1.1908e-02
5919.6099 6.4051e-03
5921.3857 4.1683e-03
5923.1621 9.0145e-03
5924.9395 7.8394e-04
5926.7163 3.1190e-03
5928.4946 1.6440e-02
5930.2729 9.1801e-03
5932.0522 5.1775e-03
5933.8315 1.4149e-02
5935.6123 6.5297e-03
5937.3926 6.4151e-03
5939.1738 8.2411e-03
5940.9556 6.6333e-03
5942.7383 1.1271e-02
5944.5210 1.6103e-02
5946.3042 5.1980e-03
5948.0879 1.2092e-02
5949.8726 5.5597e-03
5951.6572 1.8528e-03
5953.4434 4.6733e-03
5955.2290 1.1586e-02
5957.0151 5.8587e-03
5958.8022 3.5977e-03
5960.5903 7.4332e-03
5962.3789 1.3393e-02
5964.1670 7.9235e-04
5965.9561 1.5200e-02
5967.7466 6.1596e-03
5969.5366 8.4050e-03
5971.3276 2.9848e-03
5973.1187 9.5771e-03
5974.9106 6.1526e-03
5976.7031 7.6855e-03
5978.4961 1.6818e-02
5980.2900 1.2357e-02
5982.0845 4.9133e-03
5983.8789 3.2626e-03
5985.6729 3.7107e-03
5987.4692 1.8248e-02
5989.2651 1.1188e-02
5991.0620 3.9680e-03
5992.8589 3.4516e-03
5994.6572 3.8908e-03
5996.4556 6.4611e-03
5998.2549 6.7279e-03
6000.0547 5.6681e-03
6001.8545 1.2045e-02
6003.6548 1.6828e-02
6005.4561 9.0265e-03
6007.2578 1.3834e-02
6009.0596 1.7030e-02
6010.8623 8.5005e-03
6012.6660 9.5970e-03
6014.4697 8.8231e-03
6016.2739 8.2933e-03
6018.0786 9.5533e-03
6019.8843 1.1410e-02
6021.6909 1.5016e-02
6023.4966 4.0994e-03
6025.3037 1.3383e-02
6027.1108 1.4221e-02
6028.9199 1.4307e-02
6030.7285 5.5471e-03
6032.5366 8.2478e-03
6034.3472 1.1316e-02
6036.1577 1.8036e-02
6037.9683 1.1419e-02
6039.7793 7.9277e-03
6041.5918 1.1896e-02
6043.4038 5.0039e-03
6045.2173 8.4213e-03
6047.0312 6.6483e-03
6048.8447 7.6064e-03
6050.6592 2.2480e-03
6052.4751 6.4876e-03
6054.2905 6.3779e-03
6056.1069 1.4145e-02
6057.9233 5.0871e-03
6059.7407 1.0182e-02
6061.5586 7.2802e-03
6063.3770 1.1420e-02
6065.1968 1.0453e-02
6067.0161 5.7178e-03
6068.8359 1.5217e-02
6070.6567 1.0668e-02
6072.4785 1.0160e-02
6074.2998 6.9845e-03
6076.1221 7.5085e-03
6077.9448 1.2200e-02
6079.7681 1.8401e-02
6081.5918 1.0595e-02
6083.4160 6.9017e-03
6085.2417 1.0310e-02
6087.0664 3.3513e-03
6088.8936 8.8658e-03
6090.7197 7.7236e-03
6092.5469 4.9734e-03
6094.3745 9.0248e-03
6096.2031 6.0468e-03
6098.0327 1.0398e-02
6099.8613 4.6786e-03
6101.6914 8.2566e-03
6103.5220 1.4876e-02
6105.3530 7.1178e-03
6107.1846 9.7779e-03
6109.0171 1.2616e-02
6110.8496 4.4359e-03
6112.6831 5.0824e-03
6114.5166 5.2529e-03
6116.3511 1.0466e-02
6118.1855 3.9111e-03
6120.0210 1.1605e-02
6121.8574 1.9790e-03
6123.6938 4.2794e-03
6125.5308 8.6991e-03
6127.3687 3.2875e-03
6129.2065 6.2685e-03
6131.0454 4.8335e-03
6132.8843 4.3628e-03
6134.7246 1.0905e-02
6136.5649 1.1970e-02
6138.4062 5.7687e-03
6140.2476 1.0389e-02
6142.0894 5.6976e-03
6143.9316 4.0960e-03
6145.7759 9.6279e-03
6147.6191 1.5512e-03
6149.4634 6.1836e-03
6151.3081 8.4731e-03
6153.1538 8.9294e-03
6155.0000 5.2095e-03
6156.8462 4.5743e-03
6158.6934 2.9914e-03
6160.5410 6.6568e-03
6162.3892 6.5034e-03
6164.2373 8.5980e-03
6166.0869 1.0233e-02
6167.9370 1.3124e-02
6169.7871 9.1944e-03
6171.6387 7.1920e-03
6173.4897 9.2064e-03
6175.3413 4.8782e-03
6177.1938 4.6893e-03
6179.0474 1.1699e-02
6180.9009 5.9561e-03
6182.7549 1.0814e-02
6184.6104 1.2242e-02
6186.4653 7.2772e-03
6188.3213 4.6608e-03
6190.1782 5.0802e-03
6192.0356 9.0866e-03
6193.8931 6.1324e-03
6195.7505 6.1533e-03
6197.6099 2.0360e-03
6199.4688 5.4013e-03
6201.3281 1.9713e-03
6203.1895 5.2556e-03
6205.0498 1.2627e-02
6206.9121 2.6444e-03
6208.7739 1.2748e-02
6210.6367 1.1110e-02
6212.4995 1.2196e-02
6214.3633 1.2460e-03
6216.2275 9.4346e-03
6218.0923 1.0541e-02
6219.9575 4.3982e-03
6221.8237 4.7761e-03
6223.6904 1.5884e-02
6225.5576 2.9237e-03
6227.4258 2.7675e-03
6229.2935 8.7506e-03
6231.1621 1.4383e-02
6233.0317 3.6184e-03
6234.9019 4.5115e-03
6236.7720 5.2042e-03
6238.6431 7.7544e-03
6240.5146 1.1274e-02
6242.3867 7.6978e-03
6244.2598 5.9246e-03
6246.1323 1.3529e-02
6248.0063 1.1865e-02
6249.8813 7.1649e-03
6251.7559 3.4057e-03
6253.6313 5.3270e-03
6255.5073 7.7407e-03
6257.3843 3.6401e-03
6259.2617 1.3653e-02
6261.1392 3.0243e-03
6263.0176 5.3555e-03
6264.8970 4.4637e-03
6266.7759 1.2528e-02
6268.6562 5.0540e-03
6270.5361 8.7925e-03
6272.4180 1.1471e-02
6274.2993 5.2800e-03
6276.1816 1.1742e-02
6278.0645 1.2319e-02
6279.9478 6.7322e-03
6281.8320 7.0529e-03
6283.7168 1.0482e-02
6285.6021 1.1204e-02
6287.4868 4.3991e-03
6289.3740 8.4942e-04
6291.2603 2.2879e-03
6293.1475 2.0293e-03
6295.0352 1.4255e-02
6296.9238 1.5934e-02
6298.8130 9.8160e-03
6300.7026 7.6456e-03
6302.5933 4.3020e-03
6304.4839 4.1879e-03
6306.3755 6.3733e-03
6308.2676 7.0329e-03
6310.1597 1.1116e-02
6312.0527 8.5305e-03
6313.9468 4.3288e-03
6315.8398 4.2276e-03
6317.7349 1.6016e-03
6319.6304 7.5511e-03
6321.5269 4.6989e-03
6323.4233 6.8189e-03
6325.3198 7.1997e-03
6327.2178 8.7598e-03
6329.1157 3.4348e-03
6331.0146 9.2804e-03
6332.9131 1.5861e-02
6334.8140 7.0866e-03
6336.7139 9.5274e-03
6338.6147 5.1990e-03
6340.5166 8.1401e-03
6342.4189 9.7132e-03
6344.3213 9.7585e-03
6346.2246 1.0769e-02
6348.1284 6.4856e-03
6350.0332 6.8561e-03
6351.9380 1.1587e-02
6353.8442 9.0580e-03
6355.7500 4.9532e-03
6357.6572 1.0272e-02
6359.5645 1.2461e-02
6361.4717 7.3975e-03
6363.3804 4.8953e-03
6365.2891 1.4787e-02
6367.1987 1.8053e-02
6369.1089 5.2396e-03
6371.0200 1.0951e-02
6372.9312 6.8232e-03
6374.8428 8.4105e-03
6376.7549 1.0900e-02
6378.6685 3.9594e-03
6380.5820 5.2869e-03
6382.4966 7.5731e-03
6384.4111 4.6824e-03
6386.3257 6.9659e-03
6388.2422 3.4999e-03
6390.1587 1.3538e-02
6392.0752 8.7429e-03
6393.9932 7.8078e-03
6395.9116 8.8673e-03
6397.8301 5.7897e-03
6399.7490 6.8874e-03
6401.6694 5.2858e-03
6403.5898 8.6397e-03
6405.5112 4.4916e-03
6407.4331 6.0720e-03
6409.3545 6.8250e-03
6411.2778 7.2535e-03
6413.2012 5.5577e-03
6415.1250 9.2983e-03
6417.0493 1.3786e-02
6418.9741 4.6977e-03
6420.9004 6.6913e-03
6422.8262 1.4128e-02
6424.7534 8.7441e-03
6426.6812 3.1753e-03
6428.6094 1.0548e-02
6430.5381 3.2940e-03
6432.4668 4.3408e-03
6434.3960 4.9724e-03
6436.3267 9.4695e-03
6438.2578 6.0593e-03
6440.1895 7.7039e-04
6442.1216 1.0047e-02
6444.0537 6.9269e-03
6445.9868 5.1531e-03
6447.9209 1.3907e-02
6449.8550 8.7506e-03
6451.7905 4.2059e-03
6453.7256 1.8608e-02
6455.6621 2.5297e-03
6457.5986 6.7499e-03
6459.5356 8.3472e-03
6461.4741 1.4129e-02
6463.4121 1.3938e-02
6465.3506 4.7720e-03
6467.2905 4.3484e-03
6469.2310 6.0290e-03
6471.1719 5.3728e-03
6473.1128 5.6272e-03
6475.0552 5.6225e-03
6476.9976 8.9621e-03
6478.9409 1.1550e-02
6480.8848 5.1719e-03
6482.8286 6.1919e-03
6484.7739 5.8259e-03
6486.7192 7.2827e-03
6488.6650 2.6783e-03
6490.6113 4.4919e-03
6492.5581 4.3617e-04
6494.5063 9.4412e-03
6496.4546 1.7156e-02
6498.4038 0.0000e+00
6500.3535 7.4578e-03
6502.3032 5.4976e-03
6504.2539 2.9682e-03
6506.2056 6.7352e-04
6508.1572 7.6805e-03
6510.1099 5.7982e-03
6512.0625 5.6430e-03
6514.0166 6.7028e-03
6515.9702 4.3677e-03
6517.9258 7.2163e-03
6519.8809 1.2488e-02
6521.8364 8.1898e-03
6523.7930 5.0535e-03
6525.7505 1.9502e-03
6527.7075 6.7195e-03
6529.6665 4.6955e-03
6531.6255 4.4412e-03
6533.5845 7.0312e-04
6535.5449 6.7537e-03
6537.5054 3.1886e-03
6539.4668 8.2808e-03
6541.4282 4.8082e-03
6543.3911 1.1183e-03
6545.3545 1.4586e-02
6547.3179 1.0492e-02
6549.2817 4.8235e-03
6551.2466 2.1167e-03
6553.2124 6.5158e-03
6555.1777 3.5312e-03
6557.1445 2.5432e-03
6559.1113 1.2724e-03
6561.0796 4.1050e-03
6563.0479 3.3716e-03
6565.0166 2.9876e-03
6566.9863 5.6350e-03
6568.9561 7.9868e-03
6570.9268 1.0026e-02
6572.8979 1.1476e-02
6574.8701 6.7175e-03
6576.8423 3.3045e-03
6578.8154 4.6867e-03
6580.7896 3.6291e-03
6582.7632 8.9148e-03
6584.7383 8.5716e-03
6586.7139 2.5834e-03
6588.6895 1.0019e-02
6590.6660 5.8978e-03
6592.6431 8.0445e-03
6594.6211 1.5834e-02
6596.5996 8.3149e-03
6598.5791 6.1049e-03
6600.5581 4.8935e-03
6602.5386 5.7422e-03
6604.5190 4.1065e-03
6606.5005 7.4362e-03
6608.4824 8.2754e-03
6610.4648 5.2016e-03
6612.4482 7.9217e-03
6614.4326 3.6142e-03
6616.4160 5.2167e-03
6618.4009 1.3635e-02
6620.3867 4.7666e-03
6622.3730 6.7328e-03
6624.3594 6.6190e-03
6626.3467 9.5239e-03
6628.3350 8.6799e-03
6630.3232 6.4938e-03
6632.3125 7.9921e-03
6634.3022 6.2182e-03
6636.2920 5.1997e-03
6638.2827 5.6631e-03
6640.2744 7.6753e-03
6642.2671 6.0412e-03
6644.2593 5.7747e-03
6646.2529 5.0164e-03
6648.2471 4.8746e-03
6650.2412 8.6091e-03
6652.2358 7.3178e-03
6654.2314 5.9481e-03
6656.2280 6.0078e-03
6658.2251 1.3038e-02
6660.2222 3.9061e-03
6662.2207 6.3510e-03
6664.2197 3.5172e-03
6666.2178 7.9925e-03
6668.2178 6.2018e-03
6670.2188 4.8154e-03
6672.2192 4.7568e-03
6674.2212 1.0080e-02
6676.2241 7.4488e-03
6678.2266 1.1130e-02
6680.2300 6.7333e-03
6682.2334 1.3134e-02
6684.2388 1.1191e-02
6686.2446 4.8156e-03
6688.2500 5.5737e-03
6690.2563 1.8651e-03
6692.2627 9.2016e-03
6694.2715 2.8409e-03
6696.2793 5.2838e-03
6698.2881 6.1602e-03
6700.2979 4.9735e-03
6702.3081 5.7903e-03
6704.3188 2.0171e-03
6706.3301 7.4329e-03
6708.3418 9.3000e-03
6710.3545 1.0070e-02
6712.3672 7.1546e-03
6714.3809 4.7177e-03
6716.3955 4.9436e-03
6718.4106 6.6180e-03
6720.4263 7.2076e-03
6722.4419 9.1154e-03
6724.4585 8.2171e-03
6726.4756 2.5649e-03
6728.4946 5.9897e-03
6730.5127 8.4657e-03
6732.5312 5.9114e-03
6734.5513 2.2629e-03
6736.5718 4.8519e-03
6738.5923 6.3782e-03
6740.6152 4.6453e-03
6742.6367 4.5245e-03
6744.6587 9.3369e-03
6746.6831 2.4621e-03
6748.7065 4.5899e-03
6750.7310 9.7989e-03
6752.7563 5.0369e-03
6754.7822 5.0967e-03
6756.8091 1.2166e-02
6758.8359 5.1850e-03
6760.8633 1.5899e-03
6762.8916 9.7839e-03
6764.9209 3.2540e-03
6766.9502 7.6936e-03
6768.9805 1.1850e-03
6771.0107 2.2196e-03
6773.0425 5.9454e-03
6775.0742 4.5756e-03
6777.1064 6.0288e-03
6779.1401 7.0912e-03
6781.1733 4.6321e-03
6783.2080 3.4921e-03
6785.2427 7.0285e-03
6787.2783 7.1542e-03
6789.3149 3.9266e-03
6791.3516 9.8944e-03
6793.3887 8.1227e-03
6795.4272 4.1887e-03
6797.4653 1.0694e-02
6799.5049 1.0856e-02
6801.5444 5.6674e-03
6803.5854 3.9543e-03
6805.6260 1.1920e-02
6807.6685 8.4560e-03
6809.7100 4.9619e-03
6811.7534 8.1407e-03
6813.7964 4.3055e-03
6815.8408 4.5869e-03
6817.8853 5.0155e-03
6819.9312 1.0858e-02
6821.9771 1.1119e-02
6824.0234 3.8085e-03
6826.0703 6.4202e-03
6828.1182 6.7885e-03
6830.1670 1.9322e-03
6832.2163 1.1732e-02
6834.2651 9.1654e-03
6836.3154 6.1952e-03
6838.3667 2.2424e-03
6840.4180 3.7371e-03
6842.4702 7.2103e-03
6844.5229 6.2258e-03
6846.5762 4.9597e-03
6848.6304 7.5475e-03
6850.6851 6.3573e-03
6852.7402 8.2221e-03
6854.7959 9.2191e-03
6856.8525 5.2187e-03
6858.9097 5.2990e-03
6860.9668 2.1534e-03
6863.0254 9.0608e-04
6865.0845 6.5520e-03
6867.1440 1.4259e-02
6869.2041 2.4476e-03
6871.2646 6.5414e-03
6873.3257 8.1364e-03
6875.3882 1.2390e-02
6877.4512 4.4134e-03
6879.5137 3.4373e-03
6881.5781 5.6825e-03
6883.6421 7.8554e-03
6885.7075 6.2918e-03
6887.7729 3.0229e-03
6889.8394 4.7609e-03
6891.9062 8.3003e-03
6893.9746 7.8072e-03
6896.0425 4.1049e-03
6898.1113 4.6199e-03
6900.1802 9.1420e-03
6902.2505 3.4587e-03
6904.3213 4.1640e-03
6906.3926 3.3993e-03
6908.4648 2.4932e-03
6910.5366 5.4489e-03
6912.6099 5.2382e-03
6914.6841 2.9948e-03
6916.7588 2.1678e-03
6918.8335 6.1669e-03
6920.9092 2.4602e-03
6922.9849 0.0000e+00
6925.0620 3.6010e-03
6927.1401 3.5721e-03
6929.2178 1.3524e-02
6931.2964 1.1521e-02
6933.3760 6.5846e-03
6935.4561 1.1015e-02
6937.5371 5.3170e-03
6939.6182 4.8900e-03
6941.7002 4.7851e-03
6943.7822 2.8878e-03
6945.8657 5.4559e-03
6947.9487 2.1427e-03
6950.0337 1.4505e-03
6952.1182 9.2974e-03
6954.2046 1.7900e-04
6956.2905 4.7009e-03
6958.3779 3.4481e-03
6960.4644 4.3335e-03
6962.5527 4.5231e-03
6964.6421 2.3015e-03
6966.7314 7.7290e-03
6968.8208 4.1423e-03
6970.9116 4.6132e-03
6973.0029 5.8188e-03
6975.0947 6.4665e-03
6977.1880 2.9102e-03
6979.2803 4.8075e-03
6981.3745 5.8665e-03
6983.4692 4.3583e-03
6985.5635 3.6823e-03
6987.6602 4.7021e-03
6989.7559 1.9735e-03
6991.8525 2.8388e-03
6993.9507 2.4622e-03
6996.0488 4.9787e-03
6998.1479 3.4723e-03
7000.2471 1.2225e-03
7002.3467 5.7201e-03
7004.4468 5.8776e-03
7006.5488 9.2579e-03
7008.6514 4.6265e-03
7010.7529 4.5707e-03
7012.8564 1.1143e-02
7014.9609 5.5752e-03
7017.0654 4.4969e-03
7019.1699 2.2144e-03
7021.2759 5.9398e-03
7023.3823 1.1251e-03
7025.4893 6.8128e-03
7027.5977 6.4572e-03
7029.7051 4.9614e-03
7031.8145 6.7494e-03
7033.9238 2.7083e-04
7036.0337 3.7457e-03
7038.1450 2.7923e-04
7040.2559 4.2088e-03
7042.3687 2.6846e-03
7044.4805 7.6319e-03
7046.5938 5.9217e-03
7048.7080 8.3883e-03
7050.8228 7.3291e-03
7052.9385 1.2912e-03
7055.0542 1.3340e-03
7057.1704 3.8032e-03
7059.2881 7.4888e-03
7061.4053 7.7511e-03
7063.5234 4.7871e-03
7065.6431 1.4787e-03
7067.7627 9.3001e-03
7069.8828 8.2720e-03
7072.0039 5.0189e-03
7074.1255 5.6243e-03
7076.2476 3.7974e-03
7078.3706 7.2363e-03
7080.4937 2.1967e-03
7082.6187 2.1471e-03
7084.7432 2.6012e-03
7086.8687 2.6986e-03
7088.9946 6.9203e-03
7091.1216 7.7853e-03
7093.2490 8.9421e-03
7095.3765 8.3346e-03
7097.5049 9.4648e-03
7099.6348 7.8291e-03
7101.7642 4.0704e-03
7103.8945 4.1911e-03
7106.0264 4.8359e-03
7108.1582 4.1805e-03
7110.2905 4.2072e-03
7112.4229 3.3976e-03
7114.5571 3.3374e-04
7116.6914 2.7362e-03
7118.8262 4.6111e-03
7120.9619 3.6361e-03
7123.0986 4.8075e-03
7125.2354 6.9338e-03
7127.3730 3.9400e-03
7129.5112 5.1351e-03
7131.6499 2.7919e-03
7133.7896 7.4505e-03
7135.9292 3.4881e-03
7138.0703 9.5469e-03
7140.2119 3.6604e-03
7142.3540 3.6280e-03
7144.4966 5.1719e-03
7146.6396 2.9106e-03
7148.7842 1.1214e-02
7150.9287 6.9519e-03
7153.0742 8.7810e-04
7155.2197 4.8437e-03
7157.3667 3.1352e-03
7159.5137 6.3553e-04
7161.6616 6.2438e-03
7163.8101 5.3418e-03
7165.9590 0.0000e+00
7168.1089 7.8141e-03
7170.2593 3.5048e-03
7172.4102 4.7239e-03
7174.5625 7.5896e-03
7176.7144 7.1184e-03
7178.8672 2.6694e-03
7181.0210 6.5301e-03
7183.1753 6.6378e-03
7185.3306 5.5396e-03
7187.4858 3.8539e-03
7189.6421 1.0872e-02
7191.7988 5.1138e-03
7193.9565 6.4825e-03
7196.1147 8.5834e-03
7198.2734 2.3708e-03
7200.4336 3.0634e-03
7202.5928 5.5985e-03
7204.7539 5.9814e-03
7206.9155 2.8415e-03
7209.0771 3.6517e-03
7211.2402 2.6935e-03
7213.4033 3.6865e-03
7215.5674 7.1266e-03
7217.7324 8.1556e-03
7219.8979 2.9278e-03
7222.0635 6.2195e-03
7224.2300 1.4715e-03
7226.3979 8.8424e-03
7228.5654 3.5426e-03
7230.7334 2.1861e-03
7232.9033 4.2163e-03
7235.0728 2.3453e-03
7237.2432 2.3906e-03
7239.4150 7.8861e-03
7241.5864 6.8446e-03
7243.7593 4.5790e-03
7245.9321 4.5618e-03
7248.1060 4.2205e-03
7250.2803 1.4348e-03
7252.4551 2.5541e-03
7254.6313 1.5891e-03
7256.8076 6.1119e-03
7258.9849 9.2244e-03
7261.1626 9.0296e-03
7263.3408 4.7392e-03
7265.5200 7.6286e-03
7267.6992 3.1556e-03
7269.8799 8.6993e-03
7272.0605 2.1574e-03
7274.2422 1.3377e-03
7276.4243 1.3796e-02
7278.6069 6.0269e-03
7280.7910 1.1263e-02
7282.9751 4.3334e-03
7285.1602 1.0963e-02
7287.3452 2.7270e-03
7289.5317 7.2365e-03
7291.7188 4.7299e-03
7293.9067 6.3188e-03
7296.0947 2.2911e-03
7298.2832 6.8055e-03
7300.4727 1.9187e-03
7302.6631 4.7479e-03
7304.8540 3.2483e-03
7307.0454 3.1816e-03
7309.2373 4.4721e-03
7311.4292 1.5191e-03
7313.6235 7.1096e-03
7315.8179 7.7170e-03
7318.0122 4.8640e-03
7320.2075 6.7742e-03
7322.4038 8.1683e-03
7324.6001 3.4181e-03
7326.7979 6.3590e-03
7328.9961 3.9258e-03
7331.1943 2.1950e-03
7333.3936 1.7064e-03
7335.5938 6.4244e-03
7337.7944 3.4611e-03
7339.9956 2.7352e-03
7342.1982 4.3219e-03
7344.4004 1.5696e-03
7346.6035 3.6918e-04
7348.8081 2.7382e-03
7351.0127 2.6968e-03
7353.2183 6.2251e-03
7355.4238 4.9787e-03
7357.6304 7.2587e-03
7359.8374 3.2869e-03
7362.0459 3.0630e-03
7364.2549 2.9690e-03
7366.4634 2.4838e-03
7368.6738 1.2511e-04
7370.8838 4.5147e-03
7373.0957 2.4100e-03
7375.3071 1.5676e-03
7377.5200 3.6152e-03
7379.7334 5.1168e-03
7381.9473 3.4042e-03
7384.1616 2.5733e-03
7386.3770 8.0472e-03
7388.5928 4.9632e-03
7390.8096 3.1475e-03
7393.0264 1.0620e-03
7395.2446 5.6682e-03
7397.4639 5.5506e-03
7399.6826 5.3129e-03
7401.9023 2.7552e-03
7404.1230 7.6690e-04
7406.3438 2.2336e-03
7408.5654 6.1377e-03
7410.7886 3.2027e-03
7413.0122 5.8681e-03
7415.2354 2.1149e-03
7417.4604 4.1467e-03
7419.6855 5.3838e-03
7421.9116 4.0714e-03
7424.1382 3.9130e-03
7426.3652 6.8386e-03
7428.5933 4.4920e-03
7430.8218 5.3804e-03
7433.0513 6.6791e-03
7435.2808 5.6192e-03
7437.5117 4.2506e-03
7439.7432 5.1518e-04
7441.9741 5.7547e-03
7444.2070 7.1213e-03
7446.4404 7.3473e-04
7448.6748 2.3124e-03
7450.9097 2.2437e-03
7453.1440 1.3723e-03
7455.3809 3.4400e-03
7457.6167 6.0810e-03
7459.8545 1.9787e-03
7462.0923 4.5764e-03
7464.3306 3.2963e-03
7466.5698 4.8229e-03
7468.8096 1.0497e-02
7471.0503 2.3967e-03
7473.2920 3.8523e-03
7475.5342 6.1067e-03
7477.7769 4.0560e-03
7480.0205 6.8365e-03
7482.2637 3.8236e-04
7484.5088 2.0462e-03
7486.7539 1.1136e-02
7489.0000 6.7424e-03
7491.2471 2.2974e-03
7493.4937 5.3470e-03
7495.7422 4.8230e-03
7497.9912 6.0081e-03
7500.2402 3.2196e-03
7502.4902 1.9636e-03
7504.7412 5.6783e-03
7506.9927 2.5663e-03
7509.2441 7.6715e-03
7511.4976 5.2181e-04
7513.7510 3.3697e-03
7516.0044 7.4614e-03
7518.2593 5.4246e-03
7520.5151 5.9455e-03
7522.7715 6.5515e-04
7525.0283 4.9089e-03
7527.2861 1.2806e-02
7529.5439 2.3270e-03
7531.8027 7.5172e-03
7534.0620 5.6724e-03
7536.3228 2.2455e-03
7538.5835 3.1692e-03
7540.8447 3.2765e-03
7543.1074 0.0000e+00
7545.3706 7.3928e-03
7547.6338 2.6857e-03
7549.8984 4.2782e-03
7552.1626 6.9534e-03
7554.4292 5.0464e-03
7556.6948 5.6420e-03
7558.9619 2.4995e-03
7561.2295 2.9425e-03
7563.4976 7.9917e-03
7565.7671 0.0000e+00
7568.0366 2.2104e-03
7570.3071 6.7049e-03
7572.5786 3.8898e-03
7574.8511 4.3828e-03
7577.1230 4.9252e-03
7579.3960 7.5046e-03
7581.6694 4.3761e-03
7583.9443 5.8039e-03
7586.2192 2.2656e-03
7588.4956 3.3990e-03
7590.7715 3.0967e-03
7593.0488 2.0391e-03
7595.3262 5.3483e-03
7597.6060 1.5104e-04
7599.8843 4.7464e-03
7602.1641 7.8246e-03
7604.4448 8.2399e-03
7606.7271 1.6956e-03
7609.0093 3.6995e-03
7611.2910 6.0625e-03
7613.5752 7.2118e-03
7615.8589 3.5408e-03
7618.1440 5.6979e-03
7620.4292 1.7899e-03
7622.7153 2.3985e-03
7625.0020 2.9480e-03
7627.2896 1.7924e-03
7629.5781 4.2048e-03
7631.8662 2.2611e-03
7634.1562 3.9735e-03
7636.4468 1.8423e-03
7638.7378 1.8758e-03
7641.0288 3.9596e-03
7643.3213 1.1599e-02
7645.6138 4.0522e-03
7647.9072 1.9689e-03
7650.2021 3.7028e-03
7652.4971 8.9961e-04
7654.7935 1.9631e-04
7657.0894 2.5623e-03
7659.3867 5.0006e-03
7661.6846 2.1039e-03
7663.9829 2.2932e-03
7666.2817 4.5088e-03
7668.5825 4.9728e-03
7670.8823 1.2809e-03
7673.1841 2.0009e-03
7675.4854 2.1630e-03
7677.7891 3.9465e-04
7680.0918 1.7532e-03
7682.3960 1.5338e-03
7684.7002 6.0052e-03
7687.0059 0.0000e+00
7689.3125 1.7469e-03
7691.6191 4.2903e-03
7693.9268 0.0000e+00
7696.2344 3.7490e-03
7698.5430 4.6592e-04
7700.8530 3.0850e-03
7703.1631 4.4006e-03
7705.4746 5.1783e-04
7707.7856 0.0000e+00
7710.0981 3.6934e-03
7712.4111 1.2395e-03
7714.7251 2.7972e-03
7717.0391 1.3465e-03
7719.3540 4.3648e-03
7721.6699 3.3636e-03
7723.9868 2.2985e-03
7726.3042 5.2114e-03
7728.6216 2.5835e-03
7730.9409 3.2848e-03
7733.2593 4.6208e-03
7735.5796 3.4164e-03
7737.9004 2.2622e-03
7740.2217 8.2327e-04
7742.5435 3.2593e-03
7744.8662 3.0276e-03
7747.1895 2.4619e-03
7749.5142 1.8566e-03
7751.8394 2.1540e-03
7754.1650 9.0016e-04
7756.4907 8.2357e-03
7758.8174 4.1206e-03
7761.1450 3.9232e-03
7763.4736 2.9329e-03
7765.8022 5.7439e-03
7768.1323 5.3966e-03
7770.4634 3.8544e-03
7772.7944 2.9967e-03
7775.1260 2.5990e-03
7777.4585 8.4665e-04
7779.7915 3.1340e-03
7782.1260 0.0000e+00
7784.4604 2.2359e-03
7786.7954 1.7626e-03
7789.1318 1.9271e-03
7791.4683 3.8598e-03
7793.8062 8.4424e-03
7796.1436 3.7246e-03
7798.4824 5.7019e-03
7800.8218 8.9879e-04
7803.1626 3.3186e-03
7805.5034 6.8751e-04
7807.8447 6.9535e-04
7810.1880 4.6938e-03
7812.5303 2.4510e-03
7814.8745 9.8070e-03
7817.2192 1.4636e-03
7819.5640 5.0794e-03
7821.9106 5.3860e-03
7824.2559 3.4260e-03
7826.6040 2.0570e-03
7828.9521 2.2136e-03
7831.3003 3.6878e-03
7833.6499 5.1120e-03
7835.9995 1.5241e-03
7838.3511 6.2390e-03
7840.7021 4.6776e-03
7843.0547 3.8510e-03
7845.4077 4.6684e-03
7847.7603 7.3971e-03
7850.1152 2.1215e-03
7852.4702 0.0000e+00
7854.8262 8.9356e-03
7857.1821 7.3498e-03
7859.5396 1.7975e-03
7861.8975 0.0000e+00
7864.2559 6.2671e-03
7866.6157 6.3192e-03
7868.9756 2.3923e-03
7871.3359 1.8348e-03
7873.6978 7.5665e-04
7876.0601 2.2292e-03
7878.4224 4.4225e-03
7880.7856 1.7136e-03
7883.1509 5.6645e-03
7885.5151 3.3318e-03
7887.8809 2.7596e-03
7890.2476 3.1997e-03
7892.6147 1.1378e-03
7894.9814 6.1268e-03
7897.3501 2.4635e-03
7899.7192 2.5969e-03
7902.0898 4.4877e-03
7904.4604 4.6415e-03
7906.8311 1.4132e-03
7909.2036 5.7099e-03
7911.5767 4.6383e-03
7913.9497 4.3038e-03
7916.3247 2.9931e-03
7918.6987 4.3093e-03
7921.0742 6.3918e-03
7923.4512 1.6578e-03
7925.8276 4.3664e-03
7928.2051 1.7939e-03
7930.5845 7.3781e-03
7932.9634 3.3297e-03
7935.3433 7.4762e-03
7937.7236 3.0761e-03
7940.1050 1.9785e-03
7942.4873 4.1599e-03
7944.8701 7.4203e-03
7947.2529 7.9502e-04
7949.6377 9.5133e-04
7952.0225 3.9733e-03
7954.4082 3.2293e-03
7956.7949 1.0515e-03
7959.1807 3.8973e-03
7961.5688 4.3313e-03
7963.9580 2.7297e-03
7966.3462 4.1079e-03
7968.7368 7.3618e-03
7971.1274 3.1782e-03
7973.5181 7.9906e-03
7975.9111 1.4437e-03
7978.3032 2.1823e-03
7980.6973 2.6396e-03
7983.0908 5.0039e-03
7985.4858 2.5851e-03
7987.8823 4.4569e-03
7990.2778 3.7970e-03
7992.6748 1.7058e-03
7995.0728 5.5884e-03
7997.4717 5.3915e-03
7999.8711 1.7757e-03
8002.2710 7.1193e-03
8004.6709 3.9611e-03
8007.0723 8.5458e-03
8009.4746 3.6643e-03
8011.8779 3.3641e-03
8014.2812 3.7529e-03
8016.6855 3.6964e-03
8019.0903 3.3397e-03
8021.4966 3.4346e-03
8023.9028 2.2366e-03
8026.3105 5.6108e-03
8028.7173 0.0000e+00
8031.1260 4.5359e-03
8033.5361 2.0518e-03
8035.9458 2.8781e-03
8038.3569 1.1828e-04
8040.7681 3.8405e-03
8043.1807 1.8824e-03
8045.5933 2.1951e-03
8048.0068 3.3055e-03
8050.4214 3.9701e-03
8052.8364 3.0821e-03
8055.2520 0.0000e+00
8057.6689 2.3864e-03
8060.0864 0.0000e+00
8062.5049 3.7351e-03
8064.9229 2.7486e-03
8067.3423 1.7990e-03
8069.7632 5.2835e-03
8072.1836 4.8567e-03
8074.6050 4.6386e-03
8077.0278 1.2697e-04
8079.4507 2.5679e-03
8081.8745 2.0355e-03
8084.2988 4.6777e-03
8086.7251 3.9441e-03
8089.1509 2.0624e-03
8091.5771 4.0384e-03
8094.0049 3.0775e-03
8096.4331 4.0621e-03
8098.8618 5.2168e-03
8101.2910 3.1147e-03
8103.7217 8.6586e-04
8106.1528 3.0325e-03
8108.5845 3.6228e-03
8111.0171 7.2454e-04
8113.4502 4.2045e-03
8115.8843 3.2416e-03
8118.3188 4.0504e-03
8120.7549 4.6981e-03
8123.1914 3.7464e-03
8125.6284 4.3384e-03
8128.0659 3.2992e-03
8130.5049 2.6842e-03
8132.9438 7.2091e-03
8135.3833 6.4818e-03
8137.8237 5.7863e-03
8140.2651 1.1818e-03
8142.7075 8.3266e-03
8145.1504 1.4426e-03
8147.5938 3.8337e-03
8150.0376 9.2781e-04
8152.4834 5.0041e-03
8154.9292 3.4838e-03
8157.3750 5.5859e-03
8159.8228 4.7652e-03
8162.2705 4.4705e-03
8164.7192 1.8813e-03
8167.1685 3.5771e-03
8169.6187 2.8884e-03
8172.0693 0.0000e+00
8174.5210 4.8235e-03
8176.9736 9.6223e-03
8179.4268 3.7626e-03
8181.8809 6.0314e-03
8184.3350 3.3079e-03
8186.7900 2.1330e-03
8189.2456 4.0648e-03
8191.7031 3.3090e-03
8194.1602 1.3544e-03
8196.6191 2.8928e-03
8199.0781 2.6775e-03
8201.5371 4.3311e-03
8203.9980 2.1213e-03
8206.4590 2.4157e-03
8208.9219 1.1885e-03
8211.3838 7.6943e-04
8213.8477 3.6469e-03
8216.3115 3.7029e-03
8218.7764 5.8189e-03
8221.2422 2.0780e-03
8223.7090 2.9350e-03
8226.1758 5.4767e-04
8228.6436 1.3191e-03
8231.1123 4.6644e-03
8233.5811 8.0636e-03
8236.0518 5.1631e-04
8238.5215 1.4497e-03
8240.9932 5.5441e-03
8243.4658 1.6690e-03
8245.9395 2.7962e-03
8248.4131 3.7290e-03
8250.8877 1.9602e-03
8253.3623 1.4524e-03
8255.8389 2.2254e-03
8258.3154 3.5113e-03
8260.7920 0.0000e+00
8263.2715 3.5377e-03
8265.7500 1.9103e-03
8268.2305 1.2648e-03
8270.7100 6.6001e-03
8273.1914 4.8955e-03
8275.6738 1.9305e-03
8278.1553 3.3772e-03
8280.6396 2.6779e-03
8283.1240 4.6938e-03
8285.6094 7.1344e-04
8288.0947 5.7946e-04
8290.5811 1.6497e-03
8293.0674 1.4652e-04
8295.5557 1.4071e-03
8298.0449 1.8990e-03
8300.5352 9.9766e-04
8303.0234 1.0451e-03
8305.5156 3.3702e-03
8308.0068 1.1983e-03
8310.5000 0.0000e+00
8312.9922 2.4686e-04
8315.4863 1.8541e-03
8317.9805 2.7077e-03
8320.4766 7.1699e-04
8322.9717 2.8087e-03
8325.4697 4.0504e-03
8327.9668 4.2542e-03
8330.4658 2.3809e-03
8332.9639 5.6422e-03
8335.4648 3.1231e-03
8337.9648 0.0000e+00
8340.4668 4.4822e-03
8342.9688 3.6249e-03
8345.4717 1.8679e-03
8347.9746 3.9974e-04
8350.4795 0.0000e+00
8352.9844 0.0000e+00
8355.4902 0.0000e+00
8357.9971 1.7982e-03
8360.5039 6.6111e-03
8363.0127 8.1327e-04
8365.5215 2.7652e-04
8368.0312 2.1196e-04
8370.5420 8.2236e-04
8373.0527 9.9954e-04
8375.5654 3.6556e-03
8378.0771 1.8514e-03
8380.5908 4.7838e-04
8383.1045 5.7957e-03
8385.6191 4.0017e-03
8388.1348 6.1850e-04
8390.6523 1.9468e-03
8393.1689 8.1208e-04
8395.6865 9.5278e-04
8398.2061 1.5320e-03
8400.7246 3.3025e-03
8403.2461 1.8947e-03
8405.7666 3.4230e-04
8408.2881 0.0000e+00
8410.8105 2.3039e-03
8413.3340 1.1511e-03
8415.8584 8.9736e-04
8418.3818 6.3006e-04
8420.9082 1.1027e-03
8423.4346 2.3710e-03
8425.9609 3.1709e-04
8428.4893 8.3942e-04
8431.0186 1.4359e-03
8433.5479 2.1214e-03
8436.0771 4.4464e-03
8438.6074 3.2596e-03
8441.1396 1.8848e-03
8443.6729 2.2703e-03
8446.2051 0.0000e+00
8448.7383 2.0154e-04
8451.2734 4.2534e-03
8453.8086 0.0000e+00
8456.3457 7.2268e-03
8458.8828 0.0000e+00
8461.4199 3.7159e-03
8463.9580 1.2899e-03
8466.4971 2.4716e-04
8469.0371 4.6012e-03
8471.5781 4.3946e-03
8474.1191 2.0154e-03
8476.6621 7.0831e-03
8479.2051 6.4643e-03
8481.7480 0.0000e+00
8484.2930 2.8882e-03
8486.8379 2.1727e-03
8489.3848 8.3450e-04
8491.9316 1.2612e-03
8494.4795 4.8178e-03
8497.0264 3.8916e-03
8499.5762 3.2689e-03
8502.1260 3.0450e-03
8504.6777 2.9833e-03
8507.2285 0.0000e+00
8509.7803 3.5397e-03
8512.3330 2.7304e-03
8514.8857 1.1940e-03
8517.4414 2.1121e-03
8519.9961 7.2344e-03
8522.5527 1.7585e-03
8525.1094 1.6439e-03
8527.6670 1.4436e-04
8530.2246 1.9144e-03
8532.7842 6.8120e-03
8535.3438 2.6664e-03
8537.9053 1.1724e-03
8540.4668 2.6965e-03
8543.0273 8.9611e-03
8545.5908 1.0920e-03
8548.1543 2.1687e-03
8550.7188 1.2193e-03
8553.2842 2.2835e-03
8555.8496 6.5026e-04
8558.4170 1.9697e-03
8560.9844 7.9982e-04
8563.5527 3.8691e-03
8566.1221 2.2577e-03
8568.6914 3.1948e-03
8571.2617 3.1500e-03
8573.8350 3.5014e-03
8576.4062 1.2773e-03
8578.9785 3.3125e-03
8581.5527 1.9076e-03
8584.1270 3.7947e-03
8586.7031 2.1606e-03
8589.2783 5.6655e-03
8591.8555 4.6241e-03
8594.4326 3.2197e-03
8597.0117 3.2134e-04
8599.5898 4.2339e-03
8602.1699 3.4589e-03
8604.7500 6.4883e-03
8607.3320 2.6274e-03
8609.9150 3.9655e-03
8612.4971 2.7650e-03
8615.0811 1.4363e-04
8617.6660 4.9758e-04
8620.2500 7.3007e-03
8622.8369 3.0238e-03
8625.4229 2.9154e-03
8628.0117 6.9852e-03
8630.6006 4.1077e-03
8633.1885 3.0131e-04
8635.7793 0.0000e+00
8638.3711 4.9172e-03
8640.9609 3.5121e-03
8643.5527 1.1516e-04
8646.1465 2.0602e-03
8648.7393 1.0773e-03
8651.3350 1.7892e-03
8653.9307 1.9109e-03
8656.5264 5.0090e-03
8659.1230 9.8745e-04
8661.7207 1.9318e-03
8664.3203 5.2236e-03
8666.9189 4.5361e-03
8669.5186 4.9368e-03
8672.1201 1.7077e-03
8674.7217 5.4349e-03
8677.3242 5.7766e-03
8679.9277 1.0985e-02
8682.5312 6.8666e-04
8685.1367 2.4803e-03
8687.7412 4.6571e-03
8690.3477 7.3637e-03
8692.9551 1.1078e-03
8695.5625 5.3546e-03
8698.1709 5.1836e-03
8700.7803 3.9017e-03
8703.3916 3.6892e-03
8706.0020 1.0659e-03
8708.6133 1.9926e-03
8711.2266 1.4053e-04
8713.8398 3.4413e-03
8716.4541 3.7359e-04
8719.0684 5.1413e-03
8721.6846 8.1093e-04
8724.3018 1.9871e-03
8726.9189 3.3877e-03
8729.5371 1.8845e-03
8732.1553 6.6318e-03
8734.7754 1.1786e-04
8737.3955 7.4702e-03
8740.0166 1.2829e-03
8742.6387 4.9087e-04
8745.2607 2.2952e-03
8747.8848 1.6273e-03
8750.5098 4.1705e-03
8753.1348 4.3250e-03
8755.7607 5.2893e-03
8758.3867 4.3099e-03
8761.0146 6.2314e-03
8763.6436 2.2360e-03
8766.2715 2.7180e-03
8768.9023 7.4966e-03
8771.5322 5.4465e-03
8774.1641 0.0000e+00
8776.7959 5.1285e-03
8779.4287 1.7460e-03
8782.0635 4.1792e-03
8784.6982 1.6469e-03
8787.3330 1.2549e-03
8789.9697 5.8258e-03
8792.6074 1.3121e-03
8795.2451 2.4458e-03
8797.8838 2.3058e-03
8800.5234 2.2446e-03
8803.1621 6.5083e-03
8805.8027 4.2567e-03
8808.4453 1.8380e-03
8811.0879 3.2018e-03
8813.7314 4.3084e-03
8816.3750 2.7460e-03
8819.0205 7.1396e-03
8821.6660 2.2418e-03
8824.3125 4.7529e-03
8826.9590 6.8296e-03
8829.6084 7.2071e-03
8832.2568 2.7992e-03
8834.9062 5.8700e-04
8837.5557 3.5577e-03
8840.2080 2.5125e-03
8842.8594 1.0331e-03
8845.5127 4.6663e-03
8848.1670 2.4876e-03
8850.8213 1.6649e-03
8853.4766 2.1241e-03
8856.1328 5.9413e-03
8858.7881 1.3477e-03
8861.4463 6.3114e-03
8864.1045 1.5760e-03
8866.7646 3.4272e-03
8869.4238 3.9582e-03
8872.0850 1.8166e-03
8874.7471 7.4326e-04
8877.4092 4.1349e-03
8880.0732 2.5329e-04
8882.7373 4.6233e-04
8885.4014 3.8963e-03
8888.0674 4.9506e-03
8890.7334 2.0614e-03
8893.4004 4.7319e-03
8896.0684 3.2948e-03
8898.7373 1.8799e-03
8901.4072 2.0095e-03
8904.0771 1.7355e-03
8906.7480 9.3284e-03
8909.4199 1.9514e-03
8912.0938 1.6331e-03
8914.7676 2.0069e-03
8917.4414 2.3764e-03
8920.1172 2.2062e-03
8922.7930 3.0257e-03
8925.4697 2.0812e-03
8928.1475 2.1022e-03
8930.8262 3.1130e-04
8933.5049 1.2350e-03
8936.1855 1.3450e-03
8938.8652 2.8825e-03
8941.5469 7.9034e-04
8944.2295 8.4305e-03
8946.9141 3.1693e-03
8949.5977 4.9063e-03
8952.2822 9.3006e-03
8954.9678 6.2114e-03
8957.6553 1.6103e-04
8960.3418 1.4358e-03
8963.0293 2.2364e-03
8965.7178 6.5323e-04
8968.4082 3.0953e-03
8971.0986 3.4427e-03
8973.7910 0.0000e+00
8976.4824 5.7883e-04
8979.1748 0.0000e+00
8981.8691 4.2314e-03
8984.5635 4.3753e-03
8987.2588 8.1997e-04
8989.9551 2.9446e-03
8992.6523 3.0559e-03
8995.3506 2.0727e-03
8998.0488 1.2478e-03
9000.7480 3.8181e-03
9003.4482 2.4878e-03
9006.1494 3.6147e-03
9008.8516 5.4277e-03
9011.5537 4.1657e-03
9014.2578 2.9224e-03
9016.9609 4.3490e-03
9019.6660 3.1768e-03
9022.3721 5.3907e-03
9025.0791 1.9964e-03
9027.7871 1.8651e-03
9030.4951 2.3971e-03
9033.2051 3.6683e-03
9035.9150 1.7110e-03
9038.6260 4.1579e-03
9041.3369 2.8741e-03
9044.0498 2.0721e-03
9046.7627 3.9687e-03
9049.4766 2.7599e-03
9052.1914 2.5321e-03
9054.9072 4.5060e-03
9057.6240 5.3012e-03
9060.3398 4.1528e-03
9063.0586 4.5683e-03
9065.7773 0.0000e+00
9068.4971 1.2787e-03
9071.2168 7.4062e-03
9073.9395 1.7345e-03
9076.6611 3.8036e-03
9079.3848 1.7509e-03
9082.1074 6.7904e-04
9084.8330 5.0840e-03
9087.5576 1.3113e-03
9090.2832 4.1853e-03
9093.0117 2.5250e-03
9095.7393 6.5028e-04
9098.4688 7.4290e-04
9101.1973 1.4609e-03
9103.9287 1.7642e-03
9106.6592 4.5172e-03
9109.3906 2.2764e-03
9112.1250 2.6046e-03
9114.8584 2.3356e-03
9117.5928 3.9999e-03
9120.3271 1.9256e-03
9123.0635 2.0466e-03
9125.8008 5.3598e-03
9128.5391 3.2592e-03
9131.2764 3.0513e-04
9134.0156 4.5164e-03
9136.7568 2.3376e-03
9139.4980 4.0319e-03
9142.2383 2.9982e-03
9144.9814 3.5603e-03
9147.7266 3.5530e-03
9150.4707 1.1704e-03
9153.2158 2.3351e-03
9155.9609 1.5949e-03
9158.7070 4.4636e-04
9161.4551 1.6691e-03
9164.2041 1.7723e-03
9166.9531 4.3549e-03
9169.7031 3.1306e-03
9172.4541 7.2368e-04
9175.2051 1.7104e-03
9177.9580 1.2227e-03
9180.7109 7.1514e-04
9183.4668 3.1928e-03
9186.2207 3.6389e-04
9188.9766 4.1186e-04
9191.7334 1.3398e-04
9194.4912 1.1890e-03
9197.2490 3.2229e-03
9200.0088 5.0110e-03
9202.7686 2.2423e-03
9205.5293 2.9928e-03
9208.2920 2.7349e-03
9211.0527 4.8271e-04
9213.8164 3.2398e-03
9216.5811 3.5186e-03
9219.3467 7.4284e-03
9222.1113 3.4949e-03
9224.8789 2.4571e-03
9227.6455 6.4443e-03
9230.4141 8.8399e-04
9233.1836 4.2284e-04
9235.9531 1.1313e-03
9238.7246 9.2168e-04
9241.4951 6.9434e-04
9244.2686 2.2755e-03
9247.0410 4.0850e-03
9249.8154 3.8523e-03
9252.5908 1.0394e-04
9255.3652 7.6952e-03
9258.1426 0.0000e+00
9260.9209 2.8157e-03
9263.6992 2.0462e-03
9266.4775 1.5362e-03
9269.2568 0.0000e+00
9272.0381 3.1966e-03
9274.8203 0.0000e+00
9277.6025 8.3589e-04
9280.3857 2.3345e-03
9283.1709 2.9816e-03
9285.9541 1.1632e-03
9288.7402 2.1789e-03
9291.5264 5.0623e-04
9294.3135 2.3301e-03
9297.1025 9.8899e-04
9299.8926 3.2949e-03
9302.6816 4.8042e-03
9305.4727 7.6473e-04
9308.2646 1.3237e-03
9311.0566 1.7527e-03
9313.8506 5.8352e-03
9316.6436 1.1012e-03
9319.4395 1.7902e-03
9322.2354 1.7327e-03
9325.0322 5.0512e-03
9327.8291 0.0000e+00
9330.6279 8.0705e-04
9333.4277 3.3583e-03
9336.2266 6.2735e-04
9339.0283 7.5606e-04
9341.8291 2.3821e-03
9344.6318 5.6079e-04
9347.4355 2.1358e-03
9350.2402 2.0397e-03
9353.0449 0.0000e+00
9355.8516 1.8640e-03
9358.6572 1.5711e-03
9361.4658 5.0805e-03
9364.2734 3.3331e-03
9367.0830 2.3582e-03
9369.8936 3.1366e-03
9372.7041 1.3203e-04
9375.5156 1.5030e-04
9378.3291 4.3787e-03
9381.1416 8.8087e-04
9383.9561 1.4080e-03
9386.7715 2.9882e-03
9389.5879 4.6918e-03
9392.4043 4.6889e-04
9395.2217 0.0000e+00
9398.0400 5.0172e-04
9400.8594 6.1704e-03
9403.6807 1.6264e-03
9406.5020 3.0161e-03
9409.3242 1.8361e-03
9412.1465 0.0000e+00
9414.9707 4.3102e-04
9417.7939 1.3555e-03
9420.6201 7.3301e-04
9423.4453 6.1606e-04
9426.2725 2.0004e-03
9429.1006 0.0000e+00
9431.9287 8.3143e-04
9434.7588 2.7823e-03
9437.5898 1.4780e-03
9440.4209 9.1020e-04
9443.2529 5.2274e-04
9446.0859 9.1326e-04
9448.9199 1.5681e-03
9451.7549 1.8925e-03
9454.5889 1.1137e-03
9457.4268 3.1497e-03
9460.2637 2.9211e-03
9463.1016 3.8604e-03
9465.9414 1.1962e-03
9468.7803 1.4839e-04
9471.6211 5.1979e-04
9474.4629 8.0440e-04
9477.3047 2.1595e-03
9480.1484 1.2197e-03
9482.9922 3.4692e-03
9485.8369 3.9124e-03
9488.6836 3.9435e-03
9491.5303 2.2076e-03
9494.3760 0.0000e+00
9497.2256 8.1509e-04
9500.0742 4.0564e-03
9502.9238 2.9887e-03
9505.7754 2.2216e-03
9508.6270 2.6961e-03
9511.4805 2.4744e-03
9514.3320 4.8067e-04
9517.1875 1.4602e-04
9520.0420 3.2880e-03
9522.8984 3.6114e-03
9525.7559 3.8008e-03
9528.6133 1.5921e-03
9531.4717 2.9918e-03
9534.3311 2.0093e-03
9537.1914 8.5312e-04
9540.0518 0.0000e+00
9542.9150 2.5453e-03
9545.7773 2.7146e-03
9548.6416 2.8793e-03
9551.5059 9.5304e-04
9554.3711 4.4200e-03
9557.2373 7.4200e-04
9560.1045 1.1249e-03
9562.9727 0.0000e+00
9565.8418 0.0000e+00
9568.7109 3.2626e-04
9571.5820 3.6577e-03
9574.4531 1.3591e-03
9577.3252 2.2715e-03
9580.1992 4.9070e-03
9583.0723 2.3876e-04
9585.9473 1.1217e-03
9588.8242 5.0372e-04
9591.7002 1.6152e-03
9594.5781 4.2587e-04
9597.4561 1.2094e-03
9600.3350 9.9283e-04
9603.2158 3.1100e-03
9606.0957 3.2022e-03
9608.9775 1.3885e-03
9611.8613 2.0993e-03
9614.7441 2.0276e-03
9617.6279 4.8951e-03
9620.5137 3.2495e-03
9623.4014 1.9901e-04
9626.2881 3.6111e-03
9629.1748 3.9622e-04
9632.0645 1.6918e-03
9634.9541 1.2938e-03
9637.8438 1.9075e-03
9640.7363 1.1779e-03
9643.6270 1.8431e-03
9646.5215 2.3474e-03
9649.4141 2.2807e-03
9652.3086 1.3677e-03
9655.2051 1.7436e-03
9658.1016 6.9173e-04
9660.9990 1.4078e-03
9663.8975 1.5414e-03
9666.7969 0.0000e+00
9669.6973 1.0289e-03
9672.5967 9.0109e-04
9675.5000 2.0909e-03
9678.4023 5.7767e-03
9681.3057 2.9895e-03
9684.2109 2.0837e-03
9687.1152 4.3896e-04
9690.0215 6.1863e-04
9692.9287 2.1492e-03
9695.8369 2.5980e-03
9698.7441 2.9451e-03
9701.6553 1.2565e-03
9704.5645 1.5534e-03
9707.4775 1.7263e-03
9710.3887 2.9383e-03
9713.3008 2.7709e-03
9716.2158 1.7131e-03
9719.1299 1.5122e-03
9722.0459 8.3078e-04
9724.9629 0.0000e+00
9727.8809 1.2817e-03
9730.7988 3.1064e-03
9733.7178 2.2699e-03
9736.6387 1.6251e-03
9739.5586 0.0000e+00
9742.4805 2.4301e-03
9745.4033 1.5757e-03
9748.3281 4.6288e-03
9751.2520 3.0053e-03
9754.1777 3.4510e-03
9757.1035 5.5869e-04
9760.0303 1.4848e-03
9762.9590 1.1004e-03
9765.8877 2.2348e-03
9768.8174 6.6782e-04
9771.7480 7.2211e-04
9774.6797 3.5145e-03
9777.6113 3.9568e-03
9780.5459 1.5815e-04
9783.4795 1.8484e-03
9786.4141 3.6566e-03
9789.3496 7.8182e-03
9792.2871 8.4058e-04
9795.2256 2.6808e-03
9798.1641 1.5580e-03
9801.1035 3.8124e-03
9804.0430 4.3106e-03
9806.9844 1.5716e-03
9809.9268 9.5783e-04
9812.8691 7.1267e-04
9815.8125 2.7534e-03
9818.7578 4.2655e-04
9821.7041 6.1905e-04
9824.6494 1.4827e-03
9827.5967 1.1176e-03
9830.5469 2.8495e-03
9833.4951 2.4493e-03
9836.4453 3.0677e-03
9839.3965 2.7747e-04
9842.3486 2.7036e-03
9845.2998 2.9793e-03
9848.2549 2.0637e-03
9851.2080 1.6740e-03
9854.1641 2.2792e-03
9857.1201 1.5396e-03
9860.0771 0.0000e+00
9863.0361 1.6510e-03
9865.9941 1.7552e-03
9868.9541 3.6218e-04
9871.9150 7.0446e-04
9874.8760 2.0094e-03
9877.8389 7.6029e-04
9880.8018 3.7776e-03
9883.7666 1.6402e-03
9886.7324 2.9645e-03
9889.6982 5.1398e-03
9892.6641 1.1105e-03
9895.6338 6.0353e-04
9898.6016 1.6112e-03
9901.5713 2.8373e-03
9904.5420 1.4510e-03
9907.5127 1.5217e-04
9910.4854 5.2312e-04
9913.4590 1.1835e-03
9916.4326 1.5576e-03
9919.4072 1.5226e-03
9922.3828 1.6436e-03
9925.3584 1.8065e-03
9928.3379 1.3813e-03
9931.3164 1.2206e-03
9934.2949 1.7699e-03
9937.2754 1.1778e-03
9940.2568 1.7228e-04
9943.2383 1.0462e-03
9946.2207 3.5955e-04
9949.2061 1.8616e-03
9952.1904 4.3285e-03
9955.1758 7.4811e-04
9958.1631 1.2398e-03
9961.1494 0.0000e+00
9964.1387 7.0497e-03
9967.1279 0.0000e+00
9970.1182 5.5502e-03
9973.1084 4.0340e-03
9976.1006 2.0134e-03
9979.0928 1.0324e-03
9982.0859 1.3534e-03
9985.0820 0.0000e+00
9988.0771 4.5850e-03
9991.0732 1.5157e-03
9994.0713 3.4068e-04
9997.0693 2.2727e-04
10000.0684 0.0000e+00
10003.0674 2.1659e-03
10006.0684 1.7839e-03
10009.0713 1.7417e-03
10012.0742 2.0107e-03
10015.0771 2.8555e-03
10018.0820 4.0694e-03
10021.0879 0.0000e+00
10024.0938 6.0878e-03
10027.1006 2.1840e-03
10030.1084 6.1865e-03
10033.1172 3.0534e-03
10036.1270 2.9503e-03
10039.1387 2.0679e-03
10042.1504 5.1088e-04
10045.1631 1.4633e-03
10048.1768 7.2509e-04
10051.1924 0.0000e+00
10054.2061 3.3418e-03
10057.2227 1.6031e-03
10060.2402 1.6014e-03
10063.2578 4.3875e-04
10066.2773 3.9135e-04
10069.2969 5.3447e-04
10072.3174 1.5690e-03
10075.3379 9.4498e-04
10078.3623 1.8513e-03
10081.3848 6.3394e-04
10084.4102 1.5584e-03
10087.4346 2.1366e-03
10090.4619 4.6648e-04
10093.4883 0.0000e+00
10096.5166 0.0000e+00
10099.5459 1.5342e-03
10102.5742 0.0000e+00
10105.6055 1.0111e-03
10108.6367 1.4716e-03
10111.6709 7.7461e-04
10114.7041 1.2008e-03
10117.7383 1.5084e-03
10120.7734 5.0366e-03
10123.8105 3.1978e-03
10126.8477 0.0000e+00
10129.8857 1.3702e-03
10132.9248 0.0000e+00
10135.9648 2.5971e-03
10139.0049 2.2844e-03
10142.0479 1.0979e-03
10145.0879 0.0000e+00
10148.1318 4.4978e-03
10151.1768 7.1727e-04
10154.2227 1.2661e-03
10157.2686 0.0000e+00
10160.3154 1.6043e-03
10163.3643 0.0000e+00
10166.4121 9.2999e-04
10169.4629 1.5314e-03
10172.5137 7.3513e-04
10175.5654 1.0986e-03
10178.6191 8.8723e-04
10181.6719 1.4935e-03
10184.7256 3.0947e-03
10187.7822 4.5362e-04
10190.8379 1.3515e-03
10193.8945 5.0160e-04
10196.9541 3.2307e-03
10200.0127 1.9477e-03
10203.0723 3.2662e-03
10206.1328 1.7409e-03
10209.1953 1.5410e-03
10212.2578 0.0000e+00
10215.3223 1.9475e-03
10218.3867 7.4461e-04
10221.4521 2.1274e-03
10224.5186 0.0000e+00
10227.5850 3.7545e-03
10230.6543 2.7432e-03
10233.7246 9.7556e-04
10236.7930 3.8372e-04
10239.8643 2.8602e-03
10242.9355 2.6046e-03
10246.0098 2.5317e-03
10249.0830 1.5368e-03
10252.1572 1.1713e-03
10255.2334 1.6805e-04
10258.3096 2.7788e-03
10261.3877 9.9199e-05
10264.4648 7.4716e-04
10267.5449 1.2467e-03
10270.6250 1.0566e-03
