# time_explosion = 6.25
# 
3082.8928 5.3029e-02
3083.8179 4.8787e-02
3084.7432 4.4785e-02
3085.6685 4.9395e-02
3086.5940 5.9528e-02
3087.5200 4.9877e-02
3088.4463 3.7423e-02
3089.3728 5.3629e-02
3090.2996 4.5662e-02
3091.2268 4.2167e-02
3092.1541 5.8976e-02
3093.0815 4.6746e-02
3094.0098 4.5086e-02
3094.9380 6.5716e-02
3095.8665 4.5274e-02
3096.7952 3.6460e-02
3097.7241 4.4909e-02
3098.6536 3.4879e-02
3099.5828 5.7332e-02
3100.5129 3.4465e-02
3101.4431 2.6934e-02
3102.3735 4.9534e-02
3103.3042 3.8771e-02
3104.2354 4.6652e-02
3105.1665 5.9263e-02
3106.0981 3.7860e-02
3107.0300 3.8429e-02
3107.9619 3.3902e-02
3108.8943 4.8032e-02
3109.8269 6.5762e-02
3110.7600 2.7395e-02
3111.6929 3.1695e-02
3112.6265 4.4183e-02
3113.5605 2.8307e-02
3114.4944 3.2104e-02
3115.4290 3.2676e-02
3116.3635 4.2828e-02
3117.2986 3.2195e-02
3118.2336 1.9757e-02
3119.1689 5.3242e-02
3120.1047 5.9141e-02
3121.0410 4.0135e-02
3121.9773 3.7462e-02
3122.9136 3.1501e-02
3123.8508 4.8300e-02
3124.7878 5.4569e-02
3125.7251 5.7701e-02
3126.6628 3.8060e-02
3127.6008 4.8854e-02
3128.5393 3.8822e-02
3129.4778 5.4118e-02
3130.4170 3.2241e-02
3131.3557 4.1128e-02
3132.2954 3.8008e-02
3133.2349 3.7721e-02
3134.1748 3.3428e-02
3135.1150 3.7828e-02
3136.0559 4.3512e-02
3136.9968 2.3262e-02
3137.9377 2.6525e-02
3138.8789 4.5522e-02
3139.8206 4.0000e-02
3140.7625 4.4832e-02
3141.7046 3.2385e-02
3142.6472 3.5850e-02
3143.5901 3.4281e-02
3144.5334 1.6499e-02
3145.4766 2.0063e-02
3146.4202 2.9884e-02
3147.3643 4.8865e-02
3148.3086 2.7085e-02
3149.2529 4.3614e-02
3150.1975 3.4251e-02
3151.1426 3.2646e-02
3152.0881 3.8078e-02
3153.0337 3.3379e-02
3153.9795 4.1939e-02
3154.9255 3.2906e-02
3155.8723 3.4391e-02
3156.8188 2.0723e-02
3157.7661 4.1471e-02
3158.7134 3.5738e-02
3159.6609 3.4538e-02
3160.6086 2.5734e-02
3161.5571 4.6091e-02
3162.5054 3.3817e-02
3163.4541 3.0682e-02
3164.4031 2.7975e-02
3165.3528 2.0971e-02
3166.3022 3.1638e-02
3167.2522 3.2548e-02
3168.2024 3.0357e-02
3169.1526 4.1417e-02
3170.1035 3.6027e-02
3171.0544 4.6425e-02
3172.0061 3.0166e-02
3172.9573 4.6349e-02
3173.9092 3.5928e-02
3174.8613 4.0072e-02
3175.8140 4.1504e-02
3176.7668 4.3941e-02
3177.7197 3.6353e-02
3178.6729 3.5795e-02
3179.6267 3.8484e-02
3180.5808 7.0373e-02
3181.5347 4.5993e-02
3182.4893 5.1577e-02
3183.4438 2.0219e-02
3184.3987 4.5737e-02
3185.3542 4.5424e-02
3186.3101 6.5371e-02
3187.2659 4.5128e-02
3188.2217 3.2909e-02
3189.1785 3.9820e-02
3190.1350 4.2340e-02
3191.0920 6.8216e-02
3192.0493 4.1509e-02
3193.0071 3.2686e-02
3193.9651 6.2454e-02
3194.9233 4.4785e-02
3195.8818 2.7737e-02
3196.8408 4.2746e-02
3197.7996 3.0868e-02
3198.7590 5.4828e-02
3199.7185 3.4250e-02
3200.6782 3.1430e-02
3201.6387 5.6715e-02
3202.5991 3.7777e-02
3203.5598 3.8143e-02
3204.5208 3.4150e-02
3205.4824 2.1410e-02
3206.4441 5.0554e-02
3207.4058 4.4108e-02
3208.3682 3.7906e-02
3209.3306 2.2423e-02
3210.2935 3.9863e-02
3211.2563 5.3021e-02
3212.2200 3.8605e-02
3213.1833 4.2147e-02
3214.1472 6.0466e-02
3215.1118 2.7778e-02
3216.0764 1.8040e-02
3217.0413 3.1928e-02
3218.0061 4.3094e-02
3218.9714 1.7520e-02
3219.9373 2.0092e-02
3220.9031 4.0548e-02
3221.8699 4.1816e-02
3222.8362 2.6162e-02
3223.8030 2.6901e-02
3224.7700 4.5110e-02
3225.7375 4.8914e-02
3226.7053 3.3114e-02
3227.6731 3.1686e-02
3228.6416 3.1738e-02
3229.6101 3.4026e-02
3230.5791 3.0846e-02
3231.5483 1.9011e-02
3232.5178 4.0709e-02
3233.4875 5.2000e-02
3234.4575 4.0597e-02
3235.4280 5.2422e-02
3236.3984 2.0172e-02
3237.3691 1.3999e-02
3238.3403 4.7038e-02
3239.3120 1.8063e-02
3240.2839 3.2930e-02
3241.2559 2.3493e-02
3242.2285 5.1562e-02
3243.2012 4.1268e-02
3244.1743 4.5297e-02
3245.1472 1.5058e-02
3246.1208 4.6513e-02
3247.0947 2.1925e-02
3248.0688 2.4638e-02
3249.0432 3.3191e-02
3250.0178 3.6794e-02
3250.9929 4.9889e-02
3251.9680 2.9420e-02
3252.9438 4.2248e-02
3253.9194 5.3024e-02
3254.8958 4.0550e-02
3255.8723 2.9882e-02
3256.8489 2.7570e-02
3257.8262 2.5867e-02
3258.8035 3.8636e-02
3259.7810 9.4067e-03
3260.7593 4.6569e-02
3261.7373 4.1884e-02
3262.7158 2.9823e-02
3263.6946 2.9921e-02
3264.6736 3.6820e-02
3265.6531 3.1957e-02
3266.6331 2.6623e-02
3267.6130 1.8550e-02
3268.5930 1.0324e-02
3269.5735 4.6131e-02
3270.5544 3.0300e-02
3271.5356 2.3842e-02
3272.5171 3.8626e-02
3273.4990 3.8422e-02
3274.4812 2.8206e-02
3275.4634 4.1593e-02
3276.4458 2.5784e-02
3277.4287 3.1819e-02
3278.4124 3.2029e-02
3279.3958 4.4468e-02
3280.3794 3.3901e-02
3281.3635 2.9531e-02
3282.3479 4.7523e-02
3283.3325 3.3657e-02
3284.3179 3.6371e-02
3285.3030 2.4697e-02
3286.2888 5.6053e-02
3287.2744 5.2526e-02
3288.2605 4.2845e-02
3289.2471 3.0289e-02
3290.2339 4.9810e-02
3291.2212 3.7126e-02
3292.2083 4.1330e-02
3293.1958 5.7705e-02
3294.1838 5.5301e-02
3295.1724 3.9228e-02
3296.1609 3.2854e-02
3297.1497 4.3203e-02
3298.1387 4.3881e-02
3299.1282 4.9705e-02
3300.1177 3.8007e-02
3301.1079 4.0427e-02
3302.0984 5.3521e-02
3303.0889 5.1464e-02
3304.0798 5.8638e-02
3305.0713 5.9867e-02
3306.0627 6.5141e-02
3307.0544 5.8960e-02
3308.0466 4.7702e-02
3309.0391 6.2791e-02
3310.0317 5.2758e-02
3311.0247 3.9346e-02
3312.0178 4.8705e-02
3313.0117 7.7863e-02
3314.0054 3.5091e-02
3315.0000 7.9606e-02
3315.9941 7.6624e-02
3316.9890 6.5745e-02
3317.9839 5.4290e-02
3318.9795 5.9508e-02
3319.9751 5.8392e-02
3320.9712 2.8678e-02
3321.9678 6.8476e-02
3322.9639 5.1940e-02
3323.9607 4.4540e-02
3324.9580 6.0406e-02
3325.9558 5.9069e-02
3326.9536 5.4868e-02
3327.9514 7.4725e-02
3328.9497 7.3053e-02
3329.9482 5.8342e-02
3330.9475 8.1830e-02
3331.9468 6.5556e-02
3332.9463 3.8586e-02
3333.9463 5.8201e-02
3334.9463 4.8307e-02
3335.9473 4.5279e-02
3336.9478 4.7049e-02
3337.9487 4.9875e-02
3338.9502 4.3831e-02
3339.9517 6.4178e-02
3340.9536 8.6516e-02
3341.9561 5.6189e-02
3342.9587 7.0809e-02
3343.9614 5.4760e-02
3344.9651 5.8465e-02
3345.9685 5.0415e-02
3346.9722 7.0489e-02
3347.9763 6.2682e-02
3348.9805 4.6371e-02
3349.9854 6.2525e-02
3350.9902 5.8747e-02
3351.9956 5.1515e-02
3353.0010 3.8986e-02
3354.0073 6.6614e-02
3355.0129 8.2442e-02
3356.0198 5.6915e-02
3357.0264 3.8462e-02
3358.0334 6.1293e-02
3359.0410 7.7473e-02
3360.0488 5.5865e-02
3361.0569 8.5432e-02
3362.0654 6.4210e-02
3363.0740 7.5432e-02
3364.0828 6.0133e-02
3365.0918 6.9772e-02
3366.1013 7.1790e-02
3367.1113 5.7238e-02
3368.1213 6.2016e-02
3369.1318 8.5639e-02
3370.1426 9.5003e-02
3371.1536 4.2204e-02
3372.1650 7.5679e-02
3373.1768 5.1460e-02
3374.1885 6.6949e-02
3375.2004 8.1437e-02
3376.2134 5.0834e-02
3377.2261 6.6343e-02
3378.2395 5.2683e-02
3379.2529 8.2002e-02
3380.2664 5.9060e-02
3381.2805 7.4480e-02
3382.2952 4.2682e-02
3383.3098 6.5676e-02
3384.3250 6.5047e-02
3385.3401 8.1884e-02
3386.3557 5.7858e-02
3387.3716 8.1962e-02
3388.3879 7.5828e-02
3389.4045 7.3325e-02
3390.4211 6.4417e-02
3391.4385 6.6604e-02
3392.4558 7.3937e-02
3393.4736 7.2661e-02
3394.4915 8.6879e-02
3395.5100 8.3770e-02
3396.5286 8.5933e-02
3397.5474 8.2574e-02
3398.5667 9.0134e-02
3399.5862 8.4453e-02
3400.6062 1.0272e-01
3401.6262 6.6871e-02
3402.6467 6.0696e-02
3403.6677 5.2445e-02
3404.6887 4.7892e-02
3405.7100 7.5060e-02
3406.7319 8.0364e-02
3407.7539 8.4044e-02
3408.7764 6.3209e-02
3409.7988 8.9228e-02
3410.8218 6.4879e-02
3411.8450 7.4844e-02
3412.8687 6.7502e-02
3413.8923 1.0287e-01
3414.9167 7.9784e-02
3415.9412 8.4253e-02
3416.9658 8.1359e-02
3417.9907 9.6464e-02
3419.0164 6.5705e-02
3420.0420 7.3815e-02
3421.0681 7.2688e-02
3422.0945 6.2064e-02
3423.1208 7.1858e-02
3424.1479 8.0020e-02
3425.1753 5.7757e-02
3426.2029 6.8310e-02
3427.2307 7.0486e-02
3428.2588 8.6055e-02
3429.2871 6.9998e-02
3430.3159 7.0387e-02
3431.3452 6.5906e-02
3432.3748 1.0283e-01
3433.4041 1.0694e-01
3434.4346 8.7049e-02
3435.4646 6.7487e-02
3436.4954 8.3988e-02
3437.5261 1.0854e-01
3438.5579 9.8013e-02
3439.5894 1.0657e-01
3440.6208 1.0593e-01
3441.6531 1.1166e-01
3442.6855 8.4294e-02
3443.7183 8.4655e-02
3444.7515 1.0320e-01
3445.7852 8.3180e-02
3446.8186 7.1434e-02
3447.8525 1.0167e-01
3448.8872 8.6766e-02
3449.9216 1.0458e-01
3450.9568 9.6890e-02
3451.9919 9.4331e-02
3453.0276 1.1772e-01
3454.0637 1.2531e-01
3455.0999 1.3790e-01
3456.1362 9.7171e-02
3457.1731 8.5987e-02
3458.2102 8.9466e-02
3459.2476 1.1361e-01
3460.2856 1.1394e-01
3461.3235 8.9026e-02
3462.3621 8.9231e-02
3463.4004 8.0956e-02
3464.4399 1.2533e-01
3465.4790 1.0331e-01
3466.5188 9.6159e-02
3467.5586 7.8011e-02
3468.5989 1.1997e-01
3469.6394 8.0007e-02
3470.6804 1.4053e-01
3471.7217 1.0199e-01
3472.7629 1.3524e-01
3473.8049 7.8756e-02
3474.8469 9.3115e-02
3475.8894 1.0010e-01
3476.9321 1.2275e-01
3477.9751 1.0107e-01
3479.0188 1.0413e-01
3480.0625 1.0509e-01
3481.1064 9.1902e-02
3482.1509 8.0156e-02
3483.1956 9.7864e-02
3484.2407 1.1293e-01
3485.2856 1.2615e-01
3486.3313 1.0531e-01
3487.3772 1.0061e-01
3488.4233 9.2533e-02
3489.4697 1.2359e-01
3490.5168 1.2399e-01
3491.5640 1.0753e-01
3492.6116 1.1856e-01
3493.6592 1.2099e-01
3494.7073 8.6763e-02
3495.7556 1.3140e-01
3496.8044 1.1996e-01
3497.8535 1.2880e-01
3498.9026 1.1181e-01
3499.9526 9.5473e-02
3501.0024 1.0465e-01
3502.0527 1.0642e-01
3503.1033 1.1886e-01
3504.1543 7.4345e-02
3505.2058 9.6882e-02
3506.2571 1.0782e-01
3507.3088 1.0270e-01
3508.3613 1.1462e-01
3509.4136 1.0770e-01
3510.4663 1.2077e-01
3511.5193 8.9046e-02
3512.5730 1.2958e-01
3513.6270 9.8898e-02
3514.6809 9.9757e-02
3515.7351 1.1552e-01
3516.7898 1.0187e-01
3517.8452 1.1203e-01
3518.9004 9.9729e-02
3519.9561 1.1013e-01
3521.0122 1.0415e-01
3522.0686 1.0281e-01
3523.1250 9.8682e-02
3524.1821 1.0171e-01
3525.2390 1.0239e-01
3526.2969 1.0495e-01
3527.3547 1.1133e-01
3528.4126 9.7847e-02
3529.4714 1.0465e-01
3530.5303 1.2827e-01
3531.5894 7.5885e-02
3532.6487 7.9326e-02
3533.7090 1.0141e-01
3534.7688 9.3652e-02
3535.8293 7.1918e-02
3536.8901 1.2889e-01
3537.9512 9.7122e-02
3539.0122 1.2841e-01
3540.0740 9.3376e-02
3541.1360 9.5993e-02
3542.1987 9.0668e-02
3543.2612 1.0078e-01
3544.3245 9.4530e-02
3545.3875 7.7849e-02
3546.4509 9.5066e-02
3547.5154 9.3071e-02
3548.5793 7.1983e-02
3549.6438 1.1709e-01
3550.7087 8.5655e-02
3551.7739 9.0627e-02
3552.8396 8.8672e-02
3553.9053 8.5113e-02
3554.9714 7.1155e-02
3556.0378 7.8418e-02
3557.1050 7.7237e-02
3558.1716 8.6602e-02
3559.2395 7.9871e-02
3560.3071 9.9139e-02
3561.3752 8.5019e-02
3562.4436 5.9834e-02
3563.5125 7.5421e-02
3564.5813 7.9082e-02
3565.6506 7.1888e-02
3566.7205 7.0104e-02
3567.7905 8.2644e-02
3568.8611 7.5683e-02
3569.9316 9.2947e-02
3571.0027 8.8577e-02
3572.0737 5.6493e-02
3573.1455 8.0758e-02
3574.2175 9.9774e-02
3575.2896 7.9009e-02
3576.3625 1.0911e-01
3577.4351 6.4754e-02
3578.5083 7.8530e-02
3579.5820 8.4452e-02
3580.6560 8.6052e-02
3581.7300 6.6339e-02
3582.8047 1.0101e-01
3583.8792 9.0516e-02
3584.9546 8.7646e-02
3586.0298 6.5899e-02
3587.1060 9.4357e-02
3588.1821 8.4521e-02
3589.2583 7.4013e-02
3590.3352 1.3725e-01
3591.4124 9.9833e-02
3592.4897 6.4704e-02
3593.5671 7.0150e-02
3594.6455 6.4956e-02
3595.7241 8.5905e-02
3596.8025 8.6465e-02
3597.8818 7.9686e-02
3598.9609 6.9725e-02
3600.0405 9.4976e-02
3601.1204 8.8435e-02
3602.2009 1.0457e-01
3603.2817 8.7705e-02
3604.3625 1.1343e-01
3605.4441 7.9637e-02
3606.5256 9.4034e-02
3607.6074 8.0907e-02
3608.6899 1.0500e-01
3609.7725 7.6285e-02
3610.8552 7.2564e-02
3611.9385 6.5551e-02
3613.0222 1.0943e-01
3614.1062 9.8379e-02
3615.1904 6.3913e-02
3616.2749 6.8209e-02
3617.3599 6.9971e-02
3618.4451 7.5619e-02
3619.5303 7.5234e-02
3620.6165 6.6878e-02
3621.7024 6.4405e-02
3622.7891 7.0646e-02
3623.8760 8.3819e-02
3624.9631 7.5416e-02
3626.0508 5.6809e-02
3627.1382 5.8861e-02
3628.2266 8.5725e-02
3629.3152 5.9017e-02
3630.4038 5.4764e-02
3631.4927 8.9844e-02
3632.5825 8.0901e-02
3633.6721 5.7339e-02
3634.7622 7.1784e-02
3635.8528 5.3282e-02
3636.9434 8.9034e-02
3638.0347 5.7343e-02
3639.1257 8.2975e-02
3640.2178 5.1855e-02
3641.3098 5.6285e-02
3642.4021 6.7717e-02
3643.4946 6.1931e-02
3644.5881 6.7292e-02
3645.6814 6.3019e-02
3646.7751 5.1866e-02
3647.8691 6.6784e-02
3648.9634 6.8556e-02
3650.0581 1.0273e-01
3651.1533 6.4920e-02
3652.2480 7.0102e-02
3653.3442 9.4276e-02
3654.4402 8.3267e-02
3655.5364 8.0597e-02
3656.6333 7.7345e-02
3657.7300 7.3826e-02
3658.8274 7.7120e-02
3659.9250 8.4170e-02
3661.0232 6.7443e-02
3662.1213 7.3132e-02
3663.2202 8.5886e-02
3664.3188 9.5014e-02
3665.4182 6.9514e-02
3666.5181 6.5981e-02
3667.6179 7.9936e-02
3668.7183 7.7981e-02
3669.8186 7.1438e-02
3670.9197 8.0934e-02
3672.0210 8.4226e-02
3673.1226 1.0783e-01
3674.2241 8.3572e-02
3675.3269 6.9708e-02
3676.4294 8.7687e-02
3677.5325 6.4208e-02
3678.6355 5.5549e-02
3679.7390 8.0293e-02
3680.8430 9.8003e-02
3681.9473 6.8460e-02
3683.0518 8.6718e-02
3684.1570 9.6404e-02
3685.2620 8.2026e-02
3686.3677 8.5087e-02
3687.4739 8.7040e-02
3688.5796 9.1348e-02
3689.6865 8.2756e-02
3690.7932 8.2384e-02
3691.9006 1.1050e-01
3693.0081 8.5753e-02
3694.1160 8.8987e-02
3695.2241 9.4932e-02
3696.3328 8.6115e-02
3697.4417 1.1232e-01
3698.5508 8.7127e-02
3699.6606 1.0418e-01
3700.7703 1.1024e-01
3701.8806 8.9013e-02
3702.9910 1.1405e-01
3704.1023 9.7289e-02
3705.2136 7.4399e-02
3706.3247 9.2858e-02
3707.4370 8.4884e-02
3708.5491 1.0450e-01
3709.6616 9.4579e-02
3710.7744 1.0941e-01
3711.8877 7.1916e-02
3713.0012 1.1995e-01
3714.1152 1.0792e-01
3715.2292 9.5468e-02
3716.3440 1.0232e-01
3717.4590 9.5683e-02
3718.5742 1.3858e-01
3719.6897 1.0450e-01
3720.8057 1.0767e-01
3721.9219 9.5258e-02
3723.0383 1.1384e-01
3724.1553 9.3879e-02
3725.2725 1.0937e-01
3726.3904 1.0221e-01
3727.5081 1.1336e-01
3728.6265 1.2864e-01
3729.7451 8.1184e-02
3730.8640 8.6614e-02
3731.9832 9.4573e-02
3733.1028 8.6491e-02
3734.2227 1.0474e-01
3735.3428 1.0339e-01
3736.4636 1.1841e-01
3737.5842 1.1862e-01
3738.7056 1.1535e-01
3739.8276 1.2549e-01
3740.9490 1.0654e-01
3742.0718 8.2362e-02
3743.1943 1.2932e-01
3744.3171 1.0533e-01
3745.4404 1.1691e-01
3746.5640 1.1309e-01
3747.6880 8.0770e-02
3748.8125 1.1861e-01
3749.9368 1.2611e-01
3751.0620 1.2036e-01
3752.1873 1.0721e-01
3753.3130 9.3569e-02
3754.4387 9.6840e-02
3755.5652 9.1973e-02
3756.6919 7.8068e-02
3757.8188 9.7974e-02
3758.9463 1.1060e-01
3760.0737 1.1013e-01
3761.2019 6.7653e-02
3762.3306 1.0413e-01
3763.4590 9.8106e-02
3764.5881 9.3810e-02
3765.7175 8.9884e-02
3766.8472 8.2634e-02
3767.9771 8.2078e-02
3769.1079 6.4857e-02
3770.2383 5.9130e-02
3771.3694 1.0922e-01
3772.5007 6.6720e-02
3773.6328 7.4993e-02
3774.7646 9.0312e-02
3775.8972 9.2159e-02
3777.0298 9.3331e-02
3778.1628 5.1995e-02
3779.2964 7.9448e-02
3780.4302 7.1678e-02
3781.5642 6.7624e-02
3782.6987 7.5968e-02
3783.8335 7.5596e-02
3784.9690 8.4748e-02
3786.1042 7.8186e-02
3787.2400 8.3734e-02
3788.3762 5.7645e-02
3789.5125 7.5856e-02
3790.6497 8.7396e-02
3791.7869 5.2568e-02
3792.9246 6.6382e-02
3794.0625 6.5266e-02
3795.2007 4.4189e-02
3796.3391 7.0017e-02
3797.4778 7.7619e-02
3798.6169 5.5896e-02
3799.7568 5.6856e-02
3800.8967 5.7252e-02
3802.0371 6.6491e-02
3803.1775 5.5046e-02
3804.3181 4.2910e-02
3805.4597 4.9988e-02
3806.6013 6.2076e-02
3807.7434 6.2719e-02
3808.8857 6.2387e-02
3810.0286 7.7841e-02
3811.1714 7.0969e-02
3812.3149 3.9441e-02
3813.4583 6.1901e-02
3814.6025 5.5399e-02
3815.7468 5.4518e-02
3816.8916 6.2226e-02
3818.0369 5.8072e-02
3819.1824 4.8490e-02
3820.3281 5.0737e-02
3821.4741 5.3199e-02
3822.6201 7.8308e-02
3823.7671 4.8223e-02
3824.9143 6.3589e-02
3826.0615 7.0991e-02
3827.2097 5.7243e-02
3828.3577 4.3969e-02
3829.5063 7.4728e-02
3830.6553 5.1029e-02
3831.8044 3.8363e-02
3832.9539 5.1091e-02
3834.1035 6.5524e-02
3835.2539 7.4183e-02
3836.4045 5.3160e-02
3837.5554 4.9288e-02
3838.7068 4.5430e-02
3839.8582 7.7427e-02
3841.0103 6.3948e-02
3842.1628 4.7954e-02
3843.3152 7.3526e-02
3844.4683 6.1422e-02
3845.6216 9.3019e-02
3846.7754 6.0640e-02
3847.9294 5.3460e-02
3849.0835 5.6265e-02
3850.2383 7.1296e-02
3851.3933 6.5712e-02
3852.5488 8.3038e-02
3853.7051 6.0272e-02
3854.8606 6.5805e-02
3856.0173 5.5871e-02
3857.1741 8.4449e-02
3858.3313 6.7700e-02
3859.4883 8.6057e-02
3860.6465 7.4908e-02
3861.8047 5.6549e-02
3862.9631 7.3043e-02
3864.1221 6.1266e-02
3865.2815 5.3521e-02
3866.4412 7.7138e-02
3867.6011 6.1854e-02
3868.7610 8.3259e-02
3869.9216 7.1762e-02
3871.0828 9.4709e-02
3872.2441 6.6724e-02
3873.4058 6.0734e-02
3874.5676 9.3882e-02
3875.7302 1.0367e-01
3876.8931 6.5115e-02
3878.0559 9.7163e-02
3879.2192 9.0320e-02
3880.3831 7.8631e-02
3881.5474 1.0226e-01
3882.7119 1.0609e-01
3883.8767 9.3670e-02
3885.0420 7.9176e-02
3886.2073 7.5550e-02
3887.3728 9.1847e-02
3888.5391 1.3088e-01
3889.7061 9.7083e-02
3890.8730 1.1566e-01
3892.0400 1.0080e-01
3893.2078 9.6070e-02
3894.3755 1.0199e-01
3895.5439 7.4117e-02
3896.7126 1.2760e-01
3897.8813 1.1498e-01
3899.0508 8.8707e-02
3900.2209 1.0725e-01
3901.3909 1.5191e-01
3902.5613 1.0569e-01
3903.7322 1.1803e-01
3904.9031 7.5145e-02
3906.0747 1.2800e-01
3907.2463 1.3166e-01
3908.4187 9.0048e-02
3909.5911 1.2019e-01
3910.7642 8.9278e-02
3911.9373 1.2727e-01
3913.1111 1.0450e-01
3914.2849 1.2984e-01
3915.4592 1.2236e-01
3916.6335 8.9196e-02
3917.8086 1.1780e-01
3918.9839 1.3373e-01
3920.1597 1.1781e-01
3921.3359 1.0457e-01
3922.5120 1.0966e-01
3923.6887 1.3924e-01
3924.8660 1.0667e-01
3926.0432 1.3071e-01
3927.2212 1.3942e-01
3928.3994 1.2730e-01
3929.5779 1.2826e-01
3930.7568 1.4631e-01
3931.9360 1.3457e-01
3933.1157 1.1115e-01
3934.2954 1.3091e-01
3935.4758 1.3084e-01
3936.6562 1.1791e-01
3937.8374 1.0552e-01
3939.0186 1.2675e-01
3940.2004 1.2525e-01
3941.3826 1.4436e-01
3942.5649 1.4778e-01
3943.7478 1.3511e-01
3944.9307 1.3607e-01
3946.1147 1.2885e-01
3947.2983 1.3878e-01
3948.4824 1.2750e-01
3949.6670 1.1385e-01
3950.8521 1.4210e-01
3952.0369 1.0257e-01
3953.2227 1.2812e-01
3954.4089 1.5916e-01
3955.5950 1.2493e-01
3956.7812 1.1397e-01
3957.9688 1.2831e-01
3959.1560 1.2905e-01
3960.3438 1.0335e-01
3961.5320 1.4156e-01
3962.7202 1.4667e-01
3963.9094 1.4520e-01
3965.0984 1.0668e-01
3966.2881 1.4719e-01
3967.4778 1.4760e-01
3968.6680 1.3046e-01
3969.8584 1.2796e-01
3971.0498 1.4052e-01
3972.2412 1.4383e-01
3973.4326 1.4667e-01
3974.6248 1.5882e-01
3975.8171 1.3254e-01
3977.0095 1.3963e-01
3978.2029 1.3105e-01
3979.3962 1.2334e-01
3980.5901 1.5301e-01
3981.7844 1.3807e-01
3982.9790 1.7416e-01
3984.1736 1.6542e-01
3985.3691 1.4824e-01
3986.5647 1.3672e-01
3987.7605 1.6108e-01
3988.9568 1.2991e-01
3990.1538 1.5547e-01
3991.3506 1.7003e-01
3992.5481 1.4199e-01
3993.7456 1.1753e-01
3994.9441 1.7523e-01
3996.1423 1.8884e-01
3997.3413 1.3711e-01
3998.5408 1.6796e-01
3999.7397 2.1439e-01
4000.9402 1.4294e-01
4002.1401 1.5350e-01
4003.3408 1.1577e-01
4004.5415 1.8394e-01
4005.7434 1.1310e-01
4006.9448 1.6986e-01
4008.1470 1.6379e-01
4009.3496 1.5677e-01
4010.5522 1.3017e-01
4011.7556 1.6138e-01
4012.9587 1.6143e-01
4014.1628 1.4222e-01
4015.3672 1.2323e-01
4016.5715 1.5459e-01
4017.7769 1.4122e-01
4018.9817 1.2526e-01
4020.1875 1.6519e-01
4021.3936 1.4755e-01
4022.6003 1.5838e-01
4023.8071 1.2498e-01
4025.0142 1.3477e-01
4026.2214 1.8019e-01
4027.4294 1.6583e-01
4028.6377 1.3694e-01
4029.8462 1.5253e-01
4031.0554 1.3745e-01
4032.2646 1.6162e-01
4033.4744 1.5276e-01
4034.6843 1.5513e-01
4035.8945 1.1487e-01
4037.1052 1.3595e-01
4038.3167 1.5406e-01
4039.5281 1.4296e-01
4040.7397 1.4774e-01
4041.9524 1.2151e-01
4043.1648 9.7453e-02
4044.3777 1.8235e-01
4045.5913 1.1167e-01
4046.8047 1.1069e-01
4048.0186 1.4442e-01
4049.2332 1.4055e-01
4050.4480 1.3675e-01
4051.6628 1.1409e-01
4052.8784 1.6402e-01
4054.0942 1.6237e-01
4055.3108 1.6478e-01
4056.5273 1.4234e-01
4057.7444 1.2498e-01
4058.9614 1.4351e-01
4060.1792 1.6660e-01
4061.3970 1.6028e-01
4062.6155 1.3277e-01
4063.8345 1.6534e-01
4065.0535 1.8161e-01
4066.2732 1.7058e-01
4067.4929 1.3265e-01
4068.7131 1.2591e-01
4069.9338 1.4563e-01
4071.1548 1.2376e-01
4072.3762 1.5064e-01
4073.5981 1.3729e-01
4074.8201 1.3171e-01
4076.0427 1.3720e-01
4077.2654 1.0793e-01
4078.4885 1.7263e-01
4079.7119 1.2631e-01
4080.9358 1.3537e-01
4082.1602 1.3725e-01
4083.3845 1.6530e-01
4084.6099 1.4695e-01
4085.8354 9.4296e-02
4087.0608 1.2633e-01
4088.2869 1.7905e-01
4089.5137 1.6256e-01
4090.7407 1.4539e-01
4091.9678 1.4831e-01
4093.1953 1.3907e-01
4094.4233 1.4066e-01
4095.6519 1.7517e-01
4096.8799 1.3224e-01
4098.1094 1.5702e-01
4099.3384 1.2323e-01
4100.5684 1.3275e-01
4101.7988 1.3790e-01
4103.0293 1.1581e-01
4104.2598 1.3550e-01
4105.4912 1.3857e-01
4106.7231 1.4627e-01
4107.9546 1.5153e-01
4109.1875 1.3585e-01
4110.4204 9.8156e-02
4111.6533 1.3525e-01
4112.8867 1.1352e-01
4114.1211 1.2890e-01
4115.3545 1.4668e-01
4116.5898 1.1914e-01
4117.8247 1.5125e-01
4119.0596 1.3992e-01
4120.2954 1.5279e-01
4121.5317 1.4132e-01
4122.7681 1.1542e-01
4124.0049 1.4805e-01
4125.2422 1.4887e-01
4126.4800 1.2135e-01
4127.7178 1.2414e-01
4128.9561 1.2592e-01
4130.1948 1.2323e-01
4131.4336 1.2026e-01
4132.6733 1.3415e-01
4133.9126 1.4497e-01
4135.1533 1.3421e-01
4136.3936 1.3189e-01
4137.6348 1.0909e-01
4138.8760 1.4491e-01
4140.1172 1.1220e-01
4141.3599 9.4918e-02
4142.6021 1.2463e-01
4143.8447 1.3118e-01
4145.0879 1.2271e-01
4146.3315 1.1766e-01
4147.5752 1.1844e-01
4148.8198 1.2486e-01
4150.0640 1.3031e-01
4151.3091 1.3001e-01
4152.5547 1.6948e-01
4153.8003 1.1742e-01
4155.0464 9.1226e-02
4156.2930 1.2569e-01
4157.5400 1.0122e-01
4158.7871 9.7085e-02
4160.0352 9.9189e-02
4161.2827 1.2770e-01
4162.5312 1.5477e-01
4163.7803 1.0481e-01
4165.0293 1.0642e-01
4166.2783 1.3649e-01
4167.5288 1.1264e-01
4168.7788 1.2711e-01
4170.0298 1.3147e-01
4171.2803 1.1543e-01
4172.5317 1.1353e-01
4173.7837 9.3265e-02
4175.0356 1.1688e-01
4176.2886 9.3843e-02
4177.5410 7.5929e-02
4178.7944 1.1479e-01
4180.0479 8.1120e-02
4181.3022 8.9915e-02
4182.5566 1.0006e-01
4183.8115 9.7182e-02
4185.0664 1.0826e-01
4186.3223 9.7538e-02
4187.5776 7.9485e-02
4188.8340 1.3421e-01
4190.0903 9.3317e-02
4191.3477 1.0166e-01
4192.6050 1.1391e-01
4193.8628 1.1390e-01
4195.1206 1.0457e-01
4196.3794 8.9641e-02
4197.6387 7.9862e-02
4198.8975 1.0362e-01
4200.1577 1.3501e-01
4201.4175 8.3330e-02
4202.6782 1.0853e-01
4203.9390 1.0043e-01
4205.2002 1.1002e-01
4206.4614 1.0423e-01
4207.7231 1.0842e-01
4208.9858 1.1072e-01
4210.2485 1.1350e-01
4211.5112 1.1422e-01
4212.7749 1.1187e-01
4214.0391 9.9446e-02
4215.3032 9.2833e-02
4216.5679 8.9169e-02
4217.8330 1.1577e-01
4219.0981 1.1746e-01
4220.3638 8.8840e-02
4221.6299 1.2619e-01
4222.8965 1.1950e-01
4224.1636 1.2042e-01
4225.4302 8.5208e-02
4226.6978 1.0649e-01
4227.9658 1.1164e-01
4229.2349 1.0398e-01
4230.5034 9.6879e-02
4231.7725 8.3411e-02
4233.0415 1.0528e-01
4234.3115 9.3373e-02
4235.5825 9.6429e-02
4236.8525 7.8217e-02
4238.1235 9.6822e-02
4239.3955 1.2225e-01
4240.6670 9.8043e-02
4241.9390 1.0362e-01
4243.2119 1.0075e-01
4244.4844 1.0212e-01
4245.7583 1.0976e-01
4247.0317 1.1054e-01
4248.3062 1.1471e-01
4249.5806 9.8854e-02
4250.8555 1.0003e-01
4252.1309 6.3253e-02
4253.4062 1.2093e-01
4254.6821 1.0951e-01
4255.9590 7.1765e-02
4257.2358 9.2994e-02
4258.5127 9.7622e-02
4259.7900 1.0533e-01
4261.0679 1.0000e-01
4262.3462 7.7028e-02
4263.6250 6.9065e-02
4264.9043 1.0308e-01
4266.1841 9.5265e-02
4267.4639 9.9253e-02
4268.7432 9.6548e-02
4270.0244 9.5871e-02
4271.3052 9.1748e-02
4272.5869 9.3307e-02
4273.8682 7.9288e-02
4275.1509 1.0332e-01
4276.4336 1.1147e-01
4277.7163 1.1673e-01
4278.9995 1.1287e-01
4280.2837 1.2693e-01
4281.5674 7.0995e-02
4282.8521 9.0842e-02
4284.1367 8.9683e-02
4285.4219 7.1153e-02
4286.7075 9.0240e-02
4287.9937 1.0845e-01
4289.2798 1.1315e-01
4290.5669 6.6175e-02
4291.8540 1.1226e-01
4293.1416 8.1709e-02
4294.4292 8.4762e-02
4295.7183 1.0848e-01
4297.0063 7.9592e-02
4298.2954 9.0193e-02
4299.5854 9.1511e-02
4300.8750 9.1099e-02
4302.1650 9.1042e-02
4303.4561 8.8727e-02
4304.7471 9.1133e-02
4306.0381 8.2425e-02
4307.3301 9.8823e-02
4308.6221 7.8707e-02
4309.9150 1.1180e-01
4311.2075 9.4224e-02
4312.5015 7.0391e-02
4313.7949 7.4264e-02
4315.0889 9.5323e-02
4316.3838 8.4854e-02
4317.6787 1.0318e-01
4318.9741 9.1981e-02
4320.2700 1.0365e-01
4321.5654 8.8194e-02
4322.8623 7.3153e-02
4324.1592 8.0802e-02
4325.4565 9.9244e-02
4326.7539 7.7734e-02
4328.0518 8.8135e-02
4329.3501 8.6561e-02
4330.6494 8.5639e-02
4331.9482 7.3095e-02
4333.2480 1.1054e-01
4334.5479 8.4493e-02
4335.8477 7.2202e-02
4337.1489 1.0588e-01
4338.4502 7.9486e-02
4339.7515 7.4799e-02
4341.0537 9.0042e-02
4342.3560 8.9371e-02
4343.6582 7.4854e-02
4344.9614 6.8417e-02
4346.2646 8.8657e-02
4347.5693 7.4412e-02
4348.8735 8.8326e-02
4350.1782 1.0520e-01
4351.4829 8.5339e-02
4352.7886 1.0334e-01
4354.0938 1.0478e-01
4355.4009 1.0313e-01
4356.7070 1.1090e-01
4358.0137 9.2351e-02
4359.3218 1.0241e-01
4360.6294 1.0721e-01
4361.9375 1.0652e-01
4363.2461 1.0676e-01
4364.5552 7.7627e-02
4365.8643 9.8928e-02
4367.1743 1.2247e-01
4368.4844 9.1181e-02
4369.7954 1.0036e-01
4371.1060 8.0811e-02
4372.4170 8.1867e-02
4373.7285 1.0122e-01
4375.0415 6.8755e-02
4376.3540 7.3606e-02
4377.6665 7.2380e-02
4378.9800 7.5103e-02
4380.2935 1.0774e-01
4381.6074 9.5078e-02
4382.9219 9.8619e-02
4384.2363 9.3126e-02
4385.5522 7.0974e-02
4386.8677 6.7506e-02
4388.1841 9.3050e-02
4389.5010 1.1603e-01
4390.8169 8.4400e-02
4392.1343 9.8495e-02
4393.4521 7.6887e-02
4394.7700 7.1579e-02
4396.0884 7.0400e-02
4397.4077 1.0056e-01
4398.7266 1.0481e-01
4400.0464 7.7892e-02
4401.3667 6.6601e-02
4402.6870 8.8754e-02
4404.0073 7.5165e-02
4405.3291 9.2404e-02
4406.6504 9.0201e-02
4407.9722 9.5968e-02
4409.2944 1.0772e-01
4410.6172 8.3288e-02
4411.9404 6.3605e-02
4413.2642 8.8523e-02
4414.5879 9.8911e-02
4415.9126 7.9379e-02
4417.2373 7.7062e-02
4418.5625 9.3006e-02
4419.8882 8.6609e-02
4421.2139 1.0792e-01
4422.5405 6.9629e-02
4423.8672 1.0113e-01
4425.1938 8.5220e-02
4426.5220 6.8412e-02
4427.8496 8.1627e-02
4429.1787 6.6026e-02
4430.5063 7.5988e-02
4431.8364 9.0473e-02
4433.1655 1.0002e-01
4434.4956 8.8033e-02
4435.8262 1.0934e-01
4437.1567 8.1561e-02
4438.4878 9.3610e-02
4439.8193 1.1474e-01
4441.1514 9.3002e-02
4442.4834 9.7210e-02
4443.8164 9.2664e-02
4445.1494 1.1025e-01
4446.4829 1.1514e-01
4447.8169 1.0310e-01
4449.1514 9.2729e-02
4450.4863 1.0041e-01
4451.8213 1.1329e-01
4453.1567 9.3827e-02
4454.4927 1.2847e-01
4455.8291 1.2196e-01
4457.1660 8.1044e-02
4458.5029 1.0786e-01
4459.8403 9.0714e-02
4461.1787 1.2659e-01
4462.5171 1.4386e-01
4463.8555 1.2544e-01
4465.1948 1.1202e-01
4466.5347 1.3038e-01
4467.8740 1.0802e-01
4469.2144 1.1385e-01
4470.5552 1.1528e-01
4471.8970 9.3013e-02
4473.2383 9.4832e-02
4474.5806 1.2657e-01
4475.9229 1.3373e-01
4477.2651 1.2678e-01
4478.6084 1.2636e-01
4479.9521 1.1330e-01
4481.2959 9.7902e-02
4482.6406 1.1058e-01
4483.9854 1.0712e-01
4485.3306 1.0586e-01
4486.6763 1.0639e-01
4488.0220 9.6011e-02
4489.3682 9.3662e-02
4490.7153 7.7585e-02
4492.0620 1.1500e-01
4493.4102 1.2558e-01
4494.7578 9.0384e-02
4496.1069 1.3499e-01
4497.4556 1.3628e-01
4498.8047 9.6442e-02
4500.1543 1.1701e-01
4501.5044 1.0841e-01
4502.8550 1.2365e-01
4504.2056 9.1948e-02
4505.5566 1.3155e-01
4506.9082 1.3009e-01
4508.2607 1.2056e-01
4509.6133 1.1014e-01
4510.9658 1.3689e-01
4512.3193 9.5788e-02
4513.6729 1.0608e-01
4515.0273 8.6488e-02
4516.3818 9.6206e-02
4517.7363 1.6075e-01
4519.0918 1.0698e-01
4520.4473 1.0120e-01
4521.8037 1.2763e-01
4523.1606 1.2813e-01
4524.5171 1.1178e-01
4525.8750 1.4115e-01
4527.2324 1.2386e-01
4528.5903 1.4438e-01
4529.9492 9.5674e-02
4531.3081 1.0024e-01
4532.6675 1.3522e-01
4534.0269 1.4220e-01
4535.3872 1.4933e-01
4536.7480 1.3645e-01
4538.1094 1.0965e-01
4539.4702 1.1807e-01
4540.8320 1.1080e-01
4542.1943 1.2175e-01
4543.5576 1.4211e-01
4544.9199 1.0028e-01
4546.2842 1.4998e-01
4547.6475 1.3989e-01
4549.0117 1.1704e-01
4550.3770 1.2518e-01
4551.7417 1.1173e-01
4553.1074 1.1546e-01
4554.4731 1.0888e-01
4555.8398 1.0184e-01
4557.2061 9.8356e-02
4558.5732 1.4132e-01
4559.9414 1.1938e-01
4561.3086 1.3526e-01
4562.6772 1.4690e-01
4564.0459 1.3096e-01
4565.4150 1.6253e-01
4566.7852 1.4788e-01
4568.1553 1.0518e-01
4569.5249 1.1708e-01
4570.8965 8.4857e-02
4572.2676 1.0826e-01
4573.6392 1.1064e-01
4575.0117 1.0695e-01
4576.3838 1.3332e-01
4577.7568 1.1228e-01
4579.1304 1.3292e-01
4580.5039 9.9039e-02
4581.8784 1.4292e-01
4583.2524 1.3475e-01
4584.6274 1.2751e-01
4586.0029 1.3046e-01
4587.3789 1.4697e-01
4588.7549 1.1587e-01
4590.1318 1.1534e-01
4591.5083 1.0038e-01
4592.8857 1.3135e-01
4594.2642 1.2132e-01
4595.6426 1.0119e-01
4597.0210 1.0164e-01
4598.3999 1.5427e-01
4599.7798 8.7576e-02
4601.1597 1.0380e-01
4602.5396 1.2524e-01
4603.9204 1.1508e-01
4605.3022 1.2184e-01
4606.6836 1.1214e-01
4608.0649 9.9078e-02
4609.4478 1.3158e-01
4610.8306 1.4599e-01
4612.2144 1.3014e-01
4613.5977 1.4256e-01
4614.9819 1.2930e-01
4616.3662 1.4292e-01
4617.7515 1.2186e-01
4619.1362 1.3410e-01
4620.5225 1.2855e-01
4621.9082 1.3202e-01
4623.2949 9.4477e-02
4624.6816 1.2449e-01
4626.0693 1.2357e-01
4627.4570 1.0343e-01
4628.8457 1.2970e-01
4630.2334 1.1152e-01
4631.6230 1.1794e-01
4633.0127 1.0339e-01
4634.4028 1.3093e-01
4635.7935 1.3075e-01
4637.1831 1.3860e-01
4638.5742 1.1614e-01
4639.9658 1.1856e-01
4641.3579 1.2258e-01
4642.7505 1.4462e-01
4644.1436 1.2208e-01
4645.5371 9.1258e-02
4646.9307 1.5326e-01
4648.3247 1.2332e-01
4649.7188 6.8803e-02
4651.1138 1.2305e-01
4652.5093 1.2484e-01
4653.9048 1.1821e-01
4655.3018 9.4793e-02
4656.6978 1.1426e-01
4658.0947 8.4051e-02
4659.4922 1.0366e-01
4660.8896 1.2633e-01
4662.2886 1.1049e-01
4663.6865 1.2577e-01
4665.0859 1.0257e-01
4666.4854 1.2501e-01
4667.8853 1.1603e-01
4669.2861 1.3257e-01
4670.6870 1.0890e-01
4672.0874 1.0434e-01
4673.4897 1.2610e-01
4674.8916 9.2552e-02
4676.2944 9.9688e-02
4677.6968 1.0153e-01
4679.1006 1.2058e-01
4680.5039 1.2442e-01
4681.9082 1.1235e-01
4683.3125 1.2702e-01
4684.7173 1.1415e-01
4686.1230 1.2458e-01
4687.5288 1.0797e-01
4688.9351 9.7251e-02
4690.3423 1.1537e-01
4691.7490 9.1580e-02
4693.1562 1.0628e-01
4694.5645 1.2021e-01
4695.9731 9.7094e-02
4697.3818 1.1608e-01
4698.7910 1.2575e-01
4700.2002 9.6249e-02
4701.6104 8.1371e-02
4703.0205 1.0126e-01
4704.4316 1.0548e-01
4705.8433 9.8714e-02
4707.2549 9.4054e-02
4708.6670 1.2201e-01
4710.0796 1.3424e-01
4711.4927 9.2713e-02
4712.9058 1.0156e-01
4714.3203 1.1654e-01
4715.7344 1.2523e-01
4717.1494 1.3379e-01
4718.5645 1.1038e-01
4719.9800 1.0918e-01
4721.3955 9.2769e-02
4722.8120 1.1151e-01
4724.2290 1.0631e-01
4725.6460 9.6816e-02
4727.0645 9.4627e-02
4728.4824 1.1313e-01
4729.9004 1.1480e-01
4731.3198 1.1469e-01
4732.7388 1.2161e-01
4734.1587 8.0521e-02
4735.5791 1.2325e-01
4737.0000 9.9330e-02
4738.4209 1.1151e-01
4739.8428 1.1745e-01
4741.2646 8.9435e-02
4742.6870 1.1671e-01
4744.1094 9.6717e-02
4745.5327 1.2745e-01
4746.9565 9.3268e-02
4748.3804 1.1411e-01
4749.8052 1.1255e-01
4751.2300 9.9099e-02
4752.6548 1.2726e-01
4754.0811 1.2165e-01
4755.5078 9.7081e-02
4756.9341 1.0631e-01
4758.3608 8.6886e-02
4759.7886 1.0048e-01
4761.2168 1.1138e-01
4762.6445 1.1363e-01
4764.0737 1.2093e-01
4765.5029 1.1317e-01
4766.9326 1.1433e-01
4768.3628 9.1886e-02
4769.7930 1.1654e-01
4771.2236 1.1216e-01
4772.6553 1.0023e-01
4774.0869 8.7260e-02
4775.5190 1.1556e-01
4776.9521 8.0435e-02
4778.3853 1.1086e-01
4779.8184 9.8681e-02
4781.2524 1.2974e-01
4782.6870 8.3885e-02
4784.1226 9.8354e-02
4785.5571 1.2196e-01
4786.9927 1.0455e-01
4788.4292 1.0701e-01
4789.8652 1.0507e-01
4791.3022 1.0205e-01
4792.7397 1.0325e-01
4794.1777 9.7140e-02
4795.6152 9.7585e-02
4797.0542 1.0106e-01
4798.4937 1.0511e-01
4799.9331 1.1982e-01
4801.3735 8.6750e-02
4802.8140 7.7463e-02
4804.2544 1.0752e-01
4805.6958 1.0659e-01
4807.1377 9.6817e-02
4808.5796 9.5057e-02
4810.0220 7.8895e-02
4811.4653 1.1003e-01
4812.9087 1.0297e-01
4814.3525 9.3530e-02
4815.7969 7.6319e-02
4817.2417 1.0663e-01
4818.6865 9.4768e-02
4820.1328 1.1808e-01
4821.5786 9.3669e-02
4823.0249 1.2235e-01
4824.4717 1.0542e-01
4825.9189 1.0988e-01
4827.3667 1.1799e-01
4828.8149 1.0016e-01
4830.2637 8.5250e-02
4831.7124 8.8054e-02
4833.1621 7.9502e-02
4834.6118 1.0014e-01
4836.0620 8.8157e-02
4837.5137 9.1239e-02
4838.9644 1.1622e-01
4840.4165 1.2584e-01
4841.8687 9.0325e-02
4843.3208 9.2119e-02
4844.7739 7.6309e-02
4846.2275 1.1934e-01
4847.6812 7.6856e-02
4849.1357 1.0229e-01
4850.5903 9.5013e-02
4852.0454 1.0058e-01
4853.5015 6.6352e-02
4854.9575 7.3647e-02
4856.4136 1.1222e-01
4857.8706 7.4419e-02
4859.3281 9.6623e-02
4860.7861 1.1421e-01
4862.2437 9.9231e-02
4863.7026 9.0665e-02
4865.1621 9.7400e-02
4866.6211 7.5517e-02
4868.0815 1.0419e-01
4869.5420 7.9719e-02
4871.0024 1.0007e-01
4872.4639 9.5500e-02
4873.9263 9.7853e-02
4875.3877 7.4658e-02
4876.8506 7.9517e-02
4878.3135 8.9266e-02
4879.7773 8.4388e-02
4881.2412 1.0720e-01
4882.7051 7.1961e-02
4884.1704 9.8616e-02
4885.6357 7.7026e-02
4887.1011 9.6623e-02
4888.5674 8.1370e-02
4890.0337 8.3011e-02
4891.5010 1.0972e-01
4892.9683 5.7157e-02
4894.4360 7.4419e-02
4895.9043 7.8906e-02
4897.3730 7.5714e-02
4898.8423 7.5607e-02
4900.3120 9.2476e-02
4901.7827 1.0146e-01
4903.2529 8.9245e-02
4904.7231 7.0673e-02
4906.1953 8.4570e-02
4907.6675 7.2117e-02
4909.1392 1.0576e-01
4910.6123 9.0821e-02
4912.0854 8.1904e-02
4913.5586 7.1457e-02
4915.0332 1.1934e-01
4916.5073 1.0392e-01
4917.9819 8.3314e-02
4919.4575 7.2929e-02
4920.9331 8.9664e-02
4922.4097 7.1472e-02
4923.8872 7.9766e-02
4925.3638 8.2934e-02
4926.8418 8.7960e-02
4928.3188 9.6869e-02
4929.7979 8.4459e-02
4931.2769 5.8700e-02
4932.7563 7.2899e-02
4934.2358 9.5879e-02
4935.7168 7.1159e-02
4937.1963 8.3827e-02
4938.6782 8.8668e-02
4940.1597 5.3756e-02
4941.6416 1.0310e-01
4943.1250 7.3212e-02
4944.6069 8.3713e-02
4946.0908 8.8663e-02
4947.5752 7.8589e-02
4949.0586 9.3531e-02
4950.5435 1.0012e-01
4952.0278 6.7998e-02
4953.5142 9.4766e-02
4955.0010 9.4740e-02
4956.4873 7.4273e-02
4957.9741 7.4967e-02
4959.4614 6.8799e-02
4960.9492 8.1421e-02
4962.4370 6.1374e-02
4963.9258 8.4641e-02
4965.4150 5.9432e-02
4966.9048 8.5118e-02
4968.3945 7.1241e-02
4969.8853 7.6291e-02
4971.3765 8.1090e-02
4972.8677 7.1672e-02
4974.3599 8.4778e-02
4975.8521 6.7662e-02
4977.3447 1.0000e-01
4978.8379 6.3209e-02
4980.3315 8.3850e-02
4981.8257 8.3679e-02
4983.3203 5.8036e-02
4984.8159 7.7050e-02
4986.3105 5.7636e-02
4987.8066 8.6504e-02
4989.3027 5.2271e-02
4990.7998 8.1596e-02
4992.2974 7.8545e-02
4993.7939 8.4816e-02
4995.2930 8.1122e-02
4996.7915 6.3830e-02
4998.2905 8.0059e-02
4999.7896 9.6886e-02
5001.2896 8.1515e-02
5002.7900 7.2975e-02
5004.2915 5.0515e-02
5005.7925 7.1538e-02
5007.2944 8.2489e-02
5008.7964 8.4828e-02
5010.2993 7.2750e-02
5011.8022 7.8878e-02
5013.3057 7.9083e-02
5014.8101 7.8559e-02
5016.3145 8.3306e-02
5017.8184 5.5710e-02
5019.3247 5.8943e-02
5020.8301 7.0607e-02
5022.3359 7.9447e-02
5023.8428 7.2454e-02
5025.3496 6.2927e-02
5026.8579 7.5225e-02
5028.3657 6.8482e-02
5029.8740 6.9812e-02
5031.3828 6.5335e-02
5032.8926 5.5638e-02
5034.4023 8.9388e-02
5035.9131 5.6828e-02
5037.4233 9.6782e-02
5038.9346 7.1006e-02
5040.4463 8.3794e-02
5041.9585 6.4494e-02
5043.4712 5.7662e-02
5044.9839 8.0925e-02
5046.4980 5.6675e-02
5048.0112 6.5928e-02
5049.5259 6.4672e-02
5051.0415 7.0588e-02
5052.5562 8.5458e-02
5054.0723 6.5430e-02
5055.5884 6.7524e-02
5057.1045 5.7328e-02
5058.6221 6.5491e-02
5060.1401 6.8851e-02
5061.6577 7.8523e-02
5063.1763 8.7168e-02
5064.6953 8.4286e-02
5066.2144 6.1797e-02
5067.7339 7.8836e-02
5069.2549 8.0193e-02
5070.7759 6.3898e-02
5072.2969 8.6005e-02
5073.8188 6.7964e-02
5075.3403 6.7641e-02
5076.8628 7.3362e-02
5078.3867 5.4917e-02
5079.9097 6.7308e-02
5081.4336 7.9509e-02
5082.9580 8.5789e-02
5084.4829 6.9122e-02
5086.0083 9.0410e-02
5087.5342 6.5326e-02
5089.0605 7.9318e-02
5090.5874 9.1345e-02
5092.1143 7.5078e-02
5093.6421 5.9441e-02
5095.1699 8.0785e-02
5096.6987 8.0352e-02
5098.2275 6.1762e-02
5099.7573 9.3191e-02
5101.2871 6.9944e-02
5102.8179 6.8374e-02
5104.3481 7.9715e-02
5105.8799 6.9728e-02
5107.4111 6.9977e-02
5108.9438 5.4277e-02
5110.4761 7.8435e-02
5112.0093 7.7853e-02
5113.5435 7.2124e-02
5115.0771 6.3944e-02
5116.6118 7.2922e-02
5118.1470 7.7250e-02
5119.6816 6.5782e-02
5121.2183 7.7911e-02
5122.7544 8.3063e-02
5124.2910 8.6980e-02
5125.8286 6.8589e-02
5127.3667 8.0232e-02
5128.9043 8.0573e-02
5130.4429 9.2207e-02
5131.9824 9.1026e-02
5133.5220 8.9032e-02
5135.0615 6.8338e-02
5136.6021 8.7082e-02
5138.1436 6.8844e-02
5139.6846 6.5767e-02
5141.2266 8.2198e-02
5142.7690 7.7322e-02
5144.3125 7.1293e-02
5145.8550 7.8837e-02
5147.3989 7.6430e-02
5148.9429 7.1506e-02
5150.4883 7.0733e-02
5152.0332 8.3280e-02
5153.5781 9.0120e-02
5155.1245 8.0066e-02
5156.6714 7.6160e-02
5158.2178 7.2966e-02
5159.7656 8.0601e-02
5161.3130 8.7477e-02
5162.8618 7.7717e-02
5164.4106 7.4574e-02
5165.9604 1.0500e-01
5167.5098 7.9248e-02
5169.0605 8.3557e-02
5170.6108 6.0288e-02
5172.1621 6.0551e-02
5173.7139 7.0562e-02
5175.2656 1.1711e-01
5176.8188 1.0185e-01
5178.3711 7.9729e-02
5179.9253 8.3447e-02
5181.4790 6.4227e-02
5183.0337 7.1108e-02
5184.5884 8.5382e-02
5186.1436 1.0500e-01
5187.6992 7.1790e-02
5189.2559 8.4263e-02
5190.8130 7.1808e-02
5192.3696 6.2887e-02
5193.9277 7.9395e-02
5195.4858 9.0634e-02
5197.0439 9.5237e-02
5198.6035 7.5771e-02
5200.1636 6.4452e-02
5201.7231 8.3000e-02
5203.2837 7.9034e-02
5204.8447 8.3532e-02
5206.4058 6.3614e-02
5207.9683 8.1760e-02
5209.5303 8.5128e-02
5211.0933 7.5661e-02
5212.6567 1.0074e-01
5214.2202 9.0862e-02
5215.7847 6.8934e-02
5217.3496 9.6251e-02
5218.9150 7.8728e-02
5220.4800 8.7546e-02
5222.0464 7.3712e-02
5223.6128 1.0249e-01
5225.1802 7.6860e-02
5226.7480 8.7771e-02
5228.3154 8.2215e-02
5229.8843 8.0992e-02
5231.4526 1.1156e-01
5233.0225 6.8165e-02
5234.5928 1.0226e-01
5236.1626 6.7252e-02
5237.7339 7.6528e-02
5239.3052 9.6858e-02
5240.8770 9.3835e-02
5242.4492 1.1317e-01
5244.0220 8.8757e-02
5245.5947 8.8105e-02
5247.1689 9.7467e-02
5248.7422 5.3620e-02
5250.3174 7.4947e-02
5251.8921 9.3772e-02
5253.4678 6.7763e-02
5255.0439 9.5324e-02
5256.6211 1.0433e-01
5258.1978 1.0386e-01
5259.7749 8.0822e-02
5261.3530 9.1486e-02
5262.9312 9.1640e-02
5264.5098 9.9970e-02
5266.0898 9.6162e-02
5267.6694 9.0968e-02
5269.2495 8.9360e-02
5270.8311 7.7110e-02
5272.4116 8.8846e-02
5273.9941 7.7764e-02
5275.5757 8.9387e-02
5277.1587 1.0970e-01
5278.7422 8.1412e-02
5280.3252 6.4031e-02
5281.9092 1.0781e-01
5283.4937 1.0656e-01
5285.0786 8.0311e-02
5286.6641 7.3461e-02
5288.2500 9.0670e-02
5289.8369 9.1374e-02
5291.4238 7.8862e-02
5293.0117 7.4802e-02
5294.5996 1.0038e-01
5296.1870 8.5223e-02
5297.7764 8.1804e-02
5299.3662 8.4939e-02
5300.9561 9.6908e-02
5302.5459 8.5590e-02
5304.1367 9.3163e-02
5305.7280 9.8858e-02
5307.3188 7.3284e-02
5308.9116 7.1610e-02
5310.5044 9.3896e-02
5312.0977 8.7136e-02
5313.6919 6.5268e-02
5315.2856 7.6946e-02
5316.8799 6.4144e-02
5318.4751 8.6419e-02
5320.0708 7.8656e-02
5321.6665 7.6549e-02
5323.2632 9.7668e-02
5324.8604 7.3771e-02
5326.4575 9.1661e-02
5328.0557 8.0672e-02
5329.6533 9.2165e-02
5331.2534 9.0185e-02
5332.8516 7.2527e-02
5334.4517 7.3488e-02
5336.0522 1.0062e-01
5337.6533 6.4200e-02
5339.2544 6.9822e-02
5340.8560 7.8681e-02
5342.4585 8.9563e-02
5344.0605 7.6905e-02
5345.6646 8.9114e-02
5347.2681 9.7013e-02
5348.8726 7.5240e-02
5350.4771 1.0186e-01
5352.0825 1.0766e-01
5353.6875 8.0461e-02
5355.2944 9.5757e-02
5356.9009 8.0211e-02
5358.5073 8.0295e-02
5360.1152 8.1892e-02
5361.7236 6.4065e-02
5363.3315 7.4021e-02
5364.9404 7.3655e-02
5366.5503 9.4147e-02
5368.1602 7.5531e-02
5369.7705 6.7854e-02
5371.3813 1.0547e-01
5372.9932 7.4025e-02
5374.6050 8.8460e-02
5376.2173 7.5782e-02
5377.8301 8.2417e-02
5379.4434 6.8964e-02
5381.0576 7.8571e-02
5382.6714 9.0879e-02
5384.2861 6.6561e-02
5385.9014 5.7087e-02
5387.5171 8.7355e-02
5389.1343 8.9030e-02
5390.7505 9.1755e-02
5392.3677 7.5268e-02
5393.9858 5.7789e-02
5395.6035 6.7938e-02
5397.2222 5.8856e-02
5398.8413 6.2604e-02
5400.4609 8.0065e-02
5402.0811 6.7566e-02
5403.7017 8.3385e-02
5405.3228 7.1394e-02
5406.9448 9.3462e-02
5408.5659 7.1524e-02
5410.1890 7.0850e-02
5411.8115 5.4626e-02
5413.4360 7.9655e-02
5415.0596 8.4015e-02
5416.6841 7.5620e-02
5418.3096 6.0241e-02
5419.9351 8.7522e-02
5421.5605 8.3057e-02
5423.1875 8.1180e-02
5424.8145 6.9024e-02
5426.4414 5.8051e-02
5428.0693 7.0658e-02
5429.6982 7.4048e-02
5431.3271 6.9842e-02
5432.9565 6.3951e-02
5434.5859 7.8373e-02
5436.2163 6.8574e-02
5437.8472 6.2744e-02
5439.4785 7.8666e-02
5441.1104 7.3876e-02
5442.7427 8.0119e-02
5444.3760 6.4845e-02
5446.0098 9.2264e-02
5447.6431 9.0575e-02
5449.2778 8.0474e-02
5450.9121 6.4165e-02
5452.5474 7.7244e-02
5454.1826 6.7055e-02
5455.8193 7.4670e-02
5457.4565 7.1644e-02
5459.0933 7.4302e-02
5460.7310 7.2480e-02
5462.3696 7.4653e-02
5464.0073 5.9868e-02
5465.6475 6.5170e-02
5467.2871 7.8688e-02
5468.9272 1.0913e-01
5470.5674 6.6461e-02
5472.2090 4.9393e-02
5473.8506 7.0646e-02
5475.4927 6.5576e-02
5477.1353 7.6028e-02
5478.7783 5.9128e-02
5480.4224 5.7251e-02
5482.0659 8.2479e-02
5483.7104 6.2308e-02
5485.3560 6.3986e-02
5487.0010 5.2602e-02
5488.6475 7.1845e-02
5490.2944 8.7777e-02
5491.9414 6.5795e-02
5493.5889 6.0942e-02
5495.2368 8.1130e-02
5496.8857 8.3655e-02
5498.5342 5.2961e-02
5500.1841 7.8266e-02
5501.8340 5.5982e-02
5503.4849 6.1797e-02
5505.1357 6.4254e-02
5506.7871 9.5543e-02
5508.4395 7.2510e-02
5510.0923 8.6948e-02
5511.7451 7.7474e-02
5513.3984 6.7923e-02
5515.0522 3.7291e-02
5516.7070 8.2768e-02
5518.3623 7.8611e-02
5520.0176 4.8083e-02
5521.6733 7.2310e-02
5523.3301 6.7363e-02
5524.9868 6.9173e-02
5526.6450 6.3007e-02
5528.3027 4.5218e-02
5529.9609 7.4988e-02
5531.6201 6.5028e-02
5533.2793 8.1654e-02
5534.9395 6.7874e-02
5536.5996 6.7203e-02
5538.2607 7.6041e-02
5539.9229 9.2696e-02
5541.5840 6.3114e-02
5543.2466 7.8428e-02
5544.9102 6.2378e-02
5546.5728 5.5648e-02
5548.2373 8.4901e-02
5549.9019 5.7418e-02
5551.5664 5.5107e-02
5553.2324 5.5313e-02
5554.8984 4.8442e-02
5556.5645 6.9929e-02
5558.2310 7.2131e-02
5559.8989 7.2095e-02
5561.5669 5.0543e-02
5563.2354 5.5976e-02
5564.9043 6.4580e-02
5566.5732 6.4038e-02
5568.2437 6.2463e-02
5569.9150 8.4332e-02
5571.5854 5.4926e-02
5573.2568 6.8751e-02
5574.9287 6.4877e-02
5576.6011 5.6370e-02
5578.2739 5.6577e-02
5579.9482 6.1015e-02
5581.6216 5.7732e-02
5583.2959 8.9724e-02
5584.9717 6.2425e-02
5586.6470 5.5619e-02
5588.3223 6.0347e-02
5589.9990 4.8061e-02
5591.6763 7.7876e-02
5593.3535 7.0827e-02
5595.0317 6.7815e-02
5596.7104 6.4233e-02
5598.3892 6.7232e-02
5600.0688 6.4157e-02
5601.7490 6.8867e-02
5603.4292 5.2992e-02
5605.1104 8.3293e-02
5606.7915 5.8314e-02
5608.4741 5.5348e-02
5610.1562 9.5369e-02
5611.8394 5.2338e-02
5613.5234 5.2558e-02
5615.2075 7.2025e-02
5616.8916 5.3953e-02
5618.5767 6.3625e-02
5620.2627 7.3985e-02
5621.9482 5.4886e-02
5623.6348 6.2930e-02
5625.3218 6.4187e-02
5627.0098 6.5217e-02
5628.6982 4.9472e-02
5630.3867 5.1826e-02
5632.0757 5.7706e-02
5633.7651 5.8114e-02
5635.4551 5.2829e-02
5637.1460 4.1743e-02
5638.8369 5.1967e-02
5640.5283 6.4124e-02
5642.2207 5.5193e-02
5643.9141 6.5649e-02
5645.6069 6.3152e-02
5647.3003 6.8845e-02
5648.9946 5.2094e-02
5650.6895 5.0476e-02
5652.3848 5.4584e-02
5654.0801 7.3219e-02
5655.7759 7.9828e-02
5657.4736 6.9328e-02
5659.1709 7.1560e-02
5660.8682 7.6468e-02
5662.5664 7.6170e-02
5664.2651 5.0452e-02
5665.9644 5.2008e-02
5667.6641 7.4318e-02
5669.3647 6.2660e-02
5671.0649 7.1640e-02
5672.7666 6.6949e-02
5674.4688 5.2217e-02
5676.1709 4.9579e-02
5677.8740 6.9194e-02
5679.5771 6.4850e-02
5681.2812 7.1171e-02
5682.9858 7.3248e-02
5684.6899 7.0042e-02
5686.3950 5.4246e-02
5688.1021 6.0798e-02
5689.8076 6.4754e-02
5691.5146 6.1806e-02
5693.2222 5.0324e-02
5694.9302 5.7147e-02
5696.6382 7.4427e-02
5698.3477 5.9732e-02
5700.0571 6.5414e-02
5701.7671 6.4659e-02
5703.4775 6.9550e-02
5705.1885 6.9839e-02
5706.9004 5.7926e-02
5708.6123 5.2811e-02
5710.3252 6.3310e-02
5712.0381 6.8723e-02
5713.7524 4.4733e-02
5715.4663 7.0513e-02
5717.1812 7.5573e-02
5718.8955 5.3861e-02
5720.6118 4.3202e-02
5722.3271 6.4976e-02
5724.0444 5.7676e-02
5725.7617 6.7901e-02
5727.4795 5.1703e-02
5729.1973 5.8114e-02
5730.9165 5.4732e-02
5732.6353 5.6337e-02
5734.3550 4.9744e-02
5736.0757 5.1501e-02
5737.7969 5.7031e-02
5739.5176 6.0845e-02
5741.2397 4.7211e-02
5742.9624 5.0549e-02
5744.6851 7.6130e-02
5746.4082 5.9552e-02
5748.1323 5.1879e-02
5749.8569 6.4575e-02
5751.5815 6.0339e-02
5753.3076 4.7811e-02
5755.0332 5.2928e-02
5756.7593 4.8133e-02
5758.4863 5.5150e-02
5760.2144 7.4845e-02
5761.9424 5.5531e-02
5763.6709 4.8170e-02
5765.3999 7.1739e-02
5767.1294 6.4102e-02
5768.8594 5.5276e-02
5770.5908 8.7420e-02
5772.3213 5.6541e-02
5774.0527 6.9674e-02
5775.7856 4.8670e-02
5777.5181 6.0441e-02
5779.2515 6.3194e-02
5780.9844 5.2462e-02
5782.7192 5.8103e-02
5784.4546 4.1009e-02
5786.1899 6.6279e-02
5787.9253 5.5826e-02
5789.6626 7.0858e-02
5791.3984 6.4810e-02
5793.1362 5.5136e-02
5794.8745 4.9270e-02
5796.6123 5.0295e-02
5798.3516 5.7880e-02
5800.0913 5.5146e-02
5801.8306 4.1113e-02
5803.5713 5.8745e-02
5805.3125 4.8603e-02
5807.0537 6.5289e-02
5808.7964 4.3690e-02
5810.5391 6.7814e-02
5812.2822 6.5286e-02
5814.0259 4.1891e-02
5815.7700 5.9530e-02
5817.5151 5.6807e-02
5819.2598 6.7218e-02
5821.0059 5.4585e-02
5822.7524 6.1017e-02
5824.4990 5.9877e-02
5826.2461 6.4371e-02
5827.9937 5.7947e-02
5829.7427 5.1273e-02
5831.4912 6.7810e-02
5833.2407 9.0048e-02
5834.9912 6.1337e-02
5836.7417 4.8592e-02
5838.4922 6.1502e-02
5840.2446 4.7678e-02
5841.9961 5.2865e-02
5843.7490 5.3924e-02
5845.5020 5.0782e-02
5847.2559 4.8637e-02
5849.0103 5.6881e-02
5850.7642 5.7701e-02
5852.5195 6.7259e-02
5854.2754 4.4019e-02
5856.0317 6.5391e-02
5857.7881 5.7984e-02
5859.5454 4.4204e-02
5861.3032 5.3650e-02
5863.0625 5.2720e-02
5864.8208 5.5806e-02
5866.5806 5.8914e-02
5868.3403 7.7890e-02
5870.1006 4.9656e-02
5871.8618 6.6784e-02
5873.6230 4.9571e-02
5875.3857 4.3652e-02
5877.1479 5.4826e-02
5878.9111 6.6188e-02
5880.6748 5.0654e-02
5882.4390 4.5329e-02
5884.2036 4.7895e-02
5885.9692 7.8035e-02
5887.7349 5.7011e-02
5889.5010 5.9431e-02
5891.2676 5.8925e-02
5893.0356 5.5943e-02
5894.8032 5.9961e-02
5896.5718 6.6192e-02
5898.3408 4.7246e-02
5900.1108 3.9233e-02
5901.8804 6.7277e-02
5903.6509 4.9068e-02
5905.4219 5.1791e-02
5907.1938 6.2204e-02
5908.9663 5.6334e-02
5910.7383 5.9705e-02
5912.5112 5.3578e-02
5914.2856 5.5238e-02
5916.0601 4.9496e-02
5917.8345 5.7343e-02
5919.6099 3.6579e-02
5921.3857 5.3525e-02
5923.1621 5.5740e-02
5924.9395 5.7913e-02
5926.7163 3.8671e-02
5928.4946 4.2444e-02
5930.2729 6.8980e-02
5932.0522 4.1260e-02
5933.8315 4.5748e-02
5935.6123 5.9108e-02
5937.3926 7.1961e-02
5939.1738 5.8304e-02
5940.9556 4.2409e-02
5942.7383 5.5452e-02
5944.5210 6.9638e-02
5946.3042 4.5237e-02
5948.0879 5.2943e-02
5949.8726 5.6530e-02
5951.6572 5.0756e-02
5953.4434 5.7538e-02
5955.2290 6.2915e-02
5957.0151 4.2649e-02
5958.8022 6.1358e-02
5960.5903 5.2742e-02
5962.3789 5.1280e-02
5964.1670 5.0428e-02
5965.9561 6.6132e-02
5967.7466 5.4835e-02
5969.5366 4.8588e-02
5971.3276 5.9619e-02
5973.1187 6.0699e-02
5974.9106 5.4788e-02
5976.7031 4.9334e-02
5978.4961 5.9862e-02
5980.2900 4.9601e-02
5982.0845 4.5302e-02
5983.8789 4.7771e-02
5985.6729 4.6909e-02
5987.4692 8.1288e-02
5989.2651 7.2698e-02
5991.0620 6.9137e-02
5992.8589 5.5543e-02
5994.6572 5.2144e-02
5996.4556 6.7629e-02
5998.2549 3.0787e-02
6000.0547 5.0306e-02
6001.8545 6.9616e-02
6003.6548 6.9558e-02
6005.4561 5.9540e-02
6007.2578 5.5198e-02
6009.0596 3.8952e-02
6010.8623 3.9341e-02
6012.6660 6.1367e-02
6014.4697 6.6098e-02
6016.2739 5.4354e-02
6018.0786 4.8041e-02
6019.8843 5.2928e-02
6021.6909 5.0848e-02
6023.4966 6.9965e-02
6025.3037 5.8775e-02
6027.1108 6.1030e-02
6028.9199 5.9837e-02
6030.7285 6.3419e-02
6032.5366 5.3079e-02
6034.3472 4.2176e-02
6036.1577 5.6281e-02
6037.9683 5.4350e-02
6039.7793 5.1609e-02
6041.5918 5.9199e-02
6043.4038 3.5174e-02
6045.2173 5.0523e-02
6047.0312 5.0967e-02
6048.8447 5.6798e-02
6050.6592 4.4853e-02
6052.4751 6.1217e-02
6054.2905 5.4628e-02
6056.1069 4.2161e-02
6057.9233 4.5461e-02
6059.7407 5.8556e-02
6061.5586 4.2580e-02
6063.3770 7.2895e-02
6065.1968 4.5763e-02
6067.0161 4.2703e-02
6068.8359 5.4212e-02
6070.6567 6.1320e-02
6072.4785 5.5996e-02
6074.2998 5.8275e-02
6076.1221 5.9315e-02
6077.9448 3.7441e-02
6079.7681 6.4919e-02
6081.5918 4.5514e-02
6083.4160 5.3142e-02
6085.2417 4.6840e-02
6087.0664 4.1249e-02
6088.8936 6.1510e-02
6090.7197 4.0490e-02
6092.5469 4.0692e-02
6094.3745 5.2476e-02
6096.2031 5.0684e-02
6098.0327 5.6500e-02
6099.8613 5.2207e-02
6101.6914 6.1188e-02
6103.5220 4.2487e-02
6105.3530 4.0106e-02
6107.1846 5.3340e-02
6109.0171 4.6242e-02
6110.8496 5.5898e-02
6112.6831 4.4292e-02
6114.5166 4.9016e-02
6116.3511 4.7962e-02
6118.1855 5.3436e-02
6120.0210 5.5157e-02
6121.8574 4.8396e-02
6123.6938 5.9354e-02
6125.5308 5.8591e-02
6127.3687 4.8038e-02
6129.2065 3.8475e-02
6131.0454 5.6332e-02
6132.8843 3.1238e-02
6134.7246 4.9294e-02
6136.5649 4.7087e-02
6138.4062 3.2934e-02
6140.2476 4.4420e-02
6142.0894 4.5354e-02
6143.9316 6.2786e-02
6145.7759 4.9551e-02
6147.6191 4.0549e-02
6149.4634 4.8853e-02
6151.3081 4.4394e-02
6153.1538 5.5640e-02
6155.0000 5.3607e-02
6156.8462 2.6743e-02
6158.6934 4.1247e-02
6160.5410 3.8648e-02
6162.3892 5.4653e-02
6164.2373 4.3818e-02
6166.0869 5.4405e-02
6167.9370 3.6470e-02
6169.7871 3.1608e-02
6171.6387 4.6694e-02
6173.4897 4.8753e-02
6175.3413 3.6628e-02
6177.1938 5.7539e-02
6179.0474 4.2248e-02
6180.9009 3.4826e-02
6182.7549 4.6593e-02
6184.6104 4.9413e-02
6186.4653 5.3845e-02
6188.3213 4.7571e-02
6190.1782 4.4590e-02
6192.0356 4.0796e-02
6193.8931 4.0639e-02
6195.7505 4.9512e-02
6197.6099 4.1573e-02
6199.4688 4.3086e-02
6201.3281 4.7869e-02
6203.1895 2.5776e-02
6205.0498 5.5546e-02
6206.9121 4.0285e-02
6208.7739 4.1461e-02
6210.6367 3.9411e-02
6212.4995 2.8788e-02
6214.3633 3.2172e-02
6216.2275 3.6962e-02
6218.0923 3.9573e-02
6219.9575 3.4372e-02
6221.8237 5.6256e-02
6223.6904 5.5853e-02
6225.5576 4.7219e-02
6227.4258 3.2546e-02
6229.2935 5.0940e-02
6231.1621 4.8803e-02
6233.0317 3.7971e-02
6234.9019 5.1187e-02
6236.7720 3.4706e-02
6238.6431 4.3369e-02
6240.5146 3.5983e-02
6242.3867 4.1669e-02
6244.2598 3.8070e-02
6246.1323 4.6627e-02
6248.0063 4.8037e-02
6249.8813 5.8820e-02
6251.7559 4.0011e-02
6253.6313 3.3301e-02
6255.5073 5.2584e-02
6257.3843 5.1512e-02
6259.2617 4.9518e-02
6261.1392 5.0548e-02
6263.0176 2.8748e-02
6264.8970 4.3158e-02
6266.7759 5.3761e-02
6268.6562 4.0973e-02
6270.5361 4.2341e-02
6272.4180 4.6139e-02
6274.2993 3.4915e-02
6276.1816 4.4077e-02
6278.0645 4.8564e-02
6279.9478 3.9221e-02
6281.8320 4.9893e-02
6283.7168 3.7213e-02
6285.6021 4.5935e-02
6287.4868 3.1524e-02
6289.3740 5.6299e-02
6291.2603 5.8189e-02
6293.1475 3.2368e-02
6295.0352 3.6859e-02
6296.9238 3.4479e-02
6298.8130 4.5814e-02
6300.7026 3.5293e-02
6302.5933 3.7694e-02
6304.4839 4.8236e-02
6306.3755 3.4086e-02
6308.2676 4.4740e-02
6310.1597 4.0044e-02
6312.0527 4.3740e-02
6313.9468 3.1905e-02
6315.8398 3.9917e-02
6317.7349 4.0810e-02
6319.6304 3.2415e-02
6321.5269 2.2450e-02
6323.4233 3.4542e-02
6325.3198 2.5361e-02
6327.2178 6.4110e-02
6329.1157 4.7207e-02
6331.0146 3.7763e-02
6332.9131 4.0203e-02
6334.8140 4.8638e-02
6336.7139 3.5463e-02
6338.6147 3.8896e-02
6340.5166 3.2779e-02
6342.4189 5.2061e-02
6344.3213 4.2577e-02
6346.2246 4.6179e-02
6348.1284 3.0164e-02
6350.0332 4.0712e-02
6351.9380 5.1637e-02
6353.8442 2.7208e-02
6355.7500 3.8266e-02
6357.6572 4.8485e-02
6359.5645 4.8469e-02
6361.4717 5.2073e-02
6363.3804 4.4332e-02
6365.2891 3.3983e-02
6367.1987 4.1621e-02
6369.1089 4.5122e-02
6371.0200 4.5592e-02
6372.9312 2.5849e-02
6374.8428 4.1901e-02
6376.7549 5.1823e-02
6378.6685 3.7508e-02
6380.5820 3.6627e-02
6382.4966 2.1668e-02
6384.4111 3.1440e-02
6386.3257 3.5440e-02
6388.2422 4.4151e-02
6390.1587 3.4974e-02
6392.0752 4.7467e-02
6393.9932 3.2737e-02
6395.9116 4.4930e-02
6397.8301 3.9426e-02
6399.7490 3.8272e-02
6401.6694 4.1535e-02
6403.5898 4.0773e-02
6405.5112 2.4877e-02
6407.4331 4.2037e-02
6409.3545 3.7965e-02
6411.2778 4.4664e-02
6413.2012 3.5325e-02
6415.1250 4.0235e-02
6417.0493 3.6984e-02
6418.9741 3.6889e-02
6420.9004 3.0879e-02
6422.8262 4.0771e-02
6424.7534 4.1576e-02
6426.6812 5.5579e-02
6428.6094 3.1245e-02
6430.5381 2.4905e-02
6432.4668 4.7343e-02
6434.3960 3.8633e-02
6436.3267 3.5718e-02
6438.2578 3.8530e-02
6440.1895 5.7440e-02
6442.1216 2.4392e-02
6444.0537 4.0235e-02
6445.9868 2.6291e-02
6447.9209 3.8341e-02
6449.8550 5.5045e-02
6451.7905 4.2235e-02
6453.7256 2.8657e-02
6455.6621 2.6956e-02
6457.5986 2.9111e-02
6459.5356 4.3327e-02
6461.4741 3.6069e-02
6463.4121 3.0696e-02
6465.3506 3.2545e-02
6467.2905 2.9862e-02
6469.2310 3.5048e-02
6471.1719 5.0324e-02
6473.1128 3.8175e-02
6475.0552 3.3429e-02
6476.9976 4.8983e-02
6478.9409 2.8352e-02
6480.8848 2.9230e-02
6482.8286 3.7363e-02
6484.7739 4.1923e-02
6486.7192 3.3486e-02
6488.6650 3.4086e-02
6490.6113 3.8049e-02
6492.5581 4.4798e-02
6494.5063 2.5421e-02
6496.4546 3.3443e-02
6498.4038 2.7188e-02
6500.3535 4.0396e-02
6502.3032 3.4462e-02
6504.2539 4.5851e-02
6506.2056 2.6270e-02
6508.1572 3.2368e-02
6510.1099 3.2998e-02
6512.0625 3.9833e-02
6514.0166 3.6038e-02
6515.9702 4.8377e-02
6517.9258 2.6708e-02
6519.8809 3.9075e-02
6521.8364 4.0687e-02
6523.7930 4.4379e-02
6525.7505 4.2069e-02
6527.7075 3.0331e-02
6529.6665 2.7534e-02
6531.6255 4.8558e-02
6533.5845 3.2030e-02
6535.5449 3.2539e-02
6537.5054 2.7334e-02
6539.4668 2.8120e-02
6541.4282 4.0129e-02
6543.3911 2.7885e-02
6545.3545 4.0633e-02
6547.3179 3.6935e-02
6549.2817 3.2405e-02
6551.2466 3.5316e-02
6553.2124 3.3520e-02
6555.1777 2.8596e-02
6557.1445 3.7345e-02
6559.1113 3.6937e-02
6561.0796 3.5037e-02
6563.0479 3.6218e-02
6565.0166 2.9570e-02
6566.9863 4.3944e-02
6568.9561 3.4599e-02
6570.9268 2.6485e-02
6572.8979 2.9362e-02
6574.8701 4.3583e-02
6576.8423 4.4107e-02
6578.8154 4.4026e-02
6580.7896 3.8569e-02
6582.7632 2.4993e-02
6584.7383 3.8080e-02
6586.7139 3.8382e-02
6588.6895 3.3888e-02
6590.6660 2.5881e-02
6592.6431 2.7401e-02
6594.6211 2.7207e-02
6596.5996 2.6272e-02
6598.5791 3.8541e-02
6600.5581 4.6430e-02
6602.5386 3.8260e-02
6604.5190 3.0115e-02
6606.5005 4.1150e-02
6608.4824 2.1805e-02
6610.4648 3.8337e-02
6612.4482 3.3018e-02
6614.4326 3.6138e-02
6616.4160 4.2964e-02
6618.4009 3.8229e-02
6620.3867 4.8911e-02
6622.3730 3.8805e-02
6624.3594 5.8875e-02
6626.3467 2.7503e-02
6628.3350 3.1884e-02
6630.3232 3.6654e-02
6632.3125 3.2892e-02
6634.3022 4.1227e-02
6636.2920 4.2324e-02
6638.2827 1.8821e-02
6640.2744 4.3651e-02
6642.2671 2.9464e-02
6644.2593 2.4231e-02
6646.2529 2.7871e-02
6648.2471 2.9177e-02
6650.2412 3.9298e-02
6652.2358 3.7727e-02
6654.2314 2.9700e-02
6656.2280 3.8060e-02
6658.2251 3.0196e-02
6660.2222 2.8454e-02
6662.2207 4.4325e-02
6664.2197 3.3667e-02
6666.2178 4.6658e-02
6668.2178 3.7274e-02
6670.2188 2.4704e-02
6672.2192 3.2626e-02
6674.2212 3.9551e-02
6676.2241 3.7789e-02
6678.2266 2.7518e-02
6680.2300 3.4262e-02
6682.2334 2.0958e-02
6684.2388 2.1683e-02
6686.2446 3.0816e-02
6688.2500 2.9188e-02
6690.2563 3.1954e-02
6692.2627 4.0946e-02
6694.2715 4.0877e-02
6696.2793 3.4323e-02
6698.2881 3.5160e-02
6700.2979 2.7281e-02
6702.3081 3.4171e-02
6704.3188 5.4206e-02
6706.3301 3.4141e-02
6708.3418 4.9989e-02
6710.3545 4.6307e-02
6712.3672 2.2640e-02
6714.3809 3.0840e-02
6716.3955 2.7020e-02
6718.4106 1.9423e-02
6720.4263 2.3264e-02
6722.4419 3.7558e-02
6724.4585 3.3383e-02
6726.4756 4.3249e-02
6728.4946 3.8834e-02
6730.5127 2.9377e-02
6732.5312 4.0729e-02
6734.5513 2.6034e-02
6736.5718 4.9669e-02
6738.5923 2.0377e-02
6740.6152 2.5768e-02
6742.6367 3.2204e-02
6744.6587 2.8675e-02
6746.6831 3.5102e-02
6748.7065 3.3735e-02
6750.7310 2.5484e-02
6752.7563 2.4439e-02
6754.7822 3.6281e-02
6756.8091 4.0647e-02
6758.8359 1.8957e-02
6760.8633 2.6888e-02
6762.8916 4.2775e-02
6764.9209 4.0593e-02
6766.9502 2.7843e-02
6768.9805 3.1096e-02
6771.0107 2.8944e-02
6773.0425 2.5626e-02
6775.0742 2.8582e-02
6777.1064 2.7977e-02
6779.1401 3.0245e-02
6781.1733 3.2302e-02
6783.2080 3.2861e-02
6785.2427 3.6201e-02
6787.2783 2.8626e-02
6789.3149 2.9860e-02
6791.3516 3.5473e-02
6793.3887 4.4689e-02
6795.4272 3.4081e-02
6797.4653 2.9404e-02
6799.5049 3.0518e-02
6801.5444 4.0441e-02
6803.5854 3.2356e-02
6805.6260 2.8446e-02
6807.6685 3.2991e-02
6809.7100 3.3848e-02
6811.7534 4.1700e-02
6813.7964 3.8174e-02
6815.8408 3.3541e-02
6817.8853 3.1235e-02
6819.9312 2.7672e-02
6821.9771 2.6395e-02
6824.0234 4.3173e-02
6826.0703 3.2953e-02
6828.1182 2.3952e-02
6830.1670 2.1516e-02
6832.2163 2.5683e-02
6834.2651 2.5024e-02
6836.3154 3.1038e-02
6838.3667 4.2629e-02
6840.4180 3.4589e-02
6842.4702 2.8117e-02
6844.5229 4.4827e-02
6846.5762 2.8636e-02
6848.6304 3.6780e-02
6850.6851 2.5852e-02
6852.7402 2.2688e-02
6854.7959 3.6280e-02
6856.8525 3.3980e-02
6858.9097 2.6693e-02
6860.9668 2.3242e-02
6863.0254 4.4650e-02
6865.0845 3.1628e-02
6867.1440 2.1083e-02
6869.2041 3.3628e-02
6871.2646 2.3737e-02
6873.3257 2.9893e-02
6875.3882 3.1256e-02
6877.4512 3.3175e-02
6879.5137 2.8611e-02
6881.5781 4.1312e-02
6883.6421 2.9199e-02
6885.7075 3.5833e-02
6887.7729 2.3400e-02
6889.8394 2.4871e-02
6891.9062 2.9083e-02
6893.9746 4.0718e-02
6896.0425 2.7253e-02
6898.1113 3.1269e-02
6900.1802 2.8096e-02
6902.2505 3.4087e-02
6904.3213 3.8500e-02
6906.3926 2.5031e-02
6908.4648 3.0410e-02
6910.5366 1.4178e-02
6912.6099 2.7914e-02
6914.6841 3.4922e-02
6916.7588 2.0206e-02
6918.8335 3.2032e-02
6920.9092 2.5742e-02
6922.9849 3.0732e-02
6925.0620 3.1410e-02
6927.1401 4.0572e-02
6929.2178 1.9513e-02
6931.2964 2.0678e-02
6933.3760 2.6819e-02
6935.4561 3.9521e-02
6937.5371 4.3097e-02
6939.6182 2.7628e-02
6941.7002 2.5647e-02
6943.7822 3.6924e-02
6945.8657 1.7359e-02
6947.9487 2.0051e-02
6950.0337 2.2519e-02
6952.1182 2.3272e-02
6954.2046 3.1381e-02
6956.2905 2.4162e-02
6958.3779 3.5727e-02
6960.4644 2.6127e-02
6962.5527 1.9582e-02
6964.6421 1.8845e-02
6966.7314 2.3537e-02
6968.8208 1.5452e-02
6970.9116 2.4462e-02
6973.0029 2.3739e-02
6975.0947 1.7169e-02
6977.1880 3.7966e-02
6979.2803 3.3098e-02
6981.3745 1.9047e-02
6983.4692 2.9712e-02
6985.5635 3.2065e-02
6987.6602 2.2339e-02
6989.7559 2.4008e-02
6991.8525 1.3717e-02
6993.9507 2.5534e-02
6996.0488 2.6763e-02
6998.1479 2.7622e-02
7000.2471 2.0663e-02
7002.3467 3.2323e-02
7004.4468 2.8692e-02
7006.5488 2.2399e-02
7008.6514 2.3823e-02
7010.7529 2.8967e-02
7012.8564 1.6885e-02
7014.9609 3.0160e-02
7017.0654 3.1168e-02
7019.1699 3.8495e-02
7021.2759 2.3121e-02
7023.3823 2.6981e-02
7025.4893 1.9141e-02
7027.5977 2.2060e-02
7029.7051 2.4559e-02
7031.8145 2.3746e-02
7033.9238 3.1796e-02
7036.0337 1.7465e-02
7038.1450 2.0033e-02
7040.2559 3.0651e-02
7042.3687 3.0221e-02
7044.4805 3.5111e-02
7046.5938 2.5756e-02
7048.7080 3.1758e-02
7050.8228 2.2115e-02
7052.9385 2.4131e-02
7055.0542 2.5494e-02
7057.1704 3.1727e-02
7059.2881 2.7112e-02
7061.4053 2.5726e-02
7063.5234 2.4086e-02
7065.6431 3.1844e-02
7067.7627 4.6007e-02
7069.8828 3.4103e-02
7072.0039 2.4138e-02
7074.1255 3.1889e-02
7076.2476 2.3512e-02
7078.3706 1.9583e-02
7080.4937 3.0636e-02
7082.6187 3.1404e-02
7084.7432 2.2001e-02
7086.8687 2.6630e-02
7088.9946 2.4529e-02
7091.1216 3.0361e-02
7093.2490 2.4828e-02
7095.3765 3.4518e-02
7097.5049 3.4365e-02
7099.6348 2.3487e-02
7101.7642 3.1747e-02
7103.8945 2.0318e-02
7106.0264 2.8152e-02
7108.1582 2.4236e-02
7110.2905 2.7137e-02
7112.4229 2.3222e-02
7114.5571 3.0465e-02
7116.6914 2.2027e-02
7118.8262 2.7191e-02
7120.9619 2.1960e-02
7123.0986 3.5167e-02
7125.2354 3.5111e-02
7127.3730 2.0326e-02
7129.5112 2.0108e-02
7131.6499 2.8480e-02
7133.7896 3.5316e-02
7135.9292 3.0809e-02
7138.0703 2.7478e-02
7140.2119 3.1058e-02
7142.3540 1.4138e-02
7144.4966 2.6861e-02
7146.6396 3.2246e-02
7148.7842 2.5668e-02
7150.9287 2.2510e-02
7153.0742 3.4454e-02
7155.2197 2.5800e-02
7157.3667 2.0934e-02
7159.5137 2.4186e-02
7161.6616 2.6301e-02
7163.8101 2.1263e-02
7165.9590 2.1834e-02
7168.1089 2.7580e-02
7170.2593 1.7249e-02
7172.4102 2.6723e-02
7174.5625 2.7794e-02
7176.7144 3.0081e-02
7178.8672 4.3805e-02
7181.0210 3.1653e-02
7183.1753 1.8342e-02
7185.3306 2.8465e-02
7187.4858 2.5812e-02
7189.6421 3.6245e-02
7191.7988 3.0383e-02
7193.9565 2.4810e-02
7196.1147 2.2128e-02
7198.2734 2.3100e-02
7200.4336 2.8032e-02
7202.5928 2.1346e-02
7204.7539 3.1353e-02
7206.9155 2.7660e-02
7209.0771 2.9547e-02
7211.2402 2.1007e-02
7213.4033 2.9177e-02
7215.5674 2.6675e-02
7217.7324 1.5756e-02
7219.8979 1.9330e-02
7222.0635 2.1320e-02
7224.2300 2.9470e-02
7226.3979 4.6657e-02
7228.5654 2.1546e-02
7230.7334 2.5564e-02
7232.9033 2.5159e-02
7235.0728 2.8057e-02
7237.2432 3.2399e-02
7239.4150 2.9761e-02
7241.5864 3.7456e-02
7243.7593 2.7968e-02
7245.9321 2.5465e-02
7248.1060 2.5473e-02
7250.2803 2.2877e-02
7252.4551 3.3422e-02
7254.6313 3.8113e-02
7256.8076 2.2461e-02
7258.9849 3.0996e-02
7261.1626 3.4634e-02
7263.3408 2.0298e-02
7265.5200 2.4457e-02
7267.6992 3.3011e-02
7269.8799 2.9954e-02
7272.0605 2.4058e-02
7274.2422 2.5212e-02
7276.4243 3.1555e-02
7278.6069 2.0794e-02
7280.7910 2.4717e-02
7282.9751 3.2480e-02
7285.1602 2.5503e-02
7287.3452 2.6319e-02
7289.5317 2.9536e-02
7291.7188 2.7733e-02
7293.9067 2.2712e-02
7296.0947 1.6512e-02
7298.2832 3.2239e-02
7300.4727 2.9913e-02
7302.6631 2.5854e-02
7304.8540 2.4232e-02
7307.0454 2.5545e-02
7309.2373 3.1069e-02
7311.4292 2.9605e-02
7313.6235 2.7806e-02
7315.8179 2.3800e-02
7318.0122 3.0617e-02
7320.2075 2.6595e-02
7322.4038 2.4438e-02
7324.6001 3.4682e-02
7326.7979 2.6221e-02
7328.9961 2.1187e-02
7331.1943 2.3546e-02
7333.3936 2.5114e-02
7335.5938 2.3376e-02
7337.7944 2.4677e-02
7339.9956 3.4920e-02
7342.1982 1.9813e-02
7344.4004 2.9202e-02
7346.6035 2.5266e-02
7348.8081 2.9679e-02
7351.0127 1.9470e-02
7353.2183 3.0891e-02
7355.4238 2.5792e-02
7357.6304 2.5841e-02
7359.8374 2.9650e-02
7362.0459 2.8679e-02
7364.2549 2.1223e-02
7366.4634 1.5405e-02
7368.6738 2.0539e-02
7370.8838 2.8133e-02
7373.0957 2.6659e-02
7375.3071 3.3776e-02
7377.5200 2.1622e-02
7379.7334 2.2649e-02
7381.9473 1.8304e-02
7384.1616 2.1645e-02
7386.3770 1.3228e-02
7388.5928 1.8644e-02
7390.8096 2.8532e-02
7393.0264 2.5759e-02
7395.2446 2.1594e-02
7397.4639 2.6243e-02
7399.6826 2.7489e-02
7401.9023 2.2091e-02
7404.1230 1.7715e-02
7406.3438 3.0260e-02
7408.5654 2.2577e-02
7410.7886 3.5097e-02
7413.0122 2.5002e-02
7415.2354 2.0228e-02
7417.4604 2.3720e-02
7419.6855 2.7078e-02
7421.9116 2.7286e-02
7424.1382 2.6004e-02
7426.3652 2.1468e-02
7428.5933 2.9458e-02
7430.8218 2.6296e-02
7433.0513 2.2088e-02
7435.2808 2.8003e-02
7437.5117 3.1758e-02
7439.7432 2.5674e-02
7441.9741 2.2584e-02
7444.2070 1.6218e-02
7446.4404 2.9378e-02
7448.6748 2.2698e-02
7450.9097 1.5088e-02
7453.1440 3.4775e-02
7455.3809 3.4066e-02
7457.6167 1.8683e-02
7459.8545 2.5110e-02
7462.0923 2.4691e-02
7464.3306 2.2953e-02
7466.5698 1.9934e-02
7468.8096 1.6376e-02
7471.0503 2.3308e-02
7473.2920 2.4356e-02
7475.5342 2.7477e-02
7477.7769 1.8743e-02
7480.0205 2.4485e-02
7482.2637 2.3758e-02
7484.5088 1.8582e-02
7486.7539 2.3175e-02
7489.0000 1.6546e-02
7491.2471 2.6846e-02
7493.4937 2.3434e-02
7495.7422 1.3827e-02
7497.9912 2.2418e-02
7500.2402 1.7115e-02
7502.4902 1.9688e-02
7504.7412 2.5684e-02
7506.9927 2.0812e-02
7509.2441 1.7018e-02
7511.4976 2.0624e-02
7513.7510 1.9783e-02
7516.0044 2.2719e-02
7518.2593 2.6017e-02
7520.5151 2.2737e-02
7522.7715 2.1993e-02
7525.0283 1.7901e-02
7527.2861 2.1111e-02
7529.5439 1.5910e-02
7531.8027 2.3220e-02
7534.0620 1.9680e-02
7536.3228 1.3794e-02
7538.5835 1.7810e-02
7540.8447 2.1075e-02
7543.1074 1.8676e-02
7545.3706 1.9282e-02
7547.6338 2.3972e-02
7549.8984 1.9198e-02
7552.1626 1.9507e-02
7554.4292 3.0722e-02
7556.6948 1.4322e-02
7558.9619 3.2451e-02
7561.2295 2.4537e-02
7563.4976 2.6817e-02
7565.7671 1.7032e-02
7568.0366 1.4049e-02
7570.3071 2.0277e-02
7572.5786 2.4833e-02
7574.8511 2.3517e-02
7577.1230 2.5221e-02
7579.3960 1.6856e-02
7581.6694 2.2889e-02
7583.9443 1.5700e-02
7586.2192 2.7524e-02
7588.4956 1.9005e-02
7590.7715 1.7626e-02
7593.0488 2.8252e-02
7595.3262 1.7754e-02
7597.6060 2.5624e-02
7599.8843 1.6083e-02
7602.1641 1.0850e-02
7604.4448 1.7560e-02
7606.7271 2.6433e-02
7609.0093 2.6509e-02
7611.2910 2.2961e-02
7613.5752 1.4787e-02
7615.8589 1.8013e-02
7618.1440 2.9290e-02
7620.4292 8.9794e-03
7622.7153 1.1393e-02
7625.0020 2.1945e-02
7627.2896 1.9310e-02
7629.5781 2.1850e-02
7631.8662 1.2829e-02
7634.1562 1.1321e-02
7636.4468 2.2736e-02
7638.7378 2.1799e-02
7641.0288 2.0494e-02
7643.3213 2.5866e-02
7645.6138 1.5600e-02
7647.9072 1.6349e-02
7650.2021 2.5307e-02
7652.4971 2.0638e-02
7654.7935 2.3279e-02
7657.0894 2.5539e-02
7659.3867 2.2936e-02
7661.6846 1.8664e-02
7663.9829 2.1582e-02
7666.2817 1.4382e-02
7668.5825 2.3128e-02
7670.8823 1.6585e-02
7673.1841 2.1775e-02
7675.4854 1.9954e-02
7677.7891 1.7789e-02
7680.0918 2.0240e-02
7682.3960 1.6766e-02
7684.7002 1.5105e-02
7687.0059 1.7710e-02
7689.3125 2.6304e-02
7691.6191 2.2645e-02
7693.9268 2.9134e-02
7696.2344 1.3842e-02
7698.5430 2.2895e-02
7700.8530 1.0299e-02
7703.1631 1.4471e-02
7705.4746 1.6193e-02
7707.7856 2.5552e-02
7710.0981 1.5991e-02
7712.4111 1.7729e-02
7714.7251 1.8472e-02
7717.0391 1.7488e-02
7719.3540 2.1946e-02
7721.6699 2.1462e-02
7723.9868 2.1241e-02
7726.3042 2.0277e-02
7728.6216 2.4525e-02
7730.9409 2.1381e-02
7733.2593 1.6502e-02
7735.5796 2.6067e-02
7737.9004 1.8307e-02
7740.2217 2.0603e-02
7742.5435 1.9847e-02
7744.8662 1.8069e-02
7747.1895 1.9380e-02
7749.5142 1.6617e-02
7751.8394 1.5298e-02
7754.1650 2.1136e-02
7756.4907 2.1228e-02
7758.8174 1.9295e-02
7761.1450 2.7421e-02
7763.4736 2.5602e-02
7765.8022 2.0536e-02
7768.1323 1.8713e-02
7770.4634 2.2884e-02
7772.7944 2.1428e-02
7775.1260 2.6819e-02
7777.4585 1.9141e-02
7779.7915 1.6659e-02
7782.1260 2.0712e-02
7784.4604 1.9596e-02
7786.7954 2.8112e-02
7789.1318 2.4079e-02
7791.4683 1.6361e-02
7793.8062 1.4734e-02
7796.1436 1.8569e-02
7798.4824 2.9349e-02
7800.8218 2.2373e-02
7803.1626 2.1144e-02
7805.5034 2.0120e-02
7807.8447 1.8832e-02
7810.1880 1.4758e-02
7812.5303 1.8081e-02
7814.8745 1.7881e-02
7817.2192 2.2009e-02
7819.5640 1.7988e-02
7821.9106 1.7293e-02
7824.2559 1.6759e-02
7826.6040 9.6426e-03
7828.9521 1.6722e-02
7831.3003 1.7475e-02
7833.6499 8.9615e-03
7835.9995 2.0799e-02
7838.3511 1.2642e-02
7840.7021 2.4295e-02
7843.0547 2.2806e-02
7845.4077 2.0615e-02
7847.7603 2.1804e-02
7850.1152 2.2362e-02
7852.4702 2.0846e-02
7854.8262 1.4973e-02
7857.1821 1.6779e-02
7859.5396 2.4181e-02
7861.8975 1.6458e-02
7864.2559 1.6762e-02
7866.6157 1.2949e-02
7868.9756 2.0310e-02
7871.3359 2.0126e-02
7873.6978 2.8360e-02
7876.0601 2.3997e-02
7878.4224 2.0995e-02
7880.7856 9.8885e-03
7883.1509 1.1836e-02
7885.5151 2.2514e-02
7887.8809 1.9736e-02
7890.2476 1.9036e-02
7892.6147 2.2083e-02
7894.9814 1.7197e-02
7897.3501 1.8136e-02
7899.7192 2.5407e-02
7902.0898 1.8921e-02
7904.4604 1.2331e-02
7906.8311 2.0106e-02
7909.2036 1.8155e-02
7911.5767 2.5952e-02
7913.9497 2.2446e-02
7916.3247 1.9296e-02
7918.6987 1.8334e-02
7921.0742 1.7516e-02
7923.4512 1.7699e-02
7925.8276 1.4298e-02
7928.2051 2.7605e-02
7930.5845 2.7531e-02
7932.9634 1.8275e-02
7935.3433 1.6811e-02
7937.7236 1.9041e-02
7940.1050 2.0518e-02
7942.4873 1.1549e-02
7944.8701 1.3681e-02
7947.2529 2.0262e-02
7949.6377 2.1957e-02
7952.0225 2.3794e-02
7954.4082 2.2769e-02
7956.7949 1.9104e-02
7959.1807 1.9506e-02
7961.5688 1.2484e-02
7963.9580 3.0062e-02
7966.3462 1.5876e-02
7968.7368 1.4965e-02
7971.1274 1.7301e-02
7973.5181 2.3591e-02
7975.9111 1.8870e-02
7978.3032 1.6892e-02
7980.6973 1.4312e-02
7983.0908 2.2751e-02
7985.4858 2.3460e-02
7987.8823 2.0143e-02
7990.2778 1.7831e-02
7992.6748 1.3810e-02
7995.0728 2.3385e-02
7997.4717 2.0641e-02
7999.8711 1.7913e-02
8002.2710 1.7949e-02
8004.6709 2.3539e-02
8007.0723 1.7777e-02
8009.4746 1.5042e-02
8011.8779 1.9221e-02
8014.2812 2.0378e-02
8016.6855 2.0638e-02
8019.0903 1.2569e-02
8021.4966 6.2590e-03
8023.9028 1.1691e-02
8026.3105 1.6550e-02
8028.7173 1.5153e-02
8031.1260 2.0949e-02
8033.5361 1.8236e-02
8035.9458 1.8115e-02
8038.3569 2.0621e-02
8040.7681 1.6584e-02
8043.1807 1.7272e-02
8045.5933 2.1446e-02
8048.0068 1.6738e-02
8050.4214 4.0518e-02
8052.8364 2.7170e-02
8055.2520 1.9501e-02
8057.6689 1.5027e-02
8060.0864 1.6972e-02
8062.5049 1.3993e-02
8064.9229 1.5290e-02
8067.3423 1.7412e-02
8069.7632 1.9538e-02
8072.1836 1.7661e-02
8074.6050 2.0720e-02
8077.0278 1.8264e-02
8079.4507 1.7270e-02
8081.8745 1.5702e-02
8084.2988 1.7723e-02
8086.7251 1.5326e-02
8089.1509 1.5051e-02
8091.5771 1.8993e-02
8094.0049 1.9808e-02
8096.4331 1.5011e-02
8098.8618 3.3588e-02
8101.2910 1.9182e-02
8103.7217 3.2247e-02
8106.1528 2.7034e-02
8108.5845 1.2760e-02
8111.0171 2.6012e-02
8113.4502 2.3231e-02
8115.8843 2.7081e-02
8118.3188 1.6374e-02
8120.7549 1.9417e-02
8123.1914 2.6147e-02
8125.6284 2.5219e-02
8128.0659 1.5307e-02
8130.5049 2.5335e-02
8132.9438 1.5367e-02
8135.3833 2.3378e-02
8137.8237 1.9797e-02
8140.2651 2.1882e-02
8142.7075 1.8632e-02
8145.1504 2.5938e-02
8147.5938 2.2276e-02
8150.0376 1.8818e-02
8152.4834 1.7673e-02
8154.9292 1.2033e-02
8157.3750 1.6637e-02
8159.8228 1.8633e-02
8162.2705 1.4854e-02
8164.7192 1.5558e-02
8167.1685 1.6630e-02
8169.6187 1.8378e-02
8172.0693 2.0463e-02
8174.5210 1.3130e-02
8176.9736 1.6701e-02
8179.4268 2.0804e-02
8181.8809 1.1942e-02
8184.3350 2.0532e-02
8186.7900 1.5894e-02
8189.2456 2.5385e-02
8191.7031 1.3218e-02
8194.1602 2.8928e-02
8196.6191 1.6353e-02
8199.0781 1.8606e-02
8201.5371 1.7729e-02
8203.9980 1.6959e-02
8206.4590 1.1549e-02
8208.9219 2.0723e-02
8211.3838 1.7746e-02
8213.8477 2.0731e-02
8216.3115 8.7206e-03
8218.7764 1.7934e-02
8221.2422 1.5595e-02
8223.7090 9.2216e-03
8226.1758 1.9666e-02
8228.6436 1.3475e-02
8231.1123 2.2390e-02
8233.5811 1.4401e-02
8236.0518 8.2904e-03
8238.5215 1.4918e-02
8240.9932 2.2703e-02
8243.4658 1.9472e-02
8245.9395 1.6017e-02
8248.4131 1.3713e-02
8250.8877 1.1920e-02
8253.3623 1.4662e-02
8255.8389 2.4267e-02
8258.3154 1.8694e-02
8260.7920 2.0352e-02
8263.2715 2.0797e-02
8265.7500 2.2339e-02
8268.2305 1.6725e-02
8270.7100 2.1849e-02
8273.1914 1.8965e-02
8275.6738 1.6541e-02
8278.1553 1.4696e-02
8280.6396 1.8578e-02
8283.1240 1.3432e-02
8285.6094 1.1300e-02
8288.0947 1.3111e-02
8290.5811 1.7581e-02
8293.0674 1.0141e-02
8295.5557 1.8423e-02
8298.0449 1.4131e-02
8300.5352 1.8813e-02
8303.0234 1.5815e-02
8305.5156 8.7728e-03
8308.0068 1.8094e-02
8310.5000 2.6387e-02
8312.9922 1.7707e-02
8315.4863 1.6973e-02
8317.9805 7.1203e-03
8320.4766 9.9390e-03
8322.9717 1.6737e-02
8325.4697 1.5376e-02
8327.9668 1.5094e-02
8330.4658 1.5085e-02
8332.9639 1.2799e-02
8335.4648 1.3002e-02
8337.9648 1.5014e-02
8340.4668 1.4469e-02
8342.9688 1.4028e-02
8345.4717 2.0774e-02
8347.9746 2.3507e-02
8350.4795 1.5978e-02
8352.9844 1.3514e-02
8355.4902 2.3436e-02
8357.9971 1.3122e-02
8360.5039 1.6582e-02
8363.0127 1.3898e-02
8365.5215 1.5622e-02
8368.0312 2.1581e-02
8370.5420 6.6638e-03
8373.0527 2.1260e-02
8375.5654 1.5187e-02
8378.0771 1.2641e-02
8380.5908 1.0512e-02
8383.1045 1.1970e-02
8385.6191 2.1966e-02
8388.1348 1.8922e-02
8390.6523 1.7215e-02
8393.1689 1.8587e-02
8395.6865 1.4729e-02
8398.2061 1.5712e-02
8400.7246 1.5922e-02
8403.2461 1.2264e-02
8405.7666 1.9706e-02
8408.2881 1.9001e-02
8410.8105 2.6909e-02
8413.3340 2.0219e-02
8415.8584 1.3298e-02
8418.3818 2.8494e-02
8420.9082 2.6664e-02
8423.4346 1.7524e-02
8425.9609 2.0473e-02
8428.4893 2.1080e-02
8431.0186 1.4376e-02
8433.5479 2.3834e-02
8436.0771 1.8977e-02
8438.6074 2.2160e-02
8441.1396 1.6733e-02
8443.6729 2.0166e-02
8446.2051 1.8541e-02
8448.7383 1.5287e-02
8451.2734 2.6996e-02
8453.8086 1.7711e-02
8456.3457 1.9737e-02
8458.8828 2.0209e-02
8461.4199 1.8557e-02
8463.9580 1.4426e-02
8466.4971 1.7016e-02
8469.0371 2.0906e-02
8471.5781 1.3544e-02
8474.1191 1.2085e-02
8476.6621 2.3059e-02
8479.2051 1.3934e-02
8481.7480 2.5583e-02
8484.2930 2.3153e-02
8486.8379 1.7372e-02
8489.3848 2.5497e-02
8491.9316 2.3779e-02
8494.4795 2.1816e-02
8497.0264 1.8320e-02
8499.5762 1.1971e-02
8502.1260 1.6317e-02
8504.6777 1.9734e-02
8507.2285 1.9729e-02
8509.7803 1.4327e-02
8512.3330 1.9405e-02
8514.8857 2.5053e-02
8517.4414 1.5819e-02
8519.9961 2.1021e-02
8522.5527 2.5240e-02
8525.1094 1.7357e-02
8527.6670 1.6836e-02
8530.2246 2.9846e-02
8532.7842 2.7510e-02
8535.3438 1.5994e-02
8537.9053 2.6289e-02
8540.4668 1.7168e-02
8543.0273 2.1060e-02
8545.5908 1.8129e-02
8548.1543 2.2605e-02
8550.7188 2.2090e-02
8553.2842 1.5186e-02
8555.8496 1.4429e-02
8558.4170 2.2445e-02
8560.9844 1.5527e-02
8563.5527 1.1488e-02
8566.1221 1.3058e-02
8568.6914 2.9696e-02
8571.2617 1.7168e-02
8573.8350 1.6394e-02
8576.4062 1.7061e-02
8578.9785 1.5475e-02
8581.5527 1.8337e-02
8584.1270 1.8327e-02
8586.7031 2.3693e-02
8589.2783 2.0079e-02
8591.8555 1.2881e-02
8594.4326 2.6919e-02
8597.0117 1.2827e-02
8599.5898 2.7193e-02
8602.1699 2.8776e-02
8604.7500 1.1450e-02
8607.3320 2.1368e-02
8609.9150 1.8718e-02
8612.4971 2.7235e-02
8615.0811 1.4100e-02
8617.6660 1.3013e-02
8620.2500 2.4199e-02
8622.8369 8.7695e-03
8625.4229 1.6329e-02
8628.0117 1.5066e-02
8630.6006 2.2386e-02
8633.1885 1.9196e-02
8635.7793 2.0954e-02
8638.3711 1.6052e-02
8640.9609 1.9613e-02
8643.5527 1.8988e-02
8646.1465 1.7329e-02
8648.7393 1.8529e-02
8651.3350 1.6248e-02
8653.9307 1.4115e-02
8656.5264 1.4374e-02
8659.1230 1.2225e-02
8661.7207 2.0506e-02
8664.3203 1.7702e-02
8666.9189 2.0092e-02
8669.5186 2.4732e-02
8672.1201 1.7580e-02
8674.7217 3.3035e-02
8677.3242 2.1342e-02
8679.9277 1.7460e-02
8682.5312 2.3211e-02
8685.1367 1.7066e-02
8687.7412 2.2353e-02
8690.3477 2.3601e-02
8692.9551 1.4522e-02
8695.5625 2.2251e-02
8698.1709 1.5073e-02
8700.7803 9.7902e-03
8703.3916 1.8546e-02
8706.0020 1.2675e-02
8708.6133 1.4778e-02
8711.2266 2.1365e-02
8713.8398 1.8768e-02
8716.4541 1.4343e-02
8719.0684 2.0333e-02
8721.6846 3.7332e-02
8724.3018 1.4993e-02
8726.9189 1.8692e-02
8729.5371 1.9122e-02
8732.1553 1.1634e-02
8734.7754 1.2280e-02
8737.3955 1.2892e-02
8740.0166 1.3887e-02
8742.6387 2.2703e-02
8745.2607 2.4355e-02
8747.8848 1.1286e-02
8750.5098 1.3551e-02
8753.1348 2.3708e-02
8755.7607 1.6682e-02
8758.3867 1.8216e-02
8761.0146 1.6612e-02
8763.6436 1.8238e-02
8766.2715 1.7619e-02
8768.9023 1.5270e-02
8771.5322 2.0523e-02
8774.1641 1.7953e-02
8776.7959 1.8868e-02
8779.4287 1.9469e-02
8782.0635 1.7736e-02
8784.6982 2.3818e-02
8787.3330 9.7739e-03
8789.9697 1.6859e-02
8792.6074 1.4385e-02
8795.2451 1.5364e-02
8797.8838 1.2425e-02
8800.5234 1.1300e-02
8803.1621 1.6498e-02
8805.8027 1.3073e-02
8808.4453 1.6447e-02
8811.0879 1.9243e-02
8813.7314 2.2367e-02
8816.3750 1.0980e-02
8819.0205 1.9059e-02
8821.6660 1.7114e-02
8824.3125 1.8040e-02
8826.9590 1.4564e-02
8829.6084 1.4910e-02
8832.2568 1.6759e-02
8834.9062 1.5271e-02
8837.5557 1.7837e-02
8840.2080 1.9785e-02
8842.8594 2.2510e-02
8845.5127 2.2929e-02
8848.1670 1.4701e-02
8850.8213 1.2926e-02
8853.4766 2.5610e-02
8856.1328 1.2579e-02
8858.7881 1.5832e-02
8861.4463 1.9630e-02
8864.1045 2.5127e-02
8866.7646 1.3273e-02
8869.4238 1.2176e-02
8872.0850 1.1779e-02
8874.7471 1.1600e-02
8877.4092 1.7171e-02
8880.0732 1.2905e-02
8882.7373 1.3147e-02
8885.4014 1.9915e-02
8888.0674 1.9140e-02
8890.7334 2.0668e-02
8893.4004 1.3384e-02
8896.0684 1.3823e-02
8898.7373 1.4839e-02
8901.4072 1.7016e-02
8904.0771 1.1335e-02
8906.7480 1.8559e-02
8909.4199 1.5148e-02
8912.0938 1.7715e-02
8914.7676 1.5337e-02
8917.4414 1.4081e-02
8920.1172 1.1105e-02
8922.7930 1.8634e-02
8925.4697 2.1378e-02
8928.1475 1.5906e-02
8930.8262 1.4472e-02
8933.5049 2.2535e-02
8936.1855 1.9602e-02
8938.8652 1.8180e-02
8941.5469 1.3462e-02
8944.2295 1.0910e-02
8946.9141 2.3406e-02
8949.5977 1.6616e-02
8952.2822 1.3523e-02
8954.9678 1.0560e-02
8957.6553 1.0193e-02
8960.3418 7.5193e-03
8963.0293 2.2849e-02
8965.7178 1.7532e-02
8968.4082 1.7018e-02
8971.0986 1.1854e-02
8973.7910 1.2869e-02
8976.4824 1.2112e-02
8979.1748 1.4639e-02
8981.8691 1.5691e-02
8984.5635 1.4496e-02
8987.2588 1.0959e-02
8989.9551 1.7153e-02
8992.6523 1.1763e-02
8995.3506 1.1262e-02
8998.0488 1.5370e-02
9000.7480 1.2179e-02
9003.4482 1.4704e-02
9006.1494 1.6616e-02
9008.8516 1.0389e-02
9011.5537 1.2350e-02
9014.2578 2.1543e-02
9016.9609 1.5660e-02
9019.6660 1.0358e-02
9022.3721 1.8924e-02
9025.0791 1.1571e-02
9027.7871 1.4274e-02
9030.4951 1.3023e-02
9033.2051 8.3220e-03
9035.9150 1.6506e-02
9038.6260 1.3941e-02
9041.3369 2.0078e-02
9044.0498 1.1670e-02
9046.7627 1.6676e-02
9049.4766 6.8501e-03
9052.1914 7.0111e-03
9054.9072 8.4477e-03
9057.6240 1.1727e-02
9060.3398 1.7421e-02
9063.0586 1.3316e-02
9065.7773 1.2392e-02
9068.4971 1.1820e-02
9071.2168 1.4150e-02
9073.9395 1.2913e-02
9076.6611 1.4971e-02
9079.3848 1.2203e-02
9082.1074 1.0265e-02
9084.8330 1.3173e-02
9087.5576 2.3315e-02
9090.2832 1.2262e-02
9093.0117 1.2446e-02
9095.7393 1.6867e-02
9098.4688 2.3925e-02
9101.1973 1.1288e-02
9103.9287 9.2293e-03
9106.6592 1.3531e-02
9109.3906 1.5108e-02
9112.1250 1.1398e-02
9114.8584 1.8802e-02
9117.5928 6.9726e-03
9120.3271 1.0149e-02
9123.0635 1.5198e-02
9125.8008 8.3340e-03
9128.5391 1.5130e-02
9131.2764 9.8765e-03
9134.0156 1.4623e-02
9136.7568 1.6657e-02
9139.4980 1.0108e-02
9142.2383 1.5744e-02
9144.9814 1.2305e-02
9147.7266 1.3153e-02
9150.4707 1.9763e-02
9153.2158 1.2417e-02
9155.9609 1.4429e-02
9158.7070 8.8273e-03
9161.4551 1.3534e-02
9164.2041 1.4071e-02
9166.9531 1.0564e-02
9169.7031 1.0030e-02
9172.4541 1.1058e-02
9175.2051 9.4121e-03
9177.9580 1.6656e-02
9180.7109 9.6334e-03
9183.4668 9.3096e-03
9186.2207 2.2688e-02
9188.9766 1.7622e-02
9191.7334 1.5943e-02
9194.4912 9.2808e-03
9197.2490 1.3046e-02
9200.0088 1.1262e-02
9202.7686 1.2967e-02
9205.5293 1.5865e-02
9208.2920 1.4317e-02
9211.0527 9.3060e-03
9213.8164 1.3055e-02
9216.5811 1.2864e-02
9219.3467 1.1484e-02
9222.1113 1.5075e-02
9224.8789 7.9698e-03
9227.6455 1.3130e-02
9230.4141 1.1998e-02
9233.1836 1.6395e-02
9235.9531 1.5200e-02
9238.7246 1.0708e-02
9241.4951 1.1881e-02
9244.2686 1.0818e-02
9247.0410 1.3446e-02
9249.8154 1.6368e-02
9252.5908 1.0101e-02
9255.3652 1.0562e-02
9258.1426 1.1221e-02
9260.9209 1.4456e-02
9263.6992 1.3847e-02
9266.4775 9.4292e-03
9269.2568 1.1133e-02
9272.0381 1.1627e-02
9274.8203 1.1947e-02
9277.6025 9.3751e-03
9280.3857 9.2716e-03
9283.1709 4.1924e-03
9285.9541 8.3326e-03
9288.7402 6.3074e-03
9291.5264 8.1665e-03
9294.3135 1.2985e-02
9297.1025 1.6020e-02
9299.8926 1.2796e-02
9302.6816 7.6949e-03
9305.4727 1.0035e-02
9308.2646 8.7990e-03
9311.0566 1.1513e-02
9313.8506 1.7257e-02
9316.6436 5.9578e-03
9319.4395 1.6779e-02
9322.2354 7.3868e-03
9325.0322 1.1065e-02
9327.8291 2.2396e-02
9330.6279 1.4203e-02
9333.4277 4.9929e-03
9336.2266 1.4135e-02
9339.0283 9.1142e-03
9341.8291 1.3381e-02
9344.6318 1.5515e-02
9347.4355 1.0810e-02
9350.2402 1.2717e-02
9353.0449 1.3230e-02
9355.8516 1.4118e-02
9358.6572 1.5607e-02
9361.4658 1.2861e-02
9364.2734 7.4476e-03
9367.0830 8.4151e-03
9369.8936 6.8112e-03
9372.7041 7.5767e-03
9375.5156 1.5645e-02
9378.3291 9.6748e-03
9381.1416 1.1030e-02
9383.9561 1.3131e-02
9386.7715 8.8145e-03
9389.5879 8.1472e-03
9392.4043 1.0286e-02
9395.2217 1.0615e-02
9398.0400 8.6739e-03
9400.8594 1.1370e-02
9403.6807 1.1858e-02
9406.5020 9.5131e-03
9409.3242 8.8958e-03
9412.1465 8.6774e-03
9414.9707 8.8269e-03
9417.7939 1.0014e-02
9420.6201 7.9432e-03
9423.4453 6.3914e-03
9426.2725 5.2412e-03
9429.1006 9.2980e-03
9431.9287 1.0598e-02
9434.7588 1.3362e-02
9437.5898 8.5198e-03
9440.4209 1.1650e-02
9443.2529 1.0480e-02
9446.0859 9.9875e-03
9448.9199 1.5638e-02
9451.7549 9.0655e-03
9454.5889 1.2016e-02
9457.4268 7.4061e-03
9460.2637 1.2742e-02
9463.1016 9.0008e-03
9465.9414 1.4457e-02
9468.7803 1.7596e-02
9471.6211 1.7915e-02
9474.4629 1.4637e-02
9477.3047 8.7849e-03
9480.1484 1.1190e-02
9482.9922 7.1971e-03
9485.8369 2.1219e-03
9488.6836 4.3037e-03
9491.5303 1.0336e-02
9494.3760 1.2391e-02
9497.2256 8.8655e-03
9500.0742 1.1102e-02
9502.9238 2.2481e-03
9505.7754 1.8290e-02
9508.6270 1.2242e-02
9511.4805 1.1294e-02
9514.3320 1.2506e-02
9517.1875 1.3684e-02
9520.0420 1.1284e-02
9522.8984 6.8548e-03
9525.7559 1.2754e-02
9528.6133 1.3201e-02
9531.4717 5.9078e-03
9534.3311 1.4329e-02
9537.1914 8.7217e-03
9540.0518 1.0959e-02
9542.9150 8.9297e-03
9545.7773 5.2537e-03
9548.6416 5.2610e-03
9551.5059 1.5017e-02
9554.3711 3.9000e-03
9557.2373 1.6415e-02
9560.1045 8.8331e-03
9562.9727 9.7879e-03
9565.8418 9.4510e-03
9568.7109 1.0465e-02
9571.5820 4.4861e-03
9574.4531 1.0940e-02
9577.3252 1.4247e-02
9580.1992 1.0092e-02
9583.0723 6.2793e-03
9585.9473 1.1265e-02
9588.8242 1.8212e-02
9591.7002 1.1365e-02
9594.5781 6.8973e-03
9597.4561 3.2424e-03
9600.3350 7.2857e-03
9603.2158 8.9279e-03
9606.0957 1.5578e-02
9608.9775 7.6351e-03
9611.8613 6.5786e-03
9614.7441 1.0576e-02
9617.6279 6.1097e-03
9620.5137 1.0230e-02
9623.4014 5.1753e-03
9626.2881 8.0612e-03
9629.1748 1.2196e-02
9632.0645 8.9472e-03
9634.9541 1.6583e-02
9637.8438 6.3348e-03
9640.7363 3.2464e-03
9643.6270 7.4074e-03
9646.5215 1.4632e-02
9649.4141 7.8582e-03
9652.3086 5.9635e-03
9655.2051 1.0116e-02
9658.1016 8.7831e-03
9660.9990 2.7026e-03
9663.8975 5.4552e-03
9666.7969 1.0143e-02
9669.6973 8.6705e-03
9672.5967 1.3887e-02
9675.5000 1.0148e-02
9678.4023 1.0364e-02
9681.3057 9.6541e-03
9684.2109 9.5715e-03
9687.1152 9.7875e-03
9690.0215 1.2265e-02
9692.9287 5.7743e-03
9695.8369 9.4340e-03
9698.7441 8.1203e-03
9701.6553 5.7118e-03
9704.5645 7.6091e-03
9707.4775 5.8753e-03
9710.3887 9.1601e-03
9713.3008 4.2573e-03
9716.2158 7.2164e-03
9719.1299 7.0894e-03
9722.0459 9.6403e-03
9724.9629 7.1638e-03
9727.8809 4.9341e-03
9730.7988 5.3541e-03
9733.7178 9.3934e-03
9736.6387 9.8503e-03
9739.5586 8.5297e-03
9742.4805 1.0384e-02
9745.4033 9.6666e-03
9748.3281 4.8440e-03
9751.2520 7.5370e-03
9754.1777 5.6170e-03
9757.1035 2.6024e-03
9760.0303 6.9692e-03
9762.9590 1.0411e-02
9765.8877 8.2830e-03
9768.8174 1.0107e-02
9771.7480 8.5835e-03
9774.6797 1.1644e-02
9777.6113 7.5527e-03
9780.5459 1.4719e-02
9783.4795 8.6773e-03
9786.4141 6.8691e-03
9789.3496 9.1868e-03
9792.2871 1.1403e-02
9795.2256 1.0516e-02
9798.1641 5.2634e-03
9801.1035 9.1140e-03
9804.0430 8.6185e-03
9806.9844 8.6773e-03
9809.9268 6.4874e-03
9812.8691 7.8772e-03
9815.8125 2.5157e-03
9818.7578 3.4903e-03
9821.7041 1.0002e-02
9824.6494 2.7238e-03
9827.5967 3.7931e-03
9830.5469 1.3639e-02
9833.4951 6.9889e-03
9836.4453 1.2659e-02
9839.3965 8.7584e-03
9842.3486 4.1819e-03
9845.2998 2.7452e-03
9848.2549 9.4066e-03
9851.2080 3.9755e-03
9854.1641 9.1654e-03
9857.1201 1.5573e-02
9860.0771 1.0071e-02
9863.0361 1.2016e-02
9865.9941 9.6784e-03
9868.9541 1.0833e-02
9871.9150 8.9182e-03
9874.8760 1.1446e-02
9877.8389 6.2164e-03
9880.8018 7.8397e-03
9883.7666 1.1310e-02
9886.7324 1.0933e-02
9889.6982 9.6970e-03
9892.6641 1.0577e-02
9895.6338 4.9860e-03
9898.6016 6.4937e-03
9901.5713 5.0724e-03
9904.5420 9.8702e-03
9907.5127 8.9084e-03
9910.4854 1.5678e-02
9913.4590 1.3178e-02
9916.4326 5.9447e-03
9919.4072 4.1577e-03
9922.3828 7.9551e-03
9925.3584 4.5434e-03
9928.3379 9.4221e-03
9931.3164 8.1888e-03
9934.2949 1.8558e-02
9937.2754 5.4570e-03
9940.2568 1.2581e-02
9943.2383 4.8599e-03
9946.2207 5.7085e-03
9949.2061 7.3178e-03
9952.1904 3.6911e-03
9955.1758 7.2649e-03
9958.1631 1.1339e-02
9961.1494 5.8694e-03
9964.1387 8.2595e-03
9967.1279 5.4430e-03
9970.1182 7.7532e-03
9973.1084 1.0177e-02
9976.1006 8.2565e-03
9979.0928 6.0296e-03
9982.0859 6.6262e-03
9985.0820 6.1965e-03
9988.0771 6.9856e-03
9991.0732 7.9401e-03
9994.0713 4.5377e-03
9997.0693 5.4627e-03
10000.0684 7.1159e-03
10003.0674 4.0323e-03
10006.0684 3.2499e-03
10009.0713 5.5732e-03
10012.0742 9.4811e-03
10015.0771 1.0234e-02
10018.0820 5.0040e-03
10021.0879 5.1752e-03
10024.0938 7.2650e-03
10027.1006 6.0306e-03
10030.1084 1.1987e-02
10033.1172 8.5182e-03
10036.1270 8.8013e-03
10039.1387 5.6658e-03
10042.1504 1.3902e-02
10045.1631 5.6365e-03
10048.1768 4.7210e-03
10051.1924 4.6045e-03
10054.2061 6.3909e-03
10057.2227 4.2145e-03
10060.2402 1.3481e-02
10063.2578 1.2789e-02
10066.2773 1.1212e-02
10069.2969 8.8446e-03
10072.3174 7.3008e-03
10075.3379 9.4873e-03
10078.3623 9.7115e-03
10081.3848 9.1904e-03
10084.4102 4.4632e-03
10087.4346 5.6350e-03
10090.4619 3.2652e-03
10093.4883 4.5863e-03
10096.5166 9.0511e-03
10099.5459 1.1972e-02
10102.5742 3.9440e-03
10105.6055 6.6454e-03
10108.6367 9.6042e-03
10111.6709 1.3754e-02
10114.7041 1.3371e-02
10117.7383 6.1932e-03
10120.7734 9.2231e-03
10123.8105 7.0032e-03
10126.8477 8.5363e-03
10129.8857 7.4227e-03
10132.9248 3.6262e-03
10135.9648 8.0431e-03
10139.0049 5.1059e-03
10142.0479 1.0370e-02
10145.0879 4.3016e-03
10148.1318 7.1581e-03
10151.1768 7.3057e-03
10154.2227 1.1567e-02
10157.2686 6.2511e-03
10160.3154 1.0066e-02
10163.3643 1.0262e-02
10166.4121 1.0134e-02
10169.4629 3.2663e-03
10172.5137 6.6474e-03
10175.5654 8.3736e-03
10178.6191 9.3564e-03
10181.6719 9.3100e-03
10184.7256 7.0076e-03
10187.7822 6.9144e-03
10190.8379 1.0155e-02
10193.8945 1.0001e-02
10196.9541 7.4828e-03
10200.0127 4.2321e-03
10203.0723 6.2479e-03
10206.1328 3.4471e-03
10209.1953 5.8870e-03
10212.2578 1.0082e-02
10215.3223 1.5613e-03
10218.3867 9.8035e-03
10221.4521 7.5633e-03
10224.5186 1.2133e-02
10227.5850 7.8874e-03
10230.6543 6.2714e-03
10233.7246 9.1370e-03
10236.7930 3.8820e-03
10239.8643 6.4510e-03
10242.9355 8.3582e-03
10246.0098 8.1176e-03
10249.0830 7.6007e-03
10252.1572 7.2281e-03
10255.2334 7.2758e-03
10258.3096 4.0229e-03
10261.3877 7.2020e-03
10264.4648 8.1941e-03
10267.5449 6.0923e-03
10270.6250 7.5302e-03
