# time_explosion = 17.25
# 
3082.8928 5.1224e-01
3083.8179 4.5974e-01
3084.7432 4.9346e-01
3085.6685 4.3634e-01
3086.5940 4.6952e-01
3087.5200 5.1079e-01
3088.4463 4.7961e-01
3089.3728 4.8066e-01
3090.2996 4.6748e-01
3091.2268 4.6002e-01
3092.1541 4.4901e-01
3093.0815 4.6900e-01
3094.0098 4.5448e-01
3094.9380 4.6051e-01
3095.8665 4.3810e-01
3096.7952 4.6335e-01
3097.7241 4.4630e-01
3098.6536 4.8337e-01
3099.5828 4.2878e-01
3100.5129 4.6728e-01
3101.4431 4.5810e-01
3102.3735 4.4878e-01
3103.3042 5.1128e-01
3104.2354 4.0412e-01
3105.1665 4.3620e-01
3106.0981 4.6322e-01
3107.0300 4.4918e-01
3107.9619 4.4460e-01
3108.8943 4.5877e-01
3109.8269 4.1651e-01
3110.7600 3.9701e-01
3111.6929 4.4214e-01
3112.6265 4.2666e-01
3113.5605 3.6227e-01
3114.4944 4.0840e-01
3115.4290 4.4016e-01
3116.3635 4.2691e-01
3117.2986 3.8124e-01
3118.2336 4.0116e-01
3119.1689 3.9726e-01
3120.1047 3.8688e-01
3121.0410 4.3852e-01
3121.9773 4.5253e-01
3122.9136 4.2496e-01
3123.8508 4.0655e-01
3124.7878 3.5461e-01
3125.7251 3.4516e-01
3126.6628 3.8640e-01
3127.6008 3.6750e-01
3128.5393 3.8002e-01
3129.4778 3.9860e-01
3130.4170 3.0564e-01
3131.3557 3.6514e-01
3132.2954 3.7001e-01
3133.2349 3.8603e-01
3134.1748 3.7102e-01
3135.1150 3.5988e-01
3136.0559 4.0492e-01
3136.9968 3.0884e-01
3137.9377 3.6568e-01
3138.8789 3.5437e-01
3139.8206 3.9110e-01
3140.7625 3.4601e-01
3141.7046 3.7965e-01
3142.6472 3.4780e-01
3143.5901 3.4453e-01
3144.5334 3.4851e-01
3145.4766 3.3725e-01
3146.4202 3.0172e-01
3147.3643 3.8088e-01
3148.3086 3.6466e-01
3149.2529 3.5786e-01
3150.1975 3.1092e-01
3151.1426 3.5139e-01
3152.0881 3.1583e-01
3153.0337 3.5140e-01
3153.9795 3.5097e-01
3154.9255 3.0556e-01
3155.8723 3.6507e-01
3156.8188 3.1633e-01
3157.7661 3.3058e-01
3158.7134 3.4169e-01
3159.6609 2.7524e-01
3160.6086 3.0514e-01
3161.5571 3.1075e-01
3162.5054 2.9278e-01
3163.4541 2.9703e-01
3164.4031 3.5874e-01
3165.3528 2.8291e-01
3166.3022 3.2237e-01
3167.2522 2.9696e-01
3168.2024 3.2195e-01
3169.1526 2.9148e-01
3170.1035 2.8076e-01
3171.0544 2.9538e-01
3172.0061 2.7023e-01
3172.9573 2.5062e-01
3173.9092 3.0568e-01
3174.8613 2.9762e-01
3175.8140 2.5495e-01
3176.7668 2.9008e-01
3177.7197 3.1317e-01
3178.6729 2.6834e-01
3179.6267 2.5593e-01
3180.5808 3.3551e-01
3181.5347 2.7912e-01
3182.4893 2.9534e-01
3183.4438 2.8817e-01
3184.3987 3.2059e-01
3185.3542 2.9688e-01
3186.3101 3.3837e-01
3187.2659 2.9330e-01
3188.2217 3.3181e-01
3189.1785 2.7045e-01
3190.1350 2.7563e-01
3191.0920 3.0706e-01
3192.0493 2.8966e-01
3193.0071 2.8993e-01
3193.9651 3.0055e-01
3194.9233 3.0087e-01
3195.8818 2.8699e-01
3196.8408 3.1659e-01
3197.7996 2.8855e-01
3198.7590 3.4468e-01
3199.7185 3.0021e-01
3200.6782 3.4592e-01
3201.6387 3.3022e-01
3202.5991 3.5316e-01
3203.5598 3.1663e-01
3204.5208 3.4399e-01
3205.4824 3.1760e-01
3206.4441 3.4089e-01
3207.4058 3.5626e-01
3208.3682 3.9764e-01
3209.3306 3.3271e-01
3210.2935 3.3105e-01
3211.2563 3.5479e-01
3212.2200 3.8186e-01
3213.1833 3.5478e-01
3214.1472 3.7080e-01
3215.1118 4.0339e-01
3216.0764 3.6180e-01
3217.0413 3.5773e-01
3218.0061 3.4211e-01
3218.9714 3.4948e-01
3219.9373 3.9710e-01
3220.9031 3.8164e-01
3221.8699 3.0734e-01
3222.8362 3.8475e-01
3223.8030 3.9901e-01
3224.7700 3.7663e-01
3225.7375 3.9524e-01
3226.7053 3.0264e-01
3227.6731 3.8309e-01
3228.6416 4.0363e-01
3229.6101 3.5961e-01
3230.5791 3.5575e-01
3231.5483 3.6986e-01
3232.5178 4.0666e-01
3233.4875 3.3974e-01
3234.4575 3.8918e-01
3235.4280 3.8606e-01
3236.3984 4.1589e-01
3237.3691 3.7048e-01
3238.3403 3.4820e-01
3239.3120 3.5803e-01
3240.2839 3.3299e-01
3241.2559 3.9057e-01
3242.2285 3.9117e-01
3243.2012 3.9775e-01
3244.1743 3.5662e-01
3245.1472 3.5174e-01
3246.1208 3.9077e-01
3247.0947 3.5111e-01
3248.0688 3.8751e-01
3249.0432 3.5850e-01
3250.0178 3.6017e-01
3250.9929 3.8613e-01
3251.9680 3.5739e-01
3252.9438 3.4033e-01
3253.9194 4.1763e-01
3254.8958 3.5563e-01
3255.8723 3.7761e-01
3256.8489 3.8838e-01
3257.8262 3.7834e-01
3258.8035 3.8016e-01
3259.7810 3.9223e-01
3260.7593 3.1531e-01
3261.7373 3.7095e-01
3262.7158 3.0383e-01
3263.6946 4.1091e-01
3264.6736 4.1732e-01
3265.6531 3.0298e-01
3266.6331 3.6426e-01
3267.6130 3.3509e-01
3268.5930 3.8048e-01
3269.5735 3.6799e-01
3270.5544 3.4404e-01
3271.5356 2.9989e-01
3272.5171 3.4913e-01
3273.4990 2.9448e-01
3274.4812 3.2509e-01
3275.4634 3.4981e-01
3276.4458 3.5160e-01
3277.4287 3.9884e-01
3278.4124 3.8159e-01
3279.3958 3.6224e-01
3280.3794 3.2324e-01
3281.3635 3.2115e-01
3282.3479 3.4010e-01
3283.3325 4.0020e-01
3284.3179 3.4900e-01
3285.3030 3.3967e-01
3286.2888 3.4371e-01
3287.2744 3.3206e-01
3288.2605 3.2639e-01
3289.2471 3.1465e-01
3290.2339 3.0988e-01
3291.2212 3.3239e-01
3292.2083 3.1760e-01
3293.1958 3.4149e-01
3294.1838 3.3365e-01
3295.1724 3.2594e-01
3296.1609 3.0315e-01
3297.1497 3.2274e-01
3298.1387 3.0257e-01
3299.1282 2.9031e-01
3300.1177 3.2479e-01
3301.1079 3.4953e-01
3302.0984 3.1084e-01
3303.0889 3.0684e-01
3304.0798 3.3085e-01
3305.0713 3.6293e-01
3306.0627 3.0522e-01
3307.0544 3.1625e-01
3308.0466 2.9504e-01
3309.0391 3.0954e-01
3310.0317 3.0746e-01
3311.0247 2.7764e-01
3312.0178 3.5064e-01
3313.0117 3.3350e-01
3314.0054 3.2734e-01
3315.0000 3.4841e-01
3315.9941 3.2179e-01
3316.9890 3.2736e-01
3317.9839 3.1848e-01
3318.9795 3.0210e-01
3319.9751 3.5565e-01
3320.9712 2.9141e-01
3321.9678 3.1135e-01
3322.9639 3.1495e-01
3323.9607 3.3427e-01
3324.9580 3.0774e-01
3325.9558 3.0528e-01
3326.9536 3.1788e-01
3327.9514 3.3225e-01
3328.9497 3.1646e-01
3329.9482 3.4590e-01
3330.9475 3.2438e-01
3331.9468 2.5274e-01
3332.9463 3.1796e-01
3333.9463 3.2820e-01
3334.9463 2.6481e-01
3335.9473 2.8838e-01
3336.9478 3.1810e-01
3337.9487 3.6768e-01
3338.9502 2.9976e-01
3339.9517 3.2300e-01
3340.9536 2.8434e-01
3341.9561 2.6660e-01
3342.9587 3.0468e-01
3343.9614 3.4330e-01
3344.9651 2.9929e-01
3345.9685 3.5026e-01
3346.9722 3.1604e-01
3347.9763 2.9028e-01
3348.9805 3.1363e-01
3349.9854 3.2581e-01
3350.9902 3.0771e-01
3351.9956 3.5548e-01
3353.0010 3.3513e-01
3354.0073 3.5189e-01
3355.0129 3.6700e-01
3356.0198 3.1315e-01
3357.0264 3.1950e-01
3358.0334 3.3208e-01
3359.0410 3.1799e-01
3360.0488 3.7177e-01
3361.0569 3.0485e-01
3362.0654 3.2345e-01
3363.0740 3.3380e-01
3364.0828 3.0575e-01
3365.0918 3.3749e-01
3366.1013 3.3341e-01
3367.1113 3.2459e-01
3368.1213 3.4391e-01
3369.1318 3.8329e-01
3370.1426 3.4124e-01
3371.1536 3.7405e-01
3372.1650 3.6885e-01
3373.1768 3.5673e-01
3374.1885 3.4535e-01
3375.2004 3.3149e-01
3376.2134 3.5660e-01
3377.2261 3.3864e-01
3378.2395 3.8687e-01
3379.2529 3.5978e-01
3380.2664 3.5432e-01
3381.2805 3.3928e-01
3382.2952 3.4725e-01
3383.3098 3.4703e-01
3384.3250 3.3269e-01
3385.3401 3.6663e-01
3386.3557 3.7323e-01
3387.3716 3.5524e-01
3388.3879 3.6971e-01
3389.4045 3.4708e-01
3390.4211 3.8063e-01
3391.4385 3.8041e-01
3392.4558 3.6408e-01
3393.4736 4.0880e-01
3394.4915 3.5181e-01
3395.5100 3.5885e-01
3396.5286 3.3591e-01
3397.5474 3.7474e-01
3398.5667 4.0380e-01
3399.5862 3.7278e-01
3400.6062 3.7530e-01
3401.6262 3.8875e-01
3402.6467 3.9419e-01
3403.6677 3.7794e-01
3404.6887 3.9517e-01
3405.7100 4.2447e-01
3406.7319 3.7453e-01
3407.7539 4.0157e-01
3408.7764 4.0360e-01
3409.7988 3.8533e-01
3410.8218 4.2930e-01
3411.8450 4.0507e-01
3412.8687 4.3395e-01
3413.8923 4.1447e-01
3414.9167 3.5316e-01
3415.9412 4.0019e-01
3416.9658 4.3292e-01
3417.9907 4.6858e-01
3419.0164 4.4872e-01
3420.0420 4.6649e-01
3421.0681 4.2572e-01
3422.0945 4.2547e-01
3423.1208 4.5867e-01
3424.1479 4.4319e-01
3425.1753 4.4594e-01
3426.2029 4.6005e-01
3427.2307 4.4021e-01
3428.2588 4.8721e-01
3429.2871 4.4149e-01
3430.3159 4.0556e-01
3431.3452 4.3596e-01
3432.3748 4.8039e-01
3433.4041 4.4380e-01
3434.4346 4.8768e-01
3435.4646 4.9132e-01
3436.4954 5.0491e-01
3437.5261 4.3551e-01
3438.5579 4.4557e-01
3439.5894 4.6237e-01
3440.6208 4.9027e-01
3441.6531 4.6639e-01
3442.6855 4.3191e-01
3443.7183 3.7982e-01
3444.7515 4.7382e-01
3445.7852 4.3374e-01
3446.8186 4.2541e-01
3447.8525 3.9654e-01
3448.8872 4.6918e-01
3449.9216 4.5835e-01
3450.9568 4.0719e-01
3451.9919 4.2396e-01
3453.0276 5.1527e-01
3454.0637 4.3748e-01
3455.0999 4.2684e-01
3456.1362 4.2953e-01
3457.1731 3.7264e-01
3458.2102 4.0427e-01
3459.2476 4.0444e-01
3460.2856 4.0928e-01
3461.3235 3.9508e-01
3462.3621 4.2427e-01
3463.4004 4.4733e-01
3464.4399 3.8956e-01
3465.4790 4.2165e-01
3466.5188 5.1245e-01
3467.5586 4.2387e-01
3468.5989 5.2252e-01
3469.6394 3.5291e-01
3470.6804 3.8426e-01
3471.7217 3.7657e-01
3472.7629 3.9178e-01
3473.8049 3.9116e-01
3474.8469 4.1410e-01
3475.8894 3.7125e-01
3476.9321 3.6860e-01
3477.9751 3.9650e-01
3479.0188 4.4993e-01
3480.0625 4.3374e-01
3481.1064 4.2918e-01
3482.1509 4.5057e-01
3483.1956 3.9960e-01
3484.2407 4.5126e-01
3485.2856 4.0725e-01
3486.3313 4.2708e-01
3487.3772 4.0534e-01
3488.4233 4.2061e-01
3489.4697 4.3340e-01
3490.5168 4.6373e-01
3491.5640 4.4074e-01
3492.6116 4.1903e-01
3493.6592 4.4461e-01
3494.7073 4.5833e-01
3495.7556 4.5551e-01
3496.8044 4.1889e-01
3497.8535 4.9612e-01
3498.9026 4.7590e-01
3499.9526 4.6724e-01
3501.0024 4.4883e-01
3502.0527 4.7039e-01
3503.1033 4.1904e-01
3504.1543 4.5409e-01
3505.2058 4.5728e-01
3506.2571 4.4583e-01
3507.3088 4.1400e-01
3508.3613 5.0899e-01
3509.4136 4.2052e-01
3510.4663 5.0159e-01
3511.5193 4.0570e-01
3512.5730 4.7177e-01
3513.6270 4.9239e-01
3514.6809 4.1571e-01
3515.7351 4.5815e-01
3516.7898 4.7761e-01
3517.8452 4.7546e-01
3518.9004 4.8780e-01
3519.9561 4.7988e-01
3521.0122 4.8031e-01
3522.0686 4.7715e-01
3523.1250 4.3942e-01
3524.1821 4.3687e-01
3525.2390 4.5640e-01
3526.2969 4.5410e-01
3527.3547 4.3217e-01
3528.4126 4.5262e-01
3529.4714 4.6243e-01
3530.5303 4.2592e-01
3531.5894 4.9466e-01
3532.6487 4.8493e-01
3533.7090 4.9083e-01
3534.7688 4.3581e-01
3535.8293 4.8447e-01
3536.8901 4.9346e-01
3537.9512 5.0404e-01
3539.0122 5.0287e-01
3540.0740 4.5639e-01
3541.1360 4.9225e-01
3542.1987 4.7234e-01
3543.2612 4.7350e-01
3544.3245 4.8876e-01
3545.3875 4.3773e-01
3546.4509 3.9887e-01
3547.5154 5.0926e-01
3548.5793 4.3960e-01
3549.6438 4.9259e-01
3550.7087 4.6683e-01
3551.7739 4.8003e-01
3552.8396 4.9395e-01
3553.9053 5.2004e-01
3554.9714 4.7211e-01
3556.0378 4.2576e-01
3557.1050 4.3553e-01
3558.1716 4.6680e-01
3559.2395 4.4254e-01
3560.3071 4.5293e-01
3561.3752 5.0646e-01
3562.4436 4.2971e-01
3563.5125 4.9158e-01
3564.5813 4.3200e-01
3565.6506 4.5258e-01
3566.7205 4.1439e-01
3567.7905 4.2225e-01
3568.8611 4.0923e-01
3569.9316 4.8249e-01
3571.0027 4.6247e-01
3572.0737 3.9710e-01
3573.1455 4.4706e-01
3574.2175 4.2896e-01
3575.2896 4.9448e-01
3576.3625 4.3586e-01
3577.4351 4.2372e-01
3578.5083 4.5381e-01
3579.5820 4.7569e-01
3580.6560 4.3905e-01
3581.7300 4.1538e-01
3582.8047 4.6537e-01
3583.8792 4.3084e-01
3584.9546 4.4577e-01
3586.0298 4.0062e-01
3587.1060 4.5925e-01
3588.1821 4.5984e-01
3589.2583 4.3061e-01
3590.3352 4.7990e-01
3591.4124 4.8454e-01
3592.4897 4.5781e-01
3593.5671 4.5481e-01
3594.6455 4.8746e-01
3595.7241 5.0095e-01
3596.8025 4.6316e-01
3597.8818 4.1507e-01
3598.9609 4.5171e-01
3600.0405 3.9725e-01
3601.1204 4.7318e-01
3602.2009 4.2235e-01
3603.2817 4.7951e-01
3604.3625 4.8613e-01
3605.4441 4.2860e-01
3606.5256 4.7547e-01
3607.6074 4.2112e-01
3608.6899 4.9378e-01
3609.7725 4.5076e-01
3610.8552 4.5456e-01
3611.9385 5.0187e-01
3613.0222 4.6099e-01
3614.1062 4.4907e-01
3615.1904 4.9371e-01
3616.2749 4.9584e-01
3617.3599 4.7060e-01
3618.4451 5.1416e-01
3619.5303 5.3685e-01
3620.6165 4.0728e-01
3621.7024 4.9346e-01
3622.7891 4.9925e-01
3623.8760 4.7294e-01
3624.9631 4.9085e-01
3626.0508 4.6484e-01
3627.1382 4.8901e-01
3628.2266 5.3038e-01
3629.3152 5.1361e-01
3630.4038 4.8618e-01
3631.4927 5.0183e-01
3632.5825 4.9467e-01
3633.6721 5.2983e-01
3634.7622 5.3020e-01
3635.8528 4.6500e-01
3636.9434 5.0434e-01
3638.0347 4.5825e-01
3639.1257 4.7571e-01
3640.2178 4.8813e-01
3641.3098 4.1943e-01
3642.4021 4.5822e-01
3643.4946 4.7344e-01
3644.5881 4.6356e-01
3645.6814 4.7893e-01
3646.7751 4.9500e-01
3647.8691 4.9046e-01
3648.9634 4.9819e-01
3650.0581 4.7223e-01
3651.1533 4.6840e-01
3652.2480 4.8539e-01
3653.3442 4.7429e-01
3654.4402 4.9503e-01
3655.5364 4.2864e-01
3656.6333 4.4831e-01
3657.7300 5.0738e-01
3658.8274 4.9442e-01
3659.9250 5.0301e-01
3661.0232 4.8876e-01
3662.1213 4.9814e-01
3663.2202 4.6720e-01
3664.3188 4.7220e-01
3665.4182 4.9991e-01
3666.5181 4.5560e-01
3667.6179 4.7566e-01
3668.7183 4.9136e-01
3669.8186 4.5485e-01
3670.9197 5.0831e-01
3672.0210 4.9605e-01
3673.1226 5.6205e-01
3674.2241 4.6769e-01
3675.3269 5.1421e-01
3676.4294 5.3133e-01
3677.5325 4.4445e-01
3678.6355 4.6883e-01
3679.7390 4.7580e-01
3680.8430 5.2416e-01
3681.9473 5.2128e-01
3683.0518 4.7472e-01
3684.1570 5.3058e-01
3685.2620 4.5053e-01
3686.3677 4.6858e-01
3687.4739 4.6254e-01
3688.5796 4.3955e-01
3689.6865 4.5552e-01
3690.7932 4.5326e-01
3691.9006 4.9680e-01
3693.0081 4.6376e-01
3694.1160 4.5180e-01
3695.2241 4.0355e-01
3696.3328 5.0737e-01
3697.4417 4.5140e-01
3698.5508 4.3740e-01
3699.6606 5.1547e-01
3700.7703 4.4190e-01
3701.8806 4.4600e-01
3702.9910 4.7298e-01
3704.1023 5.4614e-01
3705.2136 4.6590e-01
3706.3247 4.7630e-01
3707.4370 4.3995e-01
3708.5491 4.9120e-01
3709.6616 5.3159e-01
3710.7744 4.4026e-01
3711.8877 4.9359e-01
3713.0012 5.0840e-01
3714.1152 4.6178e-01
3715.2292 4.9277e-01
3716.3440 5.1608e-01
3717.4590 4.9939e-01
3718.5742 4.9515e-01
3719.6897 5.0492e-01
3720.8057 5.5117e-01
3721.9219 5.5014e-01
3723.0383 4.6332e-01
3724.1553 4.3848e-01
3725.2725 5.1867e-01
3726.3904 4.9864e-01
3727.5081 4.8257e-01
3728.6265 4.3381e-01
3729.7451 4.5608e-01
3730.8640 4.6661e-01
3731.9832 4.7181e-01
3733.1028 5.2254e-01
3734.2227 4.9461e-01
3735.3428 4.7988e-01
3736.4636 4.6340e-01
3737.5842 5.3246e-01
3738.7056 5.0250e-01
3739.8276 5.0215e-01
3740.9490 4.7911e-01
3742.0718 4.6576e-01
3743.1943 4.7993e-01
3744.3171 4.2164e-01
3745.4404 4.8712e-01
3746.5640 4.6984e-01
3747.6880 4.3008e-01
3748.8125 5.1407e-01
3749.9368 4.8557e-01
3751.0620 4.1982e-01
3752.1873 4.5020e-01
3753.3130 4.6211e-01
3754.4387 5.0459e-01
3755.5652 5.1736e-01
3756.6919 4.8813e-01
3757.8188 4.3166e-01
3758.9463 4.5484e-01
3760.0737 4.7868e-01
3761.2019 4.5056e-01
3762.3306 4.5958e-01
3763.4590 4.9764e-01
3764.5881 4.8191e-01
3765.7175 5.0228e-01
3766.8472 4.9235e-01
3767.9771 4.8517e-01
3769.1079 4.7337e-01
3770.2383 4.8549e-01
3771.3694 4.4574e-01
3772.5007 5.0459e-01
3773.6328 4.6256e-01
3774.7646 4.6349e-01
3775.8972 4.9207e-01
3777.0298 4.2508e-01
3778.1628 4.2299e-01
3779.2964 4.6203e-01
3780.4302 4.6153e-01
3781.5642 4.2156e-01
3782.6987 3.8676e-01
3783.8335 4.1051e-01
3784.9690 4.2354e-01
3786.1042 3.6257e-01
3787.2400 3.8243e-01
3788.3762 4.0888e-01
3789.5125 3.5968e-01
3790.6497 3.8685e-01
3791.7869 3.6629e-01
3792.9246 4.1806e-01
3794.0625 4.2569e-01
3795.2007 3.6543e-01
3796.3391 4.0158e-01
3797.4778 3.5603e-01
3798.6169 3.4006e-01
3799.7568 3.5584e-01
3800.8967 3.2958e-01
3802.0371 3.6585e-01
3803.1775 3.1829e-01
3804.3181 4.1205e-01
3805.4597 4.0047e-01
3806.6013 3.5569e-01
3807.7434 3.8643e-01
3808.8857 3.8690e-01
3810.0286 3.7269e-01
3811.1714 3.8299e-01
3812.3149 4.0208e-01
3813.4583 3.4325e-01
3814.6025 3.8689e-01
3815.7468 3.9438e-01
3816.8916 3.9968e-01
3818.0369 4.7160e-01
3819.1824 3.8255e-01
3820.3281 4.1873e-01
3821.4741 3.7868e-01
3822.6201 3.9569e-01
3823.7671 4.0229e-01
3824.9143 4.0109e-01
3826.0615 3.7946e-01
3827.2097 4.1131e-01
3828.3577 4.3893e-01
3829.5063 3.7850e-01
3830.6553 3.8555e-01
3831.8044 4.2914e-01
3832.9539 4.4897e-01
3834.1035 4.0009e-01
3835.2539 3.7928e-01
3836.4045 4.1005e-01
3837.5554 4.5173e-01
3838.7068 4.0196e-01
3839.8582 4.7485e-01
3841.0103 4.0062e-01
3842.1628 4.2896e-01
3843.3152 4.4692e-01
3844.4683 4.2255e-01
3845.6216 4.5448e-01
3846.7754 4.4721e-01
3847.9294 4.6008e-01
3849.0835 4.1552e-01
3850.2383 3.6988e-01
3851.3933 3.5301e-01
3852.5488 3.8517e-01
3853.7051 3.9590e-01
3854.8606 3.4636e-01
3856.0173 4.0400e-01
3857.1741 3.9024e-01
3858.3313 3.2352e-01
3859.4883 3.4648e-01
3860.6465 3.4663e-01
3861.8047 4.0670e-01
3862.9631 3.3993e-01
3864.1221 3.1061e-01
3865.2815 3.3219e-01
3866.4412 3.5236e-01
3867.6011 3.5414e-01
3868.7610 3.5489e-01
3869.9216 3.0737e-01
3871.0828 3.4220e-01
3872.2441 3.5450e-01
3873.4058 3.6150e-01
3874.5676 3.4535e-01
3875.7302 3.0080e-01
3876.8931 3.3834e-01
3878.0559 3.5163e-01
3879.2192 3.1440e-01
3880.3831 3.0478e-01
3881.5474 2.9735e-01
3882.7119 3.4154e-01
3883.8767 3.1797e-01
3885.0420 3.2166e-01
3886.2073 2.7768e-01
3887.3728 3.0478e-01
3888.5391 2.6514e-01
3889.7061 2.7146e-01
3890.8730 3.2562e-01
3892.0400 2.8503e-01
3893.2078 2.5628e-01
3894.3755 2.6258e-01
3895.5439 2.7337e-01
3896.7126 2.8863e-01
3897.8813 3.0174e-01
3899.0508 2.7955e-01
3900.2209 3.1087e-01
3901.3909 2.8028e-01
3902.5613 2.9109e-01
3903.7322 2.5312e-01
3904.9031 2.5501e-01
3906.0747 2.6561e-01
3907.2463 2.9750e-01
3908.4187 2.2634e-01
3909.5911 2.6731e-01
3910.7642 2.9091e-01
3911.9373 2.7580e-01
3913.1111 3.0481e-01
3914.2849 2.6287e-01
3915.4592 2.6439e-01
3916.6335 3.0327e-01
3917.8086 2.9198e-01
3918.9839 2.7751e-01
3920.1597 3.3595e-01
3921.3359 3.1047e-01
3922.5120 2.9121e-01
3923.6887 3.1226e-01
3924.8660 2.9632e-01
3926.0432 2.9529e-01
3927.2212 2.8863e-01
3928.3994 2.7989e-01
3929.5779 3.6219e-01
3930.7568 3.4887e-01
3931.9360 3.0815e-01
3933.1157 3.4586e-01
3934.2954 3.4686e-01
3935.4758 3.1063e-01
3936.6562 3.6860e-01
3937.8374 3.7214e-01
3939.0186 3.1325e-01
3940.2004 3.5628e-01
3941.3826 3.3725e-01
3942.5649 3.5819e-01
3943.7478 3.4017e-01
3944.9307 3.8349e-01
3946.1147 3.8742e-01
3947.2983 3.0697e-01
3948.4824 4.0752e-01
3949.6670 3.3378e-01
3950.8521 3.8031e-01
3952.0369 4.1580e-01
3953.2227 4.0887e-01
3954.4089 3.7026e-01
3955.5950 4.2521e-01
3956.7812 4.0548e-01
3957.9688 4.0791e-01
3959.1560 4.1408e-01
3960.3438 4.1261e-01
3961.5320 4.4216e-01
3962.7202 4.1650e-01
3963.9094 4.3738e-01
3965.0984 4.5177e-01
3966.2881 3.9743e-01
3967.4778 4.0033e-01
3968.6680 4.0982e-01
3969.8584 4.5483e-01
3971.0498 4.0125e-01
3972.2412 4.4710e-01
3973.4326 4.5443e-01
3974.6248 4.4446e-01
3975.8171 4.1099e-01
3977.0095 4.1404e-01
3978.2029 4.5984e-01
3979.3962 4.2367e-01
3980.5901 4.3765e-01
3981.7844 4.1982e-01
3982.9790 4.8159e-01
3984.1736 4.4716e-01
3985.3691 4.8009e-01
3986.5647 4.7345e-01
3987.7605 4.3511e-01
3988.9568 4.5031e-01
3990.1538 5.1615e-01
3991.3506 4.5291e-01
3992.5481 4.6351e-01
3993.7456 4.8806e-01
3994.9441 4.6172e-01
3996.1423 4.0931e-01
3997.3413 4.4914e-01
3998.5408 5.1010e-01
3999.7397 4.7968e-01
4000.9402 4.8634e-01
4002.1401 4.6092e-01
4003.3408 4.6230e-01
4004.5415 4.0812e-01
4005.7434 4.7754e-01
4006.9448 4.5867e-01
4008.1470 4.8764e-01
4009.3496 4.7170e-01
4010.5522 4.3677e-01
4011.7556 4.4725e-01
4012.9587 4.5344e-01
4014.1628 4.3876e-01
4015.3672 4.4372e-01
4016.5715 4.4164e-01
4017.7769 5.2727e-01
4018.9817 4.8398e-01
4020.1875 4.9693e-01
4021.3936 4.8347e-01
4022.6003 4.7826e-01
4023.8071 5.0123e-01
4025.0142 4.6008e-01
4026.2214 4.7539e-01
4027.4294 5.1305e-01
4028.6377 4.3002e-01
4029.8462 4.8059e-01
4031.0554 4.9965e-01
4032.2646 5.2374e-01
4033.4744 5.1142e-01
4034.6843 5.2821e-01
4035.8945 4.6412e-01
4037.1052 4.6772e-01
4038.3167 4.9333e-01
4039.5281 5.1214e-01
4040.7397 5.1818e-01
4041.9524 5.2812e-01
4043.1648 4.3333e-01
4044.3777 4.6941e-01
4045.5913 5.0795e-01
4046.8047 4.8924e-01
4048.0186 4.6393e-01
4049.2332 5.0917e-01
4050.4480 4.8200e-01
4051.6628 4.6799e-01
4052.8784 5.2983e-01
4054.0942 5.0061e-01
4055.3108 4.0517e-01
4056.5273 4.2995e-01
4057.7444 4.4136e-01
4058.9614 4.9446e-01
4060.1792 4.7657e-01
4061.3970 4.8076e-01
4062.6155 4.7542e-01
4063.8345 4.5109e-01
4065.0535 4.4284e-01
4066.2732 4.1909e-01
4067.4929 4.3664e-01
4068.7131 4.3843e-01
4069.9338 4.2754e-01
4071.1548 4.3238e-01
4072.3762 4.2312e-01
4073.5981 4.3607e-01
4074.8201 4.2669e-01
4076.0427 4.4909e-01
4077.2654 4.5507e-01
4078.4885 4.6647e-01
4079.7119 4.4991e-01
4080.9358 4.1213e-01
4082.1602 4.3005e-01
4083.3845 4.5040e-01
4084.6099 4.2752e-01
4085.8354 4.8108e-01
4087.0608 4.5252e-01
4088.2869 4.3572e-01
4089.5137 3.9967e-01
4090.7407 3.8455e-01
4091.9678 4.0346e-01
4093.1953 4.0258e-01
4094.4233 4.2838e-01
4095.6519 4.1152e-01
4096.8799 3.9753e-01
4098.1094 4.1000e-01
4099.3384 4.1703e-01
4100.5684 3.8135e-01
4101.7988 4.9364e-01
4103.0293 4.2807e-01
4104.2598 4.1257e-01
4105.4912 4.4674e-01
4106.7231 4.1795e-01
4107.9546 4.4235e-01
4109.1875 4.2687e-01
4110.4204 4.1232e-01
4111.6533 4.6626e-01
4112.8867 4.0393e-01
4114.1211 4.3991e-01
4115.3545 4.3741e-01
4116.5898 4.2187e-01
4117.8247 4.0972e-01
4119.0596 4.0769e-01
4120.2954 3.7725e-01
4121.5317 4.6843e-01
4122.7681 4.4482e-01
4124.0049 4.3608e-01
4125.2422 4.4794e-01
4126.4800 4.7479e-01
4127.7178 4.3621e-01
4128.9561 5.1936e-01
4130.1948 4.2581e-01
4131.4336 4.6185e-01
4132.6733 4.3199e-01
4133.9126 4.3212e-01
4135.1533 4.4420e-01
4136.3936 4.7043e-01
4137.6348 4.5448e-01
4138.8760 4.4504e-01
4140.1172 4.2025e-01
4141.3599 4.4925e-01
4142.6021 4.6680e-01
4143.8447 4.1396e-01
4145.0879 4.3924e-01
4146.3315 4.2217e-01
4147.5752 4.2942e-01
4148.8198 4.0561e-01
4150.0640 4.6708e-01
4151.3091 4.6526e-01
4152.5547 4.3177e-01
4153.8003 4.3243e-01
4155.0464 4.3724e-01
4156.2930 4.9011e-01
4157.5400 4.6260e-01
4158.7871 4.4515e-01
4160.0352 3.8787e-01
4161.2827 5.1422e-01
4162.5312 4.6678e-01
4163.7803 4.5781e-01
4165.0293 4.2644e-01
4166.2783 4.8890e-01
4167.5288 4.2753e-01
4168.7788 4.1485e-01
4170.0298 4.8773e-01
4171.2803 4.8485e-01
4172.5317 5.1768e-01
4173.7837 4.5726e-01
4175.0356 4.6851e-01
4176.2886 4.5386e-01
4177.5410 4.6229e-01
4178.7944 4.9255e-01
4180.0479 4.7596e-01
4181.3022 4.2436e-01
4182.5566 4.3039e-01
4183.8115 4.2987e-01
4185.0664 4.7790e-01
4186.3223 4.5905e-01
4187.5776 4.6071e-01
4188.8340 4.5946e-01
4190.0903 5.1349e-01
4191.3477 4.1308e-01
4192.6050 4.6646e-01
4193.8628 4.6754e-01
4195.1206 5.0479e-01
4196.3794 4.4243e-01
4197.6387 4.7880e-01
4198.8975 4.9118e-01
4200.1577 4.4983e-01
4201.4175 4.1450e-01
4202.6782 4.2410e-01
4203.9390 4.3908e-01
4205.2002 4.6049e-01
4206.4614 4.7693e-01
4207.7231 4.5253e-01
4208.9858 4.3281e-01
4210.2485 4.3715e-01
4211.5112 4.5022e-01
4212.7749 4.8418e-01
4214.0391 4.4993e-01
4215.3032 4.6830e-01
4216.5679 4.7114e-01
4217.8330 4.0833e-01
4219.0981 4.5588e-01
4220.3638 4.3210e-01
4221.6299 4.0388e-01
4222.8965 4.0832e-01
4224.1636 4.1872e-01
4225.4302 4.6624e-01
4226.6978 4.4563e-01
4227.9658 4.0639e-01
4229.2349 4.4788e-01
4230.5034 4.3101e-01
4231.7725 4.4105e-01
4233.0415 4.5014e-01
4234.3115 4.8425e-01
4235.5825 4.5904e-01
4236.8525 4.6564e-01
4238.1235 4.0829e-01
4239.3955 4.7279e-01
4240.6670 4.4502e-01
4241.9390 4.2288e-01
4243.2119 5.1244e-01
4244.4844 4.7063e-01
4245.7583 4.8017e-01
4247.0317 4.6189e-01
4248.3062 4.8904e-01
4249.5806 4.3626e-01
4250.8555 4.1194e-01
4252.1309 4.1948e-01
4253.4062 5.1661e-01
4254.6821 4.4006e-01
4255.9590 3.8837e-01
4257.2358 4.1339e-01
4258.5127 4.7874e-01
4259.7900 4.3274e-01
4261.0679 5.2143e-01
4262.3462 4.7029e-01
4263.6250 4.7155e-01
4264.9043 4.3734e-01
4266.1841 4.8141e-01
4267.4639 4.4897e-01
4268.7432 4.6861e-01
4270.0244 4.8341e-01
4271.3052 4.3455e-01
4272.5869 4.6203e-01
4273.8682 4.5451e-01
4275.1509 4.1712e-01
4276.4336 4.4094e-01
4277.7163 4.0405e-01
4278.9995 4.4396e-01
4280.2837 4.1767e-01
4281.5674 4.5695e-01
4282.8521 5.0448e-01
4284.1367 4.6632e-01
4285.4219 4.6218e-01
4286.7075 4.2786e-01
4287.9937 4.2247e-01
4289.2798 4.2388e-01
4290.5669 4.1603e-01
4291.8540 4.4078e-01
4293.1416 4.3727e-01
4294.4292 4.1560e-01
4295.7183 4.0576e-01
4297.0063 4.4289e-01
4298.2954 4.4686e-01
4299.5854 4.4436e-01
4300.8750 4.4132e-01
4302.1650 4.4415e-01
4303.4561 4.5765e-01
4304.7471 3.9138e-01
4306.0381 3.9520e-01
4307.3301 4.2652e-01
4308.6221 4.2838e-01
4309.9150 3.9025e-01
4311.2075 3.8643e-01
4312.5015 4.1619e-01
4313.7949 4.0566e-01
4315.0889 4.2506e-01
4316.3838 4.1411e-01
4317.6787 4.2713e-01
4318.9741 3.7998e-01
4320.2700 4.1923e-01
4321.5654 4.1332e-01
4322.8623 4.0132e-01
4324.1592 3.4150e-01
4325.4565 3.7600e-01
4326.7539 4.1660e-01
4328.0518 4.1321e-01
4329.3501 3.8211e-01
4330.6494 3.6287e-01
4331.9482 3.5555e-01
4333.2480 3.8011e-01
4334.5479 3.9008e-01
4335.8477 4.0885e-01
4337.1489 3.9886e-01
4338.4502 3.8790e-01
4339.7515 4.0992e-01
4341.0537 3.6527e-01
4342.3560 3.6184e-01
4343.6582 3.7713e-01
4344.9614 4.3047e-01
4346.2646 3.8189e-01
4347.5693 3.3304e-01
4348.8735 4.0938e-01
4350.1782 4.0290e-01
4351.4829 3.7177e-01
4352.7886 3.8766e-01
4354.0938 3.8523e-01
4355.4009 4.1137e-01
4356.7070 3.4702e-01
4358.0137 3.4621e-01
4359.3218 3.8399e-01
4360.6294 3.7869e-01
4361.9375 4.1174e-01
4363.2461 3.6382e-01
4364.5552 3.1415e-01
4365.8643 3.7878e-01
4367.1743 3.5851e-01
4368.4844 3.3587e-01
4369.7954 3.8673e-01
4371.1060 3.5681e-01
4372.4170 3.4414e-01
4373.7285 3.2984e-01
4375.0415 3.7909e-01
4376.3540 3.5235e-01
4377.6665 3.3956e-01
4378.9800 3.1369e-01
4380.2935 3.2988e-01
4381.6074 3.2114e-01
4382.9219 3.3283e-01
4384.2363 3.1766e-01
4385.5522 3.4594e-01
4386.8677 3.5409e-01
4388.1841 3.4485e-01
4389.5010 3.4415e-01
4390.8169 2.9856e-01
4392.1343 3.4506e-01
4393.4521 3.1041e-01
4394.7700 3.1078e-01
4396.0884 3.1968e-01
4397.4077 3.3262e-01
4398.7266 3.4569e-01
4400.0464 3.7015e-01
4401.3667 3.3949e-01
4402.6870 3.1603e-01
4404.0073 2.7891e-01
4405.3291 3.0900e-01
4406.6504 3.4542e-01
4407.9722 3.3780e-01
4409.2944 3.1857e-01
4410.6172 3.1736e-01
4411.9404 3.4155e-01
4413.2642 3.2920e-01
4414.5879 3.2773e-01
4415.9126 3.0694e-01
4417.2373 3.1048e-01
4418.5625 2.9381e-01
4419.8882 3.4039e-01
4421.2139 3.3666e-01
4422.5405 3.7682e-01
4423.8672 3.2983e-01
4425.1938 3.4118e-01
4426.5220 3.2852e-01
4427.8496 3.3309e-01
4429.1787 3.8795e-01
4430.5063 3.3203e-01
4431.8364 3.6193e-01
4433.1655 3.6995e-01
4434.4956 3.5373e-01
4435.8262 3.4230e-01
4437.1567 3.5144e-01
4438.4878 3.2261e-01
4439.8193 3.5662e-01
4441.1514 3.4537e-01
4442.4834 3.6144e-01
4443.8164 3.5309e-01
4445.1494 3.5252e-01
4446.4829 3.4707e-01
4447.8169 3.6797e-01
4449.1514 3.4702e-01
4450.4863 3.7763e-01
4451.8213 3.4204e-01
4453.1567 3.4649e-01
4454.4927 3.5185e-01
4455.8291 3.4593e-01
4457.1660 3.8676e-01
4458.5029 3.8514e-01
4459.8403 3.5086e-01
4461.1787 3.9058e-01
4462.5171 3.8300e-01
4463.8555 3.2750e-01
4465.1948 3.5761e-01
4466.5347 3.7876e-01
4467.8740 3.4328e-01
4469.2144 3.9077e-01
4470.5552 3.7009e-01
4471.8970 3.9752e-01
4473.2383 4.1509e-01
4474.5806 4.1502e-01
4475.9229 4.1787e-01
4477.2651 3.8121e-01
4478.6084 3.8966e-01
4479.9521 3.8091e-01
4481.2959 3.6611e-01
4482.6406 3.9347e-01
4483.9854 3.6763e-01
4485.3306 4.1069e-01
4486.6763 3.8626e-01
4488.0220 3.9257e-01
4489.3682 4.0105e-01
4490.7153 3.8814e-01
4492.0620 4.0803e-01
4493.4102 3.4580e-01
4494.7578 3.5202e-01
4496.1069 3.9742e-01
4497.4556 4.0644e-01
4498.8047 3.9618e-01
4500.1543 4.3347e-01
4501.5044 4.0182e-01
4502.8550 4.1678e-01
4504.2056 4.2355e-01
4505.5566 4.1997e-01
4506.9082 3.5185e-01
4508.2607 3.8380e-01
4509.6133 3.8425e-01
4510.9658 3.9400e-01
4512.3193 4.4652e-01
4513.6729 4.0731e-01
4515.0273 4.1283e-01
4516.3818 4.4475e-01
4517.7363 4.1289e-01
4519.0918 4.0799e-01
4520.4473 4.3765e-01
4521.8037 4.3257e-01
4523.1606 4.1249e-01
4524.5171 3.8649e-01
4525.8750 4.1393e-01
4527.2324 4.4682e-01
4528.5903 3.9872e-01
4529.9492 4.1309e-01
4531.3081 4.4104e-01
4532.6675 3.9903e-01
4534.0269 3.9414e-01
4535.3872 3.8501e-01
4536.7480 4.1245e-01
4538.1094 4.3127e-01
4539.4702 4.0250e-01
4540.8320 4.0236e-01
4542.1943 3.7488e-01
4543.5576 3.9854e-01
4544.9199 3.8875e-01
4546.2842 4.4570e-01
4547.6475 4.1991e-01
4549.0117 3.6633e-01
4550.3770 3.6650e-01
4551.7417 4.2108e-01
4553.1074 4.4356e-01
4554.4731 4.3801e-01
4555.8398 4.4753e-01
4557.2061 3.9706e-01
4558.5732 3.6644e-01
4559.9414 4.2262e-01
4561.3086 4.4668e-01
4562.6772 3.8462e-01
4564.0459 3.9467e-01
4565.4150 3.8313e-01
4566.7852 4.8061e-01
4568.1553 4.4070e-01
4569.5249 4.2980e-01
4570.8965 4.4722e-01
4572.2676 3.9221e-01
4573.6392 4.0979e-01
4575.0117 4.0222e-01
4576.3838 3.9956e-01
4577.7568 4.6619e-01
4579.1304 3.8087e-01
4580.5039 3.7508e-01
4581.8784 4.3417e-01
4583.2524 3.7897e-01
4584.6274 3.8511e-01
4586.0029 3.9659e-01
4587.3789 4.0013e-01
4588.7549 4.3226e-01
4590.1318 4.2395e-01
4591.5083 4.0460e-01
4592.8857 4.0003e-01
4594.2642 3.8345e-01
4595.6426 3.8700e-01
4597.0210 4.5688e-01
4598.3999 3.9204e-01
4599.7798 3.7690e-01
4601.1597 3.6912e-01
4602.5396 4.4098e-01
4603.9204 4.2986e-01
4605.3022 3.7453e-01
4606.6836 4.2049e-01
4608.0649 4.1900e-01
4609.4478 4.5149e-01
4610.8306 4.0525e-01
4612.2144 3.8431e-01
4613.5977 4.2435e-01
4614.9819 3.5287e-01
4616.3662 3.9434e-01
4617.7515 4.0090e-01
4619.1362 4.0362e-01
4620.5225 4.1155e-01
4621.9082 3.9515e-01
4623.2949 4.0270e-01
4624.6816 4.1422e-01
4626.0693 4.4946e-01
4627.4570 4.1541e-01
4628.8457 3.8151e-01
4630.2334 3.7610e-01
4631.6230 3.9605e-01
4633.0127 3.7783e-01
4634.4028 4.0193e-01
4635.7935 3.6199e-01
4637.1831 3.8341e-01
4638.5742 4.0863e-01
4639.9658 3.7368e-01
4641.3579 3.8058e-01
4642.7505 4.1360e-01
4644.1436 4.1389e-01
4645.5371 3.6704e-01
4646.9307 4.0431e-01
4648.3247 3.6923e-01
4649.7188 4.0521e-01
4651.1138 4.3931e-01
4652.5093 4.0088e-01
4653.9048 3.3976e-01
4655.3018 4.1753e-01
4656.6978 3.4038e-01
4658.0947 3.6585e-01
4659.4922 3.8608e-01
4660.8896 3.4484e-01
4662.2886 3.4884e-01
4663.6865 3.9288e-01
4665.0859 3.2560e-01
4666.4854 3.5584e-01
4667.8853 3.7634e-01
4669.2861 3.9048e-01
4670.6870 3.5634e-01
4672.0874 3.5791e-01
4673.4897 3.6541e-01
4674.8916 3.8101e-01
4676.2944 3.6768e-01
4677.6968 3.5296e-01
4679.1006 3.7658e-01
4680.5039 3.6745e-01
4681.9082 3.3578e-01
4683.3125 3.7427e-01
4684.7173 3.5012e-01
4686.1230 3.7312e-01
4687.5288 4.0009e-01
4688.9351 3.6341e-01
4690.3423 3.4671e-01
4691.7490 3.6559e-01
4693.1562 3.8628e-01
4694.5645 3.5593e-01
4695.9731 4.0971e-01
4697.3818 3.5070e-01
4698.7910 3.9126e-01
4700.2002 3.8863e-01
4701.6104 3.3711e-01
4703.0205 3.9201e-01
4704.4316 3.6242e-01
4705.8433 3.3570e-01
4707.2549 3.5198e-01
4708.6670 3.4780e-01
4710.0796 3.6654e-01
4711.4927 3.4834e-01
4712.9058 3.7596e-01
4714.3203 3.7108e-01
4715.7344 3.4985e-01
4717.1494 3.4119e-01
4718.5645 3.7191e-01
4719.9800 3.3615e-01
4721.3955 3.8153e-01
4722.8120 3.3387e-01
4724.2290 3.9086e-01
4725.6460 3.6826e-01
4727.0645 3.5965e-01
4728.4824 3.3729e-01
4729.9004 3.6048e-01
4731.3198 3.4470e-01
4732.7388 3.4939e-01
4734.1587 3.5135e-01
4735.5791 3.8822e-01
4737.0000 3.5615e-01
4738.4209 2.7310e-01
4739.8428 3.2597e-01
4741.2646 3.6204e-01
4742.6870 3.6416e-01
4744.1094 3.1747e-01
4745.5327 2.9946e-01
4746.9565 3.5157e-01
4748.3804 3.1726e-01
4749.8052 3.4711e-01
4751.2300 4.0809e-01
4752.6548 3.3831e-01
4754.0811 3.6583e-01
4755.5078 3.3970e-01
4756.9341 3.7463e-01
4758.3608 3.4137e-01
4759.7886 3.1279e-01
4761.2168 3.6966e-01
4762.6445 3.6830e-01
4764.0737 3.7003e-01
4765.5029 4.0899e-01
4766.9326 3.2904e-01
4768.3628 3.4522e-01
4769.7930 3.4558e-01
4771.2236 3.8399e-01
4772.6553 3.4625e-01
4774.0869 3.4386e-01
4775.5190 3.3660e-01
4776.9521 3.3418e-01
4778.3853 3.4004e-01
4779.8184 3.1694e-01
4781.2524 3.7054e-01
4782.6870 3.6629e-01
4784.1226 3.5851e-01
4785.5571 3.2922e-01
4786.9927 3.7919e-01
4788.4292 3.4736e-01
4789.8652 3.3989e-01
4791.3022 3.5399e-01
4792.7397 3.3850e-01
4794.1777 3.2945e-01
4795.6152 3.5032e-01
4797.0542 3.6604e-01
4798.4937 3.7724e-01
4799.9331 3.4517e-01
4801.3735 3.7225e-01
4802.8140 3.9644e-01
4804.2544 3.2543e-01
4805.6958 3.4268e-01
4807.1377 3.6106e-01
4808.5796 3.6484e-01
4810.0220 3.6493e-01
4811.4653 3.3854e-01
4812.9087 3.4207e-01
4814.3525 3.6594e-01
4815.7969 3.4440e-01
4817.2417 3.5977e-01
4818.6865 3.9135e-01
4820.1328 3.5837e-01
4821.5786 3.3876e-01
4823.0249 3.3599e-01
4824.4717 3.3644e-01
4825.9189 3.5375e-01
4827.3667 2.7345e-01
4828.8149 2.9932e-01
4830.2637 3.4088e-01
4831.7124 3.6805e-01
4833.1621 3.3783e-01
4834.6118 3.6248e-01
4836.0620 3.3217e-01
4837.5137 3.3753e-01
4838.9644 3.5000e-01
4840.4165 3.4595e-01
4841.8687 3.2598e-01
4843.3208 3.2126e-01
4844.7739 3.1220e-01
4846.2275 3.3333e-01
4847.6812 3.3593e-01
4849.1357 3.2394e-01
4850.5903 3.2783e-01
4852.0454 3.1852e-01
4853.5015 3.2856e-01
4854.9575 3.2197e-01
4856.4136 3.2968e-01
4857.8706 3.2711e-01
4859.3281 3.7424e-01
4860.7861 3.1152e-01
4862.2437 3.4993e-01
4863.7026 3.1973e-01
4865.1621 3.1988e-01
4866.6211 3.3524e-01
4868.0815 2.9498e-01
4869.5420 3.1558e-01
4871.0024 3.1642e-01
4872.4639 3.0596e-01
4873.9263 2.9625e-01
4875.3877 2.9337e-01
4876.8506 3.3668e-01
4878.3135 3.1823e-01
4879.7773 3.3822e-01
4881.2412 3.3697e-01
4882.7051 3.0681e-01
4884.1704 3.2856e-01
4885.6357 3.4204e-01
4887.1011 3.5114e-01
4888.5674 3.1805e-01
4890.0337 3.4927e-01
4891.5010 2.9971e-01
4892.9683 3.0907e-01
4894.4360 3.1265e-01
4895.9043 3.2657e-01
4897.3730 3.0576e-01
4898.8423 3.3054e-01
4900.3120 3.0926e-01
4901.7827 3.0329e-01
4903.2529 2.9722e-01
4904.7231 3.1998e-01
4906.1953 3.0033e-01
4907.6675 2.9696e-01
4909.1392 3.5296e-01
4910.6123 2.8441e-01
4912.0854 3.3307e-01
4913.5586 3.3915e-01
4915.0332 3.2088e-01
4916.5073 3.2094e-01
4917.9819 3.0129e-01
4919.4575 3.2372e-01
4920.9331 3.1344e-01
4922.4097 3.0981e-01
4923.8872 3.2470e-01
4925.3638 3.2042e-01
4926.8418 3.1792e-01
4928.3188 2.9775e-01
4929.7979 2.8629e-01
4931.2769 3.1494e-01
4932.7563 3.2097e-01
4934.2358 3.1743e-01
4935.7168 3.0141e-01
4937.1963 2.9221e-01
4938.6782 3.0961e-01
4940.1597 2.9301e-01
4941.6416 2.6749e-01
4943.1250 2.9168e-01
4944.6069 3.0178e-01
4946.0908 2.7115e-01
4947.5752 2.9620e-01
4949.0586 2.5461e-01
4950.5435 2.7947e-01
4952.0278 2.5537e-01
4953.5142 2.8686e-01
4955.0010 2.7528e-01
4956.4873 2.6550e-01
4957.9741 2.8534e-01
4959.4614 2.4950e-01
4960.9492 2.9417e-01
4962.4370 2.3583e-01
4963.9258 2.6149e-01
4965.4150 2.4573e-01
4966.9048 2.6287e-01
4968.3945 2.7974e-01
4969.8853 2.7773e-01
4971.3765 2.6115e-01
4972.8677 2.4952e-01
4974.3599 2.3974e-01
4975.8521 2.6685e-01
4977.3447 2.2035e-01
4978.8379 2.6632e-01
4980.3315 2.7516e-01
4981.8257 2.6373e-01
4983.3203 2.4629e-01
4984.8159 2.5439e-01
4986.3105 2.3554e-01
4987.8066 2.7286e-01
4989.3027 2.8759e-01
4990.7998 2.7519e-01
4992.2974 2.5797e-01
4993.7939 2.4352e-01
4995.2930 2.6812e-01
4996.7915 2.6546e-01
4998.2905 2.7998e-01
4999.7896 2.8223e-01
5001.2896 2.5073e-01
5002.7900 2.3864e-01
5004.2915 2.4191e-01
5005.7925 2.7633e-01
5007.2944 2.2528e-01
5008.7964 2.6737e-01
5010.2993 2.5271e-01
5011.8022 2.4809e-01
5013.3057 2.4468e-01
5014.8101 2.4964e-01
5016.3145 2.5811e-01
5017.8184 2.4664e-01
5019.3247 2.3613e-01
5020.8301 2.2949e-01
5022.3359 2.2567e-01
5023.8428 2.4592e-01
5025.3496 2.8085e-01
5026.8579 2.4772e-01
5028.3657 2.3077e-01
5029.8740 2.2903e-01
5031.3828 2.7807e-01
5032.8926 2.7691e-01
5034.4023 2.5847e-01
5035.9131 2.4070e-01
5037.4233 2.4573e-01
5038.9346 2.3300e-01
5040.4463 2.3615e-01
5041.9585 2.5139e-01
5043.4712 2.7879e-01
5044.9839 2.4177e-01
5046.4980 2.7700e-01
5048.0112 2.4103e-01
5049.5259 2.5853e-01
5051.0415 2.4616e-01
5052.5562 2.4395e-01
5054.0723 2.5111e-01
5055.5884 2.1053e-01
5057.1045 2.6913e-01
5058.6221 2.5774e-01
5060.1401 2.6314e-01
5061.6577 2.7937e-01
5063.1763 2.2885e-01
5064.6953 2.3632e-01
5066.2144 2.5108e-01
5067.7339 2.3832e-01
5069.2549 2.5863e-01
5070.7759 2.4011e-01
5072.2969 2.5672e-01
5073.8188 2.2963e-01
5075.3403 2.5464e-01
5076.8628 2.4082e-01
5078.3867 2.2996e-01
5079.9097 2.6578e-01
5081.4336 2.3873e-01
5082.9580 2.5103e-01
5084.4829 2.3771e-01
5086.0083 2.8337e-01
5087.5342 2.5469e-01
5089.0605 2.2312e-01
5090.5874 2.6056e-01
5092.1143 2.5167e-01
5093.6421 2.4950e-01
5095.1699 2.4955e-01
5096.6987 2.1563e-01
5098.2275 1.9670e-01
5099.7573 2.2880e-01
5101.2871 1.9504e-01
5102.8179 2.5334e-01
5104.3481 2.4639e-01
5105.8799 2.0580e-01
5107.4111 2.2869e-01
5108.9438 2.2963e-01
5110.4761 2.1616e-01
5112.0093 2.4862e-01
5113.5435 2.3616e-01
5115.0771 2.1910e-01
5116.6118 2.3830e-01
5118.1470 2.0836e-01
5119.6816 2.5639e-01
5121.2183 2.1016e-01
5122.7544 2.5786e-01
5124.2910 2.5720e-01
5125.8286 2.2728e-01
5127.3667 2.2288e-01
5128.9043 2.2769e-01
5130.4429 2.5207e-01
5131.9824 2.2838e-01
5133.5220 2.4015e-01
5135.0615 2.4947e-01
5136.6021 2.4107e-01
5138.1436 2.3245e-01
5139.6846 2.3466e-01
5141.2266 2.4883e-01
5142.7690 2.1962e-01
5144.3125 2.3532e-01
5145.8550 2.8303e-01
5147.3989 2.3255e-01
5148.9429 2.3310e-01
5150.4883 2.2079e-01
5152.0332 2.3676e-01
5153.5781 2.5647e-01
5155.1245 2.6598e-01
5156.6714 2.5338e-01
5158.2178 2.9368e-01
5159.7656 2.5597e-01
5161.3130 2.4537e-01
5162.8618 2.4229e-01
5164.4106 2.5453e-01
5165.9604 2.8087e-01
5167.5098 2.5294e-01
5169.0605 2.6665e-01
5170.6108 2.8100e-01
5172.1621 2.5134e-01
5173.7139 2.5550e-01
5175.2656 2.9158e-01
5176.8188 2.9333e-01
5178.3711 3.2934e-01
5179.9253 2.7467e-01
5181.4790 2.9017e-01
5183.0337 2.7480e-01
5184.5884 2.8429e-01
5186.1436 2.9134e-01
5187.6992 2.8990e-01
5189.2559 2.8057e-01
5190.8130 2.8710e-01
5192.3696 2.9250e-01
5193.9277 2.6467e-01
5195.4858 2.8565e-01
5197.0439 3.1063e-01
5198.6035 2.7891e-01
5200.1636 3.2238e-01
5201.7231 2.8969e-01
5203.2837 2.7204e-01
5204.8447 3.1968e-01
5206.4058 2.9202e-01
5207.9683 3.4178e-01
5209.5303 2.9287e-01
5211.0933 2.7971e-01
5212.6567 2.7647e-01
5214.2202 3.1461e-01
5215.7847 3.2412e-01
5217.3496 3.1204e-01
5218.9150 2.9035e-01
5220.4800 2.8056e-01
5222.0464 3.0229e-01
5223.6128 3.2940e-01
5225.1802 3.5535e-01
5226.7480 3.5128e-01
5228.3154 3.1368e-01
5229.8843 3.0101e-01
5231.4526 3.2782e-01
5233.0225 3.0742e-01
5234.5928 3.0305e-01
5236.1626 3.0387e-01
5237.7339 3.1813e-01
5239.3052 3.1299e-01
5240.8770 3.0517e-01
5242.4492 2.9088e-01
5244.0220 3.0973e-01
5245.5947 3.1288e-01
5247.1689 2.6126e-01
5248.7422 3.1002e-01
5250.3174 3.0054e-01
5251.8921 2.8972e-01
5253.4678 2.8834e-01
5255.0439 3.3601e-01
5256.6211 2.8631e-01
5258.1978 2.9896e-01
5259.7749 2.8159e-01
5261.3530 3.2280e-01
5262.9312 3.2479e-01
5264.5098 2.9108e-01
5266.0898 3.0379e-01
5267.6694 2.7535e-01
5269.2495 3.1655e-01
5270.8311 2.9452e-01
5272.4116 3.0843e-01
5273.9941 3.0712e-01
5275.5757 2.7328e-01
5277.1587 2.8274e-01
5278.7422 3.3110e-01
5280.3252 2.8820e-01
5281.9092 2.9528e-01
5283.4937 2.7849e-01
5285.0786 2.9662e-01
5286.6641 3.3668e-01
5288.2500 2.7243e-01
5289.8369 2.8577e-01
5291.4238 2.8855e-01
5293.0117 3.1361e-01
5294.5996 3.0090e-01
5296.1870 2.9290e-01
5297.7764 2.9808e-01
5299.3662 3.1458e-01
5300.9561 2.6318e-01
5302.5459 3.3022e-01
5304.1367 3.3775e-01
5305.7280 3.7453e-01
5307.3188 3.5085e-01
5308.9116 3.1521e-01
5310.5044 3.0073e-01
5312.0977 3.2226e-01
5313.6919 3.0745e-01
5315.2856 3.0229e-01
5316.8799 3.0252e-01
5318.4751 2.9175e-01
5320.0708 3.0300e-01
5321.6665 3.2200e-01
5323.2632 3.1298e-01
5324.8604 2.8659e-01
5326.4575 3.1234e-01
5328.0557 3.2662e-01
5329.6533 2.7887e-01
5331.2534 2.7397e-01
5332.8516 2.8246e-01
5334.4517 3.2445e-01
5336.0522 3.2114e-01
5337.6533 3.0218e-01
5339.2544 3.4134e-01
5340.8560 2.9519e-01
5342.4585 3.0136e-01
5344.0605 2.8574e-01
5345.6646 2.5329e-01
5347.2681 2.5513e-01
5348.8726 2.8718e-01
5350.4771 2.8581e-01
5352.0825 2.9455e-01
5353.6875 2.5954e-01
5355.2944 2.9384e-01
5356.9009 2.4964e-01
5358.5073 2.6540e-01
5360.1152 2.6554e-01
5361.7236 3.0370e-01
5363.3315 2.8427e-01
5364.9404 2.8261e-01
5366.5503 2.4683e-01
5368.1602 2.3989e-01
5369.7705 2.4287e-01
5371.3813 2.7251e-01
5372.9932 2.5272e-01
5374.6050 2.4612e-01
5376.2173 2.3667e-01
5377.8301 2.4577e-01
5379.4434 2.7304e-01
5381.0576 2.5940e-01
5382.6714 2.7811e-01
5384.2861 2.4942e-01
5385.9014 2.3296e-01
5387.5171 2.3010e-01
5389.1343 2.3406e-01
5390.7505 2.4112e-01
5392.3677 2.4914e-01
5393.9858 2.1919e-01
5395.6035 2.0601e-01
5397.2222 2.4757e-01
5398.8413 2.2062e-01
5400.4609 2.7121e-01
5402.0811 2.7824e-01
5403.7017 2.7163e-01
5405.3228 2.4848e-01
5406.9448 2.4714e-01
5408.5659 2.5885e-01
5410.1890 2.3770e-01
5411.8115 2.3024e-01
5413.4360 2.2137e-01
5415.0596 2.3740e-01
5416.6841 2.5069e-01
5418.3096 2.4355e-01
5419.9351 2.3628e-01
5421.5605 2.7157e-01
5423.1875 2.2969e-01
5424.8145 2.2652e-01
5426.4414 2.5305e-01
5428.0693 2.5824e-01
5429.6982 2.2700e-01
5431.3271 2.4398e-01
5432.9565 2.3994e-01
5434.5859 2.4037e-01
5436.2163 2.6567e-01
5437.8472 2.2408e-01
5439.4785 2.4991e-01
5441.1104 2.8673e-01
5442.7427 2.5346e-01
5444.3760 2.2130e-01
5446.0098 2.6026e-01
5447.6431 2.3181e-01
5449.2778 2.4587e-01
5450.9121 2.3968e-01
5452.5474 2.3338e-01
5454.1826 2.5960e-01
5455.8193 2.6184e-01
5457.4565 2.2956e-01
5459.0933 2.7899e-01
5460.7310 2.7484e-01
5462.3696 2.3922e-01
5464.0073 2.1910e-01
5465.6475 2.4414e-01
5467.2871 2.1481e-01
5468.9272 2.3375e-01
5470.5674 2.5442e-01
5472.2090 2.5487e-01
5473.8506 2.3720e-01
5475.4927 2.2592e-01
5477.1353 2.2817e-01
5478.7783 2.0328e-01
5480.4224 2.7860e-01
5482.0659 2.6087e-01
5483.7104 2.5563e-01
5485.3560 2.3051e-01
5487.0010 2.4098e-01
5488.6475 2.5077e-01
5490.2944 2.2866e-01
5491.9414 2.4080e-01
5493.5889 2.3008e-01
5495.2368 2.1881e-01
5496.8857 2.4349e-01
5498.5342 2.2603e-01
5500.1841 2.2959e-01
5501.8340 2.7521e-01
5503.4849 2.5125e-01
5505.1357 2.2787e-01
5506.7871 2.2237e-01
5508.4395 2.4057e-01
5510.0923 2.5276e-01
5511.7451 3.0217e-01
5513.3984 2.4921e-01
5515.0522 2.5605e-01
5516.7070 2.3837e-01
5518.3623 2.4687e-01
5520.0176 2.2803e-01
5521.6733 2.3522e-01
5523.3301 2.4188e-01
5524.9868 2.6393e-01
5526.6450 2.2432e-01
5528.3027 2.1895e-01
5529.9609 2.2926e-01
5531.6201 2.4015e-01
5533.2793 2.4422e-01
5534.9395 2.2224e-01
5536.5996 2.4397e-01
5538.2607 2.2061e-01
5539.9229 2.4844e-01
5541.5840 2.3751e-01
5543.2466 2.2608e-01
5544.9102 2.3117e-01
5546.5728 2.1874e-01
5548.2373 2.2300e-01
5549.9019 2.1521e-01
5551.5664 2.4747e-01
5553.2324 2.5223e-01
5554.8984 2.2055e-01
5556.5645 2.3249e-01
5558.2310 2.3946e-01
5559.8989 2.4543e-01
5561.5669 2.3114e-01
5563.2354 2.1431e-01
5564.9043 2.2048e-01
5566.5732 1.9822e-01
5568.2437 2.0854e-01
5569.9150 2.3485e-01
5571.5854 2.2497e-01
5573.2568 2.3885e-01
5574.9287 2.0398e-01
5576.6011 2.4418e-01
5578.2739 2.0851e-01
5579.9482 2.4364e-01
5581.6216 2.0822e-01
5583.2959 2.2186e-01
5584.9717 2.5138e-01
5586.6470 2.2474e-01
5588.3223 2.0024e-01
5589.9990 2.2063e-01
5591.6763 2.1985e-01
5593.3535 2.4478e-01
5595.0317 2.0078e-01
5596.7104 2.3369e-01
5598.3892 2.2039e-01
5600.0688 2.0397e-01
5601.7490 2.2408e-01
5603.4292 2.1849e-01
5605.1104 2.1218e-01
5606.7915 2.1498e-01
5608.4741 2.0805e-01
5610.1562 2.3465e-01
5611.8394 2.3433e-01
5613.5234 2.4843e-01
5615.2075 2.4045e-01
5616.8916 2.2705e-01
5618.5767 2.3996e-01
5620.2627 2.2540e-01
5621.9482 2.3488e-01
5623.6348 2.3544e-01
5625.3218 2.2639e-01
5627.0098 2.6425e-01
5628.6982 2.3362e-01
5630.3867 2.2822e-01
5632.0757 2.2605e-01
5633.7651 2.4034e-01
5635.4551 2.2695e-01
5637.1460 2.3814e-01
5638.8369 2.2744e-01
5640.5283 2.4590e-01
5642.2207 2.3467e-01
5643.9141 2.6436e-01
5645.6069 2.4915e-01
5647.3003 2.4326e-01
5648.9946 2.5713e-01
5650.6895 2.4248e-01
5652.3848 2.5199e-01
5654.0801 2.4563e-01
5655.7759 2.3566e-01
5657.4736 2.4697e-01
5659.1709 2.5732e-01
5660.8682 2.2329e-01
5662.5664 2.4910e-01
5664.2651 2.5781e-01
5665.9644 2.5918e-01
5667.6641 2.6082e-01
5669.3647 2.5459e-01
5671.0649 2.5526e-01
5672.7666 2.3211e-01
5674.4688 2.1880e-01
5676.1709 2.5412e-01
5677.8740 2.5782e-01
5679.5771 2.5448e-01
5681.2812 2.5449e-01
5682.9858 2.8234e-01
5684.6899 2.2477e-01
5686.3950 2.0221e-01
5688.1021 2.3197e-01
5689.8076 2.5534e-01
5691.5146 2.6001e-01
5693.2222 2.4833e-01
5694.9302 2.5115e-01
5696.6382 2.6088e-01
5698.3477 2.7644e-01
5700.0571 2.8046e-01
5701.7671 2.2161e-01
5703.4775 2.4235e-01
5705.1885 3.0613e-01
5706.9004 2.3924e-01
5708.6123 2.6459e-01
5710.3252 2.5216e-01
5712.0381 2.8305e-01
5713.7524 2.8024e-01
5715.4663 2.5698e-01
5717.1812 2.9159e-01
5718.8955 2.3923e-01
5720.6118 2.6175e-01
5722.3271 2.5140e-01
5724.0444 2.3910e-01
5725.7617 2.5128e-01
5727.4795 3.0965e-01
5729.1973 2.7630e-01
5730.9165 2.9046e-01
5732.6353 2.5179e-01
5734.3550 2.3162e-01
5736.0757 2.6587e-01
5737.7969 2.4596e-01
5739.5176 2.7454e-01
5741.2397 2.8443e-01
5742.9624 2.7979e-01
5744.6851 2.5093e-01
5746.4082 2.8971e-01
5748.1323 2.9883e-01
5749.8569 2.7432e-01
5751.5815 2.8795e-01
5753.3076 2.6067e-01
5755.0332 2.7658e-01
5756.7593 2.5004e-01
5758.4863 2.6752e-01
5760.2144 2.4169e-01
5761.9424 2.6099e-01
5763.6709 2.5171e-01
5765.3999 2.6808e-01
5767.1294 2.5286e-01
5768.8594 2.5659e-01
5770.5908 2.6527e-01
5772.3213 2.5371e-01
5774.0527 2.6661e-01
5775.7856 2.7167e-01
5777.5181 2.8495e-01
5779.2515 2.6058e-01
5780.9844 2.9714e-01
5782.7192 2.6738e-01
5784.4546 2.3260e-01
5786.1899 2.1071e-01
5787.9253 2.4476e-01
5789.6626 2.5905e-01
5791.3984 2.1781e-01
5793.1362 2.5133e-01
5794.8745 2.4337e-01
5796.6123 2.2180e-01
5798.3516 2.3143e-01
5800.0913 2.5510e-01
5801.8306 2.3550e-01
5803.5713 2.4010e-01
5805.3125 2.4140e-01
5807.0537 2.4650e-01
5808.7964 2.4282e-01
5810.5391 2.5771e-01
5812.2822 2.2310e-01
5814.0259 2.5197e-01
5815.7700 2.4463e-01
5817.5151 2.1380e-01
5819.2598 2.2960e-01
5821.0059 2.2799e-01
5822.7524 2.4096e-01
5824.4990 2.3032e-01
5826.2461 2.4689e-01
5827.9937 2.3063e-01
5829.7427 2.3821e-01
5831.4912 2.2692e-01
5833.2407 2.1862e-01
5834.9912 2.2876e-01
5836.7417 2.0767e-01
5838.4922 2.5363e-01
5840.2446 2.2932e-01
5841.9961 2.3022e-01
5843.7490 2.2665e-01
5845.5020 2.2464e-01
5847.2559 2.0494e-01
5849.0103 2.4073e-01
5850.7642 2.2351e-01
5852.5195 2.4787e-01
5854.2754 2.1214e-01
5856.0317 2.0097e-01
5857.7881 2.3545e-01
5859.5454 2.0607e-01
5861.3032 2.3384e-01
5863.0625 2.1163e-01
5864.8208 2.1666e-01
5866.5806 2.0857e-01
5868.3403 2.1747e-01
5870.1006 2.1717e-01
5871.8618 1.8270e-01
5873.6230 2.3360e-01
5875.3857 2.1477e-01
5877.1479 2.3815e-01
5878.9111 1.9323e-01
5880.6748 1.8939e-01
5882.4390 2.0714e-01
5884.2036 1.9665e-01
5885.9692 1.9610e-01
5887.7349 1.7912e-01
5889.5010 1.8974e-01
5891.2676 2.0577e-01
5893.0356 1.7987e-01
5894.8032 1.9166e-01
5896.5718 1.9182e-01
5898.3408 1.7776e-01
5900.1108 2.1257e-01
5901.8804 2.0677e-01
5903.6509 1.9796e-01
5905.4219 2.1522e-01
5907.1938 2.4643e-01
5908.9663 1.9785e-01
5910.7383 2.2256e-01
5912.5112 1.9597e-01
5914.2856 1.9043e-01
5916.0601 2.2477e-01
5917.8345 2.0986e-01
5919.6099 1.9664e-01
5921.3857 2.2129e-01
5923.1621 2.0514e-01
5924.9395 1.9272e-01
5926.7163 2.0438e-01
5928.4946 2.2037e-01
5930.2729 2.0389e-01
5932.0522 2.1500e-01
5933.8315 1.8670e-01
5935.6123 2.0288e-01
5937.3926 2.3598e-01
5939.1738 1.8961e-01
5940.9556 2.0280e-01
5942.7383 2.0693e-01
5944.5210 2.0122e-01
5946.3042 1.9591e-01
5948.0879 2.2065e-01
5949.8726 1.9502e-01
5951.6572 1.9066e-01
5953.4434 2.1661e-01
5955.2290 1.9742e-01
5957.0151 2.0746e-01
5958.8022 2.0121e-01
5960.5903 2.0850e-01
5962.3789 2.3550e-01
5964.1670 1.8971e-01
5965.9561 2.1945e-01
5967.7466 2.0710e-01
5969.5366 2.4413e-01
5971.3276 2.1384e-01
5973.1187 2.2275e-01
5974.9106 2.1956e-01
5976.7031 2.2041e-01
5978.4961 2.3839e-01
5980.2900 2.1085e-01
5982.0845 2.5363e-01
5983.8789 2.6217e-01
5985.6729 2.4367e-01
5987.4692 2.3389e-01
5989.2651 2.1566e-01
5991.0620 1.8381e-01
5992.8589 2.1254e-01
5994.6572 2.0343e-01
5996.4556 2.2090e-01
5998.2549 2.0072e-01
6000.0547 2.0237e-01
6001.8545 2.0970e-01
6003.6548 2.1146e-01
6005.4561 2.2198e-01
6007.2578 2.0612e-01
6009.0596 2.2292e-01
6010.8623 2.0660e-01
6012.6660 2.3120e-01
6014.4697 2.2875e-01
6016.2739 2.1409e-01
6018.0786 2.2123e-01
6019.8843 2.4721e-01
6021.6909 2.1578e-01
6023.4966 2.3405e-01
6025.3037 2.1269e-01
6027.1108 2.1489e-01
6028.9199 2.3410e-01
6030.7285 2.2300e-01
6032.5366 1.9787e-01
6034.3472 1.9155e-01
6036.1577 2.0518e-01
6037.9683 2.2183e-01
6039.7793 2.0846e-01
6041.5918 2.0975e-01
6043.4038 2.2156e-01
6045.2173 2.0826e-01
6047.0312 2.0644e-01
6048.8447 2.0446e-01
6050.6592 1.8312e-01
6052.4751 2.0325e-01
6054.2905 2.1971e-01
6056.1069 1.9193e-01
6057.9233 1.8200e-01
6059.7407 2.3059e-01
6061.5586 2.0763e-01
6063.3770 2.1963e-01
6065.1968 2.0913e-01
6067.0161 1.9251e-01
6068.8359 1.9381e-01
6070.6567 2.1234e-01
6072.4785 2.1911e-01
6074.2998 2.3450e-01
6076.1221 1.9017e-01
6077.9448 2.1013e-01
6079.7681 2.1514e-01
6081.5918 1.8848e-01
6083.4160 2.0141e-01
6085.2417 2.0326e-01
6087.0664 2.2147e-01
6088.8936 2.0029e-01
6090.7197 2.1788e-01
6092.5469 2.2688e-01
6094.3745 2.0000e-01
6096.2031 1.9953e-01
6098.0327 2.4031e-01
6099.8613 2.0795e-01
6101.6914 2.3964e-01
6103.5220 2.1982e-01
6105.3530 2.1243e-01
6107.1846 1.9276e-01
6109.0171 2.2701e-01
6110.8496 1.9278e-01
6112.6831 1.8642e-01
6114.5166 2.0195e-01
6116.3511 2.1352e-01
6118.1855 1.9044e-01
6120.0210 2.3752e-01
6121.8574 1.8923e-01
6123.6938 1.8369e-01
6125.5308 1.9119e-01
6127.3687 1.9730e-01
6129.2065 2.0392e-01
6131.0454 1.9590e-01
6132.8843 1.9501e-01
6134.7246 1.9264e-01
6136.5649 1.9734e-01
6138.4062 2.1489e-01
6140.2476 1.9297e-01
6142.0894 2.3792e-01
6143.9316 1.9752e-01
6145.7759 1.6747e-01
6147.6191 2.0362e-01
6149.4634 2.1010e-01
6151.3081 2.0928e-01
6153.1538 1.7587e-01
6155.0000 1.7242e-01
6156.8462 1.8451e-01
6158.6934 1.9465e-01
6160.5410 1.9111e-01
6162.3892 1.9030e-01
6164.2373 1.9698e-01
6166.0869 1.8376e-01
6167.9370 2.0673e-01
6169.7871 1.7737e-01
6171.6387 1.8540e-01
6173.4897 2.1205e-01
6175.3413 1.8851e-01
6177.1938 1.7892e-01
6179.0474 1.9233e-01
6180.9009 1.8196e-01
6182.7549 1.8258e-01
6184.6104 1.9423e-01
6186.4653 1.7892e-01
6188.3213 1.9137e-01
6190.1782 1.8992e-01
6192.0356 1.7737e-01
6193.8931 1.7613e-01
6195.7505 1.6035e-01
6197.6099 1.7459e-01
6199.4688 1.7886e-01
6201.3281 1.5216e-01
6203.1895 1.6484e-01
6205.0498 1.8724e-01
6206.9121 1.7149e-01
6208.7739 1.6562e-01
6210.6367 1.7233e-01
6212.4995 1.6371e-01
6214.3633 1.5699e-01
6216.2275 1.5724e-01
6218.0923 1.6024e-01
6219.9575 1.4228e-01
6221.8237 1.6749e-01
6223.6904 1.4920e-01
6225.5576 1.4145e-01
6227.4258 1.3148e-01
6229.2935 1.2934e-01
6231.1621 1.6031e-01
6233.0317 1.3504e-01
6234.9019 1.4524e-01
6236.7720 1.2467e-01
6238.6431 1.1878e-01
6240.5146 1.3082e-01
6242.3867 1.3565e-01
6244.2598 1.2708e-01
6246.1323 1.3026e-01
6248.0063 1.1502e-01
6249.8813 1.2004e-01
6251.7559 1.1740e-01
6253.6313 1.2202e-01
6255.5073 1.2051e-01
6257.3843 1.0450e-01
6259.2617 1.3199e-01
6261.1392 1.3101e-01
6263.0176 1.0865e-01
6264.8970 1.1084e-01
6266.7759 1.0185e-01
6268.6562 1.1403e-01
6270.5361 1.0302e-01
6272.4180 9.6044e-02
6274.2993 1.2609e-01
6276.1816 1.0833e-01
6278.0645 1.3216e-01
6279.9478 1.1038e-01
6281.8320 1.0772e-01
6283.7168 1.2485e-01
6285.6021 1.1995e-01
6287.4868 1.1658e-01
6289.3740 1.3651e-01
6291.2603 1.0207e-01
6293.1475 1.0964e-01
6295.0352 1.1389e-01
6296.9238 1.3186e-01
6298.8130 1.3207e-01
6300.7026 1.1106e-01
6302.5933 1.0741e-01
6304.4839 1.2177e-01
6306.3755 1.1625e-01
6308.2676 1.1559e-01
6310.1597 1.1857e-01
6312.0527 1.2013e-01
6313.9468 1.3272e-01
6315.8398 1.1645e-01
6317.7349 1.4573e-01
6319.6304 1.1565e-01
6321.5269 1.2945e-01
6323.4233 1.2745e-01
6325.3198 1.2764e-01
6327.2178 1.3049e-01
6329.1157 1.1957e-01
6331.0146 1.4246e-01
6332.9131 1.3090e-01
6334.8140 1.3095e-01
6336.7139 1.4101e-01
6338.6147 1.4283e-01
6340.5166 1.4897e-01
6342.4189 1.4036e-01
6344.3213 1.1409e-01
6346.2246 1.0457e-01
6348.1284 1.3108e-01
6350.0332 1.3256e-01
6351.9380 1.3104e-01
6353.8442 1.2877e-01
6355.7500 1.3038e-01
6357.6572 1.4224e-01
6359.5645 1.3204e-01
6361.4717 1.3808e-01
6363.3804 1.6373e-01
6365.2891 1.5716e-01
6367.1987 1.1654e-01
6369.1089 1.4417e-01
6371.0200 1.2868e-01
6372.9312 1.5228e-01
6374.8428 1.2961e-01
6376.7549 1.3559e-01
6378.6685 1.5490e-01
6380.5820 1.3599e-01
6382.4966 1.2076e-01
6384.4111 1.4624e-01
6386.3257 1.6004e-01
6388.2422 1.3093e-01
6390.1587 1.3806e-01
6392.0752 1.5202e-01
6393.9932 1.3334e-01
6395.9116 1.5924e-01
6397.8301 1.3946e-01
6399.7490 1.3668e-01
6401.6694 1.3393e-01
6403.5898 1.1736e-01
6405.5112 1.3221e-01
6407.4331 1.5677e-01
6409.3545 1.3818e-01
6411.2778 1.3087e-01
6413.2012 1.4786e-01
6415.1250 1.2153e-01
6417.0493 1.4358e-01
6418.9741 1.2715e-01
6420.9004 1.5210e-01
6422.8262 1.2514e-01
6424.7534 1.3595e-01
6426.6812 1.3028e-01
6428.6094 1.5633e-01
6430.5381 1.2388e-01
6432.4668 1.5246e-01
6434.3960 1.1241e-01
6436.3267 1.4096e-01
6438.2578 1.5785e-01
6440.1895 1.3604e-01
6442.1216 1.5618e-01
6444.0537 1.2455e-01
6445.9868 1.6005e-01
6447.9209 1.5677e-01
6449.8550 1.4716e-01
6451.7905 1.6446e-01
6453.7256 1.4530e-01
6455.6621 1.5512e-01
6457.5986 1.5791e-01
6459.5356 1.3008e-01
6461.4741 1.3684e-01
6463.4121 1.4983e-01
6465.3506 1.3878e-01
6467.2905 1.4534e-01
6469.2310 1.4676e-01
6471.1719 1.3567e-01
6473.1128 1.6595e-01
6475.0552 1.2346e-01
6476.9976 1.4463e-01
6478.9409 1.4513e-01
6480.8848 1.5104e-01
6482.8286 1.4806e-01
6484.7739 1.5075e-01
6486.7192 1.5876e-01
6488.6650 1.3058e-01
6490.6113 1.3346e-01
6492.5581 1.4411e-01
6494.5063 1.2990e-01
6496.4546 1.3476e-01
6498.4038 1.2810e-01
6500.3535 1.3451e-01
6502.3032 1.3807e-01
6504.2539 1.4577e-01
6506.2056 1.3189e-01
6508.1572 1.3591e-01
6510.1099 1.5513e-01
6512.0625 1.1971e-01
6514.0166 1.3620e-01
6515.9702 1.2927e-01
6517.9258 1.3530e-01
6519.8809 1.2888e-01
6521.8364 1.3740e-01
6523.7930 1.2363e-01
6525.7505 1.3346e-01
6527.7075 1.4416e-01
6529.6665 1.2157e-01
6531.6255 1.3796e-01
6533.5845 1.3144e-01
6535.5449 1.5960e-01
6537.5054 1.1977e-01
6539.4668 1.2525e-01
6541.4282 1.3222e-01
6543.3911 1.5665e-01
6545.3545 1.5732e-01
6547.3179 1.4086e-01
6549.2817 1.2901e-01
6551.2466 1.1834e-01
6553.2124 1.0822e-01
6555.1777 1.2165e-01
6557.1445 1.4680e-01
6559.1113 1.3961e-01
6561.0796 1.2446e-01
6563.0479 1.2988e-01
6565.0166 1.3288e-01
6566.9863 1.3764e-01
6568.9561 1.2338e-01
6570.9268 1.2039e-01
6572.8979 1.1702e-01
6574.8701 1.1500e-01
6576.8423 1.3639e-01
6578.8154 1.2972e-01
6580.7896 1.2199e-01
6582.7632 1.3330e-01
6584.7383 1.3442e-01
6586.7139 1.3672e-01
6588.6895 1.1776e-01
6590.6660 1.2498e-01
6592.6431 1.4369e-01
6594.6211 1.2032e-01
6596.5996 1.2331e-01
6598.5791 1.1829e-01
6600.5581 1.2652e-01
6602.5386 1.5380e-01
6604.5190 1.1473e-01
6606.5005 1.3041e-01
6608.4824 1.0585e-01
6610.4648 1.2769e-01
6612.4482 1.2621e-01
6614.4326 1.3496e-01
6616.4160 1.0117e-01
6618.4009 9.7648e-02
6620.3867 1.2052e-01
6622.3730 1.1258e-01
6624.3594 1.1032e-01
6626.3467 1.1074e-01
6628.3350 1.2082e-01
6630.3232 1.3095e-01
6632.3125 1.3175e-01
6634.3022 1.2317e-01
6636.2920 1.2705e-01
6638.2827 1.0740e-01
6640.2744 1.1760e-01
6642.2671 1.1457e-01
6644.2593 1.1379e-01
6646.2529 1.1461e-01
6648.2471 1.1194e-01
6650.2412 8.9852e-02
6652.2358 1.2300e-01
6654.2314 1.0662e-01
6656.2280 1.1294e-01
6658.2251 1.2023e-01
6660.2222 1.0598e-01
6662.2207 1.0539e-01
6664.2197 1.1676e-01
6666.2178 1.0686e-01
6668.2178 1.0492e-01
6670.2188 1.2546e-01
6672.2192 9.3520e-02
6674.2212 1.1856e-01
6676.2241 1.1138e-01
6678.2266 1.1907e-01
6680.2300 1.0191e-01
6682.2334 1.1153e-01
6684.2388 8.9493e-02
6686.2446 9.2353e-02
6688.2500 1.0729e-01
6690.2563 1.0786e-01
6692.2627 8.1615e-02
6694.2715 1.2801e-01
6696.2793 9.1262e-02
6698.2881 9.1949e-02
6700.2979 9.8512e-02
6702.3081 1.0919e-01
6704.3188 1.0537e-01
6706.3301 1.0726e-01
6708.3418 1.0975e-01
6710.3545 7.7660e-02
6712.3672 1.0431e-01
6714.3809 8.3636e-02
6716.3955 1.0380e-01
6718.4106 1.0673e-01
6720.4263 9.5607e-02
6722.4419 9.9351e-02
6724.4585 8.5840e-02
6726.4756 9.3868e-02
6728.4946 8.7160e-02
6730.5127 8.6216e-02
6732.5312 1.1588e-01
6734.5513 8.9848e-02
6736.5718 9.1392e-02
6738.5923 9.9598e-02
6740.6152 8.1766e-02
6742.6367 9.8311e-02
6744.6587 9.4086e-02
6746.6831 1.0106e-01
6748.7065 8.9200e-02
6750.7310 7.4733e-02
6752.7563 1.0478e-01
6754.7822 9.8191e-02
6756.8091 9.1403e-02
6758.8359 1.0252e-01
6760.8633 1.0037e-01
6762.8916 9.3447e-02
6764.9209 8.9342e-02
6766.9502 7.2774e-02
6768.9805 8.2077e-02
6771.0107 8.9941e-02
6773.0425 8.4887e-02
6775.0742 8.8005e-02
6777.1064 1.1155e-01
6779.1401 9.5913e-02
6781.1733 9.0888e-02
6783.2080 7.9221e-02
6785.2427 8.5002e-02
6787.2783 8.7429e-02
6789.3149 8.7437e-02
6791.3516 8.8805e-02
6793.3887 1.0369e-01
6795.4272 6.9157e-02
6797.4653 8.5322e-02
6799.5049 7.5672e-02
6801.5444 9.1669e-02
6803.5854 9.6097e-02
6805.6260 7.8100e-02
6807.6685 9.0325e-02
6809.7100 6.8761e-02
6811.7534 7.7681e-02
6813.7964 8.8658e-02
6815.8408 9.1512e-02
6817.8853 9.5321e-02
6819.9312 6.6805e-02
6821.9771 6.3429e-02
6824.0234 6.5676e-02
6826.0703 9.8672e-02
6828.1182 9.0055e-02
6830.1670 7.2378e-02
6832.2163 6.7475e-02
6834.2651 6.4458e-02
6836.3154 9.8742e-02
6838.3667 8.1783e-02
6840.4180 8.9905e-02
6842.4702 6.3466e-02
6844.5229 6.5026e-02
6846.5762 7.7825e-02
6848.6304 6.8650e-02
6850.6851 7.3046e-02
6852.7402 7.4035e-02
6854.7959 6.7314e-02
6856.8525 7.8902e-02
6858.9097 8.6380e-02
6860.9668 6.7465e-02
6863.0254 6.9973e-02
6865.0845 7.5272e-02
6867.1440 8.5673e-02
6869.2041 8.1529e-02
6871.2646 7.5078e-02
6873.3257 7.5072e-02
6875.3882 5.8451e-02
6877.4512 8.4830e-02
6879.5137 6.7837e-02
6881.5781 5.8311e-02
6883.6421 6.6420e-02
6885.7075 7.2730e-02
6887.7729 6.1239e-02
6889.8394 7.6550e-02
6891.9062 7.4782e-02
6893.9746 8.2893e-02
6896.0425 7.5845e-02
6898.1113 6.3404e-02
6900.1802 6.2746e-02
6902.2505 6.5048e-02
6904.3213 7.9218e-02
6906.3926 8.4009e-02
6908.4648 7.5703e-02
6910.5366 5.0997e-02
6912.6099 8.4647e-02
6914.6841 6.4583e-02
6916.7588 6.7441e-02
6918.8335 6.6902e-02
6920.9092 5.5268e-02
6922.9849 7.2563e-02
6925.0620 7.4025e-02
6927.1401 7.1456e-02
6929.2178 8.0877e-02
6931.2964 7.2941e-02
6933.3760 7.0579e-02
6935.4561 7.5864e-02
6937.5371 6.3371e-02
6939.6182 6.0845e-02
6941.7002 5.7018e-02
6943.7822 7.1888e-02
6945.8657 5.5734e-02
6947.9487 6.7285e-02
6950.0337 5.6930e-02
6952.1182 6.7668e-02
6954.2046 7.0627e-02
6956.2905 6.1248e-02
6958.3779 8.1923e-02
6960.4644 6.6524e-02
6962.5527 4.8892e-02
6964.6421 6.0969e-02
6966.7314 6.4713e-02
6968.8208 7.3237e-02
6970.9116 6.9113e-02
6973.0029 6.8976e-02
6975.0947 6.1568e-02
6977.1880 5.5938e-02
6979.2803 6.3509e-02
6981.3745 8.2429e-02
6983.4692 7.6668e-02
6985.5635 5.8858e-02
6987.6602 6.7333e-02
6989.7559 6.2663e-02
6991.8525 6.4480e-02
6993.9507 5.5119e-02
6996.0488 8.3501e-02
6998.1479 6.8480e-02
7000.2471 5.5457e-02
7002.3467 7.1293e-02
7004.4468 6.2363e-02
7006.5488 7.1280e-02
7008.6514 6.0808e-02
7010.7529 5.8931e-02
7012.8564 6.5012e-02
7014.9609 6.7875e-02
7017.0654 6.7762e-02
7019.1699 4.7900e-02
7021.2759 6.8831e-02
7023.3823 5.6007e-02
7025.4893 7.1097e-02
7027.5977 7.3901e-02
7029.7051 6.6207e-02
7031.8145 6.5714e-02
7033.9238 5.5892e-02
7036.0337 6.5223e-02
7038.1450 6.4144e-02
7040.2559 6.2545e-02
7042.3687 5.9326e-02
7044.4805 6.7498e-02
7046.5938 7.2675e-02
7048.7080 5.4132e-02
7050.8228 6.8744e-02
7052.9385 6.4389e-02
7055.0542 6.1239e-02
7057.1704 7.7024e-02
7059.2881 5.8873e-02
7061.4053 5.9406e-02
7063.5234 6.8124e-02
7065.6431 6.3718e-02
7067.7627 5.9998e-02
7069.8828 5.8610e-02
7072.0039 6.6340e-02
7074.1255 5.9696e-02
7076.2476 6.9663e-02
7078.3706 6.5344e-02
7080.4937 6.1867e-02
7082.6187 4.5462e-02
7084.7432 6.0430e-02
7086.8687 5.5174e-02
7088.9946 7.3759e-02
7091.1216 6.0738e-02
7093.2490 6.3222e-02
7095.3765 5.8884e-02
7097.5049 7.8112e-02
7099.6348 5.2640e-02
7101.7642 6.2133e-02
7103.8945 4.8775e-02
7106.0264 6.4768e-02
7108.1582 7.3150e-02
7110.2905 5.1752e-02
7112.4229 5.3303e-02
7114.5571 6.7702e-02
7116.6914 6.2603e-02
7118.8262 5.7718e-02
7120.9619 6.5628e-02
7123.0986 5.1178e-02
7125.2354 6.3762e-02
7127.3730 5.3855e-02
7129.5112 5.7857e-02
7131.6499 5.5043e-02
7133.7896 5.6117e-02
7135.9292 5.7110e-02
7138.0703 6.8541e-02
7140.2119 6.2208e-02
7142.3540 5.9413e-02
7144.4966 5.5728e-02
7146.6396 5.6596e-02
7148.7842 5.2178e-02
7150.9287 5.1641e-02
7153.0742 5.3723e-02
7155.2197 5.7259e-02
7157.3667 6.3239e-02
7159.5137 5.3247e-02
7161.6616 6.0280e-02
7163.8101 5.6690e-02
7165.9590 5.0954e-02
7168.1089 6.2850e-02
7170.2593 4.1152e-02
7172.4102 5.4046e-02
7174.5625 5.8863e-02
7176.7144 5.1602e-02
7178.8672 5.5215e-02
7181.0210 5.4603e-02
7183.1753 6.1165e-02
7185.3306 6.9300e-02
7187.4858 5.1771e-02
7189.6421 7.1132e-02
7191.7988 3.8944e-02
7193.9565 5.0645e-02
7196.1147 6.2008e-02
7198.2734 5.3296e-02
7200.4336 5.8712e-02
7202.5928 4.7370e-02
7204.7539 4.6322e-02
7206.9155 5.5553e-02
7209.0771 6.9082e-02
7211.2402 5.6449e-02
7213.4033 6.1835e-02
7215.5674 5.9800e-02
7217.7324 4.8559e-02
7219.8979 5.6979e-02
7222.0635 6.1592e-02
7224.2300 5.5992e-02
7226.3979 3.2099e-02
7228.5654 6.0385e-02
7230.7334 5.0300e-02
7232.9033 4.6880e-02
7235.0728 6.8183e-02
7237.2432 4.0490e-02
7239.4150 5.2110e-02
7241.5864 5.8958e-02
7243.7593 5.4685e-02
7245.9321 6.0539e-02
7248.1060 6.3067e-02
7250.2803 6.4932e-02
7252.4551 5.1751e-02
7254.6313 7.0343e-02
7256.8076 7.0786e-02
7258.9849 5.6001e-02
7261.1626 5.6942e-02
7263.3408 5.9485e-02
7265.5200 5.0551e-02
7267.6992 6.4046e-02
7269.8799 3.8797e-02
7272.0605 6.2275e-02
7274.2422 5.2883e-02
7276.4243 4.9434e-02
7278.6069 5.3359e-02
7280.7910 5.2277e-02
7282.9751 5.7577e-02
7285.1602 5.8947e-02
7287.3452 6.8426e-02
7289.5317 5.5783e-02
7291.7188 4.1874e-02
7293.9067 5.3754e-02
7296.0947 5.5024e-02
7298.2832 4.7464e-02
7300.4727 5.4965e-02
7302.6631 5.3831e-02
7304.8540 4.8510e-02
7307.0454 4.9345e-02
7309.2373 3.8099e-02
7311.4292 4.8445e-02
7313.6235 4.4537e-02
7315.8179 4.1785e-02
7318.0122 6.0155e-02
7320.2075 4.4091e-02
7322.4038 6.1754e-02
7324.6001 5.6943e-02
7326.7979 5.1304e-02
7328.9961 5.7135e-02
7331.1943 5.0012e-02
7333.3936 4.8915e-02
7335.5938 5.4017e-02
7337.7944 8.4449e-02
7339.9956 5.2609e-02
7342.1982 5.7515e-02
7344.4004 6.1947e-02
7346.6035 6.0806e-02
7348.8081 4.6856e-02
7351.0127 4.1251e-02
7353.2183 5.4262e-02
7355.4238 3.8610e-02
7357.6304 5.4509e-02
7359.8374 3.4414e-02
7362.0459 4.5498e-02
7364.2549 5.4176e-02
7366.4634 4.1987e-02
7368.6738 3.2861e-02
7370.8838 5.0120e-02
7373.0957 4.4674e-02
7375.3071 5.8127e-02
7377.5200 4.9818e-02
7379.7334 5.0123e-02
7381.9473 4.9185e-02
7384.1616 4.9631e-02
7386.3770 5.0149e-02
7388.5928 5.0569e-02
7390.8096 5.2821e-02
7393.0264 5.0018e-02
7395.2446 3.5904e-02
7397.4639 4.8940e-02
7399.6826 5.3135e-02
7401.9023 4.6281e-02
7404.1230 4.9781e-02
7406.3438 4.6430e-02
7408.5654 3.5660e-02
7410.7886 4.6597e-02
7413.0122 4.1818e-02
7415.2354 3.9881e-02
7417.4604 4.4569e-02
7419.6855 5.3116e-02
7421.9116 3.7204e-02
7424.1382 3.7749e-02
7426.3652 4.9294e-02
7428.5933 3.5739e-02
7430.8218 5.1358e-02
7433.0513 4.1218e-02
7435.2808 5.3977e-02
7437.5117 4.3857e-02
7439.7432 4.8868e-02
7441.9741 4.9184e-02
7444.2070 4.8878e-02
7446.4404 4.4733e-02
7448.6748 3.9295e-02
7450.9097 4.7800e-02
7453.1440 3.7260e-02
7455.3809 4.7676e-02
7457.6167 4.2598e-02
7459.8545 4.3971e-02
7462.0923 4.6161e-02
7464.3306 3.5104e-02
7466.5698 4.9807e-02
7468.8096 4.7404e-02
7471.0503 4.4415e-02
7473.2920 4.1906e-02
7475.5342 4.4882e-02
7477.7769 4.8351e-02
7480.0205 4.9346e-02
7482.2637 4.7041e-02
7484.5088 4.0873e-02
7486.7539 3.9188e-02
7489.0000 3.7295e-02
7491.2471 3.8504e-02
7493.4937 3.7074e-02
7495.7422 4.7473e-02
7497.9912 3.5132e-02
7500.2402 4.3526e-02
7502.4902 4.2207e-02
7504.7412 5.2090e-02
7506.9927 4.7009e-02
7509.2441 5.3194e-02
7511.4976 4.0786e-02
7513.7510 4.4073e-02
7516.0044 4.2440e-02
7518.2593 3.8669e-02
7520.5151 4.4571e-02
7522.7715 3.7114e-02
7525.0283 2.9352e-02
7527.2861 4.4797e-02
7529.5439 4.9616e-02
7531.8027 3.9158e-02
7534.0620 4.4581e-02
7536.3228 3.3096e-02
7538.5835 4.9910e-02
7540.8447 4.1771e-02
7543.1074 3.8859e-02
7545.3706 3.8009e-02
7547.6338 3.3244e-02
7549.8984 4.2887e-02
7552.1626 3.8283e-02
7554.4292 4.3388e-02
7556.6948 3.8324e-02
7558.9619 3.7915e-02
7561.2295 3.9373e-02
7563.4976 4.0248e-02
7565.7671 4.0243e-02
7568.0366 3.8105e-02
7570.3071 4.1178e-02
7572.5786 3.5470e-02
7574.8511 3.3371e-02
7577.1230 3.4375e-02
7579.3960 4.5514e-02
7581.6694 4.6696e-02
7583.9443 4.6781e-02
7586.2192 3.9656e-02
7588.4956 3.4180e-02
7590.7715 3.7670e-02
7593.0488 4.3929e-02
7595.3262 3.1237e-02
7597.6060 3.7108e-02
7599.8843 4.0805e-02
7602.1641 4.0058e-02
7604.4448 3.3714e-02
7606.7271 3.9389e-02
7609.0093 4.9055e-02
7611.2910 3.7320e-02
7613.5752 3.1458e-02
7615.8589 3.9978e-02
7618.1440 4.1977e-02
7620.4292 4.6268e-02
7622.7153 2.9881e-02
7625.0020 4.2763e-02
7627.2896 3.6034e-02
7629.5781 4.5863e-02
7631.8662 3.5942e-02
7634.1562 3.9777e-02
7636.4468 3.9186e-02
7638.7378 4.0698e-02
7641.0288 3.6887e-02
7643.3213 2.1076e-02
7645.6138 2.8175e-02
7647.9072 3.6220e-02
7650.2021 3.3620e-02
7652.4971 3.7273e-02
7654.7935 3.3755e-02
7657.0894 3.1192e-02
7659.3867 3.0987e-02
7661.6846 3.7037e-02
7663.9829 3.3407e-02
7666.2817 3.0223e-02
7668.5825 3.3798e-02
7670.8823 4.4469e-02
7673.1841 4.8242e-02
7675.4854 3.6802e-02
7677.7891 3.4791e-02
7680.0918 3.4419e-02
7682.3960 2.5664e-02
7684.7002 3.4317e-02
7687.0059 2.7335e-02
7689.3125 3.9843e-02
7691.6191 3.6674e-02
7693.9268 4.7137e-02
7696.2344 4.0043e-02
7698.5430 3.2656e-02
7700.8530 3.1780e-02
7703.1631 4.1119e-02
7705.4746 3.1100e-02
7707.7856 4.9662e-02
7710.0981 3.9657e-02
7712.4111 3.3659e-02
7714.7251 3.3409e-02
7717.0391 2.0052e-02
7719.3540 2.7443e-02
7721.6699 2.8500e-02
7723.9868 4.3910e-02
7726.3042 4.3553e-02
7728.6216 4.0588e-02
7730.9409 3.0333e-02
7733.2593 3.6812e-02
7735.5796 4.5830e-02
7737.9004 3.8007e-02
7740.2217 4.2491e-02
7742.5435 4.0628e-02
7744.8662 3.5397e-02
7747.1895 3.9259e-02
7749.5142 3.3273e-02
7751.8394 3.3988e-02
7754.1650 3.8167e-02
7756.4907 3.7613e-02
7758.8174 3.0004e-02
7761.1450 3.5900e-02
7763.4736 3.4742e-02
7765.8022 3.4897e-02
7768.1323 3.2465e-02
7770.4634 3.3510e-02
7772.7944 4.2993e-02
7775.1260 3.3666e-02
7777.4585 4.2142e-02
7779.7915 3.5502e-02
7782.1260 3.5360e-02
7784.4604 3.1070e-02
7786.7954 2.9675e-02
7789.1318 3.4301e-02
7791.4683 2.6593e-02
7793.8062 2.6006e-02
7796.1436 3.3247e-02
7798.4824 3.3588e-02
7800.8218 3.8753e-02
7803.1626 3.6291e-02
7805.5034 2.3188e-02
7807.8447 2.5713e-02
7810.1880 3.7565e-02
7812.5303 3.3232e-02
7814.8745 4.1922e-02
7817.2192 3.1894e-02
7819.5640 3.9544e-02
7821.9106 3.9838e-02
7824.2559 3.7668e-02
7826.6040 3.1657e-02
7828.9521 2.8018e-02
7831.3003 2.7659e-02
7833.6499 3.0953e-02
7835.9995 3.3723e-02
7838.3511 3.5713e-02
7840.7021 2.9733e-02
7843.0547 3.2267e-02
7845.4077 2.6084e-02
7847.7603 4.0693e-02
7850.1152 3.3362e-02
7852.4702 2.4917e-02
7854.8262 2.1703e-02
7857.1821 3.2660e-02
7859.5396 5.1156e-02
7861.8975 3.3124e-02
7864.2559 2.6027e-02
7866.6157 2.4458e-02
7868.9756 3.2908e-02
7871.3359 2.7733e-02
7873.6978 3.6140e-02
7876.0601 4.1729e-02
7878.4224 4.2242e-02
7880.7856 2.9774e-02
7883.1509 3.6827e-02
7885.5151 4.0941e-02
7887.8809 4.0085e-02
7890.2476 3.7374e-02
7892.6147 4.1672e-02
7894.9814 3.5087e-02
7897.3501 4.5005e-02
7899.7192 3.0719e-02
7902.0898 3.9019e-02
7904.4604 4.0867e-02
7906.8311 3.1159e-02
7909.2036 3.8454e-02
7911.5767 3.3200e-02
7913.9497 4.0823e-02
7916.3247 3.8084e-02
7918.6987 4.4079e-02
7921.0742 3.9436e-02
7923.4512 3.6297e-02
7925.8276 3.6852e-02
7928.2051 3.8133e-02
7930.5845 4.0043e-02
7932.9634 3.3888e-02
7935.3433 3.6746e-02
7937.7236 3.9275e-02
7940.1050 4.7269e-02
7942.4873 3.7156e-02
7944.8701 3.9377e-02
7947.2529 3.2885e-02
7949.6377 3.6668e-02
7952.0225 4.1832e-02
7954.4082 4.1693e-02
7956.7949 4.1743e-02
7959.1807 4.2569e-02
7961.5688 4.4217e-02
7963.9580 3.7749e-02
7966.3462 4.6001e-02
7968.7368 3.4361e-02
7971.1274 3.3691e-02
7973.5181 3.6998e-02
7975.9111 3.8076e-02
7978.3032 4.3867e-02
7980.6973 3.2927e-02
7983.0908 5.8546e-02
7985.4858 2.9604e-02
7987.8823 3.6964e-02
7990.2778 4.3834e-02
7992.6748 3.3783e-02
7995.0728 3.4793e-02
7997.4717 4.3243e-02
7999.8711 4.2093e-02
8002.2710 3.2845e-02
8004.6709 3.4191e-02
8007.0723 3.6846e-02
8009.4746 2.8373e-02
8011.8779 3.5164e-02
8014.2812 4.2793e-02
8016.6855 4.8557e-02
8019.0903 3.7840e-02
8021.4966 3.3817e-02
8023.9028 3.0044e-02
8026.3105 4.6141e-02
8028.7173 3.7535e-02
8031.1260 3.2612e-02
8033.5361 3.9252e-02
8035.9458 3.0325e-02
8038.3569 4.6274e-02
8040.7681 3.8446e-02
8043.1807 4.6254e-02
8045.5933 4.1475e-02
8048.0068 4.1549e-02
8050.4214 3.4977e-02
8052.8364 4.2248e-02
8055.2520 3.5906e-02
8057.6689 3.2692e-02
8060.0864 3.7630e-02
8062.5049 3.5796e-02
8064.9229 3.7257e-02
8067.3423 3.8286e-02
8069.7632 3.7041e-02
8072.1836 3.9368e-02
8074.6050 3.5113e-02
8077.0278 4.3512e-02
8079.4507 3.8671e-02
8081.8745 4.3068e-02
8084.2988 4.2816e-02
8086.7251 4.1950e-02
8089.1509 4.8382e-02
8091.5771 5.2602e-02
8094.0049 4.4691e-02
8096.4331 3.1222e-02
8098.8618 4.0848e-02
8101.2910 5.3523e-02
8103.7217 2.9562e-02
8106.1528 3.1533e-02
8108.5845 4.0225e-02
8111.0171 4.4953e-02
8113.4502 3.8429e-02
8115.8843 3.2566e-02
8118.3188 3.2953e-02
8120.7549 3.9481e-02
8123.1914 3.0410e-02
8125.6284 4.3432e-02
8128.0659 4.1777e-02
8130.5049 3.6935e-02
8132.9438 4.0323e-02
8135.3833 2.8314e-02
8137.8237 5.3279e-02
8140.2651 2.8576e-02
8142.7075 2.8884e-02
8145.1504 3.5991e-02
8147.5938 3.3642e-02
8150.0376 4.0148e-02
8152.4834 3.0435e-02
8154.9292 3.2180e-02
8157.3750 3.9465e-02
8159.8228 4.0830e-02
8162.2705 3.9995e-02
8164.7192 2.7405e-02
8167.1685 3.0420e-02
8169.6187 5.4941e-02
8172.0693 3.2154e-02
8174.5210 3.2374e-02
8176.9736 4.2276e-02
8179.4268 3.8532e-02
8181.8809 4.6008e-02
8184.3350 3.8448e-02
8186.7900 4.3931e-02
8189.2456 4.9368e-02
8191.7031 4.4748e-02
8194.1602 3.8438e-02
8196.6191 2.6197e-02
8199.0781 3.3700e-02
8201.5371 3.3314e-02
8203.9980 2.7116e-02
8206.4590 3.5674e-02
8208.9219 3.0043e-02
8211.3838 3.0241e-02
8213.8477 3.6359e-02
8216.3115 3.0022e-02
8218.7764 3.2628e-02
8221.2422 4.6106e-02
8223.7090 3.7099e-02
8226.1758 3.7668e-02
8228.6436 3.8853e-02
8231.1123 4.1811e-02
8233.5811 4.3509e-02
8236.0518 3.8072e-02
8238.5215 3.6872e-02
8240.9932 4.3423e-02
8243.4658 3.5469e-02
8245.9395 4.5403e-02
8248.4131 3.7743e-02
8250.8877 4.3232e-02
8253.3623 5.2456e-02
8255.8389 3.2723e-02
8258.3154 3.3401e-02
8260.7920 3.2874e-02
8263.2715 4.3670e-02
8265.7500 4.4651e-02
8268.2305 3.1429e-02
8270.7100 2.8705e-02
8273.1914 3.1154e-02
8275.6738 3.9385e-02
8278.1553 2.2039e-02
8280.6396 2.9236e-02
8283.1240 2.7574e-02
8285.6094 3.5742e-02
8288.0947 3.1273e-02
8290.5811 3.6417e-02
8293.0674 3.8570e-02
8295.5557 3.9173e-02
8298.0449 3.0203e-02
8300.5352 4.4628e-02
8303.0234 2.8052e-02
8305.5156 2.7658e-02
8308.0068 2.4933e-02
8310.5000 3.8620e-02
8312.9922 2.9193e-02
8315.4863 2.8529e-02
8317.9805 3.1590e-02
8320.4766 3.2383e-02
8322.9717 3.3563e-02
8325.4697 3.4313e-02
8327.9668 3.3353e-02
8330.4658 3.0884e-02
8332.9639 3.1433e-02
8335.4648 2.8918e-02
8337.9648 3.0788e-02
8340.4668 3.3903e-02
8342.9688 3.5689e-02
8345.4717 3.6076e-02
8347.9746 3.2701e-02
8350.4795 3.8783e-02
8352.9844 3.0641e-02
8355.4902 3.5082e-02
8357.9971 3.1098e-02
8360.5039 3.9951e-02
8363.0127 3.2552e-02
8365.5215 4.0191e-02
8368.0312 3.3241e-02
8370.5420 3.1094e-02
8373.0527 4.0418e-02
8375.5654 2.4559e-02
8378.0771 2.2465e-02
8380.5908 3.5004e-02
8383.1045 3.9938e-02
8385.6191 2.6836e-02
8388.1348 2.6561e-02
8390.6523 3.9864e-02
8393.1689 3.2626e-02
8395.6865 2.9475e-02
8398.2061 2.9678e-02
8400.7246 2.8336e-02
8403.2461 3.9244e-02
8405.7666 2.8704e-02
8408.2881 3.7563e-02
8410.8105 2.6639e-02
8413.3340 3.1069e-02
8415.8584 2.9727e-02
8418.3818 4.1374e-02
8420.9082 4.2750e-02
8423.4346 2.9145e-02
8425.9609 2.8818e-02
8428.4893 4.0055e-02
8431.0186 3.1780e-02
8433.5479 4.1094e-02
8436.0771 3.6923e-02
8438.6074 3.9431e-02
8441.1396 3.3293e-02
8443.6729 4.4299e-02
8446.2051 2.9664e-02
8448.7383 3.2787e-02
8451.2734 3.7350e-02
8453.8086 3.5109e-02
8456.3457 4.2793e-02
8458.8828 3.7604e-02
8461.4199 3.2345e-02
8463.9580 3.1067e-02
8466.4971 3.8736e-02
8469.0371 3.6857e-02
8471.5781 3.9309e-02
8474.1191 3.1604e-02
8476.6621 4.2776e-02
8479.2051 3.8350e-02
8481.7480 4.7578e-02
8484.2930 4.2100e-02
8486.8379 2.7923e-02
8489.3848 3.6223e-02
8491.9316 3.6754e-02
8494.4795 3.1048e-02
8497.0264 2.9418e-02
8499.5762 3.6830e-02
8502.1260 2.6999e-02
8504.6777 4.3743e-02
8507.2285 4.0245e-02
8509.7803 3.6401e-02
8512.3330 4.4908e-02
8514.8857 3.8405e-02
8517.4414 4.1477e-02
8519.9961 3.4824e-02
8522.5527 2.2338e-02
8525.1094 2.9716e-02
8527.6670 5.2551e-02
8530.2246 3.4106e-02
8532.7842 4.3164e-02
8535.3438 4.5172e-02
8537.9053 3.4543e-02
8540.4668 4.8684e-02
8543.0273 4.4153e-02
8545.5908 5.0233e-02
8548.1543 4.3753e-02
8550.7188 3.0962e-02
8553.2842 3.8825e-02
8555.8496 4.3487e-02
8558.4170 3.9499e-02
8560.9844 3.7959e-02
8563.5527 4.7361e-02
8566.1221 3.6732e-02
8568.6914 3.6923e-02
8571.2617 3.9261e-02
8573.8350 5.3762e-02
8576.4062 3.1698e-02
8578.9785 3.4842e-02
8581.5527 4.7528e-02
8584.1270 4.6069e-02
8586.7031 3.8515e-02
8589.2783 4.2597e-02
8591.8555 3.3884e-02
8594.4326 4.1319e-02
8597.0117 3.5596e-02
8599.5898 4.0655e-02
8602.1699 5.0209e-02
8604.7500 5.0407e-02
8607.3320 4.1556e-02
8609.9150 4.4512e-02
8612.4971 4.4837e-02
8615.0811 4.0030e-02
8617.6660 6.0457e-02
8620.2500 4.5636e-02
8622.8369 4.3359e-02
8625.4229 3.7645e-02
8628.0117 4.8940e-02
8630.6006 4.6212e-02
8633.1885 3.7351e-02
8635.7793 4.7475e-02
8638.3711 5.3713e-02
8640.9609 3.9524e-02
8643.5527 5.3899e-02
8646.1465 4.1422e-02
8648.7393 3.6337e-02
8651.3350 4.7029e-02
8653.9307 4.3335e-02
8656.5264 4.7839e-02
8659.1230 4.3992e-02
8661.7207 5.7543e-02
8664.3203 4.3293e-02
8666.9189 4.7503e-02
8669.5186 5.1873e-02
8672.1201 3.9617e-02
8674.7217 4.6767e-02
8677.3242 3.4132e-02
8679.9277 4.0714e-02
8682.5312 4.9618e-02
8685.1367 4.6493e-02
8687.7412 5.5980e-02
8690.3477 4.6052e-02
8692.9551 3.4267e-02
8695.5625 6.1402e-02
8698.1709 4.1489e-02
8700.7803 3.9524e-02
8703.3916 5.9387e-02
8706.0020 5.4097e-02
8708.6133 4.7094e-02
8711.2266 4.4396e-02
8713.8398 5.4326e-02
8716.4541 4.6863e-02
8719.0684 3.6915e-02
8721.6846 4.5364e-02
8724.3018 4.3207e-02
8726.9189 4.0321e-02
8729.5371 4.3523e-02
8732.1553 4.5163e-02
8734.7754 4.9832e-02
8737.3955 5.5299e-02
8740.0166 5.3361e-02
8742.6387 4.2672e-02
8745.2607 3.9706e-02
8747.8848 4.5759e-02
8750.5098 4.0729e-02
8753.1348 4.7561e-02
8755.7607 3.8813e-02
8758.3867 4.1386e-02
8761.0146 3.9587e-02
8763.6436 4.2067e-02
8766.2715 4.6692e-02
8768.9023 3.1510e-02
8771.5322 4.5340e-02
8774.1641 4.9568e-02
8776.7959 4.3063e-02
8779.4287 4.7941e-02
8782.0635 4.8659e-02
8784.6982 3.1929e-02
8787.3330 6.2710e-02
8789.9697 4.5122e-02
8792.6074 4.9512e-02
8795.2451 3.8599e-02
8797.8838 4.0405e-02
8800.5234 3.9138e-02
8803.1621 3.5811e-02
8805.8027 4.3937e-02
8808.4453 4.6391e-02
8811.0879 2.9810e-02
8813.7314 4.7290e-02
8816.3750 4.4819e-02
8819.0205 3.7542e-02
8821.6660 3.5570e-02
8824.3125 4.6544e-02
8826.9590 4.2050e-02
8829.6084 3.8995e-02
8832.2568 4.6216e-02
8834.9062 4.5846e-02
8837.5557 4.6789e-02
8840.2080 4.4263e-02
8842.8594 4.3758e-02
8845.5127 3.9747e-02
8848.1670 4.1674e-02
8850.8213 4.0545e-02
8853.4766 3.9088e-02
8856.1328 3.8426e-02
8858.7881 4.5522e-02
8861.4463 3.6705e-02
8864.1045 5.2373e-02
8866.7646 5.3110e-02
8869.4238 4.8912e-02
8872.0850 3.1088e-02
8874.7471 4.2357e-02
8877.4092 4.5940e-02
8880.0732 3.5028e-02
8882.7373 3.8311e-02
8885.4014 3.5208e-02
8888.0674 4.4188e-02
8890.7334 5.2678e-02
8893.4004 3.6426e-02
8896.0684 4.0040e-02
8898.7373 3.6419e-02
8901.4072 2.9978e-02
8904.0771 3.0850e-02
8906.7480 4.2122e-02
8909.4199 4.3986e-02
8912.0938 4.4606e-02
8914.7676 3.5734e-02
8917.4414 4.7602e-02
8920.1172 3.9821e-02
8922.7930 4.4390e-02
8925.4697 4.9966e-02
8928.1475 4.3460e-02
8930.8262 4.3411e-02
8933.5049 4.2177e-02
8936.1855 3.8628e-02
8938.8652 5.1490e-02
8941.5469 3.7286e-02
8944.2295 3.9607e-02
8946.9141 4.6067e-02
8949.5977 4.2779e-02
8952.2822 3.5431e-02
8954.9678 4.7535e-02
8957.6553 4.2072e-02
8960.3418 4.9733e-02
8963.0293 4.1839e-02
8965.7178 3.4082e-02
8968.4082 4.5513e-02
8971.0986 4.3900e-02
8973.7910 3.7685e-02
8976.4824 5.0485e-02
8979.1748 4.4451e-02
8981.8691 4.2536e-02
8984.5635 3.0305e-02
8987.2588 4.8966e-02
8989.9551 4.0643e-02
8992.6523 3.6417e-02
8995.3506 4.1650e-02
8998.0488 4.2603e-02
9000.7480 3.4697e-02
9003.4482 3.7701e-02
9006.1494 3.7283e-02
9008.8516 4.7680e-02
9011.5537 3.7775e-02
9014.2578 4.7694e-02
9016.9609 3.3376e-02
9019.6660 3.9405e-02
9022.3721 3.9461e-02
9025.0791 3.7637e-02
9027.7871 4.4143e-02
9030.4951 3.8160e-02
9033.2051 3.4955e-02
9035.9150 4.0934e-02
9038.6260 3.7789e-02
9041.3369 4.4280e-02
9044.0498 3.5878e-02
9046.7627 4.3322e-02
9049.4766 4.4098e-02
9052.1914 4.4558e-02
9054.9072 4.2161e-02
9057.6240 3.4874e-02
9060.3398 3.9260e-02
9063.0586 3.4081e-02
9065.7773 4.4234e-02
9068.4971 3.6073e-02
9071.2168 4.1665e-02
9073.9395 4.8085e-02
9076.6611 3.5054e-02
9079.3848 3.8320e-02
9082.1074 3.0414e-02
9084.8330 3.7073e-02
9087.5576 3.7534e-02
9090.2832 2.6098e-02
9093.0117 3.4868e-02
9095.7393 4.9473e-02
9098.4688 3.6895e-02
9101.1973 3.1024e-02
9103.9287 3.5696e-02
9106.6592 2.7357e-02
9109.3906 3.2845e-02
9112.1250 2.8181e-02
9114.8584 4.8933e-02
9117.5928 4.6414e-02
9120.3271 3.4541e-02
9123.0635 3.7267e-02
9125.8008 2.8574e-02
9128.5391 4.0387e-02
9131.2764 3.4867e-02
9134.0156 3.9982e-02
9136.7568 3.9479e-02
9139.4980 3.8352e-02
9142.2383 2.9467e-02
9144.9814 3.2790e-02
9147.7266 3.2591e-02
9150.4707 3.4167e-02
9153.2158 3.5526e-02
9155.9609 2.6056e-02
9158.7070 3.4077e-02
9161.4551 2.6706e-02
9164.2041 3.3445e-02
9166.9531 3.7703e-02
9169.7031 2.7633e-02
9172.4541 2.6027e-02
9175.2051 3.6619e-02
9177.9580 3.9189e-02
9180.7109 3.0719e-02
9183.4668 3.1847e-02
9186.2207 3.9109e-02
9188.9766 4.2509e-02
9191.7334 3.2522e-02
9194.4912 2.6508e-02
9197.2490 2.4351e-02
9200.0088 3.0056e-02
9202.7686 2.7239e-02
9205.5293 3.3852e-02
9208.2920 3.1493e-02
9211.0527 3.1384e-02
9213.8164 2.8145e-02
9216.5811 3.7583e-02
9219.3467 3.3692e-02
9222.1113 3.8770e-02
9224.8789 3.6677e-02
9227.6455 2.3923e-02
9230.4141 3.6904e-02
9233.1836 3.0704e-02
9235.9531 3.2250e-02
9238.7246 3.4250e-02
9241.4951 2.6637e-02
9244.2686 2.9632e-02
9247.0410 3.6917e-02
9249.8154 3.1406e-02
9252.5908 2.7922e-02
9255.3652 2.7548e-02
9258.1426 2.4912e-02
9260.9209 3.3195e-02
9263.6992 3.4436e-02
9266.4775 2.5515e-02
9269.2568 3.0267e-02
9272.0381 3.3079e-02
9274.8203 3.9565e-02
9277.6025 3.6034e-02
9280.3857 2.6390e-02
9283.1709 2.9433e-02
9285.9541 3.3399e-02
9288.7402 2.6876e-02
9291.5264 2.5493e-02
9294.3135 2.2933e-02
9297.1025 2.5691e-02
9299.8926 3.7762e-02
9302.6816 3.2310e-02
9305.4727 2.4034e-02
9308.2646 2.5454e-02
9311.0566 2.5501e-02
9313.8506 2.9731e-02
9316.6436 3.4746e-02
9319.4395 3.1296e-02
9322.2354 3.2207e-02
9325.0322 2.2503e-02
9327.8291 3.1803e-02
9330.6279 3.6077e-02
9333.4277 3.1130e-02
9336.2266 2.7259e-02
9339.0283 3.9949e-02
9341.8291 2.4838e-02
9344.6318 2.4607e-02
9347.4355 3.1106e-02
9350.2402 2.4645e-02
9353.0449 2.5920e-02
9355.8516 3.2126e-02
9358.6572 3.5961e-02
9361.4658 3.2020e-02
9364.2734 3.0234e-02
9367.0830 3.4861e-02
9369.8936 2.7697e-02
9372.7041 2.7245e-02
9375.5156 2.4855e-02
9378.3291 2.7327e-02
9381.1416 3.0763e-02
9383.9561 2.7827e-02
9386.7715 2.5166e-02
9389.5879 2.2166e-02
9392.4043 3.0421e-02
9395.2217 2.9574e-02
9398.0400 2.5612e-02
9400.8594 2.0676e-02
9403.6807 3.1162e-02
9406.5020 2.2606e-02
9409.3242 2.5865e-02
9412.1465 2.0811e-02
9414.9707 2.8461e-02
9417.7939 2.5114e-02
9420.6201 2.2185e-02
9423.4453 3.3003e-02
9426.2725 3.0128e-02
9429.1006 2.2785e-02
9431.9287 2.6283e-02
9434.7588 2.0812e-02
9437.5898 3.3451e-02
9440.4209 2.3071e-02
9443.2529 2.2626e-02
9446.0859 2.1182e-02
9448.9199 2.4344e-02
9451.7549 2.8348e-02
9454.5889 2.1567e-02
9457.4268 2.4472e-02
9460.2637 2.3502e-02
9463.1016 3.1421e-02
9465.9414 1.8156e-02
9468.7803 3.5188e-02
9471.6211 2.8656e-02
9474.4629 3.0014e-02
9477.3047 1.9252e-02
9480.1484 2.0475e-02
9482.9922 2.5895e-02
9485.8369 2.7452e-02
9488.6836 2.7375e-02
9491.5303 3.1154e-02
9494.3760 2.8845e-02
9497.2256 2.9233e-02
9500.0742 2.2963e-02
9502.9238 2.6447e-02
9505.7754 2.2944e-02
9508.6270 2.2871e-02
9511.4805 2.1324e-02
9514.3320 2.6659e-02
9517.1875 2.3317e-02
9520.0420 2.2546e-02
9522.8984 2.0093e-02
9525.7559 2.6627e-02
9528.6133 2.4253e-02
9531.4717 2.1959e-02
9534.3311 2.0079e-02
9537.1914 2.2089e-02
9540.0518 2.0478e-02
9542.9150 1.7777e-02
9545.7773 2.2366e-02
9548.6416 2.3783e-02
9551.5059 2.1164e-02
9554.3711 1.8116e-02
9557.2373 1.7361e-02
9560.1045 1.8062e-02
9562.9727 2.7834e-02
9565.8418 2.1206e-02
9568.7109 2.2748e-02
9571.5820 2.2848e-02
9574.4531 2.0991e-02
9577.3252 1.5234e-02
9580.1992 2.2320e-02
9583.0723 2.2934e-02
9585.9473 1.5952e-02
9588.8242 2.0615e-02
9591.7002 2.5813e-02
9594.5781 1.9904e-02
9597.4561 2.6620e-02
9600.3350 2.1383e-02
9603.2158 2.5025e-02
9606.0957 2.3163e-02
9608.9775 2.2562e-02
9611.8613 2.2522e-02
9614.7441 2.4616e-02
9617.6279 2.2335e-02
9620.5137 2.8714e-02
9623.4014 2.2661e-02
9626.2881 2.4406e-02
9629.1748 1.6330e-02
9632.0645 1.6866e-02
9634.9541 1.7354e-02
9637.8438 2.0271e-02
9640.7363 1.6654e-02
9643.6270 1.8490e-02
9646.5215 2.5814e-02
9649.4141 1.7809e-02
9652.3086 1.3190e-02
9655.2051 1.8917e-02
9658.1016 1.9243e-02
9660.9990 1.8892e-02
9663.8975 1.3683e-02
9666.7969 1.6928e-02
9669.6973 1.5226e-02
9672.5967 1.4193e-02
9675.5000 1.8915e-02
9678.4023 1.4180e-02
9681.3057 1.9691e-02
9684.2109 1.7113e-02
9687.1152 1.4573e-02
9690.0215 1.6624e-02
9692.9287 1.7617e-02
9695.8369 1.5634e-02
9698.7441 2.2892e-02
9701.6553 1.6162e-02
9704.5645 2.2460e-02
9707.4775 9.9412e-03
9710.3887 1.5055e-02
9713.3008 1.9721e-02
9716.2158 1.3471e-02
9719.1299 1.1707e-02
9722.0459 1.3316e-02
9724.9629 2.3411e-02
9727.8809 1.6292e-02
9730.7988 1.5817e-02
9733.7178 1.5343e-02
9736.6387 1.9047e-02
9739.5586 1.9982e-02
9742.4805 1.7883e-02
9745.4033 2.3471e-02
9748.3281 2.0597e-02
9751.2520 1.1212e-02
9754.1777 1.9373e-02
9757.1035 1.2828e-02
9760.0303 1.7320e-02
9762.9590 1.3565e-02
9765.8877 1.6047e-02
9768.8174 1.5466e-02
9771.7480 1.3184e-02
9774.6797 1.7921e-02
9777.6113 1.1931e-02
9780.5459 1.3260e-02
9783.4795 1.3147e-02
9786.4141 1.3823e-02
9789.3496 1.2407e-02
9792.2871 1.5337e-02
9795.2256 1.1217e-02
9798.1641 1.6199e-02
9801.1035 2.3312e-02
9804.0430 1.3123e-02
9806.9844 8.6858e-03
9809.9268 1.3279e-02
9812.8691 1.9269e-02
9815.8125 1.5368e-02
9818.7578 1.6251e-02
9821.7041 2.0965e-02
9824.6494 1.5237e-02
9827.5967 9.2287e-03
9830.5469 1.5893e-02
9833.4951 6.0956e-03
9836.4453 1.4539e-02
9839.3965 1.7806e-02
9842.3486 1.0492e-02
9845.2998 1.3323e-02
9848.2549 1.2475e-02
9851.2080 1.6351e-02
9854.1641 1.8777e-02
9857.1201 1.3003e-02
9860.0771 1.8711e-02
9863.0361 1.1670e-02
9865.9941 1.5185e-02
9868.9541 1.7155e-02
9871.9150 1.1463e-02
9874.8760 1.1289e-02
9877.8389 1.0118e-02
9880.8018 9.1707e-03
9883.7666 1.1550e-02
9886.7324 1.5498e-02
9889.6982 1.1061e-02
9892.6641 1.0112e-02
9895.6338 1.5417e-02
9898.6016 1.3260e-02
9901.5713 1.5046e-02
9904.5420 1.3114e-02
9907.5127 1.5207e-02
9910.4854 8.9748e-03
9913.4590 1.0598e-02
9916.4326 9.3714e-03
9919.4072 1.3307e-02
9922.3828 1.0221e-02
9925.3584 7.4347e-03
9928.3379 1.0074e-02
9931.3164 6.6867e-03
9934.2949 1.2015e-02
9937.2754 7.5406e-03
9940.2568 1.0842e-02
9943.2383 1.2231e-02
9946.2207 1.1368e-02
9949.2061 8.1779e-03
9952.1904 1.5503e-02
9955.1758 1.1131e-02
9958.1631 1.4944e-02
9961.1494 1.2127e-02
9964.1387 1.0675e-02
9967.1279 1.3855e-02
9970.1182 1.1237e-02
9973.1084 1.3442e-02
9976.1006 7.5707e-03
9979.0928 1.3362e-02
9982.0859 7.1799e-03
9985.0820 9.5294e-03
9988.0771 1.1310e-02
9991.0732 9.4169e-03
9994.0713 7.3215e-03
9997.0693 1.1900e-02
10000.0684 9.8141e-03
10003.0674 1.1984e-02
10006.0684 8.9504e-03
10009.0713 8.2508e-03
10012.0742 9.4948e-03
10015.0771 1.0739e-02
10018.0820 1.2304e-02
10021.0879 1.3672e-02
10024.0938 1.1849e-02
10027.1006 1.1028e-02
10030.1084 1.3101e-02
10033.1172 9.5043e-03
10036.1270 1.3889e-02
10039.1387 1.1943e-02
10042.1504 1.3284e-02
10045.1631 7.9136e-03
10048.1768 1.0615e-02
10051.1924 1.1305e-02
10054.2061 1.1798e-02
10057.2227 1.0820e-02
10060.2402 1.1518e-02
10063.2578 1.1237e-02
10066.2773 1.5572e-02
10069.2969 1.0805e-02
10072.3174 9.6016e-03
10075.3379 9.4129e-03
10078.3623 1.5580e-02
10081.3848 1.0822e-02
10084.4102 1.1418e-02
10087.4346 7.2986e-03
10090.4619 7.8237e-03
10093.4883 8.7046e-03
10096.5166 7.4980e-03
10099.5459 1.1334e-02
10102.5742 6.1947e-03
10105.6055 1.3233e-02
10108.6367 9.8286e-03
10111.6709 7.8950e-03
10114.7041 6.2693e-03
10117.7383 5.6688e-03
10120.7734 6.9656e-03
10123.8105 1.4593e-02
10126.8477 1.1474e-02
10129.8857 8.5817e-03
10132.9248 7.2830e-03
10135.9648 1.0872e-02
10139.0049 1.2312e-02
10142.0479 1.0256e-02
10145.0879 7.9585e-03
10148.1318 9.8641e-03
10151.1768 7.3407e-03
10154.2227 4.6888e-03
10157.2686 1.1188e-02
10160.3154 9.6893e-03
10163.3643 1.0007e-02
10166.4121 8.3562e-03
10169.4629 8.1388e-03
10172.5137 1.1388e-02
10175.5654 7.4760e-03
10178.6191 1.1302e-02
10181.6719 6.8797e-03
10184.7256 6.1021e-03
10187.7822 8.4461e-03
10190.8379 1.0901e-02
10193.8945 1.0158e-02
10196.9541 1.0813e-02
10200.0127 1.0090e-02
10203.0723 9.0609e-03
10206.1328 8.1919e-03
10209.1953 1.0631e-02
10212.2578 7.9918e-03
10215.3223 1.0267e-02
10218.3867 1.0490e-02
10221.4521 6.5298e-03
10224.5186 1.1800e-02
10227.5850 1.0680e-02
10230.6543 5.8317e-03
10233.7246 7.7617e-03
10236.7930 7.5704e-03
10239.8643 6.5547e-03
10242.9355 1.5739e-02
10246.0098 1.4695e-02
10249.0830 6.1734e-03
10252.1572 1.0895e-02
10255.2334 1.5416e-02
10258.3096 6.0416e-03
10261.3877 9.6597e-03
10264.4648 7.2248e-03
10267.5449 1.1530e-02
10270.6250 9.1010e-03
