# time_explosion = 2.25
# 
3082.8928 1.3122e-02
3083.8179 9.1947e-04
3084.7432 0.0000e+00
3085.6685 4.8767e-03
3086.5940 0.0000e+00
3087.5200 7.4173e-04
3088.4463 5.8078e-04
3089.3728 2.6777e-03
3090.2996 2.3063e-03
3091.2268 4.5528e-03
3092.1541 2.9384e-03
3093.0815 7.4009e-03
3094.0098 9.1632e-03
3094.9380 7.0276e-03
3095.8665 1.7172e-03
3096.7952 0.0000e+00
3097.7241 2.8588e-03
3098.6536 7.7630e-03
3099.5828 8.4568e-03
3100.5129 8.0243e-03
3101.4431 1.6051e-03
3102.3735 0.0000e+00
3103.3042 4.4573e-03
3104.2354 1.6056e-03
3105.1665 7.5439e-04
3106.0981 6.5281e-03
3107.0300 3.6796e-04
3107.9619 6.0025e-04
3108.8943 0.0000e+00
3109.8269 3.2370e-03
3110.7600 0.0000e+00
3111.6929 1.4842e-03
3112.6265 1.5838e-03
3113.5605 0.0000e+00
3114.4944 0.0000e+00
3115.4290 6.5035e-03
3116.3635 1.3394e-02
3117.2986 4.0296e-03
3118.2336 3.5833e-03
3119.1689 1.2672e-02
3120.1047 3.0726e-03
3121.0410 0.0000e+00
3121.9773 0.0000e+00
3122.9136 1.4816e-03
3123.8508 1.4872e-03
3124.7878 4.6562e-03
3125.7251 3.8530e-03
3126.6628 8.0137e-04
3127.6008 2.9117e-03
3128.5393 4.3059e-03
3129.4778 4.8021e-03
3130.4170 0.0000e+00
3131.3557 5.6801e-04
3132.2954 4.5242e-03
3133.2349 1.0231e-02
3134.1748 0.0000e+00
3135.1150 0.0000e+00
3136.0559 1.0423e-03
3136.9968 0.0000e+00
3137.9377 0.0000e+00
3138.8789 3.1552e-03
3139.8206 8.1334e-04
3140.7625 0.0000e+00
3141.7046 5.2337e-04
3142.6472 3.5468e-03
3143.5901 1.6503e-03
3144.5334 0.0000e+00
3145.4766 7.5601e-03
3146.4202 7.4809e-04
3147.3643 1.3493e-02
3148.3086 1.1328e-03
3149.2529 0.0000e+00
3150.1975 6.5263e-03
3151.1426 7.5103e-03
3152.0881 2.5318e-03
3153.0337 0.0000e+00
3153.9795 1.2790e-02
3154.9255 1.8314e-03
3155.8723 1.2642e-02
3156.8188 6.0932e-03
3157.7661 7.1542e-03
3158.7134 6.1630e-03
3159.6609 7.2891e-03
3160.6086 1.1253e-02
3161.5571 1.3220e-02
3162.5054 5.7377e-03
3163.4541 4.3949e-03
3164.4031 8.3142e-03
3165.3528 0.0000e+00
3166.3022 8.9703e-03
3167.2522 4.0086e-03
3168.2024 9.5600e-03
3169.1526 4.5329e-03
3170.1035 5.7388e-03
3171.0544 4.3960e-03
3172.0061 0.0000e+00
3172.9573 6.9761e-03
3173.9092 5.0939e-04
3174.8613 4.3846e-03
3175.8140 1.3571e-02
3176.7668 0.0000e+00
3177.7197 1.0385e-02
3178.6729 2.3834e-03
3179.6267 0.0000e+00
3180.5808 7.8364e-03
3181.5347 3.8259e-03
3182.4893 3.0980e-03
3183.4438 0.0000e+00
3184.3987 1.5062e-03
3185.3542 2.2023e-03
3186.3101 3.8904e-03
3187.2659 3.3930e-03
3188.2217 6.1790e-04
3189.1785 4.0106e-03
3190.1350 1.1743e-02
3191.0920 7.6506e-03
3192.0493 6.8103e-03
3193.0071 4.3604e-03
3193.9651 1.0530e-03
3194.9233 1.3117e-02
3195.8818 6.7527e-04
3196.8408 1.5366e-03
3197.7996 6.2769e-03
3198.7590 6.7898e-03
3199.7185 6.7589e-03
3200.6782 4.4549e-04
3201.6387 3.5955e-03
3202.5991 1.3012e-02
3203.5598 1.0145e-02
3204.5208 9.0271e-04
3205.4824 2.0816e-03
3206.4441 0.0000e+00
3207.4058 1.6762e-03
3208.3682 0.0000e+00
3209.3306 1.2486e-03
3210.2935 1.3398e-03
3211.2563 4.9638e-03
3212.2200 2.3582e-03
3213.1833 6.5154e-04
3214.1472 4.2701e-03
3215.1118 6.6107e-03
3216.0764 2.2969e-03
3217.0413 8.1495e-03
3218.0061 1.1183e-02
3218.9714 9.2786e-03
3219.9373 4.3714e-03
3220.9031 7.1118e-03
3221.8699 1.0413e-02
3222.8362 4.3559e-03
3223.8030 7.2458e-03
3224.7700 5.2102e-03
3225.7375 0.0000e+00
3226.7053 6.5541e-03
3227.6731 5.2689e-03
3228.6416 1.0866e-03
3229.6101 4.1314e-03
3230.5791 4.7886e-03
3231.5483 2.5962e-03
3232.5178 2.7302e-03
3233.4875 4.9544e-03
3234.4575 4.9237e-03
3235.4280 0.0000e+00
3236.3984 2.6824e-03
3237.3691 0.0000e+00
3238.3403 2.3320e-03
3239.3120 1.4638e-03
3240.2839 0.0000e+00
3241.2559 3.6151e-03
3242.2285 4.7409e-03
3243.2012 2.9993e-03
3244.1743 7.7039e-03
3245.1472 4.1310e-03
3246.1208 5.0230e-03
3247.0947 1.0959e-02
3248.0688 7.5919e-04
3249.0432 4.7757e-03
3250.0178 9.1786e-03
3250.9929 7.7285e-03
3251.9680 3.7428e-03
3252.9438 5.1675e-03
3253.9194 1.1177e-02
3254.8958 2.3422e-03
3255.8723 3.7444e-03
3256.8489 7.7297e-03
3257.8262 6.7892e-03
3258.8035 8.5501e-04
3259.7810 3.1443e-03
3260.7593 8.7500e-04
3261.7373 2.2861e-03
3262.7158 1.3798e-03
3263.6946 8.9408e-04
3264.6736 6.3562e-03
3265.6531 9.1156e-03
3266.6331 8.5226e-03
3267.6130 4.6739e-03
3268.5930 4.0035e-03
3269.5735 0.0000e+00
3270.5544 0.0000e+00
3271.5356 3.8367e-03
3272.5171 2.1568e-03
3273.4990 6.0769e-03
3274.4812 5.2776e-03
3275.4634 4.2076e-03
3276.4458 1.1629e-02
3277.4287 8.2298e-03
3278.4124 0.0000e+00
3279.3958 9.8956e-03
3280.3794 2.6045e-03
3281.3635 4.6716e-03
3282.3479 6.5505e-03
3283.3325 2.9939e-03
3284.3179 3.1762e-03
3285.3030 1.2737e-03
3286.2888 3.0394e-03
3287.2744 7.6016e-03
3288.2605 4.8630e-03
3289.2471 2.7722e-03
3290.2339 1.0694e-02
3291.2212 4.5709e-03
3292.2083 7.2586e-03
3293.1958 7.7938e-03
3294.1838 0.0000e+00
3295.1724 4.3872e-03
3296.1609 2.6992e-03
3297.1497 3.3535e-03
3298.1387 4.8413e-03
3299.1282 4.4098e-03
3300.1177 3.7190e-03
3301.1079 2.6702e-03
3302.0984 5.5310e-03
3303.0889 0.0000e+00
3304.0798 4.5008e-03
3305.0713 1.6271e-03
3306.0627 8.4166e-03
3307.0544 5.0389e-03
3308.0466 4.4348e-03
3309.0391 8.1416e-03
3310.0317 3.6504e-03
3311.0247 5.5683e-03
3312.0178 8.3695e-03
3313.0117 0.0000e+00
3314.0054 1.3043e-02
3315.0000 3.4993e-03
3315.9941 0.0000e+00
3316.9890 0.0000e+00
3317.9839 0.0000e+00
3318.9795 3.1636e-03
3319.9751 5.8088e-04
3320.9712 6.0231e-03
3321.9678 4.0751e-04
3322.9639 2.0376e-02
3323.9607 6.2551e-03
3324.9580 1.2415e-02
3325.9558 5.8938e-03
3326.9536 1.4519e-03
3327.9514 7.4561e-04
3328.9497 7.9652e-03
3329.9482 1.0640e-02
3330.9475 1.0288e-03
3331.9468 1.0731e-02
3332.9463 1.4886e-03
3333.9463 5.3520e-04
3334.9463 9.7051e-03
3335.9473 5.2967e-03
3336.9478 0.0000e+00
3337.9487 1.3129e-03
3338.9502 5.2995e-03
3339.9517 7.1762e-03
3340.9536 1.0051e-02
3341.9561 6.1703e-03
3342.9587 6.2102e-03
3343.9614 0.0000e+00
3344.9651 5.0079e-03
3345.9685 1.3847e-02
3346.9722 3.8000e-03
3347.9763 0.0000e+00
3348.9805 1.5022e-03
3349.9854 2.5603e-03
3350.9902 7.6629e-03
3351.9956 6.9540e-03
3353.0010 6.0518e-03
3354.0073 4.1642e-04
3355.0129 4.5999e-03
3356.0198 1.1474e-03
3357.0264 2.4624e-03
3358.0334 2.1733e-03
3359.0410 2.4853e-03
3360.0488 4.2097e-03
3361.0569 0.0000e+00
3362.0654 1.0831e-02
3363.0740 4.2365e-03
3364.0828 5.8953e-04
3365.0918 1.2241e-02
3366.1013 0.0000e+00
3367.1113 9.5089e-03
3368.1213 3.7364e-03
3369.1318 3.1868e-03
3370.1426 9.2745e-04
3371.1536 1.5254e-03
3372.1650 7.8640e-03
3373.1768 0.0000e+00
3374.1885 4.7603e-03
3375.2004 0.0000e+00
3376.2134 8.4764e-03
3377.2261 4.3006e-03
3378.2395 5.5458e-03
3379.2529 7.1008e-03
3380.2664 2.0285e-03
3381.2805 3.9795e-03
3382.2952 1.0521e-02
3383.3098 9.6240e-03
3384.3250 6.6520e-03
3385.3401 3.9529e-03
3386.3557 4.6326e-03
3387.3716 4.1963e-03
3388.3879 0.0000e+00
3389.4045 3.0469e-03
3390.4211 1.5013e-02
3391.4385 6.9195e-03
3392.4558 2.9752e-03
3393.4736 6.5926e-04
3394.4915 7.4808e-04
3395.5100 1.2046e-03
3396.5286 1.3667e-03
3397.5474 9.1617e-03
3398.5667 6.1382e-03
3399.5862 1.0269e-02
3400.6062 3.8184e-03
3401.6262 2.4216e-03
3402.6467 2.0287e-02
3403.6677 6.3511e-03
3404.6887 2.5979e-03
3405.7100 1.3434e-02
3406.7319 4.6345e-03
3407.7539 6.3917e-03
3408.7764 1.2881e-02
3409.7988 1.2646e-02
3410.8218 8.6689e-03
3411.8450 2.8974e-03
3412.8687 4.2280e-03
3413.8923 2.2329e-03
3414.9167 4.9809e-03
3415.9412 2.3322e-03
3416.9658 8.8757e-03
3417.9907 8.8911e-03
3419.0164 7.0608e-03
3420.0420 1.0241e-02
3421.0681 5.6322e-03
3422.0945 1.3315e-02
3423.1208 6.0312e-03
3424.1479 4.8108e-03
3425.1753 5.8097e-03
3426.2029 2.6753e-03
3427.2307 7.9948e-03
3428.2588 1.1433e-03
3429.2871 4.6553e-03
3430.3159 7.9056e-03
3431.3452 7.4459e-03
3432.3748 6.8119e-03
3433.4041 4.3427e-03
3434.4346 1.7792e-03
3435.4646 1.3688e-03
3436.4954 9.8087e-03
3437.5261 1.4548e-02
3438.5579 7.0282e-03
3439.5894 5.7613e-03
3440.6208 1.5706e-02
3441.6531 1.4034e-02
3442.6855 1.3132e-02
3443.7183 4.4203e-03
3444.7515 1.9876e-03
3445.7852 1.0452e-02
3446.8186 1.0058e-02
3447.8525 1.6815e-03
3448.8872 5.2747e-03
3449.9216 3.4161e-04
3450.9568 2.7060e-03
3451.9919 1.2273e-02
3453.0276 4.0421e-03
3454.0637 3.5637e-03
3455.0999 1.4073e-03
3456.1362 2.4954e-03
3457.1731 6.6488e-03
3458.2102 1.2935e-03
3459.2476 2.5956e-03
3460.2856 6.7856e-03
3461.3235 7.3784e-03
3462.3621 9.7390e-03
3463.4004 1.4341e-02
3464.4399 7.1580e-03
3465.4790 1.4739e-02
3466.5188 5.0740e-03
3467.5586 1.1287e-02
3468.5989 1.3395e-03
3469.6394 8.0424e-03
3470.6804 7.8954e-03
3471.7217 5.4490e-03
3472.7629 4.7801e-03
3473.8049 1.1714e-03
3474.8469 9.4930e-03
3475.8894 1.0648e-02
3476.9321 8.0253e-04
3477.9751 4.3062e-03
3479.0188 1.2904e-03
3480.0625 9.1861e-03
3481.1064 9.3696e-03
3482.1509 1.5587e-02
3483.1956 0.0000e+00
3484.2407 4.4280e-03
3485.2856 4.3397e-03
3486.3313 0.0000e+00
3487.3772 5.5044e-03
3488.4233 1.7818e-03
3489.4697 6.5935e-03
3490.5168 7.1467e-03
3491.5640 1.9276e-03
3492.6116 7.3839e-03
3493.6592 1.0707e-02
3494.7073 5.4140e-03
3495.7556 1.2220e-02
3496.8044 2.1769e-03
3497.8535 1.2029e-02
3498.9026 1.0194e-03
3499.9526 8.3205e-03
3501.0024 8.5224e-03
3502.0527 4.4512e-03
3503.1033 8.3431e-04
3504.1543 4.1382e-03
3505.2058 4.3225e-03
3506.2571 5.3142e-03
3507.3088 4.7334e-03
3508.3613 5.7278e-03
3509.4136 1.4799e-02
3510.4663 9.1648e-04
3511.5193 1.3396e-02
3512.5730 8.6438e-03
3513.6270 0.0000e+00
3514.6809 8.3640e-03
3515.7351 3.5374e-04
3516.7898 4.7166e-03
3517.8452 0.0000e+00
3518.9004 3.6247e-03
3519.9561 6.8793e-03
3521.0122 7.9089e-03
3522.0686 1.4259e-02
3523.1250 4.2784e-03
3524.1821 8.7395e-03
3525.2390 3.9109e-03
3526.2969 6.1974e-03
3527.3547 1.1443e-02
3528.4126 4.5501e-03
3529.4714 2.7471e-03
3530.5303 6.5208e-03
3531.5894 2.5162e-03
3532.6487 3.1234e-03
3533.7090 2.2992e-03
3534.7688 0.0000e+00
3535.8293 6.6455e-03
3536.8901 0.0000e+00
3537.9512 3.5535e-03
3539.0122 0.0000e+00
3540.0740 1.1827e-02
3541.1360 7.4383e-03
3542.1987 8.3421e-03
3543.2612 1.1866e-02
3544.3245 6.4618e-03
3545.3875 4.2178e-03
3546.4509 7.6572e-03
3547.5154 6.5314e-03
3548.5793 4.1563e-03
3549.6438 3.5297e-03
3550.7087 1.3659e-03
3551.7739 4.0125e-03
3552.8396 6.4565e-04
3553.9053 0.0000e+00
3554.9714 0.0000e+00
3556.0378 8.3581e-03
3557.1050 0.0000e+00
3558.1716 5.2194e-03
3559.2395 4.4184e-03
3560.3071 3.3583e-03
3561.3752 4.6922e-03
3562.4436 5.8622e-03
3563.5125 4.9963e-03
3564.5813 8.4725e-04
3565.6506 1.5197e-03
3566.7205 8.6814e-03
3567.7905 1.3772e-02
3568.8611 7.7388e-03
3569.9316 2.4284e-03
3571.0027 9.3673e-03
3572.0737 7.0982e-04
3573.1455 0.0000e+00
3574.2175 0.0000e+00
3575.2896 2.1355e-02
3576.3625 3.3105e-03
3577.4351 7.2445e-03
3578.5083 2.6989e-03
3579.5820 0.0000e+00
3580.6560 6.4758e-03
3581.7300 6.5029e-03
3582.8047 2.0559e-03
3583.8792 2.8152e-04
3584.9546 0.0000e+00
3586.0298 8.1478e-03
3587.1060 7.7604e-03
3588.1821 4.6195e-04
3589.2583 4.9732e-03
3590.3352 7.0872e-03
3591.4124 3.9252e-03
3592.4897 8.6686e-03
3593.5671 5.1569e-03
3594.6455 2.4181e-03
3595.7241 4.2299e-03
3596.8025 5.7804e-03
3597.8818 3.7022e-03
3598.9609 6.8310e-03
3600.0405 5.8651e-04
3601.1204 9.7936e-03
3602.2009 2.8363e-03
3603.2817 1.1032e-02
3604.3625 4.4970e-03
3605.4441 5.6877e-03
3606.5256 1.1498e-03
3607.6074 0.0000e+00
3608.6899 2.3399e-03
3609.7725 3.7597e-03
3610.8552 6.7795e-03
3611.9385 1.6797e-03
3613.0222 1.0514e-02
3614.1062 8.0161e-03
3615.1904 7.3868e-03
3616.2749 5.3479e-03
3617.3599 6.6100e-03
3618.4451 9.0901e-03
3619.5303 6.0494e-03
3620.6165 0.0000e+00
3621.7024 2.5182e-03
3622.7891 1.3174e-03
3623.8760 6.6631e-03
3624.9631 5.4047e-03
3626.0508 1.4073e-02
3627.1382 1.0124e-02
3628.2266 5.8609e-03
3629.3152 5.7475e-03
3630.4038 2.7630e-03
3631.4927 5.6414e-03
3632.5825 2.8692e-03
3633.6721 0.0000e+00
3634.7622 8.0445e-03
3635.8528 4.2234e-03
3636.9434 5.7808e-03
3638.0347 9.5539e-03
3639.1257 1.8060e-03
3640.2178 2.8211e-03
3641.3098 8.3884e-03
3642.4021 4.6769e-03
3643.4946 5.3254e-03
3644.5881 5.9689e-03
3645.6814 2.8720e-03
3646.7751 4.8700e-03
3647.8691 8.6622e-03
3648.9634 2.1735e-03
3650.0581 1.3667e-03
3651.1533 1.7113e-03
3652.2480 9.1712e-03
3653.3442 3.0687e-03
3654.4402 4.9097e-03
3655.5364 8.6210e-03
3656.6333 7.4312e-03
3657.7300 7.6978e-03
3658.8274 1.1401e-02
3659.9250 5.9885e-03
3661.0232 9.3623e-03
3662.1213 1.4587e-03
3663.2202 1.0642e-02
3664.3188 7.7428e-03
3665.4182 1.4388e-02
3666.5181 5.8694e-03
3667.6179 9.5415e-03
3668.7183 9.0112e-03
3669.8186 5.7702e-03
3670.9197 9.6569e-03
3672.0210 6.5475e-04
3673.1226 1.1258e-02
3674.2241 5.7635e-03
3675.3269 1.2224e-02
3676.4294 4.7690e-03
3677.5325 2.7827e-03
3678.6355 6.0610e-03
3679.7390 2.2165e-03
3680.8430 1.2345e-02
3681.9473 8.0738e-03
3683.0518 2.1309e-03
3684.1570 6.8476e-03
3685.2620 6.7440e-03
3686.3677 6.7567e-03
3687.4739 5.1502e-03
3688.5796 1.2537e-02
3689.6865 5.9112e-03
3690.7932 1.1225e-03
3691.9006 5.2604e-03
3693.0081 5.9585e-04
3694.1160 9.7457e-03
3695.2241 3.6282e-03
3696.3328 1.0420e-02
3697.4417 8.8014e-03
3698.5508 6.8106e-03
3699.6606 8.3983e-03
3700.7703 6.0755e-03
3701.8806 7.3049e-03
3702.9910 5.5568e-03
3704.1023 3.4259e-03
3705.2136 3.5260e-03
3706.3247 9.2548e-03
3707.4370 1.0993e-02
3708.5491 6.1947e-03
3709.6616 2.1945e-03
3710.7744 1.1544e-02
3711.8877 8.6746e-03
3713.0012 4.3308e-03
3714.1152 6.5678e-03
3715.2292 6.9972e-03
3716.3440 6.6500e-03
3717.4590 1.5930e-03
3718.5742 8.7254e-03
3719.6897 1.0625e-02
3720.8057 7.6056e-03
3721.9219 5.4515e-03
3723.0383 1.0347e-02
3724.1553 3.4785e-03
3725.2725 1.5519e-02
3726.3904 1.1686e-02
3727.5081 6.3994e-03
3728.6265 1.6514e-02
3729.7451 1.4213e-02
3730.8640 4.2317e-03
3731.9832 3.6945e-03
3733.1028 0.0000e+00
3734.2227 3.7690e-03
3735.3428 4.2171e-03
3736.4636 3.2868e-03
3737.5842 5.9108e-03
3738.7056 4.9922e-03
3739.8276 3.1997e-04
3740.9490 4.7825e-03
3742.0718 4.1147e-03
3743.1943 1.4066e-02
3744.3171 1.1643e-03
3745.4404 5.9996e-03
3746.5640 5.7768e-03
3747.6880 7.6108e-03
3748.8125 5.7021e-03
3749.9368 7.6448e-03
3751.0620 3.0936e-03
3752.1873 1.0521e-02
3753.3130 9.7130e-03
3754.4387 4.3224e-03
3755.5652 4.3832e-03
3756.6919 7.2817e-03
3757.8188 4.3053e-03
3758.9463 1.5907e-03
3760.0737 4.2127e-03
3761.2019 1.2886e-02
3762.3306 3.5110e-03
3763.4590 6.9804e-03
3764.5881 9.1901e-03
3765.7175 6.4704e-03
3766.8472 1.2712e-02
3767.9771 5.0126e-03
3769.1079 3.5664e-03
3770.2383 5.6606e-03
3771.3694 6.6457e-03
3772.5007 8.5360e-03
3773.6328 6.5986e-03
3774.7646 2.3838e-03
3775.8972 8.2615e-03
3777.0298 6.8538e-04
3778.1628 2.1439e-03
3779.2964 4.4263e-03
3780.4302 1.6730e-03
3781.5642 7.7511e-03
3782.6987 1.5645e-03
3783.8335 3.9392e-03
3784.9690 0.0000e+00
3786.1042 4.4728e-04
3787.2400 8.9838e-03
3788.3762 3.9537e-03
3789.5125 6.1905e-04
3790.6497 6.2818e-03
3791.7869 6.6138e-03
3792.9246 1.5928e-03
3794.0625 6.5987e-03
3795.2007 5.2012e-03
3796.3391 4.1014e-03
3797.4778 9.5241e-03
3798.6169 2.0762e-03
3799.7568 1.4023e-03
3800.8967 2.8938e-03
3802.0371 3.1039e-03
3803.1775 9.0405e-03
3804.3181 9.9226e-03
3805.4597 1.3505e-03
3806.6013 1.0691e-02
3807.7434 7.0656e-03
3808.8857 5.5310e-03
3810.0286 0.0000e+00
3811.1714 9.4440e-04
3812.3149 1.0171e-02
3813.4583 1.3177e-02
3814.6025 7.9374e-03
3815.7468 4.5307e-03
3816.8916 6.0527e-03
3818.0369 4.6970e-03
3819.1824 3.7522e-03
3820.3281 5.9726e-03
3821.4741 2.3719e-03
3822.6201 8.3765e-03
3823.7671 0.0000e+00
3824.9143 4.6320e-03
3826.0615 5.8095e-03
3827.2097 8.7089e-03
3828.3577 1.3677e-03
3829.5063 4.7038e-03
3830.6553 8.8522e-03
3831.8044 5.5541e-03
3832.9539 1.4784e-02
3834.1035 1.3107e-02
3835.2539 0.0000e+00
3836.4045 7.4694e-03
3837.5554 2.2769e-03
3838.7068 4.8443e-04
3839.8582 7.3710e-04
3841.0103 5.1949e-03
3842.1628 2.3153e-03
3843.3152 5.0576e-03
3844.4683 2.7735e-03
3845.6216 9.0647e-03
3846.7754 1.4422e-02
3847.9294 6.7523e-03
3849.0835 5.3863e-03
3850.2383 2.4989e-03
3851.3933 1.3013e-02
3852.5488 6.8980e-03
3853.7051 2.6514e-03
3854.8606 1.3824e-02
3856.0173 3.7548e-03
3857.1741 1.5748e-02
3858.3313 1.2173e-02
3859.4883 5.2804e-03
3860.6465 1.1434e-03
3861.8047 8.9903e-03
3862.9631 5.0030e-03
3864.1221 3.9473e-03
3865.2815 8.4423e-03
3866.4412 5.5578e-03
3867.6011 3.4715e-04
3868.7610 4.4081e-03
3869.9216 4.6818e-03
3871.0828 5.0471e-03
3872.2441 2.2483e-02
3873.4058 1.3373e-02
3874.5676 7.5656e-03
3875.7302 4.4092e-03
3876.8931 8.7145e-03
3878.0559 9.4746e-03
3879.2192 9.5388e-03
3880.3831 4.7021e-03
3881.5474 1.8240e-03
3882.7119 1.9524e-02
3883.8767 6.3106e-03
3885.0420 6.8618e-03
3886.2073 8.6048e-03
3887.3728 1.5266e-02
3888.5391 4.1941e-03
3889.7061 1.4091e-02
3890.8730 4.4707e-04
3892.0400 1.3435e-02
3893.2078 0.0000e+00
3894.3755 1.9924e-03
3895.5439 9.5484e-04
3896.7126 0.0000e+00
3897.8813 3.2505e-03
3899.0508 5.7943e-03
3900.2209 1.0479e-02
3901.3909 1.4724e-02
3902.5613 1.1798e-02
3903.7322 1.8819e-02
3904.9031 2.5001e-03
3906.0747 9.4793e-03
3907.2463 6.7216e-03
3908.4187 1.2441e-03
3909.5911 1.6452e-02
3910.7642 1.3292e-02
3911.9373 1.3641e-02
3913.1111 1.7856e-03
3914.2849 5.3725e-03
3915.4592 4.8428e-03
3916.6335 5.1611e-03
3917.8086 1.5258e-02
3918.9839 6.5269e-03
3920.1597 2.4174e-02
3921.3359 1.2735e-02
3922.5120 4.0633e-03
3923.6887 1.3246e-03
3924.8660 1.5120e-02
3926.0432 3.8496e-03
3927.2212 1.2830e-02
3928.3994 1.4412e-02
3929.5779 8.2786e-03
3930.7568 1.8929e-02
3931.9360 6.5420e-03
3933.1157 5.6292e-04
3934.2954 6.9593e-03
3935.4758 1.0623e-02
3936.6562 4.5915e-03
3937.8374 9.8269e-03
3939.0186 7.7637e-03
3940.2004 1.1006e-02
3941.3826 9.1577e-03
3942.5649 1.0823e-02
3943.7478 8.0651e-03
3944.9307 1.2444e-02
3946.1147 1.7426e-02
3947.2983 2.0235e-02
3948.4824 2.7410e-02
3949.6670 8.4168e-03
3950.8521 8.8299e-03
3952.0369 5.3668e-03
3953.2227 2.1099e-02
3954.4089 9.2557e-03
3955.5950 1.3023e-02
3956.7812 1.3632e-02
3957.9688 2.6733e-02
3959.1560 1.7147e-02
3960.3438 1.0884e-02
3961.5320 1.2986e-02
3962.7202 1.0679e-02
3963.9094 1.2090e-02
3965.0984 2.1458e-02
3966.2881 4.8457e-03
3967.4778 1.2516e-02
3968.6680 1.4589e-02
3969.8584 1.9210e-02
3971.0498 1.0710e-02
3972.2412 5.0025e-03
3973.4326 1.0631e-02
3974.6248 1.2478e-02
3975.8171 1.9491e-02
3977.0095 1.9189e-02
3978.2029 7.0135e-03
3979.3962 1.1610e-02
3980.5901 1.5886e-02
3981.7844 1.5209e-02
3982.9790 1.8520e-02
3984.1736 1.9309e-02
3985.3691 1.3010e-02
3986.5647 1.0267e-02
3987.7605 2.4830e-02
3988.9568 1.6587e-02
3990.1538 2.3840e-02
3991.3506 6.3763e-03
3992.5481 1.2639e-02
3993.7456 9.5837e-03
3994.9441 4.1048e-03
3996.1423 7.1838e-03
3997.3413 1.3695e-02
3998.5408 7.5584e-03
3999.7397 6.7790e-03
4000.9402 1.1683e-02
4002.1401 1.6807e-02
4003.3408 1.4004e-02
4004.5415 5.0699e-03
4005.7434 1.0628e-02
4006.9448 1.0708e-02
4008.1470 8.3388e-03
4009.3496 9.4383e-03
4010.5522 4.8139e-03
4011.7556 1.5306e-02
4012.9587 4.8576e-03
4014.1628 2.1361e-02
4015.3672 1.5246e-02
4016.5715 9.5299e-03
4017.7769 1.4081e-02
4018.9817 4.6246e-03
4020.1875 5.6959e-03
4021.3936 9.6741e-03
4022.6003 1.0212e-02
4023.8071 7.6133e-03
4025.0142 1.0130e-02
4026.2214 1.7328e-02
4027.4294 1.2289e-02
4028.6377 1.1857e-02
4029.8462 1.7095e-02
4031.0554 5.2421e-03
4032.2646 1.6767e-02
4033.4744 1.3681e-02
4034.6843 1.1639e-02
4035.8945 4.4673e-03
4037.1052 9.7399e-03
4038.3167 1.5597e-02
4039.5281 1.5536e-02
4040.7397 6.7723e-03
4041.9524 6.0456e-03
4043.1648 1.3695e-02
4044.3777 9.8709e-03
4045.5913 1.6323e-02
4046.8047 1.6351e-02
4048.0186 3.2511e-03
4049.2332 9.7413e-03
4050.4480 6.8487e-03
4051.6628 8.8586e-03
4052.8784 1.7679e-02
4054.0942 1.0061e-02
4055.3108 1.3658e-02
4056.5273 1.0263e-02
4057.7444 8.9407e-03
4058.9614 1.0134e-03
4060.1792 1.9360e-02
4061.3970 8.9717e-03
4062.6155 3.9919e-03
4063.8345 9.7735e-03
4065.0535 1.1001e-02
4066.2732 1.8814e-02
4067.4929 7.7277e-03
4068.7131 1.6521e-02
4069.9338 1.5484e-02
4071.1548 2.1584e-02
4072.3762 6.3320e-03
4073.5981 8.0984e-03
4074.8201 9.2418e-03
4076.0427 9.7536e-03
4077.2654 6.1844e-03
4078.4885 1.0921e-02
4079.7119 9.1223e-03
4080.9358 3.5460e-03
4082.1602 1.4250e-02
4083.3845 1.5530e-02
4084.6099 1.4450e-02
4085.8354 1.4284e-02
4087.0608 1.6973e-02
4088.2869 1.1529e-02
4089.5137 8.2426e-03
4090.7407 1.1353e-02
4091.9678 9.9770e-03
4093.1953 1.2282e-02
4094.4233 1.1675e-02
4095.6519 2.0861e-02
4096.8799 1.0753e-02
4098.1094 5.7070e-03
4099.3384 8.1194e-03
4100.5684 1.1851e-02
4101.7988 8.2850e-03
4103.0293 1.0392e-02
4104.2598 8.3964e-03
4105.4912 1.6460e-02
4106.7231 6.2404e-03
4107.9546 5.9225e-03
4109.1875 1.5605e-02
4110.4204 1.1245e-02
4111.6533 1.0588e-02
4112.8867 1.7238e-02
4114.1211 4.7787e-03
4115.3545 1.2911e-02
4116.5898 6.0084e-03
4117.8247 1.8964e-02
4119.0596 1.1268e-02
4120.2954 1.4995e-02
4121.5317 4.2082e-03
4122.7681 1.0817e-02
4124.0049 1.1592e-02
4125.2422 1.2232e-02
4126.4800 5.5235e-03
4127.7178 1.4343e-02
4128.9561 7.4918e-03
4130.1948 5.7038e-03
4131.4336 3.9507e-03
4132.6733 1.1892e-02
4133.9126 1.5000e-02
4135.1533 8.5704e-03
4136.3936 9.3234e-03
4137.6348 7.8549e-03
4138.8760 1.1404e-02
4140.1172 8.0967e-03
4141.3599 1.0733e-02
4142.6021 0.0000e+00
4143.8447 1.2756e-02
4145.0879 4.4085e-03
4146.3315 3.2137e-03
4147.5752 7.0929e-03
4148.8198 8.0144e-03
4150.0640 6.7167e-03
4151.3091 1.4147e-02
4152.5547 8.5341e-03
4153.8003 9.7710e-03
4155.0464 8.6992e-03
4156.2930 1.1094e-02
4157.5400 3.5806e-03
4158.7871 7.9841e-03
4160.0352 1.7130e-02
4161.2827 8.7314e-03
4162.5312 4.1982e-03
4163.7803 9.2098e-03
4165.0293 1.0431e-03
4166.2783 1.5301e-02
4167.5288 3.9527e-03
4168.7788 1.6763e-02
4170.0298 1.0191e-02
4171.2803 1.0516e-02
4172.5317 1.3293e-03
4173.7837 1.1630e-02
4175.0356 6.0291e-03
4176.2886 1.1651e-02
4177.5410 1.3605e-02
4178.7944 4.2255e-03
4180.0479 4.1081e-03
4181.3022 1.3868e-02
4182.5566 1.0201e-02
4183.8115 9.1964e-04
4185.0664 2.0229e-03
4186.3223 3.9665e-03
4187.5776 4.8557e-04
4188.8340 7.3325e-03
4190.0903 8.6597e-03
4191.3477 9.6036e-03
4192.6050 1.4310e-02
4193.8628 2.2462e-03
4195.1206 4.2327e-03
4196.3794 1.1669e-02
4197.6387 1.2529e-02
4198.8975 9.8387e-03
4200.1577 3.5090e-04
4201.4175 8.9752e-03
4202.6782 2.4426e-03
4203.9390 6.1402e-03
4205.2002 1.9139e-03
4206.4614 9.0160e-03
4207.7231 9.5388e-03
4208.9858 3.1488e-03
4210.2485 5.4747e-03
4211.5112 8.2775e-03
4212.7749 3.6222e-03
4214.0391 7.4955e-03
4215.3032 6.7935e-03
4216.5679 3.2353e-03
4217.8330 5.6508e-03
4219.0981 3.2905e-03
4220.3638 4.7027e-03
4221.6299 1.7394e-02
4222.8965 6.9131e-03
4224.1636 1.1566e-02
4225.4302 5.7237e-03
4226.6978 3.5394e-03
4227.9658 2.3882e-03
4229.2349 5.3554e-03
4230.5034 8.9321e-03
4231.7725 5.8318e-03
4233.0415 5.6119e-03
4234.3115 1.0902e-02
4235.5825 7.3560e-04
4236.8525 3.1698e-03
4238.1235 9.1002e-03
4239.3955 5.9587e-03
4240.6670 8.3999e-03
4241.9390 4.5563e-03
4243.2119 7.4054e-03
4244.4844 5.9177e-03
4245.7583 1.2675e-02
4247.0317 7.8224e-03
4248.3062 1.3384e-02
4249.5806 3.2791e-03
4250.8555 2.0188e-03
4252.1309 1.1156e-02
4253.4062 1.0034e-02
4254.6821 8.5247e-03
4255.9590 8.2267e-03
4257.2358 4.4625e-03
4258.5127 9.5288e-03
4259.7900 1.1244e-02
4261.0679 0.0000e+00
4262.3462 2.6859e-03
4263.6250 4.3967e-03
4264.9043 7.3983e-03
4266.1841 1.7319e-03
4267.4639 6.6976e-03
4268.7432 3.0813e-03
4270.0244 4.9139e-03
4271.3052 1.8490e-03
4272.5869 2.3953e-03
4273.8682 3.6013e-03
4275.1509 1.1301e-03
4276.4336 3.1397e-03
4277.7163 5.3070e-03
4278.9995 1.2002e-02
4280.2837 8.0347e-03
4281.5674 8.1724e-03
4282.8521 0.0000e+00
4284.1367 1.3970e-02
4285.4219 1.0386e-02
4286.7075 8.7529e-03
4287.9937 2.5203e-03
4289.2798 1.0273e-02
4290.5669 2.6779e-03
4291.8540 1.0484e-02
4293.1416 4.3713e-03
4294.4292 9.1197e-03
4295.7183 4.8290e-03
4297.0063 7.0501e-03
4298.2954 0.0000e+00
4299.5854 2.0623e-03
4300.8750 1.0321e-02
4302.1650 4.9071e-03
4303.4561 2.9642e-03
4304.7471 1.0564e-02
4306.0381 6.4304e-03
4307.3301 4.2932e-03
4308.6221 1.3545e-02
4309.9150 7.6340e-03
4311.2075 4.5525e-03
4312.5015 1.6431e-02
4313.7949 2.2485e-03
4315.0889 1.9027e-03
4316.3838 6.8353e-03
4317.6787 1.0076e-02
4318.9741 9.4364e-03
4320.2700 4.4003e-03
4321.5654 5.8152e-03
4322.8623 4.5615e-03
4324.1592 5.2485e-03
4325.4565 1.1532e-03
4326.7539 6.8384e-03
4328.0518 1.2115e-02
4329.3501 1.1612e-03
4330.6494 2.2867e-03
4331.9482 5.2884e-03
4333.2480 1.4605e-02
4334.5479 6.6152e-03
4335.8477 5.1567e-03
4337.1489 2.5944e-03
4338.4502 1.6352e-03
4339.7515 6.9949e-03
4341.0537 0.0000e+00
4342.3560 6.9115e-03
4343.6582 3.1392e-03
4344.9614 6.0433e-03
4346.2646 4.1855e-03
4347.5693 6.9125e-03
4348.8735 6.8286e-03
4350.1782 1.6328e-02
4351.4829 3.3983e-03
4352.7886 1.4455e-02
4354.0938 1.0016e-02
4355.4009 3.3406e-03
4356.7070 7.7831e-03
4358.0137 6.8754e-03
4359.3218 5.9372e-03
4360.6294 3.0834e-03
4361.9375 1.1791e-02
4363.2461 5.6566e-03
4364.5552 1.0006e-03
4365.8643 6.9779e-03
4367.1743 4.3507e-03
4368.4844 3.1116e-03
4369.7954 3.5861e-03
4371.1060 5.7217e-03
4372.4170 1.4741e-03
4373.7285 7.9642e-03
4375.0415 9.4482e-03
4376.3540 6.8980e-03
4377.6665 5.4936e-03
4378.9800 8.8085e-03
4380.2935 8.9964e-03
4381.6074 6.9034e-03
4382.9219 1.2451e-02
4384.2363 9.4927e-03
4385.5522 9.1542e-03
4386.8677 2.5158e-03
4388.1841 3.3025e-04
4389.5010 4.5305e-03
4390.8169 6.3537e-03
4392.1343 1.1377e-02
4393.4521 3.5918e-03
4394.7700 5.7969e-03
4396.0884 3.3479e-03
4397.4077 1.9996e-03
4398.7266 7.5590e-03
4400.0464 2.7354e-03
4401.3667 8.7033e-03
4402.6870 3.1375e-03
4404.0073 1.1197e-02
4405.3291 8.7934e-03
4406.6504 6.0595e-03
4407.9722 6.9347e-03
4409.2944 5.6878e-03
4410.6172 8.5015e-03
4411.9404 2.1621e-03
4413.2642 3.6092e-03
4414.5879 5.9025e-03
4415.9126 1.1581e-02
4417.2373 2.8158e-03
4418.5625 4.3461e-03
4419.8882 1.2824e-03
4421.2139 5.7621e-04
4422.5405 3.4558e-04
4423.8672 7.9496e-03
4425.1938 3.2943e-03
4426.5220 7.6571e-03
4427.8496 1.5178e-02
4429.1787 1.3893e-03
4430.5063 8.3061e-03
4431.8364 5.5788e-03
4433.1655 5.5697e-03
4434.4956 9.2286e-03
4435.8262 1.1133e-02
4437.1567 5.1319e-03
4438.4878 1.0338e-02
4439.8193 2.8778e-04
4441.1514 5.4035e-03
4442.4834 5.4938e-03
4443.8164 1.2363e-03
4445.1494 2.8255e-03
4446.4829 5.8472e-03
4447.8169 1.2580e-02
4449.1514 1.3576e-02
4450.4863 1.2546e-02
4451.8213 3.2987e-03
4453.1567 8.0737e-03
4454.4927 5.8322e-03
4455.8291 9.4614e-03
4457.1660 2.1139e-02
4458.5029 8.3112e-03
4459.8403 9.5978e-03
4461.1787 5.6944e-03
4462.5171 3.0983e-03
4463.8555 1.0012e-02
4465.1948 4.6592e-03
4466.5347 3.0720e-03
4467.8740 1.5802e-03
4469.2144 8.8839e-03
4470.5552 7.2863e-03
4471.8970 9.5907e-03
4473.2383 3.9292e-03
4474.5806 5.9012e-03
4475.9229 3.5925e-03
4477.2651 3.8169e-03
4478.6084 8.6417e-03
4479.9521 7.9147e-03
4481.2959 1.4442e-02
4482.6406 7.0506e-03
4483.9854 1.2166e-02
4485.3306 1.1751e-02
4486.6763 1.2144e-02
4488.0220 1.5010e-02
4489.3682 1.4411e-02
4490.7153 1.5466e-03
4492.0620 1.4458e-02
4493.4102 6.7661e-03
4494.7578 8.1609e-03
4496.1069 6.0637e-03
4497.4556 9.2113e-03
4498.8047 1.0158e-02
4500.1543 7.3384e-03
4501.5044 1.3532e-02
4502.8550 1.6639e-02
4504.2056 1.3135e-02
4505.5566 1.1514e-02
4506.9082 5.4475e-03
4508.2607 3.3141e-03
4509.6133 1.1512e-02
4510.9658 8.6504e-03
4512.3193 3.7531e-03
4513.6729 1.2714e-02
4515.0273 6.8541e-03
4516.3818 1.4243e-02
4517.7363 1.3928e-02
4519.0918 1.2609e-02
4520.4473 3.4455e-03
4521.8037 1.8037e-02
4523.1606 4.7909e-03
4524.5171 7.2566e-03
4525.8750 2.2530e-03
4527.2324 5.2485e-03
4528.5903 5.0964e-03
4529.9492 8.2710e-03
4531.3081 2.4620e-03
4532.6675 1.4291e-02
4534.0269 9.6453e-03
4535.3872 1.3438e-02
4536.7480 4.5083e-03
4538.1094 3.7399e-03
4539.4702 6.7323e-03
4540.8320 1.0528e-02
4542.1943 1.2071e-02
4543.5576 1.2200e-02
4544.9199 3.8573e-03
4546.2842 1.6905e-02
4547.6475 2.3817e-03
4549.0117 4.4450e-03
4550.3770 1.3741e-02
4551.7417 6.1291e-03
4553.1074 8.0272e-03
4554.4731 1.9693e-02
4555.8398 1.4632e-02
4557.2061 1.3016e-02
4558.5732 5.9583e-03
4559.9414 1.0340e-02
4561.3086 8.8726e-03
4562.6772 1.1903e-02
4564.0459 5.5914e-03
4565.4150 1.4370e-02
4566.7852 1.2073e-02
4568.1553 1.1370e-02
4569.5249 9.4699e-03
4570.8965 1.7422e-02
4572.2676 1.2654e-02
4573.6392 9.0928e-03
4575.0117 1.0710e-02
4576.3838 6.1986e-03
4577.7568 1.0820e-02
4579.1304 1.7239e-02
4580.5039 1.1139e-02
4581.8784 9.6364e-03
4583.2524 1.1948e-02
4584.6274 8.1266e-03
4586.0029 8.9590e-03
4587.3789 4.4974e-03
4588.7549 1.0115e-02
4590.1318 7.9996e-03
4591.5083 1.2300e-02
4592.8857 5.8919e-03
4594.2642 1.0481e-02
4595.6426 1.3857e-02
4597.0210 1.9857e-02
4598.3999 1.0851e-02
4599.7798 7.1259e-03
4601.1597 1.1186e-02
4602.5396 8.3029e-03
4603.9204 1.8475e-02
4605.3022 9.1881e-03
4606.6836 8.8727e-03
4608.0649 9.3663e-03
4609.4478 1.4047e-02
4610.8306 5.8048e-04
4612.2144 1.8192e-02
4613.5977 6.5671e-03
4614.9819 1.6728e-03
4616.3662 9.0485e-03
4617.7515 1.2248e-02
4619.1362 1.1669e-02
4620.5225 1.4913e-02
4621.9082 1.4014e-02
4623.2949 1.1423e-02
4624.6816 5.6527e-03
4626.0693 8.8647e-03
4627.4570 8.0412e-03
4628.8457 1.4321e-02
4630.2334 7.2815e-03
4631.6230 1.3944e-02
4633.0127 1.4126e-02
4634.4028 1.5267e-02
4635.7935 1.6401e-02
4637.1831 3.8118e-03
4638.5742 1.0205e-02
4639.9658 1.4422e-02
4641.3579 2.0865e-02
4642.7505 1.8588e-02
4644.1436 8.4817e-03
4645.5371 1.0471e-02
4646.9307 4.8786e-03
4648.3247 8.4301e-03
4649.7188 1.3681e-02
4651.1138 5.5019e-03
4652.5093 1.5082e-02
4653.9048 6.4977e-03
4655.3018 6.4677e-03
4656.6978 1.2053e-02
4658.0947 1.0946e-02
4659.4922 1.0123e-02
4660.8896 1.8841e-02
4662.2886 1.1525e-02
4663.6865 8.4858e-03
4665.0859 1.0208e-02
4666.4854 1.3932e-02
4667.8853 1.9892e-02
4669.2861 1.3410e-02
4670.6870 9.1754e-03
4672.0874 1.9338e-02
4673.4897 9.7221e-03
4674.8916 4.9831e-03
4676.2944 7.1846e-03
4677.6968 9.8668e-03
4679.1006 1.0780e-02
4680.5039 2.2502e-02
4681.9082 4.2682e-03
4683.3125 1.2799e-02
4684.7173 1.2227e-02
4686.1230 1.2108e-02
4687.5288 1.3799e-02
4688.9351 8.2790e-03
4690.3423 1.0183e-02
4691.7490 1.2088e-02
4693.1562 4.6881e-03
4694.5645 1.9005e-02
4695.9731 6.2625e-03
4697.3818 5.2683e-03
4698.7910 2.0836e-02
4700.2002 1.2521e-02
4701.6104 2.2736e-02
4703.0205 7.1165e-03
4704.4316 1.6798e-02
4705.8433 2.2350e-02
4707.2549 2.0820e-02
4708.6670 4.6528e-03
4710.0796 5.3254e-03
4711.4927 5.1902e-03
4712.9058 2.7056e-02
4714.3203 5.9781e-03
4715.7344 1.3092e-02
4717.1494 1.2427e-02
4718.5645 4.9784e-03
4719.9800 1.0006e-02
4721.3955 1.5228e-02
4722.8120 1.6543e-02
4724.2290 1.5113e-02
4725.6460 1.4255e-02
4727.0645 9.9970e-03
4728.4824 9.5084e-03
4729.9004 1.2302e-02
4731.3198 1.8167e-02
4732.7388 7.5182e-03
4734.1587 4.2154e-04
4735.5791 6.1504e-03
4737.0000 9.5088e-03
4738.4209 1.0842e-02
4739.8428 1.4130e-02
4741.2646 1.5020e-02
4742.6870 5.1193e-03
4744.1094 5.6758e-03
4745.5327 8.6921e-03
4746.9565 1.2362e-02
4748.3804 7.8737e-03
4749.8052 2.5617e-03
4751.2300 8.5308e-03
4752.6548 1.1511e-02
4754.0811 3.2222e-02
4755.5078 0.0000e+00
4756.9341 4.0682e-03
4758.3608 2.5703e-02
4759.7886 4.4941e-03
4761.2168 3.9155e-03
4762.6445 9.7584e-03
4764.0737 1.5558e-02
4765.5029 7.0690e-03
4766.9326 1.3876e-02
4768.3628 3.3800e-03
4769.7930 7.3071e-03
4771.2236 1.8436e-02
4772.6553 7.9111e-03
4774.0869 9.7897e-03
4775.5190 1.0406e-02
4776.9521 8.5665e-03
4778.3853 1.4343e-02
4779.8184 1.4325e-02
4781.2524 5.3016e-03
4782.6870 1.3008e-02
4784.1226 1.1281e-02
4785.5571 8.1257e-03
4786.9927 1.2202e-02
4788.4292 3.3855e-03
4789.8652 1.8655e-02
4791.3022 7.0998e-03
4792.7397 4.8171e-03
4794.1777 8.9193e-03
4795.6152 5.8302e-03
4797.0542 1.2739e-02
4798.4937 6.2170e-03
4799.9331 6.2941e-03
4801.3735 4.5461e-03
4802.8140 1.1627e-02
4804.2544 1.1708e-02
4805.6958 7.0043e-03
4807.1377 1.3855e-02
4808.5796 5.1778e-03
4810.0220 1.0927e-02
4811.4653 8.9185e-03
4812.9087 7.4193e-03
4814.3525 8.6008e-03
4815.7969 1.2721e-02
4817.2417 4.4295e-03
4818.6865 2.2467e-02
4820.1328 8.9353e-03
4821.5786 4.2792e-03
4823.0249 1.0588e-02
4824.4717 4.7739e-03
4825.9189 1.7737e-02
4827.3667 1.3728e-02
4828.8149 1.5686e-02
4830.2637 1.7553e-02
4831.7124 7.5080e-03
4833.1621 1.5554e-02
4834.6118 9.2973e-03
4836.0620 1.4695e-02
4837.5137 5.8270e-03
4838.9644 5.9626e-03
4840.4165 7.5829e-03
4841.8687 9.2215e-03
4843.3208 1.1710e-02
4844.7739 1.4514e-02
4846.2275 1.2369e-02
4847.6812 2.6150e-03
4849.1357 1.2250e-02
4850.5903 9.6931e-03
4852.0454 4.8047e-03
4853.5015 1.0258e-02
4854.9575 3.8148e-03
4856.4136 3.3453e-03
4857.8706 7.8112e-03
4859.3281 1.5148e-02
4860.7861 2.0444e-03
4862.2437 9.8492e-03
4863.7026 1.8815e-02
4865.1621 1.1158e-02
4866.6211 1.4304e-02
4868.0815 4.6207e-03
4869.5420 1.2072e-02
4871.0024 1.4115e-02
4872.4639 9.5950e-03
4873.9263 7.6406e-03
4875.3877 6.5673e-03
4876.8506 5.8602e-03
4878.3135 1.4395e-02
4879.7773 7.8706e-03
4881.2412 9.4949e-03
4882.7051 7.6969e-03
4884.1704 1.9765e-02
4885.6357 1.2263e-02
4887.1011 1.1202e-02
4888.5674 4.2000e-03
4890.0337 4.8245e-03
4891.5010 6.5850e-03
4892.9683 1.1373e-02
4894.4360 5.5226e-03
4895.9043 1.7395e-02
4897.3730 1.4922e-02
4898.8423 1.5951e-03
4900.3120 8.3107e-03
4901.7827 8.1728e-03
4903.2529 4.5946e-04
4904.7231 9.3733e-03
4906.1953 7.9920e-03
4907.6675 6.1078e-03
4909.1392 1.0687e-02
4910.6123 1.0247e-02
4912.0854 6.7834e-03
4913.5586 9.9237e-03
4915.0332 1.5008e-02
4916.5073 9.2634e-03
4917.9819 1.8308e-02
4919.4575 8.5665e-03
4920.9331 7.6343e-03
4922.4097 1.3696e-02
4923.8872 1.0813e-02
4925.3638 4.9537e-03
4926.8418 6.7715e-03
4928.3188 7.4791e-03
4929.7979 3.8823e-03
4931.2769 5.9246e-03
4932.7563 8.2217e-03
4934.2358 7.7978e-03
4935.7168 1.0458e-02
4937.1963 9.5908e-03
4938.6782 1.3550e-02
4940.1597 1.3681e-02
4941.6416 8.2357e-03
4943.1250 7.4082e-03
4944.6069 4.9142e-03
4946.0908 7.6377e-03
4947.5752 4.3140e-03
4949.0586 1.3478e-02
4950.5435 6.7543e-03
4952.0278 8.1398e-03
4953.5142 1.0834e-02
4955.0010 1.5701e-02
4956.4873 7.1036e-03
4957.9741 7.1542e-03
4959.4614 9.9578e-03
4960.9492 8.0033e-03
4962.4370 3.4881e-03
4963.9258 8.1284e-03
4965.4150 4.5539e-03
4966.9048 7.1820e-03
4968.3945 7.8356e-03
4969.8853 1.0065e-02
4971.3765 1.2652e-02
4972.8677 7.4170e-03
4974.3599 4.6340e-03
4975.8521 3.5609e-03
4977.3447 9.8829e-03
4978.8379 4.2952e-03
4980.3315 7.4952e-03
4981.8257 1.0512e-02
4983.3203 1.6481e-02
4984.8159 3.8461e-03
4986.3105 1.8967e-03
4987.8066 4.4132e-03
4989.3027 1.0806e-02
4990.7998 1.1508e-02
4992.2974 7.2326e-03
4993.7939 5.5653e-03
4995.2930 3.0423e-03
4996.7915 2.3962e-03
4998.2905 3.1447e-03
4999.7896 1.3042e-02
5001.2896 7.2554e-03
5002.7900 9.1331e-03
5004.2915 4.4291e-03
5005.7925 7.4590e-03
5007.2944 5.8591e-03
5008.7964 1.0067e-03
5010.2993 3.2884e-03
5011.8022 1.3130e-02
5013.3057 5.7717e-03
5014.8101 4.6665e-03
5016.3145 8.9248e-03
5017.8184 5.6677e-03
5019.3247 1.3443e-02
5020.8301 6.7299e-03
5022.3359 3.4755e-03
5023.8428 9.2037e-03
5025.3496 9.6649e-03
5026.8579 1.3050e-02
5028.3657 1.3963e-02
5029.8740 3.3533e-04
5031.3828 2.6444e-03
5032.8926 1.7372e-02
5034.4023 7.0670e-03
5035.9131 2.1544e-04
5037.4233 1.4407e-02
5038.9346 1.1106e-02
5040.4463 4.9297e-03
5041.9585 3.5537e-03
5043.4712 7.4057e-03
5044.9839 7.1480e-03
5046.4980 1.7742e-02
5048.0112 4.8248e-03
5049.5259 5.3768e-03
5051.0415 6.4161e-03
5052.5562 9.1724e-03
5054.0723 2.6091e-03
5055.5884 4.0734e-03
5057.1045 8.1913e-03
5058.6221 5.1605e-03
5060.1401 7.2049e-03
5061.6577 7.3208e-03
5063.1763 8.8501e-04
5064.6953 1.2078e-02
5066.2144 6.4734e-03
5067.7339 3.4747e-03
5069.2549 6.9310e-03
5070.7759 1.7352e-02
5072.2969 1.1535e-02
5073.8188 1.1324e-02
5075.3403 4.9527e-03
5076.8628 2.6573e-03
5078.3867 9.1743e-03
5079.9097 5.2694e-03
5081.4336 1.1758e-02
5082.9580 3.1728e-03
5084.4829 2.9495e-04
5086.0083 9.2490e-03
5087.5342 5.3840e-03
5089.0605 5.0473e-03
5090.5874 4.2071e-03
5092.1143 4.3410e-03
5093.6421 3.4373e-03
5095.1699 8.3189e-03
5096.6987 4.5839e-03
5098.2275 4.1067e-03
5099.7573 8.2295e-03
5101.2871 1.3339e-02
5102.8179 4.5247e-03
5104.3481 8.5602e-03
5105.8799 8.7739e-03
5107.4111 1.2427e-02
5108.9438 7.4089e-03
5110.4761 8.4802e-03
5112.0093 5.8871e-04
5113.5435 7.9801e-03
5115.0771 7.6013e-03
5116.6118 2.6807e-03
5118.1470 9.4707e-03
5119.6816 6.7927e-03
5121.2183 9.5908e-03
5122.7544 5.5641e-03
5124.2910 5.4856e-03
5125.8286 5.8301e-03
5127.3667 3.3683e-03
5128.9043 3.7932e-03
5130.4429 1.4635e-02
5131.9824 5.9347e-03
5133.5220 4.8974e-03
5135.0615 4.7898e-03
5136.6021 6.8152e-03
5138.1436 2.5772e-03
5139.6846 6.9870e-03
5141.2266 1.3028e-02
5142.7690 6.8461e-03
5144.3125 1.1646e-02
5145.8550 2.1675e-02
5147.3989 4.8931e-03
5148.9429 4.4626e-03
5150.4883 9.8697e-03
5152.0332 1.1452e-02
5153.5781 2.6107e-03
5155.1245 1.2776e-02
5156.6714 1.1634e-02
5158.2178 9.9774e-03
5159.7656 7.3866e-03
5161.3130 4.7824e-03
5162.8618 1.5188e-02
5164.4106 1.2256e-02
5165.9604 6.9866e-03
5167.5098 1.7937e-02
5169.0605 6.0283e-03
5170.6108 1.8484e-02
5172.1621 9.2107e-03
5173.7139 1.0608e-03
5175.2656 3.9744e-03
5176.8188 4.1032e-03
5178.3711 8.7798e-03
5179.9253 1.1238e-02
5181.4790 8.6717e-03
5183.0337 8.2212e-03
5184.5884 7.2970e-03
5186.1436 4.6054e-03
5187.6992 6.5483e-03
5189.2559 4.2308e-03
5190.8130 2.0621e-02
5192.3696 9.1230e-03
5193.9277 1.1965e-02
5195.4858 9.5364e-03
5197.0439 5.8734e-03
5198.6035 1.0462e-02
5200.1636 2.0150e-02
5201.7231 4.0896e-03
5203.2837 2.0761e-02
5204.8447 1.0755e-02
5206.4058 1.0601e-02
5207.9683 5.1008e-03
5209.5303 6.8699e-03
5211.0933 1.4841e-02
5212.6567 7.4312e-03
5214.2202 9.1950e-03
5215.7847 6.0327e-03
5217.3496 1.1842e-02
5218.9150 9.5922e-03
5220.4800 4.9444e-03
5222.0464 8.8476e-03
5223.6128 4.7047e-03
5225.1802 7.1278e-03
5226.7480 4.8099e-03
5228.3154 3.1737e-03
5229.8843 5.7440e-04
5231.4526 4.0152e-03
5233.0225 9.2123e-03
5234.5928 5.9563e-03
5236.1626 4.1173e-03
5237.7339 1.0215e-02
5239.3052 9.2717e-03
5240.8770 4.9527e-03
5242.4492 1.7969e-02
5244.0220 6.3952e-03
5245.5947 3.6576e-03
5247.1689 1.5276e-02
5248.7422 7.2206e-03
5250.3174 1.1908e-02
5251.8921 6.1045e-03
5253.4678 8.7359e-03
5255.0439 8.1294e-03
5256.6211 1.2479e-02
5258.1978 1.3965e-02
5259.7749 4.4048e-03
5261.3530 1.0382e-02
5262.9312 1.1694e-02
5264.5098 1.5976e-02
5266.0898 4.3295e-03
5267.6694 6.0516e-03
5269.2495 1.5925e-02
5270.8311 1.2811e-02
5272.4116 1.7266e-02
5273.9941 2.9427e-03
5275.5757 1.1354e-02
5277.1587 1.3814e-02
5278.7422 1.4474e-02
5280.3252 2.2728e-02
5281.9092 4.2322e-03
5283.4937 8.8067e-03
5285.0786 5.9025e-03
5286.6641 1.0286e-02
5288.2500 2.1926e-02
5289.8369 1.0888e-02
5291.4238 1.7829e-02
5293.0117 9.1056e-03
5294.5996 6.6698e-03
5296.1870 8.6780e-03
5297.7764 8.1167e-03
5299.3662 5.9471e-03
5300.9561 9.5744e-03
5302.5459 6.6905e-03
5304.1367 1.4635e-02
5305.7280 8.9586e-03
5307.3188 1.6830e-02
5308.9116 8.9970e-03
5310.5044 1.2863e-02
5312.0977 0.0000e+00
5313.6919 1.4320e-02
5315.2856 1.6063e-02
5316.8799 5.9434e-03
5318.4751 8.8558e-04
5320.0708 1.3035e-02
5321.6665 6.2560e-03
5323.2632 2.0324e-03
5324.8604 7.7196e-03
5326.4575 8.7917e-03
5328.0557 2.3106e-03
5329.6533 9.3427e-03
5331.2534 8.7009e-03
5332.8516 7.7041e-03
5334.4517 1.0926e-02
5336.0522 4.5517e-03
5337.6533 6.6151e-03
5339.2544 9.4190e-03
5340.8560 4.0115e-03
5342.4585 4.2621e-03
5344.0605 6.2986e-03
5345.6646 8.8698e-03
5347.2681 3.9450e-03
5348.8726 7.3903e-04
5350.4771 1.4011e-02
5352.0825 5.7787e-03
5353.6875 8.0288e-03
5355.2944 5.2867e-03
5356.9009 4.5263e-03
5358.5073 5.6389e-03
5360.1152 1.6169e-02
5361.7236 5.3242e-03
5363.3315 6.2392e-03
5364.9404 6.4313e-03
5366.5503 1.0583e-02
5368.1602 1.5722e-02
5369.7705 8.9999e-03
5371.3813 5.7732e-03
5372.9932 8.7326e-03
5374.6050 1.1657e-02
5376.2173 1.2819e-02
5377.8301 3.2522e-03
5379.4434 7.4457e-03
5381.0576 1.0769e-02
5382.6714 2.0771e-03
5384.2861 4.6584e-03
5385.9014 9.3472e-03
5387.5171 9.9874e-03
5389.1343 3.4836e-03
5390.7505 9.6638e-03
5392.3677 3.5975e-03
5393.9858 6.3422e-03
5395.6035 1.3907e-02
5397.2222 4.3299e-03
5398.8413 1.5181e-02
5400.4609 9.3221e-03
5402.0811 1.4098e-02
5403.7017 9.9288e-03
5405.3228 3.8879e-03
5406.9448 3.8406e-03
5408.5659 6.8640e-03
5410.1890 9.1860e-03
5411.8115 8.4218e-03
5413.4360 1.1895e-02
5415.0596 1.1444e-02
5416.6841 6.0518e-03
5418.3096 3.0998e-03
5419.9351 9.8866e-03
5421.5605 3.3577e-03
5423.1875 1.0183e-02
5424.8145 1.4347e-02
5426.4414 1.2514e-02
5428.0693 1.3054e-02
5429.6982 2.9200e-03
5431.3271 7.6434e-03
5432.9565 6.3196e-03
5434.5859 6.8350e-03
5436.2163 4.4759e-04
5437.8472 4.7264e-03
5439.4785 8.6548e-03
5441.1104 7.7866e-03
5442.7427 2.1882e-02
5444.3760 1.3262e-02
5446.0098 1.3194e-02
5447.6431 6.5332e-03
5449.2778 5.3404e-03
5450.9121 9.8997e-03
5452.5474 3.2347e-03
5454.1826 2.2402e-03
5455.8193 9.3656e-03
5457.4565 7.4980e-03
5459.0933 8.9884e-03
5460.7310 1.1306e-02
5462.3696 7.9872e-03
5464.0073 3.7735e-03
5465.6475 5.7546e-03
5467.2871 7.0790e-03
5468.9272 9.1778e-03
5470.5674 6.1448e-03
5472.2090 1.6898e-03
5473.8506 5.7404e-03
5475.4927 4.2646e-03
5477.1353 1.4444e-02
5478.7783 5.0918e-03
5480.4224 1.0908e-02
5482.0659 4.6004e-03
5483.7104 1.3276e-03
5485.3560 8.5537e-03
5487.0010 9.9754e-03
5488.6475 1.0902e-02
5490.2944 3.9552e-03
5491.9414 5.9501e-03
5493.5889 3.8413e-03
5495.2368 7.8608e-03
5496.8857 7.3967e-03
5498.5342 5.5577e-03
5500.1841 7.5338e-03
5501.8340 6.7744e-03
5503.4849 2.0833e-03
5505.1357 6.3376e-03
5506.7871 9.9084e-03
5508.4395 8.4636e-03
5510.0923 8.3859e-03
5511.7451 1.0667e-02
5513.3984 5.2865e-03
5515.0522 5.3929e-03
5516.7070 4.0883e-03
5518.3623 6.9496e-03
5520.0176 7.4363e-03
5521.6733 3.2368e-03
5523.3301 4.1883e-03
5524.9868 7.3279e-03
5526.6450 4.9238e-03
5528.3027 2.5483e-03
5529.9609 7.4798e-03
5531.6201 7.2268e-03
5533.2793 4.5665e-03
5534.9395 8.7022e-03
5536.5996 6.2597e-03
5538.2607 1.6480e-02
5539.9229 9.1719e-03
5541.5840 6.4414e-03
5543.2466 5.1645e-03
5544.9102 4.8191e-03
5546.5728 3.7400e-03
5548.2373 1.1216e-02
5549.9019 5.2424e-03
5551.5664 7.5303e-03
5553.2324 3.6207e-03
5554.8984 1.6852e-02
5556.5645 4.3572e-03
5558.2310 1.0401e-02
5559.8989 4.4960e-03
5561.5669 5.1760e-03
5563.2354 4.3742e-03
5564.9043 5.7938e-03
5566.5732 2.3363e-03
5568.2437 2.7938e-03
5569.9150 7.1508e-03
5571.5854 1.3469e-02
5573.2568 1.1720e-02
5574.9287 1.3254e-02
5576.6011 1.2564e-02
5578.2739 1.1781e-02
5579.9482 1.1618e-02
5581.6216 9.2494e-03
5583.2959 1.5877e-02
5584.9717 9.8320e-03
5586.6470 9.2051e-03
5588.3223 7.1085e-03
5589.9990 6.1012e-03
5591.6763 3.4773e-03
5593.3535 9.1637e-03
5595.0317 6.3103e-03
5596.7104 7.5461e-03
5598.3892 9.3415e-03
5600.0688 1.6463e-02
5601.7490 1.0081e-02
5603.4292 2.0440e-03
5605.1104 1.2322e-02
5606.7915 8.8792e-03
5608.4741 1.4910e-02
5610.1562 5.0429e-03
5611.8394 8.8278e-03
5613.5234 1.3716e-02
5615.2075 3.3469e-03
5616.8916 3.6725e-03
5618.5767 5.5754e-03
5620.2627 7.8824e-03
5621.9482 8.3498e-03
5623.6348 6.3211e-04
5625.3218 1.6711e-02
5627.0098 1.0895e-02
5628.6982 7.3054e-03
5630.3867 2.0797e-02
5632.0757 1.3938e-03
5633.7651 6.3564e-03
5635.4551 7.9836e-03
5637.1460 3.3152e-04
5638.8369 4.1226e-03
5640.5283 3.3433e-03
5642.2207 8.7096e-03
5643.9141 2.5289e-03
5645.6069 1.1312e-02
5647.3003 1.3621e-02
5648.9946 5.8996e-03
5650.6895 7.0512e-03
5652.3848 2.0327e-03
5654.0801 1.8322e-02
5655.7759 9.6125e-03
5657.4736 9.2261e-03
5659.1709 9.8598e-03
5660.8682 6.8650e-03
5662.5664 6.2199e-03
5664.2651 1.7038e-03
5665.9644 5.9619e-03
5667.6641 6.5933e-03
5669.3647 9.7485e-03
5671.0649 5.4222e-03
5672.7666 3.4544e-03
5674.4688 5.7579e-03
5676.1709 9.7227e-03
5677.8740 1.3283e-02
5679.5771 3.4290e-03
5681.2812 2.4359e-03
5682.9858 6.9291e-03
5684.6899 6.6552e-03
5686.3950 4.5922e-03
5688.1021 7.4793e-03
5689.8076 3.9181e-03
5691.5146 3.6372e-03
5693.2222 3.7980e-03
5694.9302 3.4643e-03
5696.6382 7.3787e-03
5698.3477 1.0630e-02
5700.0571 4.3127e-03
5701.7671 2.8729e-03
5703.4775 2.8273e-03
5705.1885 7.1595e-04
5706.9004 5.6040e-03
5708.6123 5.9618e-03
5710.3252 8.6702e-03
5712.0381 8.1447e-03
5713.7524 1.5677e-03
5715.4663 1.0025e-02
5717.1812 6.1148e-03
5718.8955 9.1111e-03
5720.6118 5.7776e-03
5722.3271 9.5614e-03
5724.0444 1.7315e-02
5725.7617 5.3529e-03
5727.4795 5.3545e-03
5729.1973 4.1659e-03
5730.9165 6.0978e-03
5732.6353 8.5646e-03
5734.3550 1.5236e-02
5736.0757 3.5966e-03
5737.7969 4.9124e-03
5739.5176 4.0225e-03
5741.2397 6.4604e-03
5742.9624 5.9288e-03
5744.6851 1.7926e-03
5746.4082 7.0032e-03
5748.1323 7.1855e-03
5749.8569 6.8261e-03
5751.5815 8.8995e-03
5753.3076 5.6176e-03
5755.0332 3.2730e-03
5756.7593 3.4987e-03
5758.4863 5.3714e-03
5760.2144 4.3125e-03
5761.9424 1.2950e-02
5763.6709 6.0577e-03
5765.3999 2.6766e-03
5767.1294 4.0534e-03
5768.8594 9.0384e-03
5770.5908 5.7675e-03
5772.3213 1.1610e-02
5774.0527 5.1481e-03
5775.7856 9.6065e-03
5777.5181 2.9819e-03
5779.2515 8.7613e-03
5780.9844 8.8131e-03
5782.7192 1.6240e-03
5784.4546 7.7799e-03
5786.1899 5.0852e-03
5787.9253 5.2850e-03
5789.6626 3.7281e-03
5791.3984 1.0333e-02
5793.1362 5.1623e-03
5794.8745 6.1656e-03
5796.6123 1.2328e-02
5798.3516 7.2503e-03
5800.0913 1.0039e-02
5801.8306 7.7095e-03
5803.5713 2.3416e-03
5805.3125 2.7123e-03
5807.0537 8.4684e-03
5808.7964 9.0409e-03
5810.5391 1.7870e-02
5812.2822 1.7292e-03
5814.0259 1.1533e-02
5815.7700 6.3440e-03
5817.5151 1.2620e-03
5819.2598 7.8942e-03
5821.0059 4.7243e-03
5822.7524 1.5938e-03
5824.4990 6.2682e-03
5826.2461 1.2777e-02
5827.9937 0.0000e+00
5829.7427 3.2673e-03
5831.4912 2.0397e-03
5833.2407 9.4563e-03
5834.9912 7.8923e-03
5836.7417 2.7374e-03
5838.4922 7.0168e-03
5840.2446 1.4606e-02
5841.9961 6.1776e-03
5843.7490 4.6143e-03
5845.5020 2.2534e-03
5847.2559 3.7835e-03
5849.0103 4.0862e-03
5850.7642 3.8835e-03
5852.5195 6.1061e-03
5854.2754 1.1210e-03
5856.0317 5.1048e-03
5857.7881 1.2852e-02
5859.5454 9.9374e-03
5861.3032 2.3233e-03
5863.0625 2.4178e-03
5864.8208 9.6972e-03
5866.5806 2.3195e-03
5868.3403 0.0000e+00
5870.1006 2.7335e-03
5871.8618 5.7723e-04
5873.6230 9.9087e-03
5875.3857 7.9030e-03
5877.1479 7.2133e-03
5878.9111 3.8842e-03
5880.6748 2.9887e-03
5882.4390 4.4767e-03
5884.2036 5.2746e-03
5885.9692 3.9709e-03
5887.7349 1.3738e-02
5889.5010 7.5170e-03
5891.2676 2.3050e-03
5893.0356 5.1875e-03
5894.8032 8.2977e-03
5896.5718 1.0950e-02
5898.3408 7.1839e-03
5900.1108 5.5461e-03
5901.8804 9.8982e-03
5903.6509 1.2559e-02
5905.4219 1.2473e-02
5907.1938 5.4554e-03
5908.9663 1.9290e-03
5910.7383 9.0014e-03
5912.5112 7.6860e-03
5914.2856 5.9561e-03
5916.0601 7.1132e-03
5917.8345 7.3016e-03
5919.6099 5.8590e-03
5921.3857 1.3827e-03
5923.1621 2.9205e-03
5924.9395 2.4220e-03
5926.7163 5.6474e-03
5928.4946 2.8638e-03
5930.2729 7.2601e-03
5932.0522 6.7725e-03
5933.8315 5.7416e-03
5935.6123 6.6371e-03
5937.3926 9.3788e-03
5939.1738 1.1370e-03
5940.9556 3.3156e-03
5942.7383 1.1049e-02
5944.5210 5.1858e-03
5946.3042 4.3420e-03
5948.0879 3.7966e-03
5949.8726 1.8672e-03
5951.6572 2.4125e-03
5953.4434 2.2355e-03
5955.2290 6.9286e-03
5957.0151 1.0115e-02
5958.8022 1.1273e-02
5960.5903 1.6677e-03
5962.3789 1.2521e-02
5964.1670 6.8719e-03
5965.9561 9.0198e-03
5967.7466 9.5544e-03
5969.5366 5.2531e-03
5971.3276 6.5603e-03
5973.1187 0.0000e+00
5974.9106 6.4190e-03
5976.7031 9.6744e-03
5978.4961 5.8507e-03
5980.2900 2.7671e-03
5982.0845 7.2459e-03
5983.8789 1.4254e-03
5985.6729 1.4246e-03
5987.4692 1.5621e-02
5989.2651 8.3271e-03
5991.0620 4.3299e-03
5992.8589 7.0728e-03
5994.6572 7.0049e-03
5996.4556 9.1275e-03
5998.2549 5.5765e-03
6000.0547 5.3449e-03
6001.8545 1.2814e-02
6003.6548 4.8860e-03
6005.4561 2.7032e-03
6007.2578 3.5321e-03
6009.0596 3.5490e-03
6010.8623 6.8518e-03
6012.6660 7.0564e-03
6014.4697 1.3169e-02
6016.2739 8.2413e-03
6018.0786 9.4547e-03
6019.8843 1.3094e-02
6021.6909 2.9707e-03
6023.4966 5.8752e-03
6025.3037 1.0782e-02
6027.1108 9.0111e-04
6028.9199 4.6345e-03
6030.7285 3.9855e-03
6032.5366 1.0754e-02
6034.3472 4.5609e-03
6036.1577 5.3469e-03
6037.9683 6.2174e-03
6039.7793 1.0850e-02
6041.5918 5.4087e-03
6043.4038 1.0075e-02
6045.2173 3.7869e-04
6047.0312 2.0471e-04
6048.8447 8.4017e-03
6050.6592 3.5185e-03
6052.4751 5.2161e-03
6054.2905 5.5829e-03
6056.1069 1.0940e-03
6057.9233 5.1534e-03
6059.7407 4.9945e-03
6061.5586 6.7650e-03
6063.3770 3.2009e-04
6065.1968 1.3265e-03
6067.0161 6.9759e-03
6068.8359 1.3332e-02
6070.6567 3.1921e-03
6072.4785 1.1091e-02
6074.2998 9.1682e-03
6076.1221 7.2351e-03
6077.9448 6.4926e-03
6079.7681 7.8591e-03
6081.5918 8.2134e-03
6083.4160 5.0917e-03
6085.2417 5.1244e-03
6087.0664 1.0234e-02
6088.8936 5.7865e-03
6090.7197 3.1433e-03
6092.5469 2.9350e-03
6094.3745 2.6630e-03
6096.2031 5.8048e-03
6098.0327 6.7432e-03
6099.8613 9.9986e-03
6101.6914 4.8172e-03
6103.5220 6.1657e-03
6105.3530 4.5938e-03
6107.1846 9.6568e-03
6109.0171 1.9581e-03
6110.8496 6.6085e-03
6112.6831 2.3331e-03
6114.5166 3.2172e-03
6116.3511 7.1981e-03
6118.1855 1.3341e-02
6120.0210 1.0478e-02
6121.8574 8.3555e-03
6123.6938 5.6702e-03
6125.5308 3.1079e-03
6127.3687 4.1782e-03
6129.2065 4.3869e-03
6131.0454 5.3794e-03
6132.8843 2.4949e-03
6134.7246 7.1911e-03
6136.5649 4.0823e-03
6138.4062 1.2171e-02
6140.2476 6.5197e-03
6142.0894 6.1525e-04
6143.9316 5.5252e-03
6145.7759 8.6940e-03
6147.6191 2.1490e-03
6149.4634 6.1490e-03
6151.3081 9.5118e-03
6153.1538 7.9402e-03
6155.0000 6.7896e-03
6156.8462 7.1008e-03
6158.6934 2.6386e-03
6160.5410 3.8216e-03
6162.3892 3.1642e-03
6164.2373 8.6141e-03
6166.0869 9.4132e-03
6167.9370 8.2319e-03
6169.7871 7.2932e-03
6171.6387 3.7472e-03
6173.4897 3.8298e-03
6175.3413 2.3781e-03
6177.1938 5.7396e-03
6179.0474 5.8174e-03
6180.9009 2.2869e-03
6182.7549 2.4256e-03
6184.6104 6.2067e-03
6186.4653 1.7375e-03
6188.3213 1.5432e-03
6190.1782 6.6332e-03
6192.0356 3.6867e-03
6193.8931 2.8172e-03
6195.7505 5.8324e-03
6197.6099 9.0381e-03
6199.4688 2.3239e-03
6201.3281 9.4999e-03
6203.1895 6.4130e-03
6205.0498 6.7881e-03
6206.9121 5.6615e-03
6208.7739 6.0937e-03
6210.6367 3.7653e-03
6212.4995 3.0498e-03
6214.3633 3.7406e-03
6216.2275 6.5716e-03
6218.0923 3.1380e-03
6219.9575 1.1928e-03
6221.8237 4.8052e-03
6223.6904 5.1791e-03
6225.5576 5.3054e-03
6227.4258 7.4391e-03
6229.2935 4.2029e-03
6231.1621 3.9405e-03
6233.0317 7.7401e-03
6234.9019 5.7892e-03
6236.7720 5.5354e-03
6238.6431 2.6568e-03
6240.5146 2.6153e-03
6242.3867 3.6608e-03
6244.2598 4.7213e-03
6246.1323 4.7859e-03
6248.0063 4.2765e-03
6249.8813 4.4986e-03
6251.7559 4.2780e-03
6253.6313 1.4404e-03
6255.5073 9.4428e-03
6257.3843 2.8006e-03
6259.2617 4.3402e-03
6261.1392 2.7445e-03
6263.0176 2.8073e-03
6264.8970 2.1985e-03
6266.7759 6.0955e-03
6268.6562 3.9195e-03
6270.5361 9.1435e-04
6272.4180 5.4485e-03
6274.2993 7.2186e-03
6276.1816 6.3895e-03
6278.0645 7.1499e-03
6279.9478 8.0639e-03
6281.8320 1.0168e-02
6283.7168 7.5898e-03
6285.6021 3.7296e-03
6287.4868 2.9923e-03
6289.3740 7.6281e-04
6291.2603 5.5929e-03
6293.1475 6.6914e-03
6295.0352 4.8884e-03
6296.9238 3.6593e-03
6298.8130 7.2100e-03
6300.7026 5.7425e-04
6302.5933 9.9228e-03
6304.4839 1.3523e-03
6306.3755 7.5022e-03
6308.2676 5.9940e-03
6310.1597 2.8499e-03
6312.0527 1.2434e-02
6313.9468 1.8122e-03
6315.8398 2.1227e-03
6317.7349 2.8881e-03
6319.6304 3.5994e-03
6321.5269 5.8802e-03
6323.4233 2.3416e-03
6325.3198 8.3291e-03
6327.2178 1.1700e-03
6329.1157 2.3814e-03
6331.0146 5.4363e-03
6332.9131 2.8093e-03
6334.8140 4.4421e-03
6336.7139 9.9572e-03
6338.6147 8.0969e-03
6340.5166 6.5905e-03
6342.4189 3.6969e-03
6344.3213 2.8502e-03
6346.2246 6.3453e-03
6348.1284 5.3287e-03
6350.0332 7.0328e-03
6351.9380 7.5018e-03
6353.8442 2.6682e-03
6355.7500 4.4091e-03
6357.6572 1.3234e-03
6359.5645 1.1213e-02
6361.4717 5.0851e-03
6363.3804 7.8130e-03
6365.2891 4.3505e-03
6367.1987 4.8162e-03
6369.1089 8.1112e-03
6371.0200 9.6454e-03
6372.9312 2.9625e-03
6374.8428 1.0971e-03
6376.7549 6.0205e-03
6378.6685 4.6759e-03
6380.5820 2.2048e-03
6382.4966 4.6065e-03
6384.4111 5.1448e-03
6386.3257 5.7499e-03
6388.2422 6.0017e-03
6390.1587 1.0979e-02
6392.0752 8.6089e-04
6393.9932 4.4216e-03
6395.9116 3.8701e-03
6397.8301 6.9499e-03
6399.7490 7.1913e-03
6401.6694 9.0268e-03
6403.5898 5.1167e-03
6405.5112 8.1666e-03
6407.4331 2.5789e-03
6409.3545 4.9911e-03
6411.2778 3.3347e-03
6413.2012 6.7231e-03
6415.1250 3.0395e-03
6417.0493 1.9804e-03
6418.9741 2.7716e-03
6420.9004 2.9626e-03
6422.8262 1.0601e-02
6424.7534 3.2744e-03
6426.6812 2.7745e-03
6428.6094 2.7147e-03
6430.5381 8.5914e-03
6432.4668 7.4350e-03
6434.3960 2.5834e-03
6436.3267 1.0937e-02
6438.2578 4.2655e-04
6440.1895 7.8465e-03
6442.1216 2.9370e-03
6444.0537 5.5977e-03
6445.9868 4.9709e-03
6447.9209 1.0414e-03
6449.8550 6.2329e-03
6451.7905 5.3990e-03
6453.7256 9.1475e-04
6455.6621 3.9987e-03
6457.5986 4.1107e-03
6459.5356 7.3742e-03
6461.4741 6.3513e-03
6463.4121 4.3914e-04
6465.3506 4.8168e-03
6467.2905 2.7455e-03
6469.2310 7.6206e-03
6471.1719 1.0077e-02
6473.1128 3.1051e-04
6475.0552 2.1016e-03
6476.9976 2.9880e-03
6478.9409 1.1713e-03
6480.8848 2.8881e-03
6482.8286 1.2455e-02
6484.7739 9.1112e-03
6486.7192 4.6953e-03
6488.6650 3.5867e-03
6490.6113 5.8249e-03
6492.5581 2.6687e-03
6494.5063 1.0351e-02
6496.4546 4.8701e-03
6498.4038 5.5667e-04
6500.3535 7.0142e-03
6502.3032 5.9453e-03
6504.2539 2.3834e-03
6506.2056 4.9399e-03
6508.1572 5.9664e-03
6510.1099 5.1498e-03
6512.0625 2.7516e-03
6514.0166 2.5260e-03
6515.9702 3.0136e-03
6517.9258 4.5021e-03
6519.8809 5.5611e-03
6521.8364 1.7035e-03
6523.7930 1.0096e-02
6525.7505 4.6346e-03
6527.7075 2.5913e-03
6529.6665 5.2620e-04
6531.6255 6.3385e-04
6533.5845 5.6891e-03
6535.5449 2.7832e-03
6537.5054 1.6008e-03
6539.4668 5.9271e-03
6541.4282 2.3865e-03
6543.3911 6.9582e-03
6545.3545 4.6959e-03
6547.3179 8.1309e-03
6549.2817 8.7717e-03
6551.2466 6.1244e-03
6553.2124 4.7954e-03
6555.1777 1.8985e-03
6557.1445 2.6472e-03
6559.1113 5.1602e-03
6561.0796 6.8214e-03
6563.0479 2.1903e-03
6565.0166 2.3946e-03
6566.9863 5.9146e-03
6568.9561 5.6006e-03
6570.9268 2.7554e-03
6572.8979 6.3278e-03
6574.8701 7.1518e-03
6576.8423 4.4495e-03
6578.8154 3.6143e-03
6580.7896 6.0019e-03
6582.7632 5.0249e-03
6584.7383 9.4408e-03
6586.7139 2.7927e-03
6588.6895 2.9672e-03
6590.6660 3.3979e-03
6592.6431 2.8238e-03
6594.6211 3.3494e-03
6596.5996 6.0247e-03
6598.5791 2.5291e-03
6600.5581 6.2778e-03
6602.5386 7.0909e-03
6604.5190 2.3146e-03
6606.5005 8.9601e-03
6608.4824 2.0680e-03
6610.4648 5.2483e-03
6612.4482 2.0096e-03
6614.4326 4.6975e-03
6616.4160 3.4906e-03
6618.4009 2.6433e-03
6620.3867 2.2721e-03
6622.3730 8.7353e-03
6624.3594 2.9157e-03
6626.3467 2.8095e-03
6628.3350 4.1054e-03
6630.3232 2.2471e-03
6632.3125 9.1900e-03
6634.3022 3.0484e-03
6636.2920 5.7747e-03
6638.2827 2.7657e-03
6640.2744 5.3762e-03
6642.2671 1.2057e-03
6644.2593 9.5655e-03
6646.2529 4.8292e-03
6648.2471 6.9666e-03
6650.2412 3.4500e-03
6652.2358 7.5115e-03
6654.2314 6.7304e-03
6656.2280 6.8876e-04
6658.2251 8.4945e-03
6660.2222 4.7372e-03
6662.2207 4.3998e-03
6664.2197 2.4871e-03
6666.2178 3.4204e-03
6668.2178 2.5037e-03
6670.2188 3.4661e-03
6672.2192 6.3305e-03
6674.2212 3.2838e-03
6676.2241 2.9674e-04
6678.2266 4.7538e-03
6680.2300 7.8741e-03
6682.2334 5.8312e-03
6684.2388 3.1742e-03
6686.2446 8.3775e-03
6688.2500 4.9894e-03
6690.2563 2.3207e-04
6692.2627 4.2703e-03
6694.2715 4.9161e-03
6696.2793 4.3312e-03
6698.2881 8.5515e-03
6700.2979 0.0000e+00
6702.3081 1.3847e-03
6704.3188 5.7638e-03
6706.3301 4.6082e-03
6708.3418 2.4375e-03
6710.3545 6.4160e-03
6712.3672 1.2888e-03
6714.3809 3.0745e-03
6716.3955 3.5624e-03
6718.4106 4.5750e-03
6720.4263 0.0000e+00
6722.4419 7.2296e-03
6724.4585 9.3820e-03
6726.4756 8.9110e-03
6728.4946 3.7295e-03
6730.5127 1.6104e-03
6732.5312 3.4397e-04
6734.5513 0.0000e+00
6736.5718 3.9021e-03
6738.5923 2.7652e-03
6740.6152 3.1622e-03
6742.6367 2.1756e-03
6744.6587 7.5902e-03
6746.6831 1.0601e-03
6748.7065 2.2400e-03
6750.7310 8.1645e-04
6752.7563 5.3136e-03
6754.7822 7.1195e-04
6756.8091 2.6887e-03
6758.8359 8.9375e-03
6760.8633 2.7924e-03
6762.8916 2.2181e-03
6764.9209 1.8442e-03
6766.9502 3.7225e-03
6768.9805 4.3196e-03
6771.0107 6.8730e-03
6773.0425 3.6294e-03
6775.0742 6.5019e-03
6777.1064 3.7735e-03
6779.1401 4.8831e-03
6781.1733 0.0000e+00
6783.2080 6.0098e-03
6785.2427 6.0067e-03
6787.2783 3.1481e-03
6789.3149 2.9359e-03
6791.3516 5.7040e-03
6793.3887 1.5836e-03
6795.4272 1.0128e-03
6797.4653 3.2961e-03
6799.5049 3.4174e-03
6801.5444 7.4442e-03
6803.5854 4.5568e-03
6805.6260 7.1912e-03
6807.6685 4.2889e-03
6809.7100 5.4512e-03
6811.7534 4.6850e-03
6813.7964 1.0925e-03
6815.8408 4.4460e-03
6817.8853 1.0919e-02
6819.9312 3.6899e-03
6821.9771 3.6755e-03
6824.0234 3.2380e-03
6826.0703 1.0704e-03
6828.1182 3.8808e-03
6830.1670 3.8351e-03
6832.2163 7.0897e-03
6834.2651 2.5102e-03
6836.3154 2.1080e-03
6838.3667 4.1692e-03
6840.4180 0.0000e+00
6842.4702 4.7199e-03
6844.5229 6.4467e-03
6846.5762 2.6426e-03
6848.6304 1.9733e-03
6850.6851 0.0000e+00
6852.7402 7.4429e-04
6854.7959 8.6382e-03
6856.8525 6.0996e-03
6858.9097 3.7689e-03
6860.9668 2.2910e-03
6863.0254 5.2130e-04
6865.0845 2.2524e-03
6867.1440 3.0968e-03
6869.2041 2.5914e-03
6871.2646 1.3109e-03
6873.3257 3.0241e-03
6875.3882 2.1953e-03
6877.4512 4.9722e-03
6879.5137 6.4317e-03
6881.5781 4.0337e-03
6883.6421 9.3557e-03
6885.7075 3.9096e-03
6887.7729 4.3893e-03
6889.8394 5.2223e-03
6891.9062 6.9908e-03
6893.9746 4.6906e-03
6896.0425 1.4686e-03
6898.1113 5.9590e-03
6900.1802 3.3214e-03
6902.2505 3.4552e-03
6904.3213 3.0361e-03
6906.3926 3.5431e-03
6908.4648 5.0732e-03
6910.5366 2.9424e-03
6912.6099 2.2302e-03
6914.6841 0.0000e+00
6916.7588 2.3906e-03
6918.8335 1.4644e-04
6920.9092 5.0782e-03
6922.9849 4.5426e-03
6925.0620 6.5941e-04
6927.1401 4.6051e-03
6929.2178 6.7510e-04
6931.2964 3.8987e-03
6933.3760 7.2728e-03
6935.4561 1.4071e-03
6937.5371 4.3446e-03
6939.6182 2.1191e-03
6941.7002 3.2084e-03
6943.7822 4.8203e-03
6945.8657 4.2643e-03
6947.9487 3.6140e-03
6950.0337 4.1022e-03
6952.1182 6.9636e-03
6954.2046 3.5531e-03
6956.2905 1.3976e-03
6958.3779 6.0939e-03
6960.4644 3.3254e-03
6962.5527 9.1615e-03
6964.6421 4.8420e-03
6966.7314 2.6322e-03
6968.8208 4.4763e-03
6970.9116 1.3096e-03
6973.0029 1.8812e-04
6975.0947 1.7970e-03
6977.1880 2.1803e-03
6979.2803 1.2494e-03
6981.3745 2.6576e-03
6983.4692 1.1872e-03
6985.5635 9.3920e-03
6987.6602 1.1774e-02
6989.7559 6.0568e-03
6991.8525 7.8278e-03
6993.9507 3.2584e-03
6996.0488 2.4316e-03
6998.1479 0.0000e+00
7000.2471 0.0000e+00
7002.3467 1.8179e-03
7004.4468 5.3990e-03
7006.5488 1.6992e-03
7008.6514 4.5348e-03
7010.7529 3.8414e-03
7012.8564 7.0049e-04
7014.9609 6.3263e-03
7017.0654 2.1372e-03
7019.1699 6.2108e-04
7021.2759 2.6456e-03
7023.3823 4.1565e-03
7025.4893 3.9954e-03
7027.5977 2.3188e-03
7029.7051 2.3229e-03
7031.8145 5.1967e-03
7033.9238 2.9128e-03
7036.0337 7.2739e-03
7038.1450 2.2173e-03
7040.2559 6.8523e-03
7042.3687 5.5691e-03
7044.4805 4.9226e-03
7046.5938 1.8008e-03
7048.7080 7.7986e-04
7050.8228 3.5538e-03
7052.9385 4.4628e-03
7055.0542 3.5576e-03
7057.1704 3.4622e-03
7059.2881 1.6287e-03
7061.4053 6.9722e-03
7063.5234 0.0000e+00
7065.6431 3.3159e-03
7067.7627 1.9059e-03
7069.8828 5.8969e-03
7072.0039 3.7610e-03
7074.1255 5.5202e-03
7076.2476 1.1171e-02
7078.3706 4.2718e-03
7080.4937 3.6909e-03
7082.6187 2.1961e-03
7084.7432 2.2162e-03
7086.8687 5.0438e-03
7088.9946 2.1763e-03
7091.1216 4.6324e-03
7093.2490 3.0370e-03
7095.3765 9.1639e-04
7097.5049 2.3826e-03
7099.6348 2.2389e-03
7101.7642 1.0606e-03
7103.8945 7.1782e-03
7106.0264 1.6608e-03
7108.1582 5.5070e-03
7110.2905 7.9656e-03
7112.4229 5.5103e-03
7114.5571 8.9631e-03
7116.6914 1.0175e-02
7118.8262 1.8650e-03
7120.9619 4.5290e-03
7123.0986 4.1975e-03
7125.2354 4.8474e-03
7127.3730 2.4383e-03
7129.5112 2.9712e-03
7131.6499 6.1234e-03
7133.7896 5.9660e-03
7135.9292 4.0993e-03
7138.0703 1.8149e-03
7140.2119 2.7906e-03
7142.3540 7.4600e-03
7144.4966 4.7607e-03
7146.6396 2.0225e-03
7148.7842 2.3712e-03
7150.9287 7.4687e-04
7153.0742 2.1449e-03
7155.2197 5.7852e-03
7157.3667 2.9055e-03
7159.5137 7.6008e-03
7161.6616 3.0899e-03
7163.8101 2.2617e-03
7165.9590 1.0760e-02
7168.1089 2.7725e-03
7170.2593 1.6405e-03
7172.4102 3.4978e-03
7174.5625 2.2962e-03
7176.7144 1.0407e-03
7178.8672 3.1059e-03
7181.0210 5.8792e-04
7183.1753 1.7029e-03
7185.3306 1.0908e-03
7187.4858 0.0000e+00
7189.6421 4.4638e-03
7191.7988 2.5494e-03
7193.9565 6.0314e-03
7196.1147 2.9313e-03
7198.2734 5.6998e-03
7200.4336 5.4880e-03
7202.5928 1.0149e-03
7204.7539 3.7255e-03
7206.9155 1.3189e-03
7209.0771 5.6364e-03
7211.2402 4.2995e-03
7213.4033 7.5015e-04
7215.5674 1.5974e-03
7217.7324 3.2858e-03
7219.8979 4.9707e-03
7222.0635 7.7443e-04
7224.2300 2.4243e-03
7226.3979 5.4634e-03
7228.5654 4.4243e-03
7230.7334 8.0854e-03
7232.9033 1.1052e-03
7235.0728 5.3079e-03
7237.2432 4.1004e-03
7239.4150 3.3191e-03
7241.5864 0.0000e+00
7243.7593 0.0000e+00
7245.9321 0.0000e+00
7248.1060 3.7074e-03
7250.2803 9.2123e-03
7252.4551 2.3310e-03
7254.6313 2.2177e-03
7256.8076 8.1815e-04
7258.9849 1.1718e-02
7261.1626 3.1499e-03
7263.3408 2.8064e-03
7265.5200 4.5063e-03
7267.6992 4.5281e-04
7269.8799 2.8198e-03
7272.0605 3.2396e-03
7274.2422 1.2804e-03
7276.4243 4.2867e-04
7278.6069 2.6765e-03
7280.7910 5.9175e-03
7282.9751 2.2640e-03
7285.1602 5.5998e-03
7287.3452 3.0735e-03
7289.5317 1.8258e-03
7291.7188 4.0996e-03
7293.9067 7.8225e-03
7296.0947 2.6512e-03
7298.2832 1.7016e-03
7300.4727 2.7071e-03
7302.6631 0.0000e+00
7304.8540 2.6177e-04
7307.0454 2.3616e-03
7309.2373 1.4634e-03
7311.4292 3.1943e-03
7313.6235 4.0848e-03
7315.8179 0.0000e+00
7318.0122 9.5741e-04
7320.2075 3.2234e-03
7322.4038 5.4403e-03
7324.6001 3.9210e-04
7326.7979 2.0058e-03
7328.9961 1.0630e-02
7331.1943 2.5983e-03
7333.3936 2.5350e-03
7335.5938 3.8054e-03
7337.7944 5.2584e-03
7339.9956 3.4108e-04
7342.1982 1.8763e-03
7344.4004 3.3292e-03
7346.6035 2.2852e-03
7348.8081 5.4182e-03
7351.0127 2.7753e-03
7353.2183 4.2804e-03
7355.4238 2.9689e-03
7357.6304 8.7281e-03
7359.8374 2.6700e-03
7362.0459 1.4118e-03
7364.2549 3.1764e-03
7366.4634 1.3389e-03
7368.6738 1.6843e-03
7370.8838 9.7708e-04
7373.0957 5.4362e-03
7375.3071 2.4042e-03
7377.5200 4.8458e-03
7379.7334 7.1281e-03
7381.9473 4.6734e-03
7384.1616 5.0524e-03
7386.3770 2.0815e-03
7388.5928 3.3089e-03
7390.8096 2.2521e-03
7393.0264 4.6544e-03
7395.2446 2.8721e-03
7397.4639 2.3588e-03
7399.6826 7.1726e-03
7401.9023 2.0240e-03
7404.1230 2.9245e-03
7406.3438 1.7803e-03
7408.5654 9.5162e-04
7410.7886 7.8946e-04
7413.0122 1.9767e-04
7415.2354 1.0719e-03
7417.4604 2.9472e-03
7419.6855 4.6378e-03
7421.9116 3.6152e-03
7424.1382 4.1879e-03
7426.3652 6.9623e-03
7428.5933 2.9217e-03
7430.8218 0.0000e+00
7433.0513 8.8238e-03
7435.2808 5.0787e-03
7437.5117 7.3952e-03
7439.7432 4.1373e-03
7441.9741 1.6499e-04
7444.2070 7.6721e-04
7446.4404 1.3707e-03
7448.6748 5.9422e-03
7450.9097 2.0891e-03
7453.1440 1.2488e-03
7455.3809 3.6092e-03
7457.6167 2.6398e-03
7459.8545 1.0180e-03
7462.0923 6.9676e-03
7464.3306 8.9205e-04
7466.5698 1.0682e-03
7468.8096 3.2972e-03
7471.0503 4.5737e-03
7473.2920 5.6847e-03
7475.5342 2.9906e-03
7477.7769 1.3190e-03
7480.0205 3.1386e-03
7482.2637 2.9853e-03
7484.5088 7.4059e-03
7486.7539 2.1769e-03
7489.0000 3.6491e-03
7491.2471 9.2857e-03
7493.4937 2.5105e-03
7495.7422 2.3257e-03
7497.9912 1.0247e-03
7500.2402 6.0281e-03
7502.4902 8.3819e-03
7504.7412 2.2114e-03
7506.9927 2.2308e-03
7509.2441 2.4304e-03
7511.4976 2.4462e-04
7513.7510 1.4042e-03
7516.0044 2.4468e-03
7518.2593 3.0917e-03
7520.5151 1.9028e-03
7522.7715 6.3299e-04
7525.0283 4.1417e-03
7527.2861 3.3013e-03
7529.5439 8.5699e-03
7531.8027 2.4400e-04
7534.0620 3.7421e-03
7536.3228 1.9309e-03
7538.5835 9.2331e-03
7540.8447 8.5801e-04
7543.1074 4.6933e-03
7545.3706 4.1657e-03
7547.6338 1.7761e-04
7549.8984 3.0069e-03
7552.1626 1.8062e-03
7554.4292 7.8774e-04
7556.6948 4.5891e-03
7558.9619 1.6708e-03
7561.2295 1.9447e-03
7563.4976 4.2619e-04
7565.7671 2.6713e-03
7568.0366 3.5560e-03
7570.3071 7.8598e-04
7572.5786 2.3361e-03
7574.8511 4.2956e-03
7577.1230 5.3801e-03
7579.3960 2.5754e-03
7581.6694 5.7366e-03
7583.9443 2.5765e-03
7586.2192 5.5726e-03
7588.4956 6.1790e-03
7590.7715 1.6677e-03
7593.0488 5.9683e-04
7595.3262 8.1550e-03
7597.6060 1.2426e-03
7599.8843 2.2992e-03
7602.1641 3.2642e-03
7604.4448 2.3254e-03
7606.7271 7.9721e-04
7609.0093 3.4645e-03
7611.2910 5.1583e-04
7613.5752 2.1309e-03
7615.8589 4.1904e-03
7618.1440 2.4515e-04
7620.4292 4.1845e-03
7622.7153 2.3309e-03
7625.0020 1.6889e-03
7627.2896 2.7924e-03
7629.5781 5.1838e-03
7631.8662 2.9497e-03
7634.1562 1.4215e-04
7636.4468 6.7752e-04
7638.7378 8.1388e-03
7641.0288 6.0569e-04
7643.3213 6.5866e-03
7645.6138 2.3418e-03
7647.9072 1.1724e-03
7650.2021 4.2555e-03
7652.4971 3.9912e-03
7654.7935 4.8716e-03
7657.0894 1.5653e-03
7659.3867 4.6402e-03
7661.6846 2.3645e-04
7663.9829 0.0000e+00
7666.2817 2.6930e-03
7668.5825 2.0372e-03
7670.8823 1.3504e-03
7673.1841 9.6956e-04
7675.4854 6.5926e-04
7677.7891 2.7522e-03
7680.0918 1.6285e-03
7682.3960 1.4815e-03
7684.7002 2.8289e-03
7687.0059 2.9725e-03
7689.3125 1.2897e-03
7691.6191 4.8410e-03
7693.9268 1.6435e-03
7696.2344 0.0000e+00
7698.5430 1.3030e-03
7700.8530 8.5289e-03
7703.1631 5.1045e-03
7705.4746 1.2739e-03
7707.7856 6.9162e-03
7710.0981 2.0712e-04
7712.4111 9.2358e-04
7714.7251 1.4664e-03
7717.0391 3.3982e-03
7719.3540 3.8409e-03
7721.6699 1.5633e-03
7723.9868 4.8041e-03
7726.3042 4.1716e-03
7728.6216 2.9494e-03
7730.9409 1.7029e-03
7733.2593 1.9485e-03
7735.5796 2.0284e-03
7737.9004 2.2518e-03
7740.2217 3.3478e-04
7742.5435 4.8143e-03
7744.8662 2.6212e-03
7747.1895 0.0000e+00
7749.5142 2.5625e-03
7751.8394 5.3604e-03
7754.1650 2.2457e-03
7756.4907 2.3758e-03
7758.8174 3.7213e-03
7761.1450 2.0042e-03
7763.4736 1.2370e-03
7765.8022 2.6651e-03
7768.1323 2.1626e-03
7770.4634 4.7847e-03
7772.7944 3.7501e-03
7775.1260 0.0000e+00
7777.4585 6.5324e-04
7779.7915 6.7587e-04
7782.1260 5.4721e-03
7784.4604 4.1757e-03
7786.7954 7.7450e-04
7789.1318 2.5994e-03
7791.4683 4.8913e-03
7793.8062 1.2955e-03
7796.1436 1.7579e-03
7798.4824 2.7675e-03
7800.8218 3.9153e-03
7803.1626 4.1906e-03
7805.5034 1.7538e-03
7807.8447 5.1272e-03
7810.1880 2.0623e-03
7812.5303 2.6352e-03
7814.8745 1.7939e-03
7817.2192 0.0000e+00
7819.5640 1.8567e-03
7821.9106 0.0000e+00
7824.2559 4.1722e-03
7826.6040 2.7230e-03
7828.9521 0.0000e+00
7831.3003 3.2416e-03
7833.6499 6.6680e-04
7835.9995 2.6423e-03
7838.3511 5.1129e-03
7840.7021 1.1841e-03
7843.0547 9.3237e-04
7845.4077 1.6604e-03
7847.7603 1.5164e-03
7850.1152 3.4315e-03
7852.4702 2.9931e-03
7854.8262 5.0934e-03
7857.1821 1.3467e-03
7859.5396 8.5557e-04
7861.8975 0.0000e+00
7864.2559 3.2520e-03
7866.6157 1.1289e-03
7868.9756 2.8850e-03
7871.3359 4.2734e-03
7873.6978 3.3227e-03
7876.0601 2.1164e-03
7878.4224 4.3230e-04
7880.7856 1.8789e-03
7883.1509 1.7102e-03
7885.5151 4.8056e-03
7887.8809 4.0254e-03
7890.2476 6.6246e-04
7892.6147 4.0543e-03
7894.9814 5.4020e-04
7897.3501 2.6144e-03
7899.7192 4.6483e-03
7902.0898 2.9861e-03
7904.4604 3.4560e-03
7906.8311 2.9670e-03
7909.2036 1.6239e-03
7911.5767 9.5143e-04
7913.9497 6.4187e-04
7916.3247 0.0000e+00
7918.6987 8.1815e-04
7921.0742 3.8563e-03
7923.4512 5.7784e-04
7925.8276 3.0960e-03
7928.2051 8.5140e-04
7930.5845 4.2202e-03
7932.9634 1.6053e-03
7935.3433 3.3967e-03
7937.7236 2.4538e-03
7940.1050 2.7809e-03
7942.4873 0.0000e+00
7944.8701 4.7461e-03
7947.2529 3.6133e-03
7949.6377 0.0000e+00
7952.0225 0.0000e+00
7954.4082 0.0000e+00
7956.7949 4.8643e-04
7959.1807 1.4954e-03
7961.5688 1.0905e-03
7963.9580 3.1465e-03
7966.3462 6.2637e-04
7968.7368 0.0000e+00
7971.1274 3.2811e-03
7973.5181 1.6893e-03
7975.9111 3.5069e-04
7978.3032 2.7753e-03
7980.6973 3.1934e-03
7983.0908 5.3932e-03
7985.4858 3.1179e-03
7987.8823 1.1789e-03
7990.2778 4.8229e-03
7992.6748 2.0570e-03
7995.0728 3.2248e-03
7997.4717 2.9728e-03
7999.8711 3.4868e-03
8002.2710 3.3768e-03
8004.6709 6.6664e-03
8007.0723 3.8835e-03
8009.4746 2.0266e-03
8011.8779 0.0000e+00
8014.2812 0.0000e+00
8016.6855 0.0000e+00
8019.0903 8.2398e-04
8021.4966 1.9180e-03
8023.9028 7.4240e-03
8026.3105 6.0172e-03
8028.7173 2.1708e-04
8031.1260 5.8056e-03
8033.5361 0.0000e+00
8035.9458 0.0000e+00
8038.3569 0.0000e+00
8040.7681 3.8031e-03
8043.1807 2.3034e-03
8045.5933 2.5807e-03
8048.0068 2.5262e-03
8050.4214 1.6071e-03
8052.8364 2.1739e-03
8055.2520 5.5468e-03
8057.6689 1.2929e-03
8060.0864 3.3077e-03
8062.5049 7.3437e-04
8064.9229 1.9346e-04
8067.3423 6.9528e-04
8069.7632 2.3647e-03
8072.1836 8.4297e-03
8074.6050 3.9504e-03
8077.0278 1.2533e-03
8079.4507 3.1798e-04
8081.8745 2.9185e-03
8084.2988 3.1615e-03
8086.7251 2.8846e-04
8089.1509 0.0000e+00
8091.5771 1.9022e-03
8094.0049 4.4877e-03
8096.4331 7.5840e-03
8098.8618 5.5835e-03
8101.2910 8.1427e-04
8103.7217 0.0000e+00
8106.1528 0.0000e+00
8108.5845 8.0884e-04
8111.0171 3.5953e-03
8113.4502 3.0226e-03
8115.8843 3.5440e-03
8118.3188 1.7956e-03
8120.7549 0.0000e+00
8123.1914 2.4556e-03
8125.6284 5.6587e-04
8128.0659 1.1024e-03
8130.5049 2.9163e-03
8132.9438 2.3413e-03
8135.3833 5.5758e-04
8137.8237 7.8305e-04
8140.2651 6.9751e-04
8142.7075 0.0000e+00
8145.1504 2.0133e-03
8147.5938 1.6257e-03
8150.0376 5.2679e-04
8152.4834 0.0000e+00
8154.9292 0.0000e+00
8157.3750 3.3430e-03
8159.8228 2.4475e-04
8162.2705 2.5990e-03
8164.7192 1.8525e-03
8167.1685 1.5049e-03
8169.6187 4.5618e-03
8172.0693 7.1626e-04
8174.5210 2.0156e-03
8176.9736 1.2367e-03
8179.4268 1.6554e-04
8181.8809 2.5743e-03
8184.3350 3.2614e-04
8186.7900 4.8971e-03
8189.2456 5.8018e-03
8191.7031 6.1697e-04
8194.1602 1.6136e-03
8196.6191 4.5247e-03
8199.0781 5.5505e-04
8201.5371 4.2703e-03
8203.9980 2.5477e-03
8206.4590 2.2849e-03
8208.9219 2.5673e-04
8211.3838 6.0861e-03
8213.8477 2.2925e-03
8216.3115 3.2853e-03
8218.7764 1.8611e-03
8221.2422 3.2390e-03
8223.7090 4.9352e-03
8226.1758 3.4088e-03
8228.6436 0.0000e+00
8231.1123 1.5752e-03
8233.5811 3.4185e-03
8236.0518 1.0346e-03
8238.5215 3.3612e-03
8240.9932 3.1295e-03
8243.4658 2.0005e-03
8245.9395 1.9107e-03
8248.4131 1.1399e-03
8250.8877 6.4390e-04
8253.3623 5.0695e-04
8255.8389 5.0018e-04
8258.3154 2.5489e-03
8260.7920 0.0000e+00
8263.2715 2.6950e-03
8265.7500 4.6837e-03
8268.2305 6.3110e-04
8270.7100 4.0990e-03
8273.1914 0.0000e+00
8275.6738 0.0000e+00
8278.1553 0.0000e+00
8280.6396 0.0000e+00
8283.1240 4.5394e-03
8285.6094 3.6751e-03
8288.0947 1.2803e-03
8290.5811 0.0000e+00
8293.0674 1.7614e-03
8295.5557 1.9545e-03
8298.0449 0.0000e+00
8300.5352 9.5814e-04
8303.0234 0.0000e+00
8305.5156 2.4545e-03
8308.0068 1.6199e-03
8310.5000 2.5129e-03
8312.9922 6.6830e-04
8315.4863 1.5773e-03
8317.9805 1.8737e-03
8320.4766 1.0466e-03
8322.9717 1.0001e-03
8325.4697 0.0000e+00
8327.9668 2.7456e-03
8330.4658 6.2418e-04
8332.9639 1.7596e-03
8335.4648 0.0000e+00
8337.9648 0.0000e+00
8340.4668 3.3955e-03
8342.9688 1.4959e-03
8345.4717 2.9543e-03
8347.9746 2.1735e-03
8350.4795 2.5524e-03
8352.9844 3.0708e-03
8355.4902 2.0348e-03
8357.9971 6.7124e-04
8360.5039 0.0000e+00
8363.0127 1.4179e-03
8365.5215 7.3144e-04
8368.0312 4.6979e-04
8370.5420 1.4926e-04
8373.0527 1.9292e-03
8375.5654 4.7730e-04
8378.0771 0.0000e+00
8380.5908 0.0000e+00
8383.1045 0.0000e+00
8385.6191 3.4895e-03
8388.1348 2.6236e-04
8390.6523 1.1580e-03
8393.1689 2.9074e-03
8395.6865 2.6209e-04
8398.2061 7.7058e-04
8400.7246 4.4573e-03
8403.2461 5.7360e-03
8405.7666 1.9591e-03
8408.2881 0.0000e+00
8410.8105 5.3154e-04
8413.3340 1.9384e-03
8415.8584 3.8842e-03
8418.3818 0.0000e+00
8420.9082 2.2751e-03
8423.4346 2.6280e-03
8425.9609 1.2724e-03
8428.4893 2.4249e-03
8431.0186 5.4747e-03
8433.5479 2.6037e-03
8436.0771 0.0000e+00
8438.6074 1.7282e-03
8441.1396 2.4904e-03
8443.6729 2.7442e-03
8446.2051 2.3166e-04
8448.7383 1.5767e-03
8451.2734 0.0000e+00
8453.8086 1.1683e-03
8456.3457 2.0959e-03
8458.8828 2.0612e-03
8461.4199 0.0000e+00
8463.9580 0.0000e+00
8466.4971 1.6547e-03
8469.0371 5.6242e-03
8471.5781 2.1842e-03
8474.1191 1.4133e-03
8476.6621 3.1897e-03
8479.2051 3.4560e-03
8481.7480 1.7292e-03
8484.2930 0.0000e+00
8486.8379 5.6130e-03
8489.3848 1.8857e-03
8491.9316 3.5004e-03
8494.4795 2.3717e-03
8497.0264 6.3589e-04
8499.5762 1.0868e-03
8502.1260 3.6967e-04
8504.6777 9.8257e-04
8507.2285 3.5883e-03
8509.7803 0.0000e+00
8512.3330 8.9307e-04
8514.8857 2.2848e-03
8517.4414 1.3350e-03
8519.9961 4.4737e-03
8522.5527 1.1966e-03
8525.1094 0.0000e+00
8527.6670 1.9430e-03
8530.2246 7.9574e-04
8532.7842 3.4006e-03
8535.3438 4.9253e-03
8537.9053 3.0384e-03
8540.4668 4.5557e-03
8543.0273 1.7747e-03
8545.5908 1.8539e-03
8548.1543 1.2324e-03
8550.7188 6.1223e-04
8553.2842 2.9195e-03
8555.8496 0.0000e+00
8558.4170 1.4324e-03
8560.9844 1.3722e-04
8563.5527 4.2108e-03
8566.1221 3.5688e-03
8568.6914 3.2469e-03
8571.2617 5.9973e-04
8573.8350 3.6441e-03
8576.4062 1.3617e-03
8578.9785 0.0000e+00
8581.5527 5.4164e-03
8584.1270 2.6181e-03
8586.7031 2.0685e-03
8589.2783 1.8866e-03
8591.8555 4.6775e-03
8594.4326 1.6128e-03
8597.0117 9.2958e-04
8599.5898 3.0116e-03
8602.1699 8.0721e-04
8604.7500 2.6695e-03
8607.3320 2.0556e-03
8609.9150 3.6692e-03
8612.4971 4.0603e-04
8615.0811 1.2639e-04
8617.6660 1.9321e-03
8620.2500 3.6051e-03
8622.8369 1.8063e-04
8625.4229 0.0000e+00
8628.0117 2.3129e-03
8630.6006 3.8251e-04
8633.1885 0.0000e+00
8635.7793 3.2845e-03
8638.3711 6.4649e-04
8640.9609 1.7434e-03
8643.5527 4.7006e-03
8646.1465 1.6941e-03
8648.7393 1.5428e-03
8651.3350 3.7586e-03
8653.9307 1.0483e-03
8656.5264 1.0948e-03
8659.1230 1.2643e-03
8661.7207 1.8305e-03
8664.3203 0.0000e+00
8666.9189 1.7632e-03
8669.5186 4.9863e-03
8672.1201 2.7778e-03
8674.7217 7.3245e-03
8677.3242 1.3501e-03
8679.9277 1.8931e-03
8682.5312 0.0000e+00
8685.1367 2.5085e-03
8687.7412 2.6599e-04
8690.3477 2.8144e-03
8692.9551 1.0503e-03
8695.5625 1.0443e-03
8698.1709 5.8430e-03
8700.7803 1.8586e-03
8703.3916 4.6370e-03
8706.0020 0.0000e+00
8708.6133 3.5886e-03
8711.2266 4.2552e-03
8713.8398 1.4210e-03
8716.4541 9.3329e-03
8719.0684 2.1262e-03
8721.6846 5.0114e-03
8724.3018 0.0000e+00
8726.9189 2.3490e-03
8729.5371 4.4315e-03
8732.1553 1.9918e-03
8734.7754 2.9472e-03
8737.3955 6.3930e-03
8740.0166 3.7202e-04
8742.6387 2.5331e-03
8745.2607 2.1327e-03
8747.8848 1.6716e-03
8750.5098 5.4157e-03
8753.1348 8.3326e-04
8755.7607 9.6068e-04
8758.3867 4.3527e-03
8761.0146 1.8350e-03
8763.6436 8.4782e-04
8766.2715 6.3050e-04
8768.9023 6.7580e-04
8771.5322 2.7294e-03
8774.1641 3.4613e-03
8776.7959 1.8493e-03
8779.4287 1.5712e-03
8782.0635 2.8873e-03
8784.6982 4.0154e-04
8787.3330 5.7098e-03
8789.9697 9.6247e-04
8792.6074 2.9120e-03
8795.2451 3.9028e-03
8797.8838 3.0981e-03
8800.5234 5.8829e-04
8803.1621 5.9527e-04
8805.8027 0.0000e+00
8808.4453 0.0000e+00
8811.0879 2.5223e-03
8813.7314 1.6234e-03
8816.3750 4.5052e-03
8819.0205 2.5691e-03
8821.6660 4.4101e-03
8824.3125 2.4623e-03
8826.9590 1.7535e-03
8829.6084 4.4038e-03
8832.2568 2.8661e-03
8834.9062 4.1645e-03
8837.5557 2.6946e-04
8840.2080 3.0413e-04
8842.8594 3.1837e-03
8845.5127 1.9926e-03
8848.1670 1.9270e-03
8850.8213 1.8421e-03
8853.4766 2.0716e-03
8856.1328 3.9406e-03
8858.7881 3.6685e-03
8861.4463 1.2673e-03
8864.1045 1.9954e-04
8866.7646 4.9347e-03
8869.4238 1.9997e-03
8872.0850 2.9671e-03
8874.7471 3.0775e-03
8877.4092 2.7690e-03
8880.0732 7.8259e-04
8882.7373 2.3349e-03
8885.4014 0.0000e+00
8888.0674 3.3518e-03
8890.7334 3.2256e-04
8893.4004 1.4436e-03
8896.0684 1.8576e-03
8898.7373 1.4643e-03
8901.4072 1.0407e-03
8904.0771 1.7774e-03
8906.7480 2.3586e-03
8909.4199 4.4273e-03
8912.0938 5.6291e-04
8914.7676 1.0443e-03
8917.4414 8.8256e-03
8920.1172 9.0955e-04
8922.7930 6.2997e-04
8925.4697 4.4012e-04
8928.1475 3.6987e-03
8930.8262 1.8971e-03
8933.5049 2.6046e-03
8936.1855 3.0598e-03
8938.8652 2.9453e-03
8941.5469 5.8039e-03
8944.2295 4.6563e-03
8946.9141 6.4642e-04
8949.5977 1.3407e-03
8952.2822 2.0132e-03
8954.9678 0.0000e+00
8957.6553 2.5757e-03
8960.3418 2.7520e-03
8963.0293 7.0475e-04
8965.7178 3.2436e-03
8968.4082 0.0000e+00
8971.0986 1.7889e-03
8973.7910 2.6346e-03
8976.4824 2.6631e-03
8979.1748 4.8018e-03
8981.8691 0.0000e+00
8984.5635 2.7947e-03
8987.2588 3.4743e-03
8989.9551 2.7490e-04
8992.6523 1.8041e-03
8995.3506 4.7680e-03
8998.0488 4.2581e-03
9000.7480 3.8052e-03
9003.4482 1.7112e-04
9006.1494 2.8975e-03
9008.8516 2.5420e-03
9011.5537 4.2495e-04
9014.2578 3.0094e-04
9016.9609 4.4966e-03
9019.6660 7.0853e-03
9022.3721 1.5973e-03
9025.0791 2.1945e-03
9027.7871 4.0150e-03
9030.4951 2.0530e-03
9033.2051 1.7797e-03
9035.9150 4.3245e-03
9038.6260 2.2250e-03
9041.3369 2.8673e-04
9044.0498 1.3420e-04
9046.7627 1.7874e-03
9049.4766 4.9171e-04
9052.1914 6.1822e-03
9054.9072 5.1706e-03
9057.6240 1.5020e-03
9060.3398 1.8798e-03
9063.0586 2.7708e-03
9065.7773 0.0000e+00
9068.4971 1.3839e-04
9071.2168 1.9124e-04
9073.9395 2.4957e-03
9076.6611 1.3711e-03
9079.3848 0.0000e+00
9082.1074 3.8843e-03
9084.8330 2.9168e-03
9087.5576 2.3755e-03
9090.2832 2.2992e-03
9093.0117 2.3582e-04
9095.7393 4.2913e-03
9098.4688 9.3748e-04
9101.1973 5.0675e-03
9103.9287 1.9611e-03
9106.6592 1.9089e-03
9109.3906 0.0000e+00
9112.1250 7.1298e-03
9114.8584 8.4411e-04
9117.5928 3.4715e-03
9120.3271 2.1667e-03
9123.0635 2.6520e-04
9125.8008 0.0000e+00
9128.5391 4.8287e-03
9131.2764 5.7789e-04
9134.0156 1.6741e-03
9136.7568 2.8824e-03
9139.4980 9.0919e-04
9142.2383 3.8437e-03
9144.9814 1.0269e-03
9147.7266 0.0000e+00
9150.4707 1.4104e-03
9153.2158 3.7736e-03
9155.9609 3.1997e-04
9158.7070 1.8299e-03
9161.4551 4.7133e-04
9164.2041 3.4780e-03
9166.9531 1.8805e-03
9169.7031 1.5895e-03
9172.4541 2.7561e-03
9175.2051 3.8173e-04
9177.9580 5.8856e-04
9180.7109 7.6103e-03
9183.4668 1.0826e-03
9186.2207 5.3822e-03
9188.9766 0.0000e+00
9191.7334 4.9978e-03
9194.4912 1.0507e-03
9197.2490 1.3009e-03
9200.0088 1.5816e-03
9202.7686 1.9569e-04
9205.5293 3.0918e-03
9208.2920 2.0823e-03
9211.0527 1.8829e-04
9213.8164 2.3733e-03
9216.5811 3.6875e-03
9219.3467 1.1917e-03
9222.1113 2.3329e-04
9224.8789 7.2250e-04
9227.6455 0.0000e+00
9230.4141 2.9614e-04
9233.1836 2.2756e-04
9235.9531 2.6435e-03
9238.7246 1.7391e-03
9241.4951 3.1035e-04
9244.2686 2.1481e-03
9247.0410 4.4077e-03
9249.8154 2.8770e-03
9252.5908 3.1161e-04
9255.3652 5.3495e-04
9258.1426 1.3620e-03
9260.9209 3.4192e-03
9263.6992 3.8345e-04
9266.4775 3.1370e-04
9269.2568 2.3551e-03
9272.0381 1.5831e-03
9274.8203 2.0820e-03
9277.6025 7.0440e-04
9280.3857 1.9668e-03
9283.1709 1.8435e-03
9285.9541 2.1869e-03
9288.7402 4.2749e-03
9291.5264 1.3633e-03
9294.3135 1.1686e-03
9297.1025 1.6157e-04
9299.8926 3.4753e-04
9302.6816 2.4157e-03
9305.4727 1.2822e-03
9308.2646 1.3653e-03
9311.0566 6.0287e-04
9313.8506 2.9556e-03
9316.6436 1.0908e-03
9319.4395 0.0000e+00
9322.2354 5.3691e-03
9325.0322 2.9874e-04
9327.8291 1.5726e-03
9330.6279 1.4841e-03
9333.4277 2.6574e-03
9336.2266 2.1293e-03
9339.0283 2.5063e-03
9341.8291 3.1777e-03
9344.6318 2.2996e-03
9347.4355 3.0547e-03
9350.2402 6.4955e-04
9353.0449 6.9757e-03
9355.8516 2.1137e-03
9358.6572 3.7972e-03
9361.4658 1.0975e-03
9364.2734 6.6340e-04
9367.0830 1.6191e-03
9369.8936 5.6238e-04
9372.7041 3.3238e-03
9375.5156 3.4130e-03
9378.3291 1.5033e-03
9381.1416 1.8608e-03
9383.9561 1.7746e-03
9386.7715 1.7333e-03
9389.5879 0.0000e+00
9392.4043 2.0943e-03
9395.2217 1.3566e-03
9398.0400 1.2344e-03
9400.8594 1.5856e-03
9403.6807 2.5870e-03
9406.5020 4.7325e-03
9409.3242 2.0605e-04
9412.1465 0.0000e+00
9414.9707 7.7575e-04
9417.7939 7.5968e-04
9420.6201 1.8881e-03
9423.4453 6.4823e-04
9426.2725 3.5254e-03
9429.1006 5.2683e-04
9431.9287 2.9750e-04
9434.7588 1.3880e-03
9437.5898 0.0000e+00
9440.4209 0.0000e+00
9443.2529 0.0000e+00
9446.0859 4.2586e-03
9448.9199 9.9568e-04
9451.7549 8.0910e-04
9454.5889 1.4526e-03
9457.4268 2.0254e-03
9460.2637 2.6354e-03
9463.1016 3.4932e-04
9465.9414 2.4143e-04
9468.7803 5.2277e-04
9471.6211 1.3956e-03
9474.4629 7.9289e-04
9477.3047 0.0000e+00
9480.1484 2.2154e-03
9482.9922 4.8215e-03
9485.8369 5.1602e-04
9488.6836 3.3940e-04
9491.5303 1.6335e-03
9494.3760 3.6176e-03
9497.2256 3.5783e-03
9500.0742 0.0000e+00
9502.9238 0.0000e+00
9505.7754 0.0000e+00
9508.6270 1.7832e-03
9511.4805 1.7510e-03
9514.3320 6.0015e-04
9517.1875 0.0000e+00
9520.0420 1.4472e-04
9522.8984 5.1615e-03
9525.7559 3.5863e-03
9528.6133 0.0000e+00
9531.4717 2.3702e-03
9534.3311 0.0000e+00
9537.1914 8.7832e-04
9540.0518 9.0986e-04
9542.9150 3.2252e-03
9545.7773 6.9169e-04
9548.6416 4.9754e-04
9551.5059 2.8340e-04
9554.3711 1.7396e-03
9557.2373 3.8168e-04
9560.1045 1.9556e-04
9562.9727 1.2262e-03
9565.8418 0.0000e+00
9568.7109 5.2286e-04
9571.5820 1.0970e-03
9574.4531 2.1505e-03
9577.3252 1.7624e-03
9580.1992 2.0672e-04
9583.0723 5.4891e-03
9585.9473 1.5093e-03
9588.8242 2.8028e-03
9591.7002 2.4838e-03
9594.5781 1.3592e-03
9597.4561 1.2374e-03
9600.3350 1.5463e-03
9603.2158 0.0000e+00
9606.0957 5.6140e-03
9608.9775 8.3647e-04
9611.8613 0.0000e+00
9614.7441 0.0000e+00
9617.6279 1.4091e-03
9620.5137 5.5323e-04
9623.4014 1.5543e-03
9626.2881 0.0000e+00
9629.1748 1.5891e-03
9632.0645 3.8428e-03
9634.9541 3.4582e-03
9637.8438 4.3873e-04
9640.7363 3.4300e-04
9643.6270 1.1424e-03
9646.5215 2.7415e-03
9649.4141 3.0421e-03
9652.3086 6.7404e-04
9655.2051 1.7278e-03
9658.1016 5.2359e-04
9660.9990 3.6959e-03
9663.8975 5.0780e-04
9666.7969 2.4257e-04
9669.6973 4.2355e-03
9672.5967 2.8810e-04
9675.5000 2.0968e-03
9678.4023 2.1110e-03
9681.3057 1.7256e-03
9684.2109 2.8134e-03
9687.1152 1.6479e-03
9690.0215 1.6465e-03
9692.9287 2.6381e-03
9695.8369 8.9844e-04
9698.7441 2.3157e-03
9701.6553 2.8247e-03
9704.5645 4.2382e-03
9707.4775 1.0697e-03
9710.3887 1.4237e-03
9713.3008 2.5021e-03
9716.2158 0.0000e+00
9719.1299 1.6779e-03
9722.0459 1.3298e-03
9724.9629 7.8667e-04
9727.8809 2.1930e-03
9730.7988 7.4463e-04
9733.7178 5.7356e-03
9736.6387 1.0722e-03
9739.5586 2.7231e-03
9742.4805 1.6752e-04
9745.4033 4.7256e-03
9748.3281 3.7524e-03
9751.2520 7.3241e-04
9754.1777 0.0000e+00
9757.1035 5.3943e-03
9760.0303 2.5431e-03
9762.9590 5.8708e-04
9765.8877 1.8473e-03
9768.8174 7.4331e-04
9771.7480 3.0974e-03
9774.6797 0.0000e+00
9777.6113 0.0000e+00
9780.5459 1.4176e-04
9783.4795 3.5997e-04
9786.4141 1.2886e-03
9789.3496 3.0024e-04
9792.2871 2.3450e-04
9795.2256 1.4366e-03
9798.1641 1.9922e-04
9801.1035 1.4054e-03
9804.0430 4.8977e-03
9806.9844 2.5744e-03
9809.9268 1.2275e-03
9812.8691 2.1949e-03
9815.8125 1.7578e-03
9818.7578 1.7564e-03
9821.7041 0.0000e+00
9824.6494 0.0000e+00
9827.5967 2.6622e-03
9830.5469 3.5078e-04
9833.4951 9.4087e-04
9836.4453 7.9272e-04
9839.3965 3.0276e-03
9842.3486 7.9702e-04
9845.2998 1.3564e-03
9848.2549 1.5567e-03
9851.2080 5.1760e-04
9854.1641 2.4371e-03
9857.1201 1.8171e-03
9860.0771 3.3345e-04
9863.0361 0.0000e+00
9865.9941 1.1285e-04
9868.9541 1.9546e-04
9871.9150 1.2634e-03
9874.8760 1.3854e-03
9877.8389 0.0000e+00
9880.8018 1.0056e-03
9883.7666 1.3053e-03
9886.7324 1.6033e-04
9889.6982 6.4631e-04
9892.6641 1.8907e-04
9895.6338 4.6336e-04
9898.6016 2.8233e-04
9901.5713 4.1659e-04
9904.5420 0.0000e+00
9907.5127 7.5100e-04
9910.4854 3.6286e-04
9913.4590 0.0000e+00
9916.4326 3.3866e-03
9919.4072 1.1180e-03
9922.3828 8.1535e-04
9925.3584 2.0642e-04
9928.3379 2.6580e-03
9931.3164 1.3452e-03
9934.2949 3.3355e-04
9937.2754 3.8485e-03
9940.2568 2.9159e-04
9943.2383 3.7189e-04
9946.2207 1.7516e-03
9949.2061 0.0000e+00
9952.1904 0.0000e+00
9955.1758 3.6527e-04
9958.1631 1.4681e-04
9961.1494 8.2444e-04
9964.1387 5.9738e-04
9967.1279 1.7972e-04
9970.1182 7.5575e-04
9973.1084 2.4855e-03
9976.1006 2.8531e-03
9979.0928 0.0000e+00
9982.0859 6.8022e-04
9985.0820 4.9893e-04
9988.0771 1.4898e-03
9991.0732 2.5977e-03
9994.0713 0.0000e+00
9997.0693 3.5258e-04
10000.0684 2.8681e-03
10003.0674 1.5962e-03
10006.0684 3.2955e-03
10009.0713 3.0473e-03
10012.0742 3.9137e-03
10015.0771 2.7857e-03
10018.0820 1.2179e-03
10021.0879 7.4184e-04
10024.0938 1.6007e-03
10027.1006 1.8601e-03
10030.1084 1.7290e-03
10033.1172 5.8744e-04
10036.1270 7.0617e-04
10039.1387 1.8094e-03
10042.1504 3.9169e-03
10045.1631 2.4835e-04
10048.1768 6.4669e-04
10051.1924 1.0985e-03
10054.2061 3.5649e-03
10057.2227 1.8613e-03
10060.2402 5.3913e-04
10063.2578 0.0000e+00
10066.2773 9.7996e-04
10069.2969 6.5220e-03
10072.3174 3.2089e-03
10075.3379 0.0000e+00
10078.3623 1.2144e-03
10081.3848 2.4005e-03
10084.4102 6.1211e-04
10087.4346 1.7857e-03
10090.4619 0.0000e+00
10093.4883 1.2427e-03
10096.5166 3.7614e-03
10099.5459 8.4511e-04
10102.5742 1.0767e-03
10105.6055 2.2844e-04
10108.6367 9.1113e-04
10111.6709 2.4299e-04
10114.7041 1.5171e-03
10117.7383 3.3305e-03
10120.7734 9.6932e-04
10123.8105 0.0000e+00
10126.8477 1.5482e-04
10129.8857 0.0000e+00
10132.9248 0.0000e+00
10135.9648 2.1554e-03
10139.0049 4.2810e-04
10142.0479 1.4629e-03
10145.0879 2.2071e-03
10148.1318 1.3022e-04
10151.1768 1.3840e-03
10154.2227 1.9035e-03
10157.2686 7.6226e-04
10160.3154 0.0000e+00
10163.3643 3.8668e-04
10166.4121 1.4380e-03
10169.4629 1.6269e-03
10172.5137 0.0000e+00
10175.5654 1.3233e-03
10178.6191 0.0000e+00
10181.6719 0.0000e+00
10184.7256 8.4567e-04
10187.7822 0.0000e+00
10190.8379 2.3808e-04
10193.8945 2.3060e-04
10196.9541 1.9845e-03
10200.0127 1.3838e-03
10203.0723 1.1713e-03
10206.1328 1.1040e-03
10209.1953 3.1344e-03
10212.2578 2.2712e-03
10215.3223 1.6612e-03
10218.3867 1.9103e-03
10221.4521 3.2571e-03
10224.5186 0.0000e+00
10227.5850 5.9951e-04
10230.6543 1.3202e-03
10233.7246 1.1241e-04
10236.7930 1.5873e-03
10239.8643 6.2260e-04
10242.9355 0.0000e+00
10246.0098 1.3028e-03
10249.0830 1.3867e-03
10252.1572 1.4649e-03
10255.2334 1.5557e-03
10258.3096 0.0000e+00
10261.3877 0.0000e+00
10264.4648 0.0000e+00
10267.5449 1.4135e-03
10270.6250 1.5775e-04
