# time_explosion = 2.75
# 
3082.8928 2.7221e-02
3083.8179 1.8962e-02
3084.7432 9.3824e-03
3085.6685 2.5236e-02
3086.5940 2.0293e-02
3087.5200 1.0861e-02
3088.4463 1.7291e-02
3089.3728 1.0676e-02
3090.2996 5.2409e-03
3091.2268 2.0889e-02
3092.1541 2.2956e-02
3093.0815 1.1598e-02
3094.0098 2.7258e-02
3094.9380 2.7188e-02
3095.8665 1.3687e-02
3096.7952 9.3255e-03
3097.7241 2.5813e-02
3098.6536 1.8506e-02
3099.5828 2.1173e-02
3100.5129 2.8199e-02
3101.4431 3.6023e-03
3102.3735 3.3048e-02
3103.3042 3.3326e-02
3104.2354 1.3928e-02
3105.1665 3.0712e-02
3106.0981 9.8937e-03
3107.0300 1.2911e-02
3107.9619 5.8856e-03
3108.8943 1.4961e-02
3109.8269 1.6684e-02
3110.7600 2.6893e-02
3111.6929 1.4867e-02
3112.6265 9.0839e-03
3113.5605 5.9299e-03
3114.4944 1.1298e-02
3115.4290 2.1731e-02
3116.3635 1.3745e-02
3117.2986 1.2410e-02
3118.2336 6.4976e-03
3119.1689 1.8433e-02
3120.1047 1.6835e-02
3121.0410 4.6128e-03
3121.9773 1.6364e-02
3122.9136 2.2611e-02
3123.8508 6.4644e-03
3124.7878 1.7843e-02
3125.7251 1.8869e-02
3126.6628 1.1532e-02
3127.6008 1.8714e-02
3128.5393 6.6892e-03
3129.4778 1.4886e-02
3130.4170 2.9064e-02
3131.3557 1.8557e-02
3132.2954 1.6481e-02
3133.2349 1.3354e-02
3134.1748 2.7538e-02
3135.1150 5.4153e-03
3136.0559 1.6389e-02
3136.9968 1.1668e-02
3137.9377 1.3945e-02
3138.8789 1.3670e-02
3139.8206 1.5940e-03
3140.7625 8.8561e-03
3141.7046 1.3544e-02
3142.6472 2.3419e-03
3143.5901 1.8227e-02
3144.5334 7.4276e-03
3145.4766 2.7090e-02
3146.4202 1.4753e-02
3147.3643 1.3951e-02
3148.3086 1.2345e-02
3149.2529 7.6223e-03
3150.1975 1.2953e-02
3151.1426 1.5401e-02
3152.0881 1.3278e-02
3153.0337 1.2467e-02
3153.9795 5.2141e-03
3154.9255 2.0350e-02
3155.8723 2.1621e-02
3156.8188 2.2073e-02
3157.7661 1.4951e-02
3158.7134 2.4699e-02
3159.6609 1.8591e-02
3160.6086 1.3168e-02
3161.5571 1.9947e-02
3162.5054 1.9667e-02
3163.4541 7.1951e-03
3164.4031 2.3353e-02
3165.3528 3.3872e-03
3166.3022 8.2667e-03
3167.2522 1.1407e-02
3168.2024 1.1638e-02
3169.1526 1.6524e-02
3170.1035 1.8753e-02
3171.0544 3.0416e-02
3172.0061 7.8732e-03
3172.9573 1.0117e-02
3173.9092 3.4664e-02
3174.8613 1.4028e-02
3175.8140 2.3844e-02
3176.7668 2.7753e-02
3177.7197 2.0200e-02
3178.6729 1.2177e-02
3179.6267 1.8687e-02
3180.5808 2.1350e-02
3181.5347 1.8113e-02
3182.4893 0.0000e+00
3183.4438 1.5820e-02
3184.3987 4.8934e-03
3185.3542 1.2098e-02
3186.3101 2.9066e-02
3187.2659 1.4444e-02
3188.2217 6.6604e-03
3189.1785 1.3463e-02
3190.1350 1.6848e-02
3191.0920 2.3030e-02
3192.0493 3.0074e-02
3193.0071 9.6735e-03
3193.9651 1.3548e-02
3194.9233 1.3135e-02
3195.8818 7.4704e-03
3196.8408 1.4787e-02
3197.7996 1.8144e-02
3198.7590 1.1332e-02
3199.7185 1.8504e-02
3200.6782 1.7190e-02
3201.6387 5.7164e-03
3202.5991 2.0781e-02
3203.5598 1.6119e-02
3204.5208 1.0186e-02
3205.4824 2.7799e-02
3206.4441 2.7064e-02
3207.4058 3.6773e-03
3208.3682 1.7270e-02
3209.3306 2.9826e-02
3210.2935 6.1486e-03
3211.2563 1.3853e-02
3212.2200 1.2311e-02
3213.1833 1.8173e-02
3214.1472 1.7501e-02
3215.1118 2.2288e-02
3216.0764 2.2900e-02
3217.0413 7.8806e-03
3218.0061 1.1040e-02
3218.9714 7.7467e-03
3219.9373 1.4675e-02
3220.9031 1.5377e-02
3221.8699 1.4764e-02
3222.8362 5.4649e-03
3223.8030 1.0782e-02
3224.7700 7.7593e-03
3225.7375 1.9347e-02
3226.7053 9.2717e-03
3227.6731 1.7414e-02
3228.6416 2.0655e-02
3229.6101 1.3147e-02
3230.5791 1.7228e-02
3231.5483 1.4099e-02
3232.5178 1.8785e-02
3233.4875 1.3001e-02
3234.4575 1.8083e-02
3235.4280 1.0464e-02
3236.3984 7.1063e-03
3237.3691 4.4246e-03
3238.3403 2.2721e-03
3239.3120 1.0648e-02
3240.2839 1.1664e-02
3241.2559 1.6495e-02
3242.2285 2.6940e-02
3243.2012 1.2863e-02
3244.1743 1.5655e-02
3245.1472 1.1643e-02
3246.1208 9.8826e-03
3247.0947 7.9709e-03
3248.0688 9.1915e-03
3249.0432 1.1860e-02
3250.0178 7.1491e-03
3250.9929 2.2060e-02
3251.9680 1.0918e-02
3252.9438 7.5175e-03
3253.9194 1.0815e-02
3254.8958 1.5983e-02
3255.8723 1.7563e-02
3256.8489 1.2262e-02
3257.8262 1.3699e-02
3258.8035 2.0813e-02
3259.7810 1.4457e-02
3260.7593 2.6611e-02
3261.7373 2.1964e-02
3262.7158 4.2930e-02
3263.6946 3.1089e-02
3264.6736 6.0240e-03
3265.6531 1.9187e-02
3266.6331 1.1742e-02
3267.6130 2.2081e-02
3268.5930 2.3506e-02
3269.5735 2.0576e-02
3270.5544 2.6173e-02
3271.5356 1.0220e-02
3272.5171 2.1223e-02
3273.4990 2.3816e-02
3274.4812 2.2516e-02
3275.4634 1.6859e-02
3276.4458 1.8480e-02
3277.4287 1.3959e-02
3278.4124 2.5385e-02
3279.3958 3.2744e-02
3280.3794 1.9121e-02
3281.3635 7.0593e-03
3282.3479 1.8941e-02
3283.3325 1.9327e-02
3284.3179 1.4418e-02
3285.3030 1.8742e-02
3286.2888 2.4288e-02
3287.2744 2.3832e-02
3288.2605 3.1448e-02
3289.2471 1.6756e-02
3290.2339 3.5755e-02
3291.2212 2.7667e-02
3292.2083 3.8338e-02
3293.1958 2.6074e-02
3294.1838 4.6986e-03
3295.1724 2.5282e-02
3296.1609 1.6580e-02
3297.1497 2.2943e-02
3298.1387 3.3333e-02
3299.1282 1.7239e-02
3300.1177 2.6666e-02
3301.1079 2.4052e-02
3302.0984 2.5754e-02
3303.0889 1.8923e-02
3304.0798 2.1724e-02
3305.0713 2.8526e-02
3306.0627 3.3437e-02
3307.0544 3.8495e-02
3308.0466 1.1462e-02
3309.0391 1.5409e-02
3310.0317 1.4446e-02
3311.0247 1.2655e-02
3312.0178 2.5658e-02
3313.0117 2.0267e-02
3314.0054 1.9103e-02
3315.0000 2.9572e-02
3315.9941 1.6828e-02
3316.9890 3.5648e-02
3317.9839 2.6715e-02
3318.9795 3.3306e-02
3319.9751 2.5102e-02
3320.9712 2.4528e-02
3321.9678 2.5219e-02
3322.9639 2.5859e-02
3323.9607 1.9241e-02
3324.9580 1.7751e-02
3325.9558 1.5418e-02
3326.9536 1.8433e-02
3327.9514 2.3242e-02
3328.9497 1.3231e-02
3329.9482 2.8750e-02
3330.9475 9.7373e-03
3331.9468 3.5599e-02
3332.9463 2.7531e-02
3333.9463 2.9143e-02
3334.9463 2.4935e-02
3335.9473 3.5506e-02
3336.9478 2.0724e-02
3337.9487 2.9957e-02
3338.9502 1.9663e-02
3339.9517 2.8701e-02
3340.9536 3.0940e-02
3341.9561 2.3355e-02
3342.9587 2.9520e-02
3343.9614 4.0947e-02
3344.9651 2.7171e-02
3345.9685 4.2511e-02
3346.9722 2.5105e-02
3347.9763 2.1212e-02
3348.9805 1.7166e-02
3349.9854 3.6104e-02
3350.9902 2.9637e-02
3351.9956 3.0987e-02
3353.0010 5.0140e-02
3354.0073 2.5222e-02
3355.0129 2.0642e-02
3356.0198 1.3198e-02
3357.0264 3.5474e-02
3358.0334 3.1081e-02
3359.0410 2.4796e-02
3360.0488 2.3305e-02
3361.0569 3.1192e-02
3362.0654 3.1559e-02
3363.0740 3.0336e-02
3364.0828 3.0122e-02
3365.0918 2.5145e-02
3366.1013 9.8776e-03
3367.1113 3.2265e-02
3368.1213 4.2006e-02
3369.1318 2.6951e-02
3370.1426 2.8015e-02
3371.1536 1.9590e-02
3372.1650 2.5899e-02
3373.1768 4.4927e-02
3374.1885 3.1525e-02
3375.2004 1.6634e-02
3376.2134 3.2180e-02
3377.2261 3.1476e-02
3378.2395 4.9067e-02
3379.2529 1.9492e-02
3380.2664 2.3276e-02
3381.2805 2.5149e-02
3382.2952 2.9927e-02
3383.3098 2.5605e-02
3384.3250 2.2273e-02
3385.3401 4.3989e-02
3386.3557 3.7102e-02
3387.3716 3.3581e-02
3388.3879 3.5042e-02
3389.4045 1.3784e-02
3390.4211 3.8472e-02
3391.4385 3.2029e-02
3392.4558 3.1715e-02
3393.4736 4.4837e-02
3394.4915 3.2166e-02
3395.5100 3.6268e-02
3396.5286 3.5103e-02
3397.5474 4.3939e-02
3398.5667 2.7694e-02
3399.5862 2.5714e-02
3400.6062 3.0806e-02
3401.6262 3.4933e-02
3402.6467 3.9823e-02
3403.6677 3.9840e-02
3404.6887 2.0412e-02
3405.7100 3.8076e-02
3406.7319 3.7336e-02
3407.7539 3.5978e-02
3408.7764 2.8550e-02
3409.7988 4.4659e-02
3410.8218 3.5218e-02
3411.8450 4.9928e-02
3412.8687 3.4025e-02
3413.8923 4.5442e-02
3414.9167 4.9317e-02
3415.9412 3.8221e-02
3416.9658 3.4563e-02
3417.9907 2.8782e-02
3419.0164 3.7363e-02
3420.0420 6.7037e-02
3421.0681 3.1170e-02
3422.0945 3.5259e-02
3423.1208 6.8831e-02
3424.1479 3.3555e-02
3425.1753 5.1852e-02
3426.2029 4.8737e-02
3427.2307 5.2962e-02
3428.2588 2.6487e-02
3429.2871 3.1864e-02
3430.3159 3.9603e-02
3431.3452 3.8566e-02
3432.3748 4.0835e-02
3433.4041 3.2670e-02
3434.4346 3.8792e-02
3435.4646 3.5875e-02
3436.4954 4.4273e-02
3437.5261 5.3862e-02
3438.5579 4.9314e-02
3439.5894 3.5957e-02
3440.6208 4.0734e-02
3441.6531 3.8407e-02
3442.6855 3.9285e-02
3443.7183 3.7236e-02
3444.7515 2.8597e-02
3445.7852 3.5753e-02
3446.8186 4.1277e-02
3447.8525 4.3013e-02
3448.8872 3.2896e-02
3449.9216 3.9586e-02
3450.9568 8.5416e-03
3451.9919 4.1248e-02
3453.0276 1.9978e-02
3454.0637 3.3849e-02
3455.0999 4.9015e-02
3456.1362 3.8188e-02
3457.1731 3.6700e-02
3458.2102 3.0408e-02
3459.2476 2.4261e-02
3460.2856 2.1123e-02
3461.3235 3.0661e-02
3462.3621 3.5679e-02
3463.4004 4.2097e-02
3464.4399 5.5062e-02
3465.4790 3.5887e-02
3466.5188 4.6683e-02
3467.5586 4.1759e-02
3468.5989 3.1498e-02
3469.6394 5.1354e-02
3470.6804 1.8886e-02
3471.7217 2.3420e-02
3472.7629 3.3066e-02
3473.8049 4.5868e-02
3474.8469 3.8338e-02
3475.8894 2.7880e-02
3476.9321 3.1236e-02
3477.9751 4.0254e-02
3479.0188 4.4180e-02
3480.0625 3.0619e-02
3481.1064 5.6998e-02
3482.1509 1.7749e-02
3483.1956 5.4419e-02
3484.2407 5.6999e-02
3485.2856 6.6381e-02
3486.3313 1.4837e-02
3487.3772 4.4588e-02
3488.4233 2.4505e-02
3489.4697 3.1697e-02
3490.5168 2.9731e-02
3491.5640 5.8003e-02
3492.6116 3.2661e-02
3493.6592 3.6689e-02
3494.7073 4.7310e-02
3495.7556 4.6227e-02
3496.8044 5.5199e-02
3497.8535 3.0744e-02
3498.9026 2.6552e-02
3499.9526 2.2326e-02
3501.0024 2.3721e-02
3502.0527 4.5057e-02
3503.1033 3.7338e-02
3504.1543 4.6779e-02
3505.2058 4.1601e-02
3506.2571 3.3621e-02
3507.3088 4.3905e-02
3508.3613 4.3511e-02
3509.4136 3.1153e-02
3510.4663 3.9719e-02
3511.5193 4.1506e-02
3512.5730 3.3602e-02
3513.6270 2.8955e-02
3514.6809 3.5965e-02
3515.7351 5.4060e-02
3516.7898 3.2345e-02
3517.8452 2.4809e-02
3518.9004 4.9974e-02
3519.9561 1.6500e-02
3521.0122 2.1310e-02
3522.0686 1.7629e-02
3523.1250 2.5985e-02
3524.1821 3.6232e-02
3525.2390 9.8387e-03
3526.2969 2.5589e-02
3527.3547 5.1191e-02
3528.4126 4.5197e-02
3529.4714 2.4263e-02
3530.5303 1.9367e-02
3531.5894 3.7465e-02
3532.6487 2.4622e-02
3533.7090 3.4711e-02
3534.7688 2.7208e-02
3535.8293 3.0378e-02
3536.8901 3.0230e-02
3537.9512 3.4002e-02
3539.0122 2.2300e-02
3540.0740 1.9366e-02
3541.1360 3.1017e-02
3542.1987 3.4193e-02
3543.2612 2.4777e-02
3544.3245 1.8853e-02
3545.3875 1.5795e-02
3546.4509 3.2231e-02
3547.5154 2.4320e-02
3548.5793 2.4373e-02
3549.6438 3.3559e-02
3550.7087 2.3354e-02
3551.7739 8.5534e-03
3552.8396 4.8571e-02
3553.9053 1.5216e-02
3554.9714 2.3681e-02
3556.0378 2.5503e-02
3557.1050 1.1697e-02
3558.1716 1.3037e-02
3559.2395 3.6754e-02
3560.3071 2.1134e-02
3561.3752 3.1112e-02
3562.4436 2.8782e-02
3563.5125 2.1352e-02
3564.5813 2.2063e-02
3565.6506 3.0596e-02
3566.7205 3.1214e-02
3567.7905 1.0374e-02
3568.8611 1.1223e-02
3569.9316 3.8963e-02
3571.0027 2.6935e-02
3572.0737 2.8707e-02
3573.1455 3.4326e-02
3574.2175 3.3133e-02
3575.2896 2.3853e-02
3576.3625 3.1307e-02
3577.4351 3.0289e-02
3578.5083 2.3577e-02
3579.5820 2.2654e-02
3580.6560 1.8300e-02
3581.7300 2.5371e-02
3582.8047 2.7902e-02
3583.8792 2.8441e-02
3584.9546 2.7857e-02
3586.0298 2.8471e-02
3587.1060 1.7958e-02
3588.1821 2.2751e-02
3589.2583 2.2382e-02
3590.3352 2.9377e-02
3591.4124 2.1893e-02
3592.4897 2.8797e-02
3593.5671 3.2302e-02
3594.6455 1.9386e-02
3595.7241 2.2122e-02
3596.8025 3.0210e-02
3597.8818 1.0117e-02
3598.9609 4.3074e-02
3600.0405 2.1236e-02
3601.1204 2.6563e-02
3602.2009 2.2756e-02
3603.2817 1.4886e-02
3604.3625 1.8634e-02
3605.4441 3.0966e-02
3606.5256 2.2722e-02
3607.6074 3.1237e-02
3608.6899 1.7399e-02
3609.7725 1.1343e-02
3610.8552 2.2103e-02
3611.9385 2.9513e-02
3613.0222 1.8450e-02
3614.1062 2.9464e-02
3615.1904 9.2471e-03
3616.2749 3.0932e-02
3617.3599 2.0853e-02
3618.4451 9.4250e-03
3619.5303 2.7425e-02
3620.6165 1.2822e-02
3621.7024 2.3740e-02
3622.7891 1.8534e-02
3623.8760 2.1422e-02
3624.9631 2.0567e-02
3626.0508 2.4627e-02
3627.1382 2.9807e-02
3628.2266 1.4614e-02
3629.3152 2.7899e-02
3630.4038 2.8461e-02
3631.4927 4.2242e-02
3632.5825 2.5746e-02
3633.6721 2.7250e-02
3634.7622 2.0729e-02
3635.8528 1.7718e-02
3636.9434 3.3126e-02
3638.0347 3.6600e-02
3639.1257 3.4508e-02
3640.2178 8.7489e-03
3641.3098 4.1977e-02
3642.4021 2.9093e-02
3643.4946 3.8932e-02
3644.5881 2.5017e-02
3645.6814 1.9806e-02
3646.7751 2.6078e-02
3647.8691 2.3061e-02
3648.9634 2.6571e-02
3650.0581 2.8707e-02
3651.1533 4.1273e-02
3652.2480 1.4066e-02
3653.3442 1.3697e-02
3654.4402 2.4622e-02
3655.5364 3.1242e-02
3656.6333 1.6236e-02
3657.7300 2.4447e-02
3658.8274 3.4470e-02
3659.9250 2.5006e-02
3661.0232 1.7267e-02
3662.1213 3.2481e-02
3663.2202 3.2343e-02
3664.3188 1.7632e-02
3665.4182 4.4559e-02
3666.5181 2.4447e-02
3667.6179 2.6797e-02
3668.7183 2.2484e-02
3669.8186 3.2772e-02
3670.9197 2.9757e-02
3672.0210 2.0130e-02
3673.1226 2.1745e-02
3674.2241 2.3558e-02
3675.3269 3.9659e-02
3676.4294 3.1188e-02
3677.5325 2.3998e-02
3678.6355 1.7908e-02
3679.7390 2.9769e-02
3680.8430 1.6504e-02
3681.9473 2.4087e-02
3683.0518 3.9557e-02
3684.1570 3.0356e-02
3685.2620 1.6787e-02
3686.3677 2.7728e-02
3687.4739 2.4573e-02
3688.5796 3.4809e-02
3689.6865 1.5249e-02
3690.7932 2.0595e-02
3691.9006 2.0321e-02
3693.0081 3.1841e-02
3694.1160 2.3382e-02
3695.2241 4.1758e-02
3696.3328 1.9570e-02
3697.4417 4.3900e-02
3698.5508 1.5912e-02
3699.6606 2.7840e-02
3700.7703 2.4391e-02
3701.8806 4.1123e-02
3702.9910 1.7990e-02
3704.1023 2.6076e-02
3705.2136 3.6508e-02
3706.3247 2.4990e-02
3707.4370 2.0910e-02
3708.5491 2.7996e-02
3709.6616 3.4247e-02
3710.7744 3.3277e-02
3711.8877 1.8041e-02
3713.0012 2.8574e-02
3714.1152 1.2194e-02
3715.2292 1.5636e-02
3716.3440 2.0543e-02
3717.4590 2.2199e-02
3718.5742 2.8275e-02
3719.6897 3.0362e-02
3720.8057 3.7160e-02
3721.9219 2.7727e-02
3723.0383 3.3981e-02
3724.1553 2.6267e-02
3725.2725 1.1346e-02
3726.3904 7.9040e-03
3727.5081 2.8313e-02
3728.6265 3.6251e-02
3729.7451 2.7471e-02
3730.8640 3.3223e-02
3731.9832 1.3049e-02
3733.1028 2.3992e-02
3734.2227 1.3972e-02
3735.3428 2.3943e-02
3736.4636 2.9895e-02
3737.5842 8.9644e-03
3738.7056 2.2542e-02
3739.8276 1.7612e-02
3740.9490 2.5498e-02
3742.0718 1.5913e-02
3743.1943 1.7212e-02
3744.3171 1.1421e-02
3745.4404 1.9638e-02
3746.5640 1.7689e-02
3747.6880 2.9119e-02
3748.8125 2.3949e-02
3749.9368 3.5700e-02
3751.0620 3.0696e-02
3752.1873 2.1507e-02
3753.3130 2.6573e-02
3754.4387 1.7619e-02
3755.5652 1.1146e-02
3756.6919 1.1103e-02
3757.8188 2.1428e-02
3758.9463 2.4480e-02
3760.0737 2.3755e-02
3761.2019 1.1158e-02
3762.3306 1.0294e-02
3763.4590 1.8106e-02
3764.5881 1.3562e-02
3765.7175 1.7325e-02
3766.8472 2.0085e-02
3767.9771 1.0426e-02
3769.1079 1.4560e-02
3770.2383 7.8139e-03
3771.3694 2.9847e-02
3772.5007 1.9839e-02
3773.6328 2.2280e-02
3774.7646 2.8672e-02
3775.8972 2.4336e-02
3777.0298 2.0774e-02
3778.1628 2.4517e-02
3779.2964 2.4312e-02
3780.4302 1.9387e-02
3781.5642 1.3583e-02
3782.6987 2.2760e-02
3783.8335 2.8734e-03
3784.9690 1.3548e-02
3786.1042 8.7850e-03
3787.2400 2.4602e-02
3788.3762 1.1711e-02
3789.5125 2.7172e-02
3790.6497 2.6750e-02
3791.7869 1.8256e-02
3792.9246 2.3088e-02
3794.0625 1.7979e-02
3795.2007 1.2754e-02
3796.3391 1.9534e-02
3797.4778 2.9248e-02
3798.6169 2.1011e-02
3799.7568 1.5320e-02
3800.8967 2.5470e-02
3802.0371 1.1674e-02
3803.1775 2.1206e-02
3804.3181 1.9866e-02
3805.4597 2.0248e-02
3806.6013 2.9737e-02
3807.7434 3.1484e-02
3808.8857 2.0234e-02
3810.0286 1.1858e-02
3811.1714 1.1692e-02
3812.3149 1.6273e-02
3813.4583 3.1286e-02
3814.6025 3.2274e-02
3815.7468 2.2220e-02
3816.8916 2.8243e-02
3818.0369 1.8049e-02
3819.1824 1.0837e-02
3820.3281 2.2316e-02
3821.4741 1.6406e-02
3822.6201 8.5432e-03
3823.7671 3.1108e-02
3824.9143 2.5436e-02
3826.0615 1.4607e-02
3827.2097 2.6428e-02
3828.3577 3.1020e-02
3829.5063 3.4902e-02
3830.6553 2.4857e-02
3831.8044 2.0508e-02
3832.9539 1.0637e-02
3834.1035 1.9258e-02
3835.2539 1.5113e-02
3836.4045 2.2413e-02
3837.5554 4.0000e-02
3838.7068 1.5415e-02
3839.8582 2.3579e-02
3841.0103 1.6992e-02
3842.1628 3.2051e-02
3843.3152 2.1941e-02
3844.4683 2.5950e-02
3845.6216 2.6415e-02
3846.7754 2.3421e-02
3847.9294 2.4657e-02
3849.0835 2.3898e-02
3850.2383 3.9419e-02
3851.3933 3.8602e-02
3852.5488 2.4877e-02
3853.7051 3.4044e-02
3854.8606 3.7529e-02
3856.0173 3.3439e-02
3857.1741 1.6892e-02
3858.3313 2.6415e-02
3859.4883 1.8741e-02
3860.6465 2.1708e-02
3861.8047 2.5973e-02
3862.9631 2.8770e-02
3864.1221 1.6323e-02
3865.2815 4.7475e-02
3866.4412 5.5390e-02
3867.6011 3.3978e-02
3868.7610 2.8863e-02
3869.9216 4.1739e-02
3871.0828 2.3069e-02
3872.2441 2.1493e-02
3873.4058 3.6537e-02
3874.5676 3.8651e-02
3875.7302 2.6492e-02
3876.8931 5.9856e-02
3878.0559 2.7012e-02
3879.2192 4.1547e-02
3880.3831 2.8798e-02
3881.5474 1.4745e-02
3882.7119 3.5679e-02
3883.8767 3.2794e-02
3885.0420 4.4289e-02
3886.2073 4.0074e-02
3887.3728 3.1983e-02
3888.5391 1.5618e-02
3889.7061 2.0922e-02
3890.8730 4.1405e-02
3892.0400 2.1175e-02
3893.2078 2.5794e-02
3894.3755 2.5157e-02
3895.5439 2.6751e-02
3896.7126 3.1821e-02
3897.8813 2.9894e-02
3899.0508 5.0483e-02
3900.2209 3.7994e-02
3901.3909 4.6652e-02
3902.5613 4.2144e-02
3903.7322 4.9313e-02
3904.9031 3.8026e-02
3906.0747 3.6504e-02
3907.2463 4.9401e-02
3908.4187 3.3082e-02
3909.5911 4.6136e-02
3910.7642 4.8476e-02
3911.9373 3.4023e-02
3913.1111 5.1781e-02
3914.2849 5.1625e-02
3915.4592 3.7356e-02
3916.6335 2.9487e-02
3917.8086 3.0664e-02
3918.9839 2.6600e-02
3920.1597 3.6346e-02
3921.3359 2.9037e-02
3922.5120 4.4220e-02
3923.6887 4.2863e-02
3924.8660 5.4821e-02
3926.0432 3.4977e-02
3927.2212 2.8238e-02
3928.3994 3.5202e-02
3929.5779 3.3963e-02
3930.7568 4.8888e-02
3931.9360 2.8746e-02
3933.1157 4.8091e-02
3934.2954 4.0761e-02
3935.4758 2.9482e-02
3936.6562 4.0297e-02
3937.8374 3.2928e-02
3939.0186 2.7261e-02
3940.2004 4.8721e-02
3941.3826 3.3627e-02
3942.5649 4.0791e-02
3943.7478 3.2528e-02
3944.9307 5.4016e-02
3946.1147 5.2994e-02
3947.2983 4.3638e-02
3948.4824 4.6591e-02
3949.6670 5.9062e-02
3950.8521 5.0341e-02
3952.0369 3.1334e-02
3953.2227 3.0923e-02
3954.4089 3.4483e-02
3955.5950 4.6180e-02
3956.7812 5.0659e-02
3957.9688 4.5968e-02
3959.1560 4.6820e-02
3960.3438 5.3300e-02
3961.5320 2.6746e-02
3962.7202 3.8853e-02
3963.9094 3.0551e-02
3965.0984 2.2775e-02
3966.2881 4.7287e-02
3967.4778 5.1043e-02
3968.6680 4.9066e-02
3969.8584 5.4880e-02
3971.0498 4.1530e-02
3972.2412 4.5008e-02
3973.4326 4.8494e-02
3974.6248 3.1645e-02
3975.8171 5.4579e-02
3977.0095 4.7550e-02
3978.2029 6.1498e-02
3979.3962 4.6927e-02
3980.5901 4.3089e-02
3981.7844 5.1456e-02
3982.9790 5.5709e-02
3984.1736 3.2759e-02
3985.3691 4.2523e-02
3986.5647 5.2657e-02
3987.7605 3.4325e-02
3988.9568 5.1454e-02
3990.1538 3.7581e-02
3991.3506 2.9632e-02
3992.5481 3.6801e-02
3993.7456 3.3918e-02
3994.9441 5.5584e-02
3996.1423 4.3339e-02
3997.3413 5.2857e-02
3998.5408 5.2784e-02
3999.7397 5.2700e-02
4000.9402 4.4744e-02
4002.1401 6.1499e-02
4003.3408 2.7959e-02
4004.5415 4.1360e-02
4005.7434 2.9137e-02
4006.9448 5.2299e-02
4008.1470 4.8686e-02
4009.3496 4.5815e-02
4010.5522 3.9223e-02
4011.7556 3.7747e-02
4012.9587 3.1719e-02
4014.1628 1.6481e-02
4015.3672 4.7310e-02
4016.5715 4.7549e-02
4017.7769 2.7576e-02
4018.9817 3.5422e-02
4020.1875 3.4786e-02
4021.3936 5.7788e-02
4022.6003 4.4446e-02
4023.8071 4.3292e-02
4025.0142 4.0797e-02
4026.2214 3.2977e-02
4027.4294 4.4707e-02
4028.6377 3.4512e-02
4029.8462 4.7829e-02
4031.0554 3.7022e-02
4032.2646 3.3936e-02
4033.4744 3.9971e-02
4034.6843 3.7937e-02
4035.8945 5.6801e-02
4037.1052 4.0830e-02
4038.3167 4.4343e-02
4039.5281 2.9523e-02
4040.7397 3.4644e-02
4041.9524 2.9108e-02
4043.1648 5.2473e-02
4044.3777 5.6417e-02
4045.5913 3.9490e-02
4046.8047 3.9673e-02
4048.0186 4.8270e-02
4049.2332 7.9551e-02
4050.4480 4.5974e-02
4051.6628 4.0342e-02
4052.8784 5.7179e-02
4054.0942 5.6164e-02
4055.3108 3.4615e-02
4056.5273 3.8393e-02
4057.7444 4.6930e-02
4058.9614 1.8582e-02
4060.1792 5.0264e-02
4061.3970 5.1891e-02
4062.6155 4.9061e-02
4063.8345 4.9885e-02
4065.0535 4.5753e-02
4066.2732 4.0546e-02
4067.4929 3.1728e-02
4068.7131 4.5717e-02
4069.9338 5.7396e-02
4071.1548 4.2334e-02
4072.3762 3.5263e-02
4073.5981 3.6884e-02
4074.8201 4.4664e-02
4076.0427 3.7578e-02
4077.2654 4.6429e-02
4078.4885 3.7377e-02
4079.7119 3.7906e-02
4080.9358 3.9797e-02
4082.1602 4.1688e-02
4083.3845 6.4976e-02
4084.6099 4.0043e-02
4085.8354 4.1906e-02
4087.0608 4.7901e-02
4088.2869 4.9457e-02
4089.5137 4.4945e-02
4090.7407 4.2205e-02
4091.9678 3.7676e-02
4093.1953 4.6015e-02
4094.4233 3.5306e-02
4095.6519 4.0735e-02
4096.8799 3.2630e-02
4098.1094 5.4042e-02
4099.3384 3.9253e-02
4100.5684 4.7938e-02
4101.7988 2.4681e-02
4103.0293 4.4518e-02
4104.2598 3.3688e-02
4105.4912 5.2907e-02
4106.7231 2.8479e-02
4107.9546 2.4179e-02
4109.1875 3.5333e-02
4110.4204 4.5638e-02
4111.6533 4.0525e-02
4112.8867 4.4127e-02
4114.1211 3.7260e-02
4115.3545 2.9984e-02
4116.5898 4.8527e-02
4117.8247 2.8904e-02
4119.0596 3.9467e-02
4120.2954 3.7452e-02
4121.5317 3.3171e-02
4122.7681 4.9656e-02
4124.0049 5.0974e-02
4125.2422 4.1546e-02
4126.4800 3.3295e-02
4127.7178 3.8898e-02
4128.9561 3.7808e-02
4130.1948 3.8239e-02
4131.4336 3.0062e-02
4132.6733 3.2106e-02
4133.9126 3.9863e-02
4135.1533 3.4753e-02
4136.3936 4.5785e-02
4137.6348 2.0691e-02
4138.8760 1.9748e-02
4140.1172 2.5943e-02
4141.3599 2.8793e-02
4142.6021 4.9941e-02
4143.8447 4.6447e-02
4145.0879 3.3806e-02
4146.3315 1.9322e-02
4147.5752 4.9725e-02
4148.8198 4.2464e-02
4150.0640 4.6008e-02
4151.3091 2.2884e-02
4152.5547 4.0300e-02
4153.8003 3.6208e-02
4155.0464 5.0405e-02
4156.2930 3.4528e-02
4157.5400 2.6821e-02
4158.7871 3.5454e-02
4160.0352 1.7405e-02
4161.2827 3.4826e-02
4162.5312 3.6425e-02
4163.7803 2.1286e-02
4165.0293 1.7463e-02
4166.2783 3.3428e-02
4167.5288 5.0593e-02
4168.7788 3.2403e-02
4170.0298 3.9516e-02
4171.2803 4.1078e-02
4172.5317 3.6953e-02
4173.7837 2.6996e-02
4175.0356 2.8945e-02
4176.2886 2.1289e-02
4177.5410 3.8843e-02
4178.7944 3.6973e-02
4180.0479 4.2887e-02
4181.3022 2.8005e-02
4182.5566 4.1783e-02
4183.8115 3.4230e-02
4185.0664 3.4145e-02
4186.3223 2.2082e-02
4187.5776 3.1614e-02
4188.8340 5.1087e-02
4190.0903 3.3905e-02
4191.3477 3.8173e-02
4192.6050 4.2267e-02
4193.8628 2.4671e-02
4195.1206 4.1331e-02
4196.3794 2.3226e-02
4197.6387 2.4614e-02
4198.8975 4.0674e-02
4200.1577 3.1969e-02
4201.4175 3.6607e-02
4202.6782 3.8336e-02
4203.9390 3.4079e-02
4205.2002 4.8974e-02
4206.4614 4.2481e-02
4207.7231 2.4980e-02
4208.9858 3.6876e-02
4210.2485 2.5013e-02
4211.5112 4.0197e-02
4212.7749 3.8750e-02
4214.0391 2.9691e-02
4215.3032 2.6540e-02
4216.5679 5.0615e-02
4217.8330 4.4935e-02
4219.0981 2.6626e-02
4220.3638 2.6019e-02
4221.6299 2.9888e-02
4222.8965 3.0987e-02
4224.1636 3.5452e-02
4225.4302 2.5009e-02
4226.6978 3.7695e-02
4227.9658 2.0907e-02
4229.2349 2.8603e-02
4230.5034 4.2492e-02
4231.7725 1.5763e-02
4233.0415 2.3635e-02
4234.3115 3.3789e-02
4235.5825 5.9450e-02
4236.8525 3.0142e-02
4238.1235 1.5452e-02
4239.3955 3.5854e-02
4240.6670 4.9494e-02
4241.9390 1.3882e-02
4243.2119 1.6677e-02
4244.4844 3.1530e-02
4245.7583 2.2679e-02
4247.0317 2.3553e-02
4248.3062 2.5743e-02
4249.5806 3.3745e-02
4250.8555 1.5455e-02
4252.1309 3.2547e-02
4253.4062 2.5707e-02
4254.6821 4.6496e-02
4255.9590 3.2074e-02
4257.2358 2.9107e-02
4258.5127 9.9490e-03
4259.7900 2.6871e-02
4261.0679 4.8498e-02
4262.3462 2.7962e-02
4263.6250 3.5784e-02
4264.9043 2.9526e-02
4266.1841 3.2835e-02
4267.4639 1.5501e-02
4268.7432 4.1700e-02
4270.0244 3.3691e-02
4271.3052 2.3821e-02
4272.5869 2.1387e-02
4273.8682 1.8610e-02
4275.1509 2.8161e-02
4276.4336 4.2050e-02
4277.7163 1.3010e-02
4278.9995 1.8320e-02
4280.2837 1.9226e-02
4281.5674 3.7817e-02
4282.8521 1.8124e-02
4284.1367 2.7138e-02
4285.4219 3.4317e-02
4286.7075 2.0522e-02
4287.9937 2.1110e-02
4289.2798 3.5552e-02
4290.5669 2.7532e-02
4291.8540 3.1280e-02
4293.1416 3.0000e-02
4294.4292 3.3829e-02
4295.7183 2.3620e-02
4297.0063 1.8481e-02
4298.2954 3.2398e-02
4299.5854 2.9482e-02
4300.8750 2.9164e-02
4302.1650 2.0968e-02
4303.4561 3.0814e-02
4304.7471 3.3994e-02
4306.0381 2.9329e-02
4307.3301 2.5672e-02
4308.6221 1.3499e-02
4309.9150 3.3762e-02
4311.2075 3.3165e-02
4312.5015 2.7966e-02
4313.7949 2.7566e-02
4315.0889 3.0700e-02
4316.3838 2.1220e-02
4317.6787 3.0615e-02
4318.9741 2.8120e-02
4320.2700 2.5759e-02
4321.5654 3.5266e-02
4322.8623 2.5645e-02
4324.1592 2.8337e-02
4325.4565 1.8679e-02
4326.7539 2.8698e-02
4328.0518 3.5097e-02
4329.3501 4.8428e-02
4330.6494 2.7930e-02
4331.9482 2.7380e-02
4333.2480 3.1000e-02
4334.5479 2.7395e-02
4335.8477 3.1170e-02
4337.1489 1.2152e-02
4338.4502 2.9053e-02
4339.7515 2.6938e-02
4341.0537 2.7387e-02
4342.3560 2.5610e-02
4343.6582 4.3518e-02
4344.9614 2.7620e-02
4346.2646 2.7302e-02
4347.5693 4.1638e-02
4348.8735 3.8437e-02
4350.1782 3.7621e-02
4351.4829 2.2771e-02
4352.7886 1.7318e-02
4354.0938 3.7036e-02
4355.4009 2.9482e-02
4356.7070 2.3679e-02
4358.0137 4.8948e-02
4359.3218 3.1337e-02
4360.6294 2.7548e-02
4361.9375 1.9991e-02
4363.2461 1.8389e-02
4364.5552 2.8019e-02
4365.8643 1.8971e-02
4367.1743 2.5758e-02
4368.4844 1.7817e-02
4369.7954 5.2008e-02
4371.1060 2.7602e-02
4372.4170 3.8410e-02
4373.7285 1.8211e-02
4375.0415 2.8312e-02
4376.3540 2.7483e-02
4377.6665 2.9871e-02
4378.9800 3.1901e-02
4380.2935 5.7726e-02
4381.6074 1.9348e-02
4382.9219 2.6254e-02
4384.2363 2.3515e-02
4385.5522 3.5480e-02
4386.8677 3.3724e-02
4388.1841 1.3267e-02
4389.5010 2.6095e-02
4390.8169 3.3165e-02
4392.1343 2.2322e-02
4393.4521 2.3149e-02
4394.7700 1.6807e-02
4396.0884 4.3949e-02
4397.4077 3.9668e-02
4398.7266 2.6444e-02
4400.0464 4.6050e-02
4401.3667 3.9537e-02
4402.6870 2.5552e-02
4404.0073 4.8372e-02
4405.3291 1.8057e-02
4406.6504 2.6456e-02
4407.9722 1.4210e-02
4409.2944 2.5420e-02
4410.6172 1.8543e-02
4411.9404 1.9470e-02
4413.2642 2.5231e-02
4414.5879 1.4866e-02
4415.9126 4.3539e-02
4417.2373 2.5992e-02
4418.5625 3.4917e-02
4419.8882 2.5923e-02
4421.2139 2.2009e-02
4422.5405 1.5879e-02
4423.8672 4.2921e-02
4425.1938 1.7527e-02
4426.5220 2.3682e-02
4427.8496 3.2302e-02
4429.1787 3.0271e-02
4430.5063 3.1564e-02
4431.8364 4.0575e-02
4433.1655 3.1418e-02
4434.4956 3.5132e-02
4435.8262 4.4071e-02
4437.1567 2.5850e-02
4438.4878 2.7701e-02
4439.8193 3.9274e-02
4441.1514 2.7722e-02
4442.4834 2.3286e-02
4443.8164 1.9749e-02
4445.1494 3.8351e-02
4446.4829 2.3308e-02
4447.8169 3.2490e-02
4449.1514 2.7240e-02
4450.4863 4.4817e-02
4451.8213 3.3283e-02
4453.1567 2.9053e-02
4454.4927 1.9606e-02
4455.8291 2.9295e-02
4457.1660 1.0532e-02
4458.5029 3.8273e-02
4459.8403 1.5139e-02
4461.1787 2.8675e-02
4462.5171 1.5348e-02
4463.8555 4.7957e-02
4465.1948 4.7383e-02
4466.5347 2.8451e-02
4467.8740 3.7228e-02
4469.2144 3.7854e-02
4470.5552 2.9216e-02
4471.8970 3.1793e-02
4473.2383 2.7530e-02
4474.5806 2.3368e-02
4475.9229 4.1051e-02
4477.2651 3.3070e-02
4478.6084 6.1165e-02
4479.9521 2.2414e-02
4481.2959 2.6823e-02
4482.6406 4.5009e-02
4483.9854 4.2340e-02
4485.3306 2.8852e-02
4486.6763 3.2028e-02
4488.0220 3.2054e-02
4489.3682 2.5155e-02
4490.7153 4.8578e-02
4492.0620 2.2653e-02
4493.4102 4.9799e-02
4494.7578 3.4573e-02
4496.1069 3.3657e-02
4497.4556 3.3047e-02
4498.8047 3.8499e-02
4500.1543 3.6537e-02
4501.5044 5.0322e-02
4502.8550 3.5775e-02
4504.2056 5.1088e-02
4505.5566 2.7332e-02
4506.9082 3.1484e-02
4508.2607 4.4461e-02
4509.6133 3.1739e-02
4510.9658 3.1085e-02
4512.3193 5.2799e-02
4513.6729 5.5679e-02
4515.0273 1.9471e-02
4516.3818 4.6168e-02
4517.7363 4.5179e-02
4519.0918 3.2688e-02
4520.4473 2.5324e-02
4521.8037 3.9131e-02
4523.1606 4.6183e-02
4524.5171 4.3122e-02
4525.8750 3.0748e-02
4527.2324 3.8363e-02
4528.5903 3.0196e-02
4529.9492 5.1352e-02
4531.3081 4.2509e-02
4532.6675 4.0467e-02
4534.0269 3.5215e-02
4535.3872 3.6822e-02
4536.7480 3.2734e-02
4538.1094 2.7430e-02
4539.4702 3.8455e-02
4540.8320 2.3437e-02
4542.1943 3.9997e-02
4543.5576 3.9266e-02
4544.9199 3.9974e-02
4546.2842 4.8952e-02
4547.6475 1.7088e-02
4549.0117 3.5933e-02
4550.3770 3.1848e-02
4551.7417 5.2529e-02
4553.1074 4.9219e-02
4554.4731 3.9868e-02
4555.8398 4.2390e-02
4557.2061 2.9661e-02
4558.5732 3.5994e-02
4559.9414 5.0233e-02
4561.3086 4.4197e-02
4562.6772 3.0548e-02
4564.0459 1.6258e-02
4565.4150 2.5977e-02
4566.7852 2.0399e-02
4568.1553 4.5017e-02
4569.5249 1.8761e-02
4570.8965 4.5182e-02
4572.2676 4.4370e-02
4573.6392 3.5593e-02
4575.0117 4.3875e-02
4576.3838 3.6675e-02
4577.7568 4.7850e-02
4579.1304 2.9396e-02
4580.5039 4.2633e-02
4581.8784 3.7838e-02
4583.2524 4.5225e-02
4584.6274 2.7627e-02
4586.0029 4.1605e-02
4587.3789 4.0799e-02
4588.7549 4.7373e-02
4590.1318 6.3815e-02
4591.5083 3.7382e-02
4592.8857 4.9323e-02
4594.2642 3.6476e-02
4595.6426 4.3004e-02
4597.0210 4.0933e-02
4598.3999 3.3564e-02
4599.7798 3.7351e-02
4601.1597 4.3342e-02
4602.5396 4.1468e-02
4603.9204 3.9799e-02
4605.3022 5.2198e-02
4606.6836 4.1201e-02
4608.0649 3.7455e-02
4609.4478 2.4342e-02
4610.8306 4.0392e-02
4612.2144 3.4913e-02
4613.5977 3.3577e-02
4614.9819 3.8700e-02
4616.3662 3.2235e-02
4617.7515 3.7143e-02
4619.1362 3.5811e-02
4620.5225 4.4989e-02
4621.9082 5.4136e-02
4623.2949 4.4392e-02
4624.6816 3.4679e-02
4626.0693 3.2407e-02
4627.4570 4.0170e-02
4628.8457 3.9487e-02
4630.2334 3.1745e-02
4631.6230 1.9263e-02
4633.0127 3.0780e-02
4634.4028 5.4073e-02
4635.7935 3.3118e-02
4637.1831 3.0371e-02
4638.5742 3.3255e-02
4639.9658 3.6672e-02
4641.3579 4.2361e-02
4642.7505 3.8259e-02
4644.1436 3.7311e-02
4645.5371 3.9961e-02
4646.9307 3.3959e-02
4648.3247 4.1197e-02
4649.7188 4.0062e-02
4651.1138 4.2812e-02
4652.5093 3.1342e-02
4653.9048 3.4644e-02
4655.3018 2.9433e-02
4656.6978 3.4429e-02
4658.0947 2.7632e-02
4659.4922 4.1487e-02
4660.8896 3.2095e-02
4662.2886 3.1103e-02
4663.6865 2.1676e-02
4665.0859 3.7376e-02
4666.4854 2.3609e-02
4667.8853 3.1195e-02
4669.2861 9.8028e-03
4670.6870 3.4839e-02
4672.0874 2.1885e-02
4673.4897 3.9243e-02
4674.8916 4.7692e-02
4676.2944 4.4927e-02
4677.6968 4.1063e-02
4679.1006 2.9796e-02
4680.5039 3.2185e-02
4681.9082 4.7624e-02
4683.3125 2.9852e-02
4684.7173 4.5325e-02
4686.1230 3.3982e-02
4687.5288 2.1567e-02
4688.9351 4.4660e-02
4690.3423 4.3198e-02
4691.7490 2.0346e-02
4693.1562 4.3593e-02
4694.5645 4.8204e-02
4695.9731 5.0790e-02
4697.3818 4.0191e-02
4698.7910 2.6295e-02
4700.2002 5.1211e-02
4701.6104 4.3963e-02
4703.0205 3.7741e-02
4704.4316 2.9754e-02
4705.8433 4.1935e-02
4707.2549 3.7692e-02
4708.6670 3.0635e-02
4710.0796 5.4724e-02
4711.4927 2.5532e-02
4712.9058 4.6333e-02
4714.3203 3.6064e-02
4715.7344 3.5973e-02
4717.1494 3.5777e-02
4718.5645 5.9226e-02
4719.9800 3.5850e-02
4721.3955 2.4209e-02
4722.8120 4.5368e-02
4724.2290 2.5088e-02
4725.6460 3.3505e-02
4727.0645 4.0884e-02
4728.4824 3.2891e-02
4729.9004 5.1223e-02
4731.3198 2.8158e-02
4732.7388 5.2812e-02
4734.1587 4.3985e-02
4735.5791 2.8331e-02
4737.0000 4.1532e-02
4738.4209 2.2113e-02
4739.8428 4.9069e-02
4741.2646 4.3501e-02
4742.6870 4.0324e-02
4744.1094 3.3437e-02
4745.5327 3.1018e-02
4746.9565 2.9783e-02
4748.3804 3.0469e-02
4749.8052 2.4487e-02
4751.2300 2.5955e-02
4752.6548 3.5063e-02
4754.0811 5.6444e-02
4755.5078 4.5227e-02
4756.9341 3.4933e-02
4758.3608 3.2442e-02
4759.7886 4.6495e-02
4761.2168 3.4635e-02
4762.6445 3.8274e-02
4764.0737 2.9710e-02
4765.5029 3.4567e-02
4766.9326 3.3752e-02
4768.3628 3.4141e-02
4769.7930 3.8792e-02
4771.2236 2.8348e-02
4772.6553 3.5869e-02
4774.0869 3.6162e-02
4775.5190 4.9030e-02
4776.9521 4.1416e-02
4778.3853 2.1219e-02
4779.8184 2.8082e-02
4781.2524 3.7066e-02
4782.6870 3.0315e-02
4784.1226 3.6394e-02
4785.5571 2.1710e-02
4786.9927 2.9933e-02
4788.4292 2.7051e-02
4789.8652 3.9013e-02
4791.3022 3.0443e-02
4792.7397 3.4954e-02
4794.1777 3.0462e-02
4795.6152 2.2356e-02
4797.0542 3.9602e-02
4798.4937 3.7845e-02
4799.9331 3.9110e-02
4801.3735 1.9152e-02
4802.8140 1.8863e-02
4804.2544 3.2079e-02
4805.6958 3.2091e-02
4807.1377 2.5630e-02
4808.5796 3.0540e-02
4810.0220 2.7666e-02
4811.4653 2.2059e-02
4812.9087 3.5039e-02
4814.3525 3.5333e-02
4815.7969 1.5830e-02
4817.2417 1.6509e-02
4818.6865 2.9239e-02
4820.1328 1.5100e-02
4821.5786 2.7107e-02
4823.0249 4.7619e-02
4824.4717 1.8271e-02
4825.9189 4.6613e-02
4827.3667 2.3582e-02
4828.8149 2.2685e-02
4830.2637 2.8740e-02
4831.7124 2.5498e-02
4833.1621 3.8464e-02
4834.6118 2.2774e-02
4836.0620 2.2087e-02
4837.5137 2.8919e-02
4838.9644 3.1611e-02
4840.4165 2.9054e-02
4841.8687 2.9779e-02
4843.3208 2.2870e-02
4844.7739 1.5132e-02
4846.2275 3.1489e-02
4847.6812 2.6457e-02
4849.1357 3.6782e-02
4850.5903 2.6338e-02
4852.0454 3.0350e-02
4853.5015 2.4998e-02
4854.9575 2.2920e-02
4856.4136 2.7417e-02
4857.8706 3.2058e-02
4859.3281 2.4319e-02
4860.7861 2.8701e-02
4862.2437 2.6868e-02
4863.7026 2.4596e-02
4865.1621 4.3390e-02
4866.6211 2.0190e-02
4868.0815 2.6591e-02
4869.5420 2.5583e-02
4871.0024 3.4381e-02
4872.4639 2.3086e-02
4873.9263 2.8424e-02
4875.3877 2.0779e-02
4876.8506 1.7285e-02
4878.3135 3.3045e-02
4879.7773 4.0958e-02
4881.2412 4.1442e-02
4882.7051 3.0012e-02
4884.1704 2.0413e-02
4885.6357 4.2767e-02
4887.1011 2.3630e-02
4888.5674 2.3237e-02
4890.0337 3.7368e-02
4891.5010 2.2204e-02
4892.9683 3.3272e-02
4894.4360 2.1561e-02
4895.9043 2.6606e-02
4897.3730 2.9088e-02
4898.8423 2.7047e-02
4900.3120 3.0133e-02
4901.7827 4.0606e-02
4903.2529 1.9923e-02
4904.7231 4.7660e-02
4906.1953 3.3922e-02
4907.6675 1.9677e-02
4909.1392 3.8844e-02
4910.6123 2.3995e-02
4912.0854 2.1997e-02
4913.5586 2.0733e-02
4915.0332 2.8158e-02
4916.5073 2.9469e-02
4917.9819 1.6371e-02
4919.4575 3.1215e-02
4920.9331 2.3472e-02
4922.4097 2.7744e-02
4923.8872 2.9748e-02
4925.3638 2.5240e-02
4926.8418 3.2722e-02
4928.3188 3.6288e-02
4929.7979 2.6466e-02
4931.2769 2.0771e-02
4932.7563 2.0167e-02
4934.2358 2.6471e-02
4935.7168 5.0813e-02
4937.1963 2.2479e-02
4938.6782 2.9360e-02
4940.1597 1.6820e-02
4941.6416 3.2024e-02
4943.1250 2.9314e-02
4944.6069 2.3457e-02
4946.0908 4.3560e-02
4947.5752 1.1390e-02
4949.0586 2.4896e-02
4950.5435 2.4342e-02
4952.0278 4.0571e-02
4953.5142 2.9741e-02
4955.0010 3.3820e-02
4956.4873 2.3553e-02
4957.9741 1.7552e-02
4959.4614 3.1543e-02
4960.9492 2.2218e-02
4962.4370 3.3677e-02
4963.9258 1.9692e-02
4965.4150 2.3334e-02
4966.9048 2.6396e-02
4968.3945 3.0403e-02
4969.8853 2.6302e-02
4971.3765 3.2734e-02
4972.8677 2.5984e-02
4974.3599 2.2001e-02
4975.8521 2.4920e-02
4977.3447 2.5762e-02
4978.8379 1.7813e-02
4980.3315 2.3439e-02
4981.8257 2.3285e-02
4983.3203 3.1017e-02
4984.8159 3.2276e-02
4986.3105 2.5591e-02
4987.8066 2.5432e-02
4989.3027 1.6907e-02
4990.7998 2.4246e-02
4992.2974 2.1280e-02
4993.7939 2.4733e-02
4995.2930 2.2624e-02
4996.7915 3.1767e-02
4998.2905 1.9518e-02
4999.7896 2.6733e-02
5001.2896 2.1418e-02
5002.7900 2.3616e-02
5004.2915 2.1501e-02
5005.7925 2.6339e-02
5007.2944 2.9061e-02
5008.7964 3.1567e-02
5010.2993 1.7133e-02
5011.8022 2.4432e-02
5013.3057 9.1919e-03
5014.8101 9.8375e-03
5016.3145 7.5298e-03
5017.8184 2.9803e-02
5019.3247 2.9341e-02
5020.8301 2.9172e-02
5022.3359 2.0400e-02
5023.8428 1.7793e-02
5025.3496 3.0337e-02
5026.8579 1.9951e-02
5028.3657 3.1804e-02
5029.8740 3.1794e-02
5031.3828 1.1403e-02
5032.8926 1.3506e-02
5034.4023 2.1150e-02
5035.9131 1.8340e-02
5037.4233 2.9542e-02
5038.9346 1.4298e-02
5040.4463 1.4524e-02
5041.9585 2.5740e-02
5043.4712 1.7314e-02
5044.9839 1.8792e-02
5046.4980 2.1801e-02
5048.0112 2.1855e-02
5049.5259 1.9345e-02
5051.0415 1.9614e-02
5052.5562 2.8237e-02
5054.0723 1.5161e-02
5055.5884 2.1127e-02
5057.1045 2.8205e-02
5058.6221 2.8124e-02
5060.1401 2.5245e-02
5061.6577 1.6327e-02
5063.1763 3.0473e-02
5064.6953 2.7934e-02
5066.2144 1.1996e-02
5067.7339 3.3743e-02
5069.2549 2.0975e-02
5070.7759 2.0112e-02
5072.2969 2.3734e-02
5073.8188 2.0255e-02
5075.3403 2.0604e-02
5076.8628 1.3042e-02
5078.3867 2.7784e-02
5079.9097 2.1668e-02
5081.4336 2.1591e-02
5082.9580 2.2746e-02
5084.4829 8.4039e-03
5086.0083 2.3644e-02
5087.5342 2.4712e-02
5089.0605 1.8254e-02
5090.5874 1.8662e-02
5092.1143 1.5793e-02
5093.6421 1.7698e-02
5095.1699 1.4947e-02
5096.6987 2.9324e-02
5098.2275 2.4291e-02
5099.7573 2.5597e-02
5101.2871 2.0988e-02
5102.8179 2.6383e-02
5104.3481 3.1098e-02
5105.8799 2.2454e-02
5107.4111 2.2616e-02
5108.9438 1.7988e-02
5110.4761 1.6428e-02
5112.0093 2.3837e-02
5113.5435 1.1326e-02
5115.0771 9.7983e-03
5116.6118 9.3779e-03
5118.1470 1.8352e-02
5119.6816 2.0966e-02
5121.2183 1.0868e-02
5122.7544 1.3786e-02
5124.2910 2.9886e-02
5125.8286 3.1382e-02
5127.3667 3.3060e-02
5128.9043 2.5323e-02
5130.4429 4.3931e-03
5131.9824 2.7472e-02
5133.5220 2.1630e-02
5135.0615 3.0888e-02
5136.6021 3.0831e-02
5138.1436 2.8802e-02
5139.6846 2.7617e-02
5141.2266 2.7481e-02
5142.7690 1.7829e-02
5144.3125 8.8005e-03
5145.8550 2.2572e-02
5147.3989 2.5915e-02
5148.9429 1.3583e-02
5150.4883 2.3368e-02
5152.0332 1.9302e-02
5153.5781 2.8356e-02
5155.1245 2.8355e-02
5156.6714 2.0821e-02
5158.2178 3.3135e-02
5159.7656 8.7522e-03
5161.3130 2.7687e-02
5162.8618 2.4982e-02
5164.4106 2.0352e-02
5165.9604 3.0996e-02
5167.5098 2.0061e-02
5169.0605 1.7964e-02
5170.6108 8.6630e-03
5172.1621 2.3965e-02
5173.7139 1.9971e-02
5175.2656 1.8745e-02
5176.8188 1.7668e-02
5178.3711 2.8627e-02
5179.9253 1.5592e-02
5181.4790 7.1847e-03
5183.0337 9.2049e-03
5184.5884 2.4039e-02
5186.1436 9.4486e-03
5187.6992 2.4516e-02
5189.2559 1.1899e-02
5190.8130 2.8250e-02
5192.3696 2.1690e-02
5193.9277 1.5942e-02
5195.4858 1.3050e-02
5197.0439 1.7261e-02
5198.6035 2.0148e-02
5200.1636 1.4845e-02
5201.7231 2.5068e-02
5203.2837 2.1213e-02
5204.8447 1.1203e-02
5206.4058 2.5974e-02
5207.9683 2.3034e-02
5209.5303 2.0485e-02
5211.0933 3.7228e-02
5212.6567 2.6351e-02
5214.2202 2.0570e-02
5215.7847 2.1575e-02
5217.3496 3.6490e-02
5218.9150 3.1539e-02
5220.4800 1.5903e-02
5222.0464 2.5077e-02
5223.6128 2.0758e-02
5225.1802 1.4188e-02
5226.7480 1.7738e-02
5228.3154 2.0883e-02
5229.8843 1.7683e-02
5231.4526 2.1790e-02
5233.0225 3.0143e-02
5234.5928 2.5671e-02
5236.1626 2.0129e-02
5237.7339 1.7320e-02
5239.3052 2.1999e-02
5240.8770 2.9446e-02
5242.4492 1.8347e-02
5244.0220 2.2286e-02
5245.5947 2.8146e-02
5247.1689 2.8128e-02
5248.7422 2.0915e-02
5250.3174 1.6808e-02
5251.8921 3.2646e-02
5253.4678 1.6000e-02
5255.0439 3.2563e-02
5256.6211 2.0884e-02
5258.1978 3.0918e-02
5259.7749 2.4017e-02
5261.3530 2.1028e-02
5262.9312 2.5291e-02
5264.5098 3.0868e-02
5266.0898 1.7531e-02
5267.6694 2.3534e-02
5269.2495 2.6344e-02
5270.8311 5.0011e-02
5272.4116 2.8573e-02
5273.9941 3.4913e-02
5275.5757 2.6117e-02
5277.1587 2.2193e-02
5278.7422 1.8512e-02
5280.3252 2.2145e-02
5281.9092 2.8647e-02
5283.4937 1.5157e-02
5285.0786 1.4237e-02
5286.6641 7.5052e-03
5288.2500 4.3798e-02
5289.8369 2.3030e-02
5291.4238 2.3905e-02
5293.0117 2.6878e-02
5294.5996 1.7416e-02
5296.1870 1.9433e-02
5297.7764 2.1325e-02
5299.3662 2.0257e-02
5300.9561 3.0748e-02
5302.5459 1.3745e-02
5304.1367 2.0713e-02
5305.7280 1.7010e-02
5307.3188 1.7511e-02
5308.9116 1.6410e-02
5310.5044 2.1224e-02
5312.0977 1.4329e-02
5313.6919 2.7678e-02
5315.2856 1.8475e-02
5316.8799 3.8494e-02
5318.4751 1.1489e-02
5320.0708 2.7618e-02
5321.6665 2.3657e-02
5323.2632 1.4920e-02
5324.8604 3.5451e-02
5326.4575 2.3656e-02
5328.0557 2.3216e-02
5329.6533 2.0780e-02
5331.2534 2.7007e-02
5332.8516 2.2798e-02
5334.4517 2.5897e-02
5336.0522 1.5536e-02
5337.6533 3.5830e-02
5339.2544 3.0452e-02
5340.8560 2.6442e-02
5342.4585 2.0893e-02
5344.0605 2.0993e-02
5345.6646 1.6892e-02
5347.2681 3.1049e-02
5348.8726 2.4906e-02
5350.4771 2.8047e-02
5352.0825 1.1317e-02
5353.6875 2.8956e-02
5355.2944 1.7308e-02
5356.9009 2.9074e-02
5358.5073 1.1404e-02
5360.1152 2.4131e-02
5361.7236 2.3259e-02
5363.3315 2.2112e-02
5364.9404 2.7240e-02
5366.5503 2.0094e-02
5368.1602 1.5966e-02
5369.7705 1.2333e-02
5371.3813 2.1538e-02
5372.9932 1.7896e-02
5374.6050 1.9308e-02
5376.2173 2.5866e-02
5377.8301 2.6774e-02
5379.4434 1.7325e-02
5381.0576 3.5012e-02
5382.6714 2.6725e-02
5384.2861 2.6078e-02
5385.9014 2.5943e-02
5387.5171 3.1956e-02
5389.1343 2.6983e-02
5390.7505 1.9711e-02
5392.3677 3.2759e-02
5393.9858 2.8287e-02
5395.6035 2.4524e-02
5397.2222 3.1882e-02
5398.8413 2.3289e-02
5400.4609 2.4419e-02
5402.0811 1.8827e-02
5403.7017 3.8929e-02
5405.3228 2.5175e-02
5406.9448 2.4094e-02
5408.5659 1.9332e-02
5410.1890 1.8755e-02
5411.8115 3.7441e-02
5413.4360 2.5294e-02
5415.0596 2.2499e-02
5416.6841 1.6807e-02
5418.3096 2.7813e-02
5419.9351 1.6210e-02
5421.5605 2.7324e-02
5423.1875 1.2341e-02
5424.8145 1.8153e-02
5426.4414 1.9631e-02
5428.0693 1.9068e-02
5429.6982 1.4441e-02
5431.3271 2.6717e-02
5432.9565 3.6855e-02
5434.5859 1.8168e-02
5436.2163 3.1090e-02
5437.8472 2.6514e-02
5439.4785 1.1563e-02
5441.1104 3.0983e-02
5442.7427 2.3172e-02
5444.3760 3.6384e-02
5446.0098 2.2685e-02
5447.6431 2.8196e-02
5449.2778 2.5182e-02
5450.9121 2.3219e-02
5452.5474 2.8515e-02
5454.1826 2.5759e-02
5455.8193 2.2913e-02
5457.4565 1.2127e-02
5459.0933 2.1718e-02
5460.7310 1.6903e-02
5462.3696 2.7505e-02
5464.0073 8.1409e-03
5465.6475 2.2054e-02
5467.2871 2.0048e-02
5468.9272 2.4993e-02
5470.5674 2.7910e-02
5472.2090 2.6133e-02
5473.8506 1.9311e-02
5475.4927 2.6044e-02
5477.1353 1.0850e-02
5478.7783 3.2987e-02
5480.4224 1.3209e-02
5482.0659 1.2802e-02
5483.7104 2.1298e-02
5485.3560 6.3122e-03
5487.0010 3.2865e-02
5488.6475 2.3175e-02
5490.2944 2.5792e-02
5491.9414 2.7769e-02
5493.5889 1.4975e-02
5495.2368 2.0262e-02
5496.8857 1.5676e-02
5498.5342 2.0428e-02
5500.1841 1.7969e-02
5501.8340 2.2558e-02
5503.4849 2.9524e-02
5505.1357 2.1342e-02
5506.7871 2.1855e-02
5508.4395 1.7920e-02
5510.0923 2.6242e-02
5511.7451 2.5616e-02
5513.3984 2.0260e-02
5515.0522 3.2788e-02
5516.7070 2.5906e-02
5518.3623 1.1681e-02
5520.0176 2.3560e-02
5521.6733 2.8608e-02
5523.3301 2.8205e-02
5524.9868 2.3181e-02
5526.6450 2.3893e-02
5528.3027 1.9217e-02
5529.9609 2.7445e-02
5531.6201 2.9272e-02
5533.2793 7.4328e-03
5534.9395 1.7974e-02
5536.5996 1.2292e-02
5538.2607 2.6545e-02
5539.9229 1.2913e-02
5541.5840 1.6813e-02
5543.2466 2.8993e-02
5544.9102 2.4935e-02
5546.5728 9.9372e-03
5548.2373 2.7357e-02
5549.9019 1.6436e-02
5551.5664 1.5422e-02
5553.2324 3.1436e-02
5554.8984 1.0643e-02
5556.5645 1.4059e-02
5558.2310 1.2683e-02
5559.8989 1.7974e-02
5561.5669 1.9468e-02
5563.2354 1.1645e-02
5564.9043 3.4896e-02
5566.5732 2.6965e-02
5568.2437 2.8210e-02
5569.9150 1.8059e-02
5571.5854 2.6081e-02
5573.2568 2.3983e-02
5574.9287 1.2956e-02
5576.6011 3.5994e-02
5578.2739 1.6131e-02
5579.9482 2.2736e-02
5581.6216 1.4208e-02
5583.2959 3.0972e-02
5584.9717 1.8363e-02
5586.6470 1.9705e-02
5588.3223 2.5305e-02
5589.9990 2.8275e-02
5591.6763 1.6073e-02
5593.3535 2.6490e-02
5595.0317 1.7688e-02
5596.7104 1.5153e-02
5598.3892 3.5028e-02
5600.0688 4.0518e-02
5601.7490 2.0586e-02
5603.4292 2.3683e-02
5605.1104 2.3159e-02
5606.7915 1.8722e-02
5608.4741 1.2226e-02
5610.1562 1.9464e-02
5611.8394 1.5008e-02
5613.5234 2.7931e-02
5615.2075 1.7022e-02
5616.8916 2.2102e-02
5618.5767 2.4127e-02
5620.2627 2.0544e-02
5621.9482 2.6214e-02
5623.6348 2.4277e-02
5625.3218 3.0661e-02
5627.0098 2.1590e-02
5628.6982 1.3203e-02
5630.3867 3.4945e-02
5632.0757 2.2780e-02
5633.7651 2.2165e-02
5635.4551 3.2135e-02
5637.1460 1.8358e-02
5638.8369 4.2131e-02
5640.5283 2.0704e-02
5642.2207 2.6966e-02
5643.9141 2.1138e-02
5645.6069 1.4969e-02
5647.3003 9.3721e-03
5648.9946 1.5475e-02
5650.6895 1.8958e-02
5652.3848 1.0460e-02
5654.0801 2.5011e-02
5655.7759 2.0680e-02
5657.4736 2.9211e-02
5659.1709 2.3027e-02
5660.8682 2.3312e-02
5662.5664 2.7296e-02
5664.2651 6.8175e-03
5665.9644 1.8287e-02
5667.6641 1.3894e-02
5669.3647 2.3282e-02
5671.0649 1.8139e-02
5672.7666 3.4252e-02
5674.4688 2.1957e-02
5676.1709 1.2263e-02
5677.8740 2.2332e-02
5679.5771 2.6537e-02
5681.2812 2.1745e-02
5682.9858 1.7221e-02
5684.6899 1.6101e-02
5686.3950 2.4405e-02
5688.1021 2.2616e-02
5689.8076 1.4418e-02
5691.5146 1.8209e-02
5693.2222 1.3592e-02
5694.9302 2.3879e-02
5696.6382 1.7585e-02
5698.3477 2.4223e-02
5700.0571 1.3429e-02
5701.7671 1.5269e-02
5703.4775 2.3497e-02
5705.1885 2.5831e-02
5706.9004 1.0334e-02
5708.6123 1.4438e-02
5710.3252 3.3248e-02
5712.0381 1.8098e-02
5713.7524 1.1104e-02
5715.4663 1.6794e-02
5717.1812 1.6175e-02
5718.8955 1.9368e-02
5720.6118 1.5681e-02
5722.3271 1.6107e-02
5724.0444 1.3657e-02
5725.7617 2.5450e-02
5727.4795 1.8848e-02
5729.1973 2.1737e-02
5730.9165 1.5863e-02
5732.6353 8.2286e-03
5734.3550 2.0134e-02
5736.0757 1.6806e-02
5737.7969 1.7155e-02
5739.5176 1.2787e-02
5741.2397 1.2260e-02
5742.9624 2.5655e-02
5744.6851 8.4285e-03
5746.4082 9.9100e-03
5748.1323 1.7707e-02
5749.8569 2.5363e-02
5751.5815 1.7033e-02
5753.3076 2.6423e-02
5755.0332 2.4658e-02
5756.7593 2.3085e-02
5758.4863 1.8424e-02
5760.2144 2.0896e-02
5761.9424 2.6909e-02
5763.6709 2.4433e-02
5765.3999 1.7376e-02
5767.1294 1.2857e-02
5768.8594 2.6273e-02
5770.5908 2.0006e-02
5772.3213 1.2906e-02
5774.0527 1.6300e-02
5775.7856 1.7156e-02
5777.5181 1.8108e-02
5779.2515 1.7443e-02
5780.9844 1.5834e-02
5782.7192 1.1283e-02
5784.4546 2.2540e-02
5786.1899 1.3561e-02
5787.9253 1.6263e-02
5789.6626 8.9682e-03
5791.3984 1.1325e-02
5793.1362 2.7369e-02
5794.8745 1.8644e-02
5796.6123 6.0678e-03
5798.3516 1.2951e-02
5800.0913 1.6390e-02
5801.8306 1.7504e-02
5803.5713 2.2834e-02
5805.3125 1.8265e-02
5807.0537 1.2059e-02
5808.7964 1.2558e-02
5810.5391 4.4750e-03
5812.2822 3.3324e-02
5814.0259 2.3963e-02
5815.7700 1.6916e-02
5817.5151 2.3580e-02
5819.2598 1.8139e-02
5821.0059 1.2193e-02
5822.7524 1.1628e-02
5824.4990 2.3298e-02
5826.2461 1.6857e-02
5827.9937 1.0337e-02
5829.7427 2.4016e-02
5831.4912 2.7499e-02
5833.2407 6.6555e-03
5834.9912 1.9184e-02
5836.7417 1.0851e-02
5838.4922 4.5229e-03
5840.2446 5.3236e-03
5841.9961 1.7203e-02
5843.7490 2.0672e-02
5845.5020 2.6174e-02
5847.2559 1.7024e-02
5849.0103 1.0296e-02
5850.7642 1.7954e-02
5852.5195 2.1327e-02
5854.2754 2.4495e-02
5856.0317 2.3027e-02
5857.7881 2.0086e-02
5859.5454 1.4668e-02
5861.3032 1.7846e-02
5863.0625 1.5564e-02
5864.8208 1.1589e-02
5866.5806 1.3852e-02
5868.3403 1.8357e-02
5870.1006 2.5747e-02
5871.8618 2.4064e-02
5873.6230 1.8683e-02
5875.3857 1.0616e-02
5877.1479 1.6079e-02
5878.9111 1.0658e-02
5880.6748 1.7719e-02
5882.4390 1.4448e-02
5884.2036 1.8319e-02
5885.9692 2.5715e-02
5887.7349 1.2080e-02
5889.5010 1.0055e-02
5891.2676 1.1845e-02
5893.0356 2.3617e-02
5894.8032 2.1903e-02
5896.5718 3.0462e-02
5898.3408 3.1219e-02
5900.1108 1.7854e-02
5901.8804 2.2301e-02
5903.6509 1.4102e-02
5905.4219 1.9341e-02
5907.1938 1.2788e-02
5908.9663 1.4592e-02
5910.7383 1.2095e-02
5912.5112 2.2561e-02
5914.2856 1.1926e-02
5916.0601 1.2670e-02
5917.8345 1.5746e-02
5919.6099 2.1283e-02
5921.3857 1.9651e-02
5923.1621 2.3077e-02
5924.9395 2.2423e-02
5926.7163 1.3297e-02
5928.4946 6.5618e-03
5930.2729 1.7367e-02
5932.0522 1.9210e-02
5933.8315 7.6786e-03
5935.6123 2.1963e-02
5937.3926 2.0342e-02
5939.1738 1.3679e-02
5940.9556 1.6262e-02
5942.7383 1.4945e-02
5944.5210 9.7359e-03
5946.3042 2.2785e-02
5948.0879 2.1114e-02
5949.8726 1.1995e-02
5951.6572 2.6854e-02
5953.4434 1.3631e-02
5955.2290 1.4615e-02
5957.0151 1.6726e-02
5958.8022 2.1090e-02
5960.5903 7.8060e-03
5962.3789 9.7711e-03
5964.1670 1.8344e-02
5965.9561 1.2468e-02
5967.7466 2.0394e-02
5969.5366 2.0400e-02
5971.3276 1.8923e-02
5973.1187 1.5851e-02
5974.9106 1.3132e-02
5976.7031 2.0778e-02
5978.4961 1.6844e-02
5980.2900 1.2794e-02
5982.0845 1.5678e-02
5983.8789 2.6207e-02
5985.6729 1.2321e-02
5987.4692 1.9294e-02
5989.2651 1.2761e-02
5991.0620 2.0933e-02
5992.8589 1.7481e-02
5994.6572 1.6213e-02
5996.4556 1.5175e-02
5998.2549 8.5940e-03
6000.0547 1.9076e-02
6001.8545 2.9662e-02
6003.6548 1.8350e-02
6005.4561 1.7499e-02
6007.2578 1.2914e-02
6009.0596 1.4172e-02
6010.8623 1.4541e-02
6012.6660 1.8366e-02
6014.4697 1.7878e-02
6016.2739 1.2920e-02
6018.0786 1.7384e-02
6019.8843 1.1012e-02
6021.6909 5.8317e-03
6023.4966 1.5668e-02
6025.3037 2.3469e-02
6027.1108 1.6494e-02
6028.9199 1.3500e-02
6030.7285 2.5033e-02
6032.5366 2.2461e-02
6034.3472 2.7253e-02
6036.1577 1.4617e-02
6037.9683 1.0227e-02
6039.7793 1.9023e-02
6041.5918 1.1267e-02
6043.4038 1.5967e-02
6045.2173 1.9410e-02
6047.0312 1.6757e-02
6048.8447 2.1640e-02
6050.6592 1.0070e-02
6052.4751 1.7037e-02
6054.2905 1.8977e-02
6056.1069 1.8188e-02
6057.9233 2.2673e-02
6059.7407 1.3936e-02
6061.5586 9.9869e-03
6063.3770 1.7775e-02
6065.1968 1.2458e-02
6067.0161 2.3232e-02
6068.8359 9.7326e-03
6070.6567 1.7505e-02
6072.4785 2.6168e-02
6074.2998 2.2508e-02
6076.1221 2.1502e-02
6077.9448 1.5183e-02
6079.7681 2.1129e-02
6081.5918 9.5483e-03
6083.4160 2.0959e-02
6085.2417 1.8139e-02
6087.0664 1.4474e-02
6088.8936 2.7394e-02
6090.7197 8.4612e-03
6092.5469 1.3529e-02
6094.3745 1.3096e-02
6096.2031 2.1616e-02
6098.0327 1.2795e-02
6099.8613 6.3481e-03
6101.6914 1.5767e-02
6103.5220 1.3818e-02
6105.3530 1.4977e-02
6107.1846 1.3704e-02
6109.0171 2.3952e-02
6110.8496 1.3881e-02
6112.6831 1.4973e-02
6114.5166 2.0640e-02
6116.3511 2.2610e-02
6118.1855 1.1276e-02
6120.0210 1.5306e-02
6121.8574 1.9140e-02
6123.6938 1.8480e-02
6125.5308 2.9695e-02
6127.3687 1.1082e-02
6129.2065 2.5944e-02
6131.0454 1.0565e-02
6132.8843 2.1792e-02
6134.7246 1.3251e-02
6136.5649 3.0523e-02
6138.4062 1.0960e-02
6140.2476 2.3267e-02
6142.0894 1.5645e-02
6143.9316 2.0747e-02
6145.7759 8.5437e-03
6147.6191 1.3847e-02
6149.4634 2.2707e-02
6151.3081 1.4756e-02
6153.1538 1.4382e-02
6155.0000 1.5834e-02
6156.8462 2.1308e-02
6158.6934 1.5510e-02
6160.5410 1.4791e-02
6162.3892 1.2520e-02
6164.2373 1.5144e-02
6166.0869 1.5051e-02
6167.9370 2.3329e-02
6169.7871 1.2856e-02
6171.6387 7.5660e-03
6173.4897 1.6745e-02
6175.3413 1.7626e-02
6177.1938 2.0102e-02
6179.0474 6.5284e-03
6180.9009 5.9850e-03
6182.7549 1.5098e-02
6184.6104 1.5091e-02
6186.4653 1.7589e-02
6188.3213 1.9798e-02
6190.1782 1.6146e-02
6192.0356 2.1605e-02
6193.8931 2.2812e-02
6195.7505 1.1886e-02
6197.6099 2.9502e-02
6199.4688 1.2423e-02
6201.3281 2.2969e-02
6203.1895 8.7256e-03
6205.0498 8.8932e-03
6206.9121 1.3001e-02
6208.7739 1.1630e-02
6210.6367 2.3788e-02
6212.4995 1.4785e-02
6214.3633 1.4662e-02
6216.2275 1.7136e-02
6218.0923 1.5573e-02
6219.9575 1.9029e-02
6221.8237 1.2072e-02
6223.6904 1.4253e-02
6225.5576 2.4346e-02
6227.4258 1.8400e-02
6229.2935 1.4293e-02
6231.1621 1.8200e-02
6233.0317 1.6458e-02
6234.9019 1.8894e-02
6236.7720 2.3531e-02
6238.6431 1.5920e-02
6240.5146 1.2031e-02
6242.3867 2.2240e-02
6244.2598 1.1244e-02
6246.1323 1.6130e-02
6248.0063 1.4930e-02
6249.8813 1.4260e-02
6251.7559 1.8135e-02
6253.6313 1.3687e-02
6255.5073 3.9114e-02
6257.3843 1.2639e-02
6259.2617 1.6388e-02
6261.1392 1.4372e-02
6263.0176 2.7130e-02
6264.8970 1.4379e-02
6266.7759 2.5248e-02
6268.6562 2.2792e-02
6270.5361 2.3815e-02
6272.4180 1.5968e-02
6274.2993 6.9440e-03
6276.1816 2.0952e-02
6278.0645 1.9930e-02
6279.9478 1.1499e-02
6281.8320 1.4329e-02
6283.7168 8.4265e-03
6285.6021 1.4252e-02
6287.4868 3.0771e-03
6289.3740 2.2134e-02
6291.2603 2.0152e-02
6293.1475 1.0793e-02
6295.0352 9.1984e-03
6296.9238 2.0174e-02
6298.8130 1.8321e-02
6300.7026 1.2252e-02
6302.5933 1.2589e-02
6304.4839 2.2753e-02
6306.3755 1.3673e-02
6308.2676 1.8088e-02
6310.1597 1.9733e-02
6312.0527 2.3818e-02
6313.9468 1.1421e-02
6315.8398 2.1032e-02
6317.7349 2.4412e-02
6319.6304 2.2364e-02
6321.5269 1.5628e-02
6323.4233 1.1683e-02
6325.3198 1.4162e-02
6327.2178 7.5624e-03
6329.1157 7.5321e-03
6331.0146 1.2649e-02
6332.9131 2.2184e-02
6334.8140 1.4178e-02
6336.7139 2.5015e-02
6338.6147 1.8408e-02
6340.5166 2.6235e-02
6342.4189 1.2562e-02
6344.3213 2.4018e-02
6346.2246 9.9843e-03
6348.1284 1.5891e-02
6350.0332 2.0415e-02
6351.9380 1.5325e-02
6353.8442 1.6058e-02
6355.7500 8.6403e-03
6357.6572 2.1243e-02
6359.5645 2.3144e-02
6361.4717 1.6651e-02
6363.3804 1.5316e-02
6365.2891 1.5246e-02
6367.1987 7.9572e-03
6369.1089 1.4893e-02
6371.0200 3.0022e-02
6372.9312 1.0569e-02
6374.8428 1.8340e-02
6376.7549 1.4101e-02
6378.6685 2.9660e-02
6380.5820 2.1144e-02
6382.4966 2.5251e-02
6384.4111 1.3422e-02
6386.3257 1.3763e-02
6388.2422 1.8048e-02
6390.1587 2.7384e-02
6392.0752 1.1043e-02
6393.9932 1.5335e-02
6395.9116 2.6764e-02
6397.8301 1.0430e-02
6399.7490 1.6752e-02
6401.6694 2.0033e-02
6403.5898 1.2295e-02
6405.5112 1.9194e-02
6407.4331 2.1884e-02
6409.3545 1.2825e-02
6411.2778 9.2971e-03
6413.2012 1.4938e-02
6415.1250 1.8175e-02
6417.0493 1.8148e-02
6418.9741 1.6615e-02
6420.9004 1.5679e-02
6422.8262 7.2228e-03
6424.7534 2.2471e-02
6426.6812 2.3580e-02
6428.6094 1.4091e-02
6430.5381 1.9236e-02
6432.4668 7.8221e-03
6434.3960 1.9523e-02
6436.3267 1.2884e-02
6438.2578 1.8264e-02
6440.1895 7.8786e-03
6442.1216 1.1940e-02
6444.0537 2.1027e-02
6445.9868 2.4339e-02
6447.9209 1.7116e-02
6449.8550 1.7013e-02
6451.7905 2.0391e-02
6453.7256 9.9538e-03
6455.6621 1.0657e-02
6457.5986 8.7810e-03
6459.5356 1.1624e-02
6461.4741 1.2458e-02
6463.4121 1.2910e-02
6465.3506 6.4097e-03
6467.2905 3.4345e-02
6469.2310 1.2370e-02
6471.1719 7.4574e-03
6473.1128 1.5528e-02
6475.0552 1.4971e-02
6476.9976 3.6768e-03
6478.9409 1.8774e-02
6480.8848 1.4164e-02
6482.8286 1.4828e-02
6484.7739 1.0577e-02
6486.7192 9.0308e-03
6488.6650 8.9464e-03
6490.6113 1.7115e-02
6492.5581 1.2596e-02
6494.5063 1.3051e-02
6496.4546 1.5434e-02
6498.4038 1.4789e-02
6500.3535 1.6790e-02
6502.3032 1.5431e-02
6504.2539 8.2656e-03
6506.2056 1.1314e-02
6508.1572 1.3256e-02
6510.1099 1.3448e-02
6512.0625 1.6858e-02
6514.0166 1.0977e-02
6515.9702 9.3689e-03
6517.9258 1.1632e-02
6519.8809 1.1533e-02
6521.8364 9.9619e-03
6523.7930 1.6723e-02
6525.7505 7.6471e-03
6527.7075 1.0765e-02
6529.6665 8.6529e-03
6531.6255 1.7604e-02
6533.5845 1.0541e-02
6535.5449 9.0839e-03
6537.5054 7.8849e-03
6539.4668 1.4901e-02
6541.4282 1.7077e-02
6543.3911 1.4100e-02
6545.3545 1.9071e-02
6547.3179 2.3145e-02
6549.2817 1.7251e-02
6551.2466 1.3959e-02
6553.2124 5.5996e-03
6555.1777 1.2102e-02
6557.1445 1.4305e-02
6559.1113 1.2210e-02
6561.0796 2.7340e-02
6563.0479 1.3605e-02
6565.0166 1.2202e-02
6566.9863 1.1537e-02
6568.9561 2.1232e-02
6570.9268 1.4067e-02
6572.8979 1.3115e-02
6574.8701 1.3645e-02
6576.8423 1.5068e-02
6578.8154 6.2400e-03
6580.7896 4.4961e-03
6582.7632 1.2038e-02
6584.7383 9.2811e-03
6586.7139 1.3912e-02
6588.6895 6.2247e-03
6590.6660 1.0707e-02
6592.6431 8.1213e-03
6594.6211 1.0237e-02
6596.5996 1.2444e-02
6598.5791 9.9773e-03
6600.5581 1.3580e-02
6602.5386 1.7636e-02
6604.5190 1.0829e-02
6606.5005 1.6780e-02
6608.4824 1.2103e-02
6610.4648 1.8143e-02
6612.4482 1.5104e-02
6614.4326 1.9264e-02
6616.4160 1.2607e-02
6618.4009 1.1181e-02
6620.3867 9.1742e-03
6622.3730 1.4404e-02
6624.3594 1.0781e-02
6626.3467 9.0384e-03
6628.3350 1.0164e-02
6630.3232 1.2127e-02
6632.3125 9.3760e-03
6634.3022 2.1238e-02
6636.2920 1.0756e-02
6638.2827 8.1707e-03
6640.2744 9.2986e-03
6642.2671 1.7552e-02
6644.2593 2.1384e-02
6646.2529 1.5529e-02
6648.2471 1.5560e-02
6650.2412 1.7702e-02
6652.2358 1.5443e-02
6654.2314 1.9218e-02
6656.2280 1.4576e-02
6658.2251 5.8751e-03
6660.2222 1.4540e-02
6662.2207 1.4356e-02
6664.2197 8.9074e-03
6666.2178 9.9971e-03
6668.2178 1.3238e-02
6670.2188 8.4685e-03
6672.2192 9.4908e-03
6674.2212 1.4060e-02
6676.2241 6.5271e-03
6678.2266 1.4776e-02
6680.2300 4.4642e-03
6682.2334 1.6772e-02
6684.2388 1.4199e-02
6686.2446 1.6515e-02
6688.2500 1.4328e-02
6690.2563 1.3670e-02
6692.2627 5.0480e-03
6694.2715 1.0765e-02
6696.2793 1.2606e-02
6698.2881 9.9202e-03
6700.2979 1.7328e-02
6702.3081 8.9412e-03
6704.3188 5.9809e-03
6706.3301 1.2819e-03
6708.3418 1.0783e-02
6710.3545 1.5906e-02
6712.3672 1.1121e-02
6714.3809 1.6801e-02
6716.3955 1.5508e-02
6718.4106 9.3622e-03
6720.4263 1.2647e-02
6722.4419 1.0229e-02
6724.4585 8.0385e-03
6726.4756 8.2651e-03
6728.4946 1.2119e-02
6730.5127 1.3594e-02
6732.5312 1.8104e-02
6734.5513 1.3045e-02
6736.5718 1.8492e-02
6738.5923 1.2123e-02
6740.6152 8.9940e-03
6742.6367 1.2350e-02
6744.6587 1.1916e-02
6746.6831 1.8368e-02
6748.7065 1.0179e-02
6750.7310 1.6809e-02
6752.7563 1.0538e-02
6754.7822 8.3013e-03
6756.8091 1.4830e-02
6758.8359 1.6452e-02
6760.8633 7.4597e-03
6762.8916 1.4027e-02
6764.9209 1.4632e-02
6766.9502 1.6769e-02
6768.9805 1.2199e-02
6771.0107 1.1126e-02
6773.0425 1.3969e-02
6775.0742 1.3195e-02
6777.1064 1.0846e-02
6779.1401 1.2426e-02
6781.1733 1.2986e-02
6783.2080 1.3076e-02
6785.2427 1.1727e-02
6787.2783 9.2294e-03
6789.3149 4.8317e-03
6791.3516 1.1131e-02
6793.3887 6.0138e-03
6795.4272 1.1896e-02
6797.4653 1.0983e-02
6799.5049 1.4529e-02
6801.5444 1.0983e-02
6803.5854 1.3655e-02
6805.6260 1.5977e-02
6807.6685 7.0813e-03
6809.7100 1.5625e-02
6811.7534 1.5588e-02
6813.7964 8.9907e-03
6815.8408 4.9895e-03
6817.8853 2.0677e-02
6819.9312 1.0394e-02
6821.9771 1.3995e-02
6824.0234 8.5774e-03
6826.0703 1.0438e-02
6828.1182 7.2937e-03
6830.1670 1.2497e-02
6832.2163 1.7203e-02
6834.2651 1.4875e-02
6836.3154 1.5356e-02
6838.3667 7.3473e-03
6840.4180 1.7710e-02
6842.4702 9.5773e-03
6844.5229 1.5854e-02
6846.5762 1.5976e-02
6848.6304 1.2873e-02
6850.6851 1.1113e-02
6852.7402 8.1846e-03
6854.7959 1.0776e-02
6856.8525 6.1690e-03
6858.9097 7.1771e-03
6860.9668 2.0691e-02
6863.0254 3.4335e-03
6865.0845 8.2943e-03
6867.1440 1.0015e-02
6869.2041 1.2159e-02
6871.2646 6.3417e-03
6873.3257 7.4063e-03
6875.3882 1.2299e-02
6877.4512 1.1540e-02
6879.5137 1.5138e-02
6881.5781 9.8705e-03
6883.6421 1.4732e-02
6885.7075 1.1604e-02
6887.7729 9.3025e-03
6889.8394 9.0403e-03
6891.9062 1.8198e-02
6893.9746 1.2674e-02
6896.0425 4.4160e-03
6898.1113 9.9489e-03
6900.1802 8.2318e-03
6902.2505 6.9158e-03
6904.3213 1.0452e-02
6906.3926 9.8723e-03
6908.4648 9.2859e-03
6910.5366 6.8959e-03
6912.6099 4.9419e-03
6914.6841 7.5896e-03
6916.7588 1.1473e-02
6918.8335 1.3910e-02
6920.9092 9.4306e-03
6922.9849 1.0570e-02
6925.0620 1.7022e-02
6927.1401 7.0841e-03
6929.2178 1.7485e-02
6931.2964 1.7267e-02
6933.3760 9.9703e-03
6935.4561 5.8615e-03
6937.5371 1.5585e-02
6939.6182 1.4589e-02
6941.7002 5.5635e-03
6943.7822 2.4124e-02
6945.8657 1.2356e-02
6947.9487 1.0385e-02
6950.0337 1.6283e-02
6952.1182 5.0849e-03
6954.2046 1.3084e-02
6956.2905 9.9981e-03
6958.3779 5.2623e-03
6960.4644 1.2236e-02
6962.5527 6.9987e-03
6964.6421 1.1046e-02
6966.7314 1.3284e-02
6968.8208 1.3129e-02
6970.9116 1.3842e-02
6973.0029 7.9347e-03
6975.0947 1.1522e-02
6977.1880 6.0576e-03
6979.2803 1.0050e-02
6981.3745 3.0589e-03
6983.4692 1.4667e-02
6985.5635 1.0527e-02
6987.6602 6.1491e-03
6989.7559 1.2130e-02
6991.8525 6.9364e-03
6993.9507 1.1522e-02
6996.0488 1.0204e-02
6998.1479 2.5278e-03
7000.2471 1.0802e-02
7002.3467 7.1478e-03
7004.4468 1.4217e-02
7006.5488 1.5049e-02
7008.6514 7.7097e-03
7010.7529 1.1204e-02
7012.8564 1.0861e-02
7014.9609 4.0408e-03
7017.0654 1.3384e-02
7019.1699 1.5550e-02
7021.2759 8.2381e-03
7023.3823 7.4556e-03
7025.4893 9.6044e-03
7027.5977 9.5672e-03
7029.7051 6.8691e-03
7031.8145 1.2094e-02
7033.9238 1.4508e-02
7036.0337 9.1793e-03
7038.1450 4.7777e-03
7040.2559 8.6121e-03
7042.3687 1.3362e-02
7044.4805 7.6305e-03
7046.5938 1.0594e-02
7048.7080 1.6794e-02
7050.8228 1.0210e-02
7052.9385 9.2742e-03
7055.0542 7.2929e-03
7057.1704 9.5823e-03
7059.2881 6.3566e-03
7061.4053 8.2683e-03
7063.5234 1.0686e-02
7065.6431 6.7257e-03
7067.7627 1.1817e-02
7069.8828 1.3574e-02
7072.0039 7.5889e-03
7074.1255 7.6487e-03
7076.2476 6.0891e-03
7078.3706 1.4840e-02
7080.4937 1.3148e-02
7082.6187 1.4072e-02
7084.7432 7.7159e-03
7086.8687 8.7387e-03
7088.9946 1.9135e-02
7091.1216 1.4645e-02
7093.2490 1.0885e-02
7095.3765 1.1877e-02
7097.5049 5.6540e-03
7099.6348 1.0722e-02
7101.7642 1.1461e-02
7103.8945 4.4523e-03
7106.0264 1.1079e-02
7108.1582 1.6559e-02
7110.2905 3.2889e-03
7112.4229 1.7461e-02
7114.5571 6.6559e-03
7116.6914 4.4435e-03
7118.8262 9.7672e-03
7120.9619 1.3602e-02
7123.0986 6.2440e-03
7125.2354 1.6726e-02
7127.3730 7.7625e-03
7129.5112 8.1472e-03
7131.6499 7.0574e-03
7133.7896 1.2124e-02
7135.9292 1.3064e-02
7138.0703 7.5922e-03
7140.2119 1.5428e-02
7142.3540 1.1067e-02
7144.4966 8.4276e-03
7146.6396 1.6963e-02
7148.7842 1.4346e-02
7150.9287 5.7110e-03
7153.0742 1.2496e-02
7155.2197 1.4135e-02
7157.3667 1.4592e-02
7159.5137 1.3019e-02
7161.6616 2.7922e-03
7163.8101 1.4579e-02
7165.9590 6.3824e-03
7168.1089 6.2214e-03
7170.2593 1.0754e-02
7172.4102 9.4642e-03
7174.5625 8.9688e-03
7176.7144 7.4139e-03
7178.8672 9.2698e-03
7181.0210 7.8974e-03
7183.1753 9.6487e-03
7185.3306 8.8293e-03
7187.4858 1.2203e-02
7189.6421 9.2340e-03
7191.7988 7.9403e-03
7193.9565 4.9260e-03
7196.1147 8.6723e-03
7198.2734 1.0140e-02
7200.4336 1.0165e-02
7202.5928 5.3110e-03
7204.7539 1.5277e-02
7206.9155 1.0557e-02
7209.0771 2.1760e-03
7211.2402 8.1516e-03
7213.4033 8.1207e-03
7215.5674 1.1786e-02
7217.7324 4.6450e-03
7219.8979 2.0318e-02
7222.0635 5.4440e-03
7224.2300 9.7614e-03
7226.3979 1.5412e-02
7228.5654 5.8765e-03
7230.7334 6.5896e-03
7232.9033 2.3634e-02
7235.0728 9.8998e-03
7237.2432 1.8980e-02
7239.4150 3.6334e-03
7241.5864 1.0462e-02
7243.7593 5.1052e-03
7245.9321 1.8559e-02
7248.1060 7.3674e-03
7250.2803 5.3918e-03
7252.4551 1.0153e-02
7254.6313 1.5881e-02
7256.8076 1.4614e-02
7258.9849 1.1921e-02
7261.1626 5.8018e-03
7263.3408 7.6093e-03
7265.5200 1.2209e-02
7267.6992 6.3948e-03
7269.8799 9.0777e-03
7272.0605 1.7710e-02
7274.2422 9.7896e-03
7276.4243 8.8884e-03
7278.6069 1.5664e-02
7280.7910 1.1033e-02
7282.9751 6.4064e-03
7285.1602 1.1145e-02
7287.3452 7.7478e-03
7289.5317 1.8551e-02
7291.7188 8.4241e-03
7293.9067 1.3099e-02
7296.0947 1.3234e-02
7298.2832 1.0072e-02
7300.4727 1.6977e-02
7302.6631 5.7470e-03
7304.8540 1.4972e-02
7307.0454 1.0291e-02
7309.2373 1.1108e-02
7311.4292 4.1458e-03
7313.6235 1.1345e-02
7315.8179 6.6240e-03
7318.0122 1.3542e-02
7320.2075 6.5427e-03
7322.4038 7.2801e-03
7324.6001 5.9985e-03
7326.7979 5.8355e-03
7328.9961 4.4165e-03
7331.1943 7.9559e-03
7333.3936 1.2612e-02
7335.5938 9.0072e-03
7337.7944 1.3120e-02
7339.9956 2.4786e-03
7342.1982 3.4737e-03
7344.4004 6.8024e-03
7346.6035 5.2002e-03
7348.8081 1.3209e-02
7351.0127 8.2882e-03
7353.2183 9.4651e-03
7355.4238 1.4713e-02
7357.6304 1.3564e-02
7359.8374 1.1360e-02
7362.0459 9.2566e-03
7364.2549 8.8001e-03
7366.4634 7.0717e-03
7368.6738 1.4483e-02
7370.8838 9.3735e-03
7373.0957 1.1260e-02
7375.3071 3.1580e-03
7377.5200 1.1763e-02
7379.7334 6.6304e-03
7381.9473 2.2932e-03
7384.1616 1.0205e-02
7386.3770 1.1109e-02
7388.5928 7.2597e-03
7390.8096 2.1450e-02
7393.0264 1.7990e-02
7395.2446 5.1889e-03
7397.4639 6.3631e-03
7399.6826 7.3312e-03
7401.9023 1.4196e-02
7404.1230 1.1081e-02
7406.3438 7.8626e-03
7408.5654 9.2559e-03
7410.7886 1.4411e-02
7413.0122 5.2696e-03
7415.2354 9.4154e-03
7417.4604 1.3313e-02
7419.6855 8.6157e-03
7421.9116 1.2211e-02
7424.1382 1.7262e-02
7426.3652 5.9004e-03
7428.5933 3.7923e-03
7430.8218 5.7009e-03
7433.0513 1.4919e-02
7435.2808 6.3871e-03
7437.5117 7.2000e-03
7439.7432 6.9642e-03
7441.9741 3.8859e-03
7444.2070 9.6518e-03
7446.4404 1.2423e-02
7448.6748 1.2849e-02
7450.9097 1.0933e-02
7453.1440 9.9820e-03
7455.3809 1.1796e-02
7457.6167 1.0735e-02
7459.8545 7.5755e-03
7462.0923 6.5746e-03
7464.3306 4.0440e-03
7466.5698 7.6755e-03
7468.8096 7.2675e-03
7471.0503 1.2721e-02
7473.2920 9.5946e-03
7475.5342 1.5041e-02
7477.7769 1.0140e-02
7480.0205 8.1891e-03
7482.2637 1.1895e-02
7484.5088 1.0061e-02
7486.7539 7.4268e-03
7489.0000 7.0867e-03
7491.2471 9.7514e-03
7493.4937 9.2384e-03
7495.7422 1.4045e-02
7497.9912 1.6085e-03
7500.2402 1.2710e-02
7502.4902 5.7568e-03
7504.7412 1.0323e-02
7506.9927 7.8781e-03
7509.2441 9.1247e-03
7511.4976 4.7387e-03
7513.7510 6.6890e-03
7516.0044 7.1674e-03
7518.2593 8.7463e-03
7520.5151 7.8873e-03
7522.7715 9.0701e-03
7525.0283 8.9417e-03
7527.2861 9.4044e-03
7529.5439 2.3585e-03
7531.8027 1.5030e-02
7534.0620 8.0082e-03
7536.3228 7.7251e-03
7538.5835 4.7755e-03
7540.8447 1.4438e-02
7543.1074 1.2868e-02
7545.3706 9.2297e-03
7547.6338 2.1011e-03
7549.8984 1.1009e-02
7552.1626 1.0189e-02
7554.4292 6.0800e-03
7556.6948 1.2813e-02
7558.9619 5.3996e-03
7561.2295 4.4288e-03
7563.4976 9.7023e-03
7565.7671 1.0404e-02
7568.0366 5.2149e-03
7570.3071 9.7045e-03
7572.5786 9.1232e-03
7574.8511 1.1070e-02
7577.1230 3.2188e-03
7579.3960 5.2532e-03
7581.6694 4.2720e-03
7583.9443 2.1904e-04
7586.2192 1.0663e-02
7588.4956 1.0283e-02
7590.7715 3.8288e-03
7593.0488 1.0944e-02
7595.3262 1.5097e-02
7597.6060 6.2201e-03
7599.8843 3.2239e-03
7602.1641 4.3340e-03
7604.4448 1.2477e-02
7606.7271 4.9545e-03
7609.0093 9.9848e-03
7611.2910 3.1413e-03
7613.5752 5.7614e-03
7615.8589 7.1006e-03
7618.1440 6.9200e-03
7620.4292 7.7837e-03
7622.7153 5.9963e-03
7625.0020 6.2675e-03
7627.2896 7.6478e-03
7629.5781 5.1133e-03
7631.8662 7.5995e-03
7634.1562 1.2478e-02
7636.4468 5.6842e-03
7638.7378 9.9438e-03
7641.0288 7.1366e-03
7643.3213 8.3101e-03
7645.6138 9.2889e-03
7647.9072 1.2106e-02
7650.2021 7.7668e-03
7652.4971 1.0282e-02
7654.7935 4.6649e-03
7657.0894 4.0319e-03
7659.3867 6.4165e-03
7661.6846 6.2187e-03
7663.9829 5.8738e-03
7666.2817 1.3124e-02
7668.5825 5.8870e-03
7670.8823 1.1930e-02
7673.1841 9.0390e-03
7675.4854 9.6933e-03
7677.7891 8.3609e-03
7680.0918 4.1808e-03
7682.3960 7.3772e-03
7684.7002 5.7166e-03
7687.0059 8.0333e-03
7689.3125 8.7163e-03
7691.6191 1.4629e-02
7693.9268 1.3178e-02
7696.2344 1.0933e-02
7698.5430 5.6532e-03
7700.8530 6.1054e-03
7703.1631 3.5097e-03
7705.4746 5.8809e-03
7707.7856 1.1050e-02
7710.0981 1.5373e-02
7712.4111 1.6037e-02
7714.7251 1.0275e-02
7717.0391 1.1383e-02
7719.3540 1.0703e-03
7721.6699 1.9231e-03
7723.9868 8.4729e-03
7726.3042 1.6213e-02
7728.6216 3.1351e-03
7730.9409 3.6671e-03
7733.2593 9.3281e-03
7735.5796 1.0317e-02
7737.9004 7.4472e-03
7740.2217 1.1452e-02
7742.5435 2.0474e-03
7744.8662 7.1144e-03
7747.1895 9.4569e-03
7749.5142 5.7849e-03
7751.8394 1.3888e-02
7754.1650 7.2649e-03
7756.4907 9.3609e-03
7758.8174 6.8643e-03
7761.1450 3.9753e-03
7763.4736 3.8753e-03
7765.8022 8.5055e-03
7768.1323 8.4240e-03
7770.4634 5.4248e-03
7772.7944 7.6650e-03
7775.1260 3.8974e-03
7777.4585 9.7806e-03
7779.7915 1.1292e-02
7782.1260 1.0629e-02
7784.4604 4.8951e-03
7786.7954 1.0633e-02
7789.1318 7.2257e-03
7791.4683 5.1794e-03
7793.8062 7.2895e-03
7796.1436 5.1107e-03
7798.4824 1.1625e-02
7800.8218 5.5819e-03
7803.1626 1.0526e-02
7805.5034 2.3351e-03
7807.8447 8.1361e-03
7810.1880 6.8092e-03
7812.5303 7.4868e-03
7814.8745 5.3584e-03
7817.2192 8.4777e-03
7819.5640 2.1875e-03
7821.9106 5.0708e-03
7824.2559 5.2789e-03
7826.6040 6.0948e-03
7828.9521 8.0886e-03
7831.3003 7.4684e-03
7833.6499 9.1976e-03
7835.9995 8.7498e-03
7838.3511 1.2025e-02
7840.7021 9.3309e-03
7843.0547 6.9238e-03
7845.4077 9.7342e-03
7847.7603 1.2455e-02
7850.1152 3.0133e-03
7852.4702 6.7396e-03
7854.8262 8.2313e-03
7857.1821 7.4112e-03
7859.5396 1.4475e-02
7861.8975 1.1992e-02
7864.2559 1.0536e-02
7866.6157 1.0445e-02
7868.9756 3.2318e-03
7871.3359 7.7776e-03
7873.6978 9.1140e-03
7876.0601 8.3494e-04
7878.4224 4.9600e-03
7880.7856 7.3535e-04
7883.1509 1.1061e-02
7885.5151 9.5922e-04
7887.8809 3.8207e-03
7890.2476 1.2827e-02
7892.6147 9.4750e-03
7894.9814 1.0254e-02
7897.3501 5.8056e-03
7899.7192 1.2441e-02
7902.0898 1.0629e-02
7904.4604 2.6780e-03
7906.8311 5.3261e-03
7909.2036 6.1022e-03
7911.5767 3.9278e-03
7913.9497 1.8547e-03
7916.3247 6.5321e-03
7918.6987 8.8194e-03
7921.0742 1.0665e-02
7923.4512 6.0652e-03
7925.8276 1.3989e-02
7928.2051 3.1219e-03
7930.5845 7.5736e-03
7932.9634 7.8304e-03
7935.3433 5.6654e-03
7937.7236 4.3444e-03
7940.1050 4.7292e-03
7942.4873 1.0236e-02
7944.8701 1.1687e-02
7947.2529 8.0191e-03
7949.6377 7.9653e-03
7952.0225 4.1954e-03
7954.4082 4.0124e-03
7956.7949 5.9744e-03
7959.1807 3.8179e-03
7961.5688 1.8644e-03
7963.9580 1.3660e-02
7966.3462 6.1943e-03
7968.7368 5.0328e-03
7971.1274 1.0210e-02
7973.5181 4.9145e-03
7975.9111 4.8728e-03
7978.3032 1.2397e-02
7980.6973 1.2797e-02
7983.0908 2.8666e-03
7985.4858 4.0331e-03
7987.8823 7.0612e-03
7990.2778 1.4404e-02
7992.6748 2.9359e-03
7995.0728 2.9023e-03
7997.4717 7.3541e-03
7999.8711 5.5887e-03
8002.2710 3.4030e-03
8004.6709 6.7013e-03
8007.0723 2.4304e-03
8009.4746 1.2065e-02
8011.8779 6.0021e-03
8014.2812 6.4734e-03
8016.6855 1.3527e-02
8019.0903 3.0944e-03
8021.4966 5.0554e-03
8023.9028 7.6920e-03
8026.3105 1.1016e-02
8028.7173 1.0050e-02
8031.1260 2.8434e-03
8033.5361 9.0479e-03
8035.9458 6.7292e-03
8038.3569 8.9882e-03
8040.7681 8.1061e-03
8043.1807 3.5438e-03
8045.5933 2.7254e-03
8048.0068 9.0745e-03
8050.4214 1.4274e-03
8052.8364 4.9354e-03
8055.2520 5.8307e-03
8057.6689 7.5872e-03
8060.0864 1.6663e-03
8062.5049 8.1472e-03
8064.9229 4.1129e-03
8067.3423 5.5875e-03
8069.7632 5.3218e-03
8072.1836 9.2894e-03
8074.6050 8.1872e-04
8077.0278 4.6304e-03
8079.4507 8.2967e-03
8081.8745 7.7562e-03
8084.2988 3.4200e-03
8086.7251 9.2928e-04
8089.1509 2.4265e-03
8091.5771 7.2186e-03
8094.0049 1.2908e-02
8096.4331 2.9765e-03
8098.8618 3.2568e-03
8101.2910 1.1555e-02
8103.7217 4.6524e-03
8106.1528 4.1961e-03
8108.5845 4.7913e-03
8111.0171 4.6817e-03
8113.4502 1.8595e-03
8115.8843 2.7975e-03
8118.3188 6.9676e-03
8120.7549 4.7489e-03
8123.1914 4.8297e-03
8125.6284 0.0000e+00
8128.0659 1.3407e-03
8130.5049 8.9336e-03
8132.9438 5.1462e-03
8135.3833 5.6483e-03
8137.8237 6.0465e-03
8140.2651 7.6240e-03
8142.7075 1.5948e-03
8145.1504 8.4692e-03
8147.5938 9.7347e-03
8150.0376 4.6444e-03
8152.4834 4.4960e-03
8154.9292 4.2805e-03
8157.3750 2.4181e-03
8159.8228 3.4839e-03
8162.2705 9.3686e-03
8164.7192 2.1669e-03
8167.1685 3.9550e-03
8169.6187 1.3470e-02
8172.0693 4.3564e-03
8174.5210 5.4717e-03
8176.9736 7.7040e-03
8179.4268 3.0417e-03
8181.8809 4.6164e-03
8184.3350 5.0520e-03
8186.7900 1.4605e-03
8189.2456 4.8476e-03
8191.7031 3.7611e-03
8194.1602 4.3098e-03
8196.6191 6.4788e-03
8199.0781 5.5181e-03
8201.5371 4.1368e-03
8203.9980 6.1760e-03
8206.4590 2.1785e-03
8208.9219 8.4240e-03
8211.3838 1.2742e-03
8213.8477 3.6446e-03
8216.3115 5.2892e-03
8218.7764 8.1798e-03
8221.2422 8.7916e-03
8223.7090 4.5061e-03
8226.1758 2.1980e-03
8228.6436 4.1748e-03
8231.1123 7.9731e-03
8233.5811 3.4608e-03
8236.0518 2.2767e-03
8238.5215 9.3289e-03
8240.9932 4.9300e-03
8243.4658 6.8447e-03
8245.9395 1.0082e-02
8248.4131 2.0328e-03
8250.8877 2.7691e-03
8253.3623 9.9148e-04
8255.8389 2.0220e-03
8258.3154 4.8854e-03
8260.7920 1.5307e-03
8263.2715 9.5288e-04
8265.7500 3.9200e-03
8268.2305 4.0238e-03
8270.7100 1.2779e-02
8273.1914 3.2981e-03
8275.6738 3.8312e-03
8278.1553 5.6048e-03
8280.6396 5.3528e-03
8283.1240 1.4878e-03
8285.6094 9.8196e-03
8288.0947 3.5998e-03
8290.5811 5.3834e-03
8293.0674 4.8241e-03
8295.5557 7.3066e-03
8298.0449 6.5271e-03
8300.5352 8.7338e-03
8303.0234 7.2989e-03
8305.5156 3.4623e-03
8308.0068 1.2705e-02
8310.5000 3.1158e-03
8312.9922 7.7761e-03
8315.4863 4.6895e-03
8317.9805 1.9368e-03
8320.4766 5.3949e-03
8322.9717 6.1247e-03
8325.4697 2.9183e-03
8327.9668 5.2361e-03
8330.4658 4.3658e-03
8332.9639 0.0000e+00
8335.4648 2.3586e-03
8337.9648 7.7110e-03
8340.4668 4.0572e-03
8342.9688 5.4539e-03
8345.4717 1.0591e-02
8347.9746 1.9779e-03
8350.4795 6.1977e-03
8352.9844 8.7107e-03
8355.4902 2.1513e-03
8357.9971 6.7703e-03
8360.5039 5.8655e-03
8363.0127 8.1010e-03
8365.5215 3.7304e-03
8368.0312 1.5476e-03
8370.5420 1.1732e-03
8373.0527 6.7982e-04
8375.5654 7.9124e-03
8378.0771 7.5767e-03
8380.5908 1.2583e-02
8383.1045 6.8348e-03
8385.6191 4.6169e-03
8388.1348 2.8965e-03
8390.6523 7.2203e-03
8393.1689 7.8048e-03
8395.6865 5.1466e-03
8398.2061 7.9549e-03
8400.7246 5.1203e-03
8403.2461 6.2723e-03
8405.7666 3.5790e-03
8408.2881 4.8233e-03
8410.8105 1.0213e-02
8413.3340 2.9225e-03
8415.8584 3.5598e-03
8418.3818 4.4156e-03
8420.9082 4.6121e-03
8423.4346 4.9236e-03
8425.9609 8.7453e-04
8428.4893 2.3144e-03
8431.0186 5.3115e-04
8433.5479 8.1857e-03
8436.0771 1.0047e-02
8438.6074 4.1670e-03
8441.1396 4.9509e-03
8443.6729 8.6418e-03
8446.2051 1.0033e-02
8448.7383 1.3327e-02
8451.2734 5.7169e-03
8453.8086 8.6927e-04
8456.3457 1.7084e-03
8458.8828 6.1381e-03
8461.4199 5.6199e-03
8463.9580 8.3723e-03
8466.4971 9.2087e-03
8469.0371 2.7660e-03
8471.5781 1.0930e-02
8474.1191 3.7279e-03
8476.6621 3.7508e-03
8479.2051 7.2806e-03
8481.7480 4.2664e-03
8484.2930 5.7450e-03
8486.8379 6.0704e-03
8489.3848 8.2648e-04
8491.9316 4.6993e-03
8494.4795 7.2265e-03
8497.0264 4.1960e-03
8499.5762 9.5757e-03
8502.1260 6.1107e-03
8504.6777 6.8456e-03
8507.2285 3.5416e-03
8509.7803 6.3389e-04
8512.3330 5.7717e-03
8514.8857 3.0223e-03
8517.4414 4.9049e-03
8519.9961 9.0789e-03
8522.5527 2.8408e-03
8525.1094 4.8816e-03
8527.6670 1.0267e-02
8530.2246 1.1986e-02
8532.7842 1.1225e-02
8535.3438 5.3563e-03
8537.9053 9.5572e-03
8540.4668 7.9101e-03
8543.0273 8.0925e-03
8545.5908 3.1731e-03
8548.1543 2.3981e-03
8550.7188 3.8239e-03
8553.2842 1.5873e-03
8555.8496 7.4484e-03
8558.4170 2.7005e-03
8560.9844 9.0919e-03
8563.5527 4.8341e-03
8566.1221 2.1153e-03
8568.6914 4.3237e-03
8571.2617 5.4499e-03
8573.8350 7.3685e-03
8576.4062 7.3117e-03
8578.9785 3.1848e-03
8581.5527 6.9777e-03
8584.1270 1.6426e-02
8586.7031 8.2140e-03
8589.2783 7.2029e-03
8591.8555 5.8295e-03
8594.4326 4.0224e-03
8597.0117 4.7207e-03
8599.5898 5.8585e-03
8602.1699 2.9399e-03
8604.7500 1.1113e-03
8607.3320 3.9786e-04
8609.9150 7.4210e-03
8612.4971 2.9444e-03
8615.0811 1.3266e-02
8617.6660 5.6391e-03
8620.2500 2.5783e-03
8622.8369 7.2696e-03
8625.4229 1.1136e-02
8628.0117 4.8335e-03
8630.6006 4.4401e-03
8633.1885 3.4117e-03
8635.7793 9.0451e-03
8638.3711 9.3406e-03
8640.9609 5.1030e-03
8643.5527 5.9908e-03
8646.1465 4.4959e-03
8648.7393 5.7469e-03
8651.3350 1.9755e-03
8653.9307 4.0185e-03
8656.5264 6.9088e-03
8659.1230 8.6196e-03
8661.7207 6.5164e-03
8664.3203 6.3671e-03
8666.9189 7.1440e-03
8669.5186 6.7411e-03
8672.1201 5.5158e-03
8674.7217 4.3209e-03
8677.3242 7.3202e-03
8679.9277 1.0406e-02
8682.5312 1.0771e-02
8685.1367 3.0004e-03
8687.7412 4.5277e-03
8690.3477 7.4143e-03
8692.9551 4.7110e-03
8695.5625 1.0280e-02
8698.1709 4.5884e-03
8700.7803 4.9950e-03
8703.3916 8.9435e-03
8706.0020 3.7778e-03
8708.6133 4.1082e-03
8711.2266 1.0118e-02
8713.8398 3.4477e-03
8716.4541 5.4439e-03
8719.0684 8.0170e-03
8721.6846 2.2985e-03
8724.3018 2.7588e-03
8726.9189 6.1226e-03
8729.5371 4.8538e-03
8732.1553 7.0791e-03
8734.7754 6.2646e-03
8737.3955 4.8903e-03
8740.0166 3.5158e-03
8742.6387 5.7081e-03
8745.2607 1.0606e-02
8747.8848 8.1352e-03
8750.5098 9.0524e-03
8753.1348 6.2484e-03
8755.7607 7.3647e-03
8758.3867 6.2775e-03
8761.0146 2.2991e-03
8763.6436 5.3904e-03
8766.2715 4.9864e-03
8768.9023 2.5521e-03
8771.5322 7.6788e-03
8774.1641 2.7587e-03
8776.7959 5.1892e-03
8779.4287 4.6624e-03
8782.0635 7.9204e-03
8784.6982 4.1720e-03
8787.3330 7.1231e-03
8789.9697 4.9126e-03
8792.6074 7.7182e-03
8795.2451 4.1079e-03
8797.8838 6.4928e-03
8800.5234 5.9522e-03
8803.1621 6.8893e-03
8805.8027 4.1185e-04
8808.4453 1.7895e-03
8811.0879 4.0381e-03
8813.7314 2.2656e-03
8816.3750 8.1026e-03
8819.0205 9.4072e-03
8821.6660 4.6296e-03
8824.3125 7.6884e-03
8826.9590 8.8371e-03
8829.6084 3.1799e-03
8832.2568 1.5907e-03
8834.9062 3.4639e-03
8837.5557 4.6585e-03
8840.2080 6.1842e-03
8842.8594 7.6241e-03
8845.5127 1.0619e-02
8848.1670 5.3256e-03
8850.8213 2.1989e-03
8853.4766 3.4168e-03
8856.1328 1.4965e-03
8858.7881 2.5793e-03
8861.4463 3.0146e-03
8864.1045 7.0509e-03
8866.7646 4.4389e-03
8869.4238 4.0452e-03
8872.0850 7.7988e-03
8874.7471 3.6458e-03
8877.4092 7.1144e-03
8880.0732 3.5636e-03
8882.7373 3.6721e-03
8885.4014 3.5220e-03
8888.0674 8.5411e-03
8890.7334 3.5269e-03
8893.4004 7.9304e-03
8896.0684 9.4700e-04
8898.7373 3.4805e-03
8901.4072 4.9014e-03
8904.0771 8.8263e-03
8906.7480 6.0701e-03
8909.4199 8.7388e-03
8912.0938 4.3392e-03
8914.7676 8.2792e-03
8917.4414 4.0915e-03
8920.1172 8.9836e-04
8922.7930 6.3464e-03
8925.4697 1.7078e-03
8928.1475 4.2186e-03
8930.8262 5.6931e-03
8933.5049 4.0226e-03
8936.1855 5.8226e-03
8938.8652 5.7616e-03
8941.5469 2.0085e-03
8944.2295 3.5044e-03
8946.9141 1.0722e-02
8949.5977 3.7883e-03
8952.2822 7.4154e-03
8954.9678 2.7778e-03
8957.6553 2.7384e-03
8960.3418 5.7413e-03
8963.0293 3.6215e-03
8965.7178 3.4597e-03
8968.4082 4.3675e-03
8971.0986 3.1929e-03
8973.7910 3.3940e-03
8976.4824 7.2141e-03
8979.1748 5.2010e-03
8981.8691 6.9607e-03
8984.5635 3.3099e-03
8987.2588 3.2420e-03
8989.9551 5.5263e-03
8992.6523 3.3716e-03
8995.3506 4.9879e-04
8998.0488 6.4777e-03
9000.7480 3.8876e-03
9003.4482 7.9031e-03
9006.1494 6.3130e-03
9008.8516 5.8316e-03
9011.5537 9.0975e-03
9014.2578 6.5554e-04
9016.9609 4.0474e-03
9019.6660 1.7943e-03
9022.3721 9.0850e-03
9025.0791 4.3559e-04
9027.7871 1.6820e-03
9030.4951 3.8871e-03
9033.2051 7.1818e-03
9035.9150 4.4884e-03
9038.6260 5.3039e-03
9041.3369 6.9981e-03
9044.0498 2.3798e-03
9046.7627 1.8768e-03
9049.4766 1.9667e-03
9052.1914 8.6701e-03
9054.9072 3.3404e-03
9057.6240 6.2861e-03
9060.3398 6.2900e-03
9063.0586 4.1179e-03
9065.7773 7.4467e-03
9068.4971 6.6965e-03
9071.2168 1.7168e-03
9073.9395 3.8717e-04
9076.6611 6.3841e-03
9079.3848 4.0142e-03
9082.1074 1.3394e-03
9084.8330 3.5843e-03
9087.5576 3.1500e-03
9090.2832 1.1816e-03
9093.0117 4.5389e-03
9095.7393 1.8293e-03
9098.4688 3.4797e-03
9101.1973 3.1543e-03
9103.9287 3.8876e-03
9106.6592 1.9503e-03
9109.3906 2.8337e-03
9112.1250 5.9490e-03
9114.8584 8.5991e-04
9117.5928 4.8366e-03
9120.3271 2.9093e-03
9123.0635 1.4306e-03
9125.8008 2.7188e-03
9128.5391 1.3200e-03
9131.2764 4.1856e-03
9134.0156 5.2064e-03
9136.7568 4.0785e-04
9139.4980 3.3478e-03
9142.2383 7.3367e-03
9144.9814 7.6462e-03
9147.7266 8.2357e-03
9150.4707 3.5773e-03
9153.2158 7.1149e-03
9155.9609 5.6630e-03
9158.7070 3.2695e-03
9161.4551 1.4485e-03
9164.2041 4.2982e-03
9166.9531 4.8563e-03
9169.7031 3.0169e-03
9172.4541 5.9265e-03
9175.2051 8.6256e-03
9177.9580 7.8220e-03
9180.7109 4.7516e-03
9183.4668 6.7421e-03
9186.2207 6.2583e-03
9188.9766 7.1346e-03
9191.7334 3.0416e-03
9194.4912 3.5071e-03
9197.2490 4.0719e-03
9200.0088 7.4573e-03
9202.7686 3.3597e-03
9205.5293 6.3856e-03
9208.2920 3.1145e-03
9211.0527 1.5946e-04
9213.8164 3.9204e-03
9216.5811 4.0008e-03
9219.3467 3.6910e-03
9222.1113 3.0095e-03
9224.8789 3.2297e-03
9227.6455 4.1119e-03
9230.4141 2.5253e-03
9233.1836 2.7898e-03
9235.9531 2.4147e-03
9238.7246 1.9904e-03
9241.4951 8.3661e-03
9244.2686 5.8094e-03
9247.0410 6.5348e-03
9249.8154 4.5329e-03
9252.5908 3.8662e-03
9255.3652 4.9269e-03
9258.1426 3.0345e-03
9260.9209 5.7116e-03
9263.6992 1.7748e-03
9266.4775 4.0882e-03
9269.2568 2.6647e-03
9272.0381 2.5085e-03
9274.8203 4.6821e-03
9277.6025 1.4974e-03
9280.3857 2.3680e-03
9283.1709 5.2978e-03
9285.9541 2.6935e-03
9288.7402 3.0328e-03
9291.5264 5.8857e-03
9294.3135 1.6914e-03
9297.1025 4.4620e-03
9299.8926 3.3503e-03
9302.6816 4.7087e-03
9305.4727 3.7506e-03
9308.2646 6.0123e-03
9311.0566 8.1764e-04
9313.8506 0.0000e+00
9316.6436 8.7028e-04
9319.4395 3.2556e-03
9322.2354 3.7583e-03
9325.0322 8.2626e-04
9327.8291 2.5739e-03
9330.6279 3.8199e-04
9333.4277 1.8199e-03
9336.2266 3.0925e-03
9339.0283 6.3964e-03
9341.8291 3.8237e-03
9344.6318 6.4346e-03
9347.4355 2.2330e-03
9350.2402 8.8015e-04
9353.0449 7.5215e-04
9355.8516 1.9268e-03
9358.6572 3.0152e-03
9361.4658 1.3206e-03
9364.2734 4.4235e-03
9367.0830 4.1513e-03
9369.8936 1.8434e-04
9372.7041 6.7948e-03
9375.5156 2.3576e-03
9378.3291 2.0301e-03
9381.1416 3.5442e-03
9383.9561 4.8485e-03
9386.7715 1.8594e-03
9389.5879 3.5104e-03
9392.4043 2.0630e-03
9395.2217 4.9513e-03
9398.0400 7.7701e-04
9400.8594 4.4744e-03
9403.6807 8.5417e-04
9406.5020 4.3021e-03
9409.3242 2.6847e-03
9412.1465 1.5497e-04
9414.9707 4.7094e-04
9417.7939 3.7553e-03
9420.6201 1.5703e-03
9423.4453 1.6613e-03
9426.2725 0.0000e+00
9429.1006 3.0957e-03
9431.9287 0.0000e+00
9434.7588 0.0000e+00
9437.5898 3.7634e-03
9440.4209 2.1245e-03
9443.2529 2.0162e-03
9446.0859 2.4474e-03
9448.9199 2.1243e-03
9451.7549 3.2765e-03
9454.5889 4.9527e-03
9457.4268 1.0625e-03
9460.2637 3.7530e-03
9463.1016 3.3895e-03
9465.9414 4.2635e-04
9468.7803 1.1798e-04
9471.6211 1.8096e-03
9474.4629 5.7155e-03
9477.3047 4.4703e-04
9480.1484 1.0974e-03
9482.9922 1.6328e-03
9485.8369 2.1314e-03
9488.6836 3.1550e-03
9491.5303 3.8086e-03
9494.3760 1.4598e-03
9497.2256 1.1563e-03
9500.0742 3.8942e-03
9502.9238 2.7889e-03
9505.7754 2.4857e-03
9508.6270 1.8150e-03
9511.4805 4.6700e-03
9514.3320 4.5648e-03
9517.1875 4.7469e-03
9520.0420 1.5807e-03
9522.8984 5.7714e-03
9525.7559 3.7223e-03
9528.6133 9.9227e-04
9531.4717 6.3053e-03
9534.3311 3.4712e-03
9537.1914 2.4027e-03
9540.0518 9.5984e-03
9542.9150 5.2337e-03
9545.7773 3.0237e-03
9548.6416 6.8346e-03
9551.5059 3.1614e-03
9554.3711 2.5800e-03
9557.2373 1.7125e-04
9560.1045 8.5513e-04
9562.9727 2.7153e-03
9565.8418 5.4847e-03
9568.7109 3.7058e-03
9571.5820 3.1063e-03
9574.4531 2.8411e-03
9577.3252 2.0070e-03
9580.1992 5.1447e-03
9583.0723 0.0000e+00
9585.9473 2.9227e-03
9588.8242 2.5326e-03
9591.7002 5.7697e-04
9594.5781 1.5503e-03
9597.4561 2.2609e-03
9600.3350 5.3962e-03
9603.2158 1.7500e-03
9606.0957 6.2752e-03
9608.9775 2.1425e-03
9611.8613 2.2187e-03
9614.7441 5.6155e-04
9617.6279 3.1419e-03
9620.5137 5.6740e-03
9623.4014 1.3382e-03
9626.2881 1.6664e-03
9629.1748 6.2012e-04
9632.0645 3.8399e-03
9634.9541 6.9258e-03
9637.8438 4.9862e-03
9640.7363 2.5469e-03
9643.6270 3.1325e-03
9646.5215 1.1152e-02
9649.4141 1.8604e-03
9652.3086 2.6605e-03
9655.2051 1.1134e-03
9658.1016 2.0086e-03
9660.9990 4.3751e-03
9663.8975 3.2644e-03
9666.7969 1.6908e-03
9669.6973 1.5940e-03
9672.5967 1.8909e-03
9675.5000 4.1093e-03
9678.4023 8.9053e-04
9681.3057 3.5304e-04
9684.2109 3.6456e-03
9687.1152 3.2378e-03
9690.0215 1.6485e-03
9692.9287 6.8763e-03
9695.8369 3.0761e-03
9698.7441 1.1902e-03
9701.6553 1.6080e-03
9704.5645 5.7902e-03
9707.4775 3.3920e-03
9710.3887 4.8449e-03
9713.3008 3.3501e-03
9716.2158 1.7875e-03
9719.1299 1.7262e-03
9722.0459 1.5452e-03
9724.9629 3.1577e-03
9727.8809 3.7791e-03
9730.7988 1.9011e-03
9733.7178 3.4208e-03
9736.6387 3.5203e-03
9739.5586 8.4094e-04
9742.4805 3.7404e-03
9745.4033 1.9746e-03
9748.3281 2.5364e-03
9751.2520 4.0564e-03
9754.1777 8.8073e-04
9757.1035 5.0529e-03
9760.0303 2.1086e-03
9762.9590 1.8495e-03
9765.8877 1.1070e-03
9768.8174 4.6267e-03
9771.7480 4.2080e-04
9774.6797 4.9746e-03
9777.6113 1.0182e-03
9780.5459 3.6730e-03
9783.4795 2.1994e-03
9786.4141 1.3821e-03
9789.3496 7.8011e-03
9792.2871 9.3334e-04
9795.2256 2.6004e-03
9798.1641 7.0779e-03
9801.1035 2.0518e-03
9804.0430 1.7561e-03
9806.9844 4.7559e-03
9809.9268 7.6984e-03
9812.8691 5.4210e-03
9815.8125 5.0459e-03
9818.7578 2.5015e-03
9821.7041 5.0502e-04
9824.6494 3.5523e-03
9827.5967 3.6822e-03
9830.5469 1.2619e-03
9833.4951 1.8844e-03
9836.4453 4.1131e-04
9839.3965 1.0592e-02
9842.3486 7.1692e-04
9845.2998 3.0740e-03
9848.2549 1.6064e-03
9851.2080 4.7637e-03
9854.1641 3.5683e-03
9857.1201 8.3773e-04
9860.0771 3.6070e-03
9863.0361 4.7189e-04
9865.9941 8.2033e-04
9868.9541 2.2829e-03
9871.9150 3.6000e-03
9874.8760 2.3809e-03
9877.8389 4.4499e-03
9880.8018 2.4768e-03
9883.7666 4.3012e-03
9886.7324 5.1950e-03
9889.6982 0.0000e+00
9892.6641 4.7039e-03
9895.6338 3.0166e-03
9898.6016 3.5301e-03
9901.5713 3.3801e-03
9904.5420 2.7727e-03
9907.5127 1.0621e-03
9910.4854 4.6185e-03
9913.4590 2.7206e-04
9916.4326 5.1317e-03
9919.4072 5.1350e-03
9922.3828 5.3554e-04
9925.3584 2.7536e-04
9928.3379 3.4154e-03
9931.3164 5.3718e-03
9934.2949 3.2208e-04
9937.2754 9.1117e-04
9940.2568 3.7422e-03
9943.2383 7.1560e-03
9946.2207 7.2400e-03
9949.2061 1.0505e-03
9952.1904 2.5120e-03
9955.1758 1.8348e-03
9958.1631 0.0000e+00
9961.1494 2.5235e-03
9964.1387 1.6349e-03
9967.1279 5.0262e-04
9970.1182 2.7655e-03
9973.1084 1.6692e-03
9976.1006 0.0000e+00
9979.0928 9.4849e-04
9982.0859 2.4161e-03
9985.0820 1.3677e-03
9988.0771 0.0000e+00
9991.0732 1.0505e-04
9994.0713 9.7513e-04
9997.0693 2.5233e-03
10000.0684 7.7824e-04
10003.0674 1.5357e-03
10006.0684 3.4580e-03
10009.0713 1.7913e-03
10012.0742 4.0832e-03
10015.0771 3.1010e-03
10018.0820 1.9872e-03
10021.0879 3.5880e-04
10024.0938 4.7964e-03
10027.1006 3.8947e-04
10030.1084 5.2866e-04
10033.1172 3.7069e-03
10036.1270 1.3197e-03
10039.1387 2.4545e-03
10042.1504 2.4557e-03
10045.1631 2.6560e-03
10048.1768 2.0357e-03
10051.1924 5.2982e-03
10054.2061 2.1046e-03
10057.2227 1.9726e-03
10060.2402 1.0479e-03
10063.2578 7.0043e-04
10066.2773 3.0625e-03
10069.2969 2.9085e-03
10072.3174 2.5382e-03
10075.3379 1.4097e-03
10078.3623 3.2550e-03
10081.3848 6.9068e-04
10084.4102 4.7031e-04
10087.4346 1.3091e-03
10090.4619 2.2347e-03
10093.4883 3.5496e-03
10096.5166 5.5700e-04
10099.5459 3.0089e-03
10102.5742 3.5438e-03
10105.6055 1.7153e-03
10108.6367 4.7494e-03
10111.6709 3.8810e-03
10114.7041 0.0000e+00
10117.7383 2.0475e-03
10120.7734 2.0443e-03
10123.8105 2.4119e-03
10126.8477 2.7457e-04
10129.8857 4.7119e-04
10132.9248 2.8237e-03
10135.9648 6.0746e-03
10139.0049 2.2225e-03
10142.0479 2.4309e-03
10145.0879 4.9840e-03
10148.1318 2.9245e-03
10151.1768 1.0458e-03
10154.2227 3.0389e-03
10157.2686 2.7106e-03
10160.3154 5.4146e-03
10163.3643 1.7632e-03
10166.4121 1.8840e-03
10169.4629 1.7886e-03
10172.5137 3.9016e-03
10175.5654 6.8912e-04
10178.6191 4.8288e-04
10181.6719 2.7853e-03
10184.7256 2.4986e-03
10187.7822 1.9038e-03
10190.8379 9.5191e-04
10193.8945 2.6263e-03
10196.9541 4.7462e-03
10200.0127 1.4142e-03
10203.0723 3.0181e-03
10206.1328 7.1220e-03
10209.1953 6.5719e-04
10212.2578 4.9024e-03
10215.3223 4.6567e-03
10218.3867 0.0000e+00
10221.4521 2.1768e-04
10224.5186 1.3057e-03
10227.5850 4.7341e-03
10230.6543 2.3672e-03
10233.7246 2.9415e-03
10236.7930 1.5815e-03
10239.8643 2.9577e-03
10242.9355 3.0923e-03
10246.0098 2.6570e-03
10249.0830 2.7479e-03
10252.1572 2.2458e-03
10255.2334 2.0388e-03
10258.3096 6.6852e-03
10261.3877 5.4417e-03
10264.4648 2.4489e-03
10267.5449 2.6160e-04
10270.6250 3.0941e-04
