# time_explosion = 7.75
# 
3082.8928 8.4630e-02
3083.8179 1.1757e-01
3084.7432 8.7904e-02
3085.6685 8.9331e-02
3086.5940 1.0943e-01
3087.5200 1.1640e-01
3088.4463 9.5100e-02
3089.3728 1.0897e-01
3090.2996 9.7961e-02
3091.2268 1.0207e-01
3092.1541 1.2715e-01
3093.0815 1.0593e-01
3094.0098 9.7777e-02
3094.9380 1.2902e-01
3095.8665 1.1376e-01
3096.7952 9.9240e-02
3097.7241 1.0167e-01
3098.6536 8.9196e-02
3099.5828 1.0975e-01
3100.5129 1.0333e-01
3101.4431 9.7187e-02
3102.3735 8.8543e-02
3103.3042 1.1902e-01
3104.2354 1.2369e-01
3105.1665 1.1845e-01
3106.0981 9.9867e-02
3107.0300 9.0886e-02
3107.9619 1.0218e-01
3108.8943 1.0931e-01
3109.8269 1.2093e-01
3110.7600 7.3165e-02
3111.6929 1.0811e-01
3112.6265 8.0074e-02
3113.5605 1.0052e-01
3114.4944 7.9653e-02
3115.4290 9.6054e-02
3116.3635 9.8290e-02
3117.2986 9.8879e-02
3118.2336 1.0218e-01
3119.1689 8.3664e-02
3120.1047 9.9795e-02
3121.0410 7.2686e-02
3121.9773 8.3000e-02
3122.9136 9.7279e-02
3123.8508 9.3778e-02
3124.7878 1.0896e-01
3125.7251 1.0027e-01
3126.6628 1.0196e-01
3127.6008 7.3206e-02
3128.5393 1.0973e-01
3129.4778 9.7687e-02
3130.4170 9.7712e-02
3131.3557 8.1572e-02
3132.2954 9.3241e-02
3133.2349 6.0333e-02
3134.1748 1.0838e-01
3135.1150 1.0835e-01
3136.0559 1.1683e-01
3136.9968 6.6952e-02
3137.9377 1.1953e-01
3138.8789 8.5574e-02
3139.8206 7.0194e-02
3140.7625 8.9815e-02
3141.7046 9.8197e-02
3142.6472 1.0494e-01
3143.5901 7.6413e-02
3144.5334 7.7232e-02
3145.4766 6.9134e-02
3146.4202 7.7195e-02
3147.3643 1.0971e-01
3148.3086 8.6385e-02
3149.2529 1.0755e-01
3150.1975 9.5602e-02
3151.1426 8.3206e-02
3152.0881 8.3148e-02
3153.0337 8.7069e-02
3153.9795 8.4352e-02
3154.9255 8.5779e-02
3155.8723 8.3186e-02
3156.8188 7.7031e-02
3157.7661 8.7806e-02
3158.7134 9.0507e-02
3159.6609 7.8960e-02
3160.6086 8.1704e-02
3161.5571 7.2296e-02
3162.5054 7.9813e-02
3163.4541 7.3259e-02
3164.4031 5.9481e-02
3165.3528 6.8574e-02
3166.3022 9.6538e-02
3167.2522 8.9824e-02
3168.2024 7.1206e-02
3169.1526 7.9195e-02
3170.1035 5.7771e-02
3171.0544 7.9193e-02
3172.0061 6.9066e-02
3172.9573 7.9439e-02
3173.9092 6.5700e-02
3174.8613 5.8232e-02
3175.8140 6.7787e-02
3176.7668 8.2322e-02
3177.7197 8.5031e-02
3178.6729 6.1404e-02
3179.6267 6.5919e-02
3180.5808 6.3035e-02
3181.5347 8.2206e-02
3182.4893 7.0860e-02
3183.4438 5.6811e-02
3184.3987 6.7704e-02
3185.3542 7.0490e-02
3186.3101 7.3219e-02
3187.2659 6.6354e-02
3188.2217 6.0731e-02
3189.1785 8.7405e-02
3190.1350 7.4170e-02
3191.0920 4.4182e-02
3192.0493 7.3569e-02
3193.0071 7.0147e-02
3193.9651 6.5476e-02
3194.9233 7.2552e-02
3195.8818 8.7466e-02
3196.8408 7.0137e-02
3197.7996 6.0965e-02
3198.7590 7.4095e-02
3199.7185 7.1209e-02
3200.6782 9.4623e-02
3201.6387 7.5159e-02
3202.5991 6.3777e-02
3203.5598 6.3762e-02
3204.5208 7.4896e-02
3205.4824 8.4684e-02
3206.4441 6.6482e-02
3207.4058 6.1145e-02
3208.3682 6.4866e-02
3209.3306 1.0067e-01
3210.2935 6.2097e-02
3211.2563 7.2799e-02
3212.2200 1.0555e-01
3213.1833 9.4916e-02
3214.1472 7.1970e-02
3215.1118 8.0495e-02
3216.0764 5.8180e-02
3217.0413 9.3667e-02
3218.0061 9.3957e-02
3218.9714 7.4259e-02
3219.9373 8.0751e-02
3220.9031 6.9544e-02
3221.8699 1.0934e-01
3222.8362 1.1168e-01
3223.8030 1.1116e-01
3224.7700 9.6772e-02
3225.7375 1.0323e-01
3226.7053 8.2393e-02
3227.6731 1.0834e-01
3228.6416 9.0924e-02
3229.6101 8.4292e-02
3230.5791 8.6042e-02
3231.5483 1.1607e-01
3232.5178 1.1427e-01
3233.4875 9.8636e-02
3234.4575 9.3250e-02
3235.4280 8.6684e-02
3236.3984 8.7366e-02
3237.3691 9.6092e-02
3238.3403 8.4481e-02
3239.3120 8.3325e-02
3240.2839 1.1613e-01
3241.2559 1.0445e-01
3242.2285 6.5972e-02
3243.2012 7.2662e-02
3244.1743 8.4077e-02
3245.1472 9.4168e-02
3246.1208 6.6852e-02
3247.0947 9.6056e-02
3248.0688 7.3816e-02
3249.0432 8.8912e-02
3250.0178 9.6715e-02
3250.9929 8.6531e-02
3251.9680 1.0126e-01
3252.9438 7.6613e-02
3253.9194 8.5240e-02
3254.8958 8.3361e-02
3255.8723 8.8231e-02
3256.8489 7.4730e-02
3257.8262 8.7950e-02
3258.8035 6.2548e-02
3259.7810 7.8527e-02
3260.7593 8.1081e-02
3261.7373 7.4837e-02
3262.7158 6.6035e-02
3263.6946 7.3968e-02
3264.6736 6.6758e-02
3265.6531 1.0321e-01
3266.6331 9.9957e-02
3267.6130 7.2958e-02
3268.5930 7.0242e-02
3269.5735 8.8766e-02
3270.5544 5.6800e-02
3271.5356 7.7919e-02
3272.5171 7.1325e-02
3273.4990 8.4625e-02
3274.4812 5.7658e-02
3275.4634 4.2183e-02
3276.4458 5.9246e-02
3277.4287 8.9218e-02
3278.4124 6.4484e-02
3279.3958 9.9080e-02
3280.3794 6.5077e-02
3281.3635 8.3863e-02
3282.3479 6.0974e-02
3283.3325 6.3417e-02
3284.3179 5.2280e-02
3285.3030 7.4071e-02
3286.2888 5.1668e-02
3287.2744 5.4573e-02
3288.2605 7.0248e-02
3289.2471 6.5933e-02
3290.2339 5.7907e-02
3291.2212 5.5008e-02
3292.2083 4.6641e-02
3293.1958 5.1162e-02
3294.1838 7.6606e-02
3295.1724 6.6539e-02
3296.1609 6.5434e-02
3297.1497 5.8884e-02
3298.1387 6.1148e-02
3299.1282 8.0822e-02
3300.1177 8.0499e-02
3301.1079 4.8993e-02
3302.0984 8.9584e-02
3303.0889 5.6760e-02
3304.0798 7.9439e-02
3305.0713 5.1661e-02
3306.0627 8.0373e-02
3307.0544 8.2315e-02
3308.0466 9.5860e-02
3309.0391 9.4938e-02
3310.0317 7.5729e-02
3311.0247 6.4819e-02
3312.0178 6.8861e-02
3313.0117 6.4428e-02
3314.0054 6.2248e-02
3315.0000 7.7670e-02
3315.9941 7.5401e-02
3316.9890 9.3180e-02
3317.9839 7.4222e-02
3318.9795 6.4337e-02
3319.9751 8.7870e-02
3320.9712 6.8242e-02
3321.9678 8.5435e-02
3322.9639 5.7023e-02
3323.9607 6.7243e-02
3324.9580 8.8780e-02
3325.9558 6.2979e-02
3326.9536 8.7902e-02
3327.9514 8.1721e-02
3328.9497 9.0931e-02
3329.9482 9.1793e-02
3330.9475 9.7296e-02
3331.9468 9.8313e-02
3332.9463 1.1572e-01
3333.9463 9.9827e-02
3334.9463 1.0453e-01
3335.9473 1.5269e-01
3336.9478 1.1506e-01
3337.9487 1.3869e-01
3338.9502 1.1873e-01
3339.9517 1.0255e-01
3340.9536 9.6934e-02
3341.9561 1.0372e-01
3342.9587 1.4254e-01
3343.9614 1.1207e-01
3344.9651 1.1851e-01
3345.9685 1.0791e-01
3346.9722 8.7081e-02
3347.9763 1.3475e-01
3348.9805 1.2367e-01
3349.9854 1.4001e-01
3350.9902 1.4003e-01
3351.9956 1.2457e-01
3353.0010 1.4428e-01
3354.0073 1.4018e-01
3355.0129 1.5448e-01
3356.0198 1.2427e-01
3357.0264 1.6480e-01
3358.0334 1.4701e-01
3359.0410 1.3773e-01
3360.0488 1.2621e-01
3361.0569 1.1752e-01
3362.0654 1.7803e-01
3363.0740 1.6716e-01
3364.0828 1.5256e-01
3365.0918 1.3081e-01
3366.1013 1.3909e-01
3367.1113 1.5532e-01
3368.1213 1.5433e-01
3369.1318 1.3583e-01
3370.1426 1.0311e-01
3371.1536 1.2885e-01
3372.1650 1.5633e-01
3373.1768 1.3938e-01
3374.1885 1.5193e-01
3375.2004 1.4538e-01
3376.2134 1.2657e-01
3377.2261 1.6190e-01
3378.2395 1.5266e-01
3379.2529 1.4010e-01
3380.2664 1.3049e-01
3381.2805 1.4085e-01
3382.2952 1.7356e-01
3383.3098 1.4291e-01
3384.3250 1.6008e-01
3385.3401 1.5640e-01
3386.3557 1.6264e-01
3387.3716 1.6237e-01
3388.3879 1.5427e-01
3389.4045 1.6145e-01
3390.4211 1.5457e-01
3391.4385 1.4837e-01
3392.4558 1.7967e-01
3393.4736 1.7993e-01
3394.4915 1.9637e-01
3395.5100 1.7115e-01
3396.5286 2.0199e-01
3397.5474 1.7064e-01
3398.5667 1.7848e-01
3399.5862 1.6077e-01
3400.6062 1.4820e-01
3401.6262 1.6880e-01
3402.6467 1.7659e-01
3403.6677 1.3631e-01
3404.6887 1.7794e-01
3405.7100 1.5658e-01
3406.7319 1.8827e-01
3407.7539 1.2960e-01
3408.7764 1.8363e-01
3409.7988 1.5605e-01
3410.8218 1.4361e-01
3411.8450 1.6636e-01
3412.8687 1.8098e-01
3413.8923 1.6969e-01
3414.9167 1.6625e-01
3415.9412 1.6520e-01
3416.9658 1.4372e-01
3417.9907 1.7649e-01
3419.0164 1.5691e-01
3420.0420 1.8050e-01
3421.0681 1.6074e-01
3422.0945 1.4555e-01
3423.1208 1.9664e-01
3424.1479 1.6856e-01
3425.1753 1.3421e-01
3426.2029 1.7424e-01
3427.2307 1.6827e-01
3428.2588 1.6568e-01
3429.2871 1.4531e-01
3430.3159 1.3825e-01
3431.3452 1.7325e-01
3432.3748 1.4850e-01
3433.4041 1.3895e-01
3434.4346 1.5271e-01
3435.4646 1.6650e-01
3436.4954 1.3706e-01
3437.5261 1.4058e-01
3438.5579 1.5065e-01
3439.5894 1.3937e-01
3440.6208 1.7476e-01
3441.6531 1.5892e-01
3442.6855 1.5717e-01
3443.7183 1.7791e-01
3444.7515 1.5470e-01
3445.7852 1.6057e-01
3446.8186 1.7392e-01
3447.8525 1.4352e-01
3448.8872 1.8121e-01
3449.9216 1.6838e-01
3450.9568 1.4472e-01
3451.9919 1.4361e-01
3453.0276 1.5197e-01
3454.0637 1.3587e-01
3455.0999 1.7369e-01
3456.1362 1.6272e-01
3457.1731 1.3033e-01
3458.2102 1.6808e-01
3459.2476 1.6220e-01
3460.2856 1.7968e-01
3461.3235 1.6155e-01
3462.3621 1.6100e-01
3463.4004 2.0550e-01
3464.4399 1.6330e-01
3465.4790 1.8214e-01
3466.5188 2.1602e-01
3467.5586 2.0285e-01
3468.5989 1.8890e-01
3469.6394 1.9620e-01
3470.6804 2.0865e-01
3471.7217 1.8269e-01
3472.7629 1.7850e-01
3473.8049 2.0702e-01
3474.8469 2.2295e-01
3475.8894 1.7802e-01
3476.9321 2.2236e-01
3477.9751 1.9282e-01
3479.0188 1.4997e-01
3480.0625 1.9141e-01
3481.1064 1.5324e-01
3482.1509 1.9061e-01
3483.1956 1.5236e-01
3484.2407 1.9442e-01
3485.2856 1.8202e-01
3486.3313 1.7602e-01
3487.3772 2.0226e-01
3488.4233 2.0833e-01
3489.4697 2.1454e-01
3490.5168 1.8416e-01
3491.5640 1.8030e-01
3492.6116 2.0013e-01
3493.6592 1.7074e-01
3494.7073 2.2025e-01
3495.7556 2.2111e-01
3496.8044 2.1833e-01
3497.8535 2.0706e-01
3498.9026 1.8510e-01
3499.9526 2.1203e-01
3501.0024 2.0891e-01
3502.0527 1.7545e-01
3503.1033 2.1708e-01
3504.1543 1.7340e-01
3505.2058 2.3198e-01
3506.2571 1.7278e-01
3507.3088 2.0472e-01
3508.3613 2.0517e-01
3509.4136 1.9295e-01
3510.4663 2.1487e-01
3511.5193 1.6189e-01
3512.5730 2.3333e-01
3513.6270 1.7281e-01
3514.6809 2.0515e-01
3515.7351 1.8132e-01
3516.7898 1.9540e-01
3517.8452 1.9844e-01
3518.9004 2.3062e-01
3519.9561 1.7244e-01
3521.0122 1.8504e-01
3522.0686 2.2084e-01
3523.1250 2.0267e-01
3524.1821 1.6162e-01
3525.2390 1.9997e-01
3526.2969 1.9556e-01
3527.3547 1.8116e-01
3528.4126 1.4909e-01
3529.4714 1.9119e-01
3530.5303 1.7337e-01
3531.5894 2.0132e-01
3532.6487 1.9770e-01
3533.7090 1.9355e-01
3534.7688 2.0574e-01
3535.8293 1.6350e-01
3536.8901 1.6063e-01
3537.9512 1.8071e-01
3539.0122 1.5636e-01
3540.0740 1.9743e-01
3541.1360 1.8457e-01
3542.1987 1.7027e-01
3543.2612 1.7100e-01
3544.3245 1.3914e-01
3545.3875 1.8630e-01
3546.4509 1.7137e-01
3547.5154 1.8835e-01
3548.5793 1.7284e-01
3549.6438 2.0817e-01
3550.7087 1.8275e-01
3551.7739 1.8644e-01
3552.8396 1.4985e-01
3553.9053 1.5914e-01
3554.9714 1.8549e-01
3556.0378 1.7443e-01
3557.1050 1.3804e-01
3558.1716 1.5898e-01
3559.2395 1.3808e-01
3560.3071 2.1082e-01
3561.3752 1.8241e-01
3562.4436 1.7885e-01
3563.5125 1.3981e-01
3564.5813 1.7044e-01
3565.6506 1.6572e-01
3566.7205 1.5309e-01
3567.7905 1.5761e-01
3568.8611 1.4780e-01
3569.9316 1.6954e-01
3571.0027 1.8410e-01
3572.0737 1.3028e-01
3573.1455 1.7468e-01
3574.2175 1.5912e-01
3575.2896 1.3332e-01
3576.3625 1.5904e-01
3577.4351 1.9649e-01
3578.5083 1.6356e-01
3579.5820 1.5856e-01
3580.6560 1.5032e-01
3581.7300 1.3573e-01
3582.8047 1.5230e-01
3583.8792 1.6070e-01
3584.9546 1.3096e-01
3586.0298 1.6794e-01
3587.1060 1.6138e-01
3588.1821 1.2572e-01
3589.2583 1.3302e-01
3590.3352 1.3083e-01
3591.4124 1.6716e-01
3592.4897 1.5008e-01
3593.5671 1.5326e-01
3594.6455 1.1380e-01
3595.7241 1.1654e-01
3596.8025 1.3596e-01
3597.8818 1.2805e-01
3598.9609 1.2698e-01
3600.0405 1.3454e-01
3601.1204 1.1442e-01
3602.2009 1.1696e-01
3603.2817 1.4699e-01
3604.3625 9.6465e-02
3605.4441 1.5225e-01
3606.5256 1.1038e-01
3607.6074 1.1642e-01
3608.6899 1.1199e-01
3609.7725 1.2301e-01
3610.8552 1.1278e-01
3611.9385 1.4950e-01
3613.0222 1.1051e-01
3614.1062 1.0626e-01
3615.1904 1.2569e-01
3616.2749 1.3246e-01
3617.3599 9.3105e-02
3618.4451 1.1853e-01
3619.5303 1.3463e-01
3620.6165 1.3791e-01
3621.7024 1.3176e-01
3622.7891 1.1922e-01
3623.8760 1.0579e-01
3624.9631 1.1532e-01
3626.0508 1.6183e-01
3627.1382 9.8044e-02
3628.2266 1.3356e-01
3629.3152 1.3321e-01
3630.4038 1.1232e-01
3631.4927 1.7635e-01
3632.5825 1.1211e-01
3633.6721 1.4191e-01
3634.7622 1.5050e-01
3635.8528 1.2316e-01
3636.9434 9.6959e-02
3638.0347 1.1512e-01
3639.1257 1.4682e-01
3640.2178 1.5486e-01
3641.3098 1.7305e-01
3642.4021 1.4700e-01
3643.4946 1.4589e-01
3644.5881 1.0947e-01
3645.6814 1.3641e-01
3646.7751 1.4684e-01
3647.8691 1.5366e-01
3648.9634 7.9833e-02
3650.0581 1.0463e-01
3651.1533 1.0182e-01
3652.2480 1.2073e-01
3653.3442 1.3933e-01
3654.4402 1.0797e-01
3655.5364 1.2863e-01
3656.6333 1.0999e-01
3657.7300 1.2849e-01
3658.8274 1.3718e-01
3659.9250 9.7303e-02
3661.0232 1.3470e-01
3662.1213 9.8434e-02
3663.2202 1.0531e-01
3664.3188 9.0620e-02
3665.4182 8.2897e-02
3666.5181 1.1057e-01
3667.6179 1.1760e-01
3668.7183 8.1892e-02
3669.8186 1.1457e-01
3670.9197 1.1010e-01
3672.0210 1.1155e-01
3673.1226 8.8065e-02
3674.2241 9.2551e-02
3675.3269 9.7817e-02
3676.4294 1.1053e-01
3677.5325 9.2313e-02
3678.6355 1.3462e-01
3679.7390 1.0435e-01
3680.8430 8.0234e-02
3681.9473 8.1763e-02
3683.0518 9.3711e-02
3684.1570 1.2989e-01
3685.2620 1.1341e-01
3686.3677 1.2698e-01
3687.4739 1.3592e-01
3688.5796 1.1293e-01
3689.6865 8.6397e-02
3690.7932 1.4032e-01
3691.9006 7.7481e-02
3693.0081 9.8472e-02
3694.1160 1.3839e-01
3695.2241 1.3599e-01
3696.3328 1.2638e-01
3697.4417 1.1393e-01
3698.5508 9.9512e-02
3699.6606 1.1496e-01
3700.7703 1.2060e-01
3701.8806 1.5589e-01
3702.9910 1.4125e-01
3704.1023 1.0563e-01
3705.2136 1.6280e-01
3706.3247 1.0582e-01
3707.4370 1.3571e-01
3708.5491 1.6644e-01
3709.6616 1.4547e-01
3710.7744 1.6400e-01
3711.8877 1.6636e-01
3713.0012 1.4846e-01
3714.1152 1.4532e-01
3715.2292 1.5010e-01
3716.3440 1.3558e-01
3717.4590 1.3675e-01
3718.5742 1.5469e-01
3719.6897 1.7400e-01
3720.8057 1.3239e-01
3721.9219 1.6172e-01
3723.0383 1.3924e-01
3724.1553 1.3250e-01
3725.2725 1.3410e-01
3726.3904 1.4476e-01
3727.5081 1.1900e-01
3728.6265 1.5756e-01
3729.7451 1.7938e-01
3730.8640 1.7093e-01
3731.9832 1.7353e-01
3733.1028 1.5402e-01
3734.2227 2.1724e-01
3735.3428 1.6274e-01
3736.4636 1.4783e-01
3737.5842 1.6509e-01
3738.7056 1.6093e-01
3739.8276 1.8380e-01
3740.9490 1.7994e-01
3742.0718 1.6973e-01
3743.1943 1.7286e-01
3744.3171 1.8272e-01
3745.4404 1.6470e-01
3746.5640 1.5950e-01
3747.6880 1.9076e-01
3748.8125 1.7005e-01
3749.9368 1.8547e-01
3751.0620 1.6414e-01
3752.1873 2.1026e-01
3753.3130 2.1601e-01
3754.4387 1.8218e-01
3755.5652 1.7718e-01
3756.6919 1.9762e-01
3757.8188 1.6756e-01
3758.9463 2.0291e-01
3760.0737 2.0259e-01
3761.2019 1.8468e-01
3762.3306 1.7831e-01
3763.4590 1.9979e-01
3764.5881 1.9335e-01
3765.7175 1.8069e-01
3766.8472 1.7125e-01
3767.9771 2.2693e-01
3769.1079 1.6703e-01
3770.2383 2.1060e-01
3771.3694 1.8832e-01
3772.5007 1.8701e-01
3773.6328 1.7157e-01
3774.7646 2.0578e-01
3775.8972 1.8484e-01
3777.0298 2.1790e-01
3778.1628 1.8069e-01
3779.2964 1.8940e-01
3780.4302 2.1239e-01
3781.5642 1.9130e-01
3782.6987 2.0661e-01
3783.8335 1.6366e-01
3784.9690 2.0342e-01
3786.1042 1.4978e-01
3787.2400 1.9514e-01
3788.3762 1.9179e-01
3789.5125 2.2117e-01
3790.6497 1.7072e-01
3791.7869 1.9592e-01
3792.9246 1.5549e-01
3794.0625 1.6852e-01
3795.2007 1.6581e-01
3796.3391 1.3961e-01
3797.4778 1.7197e-01
3798.6169 1.8119e-01
3799.7568 1.2897e-01
3800.8967 1.7984e-01
3802.0371 1.3705e-01
3803.1775 1.5014e-01
3804.3181 1.4539e-01
3805.4597 1.8472e-01
3806.6013 1.7320e-01
3807.7434 1.3897e-01
3808.8857 1.5470e-01
3810.0286 1.5906e-01
3811.1714 1.4379e-01
3812.3149 1.3944e-01
3813.4583 9.2683e-02
3814.6025 1.1712e-01
3815.7468 1.2917e-01
3816.8916 1.4068e-01
3818.0369 1.4130e-01
3819.1824 1.2789e-01
3820.3281 1.3744e-01
3821.4741 1.2384e-01
3822.6201 1.1998e-01
3823.7671 1.2949e-01
3824.9143 1.3565e-01
3826.0615 1.0062e-01
3827.2097 1.2694e-01
3828.3577 1.2525e-01
3829.5063 1.2728e-01
3830.6553 9.8136e-02
3831.8044 1.1838e-01
3832.9539 1.2553e-01
3834.1035 1.3921e-01
3835.2539 1.0861e-01
3836.4045 1.3455e-01
3837.5554 1.4895e-01
3838.7068 9.3839e-02
3839.8582 1.1274e-01
3841.0103 1.2758e-01
3842.1628 1.0040e-01
3843.3152 9.2527e-02
3844.4683 1.0399e-01
3845.6216 8.6761e-02
3846.7754 1.0705e-01
3847.9294 1.1724e-01
3849.0835 8.2981e-02
3850.2383 9.3613e-02
3851.3933 9.3033e-02
3852.5488 9.2572e-02
3853.7051 8.6361e-02
3854.8606 1.0398e-01
3856.0173 9.7086e-02
3857.1741 1.1722e-01
3858.3313 1.0526e-01
3859.4883 9.4058e-02
3860.6465 9.7854e-02
3861.8047 8.0797e-02
3862.9631 9.2333e-02
3864.1221 8.0025e-02
3865.2815 7.9553e-02
3866.4412 1.1131e-01
3867.6011 8.3874e-02
3868.7610 8.2914e-02
3869.9216 8.5232e-02
3871.0828 1.0906e-01
3872.2441 9.6117e-02
3873.4058 8.9585e-02
3874.5676 9.3626e-02
3875.7302 9.1179e-02
3876.8931 8.4612e-02
3878.0559 1.0021e-01
3879.2192 1.1113e-01
3880.3831 1.1102e-01
3881.5474 1.2260e-01
3882.7119 6.0838e-02
3883.8767 8.0084e-02
3885.0420 8.3308e-02
3886.2073 1.1883e-01
3887.3728 6.1165e-02
3888.5391 9.9016e-02
3889.7061 1.0000e-01
3890.8730 6.6522e-02
3892.0400 1.1717e-01
3893.2078 8.9020e-02
3894.3755 1.0813e-01
3895.5439 9.0079e-02
3896.7126 1.1437e-01
3897.8813 1.0792e-01
3899.0508 8.6890e-02
3900.2209 1.0820e-01
3901.3909 1.1424e-01
3902.5613 9.6156e-02
3903.7322 1.2350e-01
3904.9031 1.0588e-01
3906.0747 1.1396e-01
3907.2463 1.1770e-01
3908.4187 1.0595e-01
3909.5911 1.2072e-01
3910.7642 1.2865e-01
3911.9373 1.0425e-01
3913.1111 1.3688e-01
3914.2849 1.2866e-01
3915.4592 1.1505e-01
3916.6335 1.2385e-01
3917.8086 1.5159e-01
3918.9839 1.1648e-01
3920.1597 1.4624e-01
3921.3359 1.3679e-01
3922.5120 1.2526e-01
3923.6887 1.0020e-01
3924.8660 1.3013e-01
3926.0432 1.3635e-01
3927.2212 1.4323e-01
3928.3994 1.3270e-01
3929.5779 1.5469e-01
3930.7568 1.3744e-01
3931.9360 1.1888e-01
3933.1157 1.1406e-01
3934.2954 1.5566e-01
3935.4758 1.3003e-01
3936.6562 1.4223e-01
3937.8374 1.2538e-01
3939.0186 1.5087e-01
3940.2004 1.5268e-01
3941.3826 1.7756e-01
3942.5649 1.5967e-01
3943.7478 1.5774e-01
3944.9307 1.7232e-01
3946.1147 1.4672e-01
3947.2983 1.5434e-01
3948.4824 1.3478e-01
3949.6670 1.4919e-01
3950.8521 1.6792e-01
3952.0369 1.3503e-01
3953.2227 1.5019e-01
3954.4089 1.3866e-01
3955.5950 1.6517e-01
3956.7812 1.4839e-01
3957.9688 1.4123e-01
3959.1560 1.7777e-01
3960.3438 1.4086e-01
3961.5320 1.5453e-01
3962.7202 1.4003e-01
3963.9094 1.5148e-01
3965.0984 1.6140e-01
3966.2881 1.5684e-01
3967.4778 1.4589e-01
3968.6680 1.5360e-01
3969.8584 1.5917e-01
3971.0498 1.5454e-01
3972.2412 1.4727e-01
3973.4326 1.4004e-01
3974.6248 1.9460e-01
3975.8171 1.6072e-01
3977.0095 1.7265e-01
3978.2029 2.0405e-01
3979.3962 1.4570e-01
3980.5901 1.8236e-01
3981.7844 1.5785e-01
3982.9790 1.7489e-01
3984.1736 1.8001e-01
3985.3691 1.9230e-01
3986.5647 1.8348e-01
3987.7605 1.7735e-01
3988.9568 1.9064e-01
3990.1538 1.5080e-01
3991.3506 1.8214e-01
3992.5481 1.9684e-01
3993.7456 2.2003e-01
3994.9441 2.1762e-01
3996.1423 1.8955e-01
3997.3413 2.0870e-01
3998.5408 1.7931e-01
3999.7397 1.9307e-01
4000.9402 1.6194e-01
4002.1401 1.8451e-01
4003.3408 2.0432e-01
4004.5415 2.0116e-01
4005.7434 2.1767e-01
4006.9448 2.0347e-01
4008.1470 1.5826e-01
4009.3496 1.8364e-01
4010.5522 1.9316e-01
4011.7556 2.0147e-01
4012.9587 1.8078e-01
4014.1628 2.0264e-01
4015.3672 1.9401e-01
4016.5715 2.0354e-01
4017.7769 1.7054e-01
4018.9817 1.3970e-01
4020.1875 2.1270e-01
4021.3936 1.7730e-01
4022.6003 1.7489e-01
4023.8071 2.0772e-01
4025.0142 1.9059e-01
4026.2214 2.1664e-01
4027.4294 2.3613e-01
4028.6377 1.7636e-01
4029.8462 1.9596e-01
4031.0554 1.9438e-01
4032.2646 2.1815e-01
4033.4744 1.8714e-01
4034.6843 1.7078e-01
4035.8945 2.0914e-01
4037.1052 2.1935e-01
4038.3167 2.0706e-01
4039.5281 2.0026e-01
4040.7397 2.0276e-01
4041.9524 1.5625e-01
4043.1648 1.7872e-01
4044.3777 1.6236e-01
4045.5913 2.0476e-01
4046.8047 1.7011e-01
4048.0186 1.7454e-01
4049.2332 2.0326e-01
4050.4480 1.7659e-01
4051.6628 1.7024e-01
4052.8784 1.7117e-01
4054.0942 1.8034e-01
4055.3108 1.8768e-01
4056.5273 1.9211e-01
4057.7444 2.0241e-01
4058.9614 1.8485e-01
4060.1792 2.3007e-01
4061.3970 1.6913e-01
4062.6155 1.6240e-01
4063.8345 1.6067e-01
4065.0535 1.5610e-01
4066.2732 1.4200e-01
4067.4929 1.8094e-01
4068.7131 1.7323e-01
4069.9338 1.5489e-01
4071.1548 2.2293e-01
4072.3762 1.5912e-01
4073.5981 1.4943e-01
4074.8201 1.5349e-01
4076.0427 1.7687e-01
4077.2654 1.6836e-01
4078.4885 1.6261e-01
4079.7119 1.7572e-01
4080.9358 1.5968e-01
4082.1602 1.6745e-01
4083.3845 1.6405e-01
4084.6099 1.8470e-01
4085.8354 1.4649e-01
4087.0608 1.8185e-01
4088.2869 1.7967e-01
4089.5137 1.5135e-01
4090.7407 1.5512e-01
4091.9678 1.4130e-01
4093.1953 1.4389e-01
4094.4233 1.7818e-01
4095.6519 1.3127e-01
4096.8799 1.9194e-01
4098.1094 1.7532e-01
4099.3384 1.9959e-01
4100.5684 1.4853e-01
4101.7988 1.5993e-01
4103.0293 1.9974e-01
4104.2598 1.4846e-01
4105.4912 1.4564e-01
4106.7231 1.7193e-01
4107.9546 1.6821e-01
4109.1875 1.8293e-01
4110.4204 1.5336e-01
4111.6533 1.4342e-01
4112.8867 1.9288e-01
4114.1211 1.4002e-01
4115.3545 1.7652e-01
4116.5898 1.8985e-01
4117.8247 1.6676e-01
4119.0596 1.8414e-01
4120.2954 1.6408e-01
4121.5317 1.9411e-01
4122.7681 1.3668e-01
4124.0049 1.5755e-01
4125.2422 1.6120e-01
4126.4800 1.7565e-01
4127.7178 1.8148e-01
4128.9561 1.6263e-01
4130.1948 1.8323e-01
4131.4336 1.4718e-01
4132.6733 2.0231e-01
4133.9126 1.7745e-01
4135.1533 1.7027e-01
4136.3936 1.5872e-01
4137.6348 1.8290e-01
4138.8760 1.9304e-01
4140.1172 1.8631e-01
4141.3599 1.9854e-01
4142.6021 1.6317e-01
4143.8447 1.7951e-01
4145.0879 1.5459e-01
4146.3315 1.8396e-01
4147.5752 1.8293e-01
4148.8198 1.6695e-01
4150.0640 1.8252e-01
4151.3091 1.7334e-01
4152.5547 1.7766e-01
4153.8003 1.6041e-01
4155.0464 1.5726e-01
4156.2930 1.5069e-01
4157.5400 1.6733e-01
4158.7871 1.7192e-01
4160.0352 1.8242e-01
4161.2827 1.4540e-01
4162.5312 1.9733e-01
4163.7803 1.7192e-01
4165.0293 1.6811e-01
4166.2783 1.9001e-01
4167.5288 1.6634e-01
4168.7788 1.7922e-01
4170.0298 1.6207e-01
4171.2803 1.7645e-01
4172.5317 1.5633e-01
4173.7837 1.7495e-01
4175.0356 1.8305e-01
4176.2886 1.4830e-01
4177.5410 1.6051e-01
4178.7944 1.6010e-01
4180.0479 1.5541e-01
4181.3022 1.6866e-01
4182.5566 1.4634e-01
4183.8115 1.5303e-01
4185.0664 1.5165e-01
4186.3223 1.5841e-01
4187.5776 1.3178e-01
4188.8340 1.3776e-01
4190.0903 1.5930e-01
4191.3477 1.5392e-01
4192.6050 1.4185e-01
4193.8628 1.2922e-01
4195.1206 1.3829e-01
4196.3794 1.6102e-01
4197.6387 1.5656e-01
4198.8975 1.5658e-01
4200.1577 1.4358e-01
4201.4175 1.3213e-01
4202.6782 1.6488e-01
4203.9390 1.2686e-01
4205.2002 1.2102e-01
4206.4614 1.2883e-01
4207.7231 1.3435e-01
4208.9858 1.1762e-01
4210.2485 1.5252e-01
4211.5112 1.2233e-01
4212.7749 1.2613e-01
4214.0391 1.4499e-01
4215.3032 1.7034e-01
4216.5679 1.2729e-01
4217.8330 1.5162e-01
4219.0981 1.3334e-01
4220.3638 1.4603e-01
4221.6299 1.2038e-01
4222.8965 1.3258e-01
4224.1636 1.2888e-01
4225.4302 1.3285e-01
4226.6978 1.3084e-01
4227.9658 1.3470e-01
4229.2349 1.5239e-01
4230.5034 1.3901e-01
4231.7725 1.1650e-01
4233.0415 1.1600e-01
4234.3115 1.1822e-01
4235.5825 1.3742e-01
4236.8525 1.5283e-01
4238.1235 1.3161e-01
4239.3955 1.2436e-01
4240.6670 1.3511e-01
4241.9390 1.0301e-01
4243.2119 1.2161e-01
4244.4844 1.3372e-01
4245.7583 1.5089e-01
4247.0317 1.0703e-01
4248.3062 1.4094e-01
4249.5806 1.3830e-01
4250.8555 1.1817e-01
4252.1309 1.1661e-01
4253.4062 1.4356e-01
4254.6821 1.6095e-01
4255.9590 1.4363e-01
4257.2358 1.4021e-01
4258.5127 1.0164e-01
4259.7900 1.3080e-01
4261.0679 1.2140e-01
4262.3462 1.1513e-01
4263.6250 1.4018e-01
4264.9043 1.4389e-01
4266.1841 1.4712e-01
4267.4639 1.2684e-01
4268.7432 1.3570e-01
4270.0244 1.5867e-01
4271.3052 1.3537e-01
4272.5869 1.5262e-01
4273.8682 1.1815e-01
4275.1509 1.1874e-01
4276.4336 1.4513e-01
4277.7163 1.0603e-01
4278.9995 1.3399e-01
4280.2837 1.0520e-01
4281.5674 1.1614e-01
4282.8521 9.9766e-02
4284.1367 1.1685e-01
4285.4219 1.2672e-01
4286.7075 1.3340e-01
4287.9937 1.4604e-01
4289.2798 1.1807e-01
4290.5669 1.0750e-01
4291.8540 1.4163e-01
4293.1416 1.3778e-01
4294.4292 1.1338e-01
4295.7183 1.2158e-01
4297.0063 1.2052e-01
4298.2954 1.1932e-01
4299.5854 9.4499e-02
4300.8750 1.3034e-01
4302.1650 1.1438e-01
4303.4561 1.2419e-01
4304.7471 1.3312e-01
4306.0381 1.3942e-01
4307.3301 9.7254e-02
4308.6221 1.1790e-01
4309.9150 1.1147e-01
4311.2075 1.2899e-01
4312.5015 1.3281e-01
4313.7949 1.2570e-01
4315.0889 1.3979e-01
4316.3838 1.1245e-01
4317.6787 1.3114e-01
4318.9741 1.3347e-01
4320.2700 9.5068e-02
4321.5654 1.2018e-01
4322.8623 1.1787e-01
4324.1592 1.2313e-01
4325.4565 1.2403e-01
4326.7539 1.3759e-01
4328.0518 9.9144e-02
4329.3501 1.2836e-01
4330.6494 1.0592e-01
4331.9482 1.2148e-01
4333.2480 1.0308e-01
4334.5479 1.1763e-01
4335.8477 1.2130e-01
4337.1489 1.0438e-01
4338.4502 1.4628e-01
4339.7515 1.1466e-01
4341.0537 1.4088e-01
4342.3560 1.1867e-01
4343.6582 1.1069e-01
4344.9614 9.7257e-02
4346.2646 1.1787e-01
4347.5693 1.3288e-01
4348.8735 9.4734e-02
4350.1782 1.0751e-01
4351.4829 1.3980e-01
4352.7886 1.2883e-01
4354.0938 1.1150e-01
4355.4009 1.2193e-01
4356.7070 1.2218e-01
4358.0137 1.1109e-01
4359.3218 1.3656e-01
4360.6294 1.4174e-01
4361.9375 1.0753e-01
4363.2461 1.3862e-01
4364.5552 1.1818e-01
4365.8643 1.0911e-01
4367.1743 1.0672e-01
4368.4844 1.0154e-01
4369.7954 1.3147e-01
4371.1060 1.2769e-01
4372.4170 9.3283e-02
4373.7285 1.1390e-01
4375.0415 1.1529e-01
4376.3540 1.0739e-01
4377.6665 1.1870e-01
4378.9800 1.2194e-01
4380.2935 1.2365e-01
4381.6074 1.3377e-01
4382.9219 1.2829e-01
4384.2363 1.1554e-01
4385.5522 1.3469e-01
4386.8677 1.3266e-01
4388.1841 1.6482e-01
4389.5010 1.2189e-01
4390.8169 1.1076e-01
4392.1343 1.5572e-01
4393.4521 1.3827e-01
4394.7700 1.4149e-01
4396.0884 1.6101e-01
4397.4077 1.1921e-01
4398.7266 1.0578e-01
4400.0464 1.4221e-01
4401.3667 1.2190e-01
4402.6870 1.2305e-01
4404.0073 1.2052e-01
4405.3291 1.4945e-01
4406.6504 1.3039e-01
4407.9722 1.3491e-01
4409.2944 1.2086e-01
4410.6172 1.5267e-01
4411.9404 1.2917e-01
4413.2642 1.2554e-01
4414.5879 1.3523e-01
4415.9126 1.4786e-01
4417.2373 1.1663e-01
4418.5625 1.4555e-01
4419.8882 1.3722e-01
4421.2139 1.3462e-01
4422.5405 1.4879e-01
4423.8672 1.3479e-01
4425.1938 1.4582e-01
4426.5220 1.2644e-01
4427.8496 1.5263e-01
4429.1787 1.3224e-01
4430.5063 1.2997e-01
4431.8364 1.1216e-01
4433.1655 1.2878e-01
4434.4956 1.3550e-01
4435.8262 1.0913e-01
4437.1567 1.2405e-01
4438.4878 1.2750e-01
4439.8193 1.1681e-01
4441.1514 1.2511e-01
4442.4834 1.1680e-01
4443.8164 1.1129e-01
4445.1494 1.1169e-01
4446.4829 1.5371e-01
4447.8169 1.3803e-01
4449.1514 1.3950e-01
4450.4863 1.2613e-01
4451.8213 1.0337e-01
4453.1567 1.4768e-01
4454.4927 1.4162e-01
4455.8291 1.1097e-01
4457.1660 1.4604e-01
4458.5029 1.4730e-01
4459.8403 1.3753e-01
4461.1787 1.1481e-01
4462.5171 1.2407e-01
4463.8555 1.1264e-01
4465.1948 1.2173e-01
4466.5347 1.1108e-01
4467.8740 1.2096e-01
4469.2144 1.1706e-01
4470.5552 1.2939e-01
4471.8970 1.3739e-01
4473.2383 1.3229e-01
4474.5806 1.5027e-01
4475.9229 1.6147e-01
4477.2651 1.5279e-01
4478.6084 1.2393e-01
4479.9521 1.2315e-01
4481.2959 1.2144e-01
4482.6406 1.3653e-01
4483.9854 1.5185e-01
4485.3306 1.6773e-01
4486.6763 1.2955e-01
4488.0220 1.5123e-01
4489.3682 1.3418e-01
4490.7153 1.1076e-01
4492.0620 1.3198e-01
4493.4102 1.5616e-01
4494.7578 1.1066e-01
4496.1069 1.6310e-01
4497.4556 1.3593e-01
4498.8047 1.1708e-01
4500.1543 1.4349e-01
4501.5044 1.6571e-01
4502.8550 1.3109e-01
4504.2056 1.1857e-01
4505.5566 1.4068e-01
4506.9082 1.2905e-01
4508.2607 1.5508e-01
4509.6133 1.5247e-01
4510.9658 1.7311e-01
4512.3193 1.4450e-01
4513.6729 1.4130e-01
4515.0273 1.5147e-01
4516.3818 1.6690e-01
4517.7363 1.7757e-01
4519.0918 1.5037e-01
4520.4473 1.5731e-01
4521.8037 1.8034e-01
4523.1606 1.4911e-01
4524.5171 1.3642e-01
4525.8750 1.4108e-01
4527.2324 1.5922e-01
4528.5903 1.6624e-01
4529.9492 1.5073e-01
4531.3081 1.5184e-01
4532.6675 1.7343e-01
4534.0269 1.4554e-01
4535.3872 1.4495e-01
4536.7480 1.6697e-01
4538.1094 1.4387e-01
4539.4702 1.7416e-01
4540.8320 1.4766e-01
4542.1943 1.5156e-01
4543.5576 1.4492e-01
4544.9199 1.9209e-01
4546.2842 1.6941e-01
4547.6475 1.5348e-01
4549.0117 1.7460e-01
4550.3770 1.4700e-01
4551.7417 1.8322e-01
4553.1074 1.6071e-01
4554.4731 1.5484e-01
4555.8398 1.4804e-01
4557.2061 1.4301e-01
4558.5732 1.7457e-01
4559.9414 1.5442e-01
4561.3086 1.4207e-01
4562.6772 1.5006e-01
4564.0459 1.6512e-01
4565.4150 1.7704e-01
4566.7852 1.5810e-01
4568.1553 1.6975e-01
4569.5249 1.3357e-01
4570.8965 1.7799e-01
4572.2676 1.6111e-01
4573.6392 1.5606e-01
4575.0117 1.4809e-01
4576.3838 1.3581e-01
4577.7568 1.5249e-01
4579.1304 1.6533e-01
4580.5039 1.4430e-01
4581.8784 1.4929e-01
4583.2524 1.5220e-01
4584.6274 1.2428e-01
4586.0029 1.3181e-01
4587.3789 1.5204e-01
4588.7549 1.2123e-01
4590.1318 1.7133e-01
4591.5083 1.5625e-01
4592.8857 1.4767e-01
4594.2642 1.4824e-01
4595.6426 1.4853e-01
4597.0210 1.5736e-01
4598.3999 1.5781e-01
4599.7798 1.2188e-01
4601.1597 1.5785e-01
4602.5396 1.5009e-01
4603.9204 1.8611e-01
4605.3022 1.3820e-01
4606.6836 1.5481e-01
4608.0649 1.6874e-01
4609.4478 1.4899e-01
4610.8306 1.3464e-01
4612.2144 1.7337e-01
4613.5977 1.5700e-01
4614.9819 1.6906e-01
4616.3662 1.5514e-01
4617.7515 1.4762e-01
4619.1362 1.7862e-01
4620.5225 1.3468e-01
4621.9082 1.4265e-01
4623.2949 1.5985e-01
4624.6816 1.4224e-01
4626.0693 1.7847e-01
4627.4570 1.5288e-01
4628.8457 1.5524e-01
4630.2334 1.5247e-01
4631.6230 1.4190e-01
4633.0127 1.5558e-01
4634.4028 1.3028e-01
4635.7935 1.4001e-01
4637.1831 1.8305e-01
4638.5742 1.3622e-01
4639.9658 1.6317e-01
4641.3579 1.6516e-01
4642.7505 1.6043e-01
4644.1436 1.3890e-01
4645.5371 1.7863e-01
4646.9307 1.3683e-01
4648.3247 1.5259e-01
4649.7188 1.7468e-01
4651.1138 1.3851e-01
4652.5093 1.4471e-01
4653.9048 1.3551e-01
4655.3018 1.5988e-01
4656.6978 1.7480e-01
4658.0947 1.3997e-01
4659.4922 1.9029e-01
4660.8896 1.4831e-01
4662.2886 1.4526e-01
4663.6865 1.5041e-01
4665.0859 1.3958e-01
4666.4854 1.7719e-01
4667.8853 1.5187e-01
4669.2861 1.6166e-01
4670.6870 1.4402e-01
4672.0874 1.5932e-01
4673.4897 1.6086e-01
4674.8916 1.6249e-01
4676.2944 1.5918e-01
4677.6968 1.2842e-01
4679.1006 1.5502e-01
4680.5039 1.7925e-01
4681.9082 1.3948e-01
4683.3125 1.2503e-01
4684.7173 1.7600e-01
4686.1230 1.6426e-01
4687.5288 1.8148e-01
4688.9351 1.4127e-01
4690.3423 1.6644e-01
4691.7490 1.4290e-01
4693.1562 1.4481e-01
4694.5645 1.6995e-01
4695.9731 1.8119e-01
4697.3818 1.6356e-01
4698.7910 1.4878e-01
4700.2002 1.4342e-01
4701.6104 1.5738e-01
4703.0205 1.7410e-01
4704.4316 1.4764e-01
4705.8433 1.6438e-01
4707.2549 1.6786e-01
4708.6670 1.7333e-01
4710.0796 1.4929e-01
4711.4927 1.4518e-01
4712.9058 1.3999e-01
4714.3203 1.6210e-01
4715.7344 1.4030e-01
4717.1494 1.4518e-01
4718.5645 1.4436e-01
4719.9800 1.6234e-01
4721.3955 1.5967e-01
4722.8120 1.5452e-01
4724.2290 1.4347e-01
4725.6460 1.1977e-01
4727.0645 1.3481e-01
4728.4824 1.4888e-01
4729.9004 1.5375e-01
4731.3198 1.6203e-01
4732.7388 1.6057e-01
4734.1587 1.4651e-01
4735.5791 1.4419e-01
4737.0000 1.1648e-01
4738.4209 1.4797e-01
4739.8428 1.6822e-01
4741.2646 1.2172e-01
4742.6870 1.0995e-01
4744.1094 1.3464e-01
4745.5327 1.3000e-01
4746.9565 1.0278e-01
4748.3804 1.5530e-01
4749.8052 1.3433e-01
4751.2300 1.3052e-01
4752.6548 1.3193e-01
4754.0811 1.4435e-01
4755.5078 1.2529e-01
4756.9341 1.3762e-01
4758.3608 1.3522e-01
4759.7886 1.3082e-01
4761.2168 1.2834e-01
4762.6445 1.2742e-01
4764.0737 1.2773e-01
4765.5029 1.2714e-01
4766.9326 1.1950e-01
4768.3628 1.3988e-01
4769.7930 1.0803e-01
4771.2236 1.3733e-01
4772.6553 1.3601e-01
4774.0869 1.2195e-01
4775.5190 1.5490e-01
4776.9521 1.2428e-01
4778.3853 1.2593e-01
4779.8184 1.7156e-01
4781.2524 1.1433e-01
4782.6870 1.4196e-01
4784.1226 1.3446e-01
4785.5571 1.2486e-01
4786.9927 1.4044e-01
4788.4292 1.1294e-01
4789.8652 1.3258e-01
4791.3022 1.7748e-01
4792.7397 1.4430e-01
4794.1777 1.2975e-01
4795.6152 1.3748e-01
4797.0542 1.3561e-01
4798.4937 1.5778e-01
4799.9331 1.5031e-01
4801.3735 1.4806e-01
4802.8140 1.3255e-01
4804.2544 1.0725e-01
4805.6958 1.1993e-01
4807.1377 1.4293e-01
4808.5796 1.5372e-01
4810.0220 1.1898e-01
4811.4653 1.3373e-01
4812.9087 1.7528e-01
4814.3525 1.2501e-01
4815.7969 1.1464e-01
4817.2417 1.0365e-01
4818.6865 1.2564e-01
4820.1328 1.1528e-01
4821.5786 1.6058e-01
4823.0249 1.2469e-01
4824.4717 1.2884e-01
4825.9189 1.3498e-01
4827.3667 1.3860e-01
4828.8149 1.1579e-01
4830.2637 1.2065e-01
4831.7124 1.2281e-01
4833.1621 1.3301e-01
4834.6118 9.5207e-02
4836.0620 1.1824e-01
4837.5137 1.2906e-01
4838.9644 1.2950e-01
4840.4165 1.3297e-01
4841.8687 1.1450e-01
4843.3208 1.0842e-01
4844.7739 1.3162e-01
4846.2275 1.3422e-01
4847.6812 1.2614e-01
4849.1357 1.0551e-01
4850.5903 1.2438e-01
4852.0454 1.3959e-01
4853.5015 1.2762e-01
4854.9575 1.3007e-01
4856.4136 1.1654e-01
4857.8706 1.3581e-01
4859.3281 1.3817e-01
4860.7861 1.2377e-01
4862.2437 1.4185e-01
4863.7026 1.2526e-01
4865.1621 1.2664e-01
4866.6211 1.2854e-01
4868.0815 1.2710e-01
4869.5420 1.3270e-01
4871.0024 1.1825e-01
4872.4639 1.0913e-01
4873.9263 1.2505e-01
4875.3877 1.0911e-01
4876.8506 1.1933e-01
4878.3135 1.0953e-01
4879.7773 1.1758e-01
4881.2412 1.2190e-01
4882.7051 9.6618e-02
4884.1704 1.1526e-01
4885.6357 1.2371e-01
4887.1011 1.3101e-01
4888.5674 1.1510e-01
4890.0337 1.0334e-01
4891.5010 1.1655e-01
4892.9683 1.2088e-01
4894.4360 1.2913e-01
4895.9043 1.3548e-01
4897.3730 1.1157e-01
4898.8423 1.2114e-01
4900.3120 1.0757e-01
4901.7827 1.3055e-01
4903.2529 1.0171e-01
4904.7231 1.2172e-01
4906.1953 1.0669e-01
4907.6675 1.2731e-01
4909.1392 1.2789e-01
4910.6123 1.1935e-01
4912.0854 1.3694e-01
4913.5586 1.0723e-01
4915.0332 1.0349e-01
4916.5073 1.2595e-01
4917.9819 9.1089e-02
4919.4575 1.2361e-01
4920.9331 1.1338e-01
4922.4097 1.1420e-01
4923.8872 1.1798e-01
4925.3638 9.6950e-02
4926.8418 1.0173e-01
4928.3188 1.2045e-01
4929.7979 1.0601e-01
4931.2769 1.0797e-01
4932.7563 1.3238e-01
4934.2358 1.3342e-01
4935.7168 9.7210e-02
4937.1963 1.3294e-01
4938.6782 1.0646e-01
4940.1597 1.1502e-01
4941.6416 1.5618e-01
4943.1250 1.2890e-01
4944.6069 1.1326e-01
4946.0908 1.1172e-01
4947.5752 1.1579e-01
4949.0586 1.2419e-01
4950.5435 1.1855e-01
4952.0278 1.1159e-01
4953.5142 8.8255e-02
4955.0010 1.2467e-01
4956.4873 8.3736e-02
4957.9741 1.0368e-01
4959.4614 9.8807e-02
4960.9492 1.0660e-01
4962.4370 9.9492e-02
4963.9258 1.0371e-01
4965.4150 1.0472e-01
4966.9048 1.0679e-01
4968.3945 9.7789e-02
4969.8853 1.2015e-01
4971.3765 9.7560e-02
4972.8677 9.1777e-02
4974.3599 1.1040e-01
4975.8521 9.5091e-02
4977.3447 8.1311e-02
4978.8379 1.1409e-01
4980.3315 1.1449e-01
4981.8257 1.2068e-01
4983.3203 1.1600e-01
4984.8159 9.0714e-02
4986.3105 1.1448e-01
4987.8066 8.7793e-02
4989.3027 9.3146e-02
4990.7998 9.6104e-02
4992.2974 7.4685e-02
4993.7939 9.9287e-02
4995.2930 7.4864e-02
4996.7915 9.3198e-02
4998.2905 8.6439e-02
4999.7896 1.0332e-01
5001.2896 1.0283e-01
5002.7900 8.2901e-02
5004.2915 9.8868e-02
5005.7925 9.6344e-02
5007.2944 9.8778e-02
5008.7964 9.4671e-02
5010.2993 8.0158e-02
5011.8022 1.1790e-01
5013.3057 8.9664e-02
5014.8101 9.9080e-02
5016.3145 9.9084e-02
5017.8184 8.1426e-02
5019.3247 7.1854e-02
5020.8301 8.9871e-02
5022.3359 8.6375e-02
5023.8428 7.9743e-02
5025.3496 1.1169e-01
5026.8579 9.3403e-02
5028.3657 1.0484e-01
5029.8740 7.0447e-02
5031.3828 9.2366e-02
5032.8926 9.3412e-02
5034.4023 8.1161e-02
5035.9131 1.0123e-01
5037.4233 9.3180e-02
5038.9346 8.0952e-02
5040.4463 8.6929e-02
5041.9585 9.7420e-02
5043.4712 1.1525e-01
5044.9839 8.8916e-02
5046.4980 8.2645e-02
5048.0112 8.0067e-02
5049.5259 9.9171e-02
5051.0415 8.5806e-02
5052.5562 8.7654e-02
5054.0723 9.5392e-02
5055.5884 9.2755e-02
5057.1045 7.6091e-02
5058.6221 1.0304e-01
5060.1401 7.0401e-02
5061.6577 8.9652e-02
5063.1763 8.4984e-02
5064.6953 8.9464e-02
5066.2144 9.0338e-02
5067.7339 7.2518e-02
5069.2549 9.6868e-02
5070.7759 8.8211e-02
5072.2969 6.4838e-02
5073.8188 8.8713e-02
5075.3403 1.0922e-01
5076.8628 6.7334e-02
5078.3867 7.6397e-02
5079.9097 1.1048e-01
5081.4336 9.2821e-02
5082.9580 9.5852e-02
5084.4829 6.0566e-02
5086.0083 8.9369e-02
5087.5342 8.9417e-02
5089.0605 7.8480e-02
5090.5874 8.0388e-02
5092.1143 9.6924e-02
5093.6421 9.8450e-02
5095.1699 8.5008e-02
5096.6987 9.3249e-02
5098.2275 9.3396e-02
5099.7573 9.8947e-02
5101.2871 6.9341e-02
5102.8179 9.7213e-02
5104.3481 7.0822e-02
5105.8799 9.2035e-02
5107.4111 8.0738e-02
5108.9438 1.1316e-01
5110.4761 1.0426e-01
5112.0093 9.6544e-02
5113.5435 6.8662e-02
5115.0771 9.4723e-02
5116.6118 9.8416e-02
5118.1470 9.0245e-02
5119.6816 8.6938e-02
5121.2183 8.1959e-02
5122.7544 1.0428e-01
5124.2910 1.0473e-01
5125.8286 8.3372e-02
5127.3667 1.2077e-01
5128.9043 8.3673e-02
5130.4429 8.0778e-02
5131.9824 1.0863e-01
5133.5220 7.5059e-02
5135.0615 7.3172e-02
5136.6021 1.0082e-01
5138.1436 9.7566e-02
5139.6846 1.1622e-01
5141.2266 1.0153e-01
5142.7690 7.4683e-02
5144.3125 1.0452e-01
5145.8550 8.6555e-02
5147.3989 1.0289e-01
5148.9429 8.7785e-02
5150.4883 1.0599e-01
5152.0332 8.2373e-02
5153.5781 8.4544e-02
5155.1245 6.9561e-02
5156.6714 7.6022e-02
5158.2178 8.9550e-02
5159.7656 9.3188e-02
5161.3130 9.3403e-02
5162.8618 8.5106e-02
5164.4106 8.1590e-02
5165.9604 8.8072e-02
5167.5098 9.3750e-02
5169.0605 1.0108e-01
5170.6108 7.5541e-02
5172.1621 1.0531e-01
5173.7139 1.0234e-01
5175.2656 1.0123e-01
5176.8188 9.9536e-02
5178.3711 1.1355e-01
5179.9253 9.1910e-02
5181.4790 9.0729e-02
5183.0337 8.2485e-02
5184.5884 8.8061e-02
5186.1436 8.2681e-02
5187.6992 1.0253e-01
5189.2559 1.1076e-01
5190.8130 7.5086e-02
5192.3696 1.0582e-01
5193.9277 7.6689e-02
5195.4858 7.6045e-02
5197.0439 1.1281e-01
5198.6035 1.0186e-01
5200.1636 6.4448e-02
5201.7231 1.0465e-01
5203.2837 8.5962e-02
5204.8447 8.8131e-02
5206.4058 9.8426e-02
5207.9683 1.0024e-01
5209.5303 9.9173e-02
5211.0933 1.0042e-01
5212.6567 9.1921e-02
5214.2202 9.1809e-02
5215.7847 8.5999e-02
5217.3496 8.2279e-02
5218.9150 1.1020e-01
5220.4800 1.1022e-01
5222.0464 9.4524e-02
5223.6128 8.2550e-02
5225.1802 1.2092e-01
5226.7480 1.0650e-01
5228.3154 1.1301e-01
5229.8843 9.0489e-02
5231.4526 9.3812e-02
5233.0225 9.5170e-02
5234.5928 1.1372e-01
5236.1626 1.0415e-01
5237.7339 9.2700e-02
5239.3052 9.2522e-02
5240.8770 1.1565e-01
5242.4492 9.4858e-02
5244.0220 9.9077e-02
5245.5947 1.1752e-01
5247.1689 1.2074e-01
5248.7422 1.1079e-01
5250.3174 9.3080e-02
5251.8921 9.0795e-02
5253.4678 1.0974e-01
5255.0439 8.7015e-02
5256.6211 9.1983e-02
5258.1978 7.6365e-02
5259.7749 9.5760e-02
5261.3530 9.7923e-02
5262.9312 9.8978e-02
5264.5098 1.0209e-01
5266.0898 1.0206e-01
5267.6694 1.0302e-01
5269.2495 9.9906e-02
5270.8311 1.0276e-01
5272.4116 1.0893e-01
5273.9941 1.1300e-01
5275.5757 7.5587e-02
5277.1587 9.4221e-02
5278.7422 1.1521e-01
5280.3252 9.3363e-02
5281.9092 9.0381e-02
5283.4937 1.0049e-01
5285.0786 1.1809e-01
5286.6641 8.8483e-02
5288.2500 1.2262e-01
5289.8369 9.4468e-02
5291.4238 1.0510e-01
5293.0117 1.2502e-01
5294.5996 9.4591e-02
5296.1870 1.0045e-01
5297.7764 1.0047e-01
5299.3662 9.3148e-02
5300.9561 8.8065e-02
5302.5459 7.8223e-02
5304.1367 7.1730e-02
5305.7280 1.1025e-01
5307.3188 9.4177e-02
5308.9116 9.1020e-02
5310.5044 9.1171e-02
5312.0977 9.3461e-02
5313.6919 8.9059e-02
5315.2856 1.0744e-01
5316.8799 8.2313e-02
5318.4751 9.9470e-02
5320.0708 1.0854e-01
5321.6665 9.7403e-02
5323.2632 9.0299e-02
5324.8604 8.7721e-02
5326.4575 1.1962e-01
5328.0557 9.7766e-02
5329.6533 1.2850e-01
5331.2534 9.9402e-02
5332.8516 1.0102e-01
5334.4517 9.8610e-02
5336.0522 1.0315e-01
5337.6533 8.1661e-02
5339.2544 1.1133e-01
5340.8560 8.8450e-02
5342.4585 9.8888e-02
5344.0605 1.0569e-01
5345.6646 1.0405e-01
5347.2681 9.7618e-02
5348.8726 9.3659e-02
5350.4771 7.4982e-02
5352.0825 9.9581e-02
5353.6875 9.6363e-02
5355.2944 7.7917e-02
5356.9009 8.3058e-02
5358.5073 9.3077e-02
5360.1152 9.7685e-02
5361.7236 9.5029e-02
5363.3315 9.8619e-02
5364.9404 8.7888e-02
5366.5503 8.8827e-02
5368.1602 9.4632e-02
5369.7705 8.5141e-02
5371.3813 8.7010e-02
5372.9932 7.4347e-02
5374.6050 8.3857e-02
5376.2173 7.5874e-02
5377.8301 9.6260e-02
5379.4434 8.8669e-02
5381.0576 8.5117e-02
5382.6714 9.5839e-02
5384.2861 9.5714e-02
5385.9014 9.5598e-02
5387.5171 9.2009e-02
5389.1343 8.3779e-02
5390.7505 1.0812e-01
5392.3677 1.0320e-01
5393.9858 9.3534e-02
5395.6035 1.0909e-01
5397.2222 7.7605e-02
5398.8413 9.0099e-02
5400.4609 7.9347e-02
5402.0811 9.4633e-02
5403.7017 8.7204e-02
5405.3228 1.0176e-01
5406.9448 9.7821e-02
5408.5659 9.1457e-02
5410.1890 8.9595e-02
5411.8115 8.9561e-02
5413.4360 7.6487e-02
5415.0596 1.1962e-01
5416.6841 1.0463e-01
5418.3096 7.1114e-02
5419.9351 9.7587e-02
5421.5605 9.8720e-02
5423.1875 7.8906e-02
5424.8145 7.6791e-02
5426.4414 8.9367e-02
5428.0693 7.8156e-02
5429.6982 7.7690e-02
5431.3271 9.0106e-02
5432.9565 7.4919e-02
5434.5859 1.0323e-01
5436.2163 8.8626e-02
5437.8472 9.3137e-02
5439.4785 7.6361e-02
5441.1104 9.8578e-02
5442.7427 7.4829e-02
5444.3760 8.7517e-02
5446.0098 8.7222e-02
5447.6431 7.9744e-02
5449.2778 8.9927e-02
5450.9121 1.0268e-01
5452.5474 1.0918e-01
5454.1826 8.8041e-02
5455.8193 8.9205e-02
5457.4565 8.9187e-02
5459.0933 7.8602e-02
5460.7310 9.8645e-02
5462.3696 1.0112e-01
5464.0073 9.2769e-02
5465.6475 1.2146e-01
5467.2871 8.6294e-02
5468.9272 7.3363e-02
5470.5674 8.2664e-02
5472.2090 9.4477e-02
5473.8506 8.8880e-02
5475.4927 1.0211e-01
5477.1353 9.7824e-02
5478.7783 8.8958e-02
5480.4224 8.3857e-02
5482.0659 8.9421e-02
5483.7104 1.0185e-01
5485.3560 8.8052e-02
5487.0010 1.0555e-01
5488.6475 1.0149e-01
5490.2944 9.3660e-02
5491.9414 9.0761e-02
5493.5889 9.1444e-02
5495.2368 9.7660e-02
5496.8857 6.5524e-02
5498.5342 8.2725e-02
5500.1841 8.7531e-02
5501.8340 8.2291e-02
5503.4849 1.0135e-01
5505.1357 8.1365e-02
5506.7871 8.6418e-02
5508.4395 6.5033e-02
5510.0923 8.2232e-02
5511.7451 9.9602e-02
5513.3984 9.9684e-02
5515.0522 7.3034e-02
5516.7070 7.3089e-02
5518.3623 9.4799e-02
5520.0176 8.6622e-02
5521.6733 7.9805e-02
5523.3301 9.3548e-02
5524.9868 6.9157e-02
5526.6450 7.7953e-02
5528.3027 8.4306e-02
5529.9609 9.6922e-02
5531.6201 9.6889e-02
5533.2793 8.1862e-02
5534.9395 5.9462e-02
5536.5996 8.4031e-02
5538.2607 8.0522e-02
5539.9229 8.3931e-02
5541.5840 1.0746e-01
5543.2466 8.1436e-02
5544.9102 8.5759e-02
5546.5728 9.5208e-02
5548.2373 7.7351e-02
5549.9019 1.0370e-01
5551.5664 8.6962e-02
5553.2324 7.0980e-02
5554.8984 7.9063e-02
5556.5645 9.5132e-02
5558.2310 9.7463e-02
5559.8989 9.5492e-02
5561.5669 7.9108e-02
5563.2354 8.1940e-02
5564.9043 6.2348e-02
5566.5732 8.7130e-02
5568.2437 7.8838e-02
5569.9150 7.2868e-02
5571.5854 7.6117e-02
5573.2568 8.1896e-02
5574.9287 8.3740e-02
5576.6011 9.0295e-02
5578.2739 5.8291e-02
5579.9482 8.6481e-02
5581.6216 1.0143e-01
5583.2959 5.9117e-02
5584.9717 8.7429e-02
5586.6470 9.3065e-02
5588.3223 8.1736e-02
5589.9990 7.7596e-02
5591.6763 1.0235e-01
5593.3535 8.7327e-02
5595.0317 9.4779e-02
5596.7104 8.3309e-02
5598.3892 8.2637e-02
5600.0688 9.9916e-02
5601.7490 8.9500e-02
5603.4292 7.2495e-02
5605.1104 8.9784e-02
5606.7915 8.5148e-02
5608.4741 9.3836e-02
5610.1562 8.0986e-02
5611.8394 6.9914e-02
5613.5234 9.8770e-02
5615.2075 7.1885e-02
5616.8916 1.0649e-01
5618.5767 8.7546e-02
5620.2627 7.6609e-02
5621.9482 7.5699e-02
5623.6348 8.4335e-02
5625.3218 6.6780e-02
5627.0098 8.4011e-02
5628.6982 7.9071e-02
5630.3867 8.0610e-02
5632.0757 7.8059e-02
5633.7651 9.0624e-02
5635.4551 7.5697e-02
5637.1460 7.5620e-02
5638.8369 7.2693e-02
5640.5283 6.4674e-02
5642.2207 8.3244e-02
5643.9141 7.8121e-02
5645.6069 8.6495e-02
5647.3003 7.8613e-02
5648.9946 8.2819e-02
5650.6895 7.6132e-02
5652.3848 7.9740e-02
5654.0801 6.6975e-02
5655.7759 8.3545e-02
5657.4736 7.9360e-02
5659.1709 6.6237e-02
5660.8682 8.3225e-02
5662.5664 7.3322e-02
5664.2651 8.2582e-02
5665.9644 9.2502e-02
5667.6641 7.6997e-02
5669.3647 8.5187e-02
5671.0649 9.1882e-02
5672.7666 8.7298e-02
5674.4688 9.7090e-02
5676.1709 8.8978e-02
5677.8740 7.4421e-02
5679.5771 6.3737e-02
5681.2812 8.2184e-02
5682.9858 7.3839e-02
5684.6899 8.0165e-02
5686.3950 8.8805e-02
5688.1021 7.9972e-02
5689.8076 7.4028e-02
5691.5146 8.0207e-02
5693.2222 6.4051e-02
5694.9302 6.8288e-02
5696.6382 9.0213e-02
5698.3477 9.1390e-02
5700.0571 8.7711e-02
5701.7671 8.5388e-02
5703.4775 7.0685e-02
5705.1885 8.6933e-02
5706.9004 6.1415e-02
5708.6123 7.6408e-02
5710.3252 5.9068e-02
5712.0381 1.0084e-01
5713.7524 6.1545e-02
5715.4663 8.2575e-02
5717.1812 8.7809e-02
5718.8955 7.7038e-02
5720.6118 6.7305e-02
5722.3271 6.9368e-02
5724.0444 7.9145e-02
5725.7617 9.1129e-02
5727.4795 9.1573e-02
5729.1973 7.1487e-02
5730.9165 8.7034e-02
5732.6353 7.5248e-02
5734.3550 9.0790e-02
5736.0757 7.7488e-02
5737.7969 8.9860e-02
5739.5176 6.2552e-02
5741.2397 9.8184e-02
5742.9624 9.0074e-02
5744.6851 8.6711e-02
5746.4082 6.0146e-02
5748.1323 1.0387e-01
5749.8569 8.3802e-02
5751.5815 9.0450e-02
5753.3076 9.0290e-02
5755.0332 8.6571e-02
5756.7593 7.5586e-02
5758.4863 9.4774e-02
5760.2144 8.4594e-02
5761.9424 7.4987e-02
5763.6709 6.8745e-02
5765.3999 6.3421e-02
5767.1294 1.0486e-01
5768.8594 8.6852e-02
5770.5908 8.3578e-02
5772.3213 7.9302e-02
5774.0527 6.6770e-02
5775.7856 8.5500e-02
5777.5181 8.1531e-02
5779.2515 6.6703e-02
5780.9844 5.4365e-02
5782.7192 9.2111e-02
5784.4546 8.3320e-02
5786.1899 8.5223e-02
5787.9253 7.8109e-02
5789.6626 9.0954e-02
5791.3984 8.1170e-02
5793.1362 9.5312e-02
5794.8745 8.1031e-02
5796.6123 7.9832e-02
5798.3516 6.3246e-02
5800.0913 7.1849e-02
5801.8306 6.8793e-02
5803.5713 7.9831e-02
5805.3125 9.0342e-02
5807.0537 7.9997e-02
5808.7964 6.8469e-02
5810.5391 7.7632e-02
5812.2822 7.6455e-02
5814.0259 6.2013e-02
5815.7700 6.2382e-02
5817.5151 6.8592e-02
5819.2598 8.4458e-02
5821.0059 7.9525e-02
5822.7524 6.5755e-02
5824.4990 7.0219e-02
5826.2461 7.8425e-02
5827.9937 5.8561e-02
5829.7427 6.6980e-02
5831.4912 8.2721e-02
5833.2407 7.6309e-02
5834.9912 6.8185e-02
5836.7417 7.8263e-02
5838.4922 8.2369e-02
5840.2446 8.0587e-02
5841.9961 7.3382e-02
5843.7490 8.1253e-02
5845.5020 7.0147e-02
5847.2559 7.9728e-02
5849.0103 6.7394e-02
5850.7642 8.4841e-02
5852.5195 7.7233e-02
5854.2754 5.1588e-02
5856.0317 7.5642e-02
5857.7881 6.7614e-02
5859.5454 6.4668e-02
5861.3032 6.0243e-02
5863.0625 6.0051e-02
5864.8208 6.6189e-02
5866.5806 6.3911e-02
5868.3403 7.0263e-02
5870.1006 7.4607e-02
5871.8618 7.3370e-02
5873.6230 6.2268e-02
5875.3857 5.2696e-02
5877.1479 8.8420e-02
5878.9111 7.2654e-02
5880.6748 7.7977e-02
5882.4390 6.6128e-02
5884.2036 5.9163e-02
5885.9692 6.2533e-02
5887.7349 5.7748e-02
5889.5010 6.9277e-02
5891.2676 6.2873e-02
5893.0356 7.7550e-02
5894.8032 7.3241e-02
5896.5718 6.8652e-02
5898.3408 7.3669e-02
5900.1108 6.0484e-02
5901.8804 6.5100e-02
5903.6509 8.2477e-02
5905.4219 6.4351e-02
5907.1938 6.5985e-02
5908.9663 6.1449e-02
5910.7383 5.4602e-02
5912.5112 5.7680e-02
5914.2856 6.8725e-02
5916.0601 6.7398e-02
5917.8345 6.0815e-02
5919.6099 5.1291e-02
5921.3857 6.8138e-02
5923.1621 6.0911e-02
5924.9395 6.4323e-02
5926.7163 6.8984e-02
5928.4946 6.4772e-02
5930.2729 5.4314e-02
5932.0522 6.4069e-02
5933.8315 6.7587e-02
5935.6123 6.0439e-02
5937.3926 6.7031e-02
5939.1738 6.6600e-02
5940.9556 6.3678e-02
5942.7383 6.6268e-02
5944.5210 7.3700e-02
5946.3042 7.3972e-02
5948.0879 7.5033e-02
5949.8726 6.3392e-02
5951.6572 5.9557e-02
5953.4434 6.5233e-02
5955.2290 6.8265e-02
5957.0151 5.8605e-02
5958.8022 7.6470e-02
5960.5903 6.7957e-02
5962.3789 7.1360e-02
5964.1670 6.0496e-02
5965.9561 6.9858e-02
5967.7466 6.6452e-02
5969.5366 6.9259e-02
5971.3276 4.0951e-02
5973.1187 5.1800e-02
5974.9106 6.5987e-02
5976.7031 5.4544e-02
5978.4961 5.8571e-02
5980.2900 6.2573e-02
5982.0845 6.5535e-02
5983.8789 6.0308e-02
5985.6729 7.4042e-02
5987.4692 7.6524e-02
5989.2651 7.4356e-02
5991.0620 6.1405e-02
5992.8589 6.1323e-02
5994.6572 6.2462e-02
5996.4556 7.3354e-02
5998.2549 6.5791e-02
6000.0547 5.7229e-02
6001.8545 6.7591e-02
6003.6548 6.6344e-02
6005.4561 6.2869e-02
6007.2578 7.0451e-02
6009.0596 7.3483e-02
6010.8623 5.7135e-02
6012.6660 7.5399e-02
6014.4697 5.9654e-02
6016.2739 8.0991e-02
6018.0786 6.7795e-02
6019.8843 5.1767e-02
6021.6909 6.2049e-02
6023.4966 6.9532e-02
6025.3037 6.9777e-02
6027.1108 4.9917e-02
6028.9199 4.9763e-02
6030.7285 6.3817e-02
6032.5366 8.5571e-02
6034.3472 7.5574e-02
6036.1577 6.1330e-02
6037.9683 5.9962e-02
6039.7793 7.6117e-02
6041.5918 7.2583e-02
6043.4038 6.4033e-02
6045.2173 6.3103e-02
6047.0312 7.5699e-02
6048.8447 5.0251e-02
6050.6592 7.4080e-02
6052.4751 6.5721e-02
6054.2905 8.8292e-02
6056.1069 6.7376e-02
6057.9233 5.0599e-02
6059.7407 5.3820e-02
6061.5586 6.1281e-02
6063.3770 5.6183e-02
6065.1968 6.2499e-02
6067.0161 6.2983e-02
6068.8359 6.5363e-02
6070.6567 5.3618e-02
6072.4785 7.6180e-02
6074.2998 6.3608e-02
6076.1221 6.0956e-02
6077.9448 6.1094e-02
6079.7681 6.5644e-02
6081.5918 7.9478e-02
6083.4160 7.7711e-02
6085.2417 6.3158e-02
6087.0664 4.1833e-02
6088.8936 6.4848e-02
6090.7197 6.2377e-02
6092.5469 4.6069e-02
6094.3745 5.6190e-02
6096.2031 5.2138e-02
6098.0327 7.0613e-02
6099.8613 6.9371e-02
6101.6914 5.8067e-02
6103.5220 6.5626e-02
6105.3530 6.5805e-02
6107.1846 5.2349e-02
6109.0171 7.3840e-02
6110.8496 4.5507e-02
6112.6831 5.6978e-02
6114.5166 8.0354e-02
6116.3511 6.7545e-02
6118.1855 4.5212e-02
6120.0210 6.4177e-02
6121.8574 5.8889e-02
6123.6938 5.4415e-02
6125.5308 5.5602e-02
6127.3687 5.5444e-02
6129.2065 4.8405e-02
6131.0454 6.3939e-02
6132.8843 6.5073e-02
6134.7246 4.7337e-02
6136.5649 6.7291e-02
6138.4062 5.3371e-02
6140.2476 5.1905e-02
6142.0894 6.3525e-02
6143.9316 4.9270e-02
6145.7759 6.3953e-02
6147.6191 6.0827e-02
6149.4634 6.2354e-02
6151.3081 6.3824e-02
6153.1538 4.8178e-02
6155.0000 8.0912e-02
6156.8462 4.8442e-02
6158.6934 6.5684e-02
6160.5410 4.8385e-02
6162.3892 5.5179e-02
6164.2373 5.4734e-02
6166.0869 5.5001e-02
6167.9370 7.8575e-02
6169.7871 5.6708e-02
6171.6387 5.8255e-02
6173.4897 6.6661e-02
6175.3413 5.3995e-02
6177.1938 5.5423e-02
6179.0474 6.0735e-02
6180.9009 5.5809e-02
6182.7549 7.1993e-02
6184.6104 5.3521e-02
6186.4653 5.8681e-02
6188.3213 5.7738e-02
6190.1782 6.0602e-02
6192.0356 4.6298e-02
6193.8931 6.3824e-02
6195.7505 5.6222e-02
6197.6099 6.1177e-02
6199.4688 4.7716e-02
6201.3281 6.4679e-02
6203.1895 5.8765e-02
6205.0498 6.0541e-02
6206.9121 6.0596e-02
6208.7739 4.6114e-02
6210.6367 4.7649e-02
6212.4995 6.9204e-02
6214.3633 4.8824e-02
6216.2275 5.0383e-02
6218.0923 5.6922e-02
6219.9575 7.8046e-02
6221.8237 7.2935e-02
6223.6904 6.3198e-02
6225.5576 5.3969e-02
6227.4258 5.2111e-02
6229.2935 6.7393e-02
6231.1621 5.1564e-02
6233.0317 5.1909e-02
6234.9019 4.7018e-02
6236.7720 5.7114e-02
6238.6431 6.6563e-02
6240.5146 3.3141e-02
6242.3867 5.4071e-02
6244.2598 5.2473e-02
6246.1323 3.0705e-02
6248.0063 5.8075e-02
6249.8813 5.0191e-02
6251.7559 4.6235e-02
6253.6313 5.2714e-02
6255.5073 5.1985e-02
6257.3843 4.5695e-02
6259.2617 5.5371e-02
6261.1392 5.1879e-02
6263.0176 6.3555e-02
6264.8970 4.8147e-02
6266.7759 4.4668e-02
6268.6562 4.1769e-02
6270.5361 6.3650e-02
6272.4180 5.4142e-02
6274.2993 3.7515e-02
6276.1816 5.5992e-02
6278.0645 5.9438e-02
6279.9478 4.3699e-02
6281.8320 3.6314e-02
6283.7168 6.7026e-02
6285.6021 4.6180e-02
6287.4868 6.0060e-02
6289.3740 4.4086e-02
6291.2603 4.6145e-02
6293.1475 5.0053e-02
6295.0352 5.7620e-02
6296.9238 6.8068e-02
6298.8130 4.2672e-02
6300.7026 4.0987e-02
6302.5933 3.9534e-02
6304.4839 3.9127e-02
6306.3755 3.7100e-02
6308.2676 4.2364e-02
6310.1597 5.4168e-02
6312.0527 2.9858e-02
6313.9468 5.2982e-02
6315.8398 4.3274e-02
6317.7349 5.8803e-02
6319.6304 4.1535e-02
6321.5269 6.4298e-02
6323.4233 4.8183e-02
6325.3198 4.7736e-02
6327.2178 5.1646e-02
6329.1157 5.5128e-02
6331.0146 5.2694e-02
6332.9131 4.8321e-02
6334.8140 5.5871e-02
6336.7139 4.2122e-02
6338.6147 5.2870e-02
6340.5166 4.6073e-02
6342.4189 5.3369e-02
6344.3213 5.7827e-02
6346.2246 3.9637e-02
6348.1284 4.5283e-02
6350.0332 4.0760e-02
6351.9380 4.8459e-02
6353.8442 4.8714e-02
6355.7500 5.6570e-02
6357.6572 4.5308e-02
6359.5645 3.2971e-02
6361.4717 4.3043e-02
6363.3804 4.8326e-02
6365.2891 3.7894e-02
6367.1987 4.0484e-02
6369.1089 5.5688e-02
6371.0200 3.5960e-02
6372.9312 5.0014e-02
6374.8428 5.0574e-02
6376.7549 4.3623e-02
6378.6685 4.6314e-02
6380.5820 4.1794e-02
6382.4966 5.6690e-02
6384.4111 6.0950e-02
6386.3257 5.5765e-02
6388.2422 4.9861e-02
6390.1587 5.8396e-02
6392.0752 5.8068e-02
6393.9932 5.5520e-02
6395.9116 4.0267e-02
6397.8301 5.0285e-02
6399.7490 4.1641e-02
6401.6694 4.8203e-02
6403.5898 4.9217e-02
6405.5112 4.1144e-02
6407.4331 4.6631e-02
6409.3545 5.2460e-02
6411.2778 6.8432e-02
6413.2012 6.2097e-02
6415.1250 5.1824e-02
6417.0493 4.6034e-02
6418.9741 5.6288e-02
6420.9004 5.1070e-02
6422.8262 4.4770e-02
6424.7534 6.0190e-02
6426.6812 4.8624e-02
6428.6094 4.6191e-02
6430.5381 4.8983e-02
6432.4668 4.8734e-02
6434.3960 5.2670e-02
6436.3267 4.0987e-02
6438.2578 4.2075e-02
6440.1895 5.7609e-02
6442.1216 4.2865e-02
6444.0537 5.8482e-02
6445.9868 5.6312e-02
6447.9209 5.3513e-02
6449.8550 6.2266e-02
6451.7905 4.6710e-02
6453.7256 4.4085e-02
6455.6621 4.7437e-02
6457.5986 3.3281e-02
6459.5356 3.9801e-02
6461.4741 5.4216e-02
6463.4121 4.1535e-02
6465.3506 4.4047e-02
6467.2905 4.5231e-02
6469.2310 5.4225e-02
6471.1719 3.5095e-02
6473.1128 5.1451e-02
6475.0552 4.6050e-02
6476.9976 3.3295e-02
6478.9409 4.0342e-02
6480.8848 3.7849e-02
6482.8286 3.6391e-02
6484.7739 4.6800e-02
6486.7192 4.6118e-02
6488.6650 3.9005e-02
6490.6113 5.1351e-02
6492.5581 4.9246e-02
6494.5063 4.7572e-02
6496.4546 4.3065e-02
6498.4038 4.1556e-02
6500.3535 5.6435e-02
6502.3032 3.6884e-02
6504.2539 4.4554e-02
6506.2056 4.9400e-02
6508.1572 4.4826e-02
6510.1099 3.7969e-02
6512.0625 4.4707e-02
6514.0166 4.6883e-02
6515.9702 3.4873e-02
6517.9258 4.1781e-02
6519.8809 4.9378e-02
6521.8364 4.3102e-02
6523.7930 6.6287e-02
6525.7505 4.2764e-02
6527.7075 4.7269e-02
6529.6665 5.2253e-02
6531.6255 3.8581e-02
6533.5845 4.9206e-02
6535.5449 3.8404e-02
6537.5054 5.2075e-02
6539.4668 4.3866e-02
6541.4282 4.7494e-02
6543.3911 3.9894e-02
6545.3545 4.1839e-02
6547.3179 4.5528e-02
6549.2817 3.9500e-02
6551.2466 4.6977e-02
6553.2124 5.1629e-02
6555.1777 3.7544e-02
6557.1445 5.9608e-02
6559.1113 4.7661e-02
6561.0796 4.1281e-02
6563.0479 5.8819e-02
6565.0166 4.4229e-02
6566.9863 3.9169e-02
6568.9561 4.1396e-02
6570.9268 4.0889e-02
6572.8979 5.0853e-02
6574.8701 4.7468e-02
6576.8423 4.6199e-02
6578.8154 4.8647e-02
6580.7896 5.0092e-02
6582.7632 4.3259e-02
6584.7383 3.2084e-02
6586.7139 4.9595e-02
6588.6895 5.0257e-02
6590.6660 5.2387e-02
6592.6431 5.5299e-02
6594.6211 5.0280e-02
6596.5996 4.0620e-02
6598.5791 3.8567e-02
6600.5581 4.1646e-02
6602.5386 4.0633e-02
6604.5190 5.7140e-02
6606.5005 4.6046e-02
6608.4824 4.5714e-02
6610.4648 5.7310e-02
6612.4482 5.4983e-02
6614.4326 3.6018e-02
6616.4160 4.9815e-02
6618.4009 3.9769e-02
6620.3867 4.4742e-02
6622.3730 4.3075e-02
6624.3594 3.9260e-02
6626.3467 3.6188e-02
6628.3350 5.0964e-02
6630.3232 4.9723e-02
6632.3125 3.3059e-02
6634.3022 4.3253e-02
6636.2920 4.3889e-02
6638.2827 3.9376e-02
6640.2744 4.2640e-02
6642.2671 3.1128e-02
6644.2593 3.6570e-02
6646.2529 5.1280e-02
6648.2471 4.2587e-02
6650.2412 5.2042e-02
6652.2358 4.7101e-02
6654.2314 4.0431e-02
6656.2280 3.1102e-02
6658.2251 3.9003e-02
6660.2222 4.2641e-02
6662.2207 4.4126e-02
6664.2197 5.0691e-02
6666.2178 5.1785e-02
6668.2178 5.4697e-02
6670.2188 5.6526e-02
6672.2192 4.6577e-02
6674.2212 3.7389e-02
6676.2241 4.8099e-02
6678.2266 4.7756e-02
6680.2300 5.5460e-02
6682.2334 4.8212e-02
6684.2388 5.4388e-02
6686.2446 4.8865e-02
6688.2500 4.1166e-02
6690.2563 5.1021e-02
6692.2627 4.5874e-02
6694.2715 5.9549e-02
6696.2793 5.9358e-02
6698.2881 4.3976e-02
6700.2979 5.7954e-02
6702.3081 4.2765e-02
6704.3188 4.8217e-02
6706.3301 3.9637e-02
6708.3418 4.8450e-02
6710.3545 3.5897e-02
6712.3672 4.5215e-02
6714.3809 4.6614e-02
6716.3955 3.2571e-02
6718.4106 4.8204e-02
6720.4263 3.3013e-02
6722.4419 3.2022e-02
6724.4585 4.2881e-02
6726.4756 3.8105e-02
6728.4946 4.3387e-02
6730.5127 4.8563e-02
6732.5312 4.7186e-02
6734.5513 4.2021e-02
6736.5718 3.8518e-02
6738.5923 4.9206e-02
6740.6152 4.4318e-02
6742.6367 4.0156e-02
6744.6587 4.4480e-02
6746.6831 2.6948e-02
6748.7065 3.9844e-02
6750.7310 4.9184e-02
6752.7563 3.4824e-02
6754.7822 3.7046e-02
6756.8091 6.2217e-02
6758.8359 3.9803e-02
6760.8633 4.0234e-02
6762.8916 4.0715e-02
6764.9209 4.7464e-02
6766.9502 4.8586e-02
6768.9805 4.5550e-02
6771.0107 4.2246e-02
6773.0425 4.3891e-02
6775.0742 4.4701e-02
6777.1064 5.5061e-02
6779.1401 4.0271e-02
6781.1733 4.6382e-02
6783.2080 3.8402e-02
6785.2427 3.4201e-02
6787.2783 4.4599e-02
6789.3149 4.4434e-02
6791.3516 4.5901e-02
6793.3887 4.0639e-02
6795.4272 4.9749e-02
6797.4653 3.3938e-02
6799.5049 5.5631e-02
6801.5444 4.5826e-02
6803.5854 4.9474e-02
6805.6260 4.1161e-02
6807.6685 5.1793e-02
6809.7100 4.1792e-02
6811.7534 3.4397e-02
6813.7964 4.0959e-02
6815.8408 3.9137e-02
6817.8853 3.9196e-02
6819.9312 4.2541e-02
6821.9771 4.5385e-02
6824.0234 4.7230e-02
6826.0703 3.4899e-02
6828.1182 3.4114e-02
6830.1670 2.8991e-02
6832.2163 4.7188e-02
6834.2651 4.4705e-02
6836.3154 3.7699e-02
6838.3667 4.8697e-02
6840.4180 5.2442e-02
6842.4702 2.9377e-02
6844.5229 3.6636e-02
6846.5762 3.7581e-02
6848.6304 3.9797e-02
6850.6851 3.7837e-02
6852.7402 4.0004e-02
6854.7959 3.4794e-02
6856.8525 4.3393e-02
6858.9097 3.4610e-02
6860.9668 4.1433e-02
6863.0254 4.2426e-02
6865.0845 4.6739e-02
6867.1440 4.8530e-02
6869.2041 4.3121e-02
6871.2646 4.6689e-02
6873.3257 4.8806e-02
6875.3882 4.7913e-02
6877.4512 5.1511e-02
6879.5137 4.6265e-02
6881.5781 3.2946e-02
6883.6421 3.1403e-02
6885.7075 4.9036e-02
6887.7729 4.0638e-02
6889.8394 3.9082e-02
6891.9062 2.9777e-02
6893.9746 3.4280e-02
6896.0425 4.2743e-02
6898.1113 4.0421e-02
6900.1802 2.9915e-02
6902.2505 4.1598e-02
6904.3213 4.4215e-02
6906.3926 3.6086e-02
6908.4648 3.7580e-02
6910.5366 3.6057e-02
6912.6099 4.7967e-02
6914.6841 3.9259e-02
6916.7588 3.2690e-02
6918.8335 3.7518e-02
6920.9092 4.7656e-02
6922.9849 3.6176e-02
6925.0620 3.5714e-02
6927.1401 4.1747e-02
6929.2178 2.8019e-02
6931.2964 3.3322e-02
6933.3760 4.2391e-02
6935.4561 3.1835e-02
6937.5371 3.8248e-02
6939.6182 4.0010e-02
6941.7002 3.9981e-02
6943.7822 2.0992e-02
6945.8657 3.1154e-02
6947.9487 3.6602e-02
6950.0337 3.9475e-02
6952.1182 3.7604e-02
6954.2046 3.6275e-02
6956.2905 3.7038e-02
6958.3779 2.6034e-02
6960.4644 3.4860e-02
6962.5527 3.7989e-02
6964.6421 3.7451e-02
6966.7314 2.6398e-02
6968.8208 3.4820e-02
6970.9116 2.5532e-02
6973.0029 3.2586e-02
6975.0947 4.1574e-02
6977.1880 3.4475e-02
6979.2803 3.9667e-02
6981.3745 4.0001e-02
6983.4692 3.5217e-02
6985.5635 3.0769e-02
6987.6602 3.5401e-02
6989.7559 3.6392e-02
6991.8525 2.7015e-02
6993.9507 2.1419e-02
6996.0488 2.9213e-02
6998.1479 4.1507e-02
7000.2471 3.0382e-02
7002.3467 3.9084e-02
7004.4468 3.2794e-02
7006.5488 3.5597e-02
7008.6514 4.6104e-02
7010.7529 5.1313e-02
7012.8564 3.9129e-02
7014.9609 3.3366e-02
7017.0654 2.8530e-02
7019.1699 3.3749e-02
7021.2759 4.4164e-02
7023.3823 3.9176e-02
7025.4893 3.2264e-02
7027.5977 3.5851e-02
7029.7051 2.3839e-02
7031.8145 4.5983e-02
7033.9238 3.1551e-02
7036.0337 4.9781e-02
7038.1450 3.2487e-02
7040.2559 4.3888e-02
7042.3687 2.7114e-02
7044.4805 3.1506e-02
7046.5938 2.9076e-02
7048.7080 4.1852e-02
7050.8228 3.4703e-02
7052.9385 3.5966e-02
7055.0542 3.4409e-02
7057.1704 3.5724e-02
7059.2881 3.0376e-02
7061.4053 2.8936e-02
7063.5234 3.3838e-02
7065.6431 3.5691e-02
7067.7627 3.8117e-02
7069.8828 2.7219e-02
7072.0039 4.5404e-02
7074.1255 2.6948e-02
7076.2476 2.5925e-02
7078.3706 3.3807e-02
7080.4937 4.0984e-02
7082.6187 3.4441e-02
7084.7432 3.7642e-02
7086.8687 2.6482e-02
7088.9946 4.1635e-02
7091.1216 2.7380e-02
7093.2490 3.0138e-02
7095.3765 4.0059e-02
7097.5049 4.0816e-02
7099.6348 4.3898e-02
7101.7642 3.4260e-02
7103.8945 4.0208e-02
7106.0264 2.7112e-02
7108.1582 4.5227e-02
7110.2905 3.6705e-02
7112.4229 3.7598e-02
7114.5571 4.6173e-02
7116.6914 4.0306e-02
7118.8262 3.0404e-02
7120.9619 2.7206e-02
7123.0986 3.1393e-02
7125.2354 4.2094e-02
7127.3730 3.6463e-02
7129.5112 3.9536e-02
7131.6499 3.8588e-02
7133.7896 3.1835e-02
7135.9292 3.3975e-02
7138.0703 3.7191e-02
7140.2119 2.6633e-02
7142.3540 4.2425e-02
7144.4966 2.3931e-02
7146.6396 3.0995e-02
7148.7842 3.8918e-02
7150.9287 2.7854e-02
7153.0742 2.2982e-02
7155.2197 3.7765e-02
7157.3667 4.2335e-02
7159.5137 2.2595e-02
7161.6616 3.5593e-02
7163.8101 3.7458e-02
7165.9590 3.3418e-02
7168.1089 4.4411e-02
7170.2593 2.1782e-02
7172.4102 4.5580e-02
7174.5625 3.6581e-02
7176.7144 4.0067e-02
7178.8672 3.8720e-02
7181.0210 3.0788e-02
7183.1753 4.6523e-02
7185.3306 3.6223e-02
7187.4858 4.7023e-02
7189.6421 3.5619e-02
7191.7988 3.2920e-02
7193.9565 3.8032e-02
7196.1147 3.2414e-02
7198.2734 3.4045e-02
7200.4336 3.7566e-02
7202.5928 3.0841e-02
7204.7539 4.3151e-02
7206.9155 4.3261e-02
7209.0771 3.3524e-02
7211.2402 2.4758e-02
7213.4033 4.3974e-02
7215.5674 3.9337e-02
7217.7324 3.8566e-02
7219.8979 4.3573e-02
7222.0635 3.5664e-02
7224.2300 3.4577e-02
7226.3979 4.3095e-02
7228.5654 4.5269e-02
7230.7334 2.6931e-02
7232.9033 3.2551e-02
7235.0728 2.0544e-02
7237.2432 3.2523e-02
7239.4150 2.1596e-02
7241.5864 3.1939e-02
7243.7593 3.2179e-02
7245.9321 3.9860e-02
7248.1060 3.9086e-02
7250.2803 3.5822e-02
7252.4551 3.2766e-02
7254.6313 3.0755e-02
7256.8076 4.4917e-02
7258.9849 3.7260e-02
7261.1626 3.4047e-02
7263.3408 2.6383e-02
7265.5200 3.9441e-02
7267.6992 2.7984e-02
7269.8799 2.9126e-02
7272.0605 4.0263e-02
7274.2422 2.8581e-02
7276.4243 3.1694e-02
7278.6069 3.2275e-02
7280.7910 4.1223e-02
7282.9751 4.1355e-02
7285.1602 3.3742e-02
7287.3452 3.4146e-02
7289.5317 3.9237e-02
7291.7188 2.7526e-02
7293.9067 4.0192e-02
7296.0947 2.2281e-02
7298.2832 3.5331e-02
7300.4727 3.1141e-02
7302.6631 2.6538e-02
7304.8540 4.2339e-02
7307.0454 4.7139e-02
7309.2373 4.0418e-02
7311.4292 3.0579e-02
7313.6235 3.9177e-02
7315.8179 2.3861e-02
7318.0122 3.2117e-02
7320.2075 5.0533e-02
7322.4038 3.9817e-02
7324.6001 3.1874e-02
7326.7979 4.6125e-02
7328.9961 4.0018e-02
7331.1943 3.3783e-02
7333.3936 4.3340e-02
7335.5938 3.2090e-02
7337.7944 3.8067e-02
7339.9956 3.2143e-02
7342.1982 2.6508e-02
7344.4004 3.4125e-02
7346.6035 3.6291e-02
7348.8081 3.4411e-02
7351.0127 2.3783e-02
7353.2183 2.4512e-02
7355.4238 4.2860e-02
7357.6304 3.6659e-02
7359.8374 2.2758e-02
7362.0459 3.7424e-02
7364.2549 3.2367e-02
7366.4634 3.2584e-02
7368.6738 2.7476e-02
7370.8838 4.2450e-02
7373.0957 3.4761e-02
7375.3071 3.3049e-02
7377.5200 3.2666e-02
7379.7334 3.1611e-02
7381.9473 3.9102e-02
7384.1616 2.7900e-02
7386.3770 3.5250e-02
7388.5928 3.5521e-02
7390.8096 3.5019e-02
7393.0264 2.4369e-02
7395.2446 3.5104e-02
7397.4639 2.3444e-02
7399.6826 3.4732e-02
7401.9023 3.7349e-02
7404.1230 3.2516e-02
7406.3438 3.0575e-02
7408.5654 2.8216e-02
7410.7886 2.7389e-02
7413.0122 2.7980e-02
7415.2354 3.1546e-02
7417.4604 2.9378e-02
7419.6855 2.8261e-02
7421.9116 3.7712e-02
7424.1382 3.0383e-02
7426.3652 2.9451e-02
7428.5933 3.1433e-02
7430.8218 2.9174e-02
7433.0513 2.7380e-02
7435.2808 3.0258e-02
7437.5117 3.0348e-02
7439.7432 4.0178e-02
7441.9741 3.6129e-02
7444.2070 3.4657e-02
7446.4404 2.7503e-02
7448.6748 3.9698e-02
7450.9097 2.9243e-02
7453.1440 2.9439e-02
7455.3809 3.7656e-02
7457.6167 2.9827e-02
7459.8545 3.4575e-02
7462.0923 2.5489e-02
7464.3306 2.5357e-02
7466.5698 2.8685e-02
7468.8096 1.9148e-02
7471.0503 3.3976e-02
7473.2920 3.5529e-02
7475.5342 2.7771e-02
7477.7769 2.9312e-02
7480.0205 2.9066e-02
7482.2637 2.2010e-02
7484.5088 2.8074e-02
7486.7539 3.3313e-02
7489.0000 3.5227e-02
7491.2471 1.7619e-02
7493.4937 3.0054e-02
7495.7422 2.7022e-02
7497.9912 2.9704e-02
7500.2402 2.3761e-02
7502.4902 3.8257e-02
7504.7412 2.8005e-02
7506.9927 2.3536e-02
7509.2441 2.9018e-02
7511.4976 2.9853e-02
7513.7510 2.6775e-02
7516.0044 2.1867e-02
7518.2593 2.4999e-02
7520.5151 4.1025e-02
7522.7715 2.6160e-02
7525.0283 3.5424e-02
7527.2861 3.8441e-02
7529.5439 2.6030e-02
7531.8027 3.0410e-02
7534.0620 3.0129e-02
7536.3228 3.4405e-02
7538.5835 2.5476e-02
7540.8447 3.1496e-02
7543.1074 2.9673e-02
7545.3706 3.0494e-02
7547.6338 3.4998e-02
7549.8984 1.6774e-02
7552.1626 1.9375e-02
7554.4292 3.3082e-02
7556.6948 2.0109e-02
7558.9619 2.8877e-02
7561.2295 2.6773e-02
7563.4976 2.4979e-02
7565.7671 3.0965e-02
7568.0366 2.9896e-02
7570.3071 2.0950e-02
7572.5786 2.3106e-02
7574.8511 3.3440e-02
7577.1230 3.0095e-02
7579.3960 3.3867e-02
7581.6694 2.9566e-02
7583.9443 2.7858e-02
7586.2192 2.4430e-02
7588.4956 2.9075e-02
7590.7715 3.4807e-02
7593.0488 2.6698e-02
7595.3262 1.7845e-02
7597.6060 2.9485e-02
7599.8843 2.0189e-02
7602.1641 2.9185e-02
7604.4448 2.7076e-02
7606.7271 3.0358e-02
7609.0093 2.1199e-02
7611.2910 2.4401e-02
7613.5752 1.4931e-02
7615.8589 3.1836e-02
7618.1440 3.1000e-02
7620.4292 2.7194e-02
7622.7153 2.2908e-02
7625.0020 2.4405e-02
7627.2896 2.4001e-02
7629.5781 1.8816e-02
7631.8662 2.8307e-02
7634.1562 3.0769e-02
7636.4468 3.1458e-02
7638.7378 2.9565e-02
7641.0288 3.0722e-02
7643.3213 2.8550e-02
7645.6138 3.1453e-02
7647.9072 2.9741e-02
7650.2021 2.4264e-02
7652.4971 3.5085e-02
7654.7935 2.7075e-02
7657.0894 1.7608e-02
7659.3867 2.4740e-02
7661.6846 2.5357e-02
7663.9829 2.4953e-02
7666.2817 3.1439e-02
7668.5825 3.0244e-02
7670.8823 2.9447e-02
7673.1841 2.6362e-02
7675.4854 1.6766e-02
7677.7891 2.8400e-02
7680.0918 2.7859e-02
7682.3960 2.3815e-02
7684.7002 3.1190e-02
7687.0059 2.7880e-02
7689.3125 3.0714e-02
7691.6191 2.8050e-02
7693.9268 2.2967e-02
7696.2344 3.0833e-02
7698.5430 2.6690e-02
7700.8530 2.7652e-02
7703.1631 2.3207e-02
7705.4746 3.0865e-02
7707.7856 2.6431e-02
7710.0981 2.2336e-02
7712.4111 2.0491e-02
7714.7251 1.2853e-02
7717.0391 2.0093e-02
7719.3540 3.3861e-02
7721.6699 2.7433e-02
7723.9868 3.1012e-02
7726.3042 2.4537e-02
7728.6216 2.2138e-02
7730.9409 3.0668e-02
7733.2593 3.4131e-02
7735.5796 2.2509e-02
7737.9004 1.9944e-02
7740.2217 2.9126e-02
7742.5435 2.9781e-02
7744.8662 3.7066e-02
7747.1895 2.1658e-02
7749.5142 1.8951e-02
7751.8394 2.1522e-02
7754.1650 3.2473e-02
7756.4907 3.2152e-02
7758.8174 2.0310e-02
7761.1450 2.7649e-02
7763.4736 2.9156e-02
7765.8022 2.3026e-02
7768.1323 2.4931e-02
7770.4634 3.1450e-02
7772.7944 2.7480e-02
7775.1260 3.0779e-02
7777.4585 2.7024e-02
7779.7915 2.5463e-02
7782.1260 2.2390e-02
7784.4604 2.9719e-02
7786.7954 2.9469e-02
7789.1318 2.4942e-02
7791.4683 2.9542e-02
7793.8062 2.3484e-02
7796.1436 2.7041e-02
7798.4824 3.1166e-02
7800.8218 2.8487e-02
7803.1626 3.3042e-02
7805.5034 2.2864e-02
7807.8447 2.8223e-02
7810.1880 3.2296e-02
7812.5303 2.2971e-02
7814.8745 3.1830e-02
7817.2192 2.1854e-02
7819.5640 2.4250e-02
7821.9106 2.4634e-02
7824.2559 2.7179e-02
7826.6040 1.8308e-02
7828.9521 3.3425e-02
7831.3003 2.7290e-02
7833.6499 1.7079e-02
7835.9995 2.7169e-02
7838.3511 3.5107e-02
7840.7021 2.8892e-02
7843.0547 2.3066e-02
7845.4077 3.1516e-02
7847.7603 2.7803e-02
7850.1152 2.7123e-02
7852.4702 2.1897e-02
7854.8262 2.8360e-02
7857.1821 2.3949e-02
7859.5396 3.0501e-02
7861.8975 2.9394e-02
7864.2559 3.5726e-02
7866.6157 3.2590e-02
7868.9756 2.2859e-02
7871.3359 2.0470e-02
7873.6978 2.7587e-02
7876.0601 2.4024e-02
7878.4224 1.9578e-02
7880.7856 3.3091e-02
7883.1509 2.2924e-02
7885.5151 2.4907e-02
7887.8809 2.7116e-02
7890.2476 3.3246e-02
7892.6147 3.0602e-02
7894.9814 2.2763e-02
7897.3501 1.9575e-02
7899.7192 3.3855e-02
7902.0898 2.5738e-02
7904.4604 1.9702e-02
7906.8311 1.5358e-02
7909.2036 3.3415e-02
7911.5767 2.6053e-02
7913.9497 3.1147e-02
7916.3247 3.4854e-02
7918.6987 2.5031e-02
7921.0742 2.6275e-02
7923.4512 3.1689e-02
7925.8276 1.8199e-02
7928.2051 2.3800e-02
7930.5845 2.4524e-02
7932.9634 2.1579e-02
7935.3433 2.0604e-02
7937.7236 2.1859e-02
7940.1050 3.0997e-02
7942.4873 2.0397e-02
7944.8701 2.3165e-02
7947.2529 1.6101e-02
7949.6377 1.9198e-02
7952.0225 3.3887e-02
7954.4082 2.2980e-02
7956.7949 2.3806e-02
7959.1807 2.2581e-02
7961.5688 3.0168e-02
7963.9580 2.1494e-02
7966.3462 2.5308e-02
7968.7368 2.7234e-02
7971.1274 2.3359e-02
7973.5181 2.0482e-02
7975.9111 2.2549e-02
7978.3032 2.9550e-02
7980.6973 1.6214e-02
7983.0908 3.0791e-02
7985.4858 2.1454e-02
7987.8823 2.3089e-02
7990.2778 1.9165e-02
7992.6748 3.3221e-02
7995.0728 2.8098e-02
7997.4717 1.9144e-02
7999.8711 2.9967e-02
8002.2710 3.4639e-02
8004.6709 2.4035e-02
8007.0723 2.6932e-02
8009.4746 2.2725e-02
8011.8779 2.3257e-02
8014.2812 1.8693e-02
8016.6855 2.6351e-02
8019.0903 2.3356e-02
8021.4966 2.1286e-02
8023.9028 2.3751e-02
8026.3105 2.3864e-02
8028.7173 2.2081e-02
8031.1260 3.0147e-02
8033.5361 2.0759e-02
8035.9458 2.6056e-02
8038.3569 2.3434e-02
8040.7681 2.5425e-02
8043.1807 1.7352e-02
8045.5933 3.4193e-02
8048.0068 2.9403e-02
8050.4214 2.1972e-02
8052.8364 2.0023e-02
8055.2520 1.7420e-02
8057.6689 1.8696e-02
8060.0864 2.6331e-02
8062.5049 2.6244e-02
8064.9229 2.3093e-02
8067.3423 1.9514e-02
8069.7632 2.0463e-02
8072.1836 2.7161e-02
8074.6050 2.3812e-02
8077.0278 2.8695e-02
8079.4507 2.5613e-02
8081.8745 2.0459e-02
8084.2988 2.7539e-02
8086.7251 2.8170e-02
8089.1509 2.4931e-02
8091.5771 2.5420e-02
8094.0049 2.7867e-02
8096.4331 2.1449e-02
8098.8618 3.5017e-02
8101.2910 2.5254e-02
8103.7217 2.7509e-02
8106.1528 2.1207e-02
8108.5845 1.9408e-02
8111.0171 2.4896e-02
8113.4502 3.1620e-02
8115.8843 3.0190e-02
8118.3188 2.5168e-02
8120.7549 1.7562e-02
8123.1914 2.8096e-02
8125.6284 2.4304e-02
8128.0659 1.9193e-02
8130.5049 3.1204e-02
8132.9438 2.3804e-02
8135.3833 2.6360e-02
8137.8237 2.2600e-02
8140.2651 2.8383e-02
8142.7075 2.3049e-02
8145.1504 2.4834e-02
8147.5938 2.5894e-02
8150.0376 2.1465e-02
8152.4834 2.5662e-02
8154.9292 3.3440e-02
8157.3750 1.7837e-02
8159.8228 1.3993e-02
8162.2705 2.5935e-02
8164.7192 2.3703e-02
8167.1685 2.6216e-02
8169.6187 2.5415e-02
8172.0693 2.1785e-02
8174.5210 1.7068e-02
8176.9736 2.9447e-02
8179.4268 1.7492e-02
8181.8809 2.8350e-02
8184.3350 2.6277e-02
8186.7900 1.6965e-02
8189.2456 3.2600e-02
8191.7031 2.0593e-02
8194.1602 2.4390e-02
8196.6191 2.4934e-02
8199.0781 2.5312e-02
8201.5371 1.6129e-02
8203.9980 1.5626e-02
8206.4590 2.6094e-02
8208.9219 2.4266e-02
8211.3838 2.0608e-02
8213.8477 2.2898e-02
8216.3115 1.6556e-02
8218.7764 2.3129e-02
8221.2422 1.8893e-02
8223.7090 2.1547e-02
8226.1758 1.7309e-02
8228.6436 2.1396e-02
8231.1123 2.5734e-02
8233.5811 2.1383e-02
8236.0518 1.5142e-02
8238.5215 2.7438e-02
8240.9932 1.5129e-02
8243.4658 3.1369e-02
8245.9395 2.8501e-02
8248.4131 2.4090e-02
8250.8877 2.2540e-02
8253.3623 1.7964e-02
8255.8389 2.9714e-02
8258.3154 1.5229e-02
8260.7920 2.0762e-02
8263.2715 2.0026e-02
8265.7500 2.2631e-02
8268.2305 1.6674e-02
8270.7100 1.7708e-02
8273.1914 1.6976e-02
8275.6738 2.3802e-02
8278.1553 2.4038e-02
8280.6396 1.9094e-02
8283.1240 2.0272e-02
8285.6094 1.8089e-02
8288.0947 1.4417e-02
8290.5811 1.4968e-02
8293.0674 1.6809e-02
8295.5557 1.9644e-02
8298.0449 2.3891e-02
8300.5352 1.3015e-02
8303.0234 1.4761e-02
8305.5156 2.3500e-02
8308.0068 1.6091e-02
8310.5000 1.6849e-02
8312.9922 1.9936e-02
8315.4863 1.6432e-02
8317.9805 1.0813e-02
8320.4766 9.8226e-03
8322.9717 1.5076e-02
8325.4697 2.6769e-02
8327.9668 9.4176e-03
8330.4658 1.4390e-02
8332.9639 1.6835e-02
8335.4648 1.6566e-02
8337.9648 1.4883e-02
8340.4668 1.5290e-02
8342.9688 1.6162e-02
8345.4717 1.3154e-02
8347.9746 1.1877e-02
8350.4795 1.3775e-02
8352.9844 2.1084e-02
8355.4902 1.2399e-02
8357.9971 1.8484e-02
8360.5039 2.3476e-02
8363.0127 1.9224e-02
8365.5215 1.0930e-02
8368.0312 2.4785e-02
8370.5420 1.6127e-02
8373.0527 1.4191e-02
8375.5654 1.7724e-02
8378.0771 1.6682e-02
8380.5908 2.7771e-02
8383.1045 2.1352e-02
8385.6191 1.9434e-02
8388.1348 2.4586e-02
8390.6523 1.7579e-02
8393.1689 1.3505e-02
8395.6865 2.0851e-02
8398.2061 1.4355e-02
8400.7246 1.2171e-02
8403.2461 1.7977e-02
8405.7666 1.9632e-02
8408.2881 1.7621e-02
8410.8105 2.1000e-02
8413.3340 1.2193e-02
8415.8584 2.3058e-02
8418.3818 1.8212e-02
8420.9082 1.9923e-02
8423.4346 2.5817e-02
8425.9609 1.4921e-02
8428.4893 1.9351e-02
8431.0186 1.8592e-02
8433.5479 2.4861e-02
8436.0771 1.7675e-02
8438.6074 1.8285e-02
8441.1396 1.2191e-02
8443.6729 1.6309e-02
8446.2051 1.7408e-02
8448.7383 1.9419e-02
8451.2734 1.5708e-02
8453.8086 1.6104e-02
8456.3457 1.0072e-02
8458.8828 1.3717e-02
8461.4199 2.1713e-02
8463.9580 1.3552e-02
8466.4971 2.0677e-02
8469.0371 1.3942e-02
8471.5781 1.8733e-02
8474.1191 2.8442e-02
8476.6621 1.8029e-02
8479.2051 1.5821e-02
8481.7480 1.5202e-02
8484.2930 2.0158e-02
8486.8379 2.0225e-02
8489.3848 2.2413e-02
8491.9316 1.8367e-02
8494.4795 1.4546e-02
8497.0264 2.2296e-02
8499.5762 2.0614e-02
8502.1260 1.5506e-02
8504.6777 2.2969e-02
8507.2285 2.1037e-02
8509.7803 2.1841e-02
8512.3330 1.7211e-02
8514.8857 1.9442e-02
8517.4414 2.3194e-02
8519.9961 2.2365e-02
8522.5527 2.1177e-02
8525.1094 1.8271e-02
8527.6670 2.3906e-02
8530.2246 1.8068e-02
8532.7842 2.9816e-02
8535.3438 1.5658e-02
8537.9053 1.9937e-02
8540.4668 2.0870e-02
8543.0273 2.1462e-02
8545.5908 2.7398e-02
8548.1543 2.6493e-02
8550.7188 2.8965e-02
8553.2842 2.2980e-02
8555.8496 1.9252e-02
8558.4170 1.9944e-02
8560.9844 2.2779e-02
8563.5527 2.3072e-02
8566.1221 2.3504e-02
8568.6914 2.2919e-02
8571.2617 3.0158e-02
8573.8350 2.7926e-02
8576.4062 2.6835e-02
8578.9785 2.6476e-02
8581.5527 2.0913e-02
8584.1270 2.2798e-02
8586.7031 2.0187e-02
8589.2783 2.2955e-02
8591.8555 2.0704e-02
8594.4326 2.9690e-02
8597.0117 2.9629e-02
8599.5898 2.5362e-02
8602.1699 2.9935e-02
8604.7500 1.7416e-02
8607.3320 2.0131e-02
8609.9150 2.1547e-02
8612.4971 1.9880e-02
8615.0811 2.5603e-02
8617.6660 3.5563e-02
8620.2500 3.0342e-02
8622.8369 2.2575e-02
8625.4229 3.0667e-02
8628.0117 1.9601e-02
8630.6006 2.9496e-02
8633.1885 2.1865e-02
8635.7793 2.8796e-02
8638.3711 2.3658e-02
8640.9609 1.7832e-02
8643.5527 1.7881e-02
8646.1465 3.0854e-02
8648.7393 1.6396e-02
8651.3350 2.7991e-02
8653.9307 2.6205e-02
8656.5264 1.8984e-02
8659.1230 2.8975e-02
8661.7207 2.3034e-02
8664.3203 1.8245e-02
8666.9189 1.8538e-02
8669.5186 2.3445e-02
8672.1201 2.3908e-02
8674.7217 2.3182e-02
8677.3242 2.2684e-02
8679.9277 2.0898e-02
8682.5312 2.5239e-02
8685.1367 2.3155e-02
8687.7412 2.7665e-02
8690.3477 2.0016e-02
8692.9551 2.2692e-02
8695.5625 2.1945e-02
8698.1709 2.1007e-02
8700.7803 1.8930e-02
8703.3916 2.1075e-02
8706.0020 2.3160e-02
8708.6133 2.3848e-02
8711.2266 1.6505e-02
8713.8398 2.2220e-02
8716.4541 2.2263e-02
8719.0684 3.0179e-02
8721.6846 2.7819e-02
8724.3018 2.6198e-02
8726.9189 1.9936e-02
8729.5371 2.3605e-02
8732.1553 3.0121e-02
8734.7754 2.5073e-02
8737.3955 3.3165e-02
8740.0166 2.1739e-02
8742.6387 2.2135e-02
8745.2607 2.2685e-02
8747.8848 2.6374e-02
8750.5098 1.6425e-02
8753.1348 2.2428e-02
8755.7607 2.2204e-02
8758.3867 2.1068e-02
8761.0146 2.5181e-02
8763.6436 2.4865e-02
8766.2715 2.2278e-02
8768.9023 3.3550e-02
8771.5322 2.6704e-02
8774.1641 2.6967e-02
8776.7959 2.7524e-02
8779.4287 2.6464e-02
8782.0635 2.5062e-02
8784.6982 2.3889e-02
8787.3330 2.6665e-02
8789.9697 1.9593e-02
8792.6074 2.5717e-02
8795.2451 2.1239e-02
8797.8838 3.0393e-02
8800.5234 2.8126e-02
8803.1621 2.3803e-02
8805.8027 1.9234e-02
8808.4453 2.3693e-02
8811.0879 2.3782e-02
8813.7314 2.7191e-02
8816.3750 2.5018e-02
8819.0205 1.6692e-02
8821.6660 1.6959e-02
8824.3125 2.5674e-02
8826.9590 2.8890e-02
8829.6084 2.2190e-02
8832.2568 1.5571e-02
8834.9062 2.6638e-02
8837.5557 2.0462e-02
8840.2080 2.3679e-02
8842.8594 2.5006e-02
8845.5127 2.9255e-02
8848.1670 1.6160e-02
8850.8213 2.6908e-02
8853.4766 2.1381e-02
8856.1328 2.4290e-02
8858.7881 1.4438e-02
8861.4463 2.7745e-02
8864.1045 1.3680e-02
8866.7646 1.8242e-02
8869.4238 2.6965e-02
8872.0850 2.5701e-02
8874.7471 2.2424e-02
8877.4092 2.3170e-02
8880.0732 1.2622e-02
8882.7373 2.1402e-02
8885.4014 1.7911e-02
8888.0674 1.8749e-02
8890.7334 1.5848e-02
8893.4004 1.5674e-02
8896.0684 2.5248e-02
8898.7373 2.0149e-02
8901.4072 2.1149e-02
8904.0771 1.7492e-02
8906.7480 2.3208e-02
8909.4199 2.1125e-02
8912.0938 2.2127e-02
8914.7676 2.1950e-02
8917.4414 2.4090e-02
8920.1172 1.8088e-02
8922.7930 1.3323e-02
8925.4697 2.5131e-02
8928.1475 2.1166e-02
8930.8262 1.6874e-02
8933.5049 1.6443e-02
8936.1855 1.6958e-02
8938.8652 1.9832e-02
8941.5469 2.2144e-02
8944.2295 2.3125e-02
8946.9141 1.9653e-02
8949.5977 2.2817e-02
8952.2822 3.1979e-02
8954.9678 2.0591e-02
8957.6553 2.1130e-02
8960.3418 2.3780e-02
8963.0293 1.4609e-02
8965.7178 1.2147e-02
8968.4082 2.4272e-02
8971.0986 1.3644e-02
8973.7910 1.7962e-02
8976.4824 2.1218e-02
8979.1748 2.3765e-02
8981.8691 1.4601e-02
8984.5635 1.9722e-02
8987.2588 1.8337e-02
8989.9551 2.0816e-02
8992.6523 2.6163e-02
8995.3506 1.9323e-02
8998.0488 2.1292e-02
9000.7480 2.0010e-02
9003.4482 1.2627e-02
9006.1494 1.8100e-02
9008.8516 3.1428e-02
9011.5537 1.9220e-02
9014.2578 1.5940e-02
9016.9609 1.9263e-02
9019.6660 2.3280e-02
9022.3721 2.2528e-02
9025.0791 1.5999e-02
9027.7871 1.3109e-02
9030.4951 1.9167e-02
9033.2051 2.6890e-02
9035.9150 2.1087e-02
9038.6260 1.5721e-02
9041.3369 1.6470e-02
9044.0498 1.5713e-02
9046.7627 2.2758e-02
9049.4766 1.6681e-02
9052.1914 2.3354e-02
9054.9072 1.4114e-02
9057.6240 2.7675e-02
9060.3398 1.7077e-02
9063.0586 2.1410e-02
9065.7773 2.0045e-02
9068.4971 2.4656e-02
9071.2168 2.5853e-02
9073.9395 1.9230e-02
9076.6611 2.4597e-02
9079.3848 2.2503e-02
9082.1074 2.3015e-02
9084.8330 1.6918e-02
9087.5576 1.9077e-02
9090.2832 2.2252e-02
9093.0117 1.5343e-02
9095.7393 1.5847e-02
9098.4688 1.7968e-02
9101.1973 1.0546e-02
9103.9287 2.1705e-02
9106.6592 1.5211e-02
9109.3906 2.5254e-02
9112.1250 2.1005e-02
9114.8584 1.7207e-02
9117.5928 1.5281e-02
9120.3271 8.3466e-03
9123.0635 2.0627e-02
9125.8008 1.3088e-02
9128.5391 2.7682e-02
9131.2764 1.5642e-02
9134.0156 1.9645e-02
9136.7568 2.6359e-02
9139.4980 2.5458e-02
9142.2383 1.9380e-02
9144.9814 1.1495e-02
9147.7266 1.8890e-02
9150.4707 1.5507e-02
9153.2158 1.4911e-02
9155.9609 2.4083e-02
9158.7070 1.6335e-02
9161.4551 1.5858e-02
9164.2041 2.3612e-02
9166.9531 1.3241e-02
9169.7031 1.5897e-02
9172.4541 1.7013e-02
9175.2051 1.7242e-02
9177.9580 1.5505e-02
9180.7109 2.6336e-02
9183.4668 1.5339e-02
9186.2207 1.9586e-02
9188.9766 2.2398e-02
9191.7334 1.9963e-02
9194.4912 2.1945e-02
9197.2490 1.6796e-02
9200.0088 1.6717e-02
9202.7686 2.0839e-02
9205.5293 2.7353e-02
9208.2920 1.7067e-02
9211.0527 1.9816e-02
9213.8164 1.9502e-02
9216.5811 1.7497e-02
9219.3467 1.5134e-02
9222.1113 1.3491e-02
9224.8789 2.0718e-02
9227.6455 1.5176e-02
9230.4141 2.6773e-02
9233.1836 2.0014e-02
9235.9531 2.6020e-02
9238.7246 1.3070e-02
9241.4951 1.7251e-02
9244.2686 1.7181e-02
9247.0410 1.4054e-02
9249.8154 2.1330e-02
9252.5908 2.3181e-02
9255.3652 2.1551e-02
9258.1426 1.5353e-02
9260.9209 2.1379e-02
9263.6992 1.5365e-02
9266.4775 2.2030e-02
9269.2568 2.0346e-02
9272.0381 1.9186e-02
9274.8203 1.9297e-02
9277.6025 1.7501e-02
9280.3857 1.8271e-02
9283.1709 1.0200e-02
9285.9541 2.2982e-02
9288.7402 1.6919e-02
9291.5264 1.2196e-02
9294.3135 1.6170e-02
9297.1025 1.8960e-02
9299.8926 1.7020e-02
9302.6816 1.8900e-02
9305.4727 9.6989e-03
9308.2646 1.3228e-02
9311.0566 1.4509e-02
9313.8506 1.7169e-02
9316.6436 1.7798e-02
9319.4395 2.0707e-02
9322.2354 1.7126e-02
9325.0322 1.9131e-02
9327.8291 2.0711e-02
9330.6279 1.6045e-02
9333.4277 1.6077e-02
9336.2266 1.8186e-02
9339.0283 1.8997e-02
9341.8291 1.7349e-02
9344.6318 1.5916e-02
9347.4355 1.4507e-02
9350.2402 1.4956e-02
9353.0449 1.8744e-02
9355.8516 1.1599e-02
9358.6572 1.9787e-02
9361.4658 1.4599e-02
9364.2734 1.4429e-02
9367.0830 1.2699e-02
9369.8936 1.5584e-02
9372.7041 1.3289e-02
9375.5156 1.5069e-02
9378.3291 1.0993e-02
9381.1416 2.0564e-02
9383.9561 1.9597e-02
9386.7715 2.9781e-02
9389.5879 1.5416e-02
9392.4043 1.6137e-02
9395.2217 1.9706e-02
9398.0400 1.8429e-02
9400.8594 1.5171e-02
9403.6807 1.3474e-02
9406.5020 1.8181e-02
9409.3242 1.0162e-02
9412.1465 1.4145e-02
9414.9707 7.9064e-03
9417.7939 1.4142e-02
9420.6201 2.2367e-02
9423.4453 2.1032e-02
9426.2725 1.2356e-02
9429.1006 2.4524e-02
9431.9287 1.0783e-02
9434.7588 1.6682e-02
9437.5898 1.1729e-02
9440.4209 1.2986e-02
9443.2529 1.7436e-02
9446.0859 1.6167e-02
9448.9199 2.0469e-02
9451.7549 1.7778e-02
9454.5889 1.0942e-02
9457.4268 9.9138e-03
9460.2637 1.0615e-02
9463.1016 1.1839e-02
9465.9414 1.3825e-02
9468.7803 1.7341e-02
9471.6211 2.4084e-02
9474.4629 1.9627e-02
9477.3047 1.2773e-02
9480.1484 1.6315e-02
9482.9922 1.4049e-02
9485.8369 1.0474e-02
9488.6836 1.7986e-02
9491.5303 1.2431e-02
9494.3760 1.3123e-02
9497.2256 7.8194e-03
9500.0742 1.1066e-02
9502.9238 1.7979e-02
9505.7754 1.4476e-02
9508.6270 1.1173e-02
9511.4805 2.2199e-02
9514.3320 1.2782e-02
9517.1875 1.8846e-02
9520.0420 8.0223e-03
9522.8984 1.2859e-02
9525.7559 1.3008e-02
9528.6133 1.7510e-02
9531.4717 1.3981e-02
9534.3311 8.5693e-03
9537.1914 1.4550e-02
9540.0518 1.1671e-02
9542.9150 1.7259e-02
9545.7773 2.0679e-02
9548.6416 1.2066e-02
9551.5059 1.1194e-02
9554.3711 1.4351e-02
9557.2373 1.0873e-02
9560.1045 1.9489e-02
9562.9727 1.4763e-02
9565.8418 2.2324e-02
9568.7109 1.6889e-02
9571.5820 1.5476e-02
9574.4531 7.4223e-03
9577.3252 1.0476e-02
9580.1992 2.1018e-02
9583.0723 1.2494e-02
9585.9473 1.9940e-02
9588.8242 1.5640e-02
9591.7002 1.3066e-02
9594.5781 8.4451e-03
9597.4561 1.2970e-02
9600.3350 1.3824e-02
9603.2158 1.3050e-02
9606.0957 1.2501e-02
9608.9775 1.6692e-02
9611.8613 1.4909e-02
9614.7441 1.2872e-02
9617.6279 9.6916e-03
9620.5137 1.1544e-02
9623.4014 1.4282e-02
9626.2881 1.2561e-02
9629.1748 1.2641e-02
9632.0645 6.5868e-03
9634.9541 1.3483e-02
9637.8438 6.1331e-03
9640.7363 8.2485e-03
9643.6270 1.2437e-02
9646.5215 7.4925e-03
9649.4141 6.6698e-03
9652.3086 1.5536e-02
9655.2051 1.1877e-02
9658.1016 1.0449e-02
9660.9990 1.7034e-02
9663.8975 1.0841e-02
9666.7969 1.1176e-02
9669.6973 6.8500e-03
9672.5967 1.0458e-02
9675.5000 1.8230e-02
9678.4023 1.3112e-02
9681.3057 7.3863e-03
9684.2109 7.8726e-03
9687.1152 1.2311e-02
9690.0215 1.3825e-02
9692.9287 1.0532e-02
9695.8369 9.1736e-03
9698.7441 1.7832e-02
9701.6553 8.7298e-03
9704.5645 1.4589e-02
9707.4775 6.0298e-03
9710.3887 1.7658e-02
9713.3008 1.6076e-02
9716.2158 1.7178e-02
9719.1299 1.5119e-02
9722.0459 1.1253e-02
9724.9629 8.8993e-03
9727.8809 1.1622e-02
9730.7988 1.5238e-02
9733.7178 1.1305e-02
9736.6387 9.9603e-03
9739.5586 9.3765e-03
9742.4805 1.2762e-02
9745.4033 6.9194e-03
9748.3281 7.8476e-03
9751.2520 1.6233e-02
9754.1777 1.0834e-02
9757.1035 1.1139e-02
9760.0303 1.2216e-02
9762.9590 1.1699e-02
9765.8877 1.1638e-02
9768.8174 8.7149e-03
9771.7480 1.6272e-02
9774.6797 1.5150e-02
9777.6113 1.5274e-02
9780.5459 1.1222e-02
9783.4795 1.3346e-02
9786.4141 1.3426e-02
9789.3496 6.9532e-03
9792.2871 1.2847e-02
9795.2256 1.5077e-02
9798.1641 1.2085e-02
9801.1035 9.9270e-03
9804.0430 1.3126e-02
9806.9844 1.3724e-02
9809.9268 9.8363e-03
9812.8691 1.7294e-02
9815.8125 1.2697e-02
9818.7578 9.2898e-03
9821.7041 1.0118e-02
9824.6494 9.6814e-03
9827.5967 1.7628e-02
9830.5469 1.4886e-02
9833.4951 1.1811e-02
9836.4453 1.0090e-02
9839.3965 1.0690e-02
9842.3486 9.9950e-03
9845.2998 1.3652e-02
9848.2549 9.7550e-03
9851.2080 6.8698e-03
9854.1641 1.5077e-02
9857.1201 1.4974e-02
9860.0771 1.3537e-02
9863.0361 7.8666e-03
9865.9941 1.3416e-02
9868.9541 1.1760e-02
9871.9150 1.4607e-02
9874.8760 7.1628e-03
9877.8389 1.4336e-02
9880.8018 1.2066e-02
9883.7666 1.0211e-02
9886.7324 7.5513e-03
9889.6982 1.3015e-02
9892.6641 1.1338e-02
9895.6338 1.7590e-02
9898.6016 1.5209e-02
9901.5713 1.1948e-02
9904.5420 1.3900e-02
9907.5127 7.0354e-03
9910.4854 9.2794e-03
9913.4590 6.4117e-03
9916.4326 8.4491e-03
9919.4072 7.9152e-03
9922.3828 8.0091e-03
9925.3584 1.0503e-02
9928.3379 7.8715e-03
9931.3164 1.9535e-02
9934.2949 9.2069e-03
9937.2754 7.0625e-03
9940.2568 6.9011e-03
9943.2383 9.4664e-03
9946.2207 7.0203e-03
9949.2061 1.0169e-02
9952.1904 1.1945e-02
9955.1758 7.4258e-03
9958.1631 9.7029e-03
9961.1494 1.3140e-02
9964.1387 1.2392e-02
9967.1279 1.2505e-02
9970.1182 1.0408e-02
9973.1084 6.5375e-03
9976.1006 1.4090e-02
9979.0928 8.4416e-03
9982.0859 9.0271e-03
9985.0820 1.9168e-02
9988.0771 9.3259e-03
9991.0732 7.3241e-03
9994.0713 1.6651e-02
9997.0693 1.2626e-02
10000.0684 1.0377e-02
10003.0674 8.9484e-03
10006.0684 7.1616e-03
10009.0713 1.1695e-02
10012.0742 4.3941e-03
10015.0771 1.0797e-02
10018.0820 5.8001e-03
10021.0879 9.3299e-03
10024.0938 8.6189e-03
10027.1006 9.8969e-03
10030.1084 9.8494e-03
10033.1172 7.6533e-03
10036.1270 8.6767e-03
10039.1387 1.0835e-02
10042.1504 1.4419e-02
10045.1631 1.2137e-02
10048.1768 1.1607e-02
10051.1924 1.2028e-02
10054.2061 1.4488e-02
10057.2227 5.7387e-03
10060.2402 6.4710e-03
10063.2578 9.8210e-03
10066.2773 8.2826e-03
10069.2969 1.0456e-02
10072.3174 1.7371e-02
10075.3379 8.5584e-03
10078.3623 9.6849e-03
10081.3848 1.1053e-02
10084.4102 8.5412e-03
10087.4346 7.8358e-03
10090.4619 1.1007e-02
10093.4883 1.0394e-02
10096.5166 9.5927e-03
10099.5459 1.7235e-02
10102.5742 1.3085e-02
10105.6055 6.4079e-03
10108.6367 7.1928e-03
10111.6709 1.0823e-02
10114.7041 7.5231e-03
10117.7383 1.7245e-02
10120.7734 1.0891e-02
10123.8105 1.3437e-02
10126.8477 6.1501e-03
10129.8857 1.2948e-02
10132.9248 7.9304e-03
10135.9648 6.6649e-03
10139.0049 9.7109e-03
10142.0479 8.2830e-03
10145.0879 1.1318e-02
10148.1318 1.2621e-02
10151.1768 7.7129e-03
10154.2227 8.5757e-03
10157.2686 1.0181e-02
10160.3154 9.3765e-03
10163.3643 1.3159e-02
10166.4121 6.2636e-03
10169.4629 1.5116e-02
10172.5137 1.0204e-02
10175.5654 8.4729e-03
10178.6191 1.6670e-02
10181.6719 9.8882e-03
10184.7256 9.6604e-03
10187.7822 7.1449e-03
10190.8379 3.2780e-03
10193.8945 1.3037e-02
10196.9541 9.2433e-03
10200.0127 8.8842e-03
10203.0723 1.3093e-02
10206.1328 5.9554e-03
10209.1953 5.4114e-03
10212.2578 1.2433e-02
10215.3223 8.9503e-03
10218.3867 5.2883e-03
10221.4521 1.7969e-02
10224.5186 7.0927e-03
10227.5850 5.6001e-03
10230.6543 6.5603e-03
10233.7246 1.1841e-02
10236.7930 5.3534e-03
10239.8643 1.0115e-02
10242.9355 1.0234e-02
10246.0098 6.2468e-03
10249.0830 1.1665e-02
10252.1572 8.9300e-03
10255.2334 1.1268e-02
10258.3096 7.5819e-03
10261.3877 1.0033e-02
10264.4648 1.0665e-02
10267.5449 1.2514e-02
10270.6250 9.6064e-03
