# time_explosion = 2.75
# 
3082.8928 2.3139e-03
3083.8179 0.0000e+00
3084.7432 0.0000e+00
3085.6685 0.0000e+00
3086.5940 4.0756e-03
3087.5200 0.0000e+00
3088.4463 4.4726e-03
3089.3728 3.9268e-03
3090.2996 0.0000e+00
3091.2268 0.0000e+00
3092.1541 0.0000e+00
3093.0815 3.5670e-03
3094.0098 0.0000e+00
3094.9380 4.5377e-03
3095.8665 1.9726e-03
3096.7952 0.0000e+00
3097.7241 1.3882e-03
3098.6536 0.0000e+00
3099.5828 0.0000e+00
3100.5129 0.0000e+00
3101.4431 2.5074e-03
3102.3735 3.9849e-03
3103.3042 0.0000e+00
3104.2354 0.0000e+00
3105.1665 3.5622e-03
3106.0981 4.4909e-03
3107.0300 4.3629e-03
3107.9619 6.3765e-03
3108.8943 0.0000e+00
3109.8269 0.0000e+00
3110.7600 4.6435e-03
3111.6929 3.2300e-03
3112.6265 0.0000e+00
3113.5605 2.8712e-03
3114.4944 4.7559e-04
3115.4290 4.9795e-03
3116.3635 2.8763e-04
3117.2986 8.6463e-03
3118.2336 4.6691e-04
3119.1689 0.0000e+00
3120.1047 4.5035e-03
3121.0410 4.1951e-03
3121.9773 4.2269e-03
3122.9136 1.0437e-02
3123.8508 0.0000e+00
3124.7878 9.8894e-03
3125.7251 0.0000e+00
3126.6628 0.0000e+00
3127.6008 3.9394e-03
3128.5393 1.7953e-03
3129.4778 3.6450e-04
3130.4170 0.0000e+00
3131.3557 4.6335e-03
3132.2954 2.9162e-03
3133.2349 7.7660e-04
3134.1748 0.0000e+00
3135.1150 5.6458e-03
3136.0559 0.0000e+00
3136.9968 2.2745e-03
3137.9377 0.0000e+00
3138.8789 9.5812e-03
3139.8206 5.2728e-04
3140.7625 0.0000e+00
3141.7046 0.0000e+00
3142.6472 0.0000e+00
3143.5901 0.0000e+00
3144.5334 2.2651e-03
3145.4766 0.0000e+00
3146.4202 6.9785e-03
3147.3643 4.5045e-03
3148.3086 1.5872e-02
3149.2529 0.0000e+00
3150.1975 0.0000e+00
3151.1426 9.8656e-04
3152.0881 2.4708e-03
3153.0337 0.0000e+00
3153.9795 8.5179e-04
3154.9255 0.0000e+00
3155.8723 0.0000e+00
3156.8188 1.5893e-02
3157.7661 0.0000e+00
3158.7134 0.0000e+00
3159.6609 2.7645e-03
3160.6086 0.0000e+00
3161.5571 0.0000e+00
3162.5054 0.0000e+00
3163.4541 0.0000e+00
3164.4031 5.1957e-04
3165.3528 8.7318e-03
3166.3022 1.6362e-03
3167.2522 0.0000e+00
3168.2024 0.0000e+00
3169.1526 0.0000e+00
3170.1035 4.0110e-03
3171.0544 3.4625e-03
3172.0061 0.0000e+00
3172.9573 0.0000e+00
3173.9092 0.0000e+00
3174.8613 4.5013e-03
3175.8140 0.0000e+00
3176.7668 9.9123e-03
3177.7197 0.0000e+00
3178.6729 3.9680e-03
3179.6267 5.5133e-03
3180.5808 4.1481e-04
3181.5347 0.0000e+00
3182.4893 6.2051e-03
3183.4438 7.6336e-03
3184.3987 0.0000e+00
3185.3542 4.3578e-03
3186.3101 2.8728e-03
3187.2659 0.0000e+00
3188.2217 8.5998e-03
3189.1785 2.5077e-03
3190.1350 0.0000e+00
3191.0920 7.2499e-03
3192.0493 0.0000e+00
3193.0071 1.2508e-03
3193.9651 1.8283e-03
3194.9233 0.0000e+00
3195.8818 6.9693e-03
3196.8408 5.5512e-03
3197.7996 0.0000e+00
3198.7590 6.7395e-03
3199.7185 0.0000e+00
3200.6782 8.4469e-03
3201.6387 4.3274e-03
3202.5991 3.0472e-03
3203.5598 2.2351e-03
3204.5208 0.0000e+00
3205.4824 4.2513e-03
3206.4441 0.0000e+00
3207.4058 1.6960e-03
3208.3682 0.0000e+00
3209.3306 0.0000e+00
3210.2935 6.8832e-03
3211.2563 1.0429e-03
3212.2200 0.0000e+00
3213.1833 1.2386e-02
3214.1472 3.2867e-03
3215.1118 9.4786e-04
3216.0764 2.7048e-03
3217.0413 0.0000e+00
3218.0061 2.7803e-04
3218.9714 2.6579e-03
3219.9373 0.0000e+00
3220.9031 2.0935e-03
3221.8699 7.0768e-03
3222.8362 0.0000e+00
3223.8030 1.9142e-03
3224.7700 2.9357e-03
3225.7375 2.3692e-03
3226.7053 4.4714e-03
3227.6731 3.9193e-03
3228.6416 2.2408e-03
3229.6101 4.1510e-04
3230.5791 0.0000e+00
3231.5483 3.8669e-04
3232.5178 0.0000e+00
3233.4875 1.5241e-03
3234.4575 1.5606e-03
3235.4280 4.3884e-03
3236.3984 4.0655e-03
3237.3691 1.2794e-02
3238.3403 1.4679e-03
3239.3120 3.6237e-03
3240.2839 3.5132e-03
3241.2559 0.0000e+00
3242.2285 1.8661e-03
3243.2012 0.0000e+00
3244.1743 0.0000e+00
3245.1472 0.0000e+00
3246.1208 4.5034e-03
3247.0947 6.1659e-03
3248.0688 5.3874e-03
3249.0432 7.6174e-03
3250.0178 8.4887e-04
3250.9929 4.1683e-03
3251.9680 4.8821e-03
3252.9438 0.0000e+00
3253.9194 0.0000e+00
3254.8958 3.8763e-03
3255.8723 9.0619e-04
3256.8489 5.4605e-03
3257.8262 0.0000e+00
3258.8035 1.2756e-03
3259.7810 0.0000e+00
3260.7593 0.0000e+00
3261.7373 3.7947e-03
3262.7158 8.4683e-03
3263.6946 1.1768e-03
3264.6736 4.4642e-03
3265.6531 1.1378e-03
3266.6331 4.8140e-03
3267.6130 2.5087e-03
3268.5930 0.0000e+00
3269.5735 3.5129e-03
3270.5544 4.4815e-03
3271.5356 0.0000e+00
3272.5171 4.5323e-03
3273.4990 1.5831e-03
3274.4812 2.1121e-03
3275.4634 0.0000e+00
3276.4458 1.0620e-02
3277.4287 5.3435e-03
3278.4124 0.0000e+00
3279.3958 1.5199e-03
3280.3794 0.0000e+00
3281.3635 3.6425e-03
3282.3479 2.3932e-03
3283.3325 1.9338e-03
3284.3179 8.7598e-03
3285.3030 1.7809e-03
3286.2888 5.4472e-03
3287.2744 6.1309e-03
3288.2605 9.0874e-03
3289.2471 1.1048e-03
3290.2339 0.0000e+00
3291.2212 0.0000e+00
3292.2083 4.3836e-03
3293.1958 1.4295e-02
3294.1838 3.0697e-03
3295.1724 0.0000e+00
3296.1609 1.3159e-02
3297.1497 0.0000e+00
3298.1387 3.3332e-03
3299.1282 8.0333e-03
3300.1177 1.5773e-03
3301.1079 8.1298e-03
3302.0984 7.6143e-03
3303.0889 6.6398e-03
3304.0798 1.2853e-02
3305.0713 0.0000e+00
3306.0627 4.3626e-03
3307.0544 0.0000e+00
3308.0466 8.9415e-03
3309.0391 1.3295e-03
3310.0317 3.8020e-04
3311.0247 0.0000e+00
3312.0178 2.1386e-03
3313.0117 4.7773e-03
3314.0054 0.0000e+00
3315.0000 4.0654e-03
3315.9941 6.8006e-03
3316.9890 3.9954e-03
3317.9839 5.0102e-03
3318.9795 7.1112e-03
3319.9751 3.3074e-03
3320.9712 2.2249e-03
3321.9678 4.4159e-03
3322.9639 9.2404e-03
3323.9607 4.4839e-03
3324.9580 0.0000e+00
3325.9558 4.3843e-03
3326.9536 6.2199e-03
3327.9514 0.0000e+00
3328.9497 4.8893e-03
3329.9482 4.3262e-03
3330.9475 0.0000e+00
3331.9468 5.8299e-03
3332.9463 0.0000e+00
3333.9463 2.3547e-03
3334.9463 5.5464e-03
3335.9473 6.5332e-04
3336.9478 0.0000e+00
3337.9487 1.1933e-03
3338.9502 7.6659e-04
3339.9517 3.7517e-04
3340.9536 6.7650e-03
3341.9561 2.6978e-03
3342.9587 0.0000e+00
3343.9614 4.8028e-04
3344.9651 0.0000e+00
3345.9685 4.1139e-04
3346.9722 9.2837e-03
3347.9763 0.0000e+00
3348.9805 4.4540e-03
3349.9854 1.5128e-03
3350.9902 4.0610e-03
3351.9956 1.2366e-03
3353.0010 2.3692e-03
3354.0073 1.6848e-03
3355.0129 1.1884e-02
3356.0198 1.3699e-03
3357.0264 2.5452e-03
3358.0334 9.4693e-03
3359.0410 0.0000e+00
3360.0488 1.2200e-03
3361.0569 0.0000e+00
3362.0654 0.0000e+00
3363.0740 4.3991e-04
3364.0828 6.4657e-03
3365.0918 7.1588e-03
3366.1013 0.0000e+00
3367.1113 0.0000e+00
3368.1213 1.9189e-03
3369.1318 2.0425e-03
3370.1426 4.3546e-04
3371.1536 5.3948e-03
3372.1650 2.0708e-03
3373.1768 3.6033e-03
3374.1885 5.0639e-03
3375.2004 4.8520e-03
3376.2134 7.5263e-04
3377.2261 1.4909e-03
3378.2395 7.6545e-04
3379.2529 0.0000e+00
3380.2664 2.0749e-03
3381.2805 1.8821e-03
3382.2952 0.0000e+00
3383.3098 9.9271e-03
3384.3250 4.2750e-03
3385.3401 6.6561e-03
3386.3557 8.0308e-04
3387.3716 5.3103e-03
3388.3879 0.0000e+00
3389.4045 7.6361e-03
3390.4211 0.0000e+00
3391.4385 4.1347e-03
3392.4558 1.2417e-03
3393.4736 9.8670e-04
3394.4915 1.7420e-03
3395.5100 4.4483e-03
3396.5286 6.4092e-04
3397.5474 0.0000e+00
3398.5667 1.0793e-03
3399.5862 3.6397e-03
3400.6062 0.0000e+00
3401.6262 4.7528e-03
3402.6467 0.0000e+00
3403.6677 6.6260e-03
3404.6887 1.1589e-02
3405.7100 1.0147e-03
3406.7319 3.3555e-03
3407.7539 7.2504e-03
3408.7764 5.0360e-03
3409.7988 0.0000e+00
3410.8218 0.0000e+00
3411.8450 3.9959e-03
3412.8687 3.7783e-03
3413.8923 0.0000e+00
3414.9167 2.5696e-03
3415.9412 2.4209e-03
3416.9658 3.8418e-03
3417.9907 0.0000e+00
3419.0164 2.5786e-03
3420.0420 5.2637e-03
3421.0681 1.4015e-03
3422.0945 6.9009e-03
3423.1208 1.4476e-03
3424.1479 0.0000e+00
3425.1753 1.0380e-02
3426.2029 7.9644e-04
3427.2307 0.0000e+00
3428.2588 0.0000e+00
3429.2871 0.0000e+00
3430.3159 4.2039e-03
3431.3452 5.9160e-03
3432.3748 2.9003e-04
3433.4041 1.0100e-02
3434.4346 4.1630e-03
3435.4646 3.0176e-03
3436.4954 0.0000e+00
3437.5261 1.1510e-02
3438.5579 4.4550e-03
3439.5894 4.0956e-03
3440.6208 9.3155e-03
3441.6531 2.2383e-03
3442.6855 0.0000e+00
3443.7183 0.0000e+00
3444.7515 8.3606e-03
3445.7852 0.0000e+00
3446.8186 7.5015e-04
3447.8525 3.8385e-03
3448.8872 6.1481e-03
3449.9216 1.2997e-02
3450.9568 3.3952e-03
3451.9919 7.1908e-03
3453.0276 4.4249e-03
3454.0637 1.7428e-03
3455.0999 6.8655e-04
3456.1362 5.9451e-03
3457.1731 0.0000e+00
3458.2102 3.4570e-03
3459.2476 7.6708e-03
3460.2856 5.2765e-03
3461.3235 5.5030e-03
3462.3621 3.9762e-03
3463.4004 1.0768e-02
3464.4399 1.8593e-03
3465.4790 4.0550e-03
3466.5188 1.0979e-02
3467.5586 3.3370e-03
3468.5989 8.2857e-03
3469.6394 2.0256e-03
3470.6804 4.1370e-03
3471.7217 1.2196e-02
3472.7629 4.0221e-03
3473.8049 1.1844e-02
3474.8469 8.1294e-03
3475.8894 8.8558e-03
3476.9321 6.5678e-03
3477.9751 1.3186e-03
3479.0188 7.7377e-03
3480.0625 1.3190e-02
3481.1064 3.3762e-03
3482.1509 1.0503e-02
3483.1956 7.8577e-03
3484.2407 1.0669e-02
3485.2856 0.0000e+00
3486.3313 1.2643e-02
3487.3772 7.9405e-04
3488.4233 1.0685e-02
3489.4697 1.2062e-02
3490.5168 4.5459e-03
3491.5640 7.7073e-03
3492.6116 4.8108e-03
3493.6592 1.0832e-03
3494.7073 2.8832e-03
3495.7556 4.4985e-04
3496.8044 6.8849e-03
3497.8535 5.4192e-03
3498.9026 0.0000e+00
3499.9526 5.8002e-03
3501.0024 1.6690e-03
3502.0527 3.0022e-03
3503.1033 2.3598e-03
3504.1543 3.2066e-03
3505.2058 4.0840e-03
3506.2571 2.9334e-03
3507.3088 0.0000e+00
3508.3613 6.8875e-03
3509.4136 3.9717e-03
3510.4663 3.4662e-03
3511.5193 1.8557e-03
3512.5730 0.0000e+00
3513.6270 4.3007e-03
3514.6809 4.0352e-03
3515.7351 3.8577e-03
3516.7898 1.2287e-02
3517.8452 7.5152e-03
3518.9004 4.6016e-03
3519.9561 1.0163e-02
3521.0122 8.0940e-03
3522.0686 3.9576e-03
3523.1250 5.9862e-03
3524.1821 4.7095e-03
3525.2390 3.9402e-03
3526.2969 3.6632e-03
3527.3547 3.8979e-03
3528.4126 2.2639e-02
3529.4714 4.0008e-03
3530.5303 4.6092e-03
3531.5894 0.0000e+00
3532.6487 7.9013e-03
3533.7090 7.7700e-03
3534.7688 0.0000e+00
3535.8293 5.8147e-03
3536.8901 3.9950e-03
3537.9512 1.1458e-03
3539.0122 3.7726e-03
3540.0740 3.2324e-03
3541.1360 4.1189e-03
3542.1987 0.0000e+00
3543.2612 5.4350e-03
3544.3245 0.0000e+00
3545.3875 2.7328e-03
3546.4509 3.4357e-04
3547.5154 3.3583e-03
3548.5793 6.4397e-03
3549.6438 0.0000e+00
3550.7087 0.0000e+00
3551.7739 7.6710e-04
3552.8396 5.1512e-04
3553.9053 8.4309e-04
3554.9714 4.0609e-03
3556.0378 7.3382e-03
3557.1050 0.0000e+00
3558.1716 3.9092e-03
3559.2395 4.2329e-04
3560.3071 0.0000e+00
3561.3752 7.5033e-03
3562.4436 8.5893e-04
3563.5125 4.8574e-03
3564.5813 8.4030e-03
3565.6506 3.7349e-03
3566.7205 3.8390e-03
3567.7905 0.0000e+00
3568.8611 1.9079e-03
3569.9316 6.7767e-03
3571.0027 1.1558e-02
3572.0737 1.6574e-03
3573.1455 0.0000e+00
3574.2175 0.0000e+00
3575.2896 1.1327e-02
3576.3625 4.4506e-03
3577.4351 2.5942e-04
3578.5083 3.1010e-04
3579.5820 1.4349e-03
3580.6560 5.4634e-03
3581.7300 1.4888e-03
3582.8047 8.4933e-03
3583.8792 6.0258e-04
3584.9546 3.8331e-03
3586.0298 1.1788e-03
3587.1060 1.6229e-03
3588.1821 1.1015e-03
3589.2583 1.6684e-03
3590.3352 4.8774e-03
3591.4124 0.0000e+00
3592.4897 0.0000e+00
3593.5671 3.2482e-04
3594.6455 1.5077e-03
3595.7241 3.8693e-03
3596.8025 6.4343e-03
3597.8818 0.0000e+00
3598.9609 1.1362e-03
3600.0405 6.0716e-03
3601.1204 5.8853e-03
3602.2009 1.6324e-03
3603.2817 6.9566e-03
3604.3625 8.8679e-03
3605.4441 1.0509e-02
3606.5256 0.0000e+00
3607.6074 3.6154e-04
3608.6899 4.0242e-03
3609.7725 4.6544e-04
3610.8552 0.0000e+00
3611.9385 1.8147e-03
3613.0222 7.4109e-03
3614.1062 3.6979e-03
3615.1904 1.9953e-03
3616.2749 4.8679e-04
3617.3599 3.8015e-03
3618.4451 0.0000e+00
3619.5303 0.0000e+00
3620.6165 2.9696e-03
3621.7024 3.0247e-03
3622.7891 3.5077e-03
3623.8760 0.0000e+00
3624.9631 3.3622e-03
3626.0508 5.8612e-03
3627.1382 1.1013e-03
3628.2266 6.6498e-03
3629.3152 7.0146e-04
3630.4038 9.8306e-03
3631.4927 2.7931e-03
3632.5825 4.0020e-04
3633.6721 5.5041e-03
3634.7622 0.0000e+00
3635.8528 1.2384e-02
3636.9434 7.7526e-03
3638.0347 1.2128e-02
3639.1257 3.5885e-03
3640.2178 6.2879e-04
3641.3098 2.4866e-03
3642.4021 6.8013e-03
3643.4946 2.7158e-04
3644.5881 5.2537e-03
3645.6814 9.3433e-04
3646.7751 1.6115e-03
3647.8691 5.2303e-03
3648.9634 4.7846e-03
3650.0581 5.1557e-03
3651.1533 3.2706e-03
3652.2480 3.8574e-03
3653.3442 0.0000e+00
3654.4402 1.4343e-03
3655.5364 5.6042e-03
3656.6333 1.4309e-02
3657.7300 8.0875e-03
3658.8274 4.0275e-03
3659.9250 7.3505e-03
3661.0232 0.0000e+00
3662.1213 5.9627e-03
3663.2202 5.3750e-03
3664.3188 3.3046e-03
3665.4182 6.1217e-03
3666.5181 8.9799e-03
3667.6179 7.4278e-03
3668.7183 6.9459e-04
3669.8186 1.0684e-02
3670.9197 1.1833e-03
3672.0210 0.0000e+00
3673.1226 4.2261e-03
3674.2241 3.4941e-03
3675.3269 3.6462e-03
3676.4294 2.2292e-03
3677.5325 1.0879e-02
3678.6355 5.5835e-03
3679.7390 4.3953e-03
3680.8430 7.6983e-03
3681.9473 0.0000e+00
3683.0518 6.9025e-03
3684.1570 8.3173e-03
3685.2620 1.1607e-02
3686.3677 3.8977e-03
3687.4739 8.2537e-03
3688.5796 4.5203e-03
3689.6865 7.3711e-03
3690.7932 6.5747e-04
3691.9006 1.7584e-03
3693.0081 0.0000e+00
3694.1160 3.4168e-03
3695.2241 7.0595e-03
3696.3328 7.4515e-03
3697.4417 7.5745e-03
3698.5508 0.0000e+00
3699.6606 1.6488e-03
3700.7703 2.0825e-03
3701.8806 1.2215e-03
3702.9910 8.5688e-04
3704.1023 6.2586e-04
3705.2136 1.6252e-02
3706.3247 4.5414e-03
3707.4370 6.0882e-03
3708.5491 1.1750e-02
3709.6616 5.1046e-03
3710.7744 3.2357e-03
3711.8877 0.0000e+00
3713.0012 8.3757e-04
3714.1152 2.6873e-03
3715.2292 4.9446e-03
3716.3440 6.3463e-03
3717.4590 3.5518e-03
3718.5742 3.4920e-03
3719.6897 1.6565e-02
3720.8057 3.7803e-03
3721.9219 9.4999e-03
3723.0383 0.0000e+00
3724.1553 0.0000e+00
3725.2725 2.7359e-04
3726.3904 8.1268e-03
3727.5081 2.9374e-03
3728.6265 1.0847e-03
3729.7451 3.9723e-03
3730.8640 4.5082e-03
3731.9832 2.8432e-03
3733.1028 6.7137e-03
3734.2227 3.9184e-03
3735.3428 1.1701e-02
3736.4636 0.0000e+00
3737.5842 1.6819e-03
3738.7056 0.0000e+00
3739.8276 1.6437e-03
3740.9490 1.0159e-02
3742.0718 3.8884e-03
3743.1943 7.9147e-03
3744.3171 9.5473e-03
3745.4404 4.4795e-03
3746.5640 2.9168e-03
3747.6880 0.0000e+00
3748.8125 5.2223e-03
3749.9368 1.2810e-03
3751.0620 3.8481e-03
3752.1873 7.5591e-03
3753.3130 4.0757e-03
3754.4387 4.2252e-03
3755.5652 0.0000e+00
3756.6919 6.6206e-03
3757.8188 6.4671e-04
3758.9463 3.7229e-03
3760.0737 9.2049e-03
3761.2019 1.2736e-03
3762.3306 7.5513e-03
3763.4590 4.0073e-03
3764.5881 1.7842e-03
3765.7175 2.8432e-04
3766.8472 4.5001e-03
3767.9771 1.0225e-02
3769.1079 7.0181e-04
3770.2383 1.0937e-02
3771.3694 1.2682e-02
3772.5007 2.0592e-03
3773.6328 5.7760e-03
3774.7646 3.0345e-04
3775.8972 5.4662e-03
3777.0298 7.3933e-03
3778.1628 0.0000e+00
3779.2964 0.0000e+00
3780.4302 5.7017e-03
3781.5642 4.0504e-03
3782.6987 5.8489e-03
3783.8335 2.6365e-03
3784.9690 8.1183e-03
3786.1042 2.4764e-03
3787.2400 2.3194e-03
3788.3762 4.5376e-03
3789.5125 1.3472e-03
3790.6497 3.8403e-03
3791.7869 0.0000e+00
3792.9246 3.2746e-03
3794.0625 3.4387e-03
3795.2007 0.0000e+00
3796.3391 3.3711e-03
3797.4778 5.5623e-03
3798.6169 8.8295e-04
3799.7568 1.0187e-03
3800.8967 4.7975e-03
3802.0371 3.9023e-03
3803.1775 1.6116e-02
3804.3181 8.6460e-03
3805.4597 1.1691e-03
3806.6013 4.3847e-03
3807.7434 5.7189e-03
3808.8857 1.1598e-03
3810.0286 3.2530e-03
3811.1714 3.6021e-03
3812.3149 1.2623e-02
3813.4583 3.5706e-04
3814.6025 1.0364e-02
3815.7468 4.7660e-03
3816.8916 3.3025e-04
3818.0369 3.6298e-03
3819.1824 2.9548e-03
3820.3281 7.5437e-04
3821.4741 1.1077e-02
3822.6201 1.9632e-03
3823.7671 1.2730e-02
3824.9143 7.2055e-03
3826.0615 1.4926e-02
3827.2097 2.6887e-03
3828.3577 6.1410e-03
3829.5063 7.6226e-03
3830.6553 2.1484e-02
3831.8044 3.8125e-03
3832.9539 4.1731e-03
3834.1035 1.6600e-03
3835.2539 4.8031e-03
3836.4045 1.1148e-02
3837.5554 7.3900e-03
3838.7068 8.6529e-03
3839.8582 5.0290e-03
3841.0103 2.2624e-04
3842.1628 1.0605e-02
3843.3152 4.4565e-03
3844.4683 8.7426e-03
3845.6216 6.6516e-03
3846.7754 7.8832e-03
3847.9294 2.8510e-03
3849.0835 6.4139e-03
3850.2383 3.2247e-03
3851.3933 9.7234e-03
3852.5488 3.2278e-04
3853.7051 6.9039e-03
3854.8606 6.0047e-03
3856.0173 3.4999e-03
3857.1741 7.9049e-04
3858.3313 7.1441e-03
3859.4883 1.6607e-02
3860.6465 4.7782e-03
3861.8047 4.2405e-03
3862.9631 5.8674e-03
3864.1221 9.9824e-03
3865.2815 9.4382e-03
3866.4412 4.1683e-03
3867.6011 4.2228e-03
3868.7610 3.7485e-03
3869.9216 1.0720e-02
3871.0828 0.0000e+00
3872.2441 5.9537e-03
3873.4058 6.3234e-03
3874.5676 9.7199e-03
3875.7302 2.4716e-03
3876.8931 6.9426e-03
3878.0559 7.8685e-03
3879.2192 7.0265e-03
3880.3831 5.4054e-03
3881.5474 1.4196e-03
3882.7119 5.6601e-03
3883.8767 1.3653e-02
3885.0420 1.4252e-02
3886.2073 4.4472e-03
3887.3728 1.5623e-02
3888.5391 7.1997e-03
3889.7061 8.4429e-03
3890.8730 7.8819e-03
3892.0400 1.1462e-02
3893.2078 1.2551e-02
3894.3755 1.7174e-02
3895.5439 8.9585e-03
3896.7126 1.2461e-02
3897.8813 7.1775e-03
3899.0508 1.0731e-02
3900.2209 2.0931e-02
3901.3909 8.2524e-03
3902.5613 1.4889e-03
3903.7322 6.9574e-03
3904.9031 7.4855e-03
3906.0747 1.1449e-02
3907.2463 2.1800e-03
3908.4187 3.9305e-03
3909.5911 1.2046e-02
3910.7642 1.6706e-02
3911.9373 4.0958e-03
3913.1111 1.2935e-02
3914.2849 1.2987e-03
3915.4592 9.2157e-03
3916.6335 8.8938e-03
3917.8086 1.5982e-02
3918.9839 9.0383e-03
3920.1597 3.7664e-03
3921.3359 1.9818e-02
3922.5120 1.1517e-02
3923.6887 1.2965e-02
3924.8660 1.0719e-02
3926.0432 7.5943e-03
3927.2212 5.7017e-03
3928.3994 1.0425e-02
3929.5779 1.3145e-02
3930.7568 1.2046e-02
3931.9360 6.4243e-03
3933.1157 6.4114e-03
3934.2954 8.4967e-03
3935.4758 9.0431e-03
3936.6562 1.0378e-02
3937.8374 7.3831e-03
3939.0186 1.7852e-02
3940.2004 1.8002e-02
3941.3826 7.9488e-03
3942.5649 1.1108e-02
3943.7478 1.3555e-02
3944.9307 1.1004e-02
3946.1147 9.9288e-03
3947.2983 1.6474e-02
3948.4824 1.0771e-03
3949.6670 1.2955e-02
3950.8521 1.4469e-02
3952.0369 1.5313e-02
3953.2227 1.1880e-02
3954.4089 1.4911e-02
3955.5950 6.8568e-03
3956.7812 3.8146e-03
3957.9688 8.2998e-03
3959.1560 1.9257e-02
3960.3438 5.0422e-03
3961.5320 1.1280e-02
3962.7202 5.5385e-03
3963.9094 1.6399e-02
3965.0984 7.1559e-03
3966.2881 1.1418e-02
3967.4778 5.9289e-03
3968.6680 1.1895e-02
3969.8584 1.0900e-02
3971.0498 6.4669e-03
3972.2412 6.3364e-03
3973.4326 1.0369e-02
3974.6248 3.8765e-03
3975.8171 1.3390e-02
3977.0095 1.8019e-02
3978.2029 5.8398e-03
3979.3962 1.2584e-02
3980.5901 1.0918e-02
3981.7844 3.1874e-03
3982.9790 9.9000e-03
3984.1736 1.0624e-02
3985.3691 2.9061e-03
3986.5647 4.5146e-03
3987.7605 1.7597e-02
3988.9568 8.7685e-03
3990.1538 5.1655e-03
3991.3506 2.8578e-02
3992.5481 9.7325e-03
3993.7456 5.7114e-03
3994.9441 1.0215e-02
3996.1423 2.2546e-02
3997.3413 7.1715e-03
3998.5408 3.2062e-04
3999.7397 7.0474e-03
4000.9402 1.3212e-02
4002.1401 1.2823e-02
4003.3408 1.4421e-02
4004.5415 4.3160e-03
4005.7434 2.4849e-03
4006.9448 1.2813e-02
4008.1470 1.7443e-02
4009.3496 1.3574e-02
4010.5522 9.1662e-03
4011.7556 7.8417e-03
4012.9587 1.1312e-02
4014.1628 1.3600e-02
4015.3672 1.1831e-02
4016.5715 7.6468e-03
4017.7769 6.3617e-03
4018.9817 1.2339e-02
4020.1875 7.0148e-03
4021.3936 1.4297e-02
4022.6003 1.2479e-02
4023.8071 4.7224e-03
4025.0142 1.8546e-02
4026.2214 3.3731e-03
4027.4294 7.8091e-03
4028.6377 1.2683e-02
4029.8462 1.2194e-02
4031.0554 1.2493e-02
4032.2646 1.7150e-02
4033.4744 1.8486e-02
4034.6843 7.1594e-03
4035.8945 9.7682e-03
4037.1052 9.2454e-03
4038.3167 1.1143e-02
4039.5281 3.6870e-03
4040.7397 1.1651e-02
4041.9524 1.0250e-02
4043.1648 1.0846e-02
4044.3777 8.2008e-03
4045.5913 1.1827e-02
4046.8047 1.5478e-02
4048.0186 6.6086e-03
4049.2332 5.6484e-03
4050.4480 6.9491e-03
4051.6628 7.3248e-04
4052.8784 5.7946e-03
4054.0942 4.8687e-03
4055.3108 5.1938e-03
4056.5273 1.0742e-02
4057.7444 1.8361e-02
4058.9614 1.1587e-02
4060.1792 7.9480e-03
4061.3970 8.1208e-03
4062.6155 8.8892e-03
4063.8345 1.3219e-02
4065.0535 1.5136e-02
4066.2732 2.5063e-02
4067.4929 4.3059e-03
4068.7131 1.9648e-02
4069.9338 1.2060e-02
4071.1548 1.7874e-02
4072.3762 8.7787e-03
4073.5981 9.7653e-03
4074.8201 1.1743e-02
4076.0427 8.8649e-03
4077.2654 1.5741e-02
4078.4885 1.3963e-03
4079.7119 4.5899e-03
4080.9358 1.3829e-02
4082.1602 6.2660e-03
4083.3845 1.2401e-02
4084.6099 1.0288e-02
4085.8354 7.4131e-03
4087.0608 4.7777e-03
4088.2869 3.1119e-03
4089.5137 9.6550e-03
4090.7407 4.8988e-03
4091.9678 1.1876e-02
4093.1953 5.9299e-03
4094.4233 1.5109e-02
4095.6519 1.1933e-02
4096.8799 1.3750e-02
4098.1094 1.9659e-03
4099.3384 3.4877e-03
4100.5684 1.7765e-02
4101.7988 8.4134e-03
4103.0293 1.2793e-02
4104.2598 1.1775e-02
4105.4912 7.3027e-03
4106.7231 1.8901e-02
4107.9546 6.5891e-03
4109.1875 3.8263e-03
4110.4204 4.4360e-03
4111.6533 2.1788e-03
4112.8867 5.3940e-03
4114.1211 1.2759e-02
4115.3545 1.2725e-02
4116.5898 3.9397e-03
4117.8247 9.5584e-03
4119.0596 7.5887e-03
4120.2954 6.4854e-03
4121.5317 1.4419e-02
4122.7681 2.9473e-03
4124.0049 6.2043e-03
4125.2422 7.6055e-03
4126.4800 1.4413e-02
4127.7178 6.1166e-04
4128.9561 1.4434e-02
4130.1948 1.1789e-02
4131.4336 7.6241e-03
4132.6733 2.3405e-03
4133.9126 1.4510e-02
4135.1533 4.3823e-03
4136.3936 7.4425e-03
4137.6348 3.7049e-03
4138.8760 5.9279e-03
4140.1172 1.8027e-03
4141.3599 4.9163e-03
4142.6021 1.1244e-02
4143.8447 1.0421e-02
4145.0879 4.4014e-03
4146.3315 4.6869e-03
4147.5752 7.0574e-03
4148.8198 1.1694e-02
4150.0640 8.1563e-03
4151.3091 6.5330e-03
4152.5547 8.0396e-03
4153.8003 6.1751e-03
4155.0464 1.3405e-02
4156.2930 6.8061e-04
4157.5400 6.7843e-03
4158.7871 3.1672e-03
4160.0352 1.2596e-03
4161.2827 1.1384e-02
4162.5312 3.1476e-04
4163.7803 1.5893e-03
4165.0293 6.2607e-04
4166.2783 6.8261e-03
4167.5288 7.5655e-03
4168.7788 2.2605e-03
4170.0298 2.4346e-03
4171.2803 7.6885e-04
4172.5317 1.6891e-02
4173.7837 8.1982e-03
4175.0356 3.4021e-03
4176.2886 2.2563e-03
4177.5410 8.5816e-03
4178.7944 5.9602e-03
4180.0479 2.9436e-03
4181.3022 0.0000e+00
4182.5566 1.4669e-03
4183.8115 1.3615e-03
4185.0664 9.9781e-03
4186.3223 7.1436e-04
4187.5776 5.0775e-03
4188.8340 1.0237e-02
4190.0903 1.7269e-03
4191.3477 4.8718e-03
4192.6050 7.2707e-03
4193.8628 4.3216e-03
4195.1206 1.7255e-02
4196.3794 3.6255e-03
4197.6387 3.8521e-03
4198.8975 2.3598e-04
4200.1577 1.7765e-03
4201.4175 9.3971e-03
4202.6782 1.4026e-02
4203.9390 1.5736e-03
4205.2002 8.2022e-03
4206.4614 6.9861e-03
4207.7231 1.0739e-02
4208.9858 3.5742e-03
4210.2485 7.2121e-03
4211.5112 8.4778e-03
4212.7749 5.8568e-03
4214.0391 3.3489e-03
4215.3032 2.8468e-03
4216.5679 1.1797e-02
4217.8330 3.6398e-03
4219.0981 2.8918e-03
4220.3638 1.1003e-02
4221.6299 3.3103e-03
4222.8965 4.2065e-03
4224.1636 0.0000e+00
4225.4302 1.5693e-03
4226.6978 3.1493e-03
4227.9658 1.7133e-03
4229.2349 4.3471e-03
4230.5034 1.0520e-02
4231.7725 3.1588e-03
4233.0415 1.1539e-02
4234.3115 1.3864e-02
4235.5825 8.4682e-03
4236.8525 3.9725e-03
4238.1235 3.1950e-04
4239.3955 5.1112e-03
4240.6670 3.2970e-03
4241.9390 1.8766e-02
4243.2119 6.6736e-03
4244.4844 8.9808e-03
4245.7583 8.6483e-03
4247.0317 3.1775e-03
4248.3062 8.1163e-04
4249.5806 0.0000e+00
4250.8555 1.1023e-02
4252.1309 4.9396e-03
4253.4062 1.4948e-02
4254.6821 3.5898e-03
4255.9590 8.2508e-03
4257.2358 6.1497e-03
4258.5127 8.2465e-03
4259.7900 1.7084e-02
4261.0679 2.9257e-03
4262.3462 4.0153e-03
4263.6250 8.9001e-03
4264.9043 1.7553e-03
4266.1841 1.1223e-02
4267.4639 1.3059e-03
4268.7432 9.4577e-03
4270.0244 1.5119e-02
4271.3052 4.0403e-03
4272.5869 9.4274e-03
4273.8682 9.9589e-03
4275.1509 5.7735e-04
4276.4336 1.1601e-03
4277.7163 1.1209e-02
4278.9995 1.1028e-02
4280.2837 5.9544e-03
4281.5674 3.4216e-03
4282.8521 6.5351e-03
4284.1367 3.8134e-03
4285.4219 5.8288e-03
4286.7075 7.2478e-03
4287.9937 9.3466e-03
4289.2798 3.2885e-03
4290.5669 7.0142e-03
4291.8540 0.0000e+00
4293.1416 4.2216e-03
4294.4292 3.1035e-03
4295.7183 6.0614e-03
4297.0063 4.7988e-03
4298.2954 6.0192e-03
4299.5854 2.2681e-03
4300.8750 2.1917e-03
4302.1650 1.1977e-02
4303.4561 6.5275e-03
4304.7471 4.8871e-03
4306.0381 4.5523e-03
4307.3301 1.0675e-02
4308.6221 4.7415e-03
4309.9150 1.4569e-02
4311.2075 0.0000e+00
4312.5015 2.3073e-03
4313.7949 2.7887e-03
4315.0889 3.3066e-03
4316.3838 3.7065e-03
4317.6787 5.0953e-03
4318.9741 3.5544e-04
4320.2700 3.7513e-03
4321.5654 5.4950e-03
4322.8623 6.2007e-03
4324.1592 1.5128e-03
4325.4565 5.0378e-03
4326.7539 5.0193e-03
4328.0518 3.9988e-03
4329.3501 8.1557e-03
4330.6494 0.0000e+00
4331.9482 1.3483e-02
4333.2480 2.4275e-03
4334.5479 3.6391e-03
4335.8477 2.1636e-03
4337.1489 4.8462e-03
4338.4502 1.0035e-02
4339.7515 2.4240e-04
4341.0537 4.3624e-03
4342.3560 3.4159e-03
4343.6582 9.8668e-03
4344.9614 7.3989e-03
4346.2646 4.9963e-03
4347.5693 3.6061e-03
4348.8735 9.1342e-04
4350.1782 1.4644e-03
4351.4829 2.8785e-04
4352.7886 4.5731e-03
4354.0938 2.8320e-03
4355.4009 3.3707e-03
4356.7070 3.7538e-03
4358.0137 2.7542e-03
4359.3218 1.4193e-02
4360.6294 4.1992e-03
4361.9375 1.6338e-03
4363.2461 3.5682e-03
4364.5552 3.3563e-03
4365.8643 3.6111e-03
4367.1743 6.7325e-03
4368.4844 7.0276e-03
4369.7954 7.0678e-03
4371.1060 9.7567e-03
4372.4170 1.6010e-02
4373.7285 9.5927e-03
4375.0415 9.5851e-03
4376.3540 1.7047e-03
4377.6665 6.8591e-03
4378.9800 3.5254e-03
4380.2935 5.3715e-03
4381.6074 8.9053e-03
4382.9219 3.6654e-03
4384.2363 6.7534e-03
4385.5522 5.4705e-03
4386.8677 4.0381e-03
4388.1841 1.2376e-02
4389.5010 6.3536e-03
4390.8169 4.4536e-03
4392.1343 3.6176e-03
4393.4521 1.0880e-02
4394.7700 1.2404e-02
4396.0884 1.1143e-02
4397.4077 4.0508e-03
4398.7266 4.2003e-04
4400.0464 9.2440e-03
4401.3667 1.0129e-02
4402.6870 3.0175e-03
4404.0073 6.6104e-03
4405.3291 8.2449e-03
4406.6504 2.3802e-03
4407.9722 4.7093e-03
4409.2944 3.8633e-03
4410.6172 3.7365e-03
4411.9404 6.8774e-03
4413.2642 2.5692e-03
4414.5879 3.1942e-03
4415.9126 8.9565e-03
4417.2373 7.3808e-03
4418.5625 8.0434e-03
4419.8882 4.4755e-03
4421.2139 1.3000e-02
4422.5405 5.9133e-03
4423.8672 6.8401e-03
4425.1938 4.7371e-03
4426.5220 3.0878e-03
4427.8496 5.9171e-03
4429.1787 0.0000e+00
4430.5063 1.2063e-02
4431.8364 6.3302e-03
4433.1655 2.9990e-03
4434.4956 1.4254e-03
4435.8262 9.0572e-03
4437.1567 5.5632e-03
4438.4878 1.5829e-02
4439.8193 8.1401e-03
4441.1514 9.6543e-03
4442.4834 8.4697e-03
4443.8164 1.0333e-02
4445.1494 4.8404e-03
4446.4829 9.4061e-03
4447.8169 2.5832e-03
4449.1514 9.9902e-03
4450.4863 6.0673e-03
4451.8213 9.6308e-03
4453.1567 1.6959e-03
4454.4927 1.5920e-02
4455.8291 7.9320e-03
4457.1660 6.1996e-03
4458.5029 4.1404e-03
4459.8403 1.9108e-02
4461.1787 1.0517e-02
4462.5171 9.1111e-04
4463.8555 1.0102e-02
4465.1948 1.8704e-03
4466.5347 1.0305e-02
4467.8740 6.0506e-03
4469.2144 6.5299e-03
4470.5552 8.9959e-03
4471.8970 3.8078e-03
4473.2383 1.3124e-02
4474.5806 2.1841e-02
4475.9229 7.6830e-03
4477.2651 2.6405e-03
4478.6084 4.7747e-03
4479.9521 1.3779e-02
4481.2959 7.7965e-03
4482.6406 1.3416e-02
4483.9854 1.2265e-02
4485.3306 1.2025e-02
4486.6763 6.8798e-03
4488.0220 9.3090e-03
4489.3682 1.0712e-02
4490.7153 8.0559e-03
4492.0620 8.8113e-03
4493.4102 1.2635e-02
4494.7578 1.2809e-02
4496.1069 3.1612e-03
4497.4556 1.0882e-02
4498.8047 1.3221e-02
4500.1543 1.3565e-02
4501.5044 4.7222e-03
4502.8550 1.2922e-02
4504.2056 1.4183e-02
4505.5566 1.2255e-02
4506.9082 1.0050e-02
4508.2607 8.0903e-03
4509.6133 1.0753e-02
4510.9658 1.5045e-02
4512.3193 5.4888e-03
4513.6729 5.9663e-03
4515.0273 1.3952e-02
4516.3818 2.2481e-02
4517.7363 4.7410e-03
4519.0918 1.1367e-02
4520.4473 1.1632e-02
4521.8037 1.4598e-02
4523.1606 7.4946e-03
4524.5171 1.8359e-02
4525.8750 1.0533e-02
4527.2324 7.2611e-03
4528.5903 2.0098e-02
4529.9492 7.1473e-03
4531.3081 6.3150e-03
4532.6675 1.3437e-02
4534.0269 4.3112e-03
4535.3872 1.4830e-02
4536.7480 6.0494e-03
4538.1094 1.1698e-02
4539.4702 1.6021e-02
4540.8320 7.9666e-03
4542.1943 1.2779e-02
4543.5576 7.0206e-03
4544.9199 1.2912e-02
4546.2842 1.2282e-02
4547.6475 1.3162e-02
4549.0117 1.4088e-02
4550.3770 9.5060e-03
4551.7417 1.1965e-02
4553.1074 8.3487e-03
4554.4731 3.7035e-03
4555.8398 1.2130e-02
4557.2061 4.5718e-03
4558.5732 4.9446e-03
4559.9414 1.5521e-02
4561.3086 1.4744e-02
4562.6772 1.6345e-02
4564.0459 2.7526e-02
4565.4150 1.5781e-02
4566.7852 1.4419e-02
4568.1553 1.4985e-02
4569.5249 7.8295e-03
4570.8965 4.1048e-03
4572.2676 1.5504e-02
4573.6392 7.0394e-03
4575.0117 1.6553e-02
4576.3838 1.6056e-02
4577.7568 1.7889e-02
4579.1304 1.3871e-02
4580.5039 1.1209e-02
4581.8784 1.6779e-02
4583.2524 1.0246e-02
4584.6274 1.4730e-02
4586.0029 1.4538e-02
4587.3789 1.1375e-02
4588.7549 1.1450e-02
4590.1318 1.0847e-02
4591.5083 6.3297e-03
4592.8857 1.6667e-02
4594.2642 1.2180e-02
4595.6426 1.5745e-02
4597.0210 1.1913e-02
4598.3999 1.1490e-02
4599.7798 8.1377e-03
4601.1597 1.7069e-02
4602.5396 1.0239e-02
4603.9204 1.0492e-02
4605.3022 7.3880e-03
4606.6836 1.4437e-02
4608.0649 5.4168e-03
4609.4478 1.8841e-02
4610.8306 1.9520e-03
4612.2144 1.7255e-02
4613.5977 9.2254e-03
4614.9819 1.0384e-02
4616.3662 7.3495e-03
4617.7515 8.4014e-03
4619.1362 4.2735e-03
4620.5225 9.6792e-03
4621.9082 1.1353e-02
4623.2949 5.1264e-03
4624.6816 8.2749e-03
4626.0693 8.2290e-03
4627.4570 1.9707e-02
4628.8457 1.3856e-02
4630.2334 2.4530e-02
4631.6230 1.1574e-02
4633.0127 5.2289e-03
4634.4028 1.4526e-02
4635.7935 3.0481e-02
4637.1831 1.4353e-02
4638.5742 8.5608e-03
4639.9658 2.4917e-03
4641.3579 6.3592e-03
4642.7505 1.9985e-02
4644.1436 1.1670e-02
4645.5371 1.5362e-02
4646.9307 6.2817e-03
4648.3247 1.1059e-02
4649.7188 1.2729e-02
4651.1138 9.2160e-03
4652.5093 1.6341e-02
4653.9048 1.4128e-02
4655.3018 1.5122e-02
4656.6978 8.9819e-03
4658.0947 1.8506e-02
4659.4922 1.9515e-02
4660.8896 6.8130e-03
4662.2886 5.4770e-03
4663.6865 1.3038e-02
4665.0859 7.9728e-03
4666.4854 2.3085e-03
4667.8853 1.0347e-02
4669.2861 6.7899e-03
4670.6870 1.0461e-02
4672.0874 1.0388e-02
4673.4897 5.6963e-03
4674.8916 1.6721e-02
4676.2944 1.5639e-02
4677.6968 7.5088e-03
4679.1006 1.5947e-02
4680.5039 2.0982e-02
4681.9082 1.1542e-02
4683.3125 8.9252e-03
4684.7173 1.4603e-02
4686.1230 1.1189e-02
4687.5288 1.5684e-02
4688.9351 3.5197e-03
4690.3423 7.1244e-03
4691.7490 2.0850e-02
4693.1562 1.9499e-02
4694.5645 1.3163e-02
4695.9731 1.9124e-02
4697.3818 1.4408e-02
4698.7910 6.2595e-03
4700.2002 8.7795e-03
4701.6104 1.0725e-02
4703.0205 8.4982e-03
4704.4316 1.4101e-02
4705.8433 5.0511e-03
4707.2549 1.5144e-02
4708.6670 8.2502e-03
4710.0796 4.3609e-03
4711.4927 1.4741e-02
4712.9058 7.7486e-03
4714.3203 9.9078e-03
4715.7344 2.3334e-02
4717.1494 1.5606e-02
4718.5645 1.0405e-02
4719.9800 7.8671e-03
4721.3955 1.3628e-02
4722.8120 1.6559e-02
4724.2290 1.3068e-02
4725.6460 1.0844e-02
4727.0645 1.2556e-02
4728.4824 1.3287e-02
4729.9004 6.5600e-03
4731.3198 5.6931e-03
4732.7388 6.1108e-03
4734.1587 9.1193e-03
4735.5791 2.1794e-02
4737.0000 1.9595e-02
4738.4209 5.2897e-03
4739.8428 5.4634e-03
4741.2646 7.0542e-03
4742.6870 1.2318e-02
4744.1094 1.7316e-02
4745.5327 8.1769e-03
4746.9565 1.2780e-02
4748.3804 1.1655e-02
4749.8052 1.5422e-02
4751.2300 4.9309e-03
4752.6548 2.5519e-03
4754.0811 1.1062e-02
4755.5078 2.4397e-02
4756.9341 6.6995e-03
4758.3608 1.3152e-02
4759.7886 6.4415e-03
4761.2168 5.3436e-03
4762.6445 9.4127e-03
4764.0737 1.1596e-02
4765.5029 2.3858e-02
4766.9326 9.1073e-03
4768.3628 1.7951e-02
4769.7930 1.4335e-02
4771.2236 1.2402e-02
4772.6553 2.0231e-02
4774.0869 1.5477e-02
4775.5190 1.8613e-02
4776.9521 7.9997e-03
4778.3853 1.6020e-02
4779.8184 6.1019e-03
4781.2524 1.6429e-02
4782.6870 8.9370e-03
4784.1226 4.2112e-03
4785.5571 1.4768e-02
4786.9927 6.2645e-03
4788.4292 3.1239e-02
4789.8652 1.1906e-02
4791.3022 3.9265e-03
4792.7397 1.5034e-02
4794.1777 1.7199e-02
4795.6152 3.7853e-03
4797.0542 1.0915e-02
4798.4937 1.3801e-02
4799.9331 1.7699e-02
4801.3735 1.6016e-02
4802.8140 9.9497e-03
4804.2544 9.3738e-03
4805.6958 1.2902e-02
4807.1377 1.8810e-02
4808.5796 1.4030e-02
4810.0220 7.5071e-03
4811.4653 1.2087e-02
4812.9087 1.9595e-02
4814.3525 8.0145e-03
4815.7969 2.3011e-02
4817.2417 6.6552e-03
4818.6865 3.5701e-03
4820.1328 7.7027e-03
4821.5786 5.7339e-03
4823.0249 8.0877e-03
4824.4717 5.3508e-03
4825.9189 1.4266e-02
4827.3667 1.6801e-02
4828.8149 5.1025e-03
4830.2637 7.7211e-03
4831.7124 8.7408e-03
4833.1621 9.1665e-03
4834.6118 3.6496e-03
4836.0620 1.2662e-02
4837.5137 8.7663e-03
4838.9644 1.7415e-02
4840.4165 1.4171e-02
4841.8687 7.9025e-03
4843.3208 5.1740e-03
4844.7739 1.3543e-02
4846.2275 5.5442e-03
4847.6812 7.2298e-03
4849.1357 1.0843e-02
4850.5903 5.3499e-03
4852.0454 8.1333e-03
4853.5015 1.1734e-02
4854.9575 1.0895e-02
4856.4136 1.3382e-02
4857.8706 2.8581e-03
4859.3281 7.3513e-03
4860.7861 1.9737e-02
4862.2437 8.6642e-03
4863.7026 1.1025e-02
4865.1621 1.9650e-02
4866.6211 2.6602e-02
4868.0815 1.2006e-02
4869.5420 1.5920e-02
4871.0024 1.1783e-02
4872.4639 1.9392e-02
4873.9263 1.6555e-02
4875.3877 1.6524e-03
4876.8506 5.8527e-03
4878.3135 7.3250e-03
4879.7773 1.7851e-02
4881.2412 1.1763e-02
4882.7051 1.2988e-02
4884.1704 7.5810e-03
4885.6357 6.5383e-03
4887.1011 1.6584e-02
4888.5674 8.1031e-03
4890.0337 1.1269e-02
4891.5010 5.8609e-03
4892.9683 5.9151e-03
4894.4360 7.1993e-03
4895.9043 1.1585e-03
4897.3730 1.1408e-02
4898.8423 4.4532e-03
4900.3120 1.2731e-02
4901.7827 1.0755e-02
4903.2529 1.4091e-02
4904.7231 1.0736e-02
4906.1953 7.5564e-03
4907.6675 8.5830e-03
4909.1392 5.8993e-03
4910.6123 1.5492e-02
4912.0854 1.3798e-02
4913.5586 7.4043e-03
4915.0332 2.4806e-02
4916.5073 9.6857e-03
4917.9819 4.9120e-03
4919.4575 1.1249e-02
4920.9331 1.2759e-02
4922.4097 1.9711e-02
4923.8872 2.2536e-02
4925.3638 9.8072e-03
4926.8418 1.8960e-02
4928.3188 2.2990e-02
4929.7979 2.4442e-02
4931.2769 1.6096e-02
4932.7563 4.8311e-03
4934.2358 2.9893e-03
4935.7168 1.8383e-02
4937.1963 2.0310e-02
4938.6782 5.5677e-03
4940.1597 1.7110e-02
4941.6416 1.2499e-02
4943.1250 4.9230e-03
4944.6069 3.9296e-03
4946.0908 1.6451e-02
4947.5752 1.3502e-02
4949.0586 3.2584e-03
4950.5435 9.2996e-03
4952.0278 7.6711e-03
4953.5142 9.1644e-03
4955.0010 1.2183e-02
4956.4873 4.1928e-03
4957.9741 1.2262e-02
4959.4614 6.6353e-03
4960.9492 8.8919e-03
4962.4370 1.9185e-02
4963.9258 1.5026e-02
4965.4150 9.3148e-03
4966.9048 1.5238e-02
4968.3945 7.2090e-03
4969.8853 1.1607e-02
4971.3765 4.9538e-03
4972.8677 7.3344e-03
4974.3599 2.5028e-03
4975.8521 8.6763e-03
4977.3447 8.2173e-03
4978.8379 5.2802e-03
4980.3315 1.0844e-02
4981.8257 9.6908e-03
4983.3203 3.0173e-03
4984.8159 1.3654e-02
4986.3105 1.7422e-02
4987.8066 6.5377e-03
4989.3027 1.1995e-02
4990.7998 5.3455e-03
4992.2974 7.5204e-03
4993.7939 4.0256e-03
4995.2930 1.8583e-02
4996.7915 8.4046e-03
4998.2905 7.6632e-03
4999.7896 6.5048e-03
5001.2896 4.5018e-03
5002.7900 1.3448e-03
5004.2915 2.5014e-03
5005.7925 7.6470e-03
5007.2944 1.5273e-02
5008.7964 8.6735e-03
5010.2993 1.3919e-02
5011.8022 4.7680e-03
5013.3057 2.6073e-03
5014.8101 1.2835e-02
5016.3145 1.1524e-02
5017.8184 9.5751e-03
5019.3247 7.7353e-03
5020.8301 2.9928e-03
5022.3359 7.7949e-03
5023.8428 1.5157e-02
5025.3496 6.1452e-03
5026.8579 1.2286e-02
5028.3657 0.0000e+00
5029.8740 6.4285e-03
5031.3828 4.4331e-03
5032.8926 9.4877e-03
5034.4023 2.6187e-03
5035.9131 6.9778e-03
5037.4233 1.2156e-02
5038.9346 5.8884e-03
5040.4463 4.4436e-03
5041.9585 5.9423e-03
5043.4712 8.9142e-03
5044.9839 7.2662e-03
5046.4980 5.5633e-03
5048.0112 4.8089e-03
5049.5259 1.2018e-02
5051.0415 1.3079e-02
5052.5562 1.3560e-02
5054.0723 4.0787e-03
5055.5884 1.0130e-02
5057.1045 6.1415e-03
5058.6221 2.3628e-03
5060.1401 1.2700e-02
5061.6577 5.9823e-03
5063.1763 7.2053e-03
5064.6953 8.1566e-03
5066.2144 7.1036e-03
5067.7339 1.0077e-02
5069.2549 1.5169e-02
5070.7759 7.4940e-03
5072.2969 5.4170e-03
5073.8188 3.1270e-03
5075.3403 4.1189e-03
5076.8628 7.3188e-03
5078.3867 7.2424e-03
5079.9097 1.7798e-03
5081.4336 1.5714e-02
5082.9580 4.4273e-03
5084.4829 4.0273e-03
5086.0083 1.3132e-02
5087.5342 1.7965e-02
5089.0605 9.5464e-03
5090.5874 5.6829e-03
5092.1143 4.7407e-03
5093.6421 1.3082e-02
5095.1699 7.0911e-03
5096.6987 3.4085e-03
5098.2275 1.8694e-02
5099.7573 8.0673e-03
5101.2871 6.4243e-03
5102.8179 4.2532e-03
5104.3481 6.8089e-03
5105.8799 8.2097e-03
5107.4111 6.6613e-04
5108.9438 9.4645e-03
5110.4761 9.2671e-03
5112.0093 7.4500e-03
5113.5435 8.6577e-03
5115.0771 7.8385e-03
5116.6118 1.5431e-03
5118.1470 6.7982e-03
5119.6816 9.6349e-03
5121.2183 7.9442e-03
5122.7544 9.4599e-03
5124.2910 3.5486e-03
5125.8286 6.2674e-03
5127.3667 1.0917e-02
5128.9043 6.1715e-03
5130.4429 1.4201e-03
5131.9824 8.5539e-03
5133.5220 2.9706e-03
5135.0615 1.2349e-02
5136.6021 9.8134e-03
5138.1436 5.4919e-03
5139.6846 1.8912e-02
5141.2266 6.8369e-03
5142.7690 9.1336e-03
5144.3125 9.5034e-03
5145.8550 7.6803e-03
5147.3989 1.3982e-02
5148.9429 1.4724e-02
5150.4883 9.8880e-03
5152.0332 4.1995e-03
5153.5781 1.3868e-02
5155.1245 6.7594e-03
5156.6714 9.0696e-03
5158.2178 9.1250e-03
5159.7656 8.4025e-03
5161.3130 3.6916e-03
5162.8618 1.2274e-02
5164.4106 1.6310e-02
5165.9604 5.8498e-03
5167.5098 1.5872e-02
5169.0605 2.2090e-02
5170.6108 1.4266e-02
5172.1621 1.2711e-02
5173.7139 6.9350e-03
5175.2656 4.8718e-03
5176.8188 1.0677e-02
5178.3711 7.0053e-03
5179.9253 7.9718e-03
5181.4790 9.7437e-03
5183.0337 1.1573e-02
5184.5884 1.2559e-02
5186.1436 6.7699e-03
5187.6992 5.0790e-03
5189.2559 1.0678e-02
5190.8130 1.5946e-02
5192.3696 5.9832e-03
5193.9277 1.5272e-02
5195.4858 6.4015e-03
5197.0439 8.2700e-03
5198.6035 2.0750e-03
5200.1636 1.3927e-02
5201.7231 1.6108e-02
5203.2837 7.8852e-03
5204.8447 1.3532e-02
5206.4058 8.6738e-03
5207.9683 1.1439e-02
5209.5303 9.6558e-03
5211.0933 7.0107e-04
5212.6567 1.0822e-02
5214.2202 1.0144e-02
5215.7847 4.6776e-03
5217.3496 1.4177e-02
5218.9150 8.5199e-03
5220.4800 1.0549e-02
5222.0464 1.3922e-02
5223.6128 7.8686e-03
5225.1802 8.1166e-03
5226.7480 8.7974e-03
5228.3154 1.3891e-02
5229.8843 9.5524e-03
5231.4526 5.6719e-03
5233.0225 1.6954e-02
5234.5928 1.7503e-02
5236.1626 9.1401e-03
5237.7339 9.5717e-03
5239.3052 1.2784e-02
5240.8770 5.4367e-03
5242.4492 8.8082e-03
5244.0220 1.2476e-02
5245.5947 1.0752e-02
5247.1689 1.4408e-02
5248.7422 1.0018e-02
5250.3174 8.5105e-03
5251.8921 9.5936e-03
5253.4678 5.0190e-03
5255.0439 1.5271e-02
5256.6211 8.4028e-03
5258.1978 1.2185e-02
5259.7749 1.1172e-02
5261.3530 1.6969e-02
5262.9312 2.6415e-03
5264.5098 1.1344e-02
5266.0898 1.0429e-02
5267.6694 1.8507e-02
5269.2495 1.4313e-02
5270.8311 6.2939e-03
5272.4116 8.2350e-03
5273.9941 8.3625e-03
5275.5757 1.1300e-02
5277.1587 1.9422e-02
5278.7422 1.4163e-02
5280.3252 1.2231e-02
5281.9092 1.3090e-02
5283.4937 5.0509e-03
5285.0786 1.5632e-02
5286.6641 1.3847e-02
5288.2500 8.6419e-03
5289.8369 4.6318e-03
5291.4238 5.6631e-03
5293.0117 3.4719e-03
5294.5996 1.5710e-02
5296.1870 1.1114e-02
5297.7764 1.3337e-02
5299.3662 1.2703e-02
5300.9561 1.1444e-02
5302.5459 1.5519e-02
5304.1367 7.9685e-03
5305.7280 1.1702e-02
5307.3188 8.4161e-03
5308.9116 7.0956e-03
5310.5044 8.6915e-03
5312.0977 7.3543e-03
5313.6919 1.1685e-02
5315.2856 1.7267e-03
5316.8799 8.0567e-03
5318.4751 9.6080e-03
5320.0708 7.3846e-03
5321.6665 8.6133e-03
5323.2632 1.9423e-02
5324.8604 1.1033e-02
5326.4575 7.4245e-03
5328.0557 1.6251e-02
5329.6533 1.8919e-02
5331.2534 6.3687e-03
5332.8516 1.6252e-02
5334.4517 6.9509e-03
5336.0522 1.3696e-02
5337.6533 1.5307e-03
5339.2544 7.1236e-03
5340.8560 7.1687e-03
5342.4585 2.0305e-02
5344.0605 5.2836e-03
5345.6646 4.0661e-03
5347.2681 1.0413e-02
5348.8726 1.1724e-02
5350.4771 1.2041e-02
5352.0825 8.2476e-03
5353.6875 1.0700e-02
5355.2944 1.7033e-02
5356.9009 6.3989e-03
5358.5073 9.4722e-03
5360.1152 9.2574e-03
5361.7236 8.6124e-03
5363.3315 8.1740e-03
5364.9404 1.3334e-02
5366.5503 1.2553e-02
5368.1602 1.0692e-02
5369.7705 6.6478e-03
5371.3813 6.9395e-03
5372.9932 2.4383e-03
5374.6050 6.1041e-03
5376.2173 1.4009e-02
5377.8301 8.7653e-03
5379.4434 6.6877e-03
5381.0576 5.0950e-03
5382.6714 1.2507e-02
5384.2861 1.0224e-02
5385.9014 6.5227e-03
5387.5171 1.2200e-02
5389.1343 8.1916e-03
5390.7505 1.3614e-02
5392.3677 7.7501e-03
5393.9858 1.1121e-02
5395.6035 1.6721e-02
5397.2222 3.0688e-02
5398.8413 1.0775e-02
5400.4609 8.9195e-03
5402.0811 1.2403e-02
5403.7017 1.4314e-02
5405.3228 7.1456e-03
5406.9448 1.7108e-02
5408.5659 7.0443e-03
5410.1890 9.3459e-03
5411.8115 6.1241e-03
5413.4360 5.2111e-03
5415.0596 1.6841e-02
5416.6841 1.0695e-02
5418.3096 8.4604e-03
5419.9351 8.2709e-03
5421.5605 1.3686e-02
5423.1875 9.6100e-03
5424.8145 4.0671e-03
5426.4414 8.1675e-03
5428.0693 1.9577e-02
5429.6982 1.1322e-02
5431.3271 1.2559e-02
5432.9565 2.6729e-03
5434.5859 1.8329e-02
5436.2163 1.1504e-02
5437.8472 6.5764e-03
5439.4785 1.1104e-02
5441.1104 8.0544e-03
5442.7427 1.9705e-02
5444.3760 6.7398e-03
5446.0098 7.2816e-03
5447.6431 1.0999e-02
5449.2778 4.8486e-03
5450.9121 1.6499e-02
5452.5474 1.3351e-02
5454.1826 6.9451e-03
5455.8193 1.3273e-02
5457.4565 8.7562e-03
5459.0933 1.7251e-02
5460.7310 9.6479e-03
5462.3696 4.6108e-03
5464.0073 4.6739e-03
5465.6475 3.1527e-03
5467.2871 1.2565e-02
5468.9272 3.7319e-03
5470.5674 3.0641e-03
5472.2090 7.5358e-03
5473.8506 5.6919e-03
5475.4927 1.2181e-02
5477.1353 1.3654e-02
5478.7783 1.1107e-02
5480.4224 1.8910e-02
5482.0659 1.2935e-02
5483.7104 9.1021e-03
5485.3560 2.0359e-02
5487.0010 1.0816e-02
5488.6475 5.3581e-03
5490.2944 1.6930e-02
5491.9414 1.9791e-02
5493.5889 1.4789e-02
5495.2368 8.4788e-03
5496.8857 8.7336e-03
5498.5342 8.8629e-03
5500.1841 4.8923e-03
5501.8340 1.3683e-02
5503.4849 7.6035e-03
5505.1357 8.9720e-03
5506.7871 1.2950e-02
5508.4395 6.4853e-03
5510.0923 5.3995e-03
5511.7451 9.2450e-03
5513.3984 1.3563e-02
5515.0522 1.1092e-02
5516.7070 5.5365e-03
5518.3623 9.2803e-03
5520.0176 1.3063e-02
5521.6733 1.7202e-02
5523.3301 9.6211e-03
5524.9868 1.4327e-02
5526.6450 7.6343e-03
5528.3027 5.9233e-03
5529.9609 1.4886e-02
5531.6201 6.5888e-03
5533.2793 1.6999e-03
5534.9395 4.9785e-03
5536.5996 9.9760e-03
5538.2607 9.7442e-03
5539.9229 6.0092e-03
5541.5840 1.3592e-02
5543.2466 4.6865e-03
5544.9102 1.0347e-02
5546.5728 6.5163e-03
5548.2373 7.9433e-03
5549.9019 1.0098e-02
5551.5664 9.8422e-03
5553.2324 4.8885e-03
5554.8984 1.4384e-02
5556.5645 4.9979e-03
5558.2310 4.6822e-03
5559.8989 1.3899e-02
5561.5669 5.6392e-03
5563.2354 1.3584e-02
5564.9043 3.7643e-03
5566.5732 6.2016e-03
5568.2437 2.5994e-03
5569.9150 2.0448e-02
5571.5854 4.7959e-03
5573.2568 1.2976e-02
5574.9287 4.0841e-03
5576.6011 1.3963e-02
5578.2739 6.5429e-03
5579.9482 1.5895e-02
5581.6216 4.3574e-03
5583.2959 1.0094e-02
5584.9717 1.1169e-02
5586.6470 6.5205e-03
5588.3223 8.0911e-03
5589.9990 1.9458e-02
5591.6763 6.5763e-03
5593.3535 1.0532e-02
5595.0317 9.0315e-03
5596.7104 3.7409e-03
5598.3892 3.5705e-03
5600.0688 1.5756e-02
5601.7490 6.6140e-03
5603.4292 1.9632e-03
5605.1104 1.0586e-02
5606.7915 8.9748e-03
5608.4741 5.9818e-03
5610.1562 6.7180e-03
5611.8394 1.1940e-02
5613.5234 4.0227e-03
5615.2075 8.2086e-03
5616.8916 1.1088e-02
5618.5767 6.7783e-03
5620.2627 4.3826e-03
5621.9482 1.2253e-02
5623.6348 8.5139e-03
5625.3218 1.2356e-02
5627.0098 1.3344e-02
5628.6982 4.1267e-03
5630.3867 1.9692e-03
5632.0757 8.4113e-03
5633.7651 1.0994e-02
5635.4551 3.5892e-03
5637.1460 8.8346e-03
5638.8369 6.9223e-03
5640.5283 5.0453e-03
5642.2207 1.1900e-02
5643.9141 1.1124e-02
5645.6069 5.7808e-03
5647.3003 5.5246e-03
5648.9946 1.1190e-02
5650.6895 5.5661e-03
5652.3848 1.0049e-02
5654.0801 6.7316e-03
5655.7759 1.9343e-02
5657.4736 1.1396e-02
5659.1709 3.6487e-03
5660.8682 1.0500e-02
5662.5664 1.4193e-02
5664.2651 8.8552e-03
5665.9644 5.2142e-03
5667.6641 3.8949e-03
5669.3647 8.7630e-03
5671.0649 1.2081e-02
5672.7666 8.8410e-03
5674.4688 5.6290e-03
5676.1709 6.0845e-03
5677.8740 6.3865e-03
5679.5771 3.9789e-03
5681.2812 7.6247e-03
5682.9858 1.4481e-02
5684.6899 4.6102e-03
5686.3950 1.1092e-02
5688.1021 8.8538e-03
5689.8076 9.6415e-03
5691.5146 8.6840e-03
5693.2222 6.7604e-03
5694.9302 1.1444e-02
5696.6382 1.0649e-02
5698.3477 1.1420e-02
5700.0571 1.0836e-02
5701.7671 1.6673e-02
5703.4775 8.8254e-03
5705.1885 1.7924e-02
5706.9004 1.0471e-02
5708.6123 1.7792e-02
5710.3252 1.4010e-02
5712.0381 5.8628e-03
5713.7524 9.0481e-03
5715.4663 9.4418e-03
5717.1812 5.5515e-03
5718.8955 5.7177e-03
5720.6118 1.2026e-02
5722.3271 9.6275e-03
5724.0444 7.1382e-03
5725.7617 1.0891e-02
5727.4795 7.4896e-03
5729.1973 5.9464e-03
5730.9165 9.1938e-03
5732.6353 2.9918e-03
5734.3550 1.3298e-02
5736.0757 1.2821e-02
5737.7969 2.6992e-03
5739.5176 3.7218e-03
5741.2397 5.3575e-03
5742.9624 8.6981e-03
5744.6851 5.2405e-03
5746.4082 7.8547e-03
5748.1323 6.4727e-03
5749.8569 1.0185e-02
5751.5815 1.4368e-02
5753.3076 4.3455e-03
5755.0332 1.1093e-02
5756.7593 3.1458e-03
5758.4863 4.0332e-03
5760.2144 6.1843e-03
5761.9424 8.0748e-03
5763.6709 8.6096e-03
5765.3999 9.8081e-03
5767.1294 1.7230e-02
5768.8594 8.6884e-03
5770.5908 7.1291e-03
5772.3213 1.6248e-02
5774.0527 3.9345e-03
5775.7856 2.2104e-03
5777.5181 1.6925e-02
5779.2515 1.0179e-02
5780.9844 4.9781e-03
5782.7192 1.8037e-02
5784.4546 2.4615e-03
5786.1899 4.1333e-03
5787.9253 3.8729e-03
5789.6626 6.9714e-03
5791.3984 3.4209e-03
5793.1362 3.3740e-03
5794.8745 9.6420e-03
5796.6123 4.8592e-03
5798.3516 4.3532e-03
5800.0913 6.1367e-03
5801.8306 5.6862e-03
5803.5713 3.1694e-03
5805.3125 2.2420e-03
5807.0537 7.9052e-03
5808.7964 7.2522e-03
5810.5391 5.2547e-03
5812.2822 5.3329e-03
5814.0259 5.2149e-03
5815.7700 1.6693e-03
5817.5151 0.0000e+00
5819.2598 5.8914e-03
5821.0059 1.2276e-02
5822.7524 1.1698e-02
5824.4990 9.3911e-03
5826.2461 1.1802e-02
5827.9937 5.5782e-03
5829.7427 1.1695e-02
5831.4912 8.4858e-03
5833.2407 8.9415e-03
5834.9912 1.0198e-02
5836.7417 5.0056e-03
5838.4922 1.0993e-02
5840.2446 6.2409e-03
5841.9961 9.5365e-03
5843.7490 2.0388e-03
5845.5020 1.0335e-02
5847.2559 9.5610e-03
5849.0103 1.3424e-02
5850.7642 5.5486e-03
5852.5195 2.3592e-03
5854.2754 3.7999e-03
5856.0317 2.6611e-03
5857.7881 3.0230e-03
5859.5454 4.7433e-03
5861.3032 8.0311e-03
5863.0625 6.6737e-03
5864.8208 2.1895e-03
5866.5806 1.0220e-02
5868.3403 0.0000e+00
5870.1006 7.5313e-03
5871.8618 1.1611e-02
5873.6230 9.1997e-03
5875.3857 1.0190e-02
5877.1479 4.7315e-03
5878.9111 9.4969e-03
5880.6748 9.1766e-03
5882.4390 1.2075e-02
5884.2036 1.5133e-03
5885.9692 1.0156e-02
5887.7349 3.7043e-03
5889.5010 2.4120e-03
5891.2676 7.2448e-03
5893.0356 8.0846e-03
5894.8032 8.6186e-03
5896.5718 1.1931e-02
5898.3408 3.9558e-03
5900.1108 6.1588e-03
5901.8804 8.9941e-03
5903.6509 1.2278e-02
5905.4219 4.8011e-03
5907.1938 7.5019e-03
5908.9663 6.8974e-03
5910.7383 5.9157e-03
5912.5112 6.1375e-03
5914.2856 1.9989e-02
5916.0601 8.9164e-03
5917.8345 9.9620e-03
5919.6099 4.6455e-03
5921.3857 3.1556e-03
5923.1621 1.8287e-02
5924.9395 2.4972e-03
5926.7163 4.9142e-03
5928.4946 1.0526e-02
5930.2729 7.0765e-03
5932.0522 1.0205e-02
5933.8315 4.1260e-03
5935.6123 6.9335e-03
5937.3926 1.7592e-02
5939.1738 4.5834e-03
5940.9556 8.3856e-03
5942.7383 1.1997e-02
5944.5210 2.8462e-03
5946.3042 7.8893e-03
5948.0879 5.1970e-03
5949.8726 1.5244e-03
5951.6572 1.2468e-02
5953.4434 6.7985e-03
5955.2290 7.7340e-03
5957.0151 1.3100e-02
5958.8022 3.7736e-03
5960.5903 4.5784e-03
5962.3789 8.1191e-03
5964.1670 1.0684e-02
5965.9561 3.4131e-03
5967.7466 6.3882e-03
5969.5366 7.4188e-03
5971.3276 6.0283e-03
5973.1187 1.2034e-02
5974.9106 2.0501e-03
5976.7031 3.7280e-03
5978.4961 6.5924e-03
5980.2900 4.5623e-03
5982.0845 1.0372e-02
5983.8789 7.9824e-03
5985.6729 6.7916e-03
5987.4692 2.1079e-02
5989.2651 3.3062e-03
5991.0620 3.3962e-03
5992.8589 1.5628e-02
5994.6572 5.3828e-03
5996.4556 8.9157e-03
5998.2549 6.0071e-03
6000.0547 2.3921e-03
6001.8545 9.6931e-03
6003.6548 3.4789e-03
6005.4561 1.1036e-02
6007.2578 3.5604e-03
6009.0596 1.2318e-02
6010.8623 1.5448e-03
6012.6660 9.4615e-03
6014.4697 1.9415e-03
6016.2739 8.2126e-03
6018.0786 5.4766e-03
6019.8843 1.0339e-02
6021.6909 1.0566e-02
6023.4966 1.4244e-02
6025.3037 1.1706e-02
6027.1108 8.8663e-03
6028.9199 6.6464e-03
6030.7285 3.0425e-03
6032.5366 1.0664e-02
6034.3472 1.2233e-02
6036.1577 3.7787e-03
6037.9683 7.8606e-03
6039.7793 4.4778e-03
6041.5918 7.1191e-03
6043.4038 7.5276e-03
6045.2173 5.9809e-03
6047.0312 7.8342e-03
6048.8447 9.3671e-03
6050.6592 2.5976e-03
6052.4751 8.7659e-03
6054.2905 4.3586e-03
6056.1069 9.6814e-03
6057.9233 5.9734e-03
6059.7407 1.6835e-02
6061.5586 6.6571e-03
6063.3770 1.2822e-02
6065.1968 8.1058e-03
6067.0161 2.8088e-03
6068.8359 1.9249e-04
6070.6567 5.7299e-03
6072.4785 4.7177e-03
6074.2998 7.7370e-03
6076.1221 1.2988e-02
6077.9448 4.8452e-03
6079.7681 2.7987e-03
6081.5918 6.2570e-03
6083.4160 6.2283e-03
6085.2417 9.4615e-03
6087.0664 4.1638e-03
6088.8936 2.6596e-03
6090.7197 8.4048e-03
6092.5469 9.3189e-03
6094.3745 7.1477e-03
6096.2031 5.7427e-03
6098.0327 3.9309e-03
6099.8613 4.8924e-03
6101.6914 1.5068e-02
6103.5220 2.6558e-03
6105.3530 5.6037e-03
6107.1846 4.5397e-03
6109.0171 5.0099e-03
6110.8496 8.3741e-03
6112.6831 1.3673e-02
6114.5166 6.3773e-03
6116.3511 6.0860e-03
6118.1855 1.1892e-02
6120.0210 1.9583e-03
6121.8574 4.4248e-03
6123.6938 5.4240e-03
6125.5308 6.1600e-03
6127.3687 4.2666e-03
6129.2065 3.4392e-03
6131.0454 3.1275e-03
6132.8843 4.1896e-03
6134.7246 5.5151e-03
6136.5649 4.9837e-03
6138.4062 5.8779e-03
6140.2476 4.4292e-03
6142.0894 1.2959e-02
6143.9316 5.2368e-03
6145.7759 7.7589e-03
6147.6191 7.8211e-03
6149.4634 5.8415e-03
6151.3081 6.0592e-03
6153.1538 4.6687e-03
6155.0000 6.2341e-03
6156.8462 3.6683e-03
6158.6934 4.4387e-03
6160.5410 1.0706e-02
6162.3892 1.0879e-03
6164.2373 8.2110e-03
6166.0869 3.4555e-03
6167.9370 6.3797e-03
6169.7871 8.9300e-03
6171.6387 8.3449e-03
6173.4897 5.6711e-03
6175.3413 1.6859e-03
6177.1938 4.4105e-03
6179.0474 7.4802e-03
6180.9009 6.5794e-03
6182.7549 1.1211e-02
6184.6104 1.2929e-02
6186.4653 1.3589e-02
6188.3213 1.1045e-02
6190.1782 2.6365e-03
6192.0356 1.0098e-02
6193.8931 1.2179e-02
6195.7505 4.4018e-03
6197.6099 4.0801e-03
6199.4688 7.0191e-03
6201.3281 6.2025e-03
6203.1895 8.4372e-03
6205.0498 9.4390e-03
6206.9121 7.3520e-03
6208.7739 1.1404e-02
6210.6367 9.8684e-03
6212.4995 9.1819e-03
6214.3633 5.7333e-03
6216.2275 5.6301e-03
6218.0923 2.9515e-03
6219.9575 1.0510e-02
6221.8237 5.6995e-03
6223.6904 4.7047e-03
6225.5576 1.6903e-03
6227.4258 2.2438e-03
6229.2935 6.7104e-03
6231.1621 9.6824e-03
6233.0317 1.2817e-03
6234.9019 5.9241e-03
6236.7720 1.5290e-03
6238.6431 5.3954e-03
6240.5146 5.4372e-03
6242.3867 1.1394e-02
6244.2598 1.0414e-02
6246.1323 1.0225e-02
6248.0063 5.2893e-03
6249.8813 2.4273e-03
6251.7559 6.9521e-03
6253.6313 5.9061e-03
6255.5073 8.3515e-03
6257.3843 5.1982e-03
6259.2617 5.5546e-03
6261.1392 7.0024e-03
6263.0176 9.6562e-03
6264.8970 3.3444e-03
6266.7759 4.8485e-03
6268.6562 5.8039e-03
6270.5361 7.4280e-03
6272.4180 8.3285e-03
6274.2993 7.3589e-03
6276.1816 4.5338e-03
6278.0645 9.1058e-03
6279.9478 7.8061e-03
6281.8320 6.0537e-03
6283.7168 6.4999e-03
6285.6021 2.4418e-03
6287.4868 7.1468e-03
6289.3740 5.9994e-03
6291.2603 8.3635e-04
6293.1475 1.1953e-02
6295.0352 9.1201e-03
6296.9238 4.2004e-03
6298.8130 7.6434e-03
6300.7026 4.5651e-03
6302.5933 6.7403e-03
6304.4839 7.8918e-03
6306.3755 1.1450e-02
6308.2676 1.3745e-02
6310.1597 8.6549e-03
6312.0527 7.4599e-03
6313.9468 3.7954e-03
6315.8398 6.4269e-03
6317.7349 1.8897e-03
6319.6304 7.8485e-03
6321.5269 0.0000e+00
6323.4233 7.8944e-03
6325.3198 6.8982e-03
6327.2178 9.2557e-03
6329.1157 6.4819e-03
6331.0146 3.3339e-04
6332.9131 5.1460e-03
6334.8140 1.2904e-03
6336.7139 2.2889e-03
6338.6147 7.4496e-03
6340.5166 7.4403e-03
6342.4189 4.5088e-03
6344.3213 9.3827e-03
6346.2246 2.9874e-03
6348.1284 7.3577e-03
6350.0332 9.0922e-03
6351.9380 4.7057e-03
6353.8442 4.6784e-03
6355.7500 6.8651e-03
6357.6572 9.6583e-03
6359.5645 3.5493e-03
6361.4717 2.1877e-03
6363.3804 5.6494e-03
6365.2891 5.9461e-03
6367.1987 1.6985e-03
6369.1089 8.3207e-03
6371.0200 3.2298e-03
6372.9312 6.4439e-03
6374.8428 1.4525e-02
6376.7549 8.9432e-03
6378.6685 3.4184e-03
6380.5820 1.9897e-03
6382.4966 5.6710e-03
6384.4111 6.4987e-03
6386.3257 1.5104e-02
6388.2422 5.2891e-03
6390.1587 0.0000e+00
6392.0752 3.9975e-03
6393.9932 1.1582e-03
6395.9116 8.5603e-03
6397.8301 1.7794e-03
6399.7490 6.8969e-03
6401.6694 3.1861e-03
6403.5898 7.0947e-03
6405.5112 6.4645e-03
6407.4331 7.6645e-03
6409.3545 3.8746e-03
6411.2778 6.3906e-03
6413.2012 1.5039e-02
6415.1250 1.2455e-02
6417.0493 6.2126e-03
6418.9741 5.3264e-03
6420.9004 2.0734e-03
6422.8262 1.0095e-02
6424.7534 5.1601e-03
6426.6812 4.6444e-03
6428.6094 2.4098e-03
6430.5381 4.2009e-03
6432.4668 4.4081e-03
6434.3960 6.8197e-03
6436.3267 3.5892e-03
6438.2578 6.3743e-03
6440.1895 2.8854e-03
6442.1216 8.4804e-03
6444.0537 6.6532e-03
6445.9868 3.3980e-04
6447.9209 1.0525e-02
6449.8550 1.1038e-02
6451.7905 3.9048e-03
6453.7256 5.3275e-03
6455.6621 1.1683e-03
6457.5986 8.6657e-03
6459.5356 5.0779e-03
6461.4741 7.8328e-03
6463.4121 8.4032e-03
6465.3506 7.7654e-03
6467.2905 6.7022e-03
6469.2310 2.1546e-03
6471.1719 2.4730e-03
6473.1128 5.1519e-03
6475.0552 5.3358e-03
6476.9976 2.1367e-03
6478.9409 4.7702e-03
6480.8848 1.6339e-03
6482.8286 6.3485e-03
6484.7739 0.0000e+00
6486.7192 9.0531e-03
6488.6650 2.1557e-03
6490.6113 4.9135e-03
6492.5581 7.8215e-03
6494.5063 4.9868e-03
6496.4546 4.9357e-03
6498.4038 7.9702e-03
6500.3535 4.4490e-03
6502.3032 6.0973e-03
6504.2539 7.0616e-03
6506.2056 5.0971e-03
6508.1572 3.8389e-03
6510.1099 9.1217e-03
6512.0625 4.8280e-03
6514.0166 4.4588e-03
6515.9702 3.9567e-03
6517.9258 0.0000e+00
6519.8809 8.1398e-03
6521.8364 6.2169e-03
6523.7930 6.4269e-03
6525.7505 1.1742e-02
6527.7075 5.8257e-03
6529.6665 1.1859e-02
6531.6255 4.0960e-03
6533.5845 5.1577e-03
6535.5449 7.8985e-03
6537.5054 4.1080e-03
6539.4668 2.1361e-03
6541.4282 7.6434e-03
6543.3911 5.2797e-03
6545.3545 5.3874e-03
6547.3179 3.6622e-03
6549.2817 7.2834e-03
6551.2466 9.2935e-03
6553.2124 1.1550e-02
6555.1777 6.4202e-03
6557.1445 8.4644e-03
6559.1113 4.0896e-03
6561.0796 1.1456e-02
6563.0479 2.4580e-03
6565.0166 4.6840e-03
6566.9863 3.2873e-03
6568.9561 8.2202e-03
6570.9268 3.4239e-03
6572.8979 2.6646e-03
6574.8701 4.1733e-03
6576.8423 9.7278e-03
6578.8154 4.6853e-03
6580.7896 7.1453e-03
6582.7632 9.1760e-03
6584.7383 4.3039e-03
6586.7139 5.4909e-03
6588.6895 1.1917e-02
6590.6660 8.2182e-03
6592.6431 5.4723e-03
6594.6211 1.9999e-03
6596.5996 1.0352e-02
6598.5791 2.3432e-03
6600.5581 4.3743e-03
6602.5386 2.5307e-03
6604.5190 7.5333e-03
6606.5005 8.7902e-03
6608.4824 7.0320e-03
6610.4648 7.7694e-03
6612.4482 2.2122e-03
6614.4326 6.0451e-03
6616.4160 8.4550e-03
6618.4009 3.7388e-03
6620.3867 5.2758e-03
6622.3730 1.0242e-02
6624.3594 5.0531e-03
6626.3467 9.2865e-03
6628.3350 6.4705e-03
6630.3232 4.6040e-03
6632.3125 7.6186e-03
6634.3022 2.8573e-03
6636.2920 1.4440e-03
6638.2827 5.8438e-03
6640.2744 2.3007e-03
6642.2671 8.6116e-03
6644.2593 4.6647e-03
6646.2529 8.6185e-03
6648.2471 3.3070e-03
6650.2412 1.8158e-03
6652.2358 1.9977e-03
6654.2314 1.2666e-02
6656.2280 8.0319e-03
6658.2251 3.5069e-03
6660.2222 1.1424e-02
6662.2207 4.7688e-03
6664.2197 3.1961e-03
6666.2178 3.9046e-03
6668.2178 3.1118e-03
6670.2188 1.1448e-02
6672.2192 4.1040e-03
6674.2212 4.2569e-03
6676.2241 1.0460e-02
6678.2266 1.0402e-02
6680.2300 7.6648e-03
6682.2334 6.2480e-03
6684.2388 2.5793e-03
6686.2446 2.1049e-03
6688.2500 5.7947e-03
6690.2563 6.1117e-03
6692.2627 2.4163e-03
6694.2715 5.7931e-03
6696.2793 7.1567e-03
6698.2881 8.7388e-03
6700.2979 6.3140e-03
6702.3081 1.1295e-03
6704.3188 2.3072e-03
6706.3301 4.3037e-03
6708.3418 8.4046e-03
6710.3545 3.9733e-03
6712.3672 8.1232e-03
6714.3809 4.5723e-03
6716.3955 2.5776e-03
6718.4106 3.3987e-03
6720.4263 1.4012e-03
6722.4419 5.4324e-03
6724.4585 6.9406e-03
6726.4756 2.0991e-03
6728.4946 6.5200e-03
6730.5127 2.1343e-03
6732.5312 9.0655e-03
6734.5513 5.6843e-03
6736.5718 9.7978e-03
6738.5923 4.7700e-03
6740.6152 3.1761e-03
6742.6367 5.4650e-03
6744.6587 8.8380e-03
6746.6831 2.2424e-03
6748.7065 3.4007e-03
6750.7310 4.3967e-03
6752.7563 8.8304e-03
6754.7822 1.2858e-02
6756.8091 3.5816e-03
6758.8359 4.7758e-03
6760.8633 5.0679e-03
6762.8916 1.9270e-03
6764.9209 4.8054e-03
6766.9502 8.2025e-04
6768.9805 1.1185e-02
6771.0107 3.0184e-04
6773.0425 3.1155e-03
6775.0742 7.7253e-03
6777.1064 2.7718e-03
6779.1401 9.5812e-03
6781.1733 5.6334e-03
6783.2080 3.6436e-03
6785.2427 3.4745e-03
6787.2783 1.0871e-02
6789.3149 1.3244e-03
6791.3516 1.4361e-03
6793.3887 2.8955e-03
6795.4272 5.2996e-03
6797.4653 0.0000e+00
6799.5049 1.4279e-02
6801.5444 6.5715e-03
6803.5854 9.5655e-03
6805.6260 8.0141e-04
6807.6685 8.4895e-03
6809.7100 5.8691e-03
6811.7534 7.2062e-03
6813.7964 7.3661e-03
6815.8408 3.7172e-04
6817.8853 1.1787e-03
6819.9312 4.5356e-03
6821.9771 3.5861e-03
6824.0234 2.5072e-03
6826.0703 7.2418e-03
6828.1182 1.0473e-03
6830.1670 8.0852e-03
6832.2163 8.7323e-03
6834.2651 7.5322e-03
6836.3154 5.5842e-03
6838.3667 2.1972e-03
6840.4180 2.9406e-03
6842.4702 4.3276e-03
6844.5229 2.5446e-03
6846.5762 5.0451e-03
6848.6304 6.5317e-03
6850.6851 3.1702e-03
6852.7402 1.0698e-02
6854.7959 2.3918e-03
6856.8525 6.1852e-03
6858.9097 5.1030e-03
6860.9668 3.8939e-03
6863.0254 2.9894e-04
6865.0845 1.9471e-03
6867.1440 9.3813e-03
6869.2041 4.4636e-03
6871.2646 6.2181e-04
6873.3257 4.2876e-03
6875.3882 3.9017e-03
6877.4512 6.2152e-03
6879.5137 3.5528e-03
6881.5781 1.0420e-02
6883.6421 4.5198e-03
6885.7075 0.0000e+00
6887.7729 7.5961e-04
6889.8394 6.7184e-03
6891.9062 2.1609e-03
6893.9746 0.0000e+00
6896.0425 2.4592e-03
6898.1113 6.2021e-03
6900.1802 2.2033e-03
6902.2505 4.3067e-03
6904.3213 9.1576e-03
6906.3926 4.3396e-03
6908.4648 6.5703e-03
6910.5366 3.1017e-03
6912.6099 1.7091e-04
6914.6841 4.0570e-03
6916.7588 7.5810e-03
6918.8335 3.8435e-03
6920.9092 6.7347e-04
6922.9849 5.2346e-03
6925.0620 2.6502e-03
6927.1401 5.6264e-03
6929.2178 1.7833e-03
6931.2964 5.5863e-03
6933.3760 6.3276e-03
6935.4561 8.4818e-04
6937.5371 4.3775e-03
6939.6182 1.6621e-03
6941.7002 4.1144e-03
6943.7822 1.8691e-03
6945.8657 6.9711e-03
6947.9487 3.5192e-03
6950.0337 5.2028e-03
6952.1182 6.0124e-03
6954.2046 8.2173e-03
6956.2905 1.1544e-02
6958.3779 5.5861e-03
6960.4644 1.5773e-03
6962.5527 8.4730e-03
6964.6421 6.2890e-03
6966.7314 4.8098e-03
6968.8208 9.3895e-03
6970.9116 2.3916e-03
6973.0029 3.6287e-03
6975.0947 1.9920e-03
6977.1880 5.3339e-03
6979.2803 2.8542e-03
6981.3745 3.4708e-03
6983.4692 7.2506e-03
6985.5635 1.3517e-02
6987.6602 2.0020e-03
6989.7559 5.7759e-03
6991.8525 7.1756e-03
6993.9507 1.1946e-02
6996.0488 4.1677e-03
6998.1479 4.4342e-03
7000.2471 2.0342e-03
7002.3467 2.3651e-03
7004.4468 4.7936e-03
7006.5488 3.3706e-03
7008.6514 3.2478e-03
7010.7529 4.4549e-03
7012.8564 4.2578e-03
7014.9609 4.8774e-03
7017.0654 2.5428e-03
7019.1699 4.6468e-03
7021.2759 2.0259e-03
7023.3823 2.8695e-03
7025.4893 3.8827e-03
7027.5977 4.6575e-03
7029.7051 4.4716e-03
7031.8145 1.2929e-03
7033.9238 7.3746e-03
7036.0337 5.7710e-03
7038.1450 3.9469e-03
7040.2559 7.0155e-03
7042.3687 3.5225e-03
7044.4805 3.4396e-03
7046.5938 2.0137e-03
7048.7080 4.8745e-03
7050.8228 5.0989e-04
7052.9385 5.7432e-03
7055.0542 2.5938e-03
7057.1704 2.7320e-03
7059.2881 2.5955e-04
7061.4053 6.9748e-03
7063.5234 3.4992e-03
7065.6431 3.0461e-03
7067.7627 2.5426e-03
7069.8828 9.8626e-04
7072.0039 4.9231e-03
7074.1255 3.5949e-03
7076.2476 8.5068e-04
7078.3706 2.0844e-03
7080.4937 1.3248e-03
7082.6187 7.7035e-04
7084.7432 6.1661e-03
7086.8687 3.9098e-03
7088.9946 4.7714e-03
7091.1216 8.2606e-03
7093.2490 5.3235e-03
7095.3765 7.4472e-03
7097.5049 5.0851e-03
7099.6348 2.6270e-03
7101.7642 7.8118e-03
7103.8945 4.9012e-03
7106.0264 4.7679e-03
7108.1582 2.7699e-03
7110.2905 5.8991e-03
7112.4229 2.8295e-03
7114.5571 3.6381e-03
7116.6914 2.4122e-03
7118.8262 9.0848e-04
7120.9619 2.8772e-03
7123.0986 4.2771e-03
7125.2354 3.2752e-03
7127.3730 3.7806e-03
7129.5112 5.6505e-03
7131.6499 5.1603e-03
7133.7896 4.1553e-03
7135.9292 6.1800e-03
7138.0703 3.8597e-03
7140.2119 3.0931e-03
7142.3540 9.6546e-03
7144.4966 1.5206e-03
7146.6396 2.0100e-03
7148.7842 1.9739e-03
7150.9287 7.5453e-03
7153.0742 8.4139e-03
7155.2197 1.6524e-04
7157.3667 4.9643e-03
7159.5137 8.3278e-03
7161.6616 3.2623e-03
7163.8101 3.1707e-03
7165.9590 5.6913e-03
7168.1089 7.8439e-03
7170.2593 1.1996e-03
7172.4102 2.8310e-03
7174.5625 6.4805e-03
7176.7144 4.7575e-03
7178.8672 2.4127e-03
7181.0210 7.6125e-03
7183.1753 3.1837e-04
7185.3306 1.9025e-03
7187.4858 1.3150e-02
7189.6421 7.9588e-03
7191.7988 6.9924e-03
7193.9565 1.9124e-03
7196.1147 3.7091e-03
7198.2734 6.1024e-03
7200.4336 3.5197e-03
7202.5928 7.4965e-03
7204.7539 6.0616e-03
7206.9155 3.0972e-03
7209.0771 7.8679e-03
7211.2402 6.0127e-03
7213.4033 2.0752e-03
7215.5674 5.8173e-03
7217.7324 5.6752e-03
7219.8979 8.8245e-03
7222.0635 1.1921e-02
7224.2300 5.6616e-03
7226.3979 6.8237e-03
7228.5654 5.0873e-03
7230.7334 1.8064e-04
7232.9033 5.2364e-03
7235.0728 4.8424e-03
7237.2432 7.8343e-03
7239.4150 2.3143e-03
7241.5864 3.6354e-03
7243.7593 9.0662e-03
7245.9321 3.6764e-03
7248.1060 3.7189e-03
7250.2803 3.0668e-03
7252.4551 8.1303e-03
7254.6313 9.3871e-03
7256.8076 2.0713e-03
7258.9849 3.7627e-03
7261.1626 8.9148e-03
7263.3408 1.1668e-02
7265.5200 4.0130e-03
7267.6992 6.1846e-03
7269.8799 2.5082e-03
7272.0605 6.6359e-03
7274.2422 6.0431e-03
7276.4243 7.6577e-03
7278.6069 3.7804e-03
7280.7910 3.5207e-03
7282.9751 1.0830e-02
7285.1602 5.7110e-03
7287.3452 9.5546e-04
7289.5317 4.4885e-03
7291.7188 4.7326e-04
7293.9067 2.4851e-03
7296.0947 1.3196e-03
7298.2832 5.1344e-03
7300.4727 1.9916e-03
7302.6631 9.1339e-03
7304.8540 1.8790e-03
7307.0454 1.8168e-03
7309.2373 6.2518e-03
7311.4292 4.9063e-03
7313.6235 6.3641e-03
7315.8179 1.6595e-03
7318.0122 3.9512e-03
7320.2075 2.2079e-03
7322.4038 2.0290e-03
7324.6001 4.9994e-03
7326.7979 2.6387e-03
7328.9961 4.6319e-03
7331.1943 1.9894e-03
7333.3936 1.9169e-03
7335.5938 4.9501e-03
7337.7944 4.2091e-03
7339.9956 3.7165e-03
7342.1982 1.7650e-03
7344.4004 4.2991e-03
7346.6035 2.5658e-03
7348.8081 8.3242e-04
7351.0127 6.1856e-03
7353.2183 8.5421e-03
7355.4238 6.5617e-03
7357.6304 4.0014e-03
7359.8374 7.4044e-03
7362.0459 2.3888e-03
7364.2549 0.0000e+00
7366.4634 6.7390e-03
7368.6738 2.8820e-03
7370.8838 4.7352e-04
7373.0957 1.7434e-03
7375.3071 5.7044e-03
7377.5200 2.4620e-03
7379.7334 2.2751e-03
7381.9473 1.7549e-03
7384.1616 3.1809e-03
7386.3770 6.8293e-03
7388.5928 5.9149e-03
7390.8096 7.3452e-03
7393.0264 4.3696e-03
7395.2446 5.0338e-03
7397.4639 3.4424e-03
7399.6826 4.4593e-03
7401.9023 3.3232e-03
7404.1230 6.6522e-03
7406.3438 4.9807e-03
7408.5654 1.5890e-03
7410.7886 5.5390e-04
7413.0122 4.8360e-03
7415.2354 2.8891e-03
7417.4604 3.0358e-03
7419.6855 7.3956e-03
7421.9116 9.5301e-03
7424.1382 6.0684e-03
7426.3652 2.7221e-03
7428.5933 2.7969e-03
7430.8218 1.8386e-03
7433.0513 2.1434e-03
7435.2808 5.5806e-03
7437.5117 2.7669e-03
7439.7432 5.1262e-03
7441.9741 2.2559e-03
7444.2070 1.3808e-03
7446.4404 6.1312e-04
7448.6748 8.2666e-04
7450.9097 6.4274e-03
7453.1440 8.9771e-03
7455.3809 2.8446e-03
7457.6167 1.1100e-03
7459.8545 3.2706e-03
7462.0923 1.5923e-03
7464.3306 4.4057e-03
7466.5698 2.0833e-04
7468.8096 3.6443e-03
7471.0503 6.4600e-03
7473.2920 2.4511e-03
7475.5342 7.3352e-03
7477.7769 2.2175e-03
7480.0205 4.4208e-04
7482.2637 1.5429e-03
7484.5088 1.0725e-03
7486.7539 4.1608e-03
7489.0000 4.2446e-03
7491.2471 2.2642e-03
7493.4937 1.2368e-03
7495.7422 1.5410e-03
7497.9912 6.0713e-03
7500.2402 6.7572e-03
7502.4902 2.2524e-03
7504.7412 3.0382e-03
7506.9927 1.8993e-03
7509.2441 5.6746e-03
7511.4976 7.6449e-03
7513.7510 1.8017e-03
7516.0044 2.6367e-03
7518.2593 2.8918e-03
7520.5151 3.5106e-03
7522.7715 6.3974e-03
7525.0283 5.0259e-03
7527.2861 6.1500e-03
7529.5439 3.2917e-03
7531.8027 1.9766e-03
7534.0620 4.3863e-03
7536.3228 2.8461e-03
7538.5835 2.6988e-03
7540.8447 3.0871e-03
7543.1074 4.0724e-03
7545.3706 2.5025e-03
7547.6338 1.0980e-03
7549.8984 9.5323e-04
7552.1626 4.2994e-03
7554.4292 3.2672e-03
7556.6948 3.7890e-03
7558.9619 2.0265e-03
7561.2295 4.0890e-03
7563.4976 5.1280e-03
7565.7671 8.0959e-03
7568.0366 4.4024e-03
7570.3071 4.0887e-03
7572.5786 2.7899e-03
7574.8511 8.2528e-03
7577.1230 3.6314e-03
7579.3960 6.3164e-03
7581.6694 3.1135e-03
7583.9443 5.4330e-03
7586.2192 2.7124e-03
7588.4956 4.7535e-03
7590.7715 3.0296e-04
7593.0488 3.7783e-03
7595.3262 4.0216e-03
7597.6060 4.8762e-03
7599.8843 1.3277e-03
7602.1641 6.7661e-03
7604.4448 6.0732e-03
7606.7271 1.2548e-04
7609.0093 6.1443e-03
7611.2910 3.1755e-03
7613.5752 5.7311e-04
7615.8589 3.5080e-03
7618.1440 9.0764e-03
7620.4292 0.0000e+00
7622.7153 8.0775e-03
7625.0020 4.2755e-03
7627.2896 3.9499e-03
7629.5781 5.1631e-03
7631.8662 6.9860e-03
7634.1562 7.2418e-03
7636.4468 4.6591e-03
7638.7378 5.0063e-03
7641.0288 8.0119e-03
7643.3213 3.1456e-04
7645.6138 3.7452e-03
7647.9072 2.7916e-03
7650.2021 4.3205e-03
7652.4971 6.2327e-03
7654.7935 3.5756e-03
7657.0894 5.6820e-04
7659.3867 6.0845e-03
7661.6846 2.3918e-03
7663.9829 6.5672e-03
7666.2817 2.8526e-03
7668.5825 1.3430e-04
7670.8823 3.7955e-03
7673.1841 2.6327e-03
7675.4854 7.0875e-03
7677.7891 2.2955e-03
7680.0918 2.0898e-03
7682.3960 3.8171e-03
7684.7002 0.0000e+00
7687.0059 2.4141e-03
7689.3125 4.1074e-03
7691.6191 6.2506e-03
7693.9268 2.3144e-03
7696.2344 1.3609e-03
7698.5430 2.1399e-03
7700.8530 3.9530e-03
7703.1631 7.7242e-03
7705.4746 3.8027e-03
7707.7856 4.1207e-03
7710.0981 1.3824e-03
7712.4111 3.0968e-03
7714.7251 2.1688e-03
7717.0391 6.6637e-03
7719.3540 4.2873e-03
7721.6699 1.7807e-03
7723.9868 5.4930e-03
7726.3042 6.1331e-04
7728.6216 4.9388e-04
7730.9409 2.9117e-03
7733.2593 1.8452e-03
7735.5796 6.3073e-03
7737.9004 3.7969e-04
7740.2217 3.5769e-03
7742.5435 2.6316e-04
7744.8662 5.0612e-03
7747.1895 1.5524e-03
7749.5142 8.6733e-04
7751.8394 1.2830e-03
7754.1650 8.1162e-04
7756.4907 1.9517e-03
7758.8174 4.0830e-03
7761.1450 2.2114e-03
7763.4736 1.5509e-03
7765.8022 2.5273e-03
7768.1323 3.5324e-03
7770.4634 1.3883e-03
7772.7944 2.4312e-03
7775.1260 6.0271e-03
7777.4585 6.0632e-04
7779.7915 7.1859e-03
7782.1260 4.4988e-03
7784.4604 3.9588e-03
7786.7954 2.0171e-03
7789.1318 3.1327e-03
7791.4683 2.7050e-03
7793.8062 1.9916e-03
7796.1436 2.0303e-03
7798.4824 5.1644e-03
7800.8218 6.6643e-03
7803.1626 5.6661e-03
7805.5034 2.3265e-03
7807.8447 2.4735e-03
7810.1880 2.7562e-03
7812.5303 1.3463e-04
7814.8745 1.5866e-03
7817.2192 6.4005e-03
7819.5640 1.3917e-03
7821.9106 1.0296e-03
7824.2559 1.6447e-03
7826.6040 2.8587e-03
7828.9521 2.0141e-03
7831.3003 4.7292e-03
7833.6499 2.6572e-03
7835.9995 3.3812e-03
7838.3511 6.3667e-03
7840.7021 1.7707e-03
7843.0547 1.1320e-03
7845.4077 2.0113e-03
7847.7603 1.2388e-03
7850.1152 3.5701e-03
7852.4702 1.6919e-03
7854.8262 1.6027e-03
7857.1821 1.1867e-03
7859.5396 3.6504e-03
7861.8975 4.5419e-03
7864.2559 3.0219e-03
7866.6157 1.0185e-03
7868.9756 3.6979e-03
7871.3359 1.3661e-03
7873.6978 5.3741e-03
7876.0601 3.1682e-03
7878.4224 8.5558e-03
7880.7856 1.2837e-03
7883.1509 2.4967e-03
7885.5151 5.2942e-03
7887.8809 1.5508e-03
7890.2476 3.6502e-03
7892.6147 5.5771e-03
7894.9814 2.7813e-03
7897.3501 2.8574e-03
7899.7192 6.5255e-03
7902.0898 1.3403e-03
7904.4604 4.3366e-04
7906.8311 1.0081e-03
7909.2036 8.1585e-03
7911.5767 2.5062e-03
7913.9497 1.8684e-04
7916.3247 2.9796e-03
7918.6987 5.6202e-04
7921.0742 3.5374e-03
7923.4512 5.7861e-03
7925.8276 1.0076e-03
7928.2051 5.0103e-03
7930.5845 5.6794e-03
7932.9634 2.6623e-03
7935.3433 1.4577e-03
7937.7236 7.1250e-03
7940.1050 3.7165e-03
7942.4873 7.0018e-03
7944.8701 1.3848e-03
7947.2529 2.0804e-03
7949.6377 1.9460e-03
7952.0225 7.9141e-04
7954.4082 4.3597e-03
7956.7949 1.9116e-03
7959.1807 4.5738e-03
7961.5688 6.8001e-03
7963.9580 2.4455e-03
7966.3462 2.2038e-04
7968.7368 1.8047e-03
7971.1274 2.1036e-03
7973.5181 1.1958e-03
7975.9111 2.8262e-03
7978.3032 3.6686e-03
7980.6973 1.4608e-03
7983.0908 3.7913e-03
7985.4858 1.1976e-04
7987.8823 5.6389e-03
7990.2778 3.7986e-03
7992.6748 4.2087e-03
7995.0728 2.0474e-03
7997.4717 1.3680e-03
7999.8711 3.1169e-03
8002.2710 6.7233e-03
8004.6709 4.7379e-03
8007.0723 4.9348e-03
8009.4746 4.8863e-03
8011.8779 2.9502e-03
8014.2812 9.3888e-04
8016.6855 4.4167e-03
8019.0903 2.8478e-03
8021.4966 1.7292e-03
8023.9028 4.4665e-03
8026.3105 3.0703e-03
8028.7173 1.5409e-03
8031.1260 4.4880e-03
8033.5361 6.0731e-03
8035.9458 7.5043e-03
8038.3569 1.5309e-03
8040.7681 4.9055e-03
8043.1807 0.0000e+00
8045.5933 3.7506e-03
8048.0068 1.1188e-03
8050.4214 1.5823e-03
8052.8364 4.1681e-03
8055.2520 3.5291e-04
8057.6689 2.8908e-04
8060.0864 1.4256e-03
8062.5049 1.9725e-03
8064.9229 3.1345e-03
8067.3423 5.1740e-03
8069.7632 1.9770e-03
8072.1836 1.2611e-03
8074.6050 2.8453e-03
8077.0278 1.5655e-03
8079.4507 3.4063e-03
8081.8745 2.9161e-03
8084.2988 2.0052e-03
8086.7251 4.1432e-03
8089.1509 6.5026e-04
8091.5771 0.0000e+00
8094.0049 6.8285e-04
8096.4331 1.1735e-03
8098.8618 0.0000e+00
8101.2910 3.3540e-04
8103.7217 3.6537e-03
8106.1528 2.6022e-04
8108.5845 3.4158e-03
8111.0171 3.5550e-03
8113.4502 9.5983e-04
8115.8843 3.1220e-03
8118.3188 8.2017e-04
8120.7549 2.5573e-03
8123.1914 2.3486e-03
8125.6284 0.0000e+00
8128.0659 3.5323e-03
8130.5049 7.2534e-03
8132.9438 0.0000e+00
8135.3833 2.3851e-03
8137.8237 1.1956e-03
8140.2651 6.9717e-03
8142.7075 2.1058e-03
8145.1504 8.0142e-04
8147.5938 0.0000e+00
8150.0376 4.0778e-03
8152.4834 8.4109e-04
8154.9292 2.2196e-03
8157.3750 2.6266e-03
8159.8228 1.7386e-03
8162.2705 1.7448e-03
8164.7192 5.6031e-03
8167.1685 0.0000e+00
8169.6187 1.9520e-03
8172.0693 3.9268e-03
8174.5210 6.7193e-03
8176.9736 1.6647e-03
8179.4268 1.0164e-03
8181.8809 5.6459e-03
8184.3350 0.0000e+00
8186.7900 3.3967e-03
8189.2456 0.0000e+00
8191.7031 4.6170e-03
8194.1602 2.0719e-04
8196.6191 0.0000e+00
8199.0781 2.2418e-03
8201.5371 2.8765e-03
8203.9980 5.8788e-03
8206.4590 2.0044e-03
8208.9219 1.8878e-03
8211.3838 4.7858e-03
8213.8477 1.1549e-03
8216.3115 2.8688e-03
8218.7764 1.5530e-03
8221.2422 2.4556e-03
8223.7090 3.8173e-03
8226.1758 5.3878e-04
8228.6436 6.1059e-03
8231.1123 4.9130e-03
8233.5811 3.3223e-03
8236.0518 2.3136e-03
8238.5215 1.1402e-04
8240.9932 7.9566e-04
8243.4658 7.1528e-03
8245.9395 0.0000e+00
8248.4131 1.9016e-03
8250.8877 2.7941e-04
8253.3623 0.0000e+00
8255.8389 6.9727e-04
8258.3154 2.1038e-03
8260.7920 3.8291e-03
8263.2715 0.0000e+00
8265.7500 1.8644e-03
8268.2305 5.4398e-03
8270.7100 0.0000e+00
8273.1914 2.1771e-03
8275.6738 3.2845e-03
8278.1553 2.8164e-03
8280.6396 1.8008e-03
8283.1240 0.0000e+00
8285.6094 0.0000e+00
8288.0947 9.8867e-04
8290.5811 3.3006e-03
8293.0674 1.9369e-03
8295.5557 1.9723e-03
8298.0449 1.0708e-03
8300.5352 1.7439e-03
8303.0234 3.7806e-03
8305.5156 3.0174e-03
8308.0068 4.2001e-03
8310.5000 3.1777e-03
8312.9922 3.5424e-03
8315.4863 5.0401e-03
8317.9805 1.3048e-04
8320.4766 1.8470e-03
8322.9717 7.2593e-04
8325.4697 5.2448e-03
8327.9668 3.5846e-03
8330.4658 3.4914e-03
8332.9639 1.8381e-03
8335.4648 2.7094e-04
8337.9648 3.0515e-03
8340.4668 1.9190e-03
8342.9688 1.6436e-03
8345.4717 4.9549e-04
8347.9746 0.0000e+00
8350.4795 5.4156e-03
8352.9844 1.3869e-03
8355.4902 1.0020e-03
8357.9971 0.0000e+00
8360.5039 3.5278e-03
8363.0127 6.4208e-04
8365.5215 7.9902e-04
8368.0312 0.0000e+00
8370.5420 3.6547e-04
8373.0527 0.0000e+00
8375.5654 1.4567e-03
8378.0771 1.2706e-04
8380.5908 1.4361e-03
8383.1045 1.8942e-03
8385.6191 1.3956e-03
8388.1348 2.0099e-04
8390.6523 5.2404e-04
8393.1689 0.0000e+00
8395.6865 5.1690e-04
8398.2061 4.9336e-03
8400.7246 1.6922e-03
8403.2461 3.4715e-03
8405.7666 3.5626e-03
8408.2881 1.4872e-03
8410.8105 0.0000e+00
8413.3340 5.1295e-03
8415.8584 2.2660e-03
8418.3818 0.0000e+00
8420.9082 3.6684e-03
8423.4346 1.9063e-03
8425.9609 3.3603e-03
8428.4893 4.7596e-03
8431.0186 6.4880e-03
8433.5479 9.1255e-04
8436.0771 2.4479e-03
8438.6074 1.9781e-03
8441.1396 2.5599e-03
8443.6729 6.2332e-03
8446.2051 2.9678e-03
8448.7383 2.5001e-03
8451.2734 4.9082e-03
8453.8086 4.7172e-03
8456.3457 6.5809e-03
8458.8828 1.3281e-03
8461.4199 2.1254e-03
8463.9580 2.5319e-03
8466.4971 0.0000e+00
8469.0371 6.9833e-03
8471.5781 0.0000e+00
8474.1191 1.0827e-03
8476.6621 2.1276e-03
8479.2051 4.6677e-03
8481.7480 1.0004e-03
8484.2930 2.7105e-03
8486.8379 7.0486e-03
8489.3848 0.0000e+00
8491.9316 1.4243e-03
8494.4795 1.4840e-03
8497.0264 4.0546e-03
8499.5762 3.7954e-03
8502.1260 2.3426e-03
8504.6777 4.1945e-03
8507.2285 4.5269e-04
8509.7803 2.1364e-04
8512.3330 4.8329e-03
8514.8857 3.0273e-03
8517.4414 2.5485e-03
8519.9961 2.4759e-03
8522.5527 3.8840e-03
8525.1094 5.0812e-03
8527.6670 5.9129e-03
8530.2246 1.7926e-03
8532.7842 2.4448e-03
8535.3438 2.7673e-03
8537.9053 5.0143e-03
8540.4668 5.2973e-03
8543.0273 1.9775e-03
8545.5908 2.0868e-03
8548.1543 1.3164e-03
8550.7188 1.7187e-03
8553.2842 1.6454e-03
8555.8496 1.0459e-02
8558.4170 5.5125e-03
8560.9844 2.9406e-03
8563.5527 8.5772e-03
8566.1221 4.6872e-03
8568.6914 4.0242e-03
8571.2617 4.6943e-03
8573.8350 6.1682e-03
8576.4062 0.0000e+00
8578.9785 2.2457e-03
8581.5527 3.8469e-03
8584.1270 2.0289e-03
8586.7031 4.2344e-03
8589.2783 0.0000e+00
8591.8555 3.2062e-03
8594.4326 0.0000e+00
8597.0117 1.8882e-03
8599.5898 3.8301e-03
8602.1699 2.0122e-03
8604.7500 2.5722e-03
8607.3320 2.6485e-04
8609.9150 3.3999e-03
8612.4971 1.5472e-03
8615.0811 3.3491e-03
8617.6660 3.1084e-03
8620.2500 2.5349e-03
8622.8369 5.3394e-03
8625.4229 6.1813e-03
8628.0117 6.0424e-04
8630.6006 1.8472e-03
8633.1885 2.4530e-03
8635.7793 2.0215e-03
8638.3711 3.4728e-03
8640.9609 5.8860e-03
8643.5527 5.6020e-03
8646.1465 5.8828e-03
8648.7393 6.5302e-03
8651.3350 4.5772e-03
8653.9307 2.6584e-03
8656.5264 1.1039e-04
8659.1230 4.0954e-03
8661.7207 6.9588e-03
8664.3203 2.3728e-03
8666.9189 1.6008e-03
8669.5186 7.6378e-04
8672.1201 7.5365e-04
8674.7217 2.9861e-03
8677.3242 4.2159e-03
8679.9277 3.2939e-03
8682.5312 4.7860e-04
8685.1367 3.0399e-03
8687.7412 3.7795e-03
8690.3477 3.5396e-03
8692.9551 2.8621e-03
8695.5625 2.2451e-03
8698.1709 3.5859e-03
8700.7803 6.3473e-03
8703.3916 3.7252e-03
8706.0020 1.8880e-04
8708.6133 2.2752e-03
8711.2266 3.2623e-03
8713.8398 4.2356e-03
8716.4541 3.0991e-03
8719.0684 4.6940e-03
8721.6846 7.7545e-03
8724.3018 5.7006e-03
8726.9189 4.1208e-03
8729.5371 6.8484e-03
8732.1553 4.1093e-03
8734.7754 3.7286e-03
8737.3955 5.3125e-03
8740.0166 1.7060e-03
8742.6387 2.2100e-03
8745.2607 2.9393e-03
8747.8848 2.1724e-03
8750.5098 3.0063e-03
8753.1348 4.2289e-03
8755.7607 3.2083e-03
8758.3867 7.0668e-03
8761.0146 3.2713e-03
8763.6436 5.5496e-03
8766.2715 4.5790e-03
8768.9023 1.8404e-03
8771.5322 2.9313e-03
8774.1641 3.5491e-03
8776.7959 1.0726e-03
8779.4287 3.1321e-03
8782.0635 2.2427e-03
8784.6982 1.7130e-03
8787.3330 8.0181e-03
8789.9697 3.5371e-03
8792.6074 2.9785e-03
8795.2451 7.3892e-04
8797.8838 2.7439e-03
8800.5234 1.0272e-03
8803.1621 5.0819e-04
8805.8027 5.7075e-03
8808.4453 2.9817e-03
8811.0879 8.1185e-03
8813.7314 8.3692e-03
8816.3750 3.2864e-03
8819.0205 8.0076e-03
8821.6660 2.8588e-03
8824.3125 3.8466e-03
8826.9590 3.1458e-03
8829.6084 7.1736e-04
8832.2568 1.2932e-03
8834.9062 7.7559e-03
8837.5557 1.2533e-03
8840.2080 4.2487e-03
8842.8594 5.1214e-03
8845.5127 5.9533e-04
8848.1670 7.9902e-03
8850.8213 4.3354e-03
8853.4766 3.5979e-03
8856.1328 3.0388e-03
8858.7881 4.7621e-03
8861.4463 1.8971e-03
8864.1045 1.9356e-03
8866.7646 3.2590e-03
8869.4238 3.5847e-03
8872.0850 5.0258e-03
8874.7471 1.4560e-03
8877.4092 1.2541e-03
8880.0732 5.6089e-03
8882.7373 2.9753e-03
8885.4014 1.8186e-03
8888.0674 1.4967e-03
8890.7334 4.2692e-03
8893.4004 4.1807e-03
8896.0684 0.0000e+00
8898.7373 2.3770e-03
8901.4072 1.0113e-03
8904.0771 3.5973e-03
8906.7480 2.4787e-03
8909.4199 5.6042e-03
8912.0938 2.2808e-03
8914.7676 3.1368e-03
8917.4414 2.3437e-03
8920.1172 3.1541e-04
8922.7930 6.9256e-04
8925.4697 5.4266e-03
8928.1475 3.9721e-03
8930.8262 1.2256e-03
8933.5049 4.6127e-03
8936.1855 2.1190e-04
8938.8652 4.3749e-03
8941.5469 1.6502e-03
8944.2295 2.0327e-03
8946.9141 1.5565e-03
8949.5977 8.1056e-03
8952.2822 3.6036e-03
8954.9678 3.2902e-03
8957.6553 3.1851e-03
8960.3418 1.4253e-03
8963.0293 1.2948e-03
8965.7178 4.6066e-03
8968.4082 2.1674e-03
8971.0986 4.8078e-03
8973.7910 4.4563e-04
8976.4824 4.9464e-03
8979.1748 1.0944e-04
8981.8691 5.5694e-04
8984.5635 2.4312e-03
8987.2588 3.8574e-03
8989.9551 1.7346e-03
8992.6523 3.8402e-03
8995.3506 4.8605e-03
8998.0488 2.4465e-03
9000.7480 1.7932e-03
9003.4482 2.1018e-03
9006.1494 4.1399e-03
9008.8516 1.9286e-03
9011.5537 1.7845e-03
9014.2578 2.4188e-03
9016.9609 5.1853e-03
9019.6660 4.8044e-03
9022.3721 0.0000e+00
9025.0791 2.6605e-03
9027.7871 5.0157e-03
9030.4951 4.2004e-03
9033.2051 4.8261e-03
9035.9150 1.7517e-03
9038.6260 1.7389e-03
9041.3369 1.3769e-03
9044.0498 6.8538e-03
9046.7627 2.2227e-03
9049.4766 4.1333e-03
9052.1914 3.1704e-03
9054.9072 2.0899e-03
9057.6240 1.1682e-03
9060.3398 5.4269e-03
9063.0586 1.2724e-03
9065.7773 1.7858e-03
9068.4971 7.9625e-03
9071.2168 3.1361e-03
9073.9395 1.6631e-03
9076.6611 1.6617e-03
9079.3848 2.9150e-03
9082.1074 3.8151e-04
9084.8330 1.9441e-03
9087.5576 3.7021e-03
9090.2832 3.3378e-03
9093.0117 1.8136e-03
9095.7393 3.6740e-03
9098.4688 2.1502e-03
9101.1973 2.5661e-03
9103.9287 5.9882e-04
9106.6592 1.0837e-03
9109.3906 1.2103e-03
9112.1250 2.0396e-03
9114.8584 4.0316e-03
9117.5928 2.7406e-03
9120.3271 1.8065e-03
9123.0635 2.6911e-03
9125.8008 1.7935e-03
9128.5391 5.6849e-03
9131.2764 9.9192e-04
9134.0156 3.4116e-03
9136.7568 1.6406e-03
9139.4980 0.0000e+00
9142.2383 3.3612e-04
9144.9814 1.2830e-03
9147.7266 2.9531e-03
9150.4707 1.6478e-03
9153.2158 1.8211e-03
9155.9609 1.1169e-03
9158.7070 9.8228e-04
9161.4551 3.3726e-03
9164.2041 7.5599e-03
9166.9531 3.0923e-03
9169.7031 2.3495e-03
9172.4541 0.0000e+00
9175.2051 5.9684e-03
9177.9580 0.0000e+00
9180.7109 1.4907e-04
9183.4668 1.6279e-03
9186.2207 7.3917e-04
9188.9766 8.8465e-04
9191.7334 4.6424e-03
9194.4912 1.8741e-03
9197.2490 2.5669e-03
9200.0088 1.4684e-04
9202.7686 4.4782e-03
9205.5293 6.8691e-03
9208.2920 1.7059e-03
9211.0527 2.5643e-03
9213.8164 5.6133e-04
9216.5811 1.7928e-03
9219.3467 2.5255e-03
9222.1113 1.3807e-03
9224.8789 5.1955e-04
9227.6455 1.1129e-04
9230.4141 8.0555e-04
9233.1836 6.8638e-04
9235.9531 0.0000e+00
9238.7246 3.2902e-03
9241.4951 2.6561e-03
9244.2686 5.3645e-04
9247.0410 1.3184e-03
9249.8154 4.4236e-03
9252.5908 1.9076e-03
9255.3652 1.7543e-03
9258.1426 1.8080e-03
9260.9209 2.9899e-03
9263.6992 2.5512e-03
9266.4775 0.0000e+00
9269.2568 2.5634e-03
9272.0381 1.4833e-03
9274.8203 3.8531e-03
9277.6025 3.9953e-03
9280.3857 2.6750e-03
9283.1709 9.1075e-04
9285.9541 8.5558e-03
9288.7402 2.7085e-03
9291.5264 2.9203e-03
9294.3135 0.0000e+00
9297.1025 4.2980e-03
9299.8926 4.6293e-04
9302.6816 5.8511e-04
9305.4727 1.1191e-03
9308.2646 2.6788e-03
9311.0566 7.6957e-03
9313.8506 2.1559e-03
9316.6436 1.6257e-03
9319.4395 1.7867e-03
9322.2354 1.3140e-03
9325.0322 0.0000e+00
9327.8291 3.4788e-03
9330.6279 1.1999e-03
9333.4277 4.1935e-03
9336.2266 4.5902e-03
9339.0283 1.6375e-03
9341.8291 5.7733e-03
9344.6318 3.6736e-03
9347.4355 1.7620e-04
9350.2402 1.9101e-03
9353.0449 4.3447e-03
9355.8516 2.7894e-03
9358.6572 6.7314e-04
9361.4658 2.5939e-03
9364.2734 1.3797e-03
9367.0830 6.2040e-04
9369.8936 2.3306e-03
9372.7041 6.0137e-03
9375.5156 3.8077e-03
9378.3291 3.3334e-03
9381.1416 1.1332e-03
9383.9561 5.2263e-04
9386.7715 2.3757e-03
9389.5879 3.2361e-03
9392.4043 3.9386e-04
9395.2217 8.6130e-04
9398.0400 2.6429e-04
9400.8594 0.0000e+00
9403.6807 2.0933e-03
9406.5020 1.6144e-03
9409.3242 0.0000e+00
9412.1465 8.5370e-04
9414.9707 1.7352e-03
9417.7939 3.4785e-03
9420.6201 2.4538e-03
9423.4453 4.5896e-03
9426.2725 2.7135e-03
9429.1006 0.0000e+00
9431.9287 3.6390e-03
9434.7588 4.8903e-03
9437.5898 0.0000e+00
9440.4209 7.8545e-04
9443.2529 1.4074e-03
9446.0859 3.5428e-03
9448.9199 1.8945e-03
9451.7549 1.6984e-03
9454.5889 1.8466e-03
9457.4268 2.9694e-03
9460.2637 0.0000e+00
9463.1016 2.3962e-03
9465.9414 2.5358e-03
9468.7803 7.2630e-03
9471.6211 1.3597e-03
9474.4629 2.0680e-03
9477.3047 1.2253e-03
9480.1484 1.0865e-03
9482.9922 2.0898e-03
9485.8369 3.4606e-03
9488.6836 1.0373e-03
9491.5303 4.9539e-03
9494.3760 2.6591e-03
9497.2256 5.0610e-04
9500.0742 9.5885e-04
9502.9238 7.1904e-04
9505.7754 2.9955e-03
9508.6270 1.8149e-03
9511.4805 2.4158e-03
9514.3320 1.2239e-03
9517.1875 1.6047e-03
9520.0420 4.3014e-04
9522.8984 3.0718e-03
9525.7559 0.0000e+00
9528.6133 7.2732e-04
9531.4717 1.0143e-03
9534.3311 2.1611e-03
9537.1914 0.0000e+00
9540.0518 1.3405e-03
9542.9150 2.9942e-03
9545.7773 1.9540e-03
9548.6416 2.7845e-03
9551.5059 7.1897e-03
9554.3711 1.8843e-03
9557.2373 1.7090e-04
9560.1045 3.4929e-03
9562.9727 2.3160e-03
9565.8418 2.0617e-04
9568.7109 0.0000e+00
9571.5820 1.9128e-03
9574.4531 3.5513e-03
9577.3252 2.7051e-03
9580.1992 1.7498e-03
9583.0723 1.5990e-03
9585.9473 6.5450e-04
9588.8242 2.5912e-03
9591.7002 1.1784e-03
9594.5781 0.0000e+00
9597.4561 2.7139e-03
9600.3350 4.6314e-03
9603.2158 0.0000e+00
9606.0957 3.5149e-03
9608.9775 5.2091e-04
9611.8613 0.0000e+00
9614.7441 2.1035e-04
9617.6279 5.7051e-04
9620.5137 7.8672e-04
9623.4014 4.7704e-04
9626.2881 3.5990e-03
9629.1748 1.1248e-03
9632.0645 2.8742e-03
9634.9541 3.0886e-03
9637.8438 7.2802e-04
9640.7363 2.5934e-03
9643.6270 2.8788e-03
9646.5215 4.1163e-03
9649.4141 1.7088e-04
9652.3086 1.8531e-03
9655.2051 1.9596e-03
9658.1016 2.7497e-03
9660.9990 2.4908e-03
9663.8975 8.3018e-04
9666.7969 1.8647e-03
9669.6973 1.3182e-03
9672.5967 1.9358e-03
9675.5000 6.7423e-04
9678.4023 2.8765e-04
9681.3057 1.6090e-03
9684.2109 7.0488e-04
9687.1152 1.3612e-03
9690.0215 2.3076e-03
9692.9287 0.0000e+00
9695.8369 2.7054e-03
9698.7441 1.8286e-04
9701.6553 4.8529e-03
9704.5645 3.4554e-03
9707.4775 7.9670e-04
9710.3887 2.4460e-03
9713.3008 6.8314e-04
9716.2158 5.0969e-04
9719.1299 9.1162e-04
9722.0459 5.2433e-04
9724.9629 3.6780e-04
9727.8809 2.2136e-03
9730.7988 4.7379e-03
9733.7178 2.3817e-04
9736.6387 1.3174e-03
9739.5586 5.8449e-04
9742.4805 1.3852e-03
9745.4033 2.3096e-03
9748.3281 0.0000e+00
9751.2520 2.4467e-03
9754.1777 1.0969e-03
9757.1035 1.0626e-03
9760.0303 1.7745e-03
9762.9590 1.1937e-03
9765.8877 7.9337e-04
9768.8174 0.0000e+00
9771.7480 2.3574e-03
9774.6797 0.0000e+00
9777.6113 0.0000e+00
9780.5459 0.0000e+00
9783.4795 2.9637e-03
9786.4141 0.0000e+00
9789.3496 3.4847e-03
9792.2871 1.5370e-03
9795.2256 1.9894e-04
9798.1641 2.4003e-03
9801.1035 2.7608e-04
9804.0430 1.4809e-03
9806.9844 2.0034e-03
9809.9268 0.0000e+00
9812.8691 7.2444e-04
9815.8125 1.0544e-04
9818.7578 6.5641e-04
9821.7041 1.4834e-03
9824.6494 1.5089e-03
9827.5967 1.1396e-03
9830.5469 0.0000e+00
9833.4951 1.6554e-03
9836.4453 1.2935e-03
9839.3965 3.0200e-03
9842.3486 4.9739e-03
9845.2998 1.5947e-03
9848.2549 1.8828e-03
9851.2080 2.1634e-03
9854.1641 2.8663e-03
9857.1201 2.3211e-03
9860.0771 3.3220e-03
9863.0361 0.0000e+00
9865.9941 1.8797e-03
9868.9541 1.5494e-03
9871.9150 2.9028e-03
9874.8760 2.4443e-03
9877.8389 2.7350e-04
9880.8018 2.0893e-03
9883.7666 1.6408e-03
9886.7324 3.3010e-04
9889.6982 6.9188e-04
9892.6641 5.1998e-04
9895.6338 1.0410e-03
9898.6016 1.9343e-03
9901.5713 5.7182e-04
9904.5420 3.8057e-03
9907.5127 3.2961e-03
9910.4854 2.5084e-03
9913.4590 0.0000e+00
9916.4326 2.7583e-03
9919.4072 3.8552e-03
9922.3828 2.5762e-03
9925.3584 0.0000e+00
9928.3379 1.4644e-03
9931.3164 0.0000e+00
9934.2949 1.6270e-03
9937.2754 2.7263e-03
9940.2568 0.0000e+00
9943.2383 7.6023e-04
9946.2207 2.6423e-03
9949.2061 2.1762e-03
9952.1904 1.5317e-03
9955.1758 6.3300e-04
9958.1631 9.6874e-04
9961.1494 3.6018e-03
9964.1387 4.0817e-03
9967.1279 1.7335e-03
9970.1182 1.2215e-04
9973.1084 1.6583e-04
9976.1006 1.9616e-03
9979.0928 0.0000e+00
9982.0859 0.0000e+00
9985.0820 3.5496e-03
9988.0771 1.6591e-03
9991.0732 2.8211e-03
9994.0713 1.1794e-03
9997.0693 3.3659e-03
10000.0684 5.9391e-03
10003.0674 1.4902e-03
10006.0684 1.0577e-03
10009.0713 1.2597e-03
10012.0742 2.4048e-03
10015.0771 0.0000e+00
10018.0820 2.6909e-03
10021.0879 2.7957e-03
10024.0938 0.0000e+00
10027.1006 2.6968e-03
10030.1084 1.5654e-03
10033.1172 1.0891e-03
10036.1270 2.4853e-03
10039.1387 8.0991e-04
10042.1504 0.0000e+00
10045.1631 9.5752e-04
10048.1768 1.3017e-03
10051.1924 2.1584e-03
10054.2061 3.2595e-04
10057.2227 5.6458e-04
10060.2402 1.0136e-03
10063.2578 4.9252e-04
10066.2773 2.3514e-03
10069.2969 4.7702e-04
10072.3174 2.0873e-03
10075.3379 1.2388e-03
10078.3623 0.0000e+00
10081.3848 1.6723e-03
10084.4102 7.3844e-04
10087.4346 1.1464e-03
10090.4619 4.5604e-04
10093.4883 1.2242e-03
10096.5166 3.0966e-03
10099.5459 1.1180e-03
10102.5742 0.0000e+00
10105.6055 5.0148e-04
10108.6367 3.9726e-04
10111.6709 1.5141e-03
10114.7041 2.6448e-04
10117.7383 1.7852e-03
10120.7734 6.3803e-04
10123.8105 5.5305e-04
10126.8477 1.5772e-03
10129.8857 1.8047e-03
10132.9248 2.5438e-03
10135.9648 5.4751e-04
10139.0049 2.2778e-03
10142.0479 4.6703e-04
10145.0879 3.2118e-03
10148.1318 4.9990e-04
10151.1768 1.6579e-04
10154.2227 9.6735e-04
10157.2686 1.0060e-03
10160.3154 3.2891e-04
10163.3643 1.4274e-03
10166.4121 0.0000e+00
10169.4629 3.1561e-03
10172.5137 1.9420e-03
10175.5654 8.4932e-04
10178.6191 1.4027e-03
10181.6719 2.8867e-04
10184.7256 1.4993e-04
10187.7822 0.0000e+00
10190.8379 1.3783e-03
10193.8945 4.8447e-03
10196.9541 5.1962e-04
10200.0127 2.8836e-03
10203.0723 0.0000e+00
10206.1328 1.5755e-03
10209.1953 9.3686e-05
10212.2578 2.0300e-03
10215.3223 1.4567e-03
10218.3867 1.7712e-03
10221.4521 3.0045e-03
10224.5186 1.6103e-03
10227.5850 2.6306e-03
10230.6543 1.5296e-03
10233.7246 1.9341e-04
10236.7930 2.1828e-03
10239.8643 4.2233e-03
10242.9355 1.9163e-03
10246.0098 0.0000e+00
10249.0830 0.0000e+00
10252.1572 1.7002e-04
10255.2334 2.2662e-03
10258.3096 1.5180e-03
10261.3877 3.9499e-04
10264.4648 7.7285e-04
10267.5449 2.0552e-03
10270.6250 7.9253e-04
