# time_explosion = 15.25
# 
3082.8928 1.8018e-01
3083.8179 1.7455e-01
3084.7432 1.8054e-01
3085.6685 1.9120e-01
3086.5940 1.7778e-01
3087.5200 1.9004e-01
3088.4463 1.4024e-01
3089.3728 1.8785e-01
3090.2996 1.6758e-01
3091.2268 1.7562e-01
3092.1541 1.9832e-01
3093.0815 1.4753e-01
3094.0098 1.7965e-01
3094.9380 1.6928e-01
3095.8665 1.8099e-01
3096.7952 1.4851e-01
3097.7241 1.8372e-01
3098.6536 1.6598e-01
3099.5828 1.6001e-01
3100.5129 1.8155e-01
3101.4431 1.5645e-01
3102.3735 1.5666e-01
3103.3042 1.7355e-01
3104.2354 1.4417e-01
3105.1665 1.5663e-01
3106.0981 1.5822e-01
3107.0300 1.4128e-01
3107.9619 1.5722e-01
3108.8943 1.3627e-01
3109.8269 1.8834e-01
3110.7600 1.5380e-01
3111.6929 1.1561e-01
3112.6265 1.6388e-01
3113.5605 1.4913e-01
3114.4944 1.8099e-01
3115.4290 1.6956e-01
3116.3635 1.7150e-01
3117.2986 1.6828e-01
3118.2336 1.6091e-01
3119.1689 1.3784e-01
3120.1047 1.3775e-01
3121.0410 1.4394e-01
3121.9773 1.4037e-01
3122.9136 1.3489e-01
3123.8508 1.0705e-01
3124.7878 1.5901e-01
3125.7251 1.3713e-01
3126.6628 9.6655e-02
3127.6008 1.4735e-01
3128.5393 1.3077e-01
3129.4778 1.3048e-01
3130.4170 1.3155e-01
3131.3557 1.4943e-01
3132.2954 9.1776e-02
3133.2349 1.1572e-01
3134.1748 1.3185e-01
3135.1150 1.2777e-01
3136.0559 1.1147e-01
3136.9968 1.4109e-01
3137.9377 1.4119e-01
3138.8789 1.1413e-01
3139.8206 1.2127e-01
3140.7625 1.5119e-01
3141.7046 1.0646e-01
3142.6472 1.4922e-01
3143.5901 1.4267e-01
3144.5334 1.2639e-01
3145.4766 1.6317e-01
3146.4202 1.3973e-01
3147.3643 1.5032e-01
3148.3086 1.2641e-01
3149.2529 1.2997e-01
3150.1975 1.3505e-01
3151.1426 1.2628e-01
3152.0881 1.7795e-01
3153.0337 1.5150e-01
3153.9795 1.4549e-01
3154.9255 1.2007e-01
3155.8723 1.1272e-01
3156.8188 1.4824e-01
3157.7661 1.2575e-01
3158.7134 1.3031e-01
3159.6609 1.5747e-01
3160.6086 1.3678e-01
3161.5571 1.1379e-01
3162.5054 1.2679e-01
3163.4541 1.6052e-01
3164.4031 1.3846e-01
3165.3528 1.3613e-01
3166.3022 1.1834e-01
3167.2522 1.4702e-01
3168.2024 1.3740e-01
3169.1526 1.5972e-01
3170.1035 1.6049e-01
3171.0544 1.1109e-01
3172.0061 1.3001e-01
3172.9573 1.2666e-01
3173.9092 1.4969e-01
3174.8613 1.5124e-01
3175.8140 1.5293e-01
3176.7668 1.3532e-01
3177.7197 1.4158e-01
3178.6729 1.5931e-01
3179.6267 1.1477e-01
3180.5808 1.3921e-01
3181.5347 1.6391e-01
3182.4893 1.3584e-01
3183.4438 9.6795e-02
3184.3987 1.6252e-01
3185.3542 1.4425e-01
3186.3101 1.5596e-01
3187.2659 1.4727e-01
3188.2217 1.0864e-01
3189.1785 1.5117e-01
3190.1350 1.5433e-01
3191.0920 1.2631e-01
3192.0493 1.5088e-01
3193.0071 1.6537e-01
3193.9651 1.5697e-01
3194.9233 1.5599e-01
3195.8818 1.3660e-01
3196.8408 1.6511e-01
3197.7996 1.6562e-01
3198.7590 1.4586e-01
3199.7185 1.4430e-01
3200.6782 1.5734e-01
3201.6387 1.5823e-01
3202.5991 1.5792e-01
3203.5598 1.8574e-01
3204.5208 1.5713e-01
3205.4824 1.6438e-01
3206.4441 1.7727e-01
3207.4058 1.5329e-01
3208.3682 1.5409e-01
3209.3306 1.7765e-01
3210.2935 1.6018e-01
3211.2563 1.7038e-01
3212.2200 1.6810e-01
3213.1833 1.7385e-01
3214.1472 1.8499e-01
3215.1118 1.6601e-01
3216.0764 1.8009e-01
3217.0413 1.5547e-01
3218.0061 1.9443e-01
3218.9714 1.4465e-01
3219.9373 1.9153e-01
3220.9031 1.8899e-01
3221.8699 1.7511e-01
3222.8362 1.6693e-01
3223.8030 1.6755e-01
3224.7700 1.7343e-01
3225.7375 2.0369e-01
3226.7053 1.4648e-01
3227.6731 1.6415e-01
3228.6416 1.8561e-01
3229.6101 1.9821e-01
3230.5791 1.8711e-01
3231.5483 1.8808e-01
3232.5178 1.9865e-01
3233.4875 1.5043e-01
3234.4575 1.8090e-01
3235.4280 1.9012e-01
3236.3984 1.7851e-01
3237.3691 1.8531e-01
3238.3403 2.0998e-01
3239.3120 1.7364e-01
3240.2839 1.8041e-01
3241.2559 2.1070e-01
3242.2285 1.6048e-01
3243.2012 1.9641e-01
3244.1743 1.6384e-01
3245.1472 1.7674e-01
3246.1208 1.5952e-01
3247.0947 1.4903e-01
3248.0688 1.9168e-01
3249.0432 2.0879e-01
3250.0178 1.7621e-01
3250.9929 1.8002e-01
3251.9680 1.5702e-01
3252.9438 1.9180e-01
3253.9194 1.8670e-01
3254.8958 2.0202e-01
3255.8723 1.8867e-01
3256.8489 1.8726e-01
3257.8262 1.6258e-01
3258.8035 2.1164e-01
3259.7810 1.7432e-01
3260.7593 1.7767e-01
3261.7373 1.9531e-01
3262.7158 1.8035e-01
3263.6946 1.9737e-01
3264.6736 1.9934e-01
3265.6531 1.5632e-01
3266.6331 2.2913e-01
3267.6130 2.0297e-01
3268.5930 1.6991e-01
3269.5735 1.8815e-01
3270.5544 1.9204e-01
3271.5356 1.6060e-01
3272.5171 2.0934e-01
3273.4990 1.9144e-01
3274.4812 1.9626e-01
3275.4634 2.0141e-01
3276.4458 2.0892e-01
3277.4287 2.3125e-01
3278.4124 2.1631e-01
3279.3958 2.0849e-01
3280.3794 2.0072e-01
3281.3635 1.8262e-01
3282.3479 2.0021e-01
3283.3325 2.2244e-01
3284.3179 2.0043e-01
3285.3030 2.1621e-01
3286.2888 1.8665e-01
3287.2744 2.0344e-01
3288.2605 1.9373e-01
3289.2471 1.9180e-01
3290.2339 1.9353e-01
3291.2212 1.7422e-01
3292.2083 2.0664e-01
3293.1958 1.6081e-01
3294.1838 1.7395e-01
3295.1724 2.2015e-01
3296.1609 1.4802e-01
3297.1497 2.1918e-01
3298.1387 2.1905e-01
3299.1282 1.9853e-01
3300.1177 1.6549e-01
3301.1079 2.0423e-01
3302.0984 2.3283e-01
3303.0889 1.9252e-01
3304.0798 1.9948e-01
3305.0713 1.8928e-01
3306.0627 1.7846e-01
3307.0544 1.6716e-01
3308.0466 1.8186e-01
3309.0391 2.0278e-01
3310.0317 1.8119e-01
3311.0247 1.5952e-01
3312.0178 1.6664e-01
3313.0117 2.0313e-01
3314.0054 2.0858e-01
3315.0000 2.2473e-01
3315.9941 1.9842e-01
3316.9890 2.2873e-01
3317.9839 2.0259e-01
3318.9795 1.9021e-01
3319.9751 1.9698e-01
3320.9712 2.1073e-01
3321.9678 1.7127e-01
3322.9639 2.2285e-01
3323.9607 1.9664e-01
3324.9580 1.9786e-01
3325.9558 2.1104e-01
3326.9536 2.0962e-01
3327.9514 2.0016e-01
3328.9497 1.8944e-01
3329.9482 2.1484e-01
3330.9475 2.2468e-01
3331.9468 2.1325e-01
3332.9463 2.7126e-01
3333.9463 2.2636e-01
3334.9463 2.1380e-01
3335.9473 2.3511e-01
3336.9478 2.8822e-01
3337.9487 1.9763e-01
3338.9502 2.0695e-01
3339.9517 2.2635e-01
3340.9536 2.1570e-01
3341.9561 1.9886e-01
3342.9587 2.0757e-01
3343.9614 2.4062e-01
3344.9651 2.0539e-01
3345.9685 2.3734e-01
3346.9722 1.9904e-01
3347.9763 2.3996e-01
3348.9805 2.3936e-01
3349.9854 2.3598e-01
3350.9902 2.5204e-01
3351.9956 2.7924e-01
3353.0010 2.2697e-01
3354.0073 2.5161e-01
3355.0129 2.3968e-01
3356.0198 2.2342e-01
3357.0264 2.2769e-01
3358.0334 2.3287e-01
3359.0410 2.2608e-01
3360.0488 2.6123e-01
3361.0569 2.3039e-01
3362.0654 2.3874e-01
3363.0740 2.3735e-01
3364.0828 2.1729e-01
3365.0918 2.2059e-01
3366.1013 2.9200e-01
3367.1113 2.3862e-01
3368.1213 2.8339e-01
3369.1318 2.4093e-01
3370.1426 2.2299e-01
3371.1536 1.8201e-01
3372.1650 2.5870e-01
3373.1768 2.4557e-01
3374.1885 2.7640e-01
3375.2004 2.5445e-01
3376.2134 2.5959e-01
3377.2261 2.2335e-01
3378.2395 2.6524e-01
3379.2529 2.2448e-01
3380.2664 2.2702e-01
3381.2805 2.5095e-01
3382.2952 2.5794e-01
3383.3098 2.7599e-01
3384.3250 2.4665e-01
3385.3401 2.6478e-01
3386.3557 2.7413e-01
3387.3716 2.2735e-01
3388.3879 2.6557e-01
3389.4045 2.6362e-01
3390.4211 2.5939e-01
3391.4385 2.6686e-01
3392.4558 2.3906e-01
3393.4736 2.7372e-01
3394.4915 2.8236e-01
3395.5100 2.6837e-01
3396.5286 2.6457e-01
3397.5474 2.4183e-01
3398.5667 2.3807e-01
3399.5862 2.5368e-01
3400.6062 2.0859e-01
3401.6262 2.4497e-01
3402.6467 2.7891e-01
3403.6677 2.5338e-01
3404.6887 2.3737e-01
3405.7100 2.3560e-01
3406.7319 2.3147e-01
3407.7539 2.7447e-01
3408.7764 2.9612e-01
3409.7988 2.1846e-01
3410.8218 2.8326e-01
3411.8450 2.8995e-01
3412.8687 3.0364e-01
3413.8923 2.3922e-01
3414.9167 3.0152e-01
3415.9412 2.8633e-01
3416.9658 2.9668e-01
3417.9907 3.0127e-01
3419.0164 2.3955e-01
3420.0420 2.6430e-01
3421.0681 2.4471e-01
3422.0945 3.3543e-01
3423.1208 2.7207e-01
3424.1479 2.8613e-01
3425.1753 2.3013e-01
3426.2029 3.0747e-01
3427.2307 2.6784e-01
3428.2588 2.6784e-01
3429.2871 3.1305e-01
3430.3159 2.6854e-01
3431.3452 2.5892e-01
3432.3748 2.5073e-01
3433.4041 2.7069e-01
3434.4346 2.6006e-01
3435.4646 3.0539e-01
3436.4954 3.1035e-01
3437.5261 2.9077e-01
3438.5579 2.3306e-01
3439.5894 3.0192e-01
3440.6208 3.0508e-01
3441.6531 3.2096e-01
3442.6855 2.6785e-01
3443.7183 2.8706e-01
3444.7515 2.8649e-01
3445.7852 2.9827e-01
3446.8186 2.8261e-01
3447.8525 3.2660e-01
3448.8872 3.1735e-01
3449.9216 3.2372e-01
3450.9568 2.8087e-01
3451.9919 3.3738e-01
3453.0276 3.1354e-01
3454.0637 2.8547e-01
3455.0999 3.0013e-01
3456.1362 2.7500e-01
3457.1731 3.0671e-01
3458.2102 3.0938e-01
3459.2476 2.7401e-01
3460.2856 2.9472e-01
3461.3235 2.7042e-01
3462.3621 2.7604e-01
3463.4004 2.8202e-01
3464.4399 2.8445e-01
3465.4790 3.1327e-01
3466.5188 2.7947e-01
3467.5586 2.9346e-01
3468.5989 3.0624e-01
3469.6394 3.4343e-01
3470.6804 2.8256e-01
3471.7217 3.1461e-01
3472.7629 2.5104e-01
3473.8049 2.8350e-01
3474.8469 3.0992e-01
3475.8894 2.5854e-01
3476.9321 3.0537e-01
3477.9751 3.0448e-01
3479.0188 2.7570e-01
3480.0625 2.6526e-01
3481.1064 3.0002e-01
3482.1509 2.8208e-01
3483.1956 3.0082e-01
3484.2407 3.6945e-01
3485.2856 2.7750e-01
3486.3313 3.0664e-01
3487.3772 2.9448e-01
3488.4233 3.0640e-01
3489.4697 2.9861e-01
3490.5168 2.9663e-01
3491.5640 3.5428e-01
3492.6116 2.9300e-01
3493.6592 3.5024e-01
3494.7073 3.1039e-01
3495.7556 2.9926e-01
3496.8044 2.9613e-01
3497.8535 2.9808e-01
3498.9026 2.9640e-01
3499.9526 3.3653e-01
3501.0024 3.0344e-01
3502.0527 3.0953e-01
3503.1033 3.7595e-01
3504.1543 3.1439e-01
3505.2058 2.4794e-01
3506.2571 3.0929e-01
3507.3088 2.4793e-01
3508.3613 2.9008e-01
3509.4136 2.9821e-01
3510.4663 2.8371e-01
3511.5193 2.9202e-01
3512.5730 2.8574e-01
3513.6270 2.7603e-01
3514.6809 2.5124e-01
3515.7351 2.9973e-01
3516.7898 2.9337e-01
3517.8452 3.1234e-01
3518.9004 2.7938e-01
3519.9561 2.7522e-01
3521.0122 2.7715e-01
3522.0686 3.0444e-01
3523.1250 2.7382e-01
3524.1821 2.7030e-01
3525.2390 2.7936e-01
3526.2969 3.1801e-01
3527.3547 3.2344e-01
3528.4126 2.6533e-01
3529.4714 3.2785e-01
3530.5303 2.8843e-01
3531.5894 2.4193e-01
3532.6487 3.5451e-01
3533.7090 2.9039e-01
3534.7688 2.6764e-01
3535.8293 3.7879e-01
3536.8901 3.2840e-01
3537.9512 2.7748e-01
3539.0122 3.2732e-01
3540.0740 2.8804e-01
3541.1360 3.0006e-01
3542.1987 2.7815e-01
3543.2612 2.7808e-01
3544.3245 2.8756e-01
3545.3875 3.1277e-01
3546.4509 3.1218e-01
3547.5154 3.2838e-01
3548.5793 3.1245e-01
3549.6438 3.1846e-01
3550.7087 2.9836e-01
3551.7739 3.2989e-01
3552.8396 3.1998e-01
3553.9053 3.1371e-01
3554.9714 3.4535e-01
3556.0378 3.0367e-01
3557.1050 3.1303e-01
3558.1716 2.8533e-01
3559.2395 3.0718e-01
3560.3071 2.8105e-01
3561.3752 2.6875e-01
3562.4436 3.0668e-01
3563.5125 2.5705e-01
3564.5813 3.1238e-01
3565.6506 2.8702e-01
3566.7205 3.0900e-01
3567.7905 3.2685e-01
3568.8611 2.9596e-01
3569.9316 3.3700e-01
3571.0027 3.1440e-01
3572.0737 3.3293e-01
3573.1455 2.9897e-01
3574.2175 3.3925e-01
3575.2896 2.6569e-01
3576.3625 3.3699e-01
3577.4351 3.0546e-01
3578.5083 3.1326e-01
3579.5820 3.6085e-01
3580.6560 3.2730e-01
3581.7300 3.3379e-01
3582.8047 3.0670e-01
3583.8792 2.9604e-01
3584.9546 3.5150e-01
3586.0298 3.7714e-01
3587.1060 3.0714e-01
3588.1821 3.1453e-01
3589.2583 3.5241e-01
3590.3352 3.8120e-01
3591.4124 3.4124e-01
3592.4897 3.7436e-01
3593.5671 3.2721e-01
3594.6455 3.2320e-01
3595.7241 3.0479e-01
3596.8025 3.3975e-01
3597.8818 3.4488e-01
3598.9609 3.0730e-01
3600.0405 3.2311e-01
3601.1204 3.2959e-01
3602.2009 3.2572e-01
3603.2817 3.4332e-01
3604.3625 3.4778e-01
3605.4441 3.2781e-01
3606.5256 3.9113e-01
3607.6074 4.0070e-01
3608.6899 3.5650e-01
3609.7725 3.5703e-01
3610.8552 3.4830e-01
3611.9385 3.4194e-01
3613.0222 3.1714e-01
3614.1062 3.6576e-01
3615.1904 3.4282e-01
3616.2749 3.8041e-01
3617.3599 2.9817e-01
3618.4451 3.1542e-01
3619.5303 3.5343e-01
3620.6165 3.4940e-01
3621.7024 3.5195e-01
3622.7891 3.0619e-01
3623.8760 3.3344e-01
3624.9631 2.8876e-01
3626.0508 3.0754e-01
3627.1382 3.2205e-01
3628.2266 3.4756e-01
3629.3152 3.6393e-01
3630.4038 3.4011e-01
3631.4927 2.9886e-01
3632.5825 3.6007e-01
3633.6721 2.9634e-01
3634.7622 2.9551e-01
3635.8528 3.0695e-01
3636.9434 3.5691e-01
3638.0347 2.5584e-01
3639.1257 2.8395e-01
3640.2178 2.9101e-01
3641.3098 3.0102e-01
3642.4021 2.9261e-01
3643.4946 2.9173e-01
3644.5881 2.9698e-01
3645.6814 2.8057e-01
3646.7751 2.7381e-01
3647.8691 2.5790e-01
3648.9634 2.8138e-01
3650.0581 3.2387e-01
3651.1533 2.8505e-01
3652.2480 2.7068e-01
3653.3442 2.7362e-01
3654.4402 2.3164e-01
3655.5364 2.5746e-01
3656.6333 2.3634e-01
3657.7300 2.8831e-01
3658.8274 2.7895e-01
3659.9250 2.6049e-01
3661.0232 2.4244e-01
3662.1213 2.1675e-01
3663.2202 2.5814e-01
3664.3188 2.5400e-01
3665.4182 2.9062e-01
3666.5181 2.6902e-01
3667.6179 2.5759e-01
3668.7183 2.7105e-01
3669.8186 2.5734e-01
3670.9197 2.8454e-01
3672.0210 2.6206e-01
3673.1226 2.2600e-01
3674.2241 2.7030e-01
3675.3269 2.5003e-01
3676.4294 2.4268e-01
3677.5325 2.3737e-01
3678.6355 2.6500e-01
3679.7390 2.8213e-01
3680.8430 2.5598e-01
3681.9473 2.8624e-01
3683.0518 2.6886e-01
3684.1570 1.9287e-01
3685.2620 2.7290e-01
3686.3677 2.2414e-01
3687.4739 2.3050e-01
3688.5796 2.2767e-01
3689.6865 2.1806e-01
3690.7932 1.9897e-01
3691.9006 1.9459e-01
3693.0081 2.4675e-01
3694.1160 2.0559e-01
3695.2241 3.0110e-01
3696.3328 2.3299e-01
3697.4417 2.4907e-01
3698.5508 2.1325e-01
3699.6606 2.4467e-01
3700.7703 2.2461e-01
3701.8806 2.1517e-01
3702.9910 2.3259e-01
3704.1023 1.8884e-01
3705.2136 2.4869e-01
3706.3247 1.9089e-01
3707.4370 2.3218e-01
3708.5491 2.0282e-01
3709.6616 2.3059e-01
3710.7744 2.1357e-01
3711.8877 2.2608e-01
3713.0012 2.1382e-01
3714.1152 2.1537e-01
3715.2292 1.9265e-01
3716.3440 1.7728e-01
3717.4590 1.8743e-01
3718.5742 2.1343e-01
3719.6897 2.0679e-01
3720.8057 1.8050e-01
3721.9219 1.6974e-01
3723.0383 1.9286e-01
3724.1553 1.6417e-01
3725.2725 1.7182e-01
3726.3904 1.7478e-01
3727.5081 2.0930e-01
3728.6265 2.2035e-01
3729.7451 1.9334e-01
3730.8640 1.9199e-01
3731.9832 1.5893e-01
3733.1028 1.7483e-01
3734.2227 2.0004e-01
3735.3428 1.7358e-01
3736.4636 1.7791e-01
3737.5842 1.8547e-01
3738.7056 1.8783e-01
3739.8276 1.8813e-01
3740.9490 1.7531e-01
3742.0718 2.0379e-01
3743.1943 1.6372e-01
3744.3171 1.6199e-01
3745.4404 1.3567e-01
3746.5640 1.7282e-01
3747.6880 1.6092e-01
3748.8125 1.4465e-01
3749.9368 1.5300e-01
3751.0620 1.4334e-01
3752.1873 1.6597e-01
3753.3130 1.2865e-01
3754.4387 1.3373e-01
3755.5652 1.1829e-01
3756.6919 1.3806e-01
3757.8188 1.4896e-01
3758.9463 1.7385e-01
3760.0737 1.0265e-01
3761.2019 1.2009e-01
3762.3306 1.2596e-01
3763.4590 1.4680e-01
3764.5881 1.2360e-01
3765.7175 1.5705e-01
3766.8472 1.2446e-01
3767.9771 1.2733e-01
3769.1079 1.2111e-01
3770.2383 1.5307e-01
3771.3694 1.2236e-01
3772.5007 1.1987e-01
3773.6328 1.2537e-01
3774.7646 1.3115e-01
3775.8972 1.2094e-01
3777.0298 1.6698e-01
3778.1628 1.3104e-01
3779.2964 1.4836e-01
3780.4302 1.0299e-01
3781.5642 1.1425e-01
3782.6987 1.2816e-01
3783.8335 1.4076e-01
3784.9690 1.3149e-01
3786.1042 9.8204e-02
3787.2400 1.3949e-01
3788.3762 1.1836e-01
3789.5125 1.5074e-01
3790.6497 1.6436e-01
3791.7869 1.2186e-01
3792.9246 1.6579e-01
3794.0625 1.2070e-01
3795.2007 1.2959e-01
3796.3391 1.4401e-01
3797.4778 1.3292e-01
3798.6169 1.5406e-01
3799.7568 1.3794e-01
3800.8967 1.2608e-01
3802.0371 1.6580e-01
3803.1775 1.4185e-01
3804.3181 1.5299e-01
3805.4597 1.5000e-01
3806.6013 1.6183e-01
3807.7434 1.7094e-01
3808.8857 1.6465e-01
3810.0286 1.7577e-01
3811.1714 1.5468e-01
3812.3149 1.3856e-01
3813.4583 1.3845e-01
3814.6025 1.3537e-01
3815.7468 1.3940e-01
3816.8916 1.6129e-01
3818.0369 1.5849e-01
3819.1824 1.8713e-01
3820.3281 1.7784e-01
3821.4741 1.4571e-01
3822.6201 1.7645e-01
3823.7671 1.7400e-01
3824.9143 1.7706e-01
3826.0615 1.4726e-01
3827.2097 1.4799e-01
3828.3577 1.6357e-01
3829.5063 1.7824e-01
3830.6553 1.6473e-01
3831.8044 1.5030e-01
3832.9539 1.7595e-01
3834.1035 1.6895e-01
3835.2539 1.2846e-01
3836.4045 1.7930e-01
3837.5554 1.4062e-01
3838.7068 1.8860e-01
3839.8582 1.9266e-01
3841.0103 1.8094e-01
3842.1628 1.7077e-01
3843.3152 1.6814e-01
3844.4683 1.4461e-01
3845.6216 1.8209e-01
3846.7754 1.9471e-01
3847.9294 1.7170e-01
3849.0835 1.9971e-01
3850.2383 1.8728e-01
3851.3933 1.9353e-01
3852.5488 1.4355e-01
3853.7051 1.4065e-01
3854.8606 1.8861e-01
3856.0173 1.7516e-01
3857.1741 1.8426e-01
3858.3313 1.8173e-01
3859.4883 1.9300e-01
3860.6465 1.6572e-01
3861.8047 1.6392e-01
3862.9631 1.9339e-01
3864.1221 1.9705e-01
3865.2815 1.8851e-01
3866.4412 2.1219e-01
3867.6011 1.9873e-01
3868.7610 2.0021e-01
3869.9216 1.7059e-01
3871.0828 2.1782e-01
3872.2441 2.1775e-01
3873.4058 1.8637e-01
3874.5676 1.7450e-01
3875.7302 1.7709e-01
3876.8931 1.6948e-01
3878.0559 1.9702e-01
3879.2192 2.4981e-01
3880.3831 1.9964e-01
3881.5474 2.0707e-01
3882.7119 2.2349e-01
3883.8767 2.0288e-01
3885.0420 2.2094e-01
3886.2073 2.0057e-01
3887.3728 2.0370e-01
3888.5391 1.9678e-01
3889.7061 2.3099e-01
3890.8730 2.0524e-01
3892.0400 1.9635e-01
3893.2078 2.7526e-01
3894.3755 2.2419e-01
3895.5439 2.0732e-01
3896.7126 2.7298e-01
3897.8813 2.5169e-01
3899.0508 2.2909e-01
3900.2209 2.8239e-01
3901.3909 2.6179e-01
3902.5613 2.1958e-01
3903.7322 2.7899e-01
3904.9031 2.5069e-01
3906.0747 2.4921e-01
3907.2463 2.8806e-01
3908.4187 2.6901e-01
3909.5911 2.9188e-01
3910.7642 2.5809e-01
3911.9373 3.1763e-01
3913.1111 2.8250e-01
3914.2849 3.0147e-01
3915.4592 2.6107e-01
3916.6335 2.9549e-01
3917.8086 2.8175e-01
3918.9839 3.3435e-01
3920.1597 3.3392e-01
3921.3359 3.3981e-01
3922.5120 3.5503e-01
3923.6887 3.3830e-01
3924.8660 3.1886e-01
3926.0432 3.3036e-01
3927.2212 3.2792e-01
3928.3994 3.2700e-01
3929.5779 3.8116e-01
3930.7568 3.1699e-01
3931.9360 3.1678e-01
3933.1157 3.5356e-01
3934.2954 3.8312e-01
3935.4758 3.5537e-01
3936.6562 3.3532e-01
3937.8374 3.6741e-01
3939.0186 3.7693e-01
3940.2004 3.7179e-01
3941.3826 3.6596e-01
3942.5649 4.0018e-01
3943.7478 3.5680e-01
3944.9307 4.0996e-01
3946.1147 3.8742e-01
3947.2983 3.7653e-01
3948.4824 4.1871e-01
3949.6670 3.8876e-01
3950.8521 3.7692e-01
3952.0369 4.1458e-01
3953.2227 4.0542e-01
3954.4089 4.0832e-01
3955.5950 4.3746e-01
3956.7812 3.5990e-01
3957.9688 3.8731e-01
3959.1560 4.7530e-01
3960.3438 4.2865e-01
3961.5320 4.7665e-01
3962.7202 3.7536e-01
3963.9094 4.3333e-01
3965.0984 4.2931e-01
3966.2881 3.8311e-01
3967.4778 4.4243e-01
3968.6680 4.4078e-01
3969.8584 4.1867e-01
3971.0498 4.1488e-01
3972.2412 3.7625e-01
3973.4326 4.2389e-01
3974.6248 4.0940e-01
3975.8171 4.0747e-01
3977.0095 4.1661e-01
3978.2029 4.3887e-01
3979.3962 3.5971e-01
3980.5901 3.6843e-01
3981.7844 4.3751e-01
3982.9790 4.1511e-01
3984.1736 3.9203e-01
3985.3691 3.8965e-01
3986.5647 3.5859e-01
3987.7605 3.8099e-01
3988.9568 3.5417e-01
3990.1538 3.7028e-01
3991.3506 3.9752e-01
3992.5481 4.2218e-01
3993.7456 3.8125e-01
3994.9441 4.6167e-01
3996.1423 4.3517e-01
3997.3413 3.7906e-01
3998.5408 3.8570e-01
3999.7397 3.9460e-01
4000.9402 4.0086e-01
4002.1401 3.7575e-01
4003.3408 3.7827e-01
4004.5415 4.0557e-01
4005.7434 3.6587e-01
4006.9448 3.4378e-01
4008.1470 3.7853e-01
4009.3496 3.7653e-01
4010.5522 3.3308e-01
4011.7556 3.5807e-01
4012.9587 3.9147e-01
4014.1628 3.9985e-01
4015.3672 3.3463e-01
4016.5715 3.7056e-01
4017.7769 3.0964e-01
4018.9817 4.1754e-01
4020.1875 3.6756e-01
4021.3936 3.4126e-01
4022.6003 3.6839e-01
4023.8071 3.8384e-01
4025.0142 3.7656e-01
4026.2214 3.6626e-01
4027.4294 3.6897e-01
4028.6377 3.4619e-01
4029.8462 3.9148e-01
4031.0554 3.8749e-01
4032.2646 3.5938e-01
4033.4744 4.1247e-01
4034.6843 3.2075e-01
4035.8945 3.7395e-01
4037.1052 3.5939e-01
4038.3167 3.9262e-01
4039.5281 3.9134e-01
4040.7397 3.5300e-01
4041.9524 4.0673e-01
4043.1648 3.9159e-01
4044.3777 3.6045e-01
4045.5913 3.8047e-01
4046.8047 3.7158e-01
4048.0186 3.7599e-01
4049.2332 3.9112e-01
4050.4480 3.5222e-01
4051.6628 3.6176e-01
4052.8784 4.3329e-01
4054.0942 3.5215e-01
4055.3108 3.5785e-01
4056.5273 3.5821e-01
4057.7444 3.9622e-01
4058.9614 3.6569e-01
4060.1792 3.6197e-01
4061.3970 3.8513e-01
4062.6155 3.9367e-01
4063.8345 3.6267e-01
4065.0535 3.9456e-01
4066.2732 4.1404e-01
4067.4929 3.7096e-01
4068.7131 3.8090e-01
4069.9338 3.7012e-01
4071.1548 3.9338e-01
4072.3762 3.5856e-01
4073.5981 3.7001e-01
4074.8201 3.9696e-01
4076.0427 3.5257e-01
4077.2654 3.5469e-01
4078.4885 4.1026e-01
4079.7119 4.1188e-01
4080.9358 4.0133e-01
4082.1602 4.4665e-01
4083.3845 3.6362e-01
4084.6099 4.0108e-01
4085.8354 3.6582e-01
4087.0608 3.4738e-01
4088.2869 3.5042e-01
4089.5137 4.0798e-01
4090.7407 3.9441e-01
4091.9678 4.0530e-01
4093.1953 3.9668e-01
4094.4233 3.5904e-01
4095.6519 3.9368e-01
4096.8799 4.3350e-01
4098.1094 3.6339e-01
4099.3384 4.0799e-01
4100.5684 3.5897e-01
4101.7988 3.5909e-01
4103.0293 4.1943e-01
4104.2598 3.5739e-01
4105.4912 3.8059e-01
4106.7231 3.8379e-01
4107.9546 4.0896e-01
4109.1875 3.9855e-01
4110.4204 4.3113e-01
4111.6533 4.3250e-01
4112.8867 4.1499e-01
4114.1211 3.4231e-01
4115.3545 4.0003e-01
4116.5898 4.0083e-01
4117.8247 4.2768e-01
4119.0596 3.5047e-01
4120.2954 3.6175e-01
4121.5317 3.5641e-01
4122.7681 3.8594e-01
4124.0049 4.3190e-01
4125.2422 4.0572e-01
4126.4800 4.4054e-01
4127.7178 4.2339e-01
4128.9561 3.7082e-01
4130.1948 4.1666e-01
4131.4336 4.3387e-01
4132.6733 4.2753e-01
4133.9126 3.7944e-01
4135.1533 3.9424e-01
4136.3936 3.5033e-01
4137.6348 3.8031e-01
4138.8760 4.5448e-01
4140.1172 4.5164e-01
4141.3599 3.8919e-01
4142.6021 4.2061e-01
4143.8447 4.0362e-01
4145.0879 3.2559e-01
4146.3315 4.5382e-01
4147.5752 4.0087e-01
4148.8198 3.6355e-01
4150.0640 4.3736e-01
4151.3091 3.6791e-01
4152.5547 4.0391e-01
4153.8003 3.8488e-01
4155.0464 3.6522e-01
4156.2930 4.0004e-01
4157.5400 3.9461e-01
4158.7871 3.9106e-01
4160.0352 4.0175e-01
4161.2827 3.9885e-01
4162.5312 3.6912e-01
4163.7803 4.0027e-01
4165.0293 4.2346e-01
4166.2783 3.8257e-01
4167.5288 4.2294e-01
4168.7788 3.9010e-01
4170.0298 3.5532e-01
4171.2803 4.0256e-01
4172.5317 4.0569e-01
4173.7837 3.7290e-01
4175.0356 4.0775e-01
4176.2886 4.1767e-01
4177.5410 4.7387e-01
4178.7944 4.2579e-01
4180.0479 3.7718e-01
4181.3022 4.1066e-01
4182.5566 4.3179e-01
4183.8115 4.4491e-01
4185.0664 4.3177e-01
4186.3223 3.8657e-01
4187.5776 4.2345e-01
4188.8340 4.1508e-01
4190.0903 4.0770e-01
4191.3477 4.1902e-01
4192.6050 4.1300e-01
4193.8628 4.2113e-01
4195.1206 3.8067e-01
4196.3794 3.9289e-01
4197.6387 3.8192e-01
4198.8975 4.0156e-01
4200.1577 4.0352e-01
4201.4175 4.2369e-01
4202.6782 3.6796e-01
4203.9390 3.8049e-01
4205.2002 3.9011e-01
4206.4614 4.2432e-01
4207.7231 4.0221e-01
4208.9858 3.7407e-01
4210.2485 3.7172e-01
4211.5112 4.0765e-01
4212.7749 4.2543e-01
4214.0391 3.3038e-01
4215.3032 3.9985e-01
4216.5679 3.9207e-01
4217.8330 4.0086e-01
4219.0981 4.4604e-01
4220.3638 4.1038e-01
4221.6299 3.9014e-01
4222.8965 3.8174e-01
4224.1636 4.0380e-01
4225.4302 3.3752e-01
4226.6978 3.7423e-01
4227.9658 3.5666e-01
4229.2349 3.9636e-01
4230.5034 3.4859e-01
4231.7725 3.7837e-01
4233.0415 3.5124e-01
4234.3115 4.1539e-01
4235.5825 4.0614e-01
4236.8525 3.5168e-01
4238.1235 4.0721e-01
4239.3955 4.0854e-01
4240.6670 3.4114e-01
4241.9390 4.2304e-01
4243.2119 4.0484e-01
4244.4844 4.0106e-01
4245.7583 4.2429e-01
4247.0317 3.8022e-01
4248.3062 4.4716e-01
4249.5806 4.2004e-01
4250.8555 3.7513e-01
4252.1309 3.5802e-01
4253.4062 4.5131e-01
4254.6821 4.1130e-01
4255.9590 3.9691e-01
4257.2358 3.9376e-01
4258.5127 4.2619e-01
4259.7900 3.8549e-01
4261.0679 3.9673e-01
4262.3462 3.6061e-01
4263.6250 3.7029e-01
4264.9043 3.6397e-01
4266.1841 3.9646e-01
4267.4639 3.7218e-01
4268.7432 3.8366e-01
4270.0244 3.7167e-01
4271.3052 4.3826e-01
4272.5869 3.7987e-01
4273.8682 4.1434e-01
4275.1509 3.6560e-01
4276.4336 3.5397e-01
4277.7163 3.9197e-01
4278.9995 3.8714e-01
4280.2837 3.9950e-01
4281.5674 4.0145e-01
4282.8521 4.0121e-01
4284.1367 3.3740e-01
4285.4219 3.6561e-01
4286.7075 3.7600e-01
4287.9937 4.0842e-01
4289.2798 3.8163e-01
4290.5669 3.7865e-01
4291.8540 4.0346e-01
4293.1416 4.0702e-01
4294.4292 3.7094e-01
4295.7183 3.4428e-01
4297.0063 3.4807e-01
4298.2954 3.9976e-01
4299.5854 3.7618e-01
4300.8750 3.0844e-01
4302.1650 3.4797e-01
4303.4561 3.6559e-01
4304.7471 3.4600e-01
4306.0381 3.5823e-01
4307.3301 3.5801e-01
4308.6221 3.6885e-01
4309.9150 3.5850e-01
4311.2075 3.8296e-01
4312.5015 3.7142e-01
4313.7949 3.1161e-01
4315.0889 3.5562e-01
4316.3838 3.5454e-01
4317.6787 3.2479e-01
4318.9741 3.1200e-01
4320.2700 3.1133e-01
4321.5654 3.2574e-01
4322.8623 3.7222e-01
4324.1592 3.3528e-01
4325.4565 3.5429e-01
4326.7539 3.1361e-01
4328.0518 3.2051e-01
4329.3501 3.1853e-01
4330.6494 3.5385e-01
4331.9482 3.2089e-01
4333.2480 3.0664e-01
4334.5479 3.2525e-01
4335.8477 3.6023e-01
4337.1489 3.2334e-01
4338.4502 3.2256e-01
4339.7515 3.1519e-01
4341.0537 3.0053e-01
4342.3560 3.3097e-01
4343.6582 3.4313e-01
4344.9614 3.2190e-01
4346.2646 3.6067e-01
4347.5693 3.1779e-01
4348.8735 3.2667e-01
4350.1782 3.3040e-01
4351.4829 2.9683e-01
4352.7886 3.3539e-01
4354.0938 3.3592e-01
4355.4009 3.2671e-01
4356.7070 3.0681e-01
4358.0137 3.3013e-01
4359.3218 3.2268e-01
4360.6294 3.1209e-01
4361.9375 2.6905e-01
4363.2461 3.4769e-01
4364.5552 2.5943e-01
4365.8643 3.2240e-01
4367.1743 2.6458e-01
4368.4844 2.8153e-01
4369.7954 3.0979e-01
4371.1060 3.0256e-01
4372.4170 2.7275e-01
4373.7285 3.0269e-01
4375.0415 2.9271e-01
4376.3540 3.2982e-01
4377.6665 2.9178e-01
4378.9800 3.0619e-01
4380.2935 3.1608e-01
4381.6074 2.8313e-01
4382.9219 2.7431e-01
4384.2363 2.8041e-01
4385.5522 2.8344e-01
4386.8677 3.1044e-01
4388.1841 2.5603e-01
4389.5010 2.5874e-01
4390.8169 3.0775e-01
4392.1343 3.1143e-01
4393.4521 2.8361e-01
4394.7700 2.7943e-01
4396.0884 3.1909e-01
4397.4077 3.0726e-01
4398.7266 2.7832e-01
4400.0464 2.9275e-01
4401.3667 2.5466e-01
4402.6870 3.0500e-01
4404.0073 2.7210e-01
4405.3291 3.0819e-01
4406.6504 2.9849e-01
4407.9722 2.4740e-01
4409.2944 2.6309e-01
4410.6172 2.6686e-01
4411.9404 2.7127e-01
4413.2642 2.8577e-01
4414.5879 2.8334e-01
4415.9126 2.7247e-01
4417.2373 2.8831e-01
4418.5625 2.9576e-01
4419.8882 2.8483e-01
4421.2139 2.7281e-01
4422.5405 2.7349e-01
4423.8672 2.7423e-01
4425.1938 2.6936e-01
4426.5220 3.2138e-01
4427.8496 3.0496e-01
4429.1787 2.7809e-01
4430.5063 2.7895e-01
4431.8364 2.6927e-01
4433.1655 2.7351e-01
4434.4956 2.9766e-01
4435.8262 3.1364e-01
4437.1567 3.2401e-01
4438.4878 2.8160e-01
4439.8193 3.1002e-01
4441.1514 3.0794e-01
4442.4834 3.4115e-01
4443.8164 3.0123e-01
4445.1494 3.0719e-01
4446.4829 3.4552e-01
4447.8169 2.8545e-01
4449.1514 3.6923e-01
4450.4863 3.3241e-01
4451.8213 3.0262e-01
4453.1567 3.0171e-01
4454.4927 3.2135e-01
4455.8291 3.1105e-01
4457.1660 3.2007e-01
4458.5029 2.8707e-01
4459.8403 3.5303e-01
4461.1787 3.2012e-01
4462.5171 3.4167e-01
4463.8555 4.4069e-01
4465.1948 3.2381e-01
4466.5347 3.2945e-01
4467.8740 3.0982e-01
4469.2144 3.2769e-01
4470.5552 3.0514e-01
4471.8970 3.6307e-01
4473.2383 3.4501e-01
4474.5806 3.3939e-01
4475.9229 3.3811e-01
4477.2651 3.4956e-01
4478.6084 3.6572e-01
4479.9521 3.5017e-01
4481.2959 3.4214e-01
4482.6406 3.8222e-01
4483.9854 3.4138e-01
4485.3306 3.9681e-01
4486.6763 3.8817e-01
4488.0220 3.1580e-01
4489.3682 3.7887e-01
4490.7153 3.7217e-01
4492.0620 4.0620e-01
4493.4102 4.0124e-01
4494.7578 3.6822e-01
4496.1069 3.6396e-01
4497.4556 3.3583e-01
4498.8047 3.8775e-01
4500.1543 3.5563e-01
4501.5044 3.8726e-01
4502.8550 3.8932e-01
4504.2056 3.9882e-01
4505.5566 4.1104e-01
4506.9082 3.8986e-01
4508.2607 3.7920e-01
4509.6133 3.9654e-01
4510.9658 3.7688e-01
4512.3193 4.1515e-01
4513.6729 4.0622e-01
4515.0273 4.0386e-01
4516.3818 4.2864e-01
4517.7363 4.2301e-01
4519.0918 3.8128e-01
4520.4473 4.2232e-01
4521.8037 4.1279e-01
4523.1606 4.1446e-01
4524.5171 4.6274e-01
4525.8750 4.1801e-01
4527.2324 4.2078e-01
4528.5903 3.9567e-01
4529.9492 3.9462e-01
4531.3081 3.9366e-01
4532.6675 3.6952e-01
4534.0269 3.6564e-01
4535.3872 3.9493e-01
4536.7480 3.9077e-01
4538.1094 3.7058e-01
4539.4702 4.0045e-01
4540.8320 3.9748e-01
4542.1943 4.1970e-01
4543.5576 3.7624e-01
4544.9199 4.2795e-01
4546.2842 3.7495e-01
4547.6475 4.2055e-01
4549.0117 3.8190e-01
4550.3770 3.8854e-01
4551.7417 3.9645e-01
4553.1074 3.6880e-01
4554.4731 3.9939e-01
4555.8398 4.5173e-01
4557.2061 4.0542e-01
4558.5732 4.1506e-01
4559.9414 4.1712e-01
4561.3086 4.1883e-01
4562.6772 3.6497e-01
4564.0459 3.7408e-01
4565.4150 3.5554e-01
4566.7852 4.0481e-01
4568.1553 4.4166e-01
4569.5249 3.6947e-01
4570.8965 3.9506e-01
4572.2676 4.0532e-01
4573.6392 4.1775e-01
4575.0117 4.4992e-01
4576.3838 3.6498e-01
4577.7568 4.0498e-01
4579.1304 4.2295e-01
4580.5039 3.6141e-01
4581.8784 3.6461e-01
4583.2524 4.5966e-01
4584.6274 4.2618e-01
4586.0029 3.9808e-01
4587.3789 4.0706e-01
4588.7549 4.0774e-01
4590.1318 3.9509e-01
4591.5083 4.3714e-01
4592.8857 3.8391e-01
4594.2642 3.3429e-01
4595.6426 3.9863e-01
4597.0210 3.7063e-01
4598.3999 4.0516e-01
4599.7798 3.9963e-01
4601.1597 4.0296e-01
4602.5396 3.7795e-01
4603.9204 4.4046e-01
4605.3022 3.6441e-01
4606.6836 3.9886e-01
4608.0649 3.8327e-01
4609.4478 3.9612e-01
4610.8306 3.8062e-01
4612.2144 3.7318e-01
4613.5977 3.7750e-01
4614.9819 3.8730e-01
4616.3662 4.1333e-01
4617.7515 4.4564e-01
4619.1362 3.8209e-01
4620.5225 3.6493e-01
4621.9082 3.6623e-01
4623.2949 3.8240e-01
4624.6816 3.6541e-01
4626.0693 3.9569e-01
4627.4570 3.7419e-01
4628.8457 3.5041e-01
4630.2334 3.9107e-01
4631.6230 3.6715e-01
4633.0127 3.9614e-01
4634.4028 3.8713e-01
4635.7935 3.9148e-01
4637.1831 3.6043e-01
4638.5742 3.8533e-01
4639.9658 3.6605e-01
4641.3579 3.4744e-01
4642.7505 3.8313e-01
4644.1436 3.9185e-01
4645.5371 3.9000e-01
4646.9307 3.8550e-01
4648.3247 3.2704e-01
4649.7188 3.5959e-01
4651.1138 3.3894e-01
4652.5093 3.6736e-01
4653.9048 3.8246e-01
4655.3018 3.8491e-01
4656.6978 3.7606e-01
4658.0947 3.6217e-01
4659.4922 4.0236e-01
4660.8896 3.8497e-01
4662.2886 3.5607e-01
4663.6865 3.4954e-01
4665.0859 3.5853e-01
4666.4854 3.6942e-01
4667.8853 3.6807e-01
4669.2861 3.4105e-01
4670.6870 3.1837e-01
4672.0874 3.9163e-01
4673.4897 3.5349e-01
4674.8916 3.7890e-01
4676.2944 3.7829e-01
4677.6968 3.7934e-01
4679.1006 3.3373e-01
4680.5039 3.7953e-01
4681.9082 3.2029e-01
4683.3125 3.2658e-01
4684.7173 3.1689e-01
4686.1230 3.3586e-01
4687.5288 3.1061e-01
4688.9351 3.6270e-01
4690.3423 3.7321e-01
4691.7490 3.6335e-01
4693.1562 3.3918e-01
4694.5645 3.1766e-01
4695.9731 3.3067e-01
4697.3818 3.6727e-01
4698.7910 3.8607e-01
4700.2002 3.3927e-01
4701.6104 3.2895e-01
4703.0205 3.2294e-01
4704.4316 3.3547e-01
4705.8433 3.6456e-01
4707.2549 3.3959e-01
4708.6670 3.3833e-01
4710.0796 3.5301e-01
4711.4927 3.0242e-01
4712.9058 3.3104e-01
4714.3203 2.7113e-01
4715.7344 2.9250e-01
4717.1494 3.3378e-01
4718.5645 3.2760e-01
4719.9800 3.4652e-01
4721.3955 3.0887e-01
4722.8120 2.9230e-01
4724.2290 2.8183e-01
4725.6460 3.1253e-01
4727.0645 3.0019e-01
4728.4824 2.8955e-01
4729.9004 2.8129e-01
4731.3198 2.9973e-01
4732.7388 3.1851e-01
4734.1587 2.8756e-01
4735.5791 3.1580e-01
4737.0000 3.1753e-01
4738.4209 3.3042e-01
4739.8428 3.0073e-01
4741.2646 3.1755e-01
4742.6870 3.2838e-01
4744.1094 2.8792e-01
4745.5327 2.9951e-01
4746.9565 3.2509e-01
4748.3804 3.1658e-01
4749.8052 3.1048e-01
4751.2300 3.0021e-01
4752.6548 3.1898e-01
4754.0811 3.1755e-01
4755.5078 2.8944e-01
4756.9341 2.6719e-01
4758.3608 2.8679e-01
4759.7886 2.8975e-01
4761.2168 3.0474e-01
4762.6445 3.3214e-01
4764.0737 2.9117e-01
4765.5029 2.8470e-01
4766.9326 3.2766e-01
4768.3628 2.9788e-01
4769.7930 2.5624e-01
4771.2236 2.9298e-01
4772.6553 3.2463e-01
4774.0869 2.5449e-01
4775.5190 2.6583e-01
4776.9521 3.1418e-01
4778.3853 3.2948e-01
4779.8184 3.0498e-01
4781.2524 3.2057e-01
4782.6870 3.4325e-01
4784.1226 2.8086e-01
4785.5571 3.0615e-01
4786.9927 3.1791e-01
4788.4292 3.0381e-01
4789.8652 2.7803e-01
4791.3022 2.3664e-01
4792.7397 2.9135e-01
4794.1777 3.0404e-01
4795.6152 2.8114e-01
4797.0542 3.1010e-01
4798.4937 2.9132e-01
4799.9331 2.9922e-01
4801.3735 3.3172e-01
4802.8140 2.9443e-01
4804.2544 2.8916e-01
4805.6958 3.5209e-01
4807.1377 3.0397e-01
4808.5796 2.9814e-01
4810.0220 2.9864e-01
4811.4653 2.8278e-01
4812.9087 2.9734e-01
4814.3525 3.0613e-01
4815.7969 3.2789e-01
4817.2417 2.8639e-01
4818.6865 2.6371e-01
4820.1328 3.2973e-01
4821.5786 2.7147e-01
4823.0249 2.9314e-01
4824.4717 2.8320e-01
4825.9189 2.8195e-01
4827.3667 2.8703e-01
4828.8149 2.8580e-01
4830.2637 2.7344e-01
4831.7124 2.6126e-01
4833.1621 2.9093e-01
4834.6118 3.2241e-01
4836.0620 2.7179e-01
4837.5137 3.0439e-01
4838.9644 2.4110e-01
4840.4165 3.1821e-01
4841.8687 2.8226e-01
4843.3208 2.6991e-01
4844.7739 2.7660e-01
4846.2275 3.1612e-01
4847.6812 2.8404e-01
4849.1357 2.6244e-01
4850.5903 3.0447e-01
4852.0454 2.6103e-01
4853.5015 3.1602e-01
4854.9575 3.0001e-01
4856.4136 2.6899e-01
4857.8706 2.7959e-01
4859.3281 2.7472e-01
4860.7861 2.8200e-01
4862.2437 2.4228e-01
4863.7026 2.5958e-01
4865.1621 2.4068e-01
4866.6211 2.8534e-01
4868.0815 2.3746e-01
4869.5420 2.5152e-01
4871.0024 2.4874e-01
4872.4639 2.2424e-01
4873.9263 2.1948e-01
4875.3877 2.3812e-01
4876.8506 3.1032e-01
4878.3135 2.6041e-01
4879.7773 2.6829e-01
4881.2412 2.3411e-01
4882.7051 2.7248e-01
4884.1704 2.5883e-01
4885.6357 2.6979e-01
4887.1011 2.2918e-01
4888.5674 2.4002e-01
4890.0337 2.6309e-01
4891.5010 2.3702e-01
4892.9683 2.4295e-01
4894.4360 2.4945e-01
4895.9043 2.8183e-01
4897.3730 2.1187e-01
4898.8423 2.2048e-01
4900.3120 2.5670e-01
4901.7827 2.2812e-01
4903.2529 2.4145e-01
4904.7231 2.3546e-01
4906.1953 2.0371e-01
4907.6675 2.2784e-01
4909.1392 2.5354e-01
4910.6123 2.3453e-01
4912.0854 2.4960e-01
4913.5586 2.7589e-01
4915.0332 2.3701e-01
4916.5073 2.0869e-01
4917.9819 2.1284e-01
4919.4575 2.1191e-01
4920.9331 2.2417e-01
4922.4097 2.2771e-01
4923.8872 2.1862e-01
4925.3638 2.0630e-01
4926.8418 2.2352e-01
4928.3188 2.2904e-01
4929.7979 2.3629e-01
4931.2769 1.9456e-01
4932.7563 2.0295e-01
4934.2358 2.1160e-01
4935.7168 2.1289e-01
4937.1963 2.2104e-01
4938.6782 2.1896e-01
4940.1597 2.4379e-01
4941.6416 1.9121e-01
4943.1250 2.1406e-01
4944.6069 2.1013e-01
4946.0908 2.1215e-01
4947.5752 2.4633e-01
4949.0586 2.3997e-01
4950.5435 2.1704e-01
4952.0278 2.0507e-01
4953.5142 2.2222e-01
4955.0010 2.1630e-01
4956.4873 2.3922e-01
4957.9741 2.0388e-01
4959.4614 2.4163e-01
4960.9492 2.1690e-01
4962.4370 2.7118e-01
4963.9258 2.3269e-01
4965.4150 1.9337e-01
4966.9048 2.1052e-01
4968.3945 2.0551e-01
4969.8853 2.4591e-01
4971.3765 2.1045e-01
4972.8677 2.3998e-01
4974.3599 2.7095e-01
4975.8521 2.5536e-01
4977.3447 2.4577e-01
4978.8379 2.1269e-01
4980.3315 2.9825e-01
4981.8257 2.6086e-01
4983.3203 2.2660e-01
4984.8159 2.6781e-01
4986.3105 2.5614e-01
4987.8066 2.2607e-01
4989.3027 2.5847e-01
4990.7998 2.4183e-01
4992.2974 2.1176e-01
4993.7939 2.3106e-01
4995.2930 2.4122e-01
4996.7915 2.3869e-01
4998.2905 2.6189e-01
4999.7896 2.4314e-01
5001.2896 2.2824e-01
5002.7900 2.4304e-01
5004.2915 2.4012e-01
5005.7925 2.7098e-01
5007.2944 2.2715e-01
5008.7964 2.0055e-01
5010.2993 2.1211e-01
5011.8022 2.5558e-01
5013.3057 2.4688e-01
5014.8101 2.1810e-01
5016.3145 2.1928e-01
5017.8184 2.4668e-01
5019.3247 2.2058e-01
5020.8301 1.9396e-01
5022.3359 2.4266e-01
5023.8428 2.3132e-01
5025.3496 2.5092e-01
5026.8579 2.3635e-01
5028.3657 2.2774e-01
5029.8740 2.1624e-01
5031.3828 2.1135e-01
5032.8926 2.1272e-01
5034.4023 2.1809e-01
5035.9131 2.2981e-01
5037.4233 2.4285e-01
5038.9346 2.4697e-01
5040.4463 2.4110e-01
5041.9585 2.1496e-01
5043.4712 2.1414e-01
5044.9839 2.1341e-01
5046.4980 2.4354e-01
5048.0112 2.3905e-01
5049.5259 2.1295e-01
5051.0415 2.2899e-01
5052.5562 2.3125e-01
5054.0723 2.7725e-01
5055.5884 2.4100e-01
5057.1045 2.4837e-01
5058.6221 2.4960e-01
5060.1401 2.5859e-01
5061.6577 2.3405e-01
5063.1763 2.1573e-01
5064.6953 2.0536e-01
5066.2144 2.5445e-01
5067.7339 2.2877e-01
5069.2549 2.0045e-01
5070.7759 2.4586e-01
5072.2969 1.9179e-01
5073.8188 2.4062e-01
5075.3403 2.4853e-01
5076.8628 2.1922e-01
5078.3867 2.2504e-01
5079.9097 1.9885e-01
5081.4336 2.4977e-01
5082.9580 2.2570e-01
5084.4829 2.4201e-01
5086.0083 2.1800e-01
5087.5342 2.3024e-01
5089.0605 2.3695e-01
5090.5874 2.3406e-01
5092.1143 1.9139e-01
5093.6421 2.2525e-01
5095.1699 2.0551e-01
5096.6987 2.2191e-01
5098.2275 2.2507e-01
5099.7573 1.9847e-01
5101.2871 2.1144e-01
5102.8179 2.2578e-01
5104.3481 2.2693e-01
5105.8799 2.5265e-01
5107.4111 1.9235e-01
5108.9438 2.0334e-01
5110.4761 2.1231e-01
5112.0093 2.2650e-01
5113.5435 2.0983e-01
5115.0771 1.9184e-01
5116.6118 2.2636e-01
5118.1470 1.9228e-01
5119.6816 2.4778e-01
5121.2183 2.0406e-01
5122.7544 2.2562e-01
5124.2910 2.1842e-01
5125.8286 2.2606e-01
5127.3667 2.0051e-01
5128.9043 1.9251e-01
5130.4429 2.3892e-01
5131.9824 2.2548e-01
5133.5220 2.2879e-01
5135.0615 2.2227e-01
5136.6021 2.4414e-01
5138.1436 2.2892e-01
5139.6846 2.5379e-01
5141.2266 2.1900e-01
5142.7690 2.1489e-01
5144.3125 2.2306e-01
5145.8550 2.4981e-01
5147.3989 2.0628e-01
5148.9429 2.3369e-01
5150.4883 2.5300e-01
5152.0332 2.5266e-01
5153.5781 2.3654e-01
5155.1245 2.3421e-01
5156.6714 2.8069e-01
5158.2178 2.5487e-01
5159.7656 2.5923e-01
5161.3130 2.5185e-01
5162.8618 2.5350e-01
5164.4106 2.2807e-01
5165.9604 2.5601e-01
5167.5098 2.6815e-01
5169.0605 2.4426e-01
5170.6108 2.6945e-01
5172.1621 2.7506e-01
5173.7139 2.3769e-01
5175.2656 2.8180e-01
5176.8188 2.6504e-01
5178.3711 2.5751e-01
5179.9253 2.4308e-01
5181.4790 2.7799e-01
5183.0337 2.8108e-01
5184.5884 2.7147e-01
5186.1436 2.8319e-01
5187.6992 2.6992e-01
5189.2559 2.7078e-01
5190.8130 3.1511e-01
5192.3696 2.6968e-01
5193.9277 2.9159e-01
5195.4858 2.7638e-01
5197.0439 2.8532e-01
5198.6035 2.6223e-01
5200.1636 2.8932e-01
5201.7231 2.7355e-01
5203.2837 2.4797e-01
5204.8447 2.5499e-01
5206.4058 2.8301e-01
5207.9683 2.7728e-01
5209.5303 2.9509e-01
5211.0933 2.4747e-01
5212.6567 3.0865e-01
5214.2202 2.7080e-01
5215.7847 3.0361e-01
5217.3496 2.9824e-01
5218.9150 3.1314e-01
5220.4800 2.7926e-01
5222.0464 2.6803e-01
5223.6128 2.8204e-01
5225.1802 2.3154e-01
5226.7480 2.5781e-01
5228.3154 2.6402e-01
5229.8843 2.9109e-01
5231.4526 2.6281e-01
5233.0225 2.6883e-01
5234.5928 2.9279e-01
5236.1626 2.9885e-01
5237.7339 3.0538e-01
5239.3052 2.8541e-01
5240.8770 2.5102e-01
5242.4492 2.9583e-01
5244.0220 2.8417e-01
5245.5947 2.8553e-01
5247.1689 2.8537e-01
5248.7422 2.9565e-01
5250.3174 2.8521e-01
5251.8921 2.6256e-01
5253.4678 2.9094e-01
5255.0439 2.8907e-01
5256.6211 3.0052e-01
5258.1978 2.8319e-01
5259.7749 3.2216e-01
5261.3530 2.8582e-01
5262.9312 3.0500e-01
5264.5098 2.9692e-01
5266.0898 2.9142e-01
5267.6694 2.9590e-01
5269.2495 2.6810e-01
5270.8311 3.0380e-01
5272.4116 2.7642e-01
5273.9941 2.9602e-01
5275.5757 3.0857e-01
5277.1587 2.8342e-01
5278.7422 2.8204e-01
5280.3252 2.6320e-01
5281.9092 2.8251e-01
5283.4937 2.9004e-01
5285.0786 2.5034e-01
5286.6641 2.6651e-01
5288.2500 2.6577e-01
5289.8369 2.7230e-01
5291.4238 2.7298e-01
5293.0117 2.6126e-01
5294.5996 2.9780e-01
5296.1870 2.4610e-01
5297.7764 2.7334e-01
5299.3662 2.9738e-01
5300.9561 2.6702e-01
5302.5459 2.8078e-01
5304.1367 2.5820e-01
5305.7280 2.7108e-01
5307.3188 3.0510e-01
5308.9116 2.8255e-01
5310.5044 2.7906e-01
5312.0977 2.7006e-01
5313.6919 2.7247e-01
5315.2856 2.7528e-01
5316.8799 2.5936e-01
5318.4751 2.5433e-01
5320.0708 2.0897e-01
5321.6665 2.3971e-01
5323.2632 2.5130e-01
5324.8604 2.4395e-01
5326.4575 2.4524e-01
5328.0557 2.2003e-01
5329.6533 2.3291e-01
5331.2534 2.2515e-01
5332.8516 2.4011e-01
5334.4517 2.0357e-01
5336.0522 2.4203e-01
5337.6533 2.2507e-01
5339.2544 2.2562e-01
5340.8560 2.2638e-01
5342.4585 2.7639e-01
5344.0605 2.3262e-01
5345.6646 2.4620e-01
5347.2681 2.5581e-01
5348.8726 2.1323e-01
5350.4771 2.4258e-01
5352.0825 2.3246e-01
5353.6875 2.2756e-01
5355.2944 2.0220e-01
5356.9009 2.4467e-01
5358.5073 2.2020e-01
5360.1152 2.6104e-01
5361.7236 2.0911e-01
5363.3315 1.9700e-01
5364.9404 2.3724e-01
5366.5503 2.3769e-01
5368.1602 2.4331e-01
5369.7705 1.9489e-01
5371.3813 2.1540e-01
5372.9932 2.3432e-01
5374.6050 2.5424e-01
5376.2173 2.2934e-01
5377.8301 2.2490e-01
5379.4434 2.5410e-01
5381.0576 2.1647e-01
5382.6714 2.3894e-01
5384.2861 2.3924e-01
5385.9014 2.2116e-01
5387.5171 2.3034e-01
5389.1343 2.5216e-01
5390.7505 2.3878e-01
5392.3677 2.3431e-01
5393.9858 2.1349e-01
5395.6035 2.2553e-01
5397.2222 2.6409e-01
5398.8413 2.3711e-01
5400.4609 2.7335e-01
5402.0811 2.3352e-01
5403.7017 2.1729e-01
5405.3228 2.1386e-01
5406.9448 2.0746e-01
5408.5659 2.0678e-01
5410.1890 2.2718e-01
5411.8115 2.0783e-01
5413.4360 2.3313e-01
5415.0596 2.0975e-01
5416.6841 1.8129e-01
5418.3096 2.0103e-01
5419.9351 2.0028e-01
5421.5605 2.2181e-01
5423.1875 1.9558e-01
5424.8145 2.3856e-01
5426.4414 1.9501e-01
5428.0693 2.3598e-01
5429.6982 2.3194e-01
5431.3271 2.2927e-01
5432.9565 2.2405e-01
5434.5859 2.1167e-01
5436.2163 2.1764e-01
5437.8472 1.8763e-01
5439.4785 1.9769e-01
5441.1104 1.9096e-01
5442.7427 2.3576e-01
5444.3760 2.0575e-01
5446.0098 2.0895e-01
5447.6431 2.0642e-01
5449.2778 2.5017e-01
5450.9121 2.2751e-01
5452.5474 2.3619e-01
5454.1826 2.4589e-01
5455.8193 2.2316e-01
5457.4565 2.2125e-01
5459.0933 1.7309e-01
5460.7310 1.7635e-01
5462.3696 2.3511e-01
5464.0073 2.0421e-01
5465.6475 2.2049e-01
5467.2871 1.8426e-01
5468.9272 2.1604e-01
5470.5674 2.3927e-01
5472.2090 2.2022e-01
5473.8506 2.2699e-01
5475.4927 2.1704e-01
5477.1353 2.2455e-01
5478.7783 1.9649e-01
5480.4224 1.9585e-01
5482.0659 2.3285e-01
5483.7104 2.2753e-01
5485.3560 2.0381e-01
5487.0010 2.1072e-01
5488.6475 2.3506e-01
5490.2944 2.1150e-01
5491.9414 2.1524e-01
5493.5889 2.1909e-01
5495.2368 2.0486e-01
5496.8857 2.2380e-01
5498.5342 2.0146e-01
5500.1841 2.1935e-01
5501.8340 2.2287e-01
5503.4849 2.0257e-01
5505.1357 2.0660e-01
5506.7871 2.2026e-01
5508.4395 1.9562e-01
5510.0923 1.9673e-01
5511.7451 1.9381e-01
5513.3984 1.7773e-01
5515.0522 1.9595e-01
5516.7070 1.8809e-01
5518.3623 2.0983e-01
5520.0176 2.0702e-01
5521.6733 1.8596e-01
5523.3301 2.0823e-01
5524.9868 1.8121e-01
5526.6450 1.8463e-01
5528.3027 1.9309e-01
5529.9609 1.9521e-01
5531.6201 1.8886e-01
5533.2793 1.8545e-01
5534.9395 2.2206e-01
5536.5996 1.8886e-01
5538.2607 2.3324e-01
5539.9229 2.0869e-01
5541.5840 2.0400e-01
5543.2466 2.2752e-01
5544.9102 2.1240e-01
5546.5728 2.0916e-01
5548.2373 1.8600e-01
5549.9019 2.0217e-01
5551.5664 2.0781e-01
5553.2324 1.8643e-01
5554.8984 2.1838e-01
5556.5645 1.8883e-01
5558.2310 1.5185e-01
5559.8989 1.7276e-01
5561.5669 2.1096e-01
5563.2354 2.1766e-01
5564.9043 2.1248e-01
5566.5732 2.1281e-01
5568.2437 2.0130e-01
5569.9150 2.0045e-01
5571.5854 2.0399e-01
5573.2568 2.0008e-01
5574.9287 2.0988e-01
5576.6011 2.1618e-01
5578.2739 2.0654e-01
5579.9482 1.9817e-01
5581.6216 2.3585e-01
5583.2959 2.1886e-01
5584.9717 1.9232e-01
5586.6470 2.0704e-01
5588.3223 2.0679e-01
5589.9990 2.3749e-01
5591.6763 2.1109e-01
5593.3535 2.1150e-01
5595.0317 2.0506e-01
5596.7104 2.0502e-01
5598.3892 2.1174e-01
5600.0688 2.6200e-01
5601.7490 2.2672e-01
5603.4292 2.0905e-01
5605.1104 2.3165e-01
5606.7915 2.4484e-01
5608.4741 2.0396e-01
5610.1562 2.4834e-01
5611.8394 2.1720e-01
5613.5234 2.1716e-01
5615.2075 2.3086e-01
5616.8916 2.5157e-01
5618.5767 2.1625e-01
5620.2627 1.9694e-01
5621.9482 2.2088e-01
5623.6348 2.0123e-01
5625.3218 1.9019e-01
5627.0098 1.9771e-01
5628.6982 2.2411e-01
5630.3867 2.2666e-01
5632.0757 2.2878e-01
5633.7651 2.3797e-01
5635.4551 2.2476e-01
5637.1460 2.2663e-01
5638.8369 2.1419e-01
5640.5283 2.1113e-01
5642.2207 1.9220e-01
5643.9141 1.9363e-01
5645.6069 2.2719e-01
5647.3003 2.3084e-01
5648.9946 1.9511e-01
5650.6895 2.1903e-01
5652.3848 2.1670e-01
5654.0801 2.1384e-01
5655.7759 2.4382e-01
5657.4736 2.3219e-01
5659.1709 2.0483e-01
5660.8682 2.4732e-01
5662.5664 2.1121e-01
5664.2651 2.6673e-01
5665.9644 2.2410e-01
5667.6641 2.2522e-01
5669.3647 2.1096e-01
5671.0649 2.7094e-01
5672.7666 1.9382e-01
5674.4688 2.6872e-01
5676.1709 2.6523e-01
5677.8740 2.2348e-01
5679.5771 2.2541e-01
5681.2812 2.3621e-01
5682.9858 2.3806e-01
5684.6899 2.2452e-01
5686.3950 2.2919e-01
5688.1021 2.3765e-01
5689.8076 2.2017e-01
5691.5146 2.2472e-01
5693.2222 1.9301e-01
5694.9302 2.2637e-01
5696.6382 2.5309e-01
5698.3477 2.1410e-01
5700.0571 2.4428e-01
5701.7671 2.5022e-01
5703.4775 2.2730e-01
5705.1885 2.4072e-01
5706.9004 2.2755e-01
5708.6123 2.0290e-01
5710.3252 2.4829e-01
5712.0381 2.4881e-01
5713.7524 2.6412e-01
5715.4663 2.1555e-01
5717.1812 2.6645e-01
5718.8955 2.3553e-01
5720.6118 2.6335e-01
5722.3271 2.4466e-01
5724.0444 2.4348e-01
5725.7617 2.3840e-01
5727.4795 2.4997e-01
5729.1973 2.2235e-01
5730.9165 2.2623e-01
5732.6353 2.4807e-01
5734.3550 2.4531e-01
5736.0757 2.2783e-01
5737.7969 2.3856e-01
5739.5176 2.3589e-01
5741.2397 2.7302e-01
5742.9624 2.6867e-01
5744.6851 2.3147e-01
5746.4082 1.9657e-01
5748.1323 2.4126e-01
5749.8569 2.4314e-01
5751.5815 2.2299e-01
5753.3076 2.6173e-01
5755.0332 2.5185e-01
5756.7593 2.0064e-01
5758.4863 2.1233e-01
5760.2144 2.1728e-01
5761.9424 2.1115e-01
5763.6709 2.5110e-01
5765.3999 2.6149e-01
5767.1294 2.4239e-01
5768.8594 2.1622e-01
5770.5908 2.0503e-01
5772.3213 2.2597e-01
5774.0527 2.2509e-01
5775.7856 2.2992e-01
5777.5181 2.0656e-01
5779.2515 2.1812e-01
5780.9844 2.1868e-01
5782.7192 2.0047e-01
5784.4546 2.6247e-01
5786.1899 1.9899e-01
5787.9253 2.0217e-01
5789.6626 2.2977e-01
5791.3984 1.7982e-01
5793.1362 2.1879e-01
5794.8745 2.2520e-01
5796.6123 2.4907e-01
5798.3516 2.1271e-01
5800.0913 1.9500e-01
5801.8306 1.9964e-01
5803.5713 2.1918e-01
5805.3125 2.1479e-01
5807.0537 2.2664e-01
5808.7964 2.0971e-01
5810.5391 2.5273e-01
5812.2822 2.1474e-01
5814.0259 2.1006e-01
5815.7700 2.3248e-01
5817.5151 1.9524e-01
5819.2598 1.8709e-01
5821.0059 1.8224e-01
5822.7524 1.9387e-01
5824.4990 1.8344e-01
5826.2461 1.9325e-01
5827.9937 2.0359e-01
5829.7427 1.8779e-01
5831.4912 2.1455e-01
5833.2407 1.8210e-01
5834.9912 1.6830e-01
5836.7417 1.8532e-01
5838.4922 2.0434e-01
5840.2446 1.8565e-01
5841.9961 2.2450e-01
5843.7490 1.8254e-01
5845.5020 1.9098e-01
5847.2559 2.1861e-01
5849.0103 1.9132e-01
5850.7642 2.0257e-01
5852.5195 2.1307e-01
5854.2754 2.0847e-01
5856.0317 1.7948e-01
5857.7881 1.9260e-01
5859.5454 2.0407e-01
5861.3032 1.9932e-01
5863.0625 2.2077e-01
5864.8208 1.6684e-01
5866.5806 1.9071e-01
5868.3403 2.0071e-01
5870.1006 1.9117e-01
5871.8618 2.0145e-01
5873.6230 1.9730e-01
5875.3857 2.1902e-01
5877.1479 2.0350e-01
5878.9111 2.0110e-01
5880.6748 2.1433e-01
5882.4390 1.9157e-01
5884.2036 2.1361e-01
5885.9692 1.9910e-01
5887.7349 1.9162e-01
5889.5010 2.2654e-01
5891.2676 2.0203e-01
5893.0356 1.6540e-01
5894.8032 2.1145e-01
5896.5718 2.0177e-01
5898.3408 2.0107e-01
5900.1108 1.8360e-01
5901.8804 1.9101e-01
5903.6509 1.8293e-01
5905.4219 1.9979e-01
5907.1938 1.9575e-01
5908.9663 2.1469e-01
5910.7383 1.9935e-01
5912.5112 1.9804e-01
5914.2856 1.9292e-01
5916.0601 1.9345e-01
5917.8345 1.6467e-01
5919.6099 1.9065e-01
5921.3857 1.9099e-01
5923.1621 2.0660e-01
5924.9395 2.1925e-01
5926.7163 2.2070e-01
5928.4946 2.1340e-01
5930.2729 2.2075e-01
5932.0522 1.8786e-01
5933.8315 1.7531e-01
5935.6123 2.1234e-01
5937.3926 1.9287e-01
5939.1738 2.1844e-01
5940.9556 1.6815e-01
5942.7383 1.8160e-01
5944.5210 1.8644e-01
5946.3042 1.8448e-01
5948.0879 1.8589e-01
5949.8726 1.9104e-01
5951.6572 2.0317e-01
5953.4434 1.9945e-01
5955.2290 1.9932e-01
5957.0151 2.0782e-01
5958.8022 1.9245e-01
5960.5903 2.0625e-01
5962.3789 2.1638e-01
5964.1670 2.1266e-01
5965.9561 2.1453e-01
5967.7466 2.0736e-01
5969.5366 2.2901e-01
5971.3276 1.9342e-01
5973.1187 1.9666e-01
5974.9106 2.0397e-01
5976.7031 2.2090e-01
5978.4961 1.7592e-01
5980.2900 2.0535e-01
5982.0845 2.2640e-01
5983.8789 2.2508e-01
5985.6729 2.0347e-01
5987.4692 2.0661e-01
5989.2651 2.1104e-01
5991.0620 2.1575e-01
5992.8589 2.1520e-01
5994.6572 1.8790e-01
5996.4556 2.0123e-01
5998.2549 2.0166e-01
6000.0547 1.7557e-01
6001.8545 2.2952e-01
6003.6548 2.2211e-01
6005.4561 1.9510e-01
6007.2578 1.7549e-01
6009.0596 1.9867e-01
6010.8623 1.9823e-01
6012.6660 2.1778e-01
6014.4697 2.0531e-01
6016.2739 1.8505e-01
6018.0786 1.8405e-01
6019.8843 1.8913e-01
6021.6909 1.6981e-01
6023.4966 2.1540e-01
6025.3037 1.9254e-01
6027.1108 1.7912e-01
6028.9199 1.9777e-01
6030.7285 2.1972e-01
6032.5366 1.9241e-01
6034.3472 1.9507e-01
6036.1577 2.0065e-01
6037.9683 2.0990e-01
6039.7793 1.8499e-01
6041.5918 2.1510e-01
6043.4038 1.6852e-01
6045.2173 1.6199e-01
6047.0312 1.7218e-01
6048.8447 1.8512e-01
6050.6592 1.7646e-01
6052.4751 1.7916e-01
6054.2905 1.8959e-01
6056.1069 1.9516e-01
6057.9233 1.7856e-01
6059.7407 1.9152e-01
6061.5586 2.1210e-01
6063.3770 1.7799e-01
6065.1968 1.9052e-01
6067.0161 1.7771e-01
6068.8359 1.9623e-01
6070.6567 1.9009e-01
6072.4785 2.0601e-01
6074.2998 2.0159e-01
6076.1221 1.7401e-01
6077.9448 1.9285e-01
6079.7681 2.0824e-01
6081.5918 1.9024e-01
6083.4160 1.5719e-01
6085.2417 1.7776e-01
6087.0664 2.0761e-01
6088.8936 1.7159e-01
6090.7197 2.0438e-01
6092.5469 1.6583e-01
6094.3745 1.9089e-01
6096.2031 1.6423e-01
6098.0327 1.6272e-01
6099.8613 2.1338e-01
6101.6914 1.5054e-01
6103.5220 1.4289e-01
6105.3530 1.4948e-01
6107.1846 1.6767e-01
6109.0171 1.5123e-01
6110.8496 1.8144e-01
6112.6831 1.6087e-01
6114.5166 1.5453e-01
6116.3511 1.3937e-01
6118.1855 1.7716e-01
6120.0210 1.5898e-01
6121.8574 1.6134e-01
6123.6938 1.2594e-01
6125.5308 1.3721e-01
6127.3687 1.5149e-01
6129.2065 1.5727e-01
6131.0454 1.3154e-01
6132.8843 1.1576e-01
6134.7246 1.2952e-01
6136.5649 1.1833e-01
6138.4062 1.4436e-01
6140.2476 1.2330e-01
6142.0894 1.0574e-01
6143.9316 1.3329e-01
6145.7759 1.1850e-01
6147.6191 1.2879e-01
6149.4634 1.0843e-01
6151.3081 1.2492e-01
6153.1538 1.2612e-01
6155.0000 1.3658e-01
6156.8462 1.2010e-01
6158.6934 1.1188e-01
6160.5410 1.1836e-01
6162.3892 1.1824e-01
6164.2373 1.1606e-01
6166.0869 1.1589e-01
6167.9370 1.0032e-01
6169.7871 1.3841e-01
6171.6387 1.1627e-01
6173.4897 1.0715e-01
6175.3413 1.0706e-01
6177.1938 1.0426e-01
6179.0474 1.2123e-01
6180.9009 9.9211e-02
6182.7549 1.2602e-01
6184.6104 8.8932e-02
6186.4653 1.1005e-01
6188.3213 1.2680e-01
6190.1782 1.2303e-01
6192.0356 1.1766e-01
6193.8931 1.0428e-01
6195.7505 8.5348e-02
6197.6099 1.1054e-01
6199.4688 9.6468e-02
6201.3281 9.9455e-02
6203.1895 8.4724e-02
6205.0498 9.7690e-02
6206.9121 9.2985e-02
6208.7739 1.2534e-01
6210.6367 8.8728e-02
6212.4995 9.8165e-02
6214.3633 9.2002e-02
6216.2275 1.1436e-01
6218.0923 9.5614e-02
6219.9575 1.1747e-01
6221.8237 1.0617e-01
6223.6904 8.8169e-02
6225.5576 9.7600e-02
6227.4258 9.1423e-02
6229.2935 9.9815e-02
6231.1621 9.3527e-02
6233.0317 9.1999e-02
6234.9019 1.0936e-01
6236.7720 1.0049e-01
6238.6431 9.5828e-02
6240.5146 9.9759e-02
6242.3867 1.0271e-01
6244.2598 9.1763e-02
6246.1323 9.6064e-02
6248.0063 1.1153e-01
6249.8813 9.4105e-02
6251.7559 1.0494e-01
6253.6313 1.0881e-01
6255.5073 1.1109e-01
6257.3843 1.1796e-01
6259.2617 1.1738e-01
6261.1392 1.2616e-01
6263.0176 1.2423e-01
6264.8970 1.1649e-01
6266.7759 1.2828e-01
6268.6562 1.0711e-01
6270.5361 1.2289e-01
6272.4180 1.2304e-01
6274.2993 1.2088e-01
6276.1816 1.2520e-01
6278.0645 1.2176e-01
6279.9478 1.4034e-01
6281.8320 1.2579e-01
6283.7168 1.1326e-01
6285.6021 1.1426e-01
6287.4868 1.5064e-01
6289.3740 1.4445e-01
6291.2603 1.3761e-01
6293.1475 1.3216e-01
6295.0352 1.6147e-01
6296.9238 1.3186e-01
6298.8130 1.1396e-01
6300.7026 1.1322e-01
6302.5933 1.2886e-01
6304.4839 1.3287e-01
6306.3755 1.4233e-01
6308.2676 1.3182e-01
6310.1597 1.3853e-01
6312.0527 1.4843e-01
6313.9468 1.1946e-01
6315.8398 1.5751e-01
6317.7349 9.5704e-02
6319.6304 1.4184e-01
6321.5269 1.1185e-01
6323.4233 1.5003e-01
6325.3198 1.4423e-01
6327.2178 1.4170e-01
6329.1157 1.4227e-01
6331.0146 1.4715e-01
6332.9131 1.2779e-01
6334.8140 1.3544e-01
6336.7139 1.3250e-01
6338.6147 1.3563e-01
6340.5166 1.5166e-01
6342.4189 1.4045e-01
6344.3213 1.4433e-01
6346.2246 1.2726e-01
6348.1284 1.2954e-01
6350.0332 1.4472e-01
6351.9380 1.2942e-01
6353.8442 1.2847e-01
6355.7500 1.4556e-01
6357.6572 1.1893e-01
6359.5645 1.4905e-01
6361.4717 1.5804e-01
6363.3804 1.1292e-01
6365.2891 1.2498e-01
6367.1987 1.4555e-01
6369.1089 1.6388e-01
6371.0200 1.5450e-01
6372.9312 1.4823e-01
6374.8428 1.3108e-01
6376.7549 1.1850e-01
6378.6685 1.2572e-01
6380.5820 1.2931e-01
6382.4966 1.5628e-01
6384.4111 1.2965e-01
6386.3257 1.3058e-01
6388.2422 1.3577e-01
6390.1587 1.5038e-01
6392.0752 1.5216e-01
6393.9932 1.5620e-01
6395.9116 1.2536e-01
6397.8301 1.1478e-01
6399.7490 1.5561e-01
6401.6694 1.4326e-01
6403.5898 1.3576e-01
6405.5112 1.4302e-01
6407.4331 1.3220e-01
6409.3545 1.4030e-01
6411.2778 1.6643e-01
6413.2012 1.2982e-01
6415.1250 1.4133e-01
6417.0493 1.3182e-01
6418.9741 1.4161e-01
6420.9004 1.4703e-01
6422.8262 1.3416e-01
6424.7534 1.3362e-01
6426.6812 1.5090e-01
6428.6094 1.2587e-01
6430.5381 1.6652e-01
6432.4668 1.2212e-01
6434.3960 1.4605e-01
6436.3267 1.3348e-01
6438.2578 1.3714e-01
6440.1895 1.1702e-01
6442.1216 1.3714e-01
6444.0537 1.4317e-01
6445.9868 1.4026e-01
6447.9209 1.2283e-01
6449.8550 1.2394e-01
6451.7905 1.3855e-01
6453.7256 1.2885e-01
6455.6621 1.3731e-01
6457.5986 1.5058e-01
6459.5356 1.4763e-01
6461.4741 1.2885e-01
6463.4121 1.6047e-01
6465.3506 1.2557e-01
6467.2905 1.2341e-01
6469.2310 1.3450e-01
6471.1719 9.3727e-02
6473.1128 1.2558e-01
6475.0552 1.3533e-01
6476.9976 1.3194e-01
6478.9409 1.1667e-01
6480.8848 1.6491e-01
6482.8286 1.4423e-01
6484.7739 1.2826e-01
6486.7192 1.3448e-01
6488.6650 1.4894e-01
6490.6113 1.1817e-01
6492.5581 1.0618e-01
6494.5063 1.0691e-01
6496.4546 1.4153e-01
6498.4038 1.2490e-01
6500.3535 1.2453e-01
6502.3032 1.3496e-01
6504.2539 1.1914e-01
6506.2056 1.2610e-01
6508.1572 1.3696e-01
6510.1099 1.4221e-01
6512.0625 1.2171e-01
6514.0166 1.2385e-01
6515.9702 1.5538e-01
6517.9258 1.4128e-01
6519.8809 1.0481e-01
6521.8364 1.4216e-01
6523.7930 1.2379e-01
6525.7505 1.1186e-01
6527.7075 1.0166e-01
6529.6665 1.1951e-01
6531.6255 1.2025e-01
6533.5845 1.3913e-01
6535.5449 1.2959e-01
6537.5054 1.0689e-01
6539.4668 1.2027e-01
6541.4282 1.2511e-01
6543.3911 1.3223e-01
6545.3545 1.1129e-01
6547.3179 1.0329e-01
6549.2817 1.3509e-01
6551.2466 1.2034e-01
6553.2124 1.1939e-01
6555.1777 1.1093e-01
6557.1445 1.3819e-01
6559.1113 1.0057e-01
6561.0796 1.0625e-01
6563.0479 1.2906e-01
6565.0166 1.1103e-01
6566.9863 1.1751e-01
6568.9561 1.0790e-01
6570.9268 1.2385e-01
6572.8979 1.2199e-01
6574.8701 1.1290e-01
6576.8423 1.2257e-01
6578.8154 1.1175e-01
6580.7896 1.1174e-01
6582.7632 1.0415e-01
6584.7383 1.4409e-01
6586.7139 1.1009e-01
6588.6895 1.2655e-01
6590.6660 1.2608e-01
6592.6431 1.0868e-01
6594.6211 1.3049e-01
6596.5996 1.1366e-01
6598.5791 1.2489e-01
6600.5581 1.2290e-01
6602.5386 1.0561e-01
6604.5190 1.0405e-01
6606.5005 1.2203e-01
6608.4824 1.2059e-01
6610.4648 1.1979e-01
6612.4482 9.4180e-02
6614.4326 9.6824e-02
6616.4160 8.9187e-02
6618.4009 1.3148e-01
6620.3867 1.1201e-01
6622.3730 1.0909e-01
6624.3594 9.5480e-02
6626.3467 9.5269e-02
6628.3350 1.1032e-01
6630.3232 9.9658e-02
6632.3125 1.0466e-01
6634.3022 1.1100e-01
6636.2920 1.0353e-01
6638.2827 9.7037e-02
6640.2744 1.0746e-01
6642.2671 1.0549e-01
6644.2593 1.2092e-01
6646.2529 9.2127e-02
6648.2471 1.0345e-01
6650.2412 1.1266e-01
6652.2358 1.0179e-01
6654.2314 9.1267e-02
6656.2280 8.9922e-02
6658.2251 9.8892e-02
6660.2222 8.7278e-02
6662.2207 9.8268e-02
6664.2197 8.9887e-02
6666.2178 9.0300e-02
6668.2178 1.1148e-01
6670.2188 1.0927e-01
6672.2192 9.6200e-02
6674.2212 7.3633e-02
6676.2241 9.5505e-02
6678.2266 9.9162e-02
6680.2300 1.0031e-01
6682.2334 1.0693e-01
6684.2388 9.0721e-02
6686.2446 9.5711e-02
6688.2500 1.0388e-01
6690.2563 6.9760e-02
6692.2627 9.5170e-02
6694.2715 7.5751e-02
6696.2793 9.3115e-02
6698.2881 1.1239e-01
6700.2979 7.5714e-02
6702.3081 8.0899e-02
6704.3188 9.2100e-02
6706.3301 9.5027e-02
6708.3418 7.2681e-02
6710.3545 7.8320e-02
6712.3672 7.8063e-02
6714.3809 8.5936e-02
6716.3955 8.4878e-02
6718.4106 8.5470e-02
6720.4263 7.9287e-02
6722.4419 7.9170e-02
6724.4585 9.8975e-02
6726.4756 6.6939e-02
6728.4946 6.8024e-02
6730.5127 8.3684e-02
6732.5312 7.3769e-02
6734.5513 8.1315e-02
6736.5718 9.1461e-02
6738.5923 8.1777e-02
6740.6152 7.2153e-02
6742.6367 8.2351e-02
6744.6587 9.5373e-02
6746.6831 8.3468e-02
6748.7065 8.3431e-02
6750.7310 9.3768e-02
6752.7563 7.6166e-02
6754.7822 7.5367e-02
6756.8091 6.9608e-02
6758.8359 8.3824e-02
6760.8633 6.8587e-02
6762.8916 7.9512e-02
6764.9209 6.4984e-02
6766.9502 7.6072e-02
6768.9805 7.7631e-02
6771.0107 8.2540e-02
6773.0425 9.1559e-02
6775.0742 7.1908e-02
6777.1064 7.3489e-02
6779.1401 6.4865e-02
6781.1733 7.2420e-02
6783.2080 8.1649e-02
6785.2427 6.2980e-02
6787.2783 7.9990e-02
6789.3149 7.6506e-02
6791.3516 6.3686e-02
6793.3887 8.3685e-02
6795.4272 8.6139e-02
6797.4653 6.2946e-02
6799.5049 8.5770e-02
6801.5444 8.4179e-02
6803.5854 7.6609e-02
6805.6260 7.1265e-02
6807.6685 6.1323e-02
6809.7100 6.4707e-02
6811.7534 5.7893e-02
6813.7964 7.3595e-02
6815.8408 7.3038e-02
6817.8853 7.1275e-02
6819.9312 5.8411e-02
6821.9771 6.6334e-02
6824.0234 5.9281e-02
6826.0703 7.1538e-02
6828.1182 6.0745e-02
6830.1670 5.2060e-02
6832.2163 7.8149e-02
6834.2651 6.5596e-02
6836.3154 5.8780e-02
6838.3667 5.8881e-02
6840.4180 6.3779e-02
6842.4702 6.0289e-02
6844.5229 8.6668e-02
6846.5762 7.2278e-02
6848.6304 6.2449e-02
6850.6851 6.1929e-02
6852.7402 8.1412e-02
6854.7959 6.2500e-02
6856.8525 6.6723e-02
6858.9097 6.0330e-02
6860.9668 4.7324e-02
6863.0254 5.0672e-02
6865.0845 5.1460e-02
6867.1440 7.3077e-02
6869.2041 7.6775e-02
6871.2646 6.7723e-02
6873.3257 7.4581e-02
6875.3882 6.9570e-02
6877.4512 3.9765e-02
6879.5137 4.8205e-02
6881.5781 6.0389e-02
6883.6421 5.9022e-02
6885.7075 7.9759e-02
6887.7729 6.3045e-02
6889.8394 5.5289e-02
6891.9062 6.7363e-02
6893.9746 6.0570e-02
6896.0425 6.6308e-02
6898.1113 4.8535e-02
6900.1802 5.0676e-02
6902.2505 5.3517e-02
6904.3213 5.8007e-02
6906.3926 4.1512e-02
6908.4648 6.0675e-02
6910.5366 6.5382e-02
6912.6099 8.2260e-02
6914.6841 5.0132e-02
6916.7588 6.6156e-02
6918.8335 7.7381e-02
6920.9092 5.2878e-02
6922.9849 6.2921e-02
6925.0620 6.1699e-02
6927.1401 4.9726e-02
6929.2178 5.4777e-02
6931.2964 5.8216e-02
6933.3760 4.3519e-02
6935.4561 5.9149e-02
6937.5371 6.5146e-02
6939.6182 5.4045e-02
6941.7002 6.4187e-02
6943.7822 5.0327e-02
6945.8657 6.1623e-02
6947.9487 7.8262e-02
6950.0337 5.7268e-02
6952.1182 6.7008e-02
6954.2046 4.4296e-02
6956.2905 5.0687e-02
6958.3779 6.0336e-02
6960.4644 6.0081e-02
6962.5527 5.6087e-02
6964.6421 7.2744e-02
6966.7314 5.9032e-02
6968.8208 6.2106e-02
6970.9116 5.9968e-02
6973.0029 5.2525e-02
6975.0947 4.7445e-02
6977.1880 4.2153e-02
6979.2803 6.0336e-02
6981.3745 6.3647e-02
6983.4692 4.3552e-02
6985.5635 5.1616e-02
6987.6602 7.2667e-02
6989.7559 4.9930e-02
6991.8525 5.8792e-02
6993.9507 5.7998e-02
6996.0488 4.9925e-02
6998.1479 6.0980e-02
7000.2471 5.7705e-02
7002.3467 5.1792e-02
7004.4468 5.5261e-02
7006.5488 6.0835e-02
7008.6514 5.8617e-02
7010.7529 6.7937e-02
7012.8564 4.7147e-02
7014.9609 4.2554e-02
7017.0654 6.0112e-02
7019.1699 4.9535e-02
7021.2759 5.6590e-02
7023.3823 5.5234e-02
7025.4893 5.7669e-02
7027.5977 7.0221e-02
7029.7051 5.1462e-02
7031.8145 6.6171e-02
7033.9238 6.7663e-02
7036.0337 6.5268e-02
7038.1450 4.7117e-02
7040.2559 5.3970e-02
7042.3687 6.1448e-02
7044.4805 3.7653e-02
7046.5938 4.3584e-02
7048.7080 4.8549e-02
7050.8228 5.4645e-02
7052.9385 5.3218e-02
7055.0542 6.2063e-02
7057.1704 5.7746e-02
7059.2881 5.6179e-02
7061.4053 6.3749e-02
7063.5234 4.5197e-02
7065.6431 5.5327e-02
7067.7627 4.1068e-02
7069.8828 5.3803e-02
7072.0039 6.6189e-02
7074.1255 5.7190e-02
7076.2476 6.2553e-02
7078.3706 5.3417e-02
7080.4937 5.5414e-02
7082.6187 5.3317e-02
7084.7432 4.6764e-02
7086.8687 4.8158e-02
7088.9946 5.0944e-02
7091.1216 5.7862e-02
7093.2490 5.5950e-02
7095.3765 5.9596e-02
7097.5049 6.1818e-02
7099.6348 5.5704e-02
7101.7642 4.8903e-02
7103.8945 6.4806e-02
7106.0264 5.0851e-02
7108.1582 6.4782e-02
7110.2905 4.9361e-02
7112.4229 6.3139e-02
7114.5571 4.0582e-02
7116.6914 6.5629e-02
7118.8262 7.1862e-02
7120.9619 5.7192e-02
7123.0986 6.4091e-02
7125.2354 5.7709e-02
7127.3730 5.2146e-02
7129.5112 4.4974e-02
7131.6499 5.4947e-02
7133.7896 5.5445e-02
7135.9292 4.6469e-02
7138.0703 5.0622e-02
7140.2119 5.3937e-02
7142.3540 5.5326e-02
7144.4966 4.8769e-02
7146.6396 5.5730e-02
7148.7842 4.9670e-02
7150.9287 4.2416e-02
7153.0742 5.7529e-02
7155.2197 6.4483e-02
7157.3667 4.8090e-02
7159.5137 4.8243e-02
7161.6616 6.0052e-02
7163.8101 5.6897e-02
7165.9590 6.0772e-02
7168.1089 6.4810e-02
7170.2593 5.1075e-02
7172.4102 4.8467e-02
7174.5625 4.4106e-02
7176.7144 3.9698e-02
7178.8672 5.3071e-02
7181.0210 6.2993e-02
7183.1753 5.0503e-02
7185.3306 4.4465e-02
7187.4858 5.2085e-02
7189.6421 4.4533e-02
7191.7988 4.2924e-02
7193.9565 4.3769e-02
7196.1147 5.8935e-02
7198.2734 5.7279e-02
7200.4336 4.9469e-02
7202.5928 4.6523e-02
7204.7539 4.1294e-02
7206.9155 3.4282e-02
7209.0771 5.6919e-02
7211.2402 3.8865e-02
7213.4033 4.4067e-02
7215.5674 4.8166e-02
7217.7324 4.6438e-02
7219.8979 3.9316e-02
7222.0635 4.9962e-02
7224.2300 4.2157e-02
7226.3979 4.9024e-02
7228.5654 4.2944e-02
7230.7334 3.2650e-02
7232.9033 4.9110e-02
7235.0728 4.9136e-02
7237.2432 5.3757e-02
7239.4150 4.4287e-02
7241.5864 5.6141e-02
7243.7593 4.9606e-02
7245.9321 4.9161e-02
7248.1060 5.3220e-02
7250.2803 6.7981e-02
7252.4551 5.0203e-02
7254.6313 4.8628e-02
7256.8076 4.5347e-02
7258.9849 4.8638e-02
7261.1626 5.1720e-02
7263.3408 4.8470e-02
7265.5200 5.1713e-02
7267.6992 5.1969e-02
7269.8799 5.1008e-02
7272.0605 5.1262e-02
7274.2422 4.4984e-02
7276.4243 3.2021e-02
7278.6069 4.5568e-02
7280.7910 4.7589e-02
7282.9751 4.0888e-02
7285.1602 4.7621e-02
7287.3452 3.8105e-02
7289.5317 5.2185e-02
7291.7188 4.3364e-02
7293.9067 2.8783e-02
7296.0947 5.6579e-02
7298.2832 4.3621e-02
7300.4727 4.8320e-02
7302.6631 5.0811e-02
7304.8540 5.0164e-02
7307.0454 4.6681e-02
7309.2373 4.7064e-02
7311.4292 4.9834e-02
7313.6235 3.6068e-02
7315.8179 5.4120e-02
7318.0122 4.2137e-02
7320.2075 4.2082e-02
7322.4038 4.9831e-02
7324.6001 4.1536e-02
7326.7979 3.7780e-02
7328.9961 4.6493e-02
7331.1943 4.4821e-02
7333.3936 4.8450e-02
7335.5938 5.0078e-02
7337.7944 3.9617e-02
7339.9956 4.3806e-02
7342.1982 3.9294e-02
7344.4004 4.3578e-02
7346.6035 5.3067e-02
7348.8081 4.5114e-02
7351.0127 5.4665e-02
7353.2183 4.9388e-02
7355.4238 3.8215e-02
7357.6304 5.5039e-02
7359.8374 4.6033e-02
7362.0459 3.2521e-02
7364.2549 3.9352e-02
7366.4634 3.8979e-02
7368.6738 3.5659e-02
7370.8838 5.1299e-02
7373.0957 4.6675e-02
7375.3071 4.5928e-02
7377.5200 5.7766e-02
7379.7334 4.4671e-02
7381.9473 4.6007e-02
7384.1616 4.8245e-02
7386.3770 3.1454e-02
7388.5928 4.7359e-02
7390.8096 4.8490e-02
7393.0264 5.2380e-02
7395.2446 3.5914e-02
7397.4639 3.8927e-02
7399.6826 4.2854e-02
7401.9023 5.6093e-02
7404.1230 4.4310e-02
7406.3438 3.8050e-02
7408.5654 3.7288e-02
7410.7886 4.3996e-02
7413.0122 4.0819e-02
7415.2354 4.5960e-02
7417.4604 5.0828e-02
7419.6855 4.6738e-02
7421.9116 5.8997e-02
7424.1382 4.0852e-02
7426.3652 5.4023e-02
7428.5933 5.4006e-02
7430.8218 4.2139e-02
7433.0513 4.0744e-02
7435.2808 4.6808e-02
7437.5117 3.9130e-02
7439.7432 3.4426e-02
7441.9741 5.3433e-02
7444.2070 3.3419e-02
7446.4404 4.2637e-02
7448.6748 4.6151e-02
7450.9097 3.8607e-02
7453.1440 4.3341e-02
7455.3809 3.9004e-02
7457.6167 3.1206e-02
7459.8545 5.0176e-02
7462.0923 4.6430e-02
7464.3306 3.7059e-02
7466.5698 4.3805e-02
7468.8096 3.7715e-02
7471.0503 4.8510e-02
7473.2920 3.8548e-02
7475.5342 3.9607e-02
7477.7769 4.6829e-02
7480.0205 3.4599e-02
7482.2637 4.0307e-02
7484.5088 3.5512e-02
7486.7539 4.7247e-02
7489.0000 3.5072e-02
7491.2471 4.6386e-02
7493.4937 4.2068e-02
7495.7422 3.5026e-02
7497.9912 4.4732e-02
7500.2402 4.7281e-02
7502.4902 3.7783e-02
7504.7412 3.9516e-02
7506.9927 4.5296e-02
7509.2441 5.2098e-02
7511.4976 3.5844e-02
7513.7510 4.1247e-02
7516.0044 3.6184e-02
7518.2593 4.0352e-02
7520.5151 3.8418e-02
7522.7715 4.4814e-02
7525.0283 6.0241e-02
7527.2861 3.7085e-02
7529.5439 3.7677e-02
7531.8027 3.4188e-02
7534.0620 4.7604e-02
7536.3228 4.0108e-02
7538.5835 3.9468e-02
7540.8447 3.7650e-02
7543.1074 4.5096e-02
7545.3706 3.4285e-02
7547.6338 2.7710e-02
7549.8984 3.8225e-02
7552.1626 4.4070e-02
7554.4292 4.8422e-02
7556.6948 3.6488e-02
7558.9619 4.2821e-02
7561.2295 3.3817e-02
7563.4976 3.5380e-02
7565.7671 3.3469e-02
7568.0366 4.6294e-02
7570.3071 4.5154e-02
7572.5786 4.2814e-02
7574.8511 3.5380e-02
7577.1230 3.7931e-02
7579.3960 3.1743e-02
7581.6694 3.7111e-02
7583.9443 3.0022e-02
7586.2192 3.6984e-02
7588.4956 4.2015e-02
7590.7715 4.9928e-02
7593.0488 3.4481e-02
7595.3262 4.2797e-02
7597.6060 3.8930e-02
7599.8843 4.0512e-02
7602.1641 3.2413e-02
7604.4448 3.3232e-02
7606.7271 2.9569e-02
7609.0093 3.2822e-02
7611.2910 4.5820e-02
7613.5752 4.4479e-02
7615.8589 4.2991e-02
7618.1440 3.3652e-02
7620.4292 3.1308e-02
7622.7153 3.2579e-02
7625.0020 2.7872e-02
7627.2896 3.2802e-02
7629.5781 4.0477e-02
7631.8662 4.3870e-02
7634.1562 3.3657e-02
7636.4468 2.8129e-02
7638.7378 3.3396e-02
7641.0288 2.7452e-02
7643.3213 2.3667e-02
7645.6138 2.8864e-02
7647.9072 2.5965e-02
7650.2021 3.8428e-02
7652.4971 2.7130e-02
7654.7935 2.5317e-02
7657.0894 2.7753e-02
7659.3867 4.0798e-02
7661.6846 2.8023e-02
7663.9829 3.6662e-02
7666.2817 4.0078e-02
7668.5825 2.9103e-02
7670.8823 3.1723e-02
7673.1841 2.5433e-02
7675.4854 3.7494e-02
7677.7891 4.6712e-02
7680.0918 3.4968e-02
7682.3960 3.4570e-02
7684.7002 3.9269e-02
7687.0059 3.5456e-02
7689.3125 2.9116e-02
7691.6191 3.4604e-02
7693.9268 2.9980e-02
7696.2344 2.8766e-02
7698.5430 3.6431e-02
7700.8530 3.9672e-02
7703.1631 3.4193e-02
7705.4746 4.0584e-02
7707.7856 3.8012e-02
7710.0981 2.7526e-02
7712.4111 2.5298e-02
7714.7251 3.6493e-02
7717.0391 2.9099e-02
7719.3540 3.2791e-02
7721.6699 2.1114e-02
7723.9868 2.2773e-02
7726.3042 3.8516e-02
7728.6216 2.8498e-02
7730.9409 2.4823e-02
7733.2593 3.3893e-02
7735.5796 3.0182e-02
7737.9004 3.5070e-02
7740.2217 2.8767e-02
7742.5435 3.6775e-02
7744.8662 3.8104e-02
7747.1895 3.5215e-02
7749.5142 3.0425e-02
7751.8394 3.0184e-02
7754.1650 3.0126e-02
7756.4907 3.6667e-02
7758.8174 2.4904e-02
7761.1450 2.9127e-02
7763.4736 3.4077e-02
7765.8022 3.6926e-02
7768.1323 3.3634e-02
7770.4634 2.9542e-02
7772.7944 3.2874e-02
7775.1260 3.7717e-02
7777.4585 3.2884e-02
7779.7915 1.9996e-02
7782.1260 3.1356e-02
7784.4604 3.1258e-02
7786.7954 3.5491e-02
7789.1318 3.6428e-02
7791.4683 3.0688e-02
7793.8062 4.1104e-02
7796.1436 3.1919e-02
7798.4824 3.1112e-02
7800.8218 2.7287e-02
7803.1626 1.8713e-02
7805.5034 3.5974e-02
7807.8447 2.7313e-02
7810.1880 3.1134e-02
7812.5303 2.8061e-02
7814.8745 3.4753e-02
7817.2192 3.5286e-02
7819.5640 2.7645e-02
7821.9106 2.8747e-02
7824.2559 4.2094e-02
7826.6040 3.3150e-02
7828.9521 3.8302e-02
7831.3003 3.8251e-02
7833.6499 3.6250e-02
7835.9995 2.9816e-02
7838.3511 2.9871e-02
7840.7021 3.2778e-02
7843.0547 3.1983e-02
7845.4077 3.4275e-02
7847.7603 2.7508e-02
7850.1152 2.6364e-02
7852.4702 3.3419e-02
7854.8262 4.3570e-02
7857.1821 3.7351e-02
7859.5396 4.3360e-02
7861.8975 3.3319e-02
7864.2559 3.0368e-02
7866.6157 3.5322e-02
7868.9756 2.6454e-02
7871.3359 3.1107e-02
7873.6978 2.9943e-02
7876.0601 4.1700e-02
7878.4224 2.8918e-02
7880.7856 3.1254e-02
7883.1509 2.8942e-02
7885.5151 3.8679e-02
7887.8809 3.5828e-02
7890.2476 3.7458e-02
7892.6147 3.6397e-02
7894.9814 2.2001e-02
7897.3501 3.6900e-02
7899.7192 3.4369e-02
7902.0898 3.7639e-02
7904.4604 3.0737e-02
7906.8311 3.0848e-02
7909.2036 3.5423e-02
7911.5767 3.7350e-02
7913.9497 3.9698e-02
7916.3247 2.9467e-02
7918.6987 3.3796e-02
7921.0742 3.3583e-02
7923.4512 3.7652e-02
7925.8276 3.7195e-02
7928.2051 2.5193e-02
7930.5845 3.0017e-02
7932.9634 4.2971e-02
7935.3433 3.5095e-02
7937.7236 3.5501e-02
7940.1050 2.2526e-02
7942.4873 2.1323e-02
7944.8701 3.8270e-02
7947.2529 3.1791e-02
7949.6377 3.7858e-02
7952.0225 3.6915e-02
7954.4082 3.3713e-02
7956.7949 3.4611e-02
7959.1807 4.5317e-02
7961.5688 4.5331e-02
7963.9580 3.5905e-02
7966.3462 1.8482e-02
7968.7368 2.8546e-02
7971.1274 2.8133e-02
7973.5181 3.2658e-02
7975.9111 3.3635e-02
7978.3032 3.1568e-02
7980.6973 3.8579e-02
7983.0908 2.6893e-02
7985.4858 3.2850e-02
7987.8823 3.9199e-02
7990.2778 3.6979e-02
7992.6748 2.9661e-02
7995.0728 4.6899e-02
7997.4717 3.1133e-02
7999.8711 4.4687e-02
8002.2710 4.0340e-02
8004.6709 3.2285e-02
8007.0723 3.1990e-02
8009.4746 4.4315e-02
8011.8779 3.2044e-02
8014.2812 2.7478e-02
8016.6855 3.6820e-02
8019.0903 3.4558e-02
8021.4966 4.2022e-02
8023.9028 3.6733e-02
8026.3105 3.6785e-02
8028.7173 4.0172e-02
8031.1260 4.3833e-02
8033.5361 3.0503e-02
8035.9458 3.4458e-02
8038.3569 4.0821e-02
8040.7681 3.4544e-02
8043.1807 3.0080e-02
8045.5933 4.2781e-02
8048.0068 2.7033e-02
8050.4214 2.6111e-02
8052.8364 3.5623e-02
8055.2520 4.1674e-02
8057.6689 5.1578e-02
8060.0864 3.6688e-02
8062.5049 3.1043e-02
8064.9229 3.6290e-02
8067.3423 3.8685e-02
8069.7632 3.8810e-02
8072.1836 4.7187e-02
8074.6050 4.7032e-02
8077.0278 3.3230e-02
8079.4507 4.0142e-02
8081.8745 2.6760e-02
8084.2988 4.1341e-02
8086.7251 3.7664e-02
8089.1509 3.9780e-02
8091.5771 3.8950e-02
8094.0049 3.6745e-02
8096.4331 3.6761e-02
8098.8618 3.4551e-02
8101.2910 4.5532e-02
8103.7217 3.0555e-02
8106.1528 4.3457e-02
8108.5845 3.3294e-02
8111.0171 4.0981e-02
8113.4502 4.6114e-02
8115.8843 3.0105e-02
8118.3188 3.8558e-02
8120.7549 3.2607e-02
8123.1914 3.0365e-02
8125.6284 3.0006e-02
8128.0659 3.5369e-02
8130.5049 5.1856e-02
8132.9438 3.5879e-02
8135.3833 5.0675e-02
8137.8237 2.8136e-02
8140.2651 3.2119e-02
8142.7075 4.3888e-02
8145.1504 4.2125e-02
8147.5938 3.4136e-02
8150.0376 3.3273e-02
8152.4834 3.3128e-02
8154.9292 3.5767e-02
8157.3750 3.5187e-02
8159.8228 4.0625e-02
8162.2705 3.2370e-02
8164.7192 5.5881e-02
8167.1685 3.6545e-02
8169.6187 3.6083e-02
8172.0693 4.0876e-02
8174.5210 4.0350e-02
8176.9736 3.8111e-02
8179.4268 3.2324e-02
8181.8809 4.4949e-02
8184.3350 3.2351e-02
8186.7900 3.8418e-02
8189.2456 3.5278e-02
8191.7031 4.3011e-02
8194.1602 4.5361e-02
8196.6191 3.4589e-02
8199.0781 4.3614e-02
8201.5371 4.9628e-02
8203.9980 3.2801e-02
8206.4590 3.2955e-02
8208.9219 4.3523e-02
8211.3838 3.6719e-02
8213.8477 3.7033e-02
8216.3115 3.3907e-02
8218.7764 3.7045e-02
8221.2422 3.6855e-02
8223.7090 4.9780e-02
8226.1758 3.5574e-02
8228.6436 4.8725e-02
8231.1123 3.5600e-02
8233.5811 2.5278e-02
8236.0518 4.1203e-02
8238.5215 4.1462e-02
8240.9932 3.7102e-02
8243.4658 4.0680e-02
8245.9395 3.5290e-02
8248.4131 3.8861e-02
8250.8877 4.2064e-02
8253.3623 3.3506e-02
8255.8389 3.6528e-02
8258.3154 3.3685e-02
8260.7920 4.0023e-02
8263.2715 3.7594e-02
8265.7500 3.4062e-02
8268.2305 3.2244e-02
8270.7100 3.9746e-02
8273.1914 3.9444e-02
8275.6738 3.6490e-02
8278.1553 3.7413e-02
8280.6396 3.8404e-02
8283.1240 2.0733e-02
8285.6094 3.5306e-02
8288.0947 3.9944e-02
8290.5811 4.4113e-02
8293.0674 3.4518e-02
8295.5557 3.7078e-02
8298.0449 3.4029e-02
8300.5352 3.5900e-02
8303.0234 3.2699e-02
8305.5156 3.4390e-02
8308.0068 4.5204e-02
8310.5000 4.7707e-02
8312.9922 3.9096e-02
8315.4863 3.5641e-02
8317.9805 3.2912e-02
8320.4766 4.2111e-02
8322.9717 4.3465e-02
8325.4697 3.1945e-02
8327.9668 4.5377e-02
8330.4658 3.8900e-02
8332.9639 3.6799e-02
8335.4648 3.3123e-02
8337.9648 3.1674e-02
8340.4668 3.7266e-02
8342.9688 4.4784e-02
8345.4717 3.3304e-02
8347.9746 3.4013e-02
8350.4795 4.3164e-02
8352.9844 4.0741e-02
8355.4902 3.4268e-02
8357.9971 4.3018e-02
8360.5039 4.8637e-02
8363.0127 4.3491e-02
8365.5215 3.1726e-02
8368.0312 3.9861e-02
8370.5420 3.7827e-02
8373.0527 4.1462e-02
8375.5654 4.4770e-02
8378.0771 3.6949e-02
8380.5908 3.7558e-02
8383.1045 3.7685e-02
8385.6191 6.1867e-02
8388.1348 5.2056e-02
8390.6523 4.1612e-02
8393.1689 3.2354e-02
8395.6865 4.8832e-02
8398.2061 4.3212e-02
8400.7246 4.3231e-02
8403.2461 4.6823e-02
8405.7666 4.5493e-02
8408.2881 5.0860e-02
8410.8105 3.8169e-02
8413.3340 4.0116e-02
8415.8584 4.3233e-02
8418.3818 3.9291e-02
8420.9082 4.4174e-02
8423.4346 4.8162e-02
8425.9609 4.8669e-02
8428.4893 3.6288e-02
8431.0186 4.7416e-02
8433.5479 4.6825e-02
8436.0771 4.8003e-02
8438.6074 3.5715e-02
8441.1396 4.6173e-02
8443.6729 4.5099e-02
8446.2051 4.5391e-02
8448.7383 4.2916e-02
8451.2734 4.7854e-02
8453.8086 3.1957e-02
8456.3457 4.4402e-02
8458.8828 5.1179e-02
8461.4199 4.9765e-02
8463.9580 3.8993e-02
8466.4971 5.4790e-02
8469.0371 3.6103e-02
8471.5781 5.3280e-02
8474.1191 4.0164e-02
8476.6621 3.7172e-02
8479.2051 3.8063e-02
8481.7480 4.0823e-02
8484.2930 4.8493e-02
8486.8379 3.5158e-02
8489.3848 5.9111e-02
8491.9316 4.9887e-02
8494.4795 3.6324e-02
8497.0264 5.3414e-02
8499.5762 5.5202e-02
8502.1260 4.3059e-02
8504.6777 4.2730e-02
8507.2285 3.2460e-02
8509.7803 4.8423e-02
8512.3330 5.2625e-02
8514.8857 4.5468e-02
8517.4414 6.2993e-02
8519.9961 4.0607e-02
8522.5527 4.3225e-02
8525.1094 5.1122e-02
8527.6670 3.9743e-02
8530.2246 4.5156e-02
8532.7842 4.8472e-02
8535.3438 4.3157e-02
8537.9053 5.3779e-02
8540.4668 4.9612e-02
8543.0273 4.1937e-02
8545.5908 5.1557e-02
8548.1543 4.6758e-02
8550.7188 4.1274e-02
8553.2842 4.7979e-02
8555.8496 4.2437e-02
8558.4170 4.5453e-02
8560.9844 4.9210e-02
8563.5527 4.9580e-02
8566.1221 5.6925e-02
8568.6914 4.6371e-02
8571.2617 5.0003e-02
8573.8350 5.1858e-02
8576.4062 5.9197e-02
8578.9785 4.7563e-02
8581.5527 5.9014e-02
8584.1270 5.2870e-02
8586.7031 3.8565e-02
8589.2783 4.2325e-02
8591.8555 5.0720e-02
8594.4326 4.4536e-02
8597.0117 4.3051e-02
8599.5898 4.2170e-02
8602.1699 4.9568e-02
8604.7500 3.9526e-02
8607.3320 5.1388e-02
8609.9150 5.1340e-02
8612.4971 4.0231e-02
8615.0811 5.3081e-02
8617.6660 4.5105e-02
8620.2500 4.0608e-02
8622.8369 2.8847e-02
8625.4229 4.3743e-02
8628.0117 4.8014e-02
8630.6006 5.1943e-02
8633.1885 5.0121e-02
8635.7793 5.2319e-02
8638.3711 5.2053e-02
8640.9609 4.5395e-02
8643.5527 5.5250e-02
8646.1465 3.7336e-02
8648.7393 4.9224e-02
8651.3350 4.8637e-02
8653.9307 5.3456e-02
8656.5264 5.2528e-02
8659.1230 5.5808e-02
8661.7207 5.4016e-02
8664.3203 5.7226e-02
8666.9189 4.8774e-02
8669.5186 5.6386e-02
8672.1201 6.9037e-02
8674.7217 3.9564e-02
8677.3242 4.2847e-02
8679.9277 4.7704e-02
8682.5312 5.0068e-02
8685.1367 4.6425e-02
8687.7412 4.6552e-02
8690.3477 4.1711e-02
8692.9551 4.0558e-02
8695.5625 4.6666e-02
8698.1709 5.3561e-02
8700.7803 5.8014e-02
8703.3916 4.7970e-02
8706.0020 4.6036e-02
8708.6133 4.1901e-02
8711.2266 4.6342e-02
8713.8398 5.5656e-02
8716.4541 3.5133e-02
8719.0684 4.8319e-02
8721.6846 3.3963e-02
8724.3018 4.2588e-02
8726.9189 5.5974e-02
8729.5371 4.3489e-02
8732.1553 3.5724e-02
8734.7754 3.9228e-02
8737.3955 4.7387e-02
8740.0166 4.4345e-02
8742.6387 5.3464e-02
8745.2607 4.3992e-02
8747.8848 5.4812e-02
8750.5098 3.9323e-02
8753.1348 4.6943e-02
8755.7607 4.6247e-02
8758.3867 4.8217e-02
8761.0146 5.9602e-02
8763.6436 4.1309e-02
8766.2715 4.2741e-02
8768.9023 4.7242e-02
8771.5322 4.0486e-02
8774.1641 3.5306e-02
8776.7959 4.7249e-02
8779.4287 6.5382e-02
8782.0635 3.8040e-02
8784.6982 4.2195e-02
8787.3330 5.0986e-02
8789.9697 5.1222e-02
8792.6074 4.1529e-02
8795.2451 3.5031e-02
8797.8838 4.4883e-02
8800.5234 3.9411e-02
8803.1621 5.2347e-02
8805.8027 3.9679e-02
8808.4453 3.7237e-02
8811.0879 4.7237e-02
8813.7314 4.2443e-02
8816.3750 3.5311e-02
8819.0205 3.7430e-02
8821.6660 3.6496e-02
8824.3125 3.1754e-02
8826.9590 3.8207e-02
8829.6084 3.9087e-02
8832.2568 4.1297e-02
8834.9062 4.9364e-02
8837.5557 4.3436e-02
8840.2080 4.2223e-02
8842.8594 3.9863e-02
8845.5127 3.7492e-02
8848.1670 4.4888e-02
8850.8213 3.8362e-02
8853.4766 4.8092e-02
8856.1328 4.1587e-02
8858.7881 3.7294e-02
8861.4463 4.4859e-02
8864.1045 4.7043e-02
8866.7646 3.7520e-02
8869.4238 3.2823e-02
8872.0850 3.9183e-02
8874.7471 3.7773e-02
8877.4092 3.6046e-02
8880.0732 2.8313e-02
8882.7373 5.2330e-02
8885.4014 5.0136e-02
8888.0674 5.4364e-02
8890.7334 3.9282e-02
8893.4004 4.0836e-02
8896.0684 4.2498e-02
8898.7373 3.8383e-02
8901.4072 3.1987e-02
8904.0771 4.4258e-02
8906.7480 3.2381e-02
8909.4199 4.9933e-02
8912.0938 4.2470e-02
8914.7676 3.1947e-02
8917.4414 4.9392e-02
8920.1172 3.6479e-02
8922.7930 2.9678e-02
8925.4697 3.5631e-02
8928.1475 3.4550e-02
8930.8262 4.1223e-02
8933.5049 2.6534e-02
8936.1855 4.0252e-02
8938.8652 3.3791e-02
8941.5469 3.5189e-02
8944.2295 4.1632e-02
8946.9141 4.2704e-02
8949.5977 3.8758e-02
8952.2822 2.5642e-02
8954.9678 3.4696e-02
8957.6553 4.1578e-02
8960.3418 4.2817e-02
8963.0293 3.1740e-02
8965.7178 3.8994e-02
8968.4082 4.7116e-02
8971.0986 3.7025e-02
8973.7910 4.3609e-02
8976.4824 3.2756e-02
8979.1748 4.1071e-02
8981.8691 3.0515e-02
8984.5635 4.8628e-02
8987.2588 4.7333e-02
8989.9551 2.6631e-02
8992.6523 3.2367e-02
8995.3506 3.9448e-02
8998.0488 3.5940e-02
9000.7480 2.7867e-02
9003.4482 2.9356e-02
9006.1494 3.4455e-02
9008.8516 2.9904e-02
9011.5537 3.0271e-02
9014.2578 3.8425e-02
9016.9609 3.4936e-02
9019.6660 3.5499e-02
9022.3721 3.4252e-02
9025.0791 3.7894e-02
9027.7871 3.1243e-02
9030.4951 2.7346e-02
9033.2051 3.1164e-02
9035.9150 3.8088e-02
9038.6260 2.6198e-02
9041.3369 3.3033e-02
9044.0498 3.4671e-02
9046.7627 4.2837e-02
9049.4766 3.2063e-02
9052.1914 2.7987e-02
9054.9072 3.6058e-02
9057.6240 3.5398e-02
9060.3398 3.9946e-02
9063.0586 3.1122e-02
9065.7773 3.1559e-02
9068.4971 3.9038e-02
9071.2168 3.0850e-02
9073.9395 2.9475e-02
9076.6611 2.7251e-02
9079.3848 4.3937e-02
9082.1074 2.6851e-02
9084.8330 3.0426e-02
9087.5576 3.7893e-02
9090.2832 2.7799e-02
9093.0117 3.0755e-02
9095.7393 2.7502e-02
9098.4688 1.9775e-02
9101.1973 2.7307e-02
9103.9287 3.3363e-02
9106.6592 2.7312e-02
9109.3906 2.3565e-02
9112.1250 2.7489e-02
9114.8584 2.9847e-02
9117.5928 3.2038e-02
9120.3271 2.9611e-02
9123.0635 1.8196e-02
9125.8008 3.4498e-02
9128.5391 3.5320e-02
9131.2764 2.6094e-02
9134.0156 3.3876e-02
9136.7568 2.1555e-02
9139.4980 2.0167e-02
9142.2383 2.2194e-02
9144.9814 2.9273e-02
9147.7266 2.4548e-02
9150.4707 2.6718e-02
9153.2158 2.9165e-02
9155.9609 2.8219e-02
9158.7070 2.6977e-02
9161.4551 2.4792e-02
9164.2041 2.1005e-02
9166.9531 1.8850e-02
9169.7031 2.1115e-02
9172.4541 2.4713e-02
9175.2051 2.6330e-02
9177.9580 2.5492e-02
9180.7109 2.3312e-02
9183.4668 2.1127e-02
9186.2207 2.6067e-02
9188.9766 1.8116e-02
9191.7334 2.5356e-02
9194.4912 1.7533e-02
9197.2490 2.5923e-02
9200.0088 2.2072e-02
9202.7686 1.3058e-02
9205.5293 2.2892e-02
9208.2920 2.3941e-02
9211.0527 2.7079e-02
9213.8164 2.4318e-02
9216.5811 2.2367e-02
9219.3467 1.9839e-02
9222.1113 2.5214e-02
9224.8789 2.2531e-02
9227.6455 3.3364e-02
9230.4141 2.0971e-02
9233.1836 2.7789e-02
9235.9531 1.8043e-02
9238.7246 2.5581e-02
9241.4951 1.9416e-02
9244.2686 2.0051e-02
9247.0410 2.4430e-02
9249.8154 2.7251e-02
9252.5908 1.9415e-02
9255.3652 2.7252e-02
9258.1426 2.3397e-02
9260.9209 2.7862e-02
9263.6992 2.4458e-02
9266.4775 1.7846e-02
9269.2568 2.3377e-02
9272.0381 2.1495e-02
9274.8203 1.3535e-02
9277.6025 2.0973e-02
9280.3857 2.7011e-02
9283.1709 2.3045e-02
9285.9541 3.1695e-02
9288.7402 1.7970e-02
9291.5264 2.9747e-02
9294.3135 2.8411e-02
9297.1025 1.9286e-02
9299.8926 1.9034e-02
9302.6816 2.5285e-02
9305.4727 1.3225e-02
9308.2646 1.7942e-02
9311.0566 2.9131e-02
9313.8506 2.8828e-02
9316.6436 1.6831e-02
9319.4395 2.1967e-02
9322.2354 1.8878e-02
9325.0322 1.9387e-02
9327.8291 2.1414e-02
9330.6279 2.0457e-02
9333.4277 1.7528e-02
9336.2266 2.3927e-02
9339.0283 2.3816e-02
9341.8291 1.4008e-02
9344.6318 2.4585e-02
9347.4355 2.1053e-02
9350.2402 2.6613e-02
9353.0449 2.1456e-02
9355.8516 1.9616e-02
9358.6572 1.8397e-02
9361.4658 1.8598e-02
9364.2734 1.9278e-02
9367.0830 2.1666e-02
9369.8936 1.9276e-02
9372.7041 2.2640e-02
9375.5156 1.6591e-02
9378.3291 2.9075e-02
9381.1416 1.6784e-02
9383.9561 1.8711e-02
9386.7715 2.1357e-02
9389.5879 1.6056e-02
9392.4043 2.1706e-02
9395.2217 2.1915e-02
9398.0400 2.8970e-02
9400.8594 1.2292e-02
9403.6807 2.4592e-02
9406.5020 2.3363e-02
9409.3242 1.4471e-02
9412.1465 2.5675e-02
9414.9707 2.2422e-02
9417.7939 1.3828e-02
9420.6201 2.2246e-02
9423.4453 2.0867e-02
9426.2725 2.1321e-02
9429.1006 1.8088e-02
9431.9287 2.1368e-02
9434.7588 1.3518e-02
9437.5898 1.7101e-02
9440.4209 2.2100e-02
9443.2529 1.6213e-02
9446.0859 1.6293e-02
9448.9199 1.7110e-02
9451.7549 1.8320e-02
9454.5889 2.0368e-02
9457.4268 2.8904e-02
9460.2637 1.3283e-02
9463.1016 2.2088e-02
9465.9414 1.8534e-02
9468.7803 1.5374e-02
9471.6211 1.8395e-02
9474.4629 1.3477e-02
9477.3047 2.3627e-02
9480.1484 9.3489e-03
9482.9922 2.1451e-02
9485.8369 2.0973e-02
9488.6836 1.4386e-02
9491.5303 1.8470e-02
9494.3760 1.7651e-02
9497.2256 2.1849e-02
9500.0742 1.9458e-02
9502.9238 1.3063e-02
9505.7754 9.7203e-03
9508.6270 1.4102e-02
9511.4805 1.4214e-02
9514.3320 1.4723e-02
9517.1875 2.1991e-02
9520.0420 1.3638e-02
9522.8984 1.6394e-02
9525.7559 1.1714e-02
9528.6133 2.2885e-02
9531.4717 1.7133e-02
9534.3311 1.8141e-02
9537.1914 1.2060e-02
9540.0518 1.0629e-02
9542.9150 1.7396e-02
9545.7773 2.1597e-02
9548.6416 1.7147e-02
9551.5059 1.7125e-02
9554.3711 1.7764e-02
9557.2373 1.1976e-02
9560.1045 1.9923e-02
9562.9727 1.6009e-02
9565.8418 1.5889e-02
9568.7109 1.6511e-02
9571.5820 1.9697e-02
9574.4531 2.1067e-02
9577.3252 1.5111e-02
9580.1992 1.1456e-02
9583.0723 1.9866e-02
9585.9473 1.9312e-02
9588.8242 1.5202e-02
9591.7002 1.3804e-02
9594.5781 1.2199e-02
9597.4561 1.5472e-02
9600.3350 2.7032e-02
9603.2158 8.6768e-03
9606.0957 1.8443e-02
9608.9775 1.9192e-02
9611.8613 1.7877e-02
9614.7441 1.4339e-02
9617.6279 1.5633e-02
9620.5137 1.7394e-02
9623.4014 1.4602e-02
9626.2881 1.4916e-02
9629.1748 1.1398e-02
9632.0645 8.8806e-03
9634.9541 2.1388e-02
9637.8438 1.2983e-02
9640.7363 1.3639e-02
9643.6270 1.4566e-02
9646.5215 1.0970e-02
9649.4141 1.0289e-02
9652.3086 1.2277e-02
9655.2051 1.3848e-02
9658.1016 1.4673e-02
9660.9990 9.5035e-03
9663.8975 1.4059e-02
9666.7969 1.2633e-02
9669.6973 1.2539e-02
9672.5967 1.4075e-02
9675.5000 1.1532e-02
9678.4023 2.2541e-02
9681.3057 8.5297e-03
9684.2109 1.6736e-02
9687.1152 1.9292e-02
9690.0215 1.4883e-02
9692.9287 1.5904e-02
9695.8369 1.4232e-02
9698.7441 2.1405e-02
9701.6553 1.4500e-02
9704.5645 1.9287e-02
9707.4775 1.4535e-02
9710.3887 1.5780e-02
9713.3008 9.5353e-03
9716.2158 1.4135e-02
9719.1299 1.3743e-02
9722.0459 1.7031e-02
9724.9629 1.4821e-02
9727.8809 8.6488e-03
9730.7988 1.6179e-02
9733.7178 7.7559e-03
9736.6387 1.4775e-02
9739.5586 1.4605e-02
9742.4805 1.2390e-02
9745.4033 1.2977e-02
9748.3281 1.1764e-02
9751.2520 5.2973e-03
9754.1777 1.2440e-02
9757.1035 1.4133e-02
9760.0303 2.2231e-02
9762.9590 1.0651e-02
9765.8877 2.0415e-02
9768.8174 1.2453e-02
9771.7480 9.6456e-03
9774.6797 8.6996e-03
9777.6113 1.3283e-02
9780.5459 1.1162e-02
9783.4795 1.0805e-02
9786.4141 1.5860e-02
9789.3496 1.3607e-02
9792.2871 1.1910e-02
9795.2256 1.2326e-02
9798.1641 1.4073e-02
9801.1035 1.2434e-02
9804.0430 1.2082e-02
9806.9844 1.4453e-02
9809.9268 1.7931e-02
9812.8691 1.4177e-02
9815.8125 1.4485e-02
9818.7578 1.5468e-02
9821.7041 1.3560e-02
9824.6494 9.2668e-03
9827.5967 1.2239e-02
9830.5469 1.4647e-02
9833.4951 1.4338e-02
9836.4453 1.3759e-02
9839.3965 1.4468e-02
9842.3486 1.1096e-02
9845.2998 9.2109e-03
9848.2549 1.6852e-02
9851.2080 1.2308e-02
9854.1641 1.1298e-02
9857.1201 9.7428e-03
9860.0771 1.6158e-02
9863.0361 1.1435e-02
9865.9941 1.8292e-02
9868.9541 1.3521e-02
9871.9150 1.3787e-02
9874.8760 1.1321e-02
9877.8389 9.7076e-03
9880.8018 1.5267e-02
9883.7666 1.3535e-02
9886.7324 1.9157e-02
9889.6982 9.2016e-03
9892.6641 1.1052e-02
9895.6338 1.8862e-02
9898.6016 9.5941e-03
9901.5713 1.4609e-02
9904.5420 1.0004e-02
9907.5127 1.1838e-02
9910.4854 6.7536e-03
9913.4590 1.1873e-02
9916.4326 1.5590e-02
9919.4072 1.8675e-02
9922.3828 1.2888e-02
9925.3584 1.1551e-02
9928.3379 9.6813e-03
9931.3164 1.5881e-02
9934.2949 7.8367e-03
9937.2754 1.2926e-02
9940.2568 9.3219e-03
9943.2383 1.2293e-02
9946.2207 1.0991e-02
9949.2061 9.3874e-03
9952.1904 1.5060e-02
9955.1758 9.3383e-03
9958.1631 9.2691e-03
9961.1494 1.2290e-02
9964.1387 9.5831e-03
9967.1279 1.4377e-02
9970.1182 1.2489e-02
9973.1084 9.9973e-03
9976.1006 1.4135e-02
9979.0928 1.3449e-02
9982.0859 5.5824e-03
9985.0820 9.4501e-03
9988.0771 1.2583e-02
9991.0732 1.0240e-02
9994.0713 1.5729e-02
9997.0693 1.3271e-02
10000.0684 1.6245e-02
10003.0674 1.2026e-02
10006.0684 1.0651e-02
10009.0713 9.5604e-03
10012.0742 1.9619e-02
10015.0771 1.3962e-02
10018.0820 1.3234e-02
10021.0879 1.4728e-02
10024.0938 8.7021e-03
10027.1006 6.8764e-03
10030.1084 9.0613e-03
10033.1172 1.5117e-02
10036.1270 1.2007e-02
10039.1387 1.2207e-02
10042.1504 9.5453e-03
10045.1631 1.0948e-02
10048.1768 8.5336e-03
10051.1924 8.9802e-03
10054.2061 1.6522e-02
10057.2227 1.3294e-02
10060.2402 1.0314e-02
10063.2578 1.5499e-03
10066.2773 1.3106e-02
10069.2969 1.0479e-02
10072.3174 1.7398e-02
10075.3379 1.3799e-02
10078.3623 1.3988e-02
10081.3848 1.5551e-02
10084.4102 9.6559e-03
10087.4346 8.2488e-03
10090.4619 1.1538e-02
10093.4883 1.0866e-02
10096.5166 7.9656e-03
10099.5459 1.5968e-02
10102.5742 1.2453e-02
10105.6055 1.3516e-02
10108.6367 1.2032e-02
10111.6709 9.8510e-03
10114.7041 1.0021e-02
10117.7383 8.7651e-03
10120.7734 1.0125e-02
10123.8105 1.2636e-02
10126.8477 1.4193e-02
10129.8857 7.6478e-03
10132.9248 6.6072e-03
10135.9648 8.2136e-03
10139.0049 1.1672e-02
10142.0479 1.1180e-02
10145.0879 6.3373e-03
10148.1318 1.0260e-02
10151.1768 5.0674e-03
10154.2227 1.0619e-02
10157.2686 9.1327e-03
10160.3154 7.3602e-03
10163.3643 8.7107e-03
10166.4121 1.0116e-02
10169.4629 6.2078e-03
10172.5137 7.7752e-03
10175.5654 9.0527e-03
10178.6191 1.1796e-02
10181.6719 8.8820e-03
10184.7256 1.2577e-02
10187.7822 1.1416e-02
10190.8379 7.2307e-03
10193.8945 1.0291e-02
10196.9541 8.4638e-03
10200.0127 3.6836e-03
10203.0723 1.1693e-02
10206.1328 5.9107e-03
10209.1953 1.2361e-02
10212.2578 1.0610e-02
10215.3223 6.1238e-03
10218.3867 7.3259e-03
10221.4521 6.7140e-03
10224.5186 4.6543e-03
10227.5850 1.0160e-02
10230.6543 1.2110e-02
10233.7246 8.9569e-03
10236.7930 9.6535e-03
10239.8643 9.7623e-03
10242.9355 5.4518e-03
10246.0098 6.3847e-03
10249.0830 1.1043e-02
10252.1572 1.1809e-02
10255.2334 7.8979e-03
10258.3096 5.2419e-03
10261.3877 6.6614e-03
10264.4648 6.4100e-03
10267.5449 1.4164e-02
10270.6250 9.6502e-03
