# time_explosion = 12.75
# 
3082.8928 1.5125e-02
3083.8179 1.7665e-02
3084.7432 1.6604e-02
3085.6685 1.9679e-02
3086.5940 8.1178e-03
3087.5200 1.5596e-02
3088.4463 1.1054e-02
3089.3728 1.4049e-02
3090.2996 1.1525e-02
3091.2268 1.4776e-02
3092.1541 7.3961e-03
3093.0815 1.7414e-02
3094.0098 1.5485e-02
3094.9380 1.7498e-02
3095.8665 1.2304e-02
3096.7952 1.5395e-02
3097.7241 1.9410e-02
3098.6536 1.3437e-02
3099.5828 1.2985e-02
3100.5129 2.3445e-02
3101.4431 1.5648e-02
3102.3735 7.5696e-03
3103.3042 2.8361e-02
3104.2354 1.2254e-02
3105.1665 1.1295e-02
3106.0981 1.3079e-02
3107.0300 2.0659e-02
3107.9619 1.5706e-02
3108.8943 1.7793e-02
3109.8269 2.0289e-02
3110.7600 7.2039e-03
3111.6929 6.8908e-03
3112.6265 1.7700e-02
3113.5605 2.2243e-02
3114.4944 1.2871e-02
3115.4290 2.0283e-02
3116.3635 1.2086e-02
3117.2986 9.0822e-03
3118.2336 1.2327e-02
3119.1689 1.4709e-02
3120.1047 9.6497e-03
3121.0410 1.3299e-02
3121.9773 1.1423e-02
3122.9136 2.2532e-02
3123.8508 7.8722e-03
3124.7878 1.3601e-02
3125.7251 1.9571e-02
3126.6628 1.1314e-02
3127.6008 1.2909e-02
3128.5393 1.5166e-02
3129.4778 1.4695e-02
3130.4170 9.5174e-03
3131.3557 1.9868e-02
3132.2954 1.4921e-02
3133.2349 1.2957e-02
3134.1748 1.9480e-02
3135.1150 8.0095e-03
3136.0559 1.5155e-02
3136.9968 1.8327e-02
3137.9377 2.1662e-02
3138.8789 1.8605e-02
3139.8206 1.8387e-02
3140.7625 2.9540e-02
3141.7046 1.4709e-02
3142.6472 2.3650e-02
3143.5901 1.1104e-02
3144.5334 1.8984e-02
3145.4766 1.5545e-02
3146.4202 1.9454e-02
3147.3643 1.2619e-02
3148.3086 1.4912e-02
3149.2529 2.1793e-02
3150.1975 1.7386e-02
3151.1426 1.5116e-02
3152.0881 1.3095e-02
3153.0337 2.0423e-02
3153.9795 1.2182e-02
3154.9255 2.2038e-02
3155.8723 1.2045e-02
3156.8188 1.3399e-02
3157.7661 1.6838e-02
3158.7134 1.3742e-02
3159.6609 1.4363e-02
3160.6086 2.0198e-02
3161.5571 2.0983e-02
3162.5054 1.2436e-02
3163.4541 2.1115e-02
3164.4031 1.1366e-02
3165.3528 1.7113e-02
3166.3022 1.5089e-02
3167.2522 1.1087e-02
3168.2024 1.8005e-02
3169.1526 1.2934e-02
3170.1035 7.3543e-03
3171.0544 1.7215e-02
3172.0061 1.9810e-02
3172.9573 1.9225e-02
3173.9092 3.2399e-02
3174.8613 1.9693e-02
3175.8140 2.8426e-02
3176.7668 2.3127e-02
3177.7197 1.3973e-02
3178.6729 1.2219e-02
3179.6267 2.1734e-02
3180.5808 2.0956e-02
3181.5347 1.6638e-02
3182.4893 3.2244e-02
3183.4438 1.7103e-02
3184.3987 1.5527e-02
3185.3542 2.2583e-02
3186.3101 2.4877e-02
3187.2659 1.7778e-02
3188.2217 1.1516e-02
3189.1785 1.4019e-02
3190.1350 2.1037e-02
3191.0920 3.5040e-02
3192.0493 3.2839e-02
3193.0071 1.9220e-02
3193.9651 2.2776e-02
3194.9233 2.3470e-02
3195.8818 2.0503e-02
3196.8408 8.9901e-03
3197.7996 2.5712e-02
3198.7590 2.7613e-02
3199.7185 1.6045e-02
3200.6782 2.5373e-02
3201.6387 3.1719e-02
3202.5991 1.9724e-02
3203.5598 2.2362e-02
3204.5208 1.2116e-02
3205.4824 2.1296e-02
3206.4441 2.0921e-02
3207.4058 2.1950e-02
3208.3682 1.7216e-02
3209.3306 3.0012e-02
3210.2935 2.2864e-02
3211.2563 1.1832e-02
3212.2200 1.7217e-02
3213.1833 3.4330e-02
3214.1472 2.6282e-02
3215.1118 2.1597e-02
3216.0764 2.2898e-02
3217.0413 1.9154e-02
3218.0061 3.0119e-02
3218.9714 3.6630e-02
3219.9373 2.6987e-02
3220.9031 2.3409e-02
3221.8699 2.7815e-02
3222.8362 2.1126e-02
3223.8030 1.7383e-02
3224.7700 1.9118e-02
3225.7375 1.2105e-02
3226.7053 2.4330e-02
3227.6731 2.5432e-02
3228.6416 2.4721e-02
3229.6101 1.9953e-02
3230.5791 3.0090e-02
3231.5483 2.3020e-02
3232.5178 3.4384e-02
3233.4875 2.4619e-02
3234.4575 1.5099e-02
3235.4280 1.9620e-02
3236.3984 3.3234e-02
3237.3691 3.6488e-02
3238.3403 1.8790e-02
3239.3120 2.4982e-02
3240.2839 4.0981e-02
3241.2559 1.9392e-02
3242.2285 1.5055e-02
3243.2012 3.3950e-02
3244.1743 3.5046e-02
3245.1472 3.2675e-02
3246.1208 1.8454e-02
3247.0947 2.3298e-02
3248.0688 1.8577e-02
3249.0432 3.1100e-02
3250.0178 2.8659e-02
3250.9929 3.3874e-02
3251.9680 1.8797e-02
3252.9438 3.3569e-02
3253.9194 2.7882e-02
3254.8958 3.2949e-02
3255.8723 2.9092e-02
3256.8489 2.4511e-02
3257.8262 2.7192e-02
3258.8035 2.4427e-02
3259.7810 2.5951e-02
3260.7593 2.8047e-02
3261.7373 2.8004e-02
3262.7158 2.4467e-02
3263.6946 2.3152e-02
3264.6736 2.3235e-02
3265.6531 2.1913e-02
3266.6331 3.7824e-02
3267.6130 2.7690e-02
3268.5930 3.5847e-02
3269.5735 3.7108e-02
3270.5544 3.6497e-02
3271.5356 2.2440e-02
3272.5171 3.8472e-02
3273.4990 3.7043e-02
3274.4812 3.5861e-02
3275.4634 3.4959e-02
3276.4458 2.7462e-02
3277.4287 3.1260e-02
3278.4124 3.1746e-02
3279.3958 2.3502e-02
3280.3794 3.2161e-02
3281.3635 2.4287e-02
3282.3479 2.8794e-02
3283.3325 3.4032e-02
3284.3179 3.1451e-02
3285.3030 2.8456e-02
3286.2888 4.0829e-02
3287.2744 3.7194e-02
3288.2605 5.0962e-02
3289.2471 2.2504e-02
3290.2339 3.3052e-02
3291.2212 2.3210e-02
3292.2083 2.8771e-02
3293.1958 2.9128e-02
3294.1838 3.9350e-02
3295.1724 4.1883e-02
3296.1609 3.7686e-02
3297.1497 3.8853e-02
3298.1387 3.0775e-02
3299.1282 4.3658e-02
3300.1177 4.8439e-02
3301.1079 3.2744e-02
3302.0984 2.8533e-02
3303.0889 3.8138e-02
3304.0798 3.6578e-02
3305.0713 3.9539e-02
3306.0627 3.6897e-02
3307.0544 2.8547e-02
3308.0466 5.1712e-02
3309.0391 3.5088e-02
3310.0317 3.0405e-02
3311.0247 3.6955e-02
3312.0178 3.8177e-02
3313.0117 4.2838e-02
3314.0054 3.9879e-02
3315.0000 3.4938e-02
3315.9941 2.8550e-02
3316.9890 3.1685e-02
3317.9839 4.5807e-02
3318.9795 3.0314e-02
3319.9751 4.6210e-02
3320.9712 2.8016e-02
3321.9678 5.8400e-02
3322.9639 3.1093e-02
3323.9607 3.8365e-02
3324.9580 4.3189e-02
3325.9558 4.1269e-02
3326.9536 3.6662e-02
3327.9514 4.6907e-02
3328.9497 4.6082e-02
3329.9482 3.3071e-02
3330.9475 5.3956e-02
3331.9468 4.1306e-02
3332.9463 4.0123e-02
3333.9463 2.7382e-02
3334.9463 4.6162e-02
3335.9473 4.2131e-02
3336.9478 3.6257e-02
3337.9487 4.2145e-02
3338.9502 5.4037e-02
3339.9517 6.2384e-02
3340.9536 4.7825e-02
3341.9561 2.3667e-02
3342.9587 5.9215e-02
3343.9614 4.8875e-02
3344.9651 5.5474e-02
3345.9685 5.8255e-02
3346.9722 4.3519e-02
3347.9763 4.2512e-02
3348.9805 4.3488e-02
3349.9854 6.4817e-02
3350.9902 5.4620e-02
3351.9956 5.0937e-02
3353.0010 3.5864e-02
3354.0073 5.4784e-02
3355.0129 5.2536e-02
3356.0198 4.2053e-02
3357.0264 3.5521e-02
3358.0334 4.1429e-02
3359.0410 5.9690e-02
3360.0488 5.8255e-02
3361.0569 4.6830e-02
3362.0654 5.3269e-02
3363.0740 5.3649e-02
3364.0828 5.2433e-02
3365.0918 4.8734e-02
3366.1013 4.7747e-02
3367.1113 4.8435e-02
3368.1213 6.0465e-02
3369.1318 3.9962e-02
3370.1426 6.8365e-02
3371.1536 5.0167e-02
3372.1650 4.2395e-02
3373.1768 6.3614e-02
3374.1885 3.9460e-02
3375.2004 4.8431e-02
3376.2134 3.6143e-02
3377.2261 4.5888e-02
3378.2395 4.2468e-02
3379.2529 3.2558e-02
3380.2664 6.3325e-02
3381.2805 5.1208e-02
3382.2952 6.0134e-02
3383.3098 4.7912e-02
3384.3250 7.0899e-02
3385.3401 5.8803e-02
3386.3557 5.1936e-02
3387.3716 7.0156e-02
3388.3879 4.0990e-02
3389.4045 5.5838e-02
3390.4211 6.5729e-02
3391.4385 6.4580e-02
3392.4558 5.9552e-02
3393.4736 5.8274e-02
3394.4915 4.4537e-02
3395.5100 8.0320e-02
3396.5286 5.4667e-02
3397.5474 7.0785e-02
3398.5667 5.7632e-02
3399.5862 4.8395e-02
3400.6062 6.3886e-02
3401.6262 5.7257e-02
3402.6467 6.5409e-02
3403.6677 4.4301e-02
3404.6887 5.3981e-02
3405.7100 4.5238e-02
3406.7319 7.6421e-02
3407.7539 6.6757e-02
3408.7764 6.0114e-02
3409.7988 5.6527e-02
3410.8218 4.4036e-02
3411.8450 6.0261e-02
3412.8687 5.9040e-02
3413.8923 5.4217e-02
3414.9167 5.2273e-02
3415.9412 4.7704e-02
3416.9658 7.1111e-02
3417.9907 6.5409e-02
3419.0164 6.1790e-02
3420.0420 5.9108e-02
3421.0681 6.8158e-02
3422.0945 6.3471e-02
3423.1208 4.1767e-02
3424.1479 4.7677e-02
3425.1753 5.8367e-02
3426.2029 5.2345e-02
3427.2307 4.5871e-02
3428.2588 4.3481e-02
3429.2871 6.6194e-02
3430.3159 5.7723e-02
3431.3452 6.2077e-02
3432.3748 5.0577e-02
3433.4041 4.4179e-02
3434.4346 5.2100e-02
3435.4646 4.7457e-02
3436.4954 5.3363e-02
3437.5261 5.1240e-02
3438.5579 5.7784e-02
3439.5894 6.5549e-02
3440.6208 5.7420e-02
3441.6531 4.4700e-02
3442.6855 6.0633e-02
3443.7183 6.1446e-02
3444.7515 4.8114e-02
3445.7852 6.2834e-02
3446.8186 4.2063e-02
3447.8525 5.0117e-02
3448.8872 5.0180e-02
3449.9216 5.7506e-02
3450.9568 4.5510e-02
3451.9919 5.1951e-02
3453.0276 3.3760e-02
3454.0637 6.0110e-02
3455.0999 4.4123e-02
3456.1362 5.0820e-02
3457.1731 5.7196e-02
3458.2102 4.8306e-02
3459.2476 6.0629e-02
3460.2856 4.9076e-02
3461.3235 4.7364e-02
3462.3621 3.9107e-02
3463.4004 3.9365e-02
3464.4399 4.0751e-02
3465.4790 5.0245e-02
3466.5188 3.9434e-02
3467.5586 5.0465e-02
3468.5989 4.2733e-02
3469.6394 5.1063e-02
3470.6804 5.3217e-02
3471.7217 5.5629e-02
3472.7629 3.8161e-02
3473.8049 4.2650e-02
3474.8469 6.1408e-02
3475.8894 4.7565e-02
3476.9321 6.4477e-02
3477.9751 3.8054e-02
3479.0188 3.3938e-02
3480.0625 3.5414e-02
3481.1064 3.9779e-02
3482.1509 4.0124e-02
3483.1956 4.5215e-02
3484.2407 4.4653e-02
3485.2856 3.5195e-02
3486.3313 4.3340e-02
3487.3772 4.0454e-02
3488.4233 4.1369e-02
3489.4697 5.3076e-02
3490.5168 4.1373e-02
3491.5640 3.7591e-02
3492.6116 4.6520e-02
3493.6592 3.4273e-02
3494.7073 3.8797e-02
3495.7556 3.7933e-02
3496.8044 3.7607e-02
3497.8535 3.8026e-02
3498.9026 4.5054e-02
3499.9526 5.0100e-02
3501.0024 3.5293e-02
3502.0527 3.3546e-02
3503.1033 4.9074e-02
3504.1543 3.7951e-02
3505.2058 4.6923e-02
3506.2571 5.1228e-02
3507.3088 4.3232e-02
3508.3613 3.2472e-02
3509.4136 4.1152e-02
3510.4663 3.6297e-02
3511.5193 4.1107e-02
3512.5730 4.2548e-02
3513.6270 4.8301e-02
3514.6809 4.2686e-02
3515.7351 3.9399e-02
3516.7898 3.3481e-02
3517.8452 3.0618e-02
3518.9004 2.9606e-02
3519.9561 3.0439e-02
3521.0122 4.0412e-02
3522.0686 2.9467e-02
3523.1250 2.8897e-02
3524.1821 3.1315e-02
3525.2390 3.0351e-02
3526.2969 4.0859e-02
3527.3547 3.8411e-02
3528.4126 2.9998e-02
3529.4714 2.9366e-02
3530.5303 4.1147e-02
3531.5894 4.2545e-02
3532.6487 3.9152e-02
3533.7090 4.1950e-02
3534.7688 3.2859e-02
3535.8293 3.8111e-02
3536.8901 3.3119e-02
3537.9512 2.0652e-02
3539.0122 4.0117e-02
3540.0740 2.5841e-02
3541.1360 3.0969e-02
3542.1987 2.5927e-02
3543.2612 2.8589e-02
3544.3245 4.3997e-02
3545.3875 3.3793e-02
3546.4509 3.1967e-02
3547.5154 2.7238e-02
3548.5793 4.0422e-02
3549.6438 4.8514e-02
3550.7087 3.8125e-02
3551.7739 4.8184e-02
3552.8396 4.5345e-02
3553.9053 3.7644e-02
3554.9714 4.0382e-02
3556.0378 4.3854e-02
3557.1050 5.4300e-02
3558.1716 4.5551e-02
3559.2395 4.1735e-02
3560.3071 4.3169e-02
3561.3752 3.3310e-02
3562.4436 4.4343e-02
3563.5125 4.4089e-02
3564.5813 4.0485e-02
3565.6506 5.4289e-02
3566.7205 3.2809e-02
3567.7905 5.1110e-02
3568.8611 4.5355e-02
3569.9316 3.3396e-02
3571.0027 3.9406e-02
3572.0737 5.2321e-02
3573.1455 6.5653e-02
3574.2175 3.8047e-02
3575.2896 4.7173e-02
3576.3625 4.4722e-02
3577.4351 4.3542e-02
3578.5083 2.9965e-02
3579.5820 6.2242e-02
3580.6560 6.0901e-02
3581.7300 6.1075e-02
3582.8047 5.7954e-02
3583.8792 5.0696e-02
3584.9546 5.5414e-02
3586.0298 5.0580e-02
3587.1060 5.2429e-02
3588.1821 4.5089e-02
3589.2583 4.4657e-02
3590.3352 6.9229e-02
3591.4124 5.4104e-02
3592.4897 7.6406e-02
3593.5671 5.1390e-02
3594.6455 6.8106e-02
3595.7241 6.1904e-02
3596.8025 8.2861e-02
3597.8818 7.0625e-02
3598.9609 6.9293e-02
3600.0405 5.1879e-02
3601.1204 5.3929e-02
3602.2009 7.2070e-02
3603.2817 7.4394e-02
3604.3625 7.6299e-02
3605.4441 7.2947e-02
3606.5256 7.8642e-02
3607.6074 8.2082e-02
3608.6899 8.5133e-02
3609.7725 6.4088e-02
3610.8552 7.0228e-02
3611.9385 5.8579e-02
3613.0222 6.9118e-02
3614.1062 7.5313e-02
3615.1904 7.5265e-02
3616.2749 4.7254e-02
3617.3599 7.0103e-02
3618.4451 7.5972e-02
3619.5303 8.5381e-02
3620.6165 6.0378e-02
3621.7024 7.5289e-02
3622.7891 8.5088e-02
3623.8760 7.9878e-02
3624.9631 6.2284e-02
3626.0508 6.0298e-02
3627.1382 8.2398e-02
3628.2266 7.0610e-02
3629.3152 7.3999e-02
3630.4038 6.6068e-02
3631.4927 1.0355e-01
3632.5825 8.8819e-02
3633.6721 9.2006e-02
3634.7622 5.7150e-02
3635.8528 9.7944e-02
3636.9434 7.3647e-02
3638.0347 9.7335e-02
3639.1257 7.3868e-02
3640.2178 8.0934e-02
3641.3098 6.9080e-02
3642.4021 7.7740e-02
3643.4946 7.4686e-02
3644.5881 9.5603e-02
3645.6814 7.6104e-02
3646.7751 7.0667e-02
3647.8691 7.3221e-02
3648.9634 8.3188e-02
3650.0581 7.1718e-02
3651.1533 6.2515e-02
3652.2480 8.5673e-02
3653.3442 6.4344e-02
3654.4402 8.4286e-02
3655.5364 7.3985e-02
3656.6333 7.3679e-02
3657.7300 7.6797e-02
3658.8274 8.6267e-02
3659.9250 5.9165e-02
3661.0232 7.2184e-02
3662.1213 7.1578e-02
3663.2202 5.3019e-02
3664.3188 8.5684e-02
3665.4182 6.8428e-02
3666.5181 7.1818e-02
3667.6179 6.2586e-02
3668.7183 6.1041e-02
3669.8186 7.5289e-02
3670.9197 5.3948e-02
3672.0210 5.5372e-02
3673.1226 5.6623e-02
3674.2241 7.1759e-02
3675.3269 6.5466e-02
3676.4294 4.2811e-02
3677.5325 7.0051e-02
3678.6355 5.0198e-02
3679.7390 7.0853e-02
3680.8430 5.5202e-02
3681.9473 3.3710e-02
3683.0518 5.6271e-02
3684.1570 6.5366e-02
3685.2620 4.2272e-02
3686.3677 4.9853e-02
3687.4739 5.4614e-02
3688.5796 3.8852e-02
3689.6865 5.4362e-02
3690.7932 5.2853e-02
3691.9006 5.9415e-02
3693.0081 5.9674e-02
3694.1160 4.1744e-02
3695.2241 4.2168e-02
3696.3328 4.0666e-02
3697.4417 2.9341e-02
3698.5508 4.6301e-02
3699.6606 4.4680e-02
3700.7703 5.8079e-02
3701.8806 4.8138e-02
3702.9910 2.9365e-02
3704.1023 4.4941e-02
3705.2136 3.1659e-02
3706.3247 5.5905e-02
3707.4370 4.3147e-02
3708.5491 6.3691e-02
3709.6616 5.2931e-02
3710.7744 6.1889e-02
3711.8877 4.9358e-02
3713.0012 4.0870e-02
3714.1152 6.2870e-02
3715.2292 4.8736e-02
3716.3440 6.3204e-02
3717.4590 4.6967e-02
3718.5742 6.3967e-02
3719.6897 6.6751e-02
3720.8057 5.2874e-02
3721.9219 6.7444e-02
3723.0383 5.9218e-02
3724.1553 5.4561e-02
3725.2725 5.2849e-02
3726.3904 5.6508e-02
3727.5081 4.6401e-02
3728.6265 4.5415e-02
3729.7451 3.9937e-02
3730.8640 3.6861e-02
3731.9832 5.7475e-02
3733.1028 5.0987e-02
3734.2227 6.3049e-02
3735.3428 5.0394e-02
3736.4636 5.5197e-02
3737.5842 4.5707e-02
3738.7056 5.1402e-02
3739.8276 5.0722e-02
3740.9490 5.4678e-02
3742.0718 5.2672e-02
3743.1943 5.1592e-02
3744.3171 6.4359e-02
3745.4404 5.0963e-02
3746.5640 6.3423e-02
3747.6880 5.1492e-02
3748.8125 4.1303e-02
3749.9368 4.6136e-02
3751.0620 4.3551e-02
3752.1873 5.4465e-02
3753.3130 5.9274e-02
3754.4387 4.1186e-02
3755.5652 5.6500e-02
3756.6919 5.8707e-02
3757.8188 4.8364e-02
3758.9463 4.2368e-02
3760.0737 5.3006e-02
3761.2019 6.6625e-02
3762.3306 5.1619e-02
3763.4590 5.5151e-02
3764.5881 6.3173e-02
3765.7175 6.8330e-02
3766.8472 6.8365e-02
3767.9771 6.1789e-02
3769.1079 8.6288e-02
3770.2383 5.3187e-02
3771.3694 4.9722e-02
3772.5007 6.8996e-02
3773.6328 5.1408e-02
3774.7646 6.2187e-02
3775.8972 7.6463e-02
3777.0298 7.5790e-02
3778.1628 7.8777e-02
3779.2964 5.0212e-02
3780.4302 6.6984e-02
3781.5642 6.3761e-02
3782.6987 7.8269e-02
3783.8335 5.6181e-02
3784.9690 6.9249e-02
3786.1042 7.5775e-02
3787.2400 9.0072e-02
3788.3762 7.0457e-02
3789.5125 8.3578e-02
3790.6497 7.8354e-02
3791.7869 6.8948e-02
3792.9246 7.8981e-02
3794.0625 9.3003e-02
3795.2007 8.0165e-02
3796.3391 9.5176e-02
3797.4778 8.5943e-02
3798.6169 9.1884e-02
3799.7568 1.0231e-01
3800.8967 9.0539e-02
3802.0371 1.1306e-01
3803.1775 9.3861e-02
3804.3181 9.5080e-02
3805.4597 8.5037e-02
3806.6013 1.1132e-01
3807.7434 9.5586e-02
3808.8857 1.0102e-01
3810.0286 8.3891e-02
3811.1714 1.0331e-01
3812.3149 1.1976e-01
3813.4583 9.5588e-02
3814.6025 9.5243e-02
3815.7468 9.5991e-02
3816.8916 1.0427e-01
3818.0369 1.2605e-01
3819.1824 1.1346e-01
3820.3281 1.0080e-01
3821.4741 1.0861e-01
3822.6201 1.3177e-01
3823.7671 1.3472e-01
3824.9143 1.4054e-01
3826.0615 1.4264e-01
3827.2097 1.2402e-01
3828.3577 1.3751e-01
3829.5063 1.1701e-01
3830.6553 1.2688e-01
3831.8044 1.3046e-01
3832.9539 1.2270e-01
3834.1035 1.0588e-01
3835.2539 1.3965e-01
3836.4045 1.4289e-01
3837.5554 1.5266e-01
3838.7068 1.0263e-01
3839.8582 1.6555e-01
3841.0103 1.7249e-01
3842.1628 1.2580e-01
3843.3152 1.4333e-01
3844.4683 1.5750e-01
3845.6216 1.4714e-01
3846.7754 1.4528e-01
3847.9294 1.9133e-01
3849.0835 1.5563e-01
3850.2383 1.9927e-01
3851.3933 1.6500e-01
3852.5488 1.4646e-01
3853.7051 1.6190e-01
3854.8606 1.6438e-01
3856.0173 1.7601e-01
3857.1741 1.5623e-01
3858.3313 1.8747e-01
3859.4883 1.7689e-01
3860.6465 1.2711e-01
3861.8047 1.8184e-01
3862.9631 1.8399e-01
3864.1221 1.6422e-01
3865.2815 1.7197e-01
3866.4412 1.6470e-01
3867.6011 1.5795e-01
3868.7610 1.5426e-01
3869.9216 1.9545e-01
3871.0828 1.9565e-01
3872.2441 1.7414e-01
3873.4058 1.7669e-01
3874.5676 1.7107e-01
3875.7302 1.5946e-01
3876.8931 1.7078e-01
3878.0559 1.6442e-01
3879.2192 1.6582e-01
3880.3831 1.6604e-01
3881.5474 1.5910e-01
3882.7119 1.6104e-01
3883.8767 1.7749e-01
3885.0420 1.8668e-01
3886.2073 2.0332e-01
3887.3728 1.7202e-01
3888.5391 1.9167e-01
3889.7061 1.4352e-01
3890.8730 1.7268e-01
3892.0400 1.9886e-01
3893.2078 1.7647e-01
3894.3755 1.9800e-01
3895.5439 1.9132e-01
3896.7126 1.9530e-01
3897.8813 1.8111e-01
3899.0508 1.8696e-01
3900.2209 1.9043e-01
3901.3909 2.1445e-01
3902.5613 1.9301e-01
3903.7322 2.0388e-01
3904.9031 1.9673e-01
3906.0747 1.8286e-01
3907.2463 1.9205e-01
3908.4187 2.1044e-01
3909.5911 1.8291e-01
3910.7642 2.2272e-01
3911.9373 2.1022e-01
3913.1111 1.9430e-01
3914.2849 2.1089e-01
3915.4592 2.0438e-01
3916.6335 1.7658e-01
3917.8086 2.1567e-01
3918.9839 2.1853e-01
3920.1597 2.2729e-01
3921.3359 2.0258e-01
3922.5120 2.2888e-01
3923.6887 2.2271e-01
3924.8660 2.1442e-01
3926.0432 2.0170e-01
3927.2212 1.9376e-01
3928.3994 2.1959e-01
3929.5779 2.4801e-01
3930.7568 1.9621e-01
3931.9360 2.2615e-01
3933.1157 2.2177e-01
3934.2954 2.1502e-01
3935.4758 2.2320e-01
3936.6562 2.0453e-01
3937.8374 2.3778e-01
3939.0186 2.7703e-01
3940.2004 2.2070e-01
3941.3826 2.2683e-01
3942.5649 2.3077e-01
3943.7478 2.6628e-01
3944.9307 2.1303e-01
3946.1147 2.3237e-01
3947.2983 2.5347e-01
3948.4824 2.4340e-01
3949.6670 2.1636e-01
3950.8521 2.1802e-01
3952.0369 2.0806e-01
3953.2227 2.2640e-01
3954.4089 2.6078e-01
3955.5950 2.1399e-01
3956.7812 2.4039e-01
3957.9688 2.3523e-01
3959.1560 2.0988e-01
3960.3438 1.8080e-01
3961.5320 2.2712e-01
3962.7202 2.1138e-01
3963.9094 2.1550e-01
3965.0984 2.4040e-01
3966.2881 2.1387e-01
3967.4778 1.9954e-01
3968.6680 2.1799e-01
3969.8584 1.9187e-01
3971.0498 2.2612e-01
3972.2412 2.0201e-01
3973.4326 2.0627e-01
3974.6248 1.9077e-01
3975.8171 2.1001e-01
3977.0095 1.9737e-01
3978.2029 2.0638e-01
3979.3962 2.1571e-01
3980.5901 2.2432e-01
3981.7844 2.1827e-01
3982.9790 2.1415e-01
3984.1736 1.8387e-01
3985.3691 2.0374e-01
3986.5647 2.0603e-01
3987.7605 2.0381e-01
3988.9568 1.9364e-01
3990.1538 1.9378e-01
3991.3506 1.6414e-01
3992.5481 2.0318e-01
3993.7456 1.8671e-01
3994.9441 1.7551e-01
3996.1423 1.8080e-01
3997.3413 2.0190e-01
3998.5408 1.6868e-01
3999.7397 1.5832e-01
4000.9402 1.7061e-01
4002.1401 1.8184e-01
4003.3408 1.7628e-01
4004.5415 1.8585e-01
4005.7434 1.6791e-01
4006.9448 1.6443e-01
4008.1470 1.4422e-01
4009.3496 1.4010e-01
4010.5522 1.5603e-01
4011.7556 1.7216e-01
4012.9587 1.2749e-01
4014.1628 1.7105e-01
4015.3672 1.5079e-01
4016.5715 1.5245e-01
4017.7769 1.4086e-01
4018.9817 1.5883e-01
4020.1875 1.4537e-01
4021.3936 1.4939e-01
4022.6003 1.4330e-01
4023.8071 1.3124e-01
4025.0142 1.2072e-01
4026.2214 1.1830e-01
4027.4294 1.4236e-01
4028.6377 1.3729e-01
4029.8462 1.2589e-01
4031.0554 1.2184e-01
4032.2646 1.3025e-01
4033.4744 1.1082e-01
4034.6843 1.1247e-01
4035.8945 1.0759e-01
4037.1052 1.2202e-01
4038.3167 1.0036e-01
4039.5281 9.7861e-02
4040.7397 1.0565e-01
4041.9524 1.2123e-01
4043.1648 1.1534e-01
4044.3777 1.1044e-01
4045.5913 9.1234e-02
4046.8047 9.5778e-02
4048.0186 8.5789e-02
4049.2332 1.0555e-01
4050.4480 1.2511e-01
4051.6628 7.6754e-02
4052.8784 1.2000e-01
4054.0942 9.1878e-02
4055.3108 9.6285e-02
4056.5273 9.0368e-02
4057.7444 7.6442e-02
4058.9614 1.0404e-01
4060.1792 1.0538e-01
4061.3970 9.7781e-02
4062.6155 9.7978e-02
4063.8345 7.4701e-02
4065.0535 8.0758e-02
4066.2732 8.2983e-02
4067.4929 7.9090e-02
4068.7131 1.0300e-01
4069.9338 9.2648e-02
4071.1548 9.3979e-02
4072.3762 9.0529e-02
4073.5981 6.7936e-02
4074.8201 9.4341e-02
4076.0427 6.7121e-02
4077.2654 8.5428e-02
4078.4885 8.5495e-02
4079.7119 8.7274e-02
4080.9358 6.9843e-02
4082.1602 6.8944e-02
4083.3845 5.9866e-02
4084.6099 9.8569e-02
4085.8354 8.3782e-02
4087.0608 7.4690e-02
4088.2869 9.6765e-02
4089.5137 9.5673e-02
4090.7407 9.3805e-02
4091.9678 8.7587e-02
4093.1953 6.3132e-02
4094.4233 7.1746e-02
4095.6519 9.6751e-02
4096.8799 8.6605e-02
4098.1094 6.9497e-02
4099.3384 8.0065e-02
4100.5684 7.9087e-02
4101.7988 9.9919e-02
4103.0293 9.5720e-02
4104.2598 6.6113e-02
4105.4912 7.9524e-02
4106.7231 8.6631e-02
4107.9546 6.0442e-02
4109.1875 7.1707e-02
4110.4204 8.6426e-02
4111.6533 7.5993e-02
4112.8867 8.0938e-02
4114.1211 8.0874e-02
4115.3545 7.7692e-02
4116.5898 8.9825e-02
4117.8247 7.9127e-02
4119.0596 7.2577e-02
4120.2954 9.4488e-02
4121.5317 8.0696e-02
4122.7681 8.3549e-02
4124.0049 7.5241e-02
4125.2422 6.3709e-02
4126.4800 7.7180e-02
4127.7178 7.5649e-02
4128.9561 8.7744e-02
4130.1948 9.2570e-02
4131.4336 7.3124e-02
4132.6733 9.2091e-02
4133.9126 7.3910e-02
4135.1533 9.5271e-02
4136.3936 9.6326e-02
4137.6348 8.2245e-02
4138.8760 8.5543e-02
4140.1172 8.0337e-02
4141.3599 6.4848e-02
4142.6021 7.0582e-02
4143.8447 8.6505e-02
4145.0879 7.9192e-02
4146.3315 7.2930e-02
4147.5752 8.9637e-02
4148.8198 6.1318e-02
4150.0640 7.3324e-02
4151.3091 8.8899e-02
4152.5547 6.9074e-02
4153.8003 8.4024e-02
4155.0464 6.7188e-02
4156.2930 9.1257e-02
4157.5400 5.4734e-02
4158.7871 7.9095e-02
4160.0352 5.8600e-02
4161.2827 8.2299e-02
4162.5312 1.1024e-01
4163.7803 7.7892e-02
4165.0293 8.5784e-02
4166.2783 7.7825e-02
4167.5288 8.9178e-02
4168.7788 9.7284e-02
4170.0298 8.9009e-02
4171.2803 7.5720e-02
4172.5317 7.8755e-02
4173.7837 8.7911e-02
4175.0356 7.8619e-02
4176.2886 8.2069e-02
4177.5410 8.9819e-02
4178.7944 6.6565e-02
4180.0479 7.5603e-02
4181.3022 7.6848e-02
4182.5566 7.5160e-02
4183.8115 8.3424e-02
4185.0664 1.0371e-01
4186.3223 7.9198e-02
4187.5776 9.0427e-02
4188.8340 9.4759e-02
4190.0903 9.1280e-02
4191.3477 7.9181e-02
4192.6050 8.4621e-02
4193.8628 9.4165e-02
4195.1206 9.0738e-02
4196.3794 7.0468e-02
4197.6387 8.3454e-02
4198.8975 7.0326e-02
4200.1577 8.6954e-02
4201.4175 7.3961e-02
4202.6782 8.3260e-02
4203.9390 6.7103e-02
4205.2002 9.3753e-02
4206.4614 8.1765e-02
4207.7231 8.3643e-02
4208.9858 8.2990e-02
4210.2485 7.8908e-02
4211.5112 7.8578e-02
4212.7749 7.6240e-02
4214.0391 1.0680e-01
4215.3032 8.6946e-02
4216.5679 9.3437e-02
4217.8330 9.0287e-02
4219.0981 8.4458e-02
4220.3638 7.2767e-02
4221.6299 1.0821e-01
4222.8965 7.1335e-02
4224.1636 7.0826e-02
4225.4302 9.5571e-02
4226.6978 7.2353e-02
4227.9658 7.9867e-02
4229.2349 8.6383e-02
4230.5034 1.0148e-01
4231.7725 9.5135e-02
4233.0415 7.8669e-02
4234.3115 9.5474e-02
4235.5825 8.1694e-02
4236.8525 9.3188e-02
4238.1235 8.6737e-02
4239.3955 8.8568e-02
4240.6670 9.9911e-02
4241.9390 5.6171e-02
4243.2119 7.8801e-02
4244.4844 7.6262e-02
4245.7583 8.2457e-02
4247.0317 1.0527e-01
4248.3062 8.0769e-02
4249.5806 7.5412e-02
4250.8555 8.3285e-02
4252.1309 8.7438e-02
4253.4062 7.9270e-02
4254.6821 9.0619e-02
4255.9590 8.6455e-02
4257.2358 8.5183e-02
4258.5127 7.5943e-02
4259.7900 7.9330e-02
4261.0679 7.1497e-02
4262.3462 8.2682e-02
4263.6250 8.6257e-02
4264.9043 6.7845e-02
4266.1841 8.8781e-02
4267.4639 8.8748e-02
4268.7432 7.0546e-02
4270.0244 7.8921e-02
4271.3052 7.5392e-02
4272.5869 8.4466e-02
4273.8682 8.0806e-02
4275.1509 6.7125e-02
4276.4336 6.9143e-02
4277.7163 6.6799e-02
4278.9995 1.1068e-01
4280.2837 8.9376e-02
4281.5674 9.6471e-02
4282.8521 8.4240e-02
4284.1367 9.4403e-02
4285.4219 7.1306e-02
4286.7075 7.1243e-02
4287.9937 8.8143e-02
4289.2798 9.8173e-02
4290.5669 9.1591e-02
4291.8540 9.0913e-02
4293.1416 9.1642e-02
4294.4292 7.7875e-02
4295.7183 8.6210e-02
4297.0063 7.8827e-02
4298.2954 8.0757e-02
4299.5854 8.2534e-02
4300.8750 8.3984e-02
4302.1650 9.0964e-02
4303.4561 9.2686e-02
4304.7471 7.4277e-02
4306.0381 9.1726e-02
4307.3301 9.9442e-02
4308.6221 8.6621e-02
4309.9150 9.0341e-02
4311.2075 9.6144e-02
4312.5015 9.3153e-02
4313.7949 9.5551e-02
4315.0889 7.4187e-02
4316.3838 9.4665e-02
4317.6787 8.7794e-02
4318.9741 1.0511e-01
4320.2700 9.4542e-02
4321.5654 8.8165e-02
4322.8623 8.6196e-02
4324.1592 9.9689e-02
4325.4565 8.5863e-02
4326.7539 7.0860e-02
4328.0518 1.0221e-01
4329.3501 8.3724e-02
4330.6494 1.0111e-01
4331.9482 9.6275e-02
4333.2480 1.0171e-01
4334.5479 1.2192e-01
4335.8477 9.9661e-02
4337.1489 9.6893e-02
4338.4502 1.2546e-01
4339.7515 1.1582e-01
4341.0537 9.3962e-02
4342.3560 1.0075e-01
4343.6582 1.2148e-01
4344.9614 9.9121e-02
4346.2646 1.0191e-01
4347.5693 1.1827e-01
4348.8735 9.8477e-02
4350.1782 1.2973e-01
4351.4829 1.1522e-01
4352.7886 1.2282e-01
4354.0938 1.2782e-01
4355.4009 1.2188e-01
4356.7070 1.1368e-01
4358.0137 1.2108e-01
4359.3218 1.1719e-01
4360.6294 1.0807e-01
4361.9375 1.2948e-01
4363.2461 1.2953e-01
4364.5552 1.2529e-01
4365.8643 1.2725e-01
4367.1743 1.3530e-01
4368.4844 1.3408e-01
4369.7954 1.2796e-01
4371.1060 1.2336e-01
4372.4170 1.4249e-01
4373.7285 1.4700e-01
4375.0415 1.3703e-01
4376.3540 1.4720e-01
4377.6665 1.7837e-01
4378.9800 1.3912e-01
4380.2935 1.6462e-01
4381.6074 1.4384e-01
4382.9219 1.5517e-01
4384.2363 1.3824e-01
4385.5522 1.6953e-01
4386.8677 1.6489e-01
4388.1841 1.5304e-01
4389.5010 1.5551e-01
4390.8169 1.8453e-01
4392.1343 1.5605e-01
4393.4521 1.4820e-01
4394.7700 1.6171e-01
4396.0884 1.7591e-01
4397.4077 1.7622e-01
4398.7266 1.7143e-01
4400.0464 1.7741e-01
4401.3667 1.6286e-01
4402.6870 1.5523e-01
4404.0073 1.8649e-01
4405.3291 1.9598e-01
4406.6504 1.7625e-01
4407.9722 1.7962e-01
4409.2944 1.9708e-01
4410.6172 2.0861e-01
4411.9404 1.8307e-01
4413.2642 1.6400e-01
4414.5879 1.8325e-01
4415.9126 2.1090e-01
4417.2373 1.9211e-01
4418.5625 1.9064e-01
4419.8882 1.7781e-01
4421.2139 2.0999e-01
4422.5405 2.0957e-01
4423.8672 2.1655e-01
4425.1938 2.3059e-01
4426.5220 2.1332e-01
4427.8496 2.1738e-01
4429.1787 2.1340e-01
4430.5063 2.0938e-01
4431.8364 2.0176e-01
4433.1655 2.2112e-01
4434.4956 2.2385e-01
4435.8262 2.3294e-01
4437.1567 2.4650e-01
4438.4878 2.3343e-01
4439.8193 2.1243e-01
4441.1514 2.2272e-01
4442.4834 2.2958e-01
4443.8164 2.4471e-01
4445.1494 2.4310e-01
4446.4829 2.2568e-01
4447.8169 2.3326e-01
4449.1514 2.4656e-01
4450.4863 2.2999e-01
4451.8213 2.1706e-01
4453.1567 2.7725e-01
4454.4927 2.4181e-01
4455.8291 2.6525e-01
4457.1660 2.4127e-01
4458.5029 2.3145e-01
4459.8403 2.2364e-01
4461.1787 2.6316e-01
4462.5171 2.6732e-01
4463.8555 2.3758e-01
4465.1948 2.6344e-01
4466.5347 2.7565e-01
4467.8740 2.3691e-01
4469.2144 2.3336e-01
4470.5552 2.4684e-01
4471.8970 2.5181e-01
4473.2383 2.5669e-01
4474.5806 2.4212e-01
4475.9229 2.4580e-01
4477.2651 2.6502e-01
4478.6084 2.2827e-01
4479.9521 2.5153e-01
4481.2959 2.3378e-01
4482.6406 2.9183e-01
4483.9854 2.7952e-01
4485.3306 2.5975e-01
4486.6763 2.4032e-01
4488.0220 2.5841e-01
4489.3682 2.9058e-01
4490.7153 2.5741e-01
4492.0620 3.0997e-01
4493.4102 2.7322e-01
4494.7578 2.7945e-01
4496.1069 2.6766e-01
4497.4556 2.9421e-01
4498.8047 2.7335e-01
4500.1543 3.0800e-01
4501.5044 2.7008e-01
4502.8550 2.7585e-01
4504.2056 2.5437e-01
4505.5566 2.6833e-01
4506.9082 2.8300e-01
4508.2607 2.7481e-01
4509.6133 2.6027e-01
4510.9658 2.9887e-01
4512.3193 3.1549e-01
4513.6729 2.5260e-01
4515.0273 3.2423e-01
4516.3818 2.6512e-01
4517.7363 3.0013e-01
4519.0918 2.9428e-01
4520.4473 2.7598e-01
4521.8037 2.8058e-01
4523.1606 2.6137e-01
4524.5171 2.9063e-01
4525.8750 3.1224e-01
4527.2324 2.7173e-01
4528.5903 2.7605e-01
4529.9492 2.6855e-01
4531.3081 2.9724e-01
4532.6675 2.4341e-01
4534.0269 3.0023e-01
4535.3872 3.0479e-01
4536.7480 2.7989e-01
4538.1094 2.7111e-01
4539.4702 3.0248e-01
4540.8320 2.7741e-01
4542.1943 2.8159e-01
4543.5576 2.9155e-01
4544.9199 2.8770e-01
4546.2842 2.8830e-01
4547.6475 3.0030e-01
4549.0117 2.8555e-01
4550.3770 2.6164e-01
4551.7417 2.8208e-01
4553.1074 3.1507e-01
4554.4731 2.6876e-01
4555.8398 2.8084e-01
4557.2061 2.9673e-01
4558.5732 2.4686e-01
4559.9414 3.0744e-01
4561.3086 2.8662e-01
4562.6772 3.0346e-01
4564.0459 2.8047e-01
4565.4150 2.7630e-01
4566.7852 3.1470e-01
4568.1553 2.8534e-01
4569.5249 2.9984e-01
4570.8965 2.6728e-01
4572.2676 2.5940e-01
4573.6392 2.6341e-01
4575.0117 2.7445e-01
4576.3838 2.7340e-01
4577.7568 2.7678e-01
4579.1304 2.4612e-01
4580.5039 2.9892e-01
4581.8784 2.5988e-01
4583.2524 2.6207e-01
4584.6274 2.6709e-01
4586.0029 2.9912e-01
4587.3789 2.6217e-01
4588.7549 2.6511e-01
4590.1318 2.5063e-01
4591.5083 3.0286e-01
4592.8857 2.7309e-01
4594.2642 2.9619e-01
4595.6426 2.8610e-01
4597.0210 2.4623e-01
4598.3999 2.9321e-01
4599.7798 2.6508e-01
4601.1597 2.5665e-01
4602.5396 2.6515e-01
4603.9204 2.3291e-01
4605.3022 2.5286e-01
4606.6836 2.6865e-01
4608.0649 2.9001e-01
4609.4478 2.8381e-01
4610.8306 2.4052e-01
4612.2144 2.8823e-01
4613.5977 2.5974e-01
4614.9819 2.5743e-01
4616.3662 2.7232e-01
4617.7515 2.6521e-01
4619.1362 2.2499e-01
4620.5225 2.5185e-01
4621.9082 2.8066e-01
4623.2949 2.7521e-01
4624.6816 2.6462e-01
4626.0693 2.9392e-01
4627.4570 2.3254e-01
4628.8457 2.6904e-01
4630.2334 2.7015e-01
4631.6230 2.3850e-01
4633.0127 2.3739e-01
4634.4028 2.4473e-01
4635.7935 2.6716e-01
4637.1831 2.7355e-01
4638.5742 2.8873e-01
4639.9658 2.6319e-01
4641.3579 2.5747e-01
4642.7505 2.3157e-01
4644.1436 2.6551e-01
4645.5371 2.2462e-01
4646.9307 2.3973e-01
4648.3247 2.6763e-01
4649.7188 2.1952e-01
4651.1138 2.7319e-01
4652.5093 2.7196e-01
4653.9048 2.5638e-01
4655.3018 2.4178e-01
4656.6978 2.5159e-01
4658.0947 2.9196e-01
4659.4922 2.3779e-01
4660.8896 2.2430e-01
4662.2886 2.6830e-01
4663.6865 2.6702e-01
4665.0859 2.8170e-01
4666.4854 2.0716e-01
4667.8853 2.4414e-01
4669.2861 2.5310e-01
4670.6870 2.3782e-01
4672.0874 2.7589e-01
4673.4897 2.5144e-01
4674.8916 2.3400e-01
4676.2944 2.2768e-01
4677.6968 2.3293e-01
4679.1006 2.1905e-01
4680.5039 2.5521e-01
4681.9082 2.4202e-01
4683.3125 2.3073e-01
4684.7173 2.7423e-01
4686.1230 2.2562e-01
4687.5288 2.3070e-01
4688.9351 2.4256e-01
4690.3423 2.2974e-01
4691.7490 2.5109e-01
4693.1562 2.4936e-01
4694.5645 2.4692e-01
4695.9731 2.1982e-01
4697.3818 2.4428e-01
4698.7910 2.3186e-01
4700.2002 2.3555e-01
4701.6104 2.2041e-01
4703.0205 2.0948e-01
4704.4316 2.4005e-01
4705.8433 2.3076e-01
4707.2549 2.2468e-01
4708.6670 2.2229e-01
4710.0796 2.0424e-01
4711.4927 2.3012e-01
4712.9058 2.4142e-01
4714.3203 2.4219e-01
4715.7344 1.9973e-01
4717.1494 2.1123e-01
4718.5645 2.0167e-01
4719.9800 2.2895e-01
4721.3955 2.1392e-01
4722.8120 1.8391e-01
4724.2290 2.0237e-01
4725.6460 2.3707e-01
4727.0645 1.8716e-01
4728.4824 2.1221e-01
4729.9004 2.0521e-01
4731.3198 2.0855e-01
4732.7388 2.0775e-01
4734.1587 2.1544e-01
4735.5791 1.8970e-01
4737.0000 1.9897e-01
4738.4209 2.0005e-01
4739.8428 1.8155e-01
4741.2646 2.0893e-01
4742.6870 2.0394e-01
4744.1094 2.0350e-01
4745.5327 2.1701e-01
4746.9565 1.9947e-01
4748.3804 2.1005e-01
4749.8052 1.6663e-01
4751.2300 1.8005e-01
4752.6548 2.1178e-01
4754.0811 2.0169e-01
4755.5078 1.8936e-01
4756.9341 2.0222e-01
4758.3608 1.7650e-01
4759.7886 1.8545e-01
4761.2168 1.9093e-01
4762.6445 1.9548e-01
4764.0737 2.0533e-01
4765.5029 1.9831e-01
4766.9326 1.9269e-01
4768.3628 1.9855e-01
4769.7930 1.8975e-01
4771.2236 2.0182e-01
4772.6553 1.9617e-01
4774.0869 1.6726e-01
4775.5190 1.8383e-01
4776.9521 2.3064e-01
4778.3853 1.7941e-01
4779.8184 2.1660e-01
4781.2524 1.8715e-01
4782.6870 1.8782e-01
4784.1226 1.8209e-01
4785.5571 1.6664e-01
4786.9927 2.0523e-01
4788.4292 1.9388e-01
4789.8652 1.9819e-01
4791.3022 1.5779e-01
4792.7397 1.7689e-01
4794.1777 1.7996e-01
4795.6152 1.8508e-01
4797.0542 1.7535e-01
4798.4937 1.8706e-01
4799.9331 1.8262e-01
4801.3735 1.5819e-01
4802.8140 1.6996e-01
4804.2544 1.6584e-01
4805.6958 1.6915e-01
4807.1377 1.7530e-01
4808.5796 1.9402e-01
4810.0220 1.8372e-01
4811.4653 1.8728e-01
4812.9087 1.6580e-01
4814.3525 1.6218e-01
4815.7969 1.7575e-01
4817.2417 1.5892e-01
4818.6865 1.7202e-01
4820.1328 1.4006e-01
4821.5786 1.4073e-01
4823.0249 1.3934e-01
4824.4717 1.6338e-01
4825.9189 1.7473e-01
4827.3667 1.6741e-01
4828.8149 1.4400e-01
4830.2637 1.7600e-01
4831.7124 1.6087e-01
4833.1621 1.4996e-01
4834.6118 1.7122e-01
4836.0620 1.7463e-01
4837.5137 1.3590e-01
4838.9644 1.6639e-01
4840.4165 1.2309e-01
4841.8687 1.4967e-01
4843.3208 1.4127e-01
4844.7739 1.4150e-01
4846.2275 1.6428e-01
4847.6812 1.3332e-01
4849.1357 1.4568e-01
4850.5903 1.7455e-01
4852.0454 1.4460e-01
4853.5015 1.4676e-01
4854.9575 1.5596e-01
4856.4136 1.5609e-01
4857.8706 1.3026e-01
4859.3281 1.3910e-01
4860.7861 1.2403e-01
4862.2437 1.4735e-01
4863.7026 1.6095e-01
4865.1621 1.5100e-01
4866.6211 1.4300e-01
4868.0815 1.6352e-01
4869.5420 1.3779e-01
4871.0024 1.3022e-01
4872.4639 1.3240e-01
4873.9263 1.5508e-01
4875.3877 1.6356e-01
4876.8506 1.5206e-01
4878.3135 1.3919e-01
4879.7773 1.5000e-01
4881.2412 1.3720e-01
4882.7051 1.1326e-01
4884.1704 1.3251e-01
4885.6357 1.4226e-01
4887.1011 1.3252e-01
4888.5674 1.5502e-01
4890.0337 1.5828e-01
4891.5010 1.3581e-01
4892.9683 1.1937e-01
4894.4360 1.3318e-01
4895.9043 1.5253e-01
4897.3730 1.5600e-01
4898.8423 1.2595e-01
4900.3120 1.2497e-01
4901.7827 1.2451e-01
4903.2529 1.4845e-01
4904.7231 1.3355e-01
4906.1953 1.4331e-01
4907.6675 1.3243e-01
4909.1392 1.3798e-01
4910.6123 1.1935e-01
4912.0854 1.3062e-01
4913.5586 1.0985e-01
4915.0332 1.2939e-01
4916.5073 1.2534e-01
4917.9819 1.2068e-01
4919.4575 1.1694e-01
4920.9331 1.2360e-01
4922.4097 1.1992e-01
4923.8872 1.2621e-01
4925.3638 1.3764e-01
4926.8418 1.0654e-01
4928.3188 1.3227e-01
4929.7979 1.1759e-01
4931.2769 1.2951e-01
4932.7563 1.0754e-01
4934.2358 1.1423e-01
4935.7168 1.0978e-01
4937.1963 1.0796e-01
4938.6782 1.2333e-01
4940.1597 1.3668e-01
4941.6416 1.1499e-01
4943.1250 1.1350e-01
4944.6069 1.1201e-01
4946.0908 1.2171e-01
4947.5752 1.0659e-01
4949.0586 1.0426e-01
4950.5435 1.0557e-01
4952.0278 1.1979e-01
4953.5142 9.3439e-02
4955.0010 1.3457e-01
4956.4873 1.0246e-01
4957.9741 1.1954e-01
4959.4614 1.0927e-01
4960.9492 1.1305e-01
4962.4370 1.4109e-01
4963.9258 1.0226e-01
4965.4150 1.1812e-01
4966.9048 1.2130e-01
4968.3945 1.2162e-01
4969.8853 1.0990e-01
4971.3765 1.1698e-01
4972.8677 1.1286e-01
4974.3599 1.1571e-01
4975.8521 1.1486e-01
4977.3447 1.0721e-01
4978.8379 1.1902e-01
4980.3315 1.2816e-01
4981.8257 1.2907e-01
4983.3203 1.3040e-01
4984.8159 1.2059e-01
4986.3105 1.3237e-01
4987.8066 1.3837e-01
4989.3027 1.4004e-01
4990.7998 1.2383e-01
4992.2974 1.3273e-01
4993.7939 1.3696e-01
4995.2930 1.2427e-01
4996.7915 1.1398e-01
4998.2905 1.1342e-01
4999.7896 1.4563e-01
5001.2896 1.5465e-01
5002.7900 1.3653e-01
5004.2915 1.3810e-01
5005.7925 1.2760e-01
5007.2944 1.2913e-01
5008.7964 1.2425e-01
5010.2993 1.3149e-01
5011.8022 1.5117e-01
5013.3057 1.2619e-01
5014.8101 1.2691e-01
5016.3145 1.4541e-01
5017.8184 1.2127e-01
5019.3247 1.2788e-01
5020.8301 1.4612e-01
5022.3359 1.4107e-01
5023.8428 1.2522e-01
5025.3496 1.1956e-01
5026.8579 1.3420e-01
5028.3657 1.2601e-01
5029.8740 1.0509e-01
5031.3828 1.8215e-01
5032.8926 1.1986e-01
5034.4023 1.3265e-01
5035.9131 1.2056e-01
5037.4233 1.3233e-01
5038.9346 1.1973e-01
5040.4463 1.3388e-01
5041.9585 1.5358e-01
5043.4712 1.3703e-01
5044.9839 1.5368e-01
5046.4980 1.6343e-01
5048.0112 1.1953e-01
5049.5259 1.3258e-01
5051.0415 1.6514e-01
5052.5562 1.3635e-01
5054.0723 1.4900e-01
5055.5884 1.5444e-01
5057.1045 1.4545e-01
5058.6221 1.1509e-01
5060.1401 1.3643e-01
5061.6577 1.4784e-01
5063.1763 1.1856e-01
5064.6953 1.2693e-01
5066.2144 1.3956e-01
5067.7339 1.6435e-01
5069.2549 1.4680e-01
5070.7759 1.5692e-01
5072.2969 1.3439e-01
5073.8188 1.4982e-01
5075.3403 1.3851e-01
5076.8628 1.5737e-01
5078.3867 1.4247e-01
5079.9097 1.3696e-01
5081.4336 1.1567e-01
5082.9580 1.4853e-01
5084.4829 1.3118e-01
5086.0083 1.3105e-01
5087.5342 1.2633e-01
5089.0605 1.3324e-01
5090.5874 1.7210e-01
5092.1143 1.5261e-01
5093.6421 1.1130e-01
5095.1699 1.3824e-01
5096.6987 1.3787e-01
5098.2275 1.4264e-01
5099.7573 1.5887e-01
5101.2871 1.3608e-01
5102.8179 1.4223e-01
5104.3481 1.3180e-01
5105.8799 1.7016e-01
5107.4111 1.4743e-01
5108.9438 1.4242e-01
5110.4761 1.3987e-01
5112.0093 1.3893e-01
5113.5435 1.4309e-01
5115.0771 1.6424e-01
5116.6118 1.4416e-01
5118.1470 1.3505e-01
5119.6816 1.2859e-01
5121.2183 1.4786e-01
5122.7544 1.2083e-01
5124.2910 1.4625e-01
5125.8286 1.3309e-01
5127.3667 1.5375e-01
5128.9043 1.3057e-01
5130.4429 1.5153e-01
5131.9824 1.5939e-01
5133.5220 1.4753e-01
5135.0615 1.5330e-01
5136.6021 1.2623e-01
5138.1436 1.5735e-01
5139.6846 1.5019e-01
5141.2266 1.5055e-01
5142.7690 1.7045e-01
5144.3125 1.6226e-01
5145.8550 1.4043e-01
5147.3989 1.3916e-01
5148.9429 1.8964e-01
5150.4883 1.2786e-01
5152.0332 1.5224e-01
5153.5781 1.4966e-01
5155.1245 1.6078e-01
5156.6714 1.5552e-01
5158.2178 1.5440e-01
5159.7656 1.5771e-01
5161.3130 1.3835e-01
5162.8618 1.5987e-01
5164.4106 1.5389e-01
5165.9604 1.7347e-01
5167.5098 1.5283e-01
5169.0605 1.6241e-01
5170.6108 1.6298e-01
5172.1621 1.6315e-01
5173.7139 1.6182e-01
5175.2656 1.5163e-01
5176.8188 1.5680e-01
5178.3711 1.4395e-01
5179.9253 1.6174e-01
5181.4790 1.3915e-01
5183.0337 1.4271e-01
5184.5884 1.5524e-01
5186.1436 1.4634e-01
5187.6992 1.7573e-01
5189.2559 1.4545e-01
5190.8130 1.7568e-01
5192.3696 1.5452e-01
5193.9277 1.3257e-01
5195.4858 1.6769e-01
5197.0439 1.6703e-01
5198.6035 1.5104e-01
5200.1636 1.4763e-01
5201.7231 1.4623e-01
5203.2837 1.4672e-01
5204.8447 1.5045e-01
5206.4058 1.4577e-01
5207.9683 1.4765e-01
5209.5303 1.5733e-01
5211.0933 1.5625e-01
5212.6567 1.4484e-01
5214.2202 1.4387e-01
5215.7847 1.7193e-01
5217.3496 1.8316e-01
5218.9150 1.5352e-01
5220.4800 1.6829e-01
5222.0464 1.5448e-01
5223.6128 1.5479e-01
5225.1802 1.6343e-01
5226.7480 1.6451e-01
5228.3154 1.5081e-01
5229.8843 1.6634e-01
5231.4526 1.7043e-01
5233.0225 1.7642e-01
5234.5928 1.6563e-01
5236.1626 1.6477e-01
5237.7339 1.1184e-01
5239.3052 1.4172e-01
5240.8770 1.4949e-01
5242.4492 1.4014e-01
5244.0220 1.4960e-01
5245.5947 1.5461e-01
5247.1689 1.6264e-01
5248.7422 1.4618e-01
5250.3174 1.4043e-01
5251.8921 1.5414e-01
5253.4678 1.7446e-01
5255.0439 1.4599e-01
5256.6211 1.5727e-01
5258.1978 1.5110e-01
5259.7749 1.5684e-01
5261.3530 1.5011e-01
5262.9312 1.5091e-01
5264.5098 1.6737e-01
5266.0898 1.8166e-01
5267.6694 1.4408e-01
5269.2495 1.5576e-01
5270.8311 1.6370e-01
5272.4116 1.4572e-01
5273.9941 1.7008e-01
5275.5757 1.6132e-01
5277.1587 1.5231e-01
5278.7422 1.6186e-01
5280.3252 1.6260e-01
5281.9092 1.5662e-01
5283.4937 1.5837e-01
5285.0786 1.8158e-01
5286.6641 1.5910e-01
5288.2500 1.7127e-01
5289.8369 1.4668e-01
5291.4238 1.6850e-01
5293.0117 1.5113e-01
5294.5996 1.7061e-01
5296.1870 1.6146e-01
5297.7764 1.7112e-01
5299.3662 1.6832e-01
5300.9561 1.7874e-01
5302.5459 1.4849e-01
5304.1367 1.4292e-01
5305.7280 1.6659e-01
5307.3188 1.6579e-01
5308.9116 1.5849e-01
5310.5044 1.4557e-01
5312.0977 1.3305e-01
5313.6919 1.5303e-01
5315.2856 1.4442e-01
5316.8799 1.3692e-01
5318.4751 1.1570e-01
5320.0708 1.1373e-01
5321.6665 1.4098e-01
5323.2632 1.5000e-01
5324.8604 1.4922e-01
5326.4575 1.2369e-01
5328.0557 1.4825e-01
5329.6533 1.4395e-01
5331.2534 1.1032e-01
5332.8516 1.3108e-01
5334.4517 1.4895e-01
5336.0522 1.3288e-01
5337.6533 1.2274e-01
5339.2544 1.2965e-01
5340.8560 1.2082e-01
5342.4585 1.3208e-01
5344.0605 1.1399e-01
5345.6646 1.2011e-01
5347.2681 1.3122e-01
5348.8726 1.0984e-01
5350.4771 1.2687e-01
5352.0825 1.4017e-01
5353.6875 1.3479e-01
5355.2944 1.3048e-01
5356.9009 1.1779e-01
5358.5073 1.1183e-01
5360.1152 1.3665e-01
5361.7236 1.1553e-01
5363.3315 1.1745e-01
5364.9404 1.2211e-01
5366.5503 1.0404e-01
5368.1602 1.1849e-01
5369.7705 1.3439e-01
5371.3813 1.1983e-01
5372.9932 1.2835e-01
5374.6050 1.1027e-01
5376.2173 1.3224e-01
5377.8301 1.6341e-01
5379.4434 1.2371e-01
5381.0576 1.0397e-01
5382.6714 1.0655e-01
5384.2861 1.4314e-01
5385.9014 1.1114e-01
5387.5171 1.2521e-01
5389.1343 1.1533e-01
5390.7505 1.2113e-01
5392.3677 1.3156e-01
5393.9858 1.1179e-01
5395.6035 1.2844e-01
5397.2222 1.2929e-01
5398.8413 1.4792e-01
5400.4609 1.1823e-01
5402.0811 1.1195e-01
5403.7017 1.2042e-01
5405.3228 1.1555e-01
5406.9448 9.5548e-02
5408.5659 1.3152e-01
5410.1890 1.0921e-01
5411.8115 1.2932e-01
5413.4360 1.3193e-01
5415.0596 1.2747e-01
5416.6841 1.2505e-01
5418.3096 1.1873e-01
5419.9351 1.1359e-01
5421.5605 1.3381e-01
5423.1875 1.1754e-01
5424.8145 1.2032e-01
5426.4414 1.0647e-01
5428.0693 1.5589e-01
5429.6982 1.2847e-01
5431.3271 1.1345e-01
5432.9565 1.3032e-01
5434.5859 1.2587e-01
5436.2163 1.0070e-01
5437.8472 1.1686e-01
5439.4785 1.0276e-01
5441.1104 1.2401e-01
5442.7427 1.1277e-01
5444.3760 1.2441e-01
5446.0098 1.1897e-01
5447.6431 1.3058e-01
5449.2778 1.2306e-01
5450.9121 1.1412e-01
5452.5474 1.1545e-01
5454.1826 9.5172e-02
5455.8193 1.3465e-01
5457.4565 1.4120e-01
5459.0933 1.3310e-01
5460.7310 1.3093e-01
5462.3696 1.3385e-01
5464.0073 1.2176e-01
5465.6475 1.2456e-01
5467.2871 1.2030e-01
5468.9272 1.2411e-01
5470.5674 1.2085e-01
5472.2090 1.0289e-01
5473.8506 1.4364e-01
5475.4927 1.2136e-01
5477.1353 1.0238e-01
5478.7783 1.0380e-01
5480.4224 1.3084e-01
5482.0659 1.4375e-01
5483.7104 1.3508e-01
5485.3560 1.3656e-01
5487.0010 1.0566e-01
5488.6475 1.2038e-01
5490.2944 1.0935e-01
5491.9414 1.0718e-01
5493.5889 1.2314e-01
5495.2368 1.2190e-01
5496.8857 1.2528e-01
5498.5342 1.2484e-01
5500.1841 1.2382e-01
5501.8340 1.1481e-01
5503.4849 1.0475e-01
5505.1357 1.2414e-01
5506.7871 1.2285e-01
5508.4395 1.1616e-01
5510.0923 8.8513e-02
5511.7451 1.2175e-01
5513.3984 1.0992e-01
5515.0522 1.4119e-01
5516.7070 1.3316e-01
5518.3623 1.2127e-01
5520.0176 1.0076e-01
5521.6733 1.0339e-01
5523.3301 9.3516e-02
5524.9868 1.1061e-01
5526.6450 1.0680e-01
5528.3027 1.0119e-01
5529.9609 1.0447e-01
5531.6201 1.0408e-01
5533.2793 1.0435e-01
5534.9395 1.1078e-01
5536.5996 9.4680e-02
5538.2607 1.0463e-01
5539.9229 9.3925e-02
5541.5840 9.0203e-02
5543.2466 1.1738e-01
5544.9102 1.0597e-01
5546.5728 1.0117e-01
5548.2373 8.8342e-02
5549.9019 9.0488e-02
5551.5664 1.1301e-01
5553.2324 1.1483e-01
5554.8984 1.0630e-01
5556.5645 9.9654e-02
5558.2310 1.0265e-01
5559.8989 1.0773e-01
5561.5669 1.0372e-01
5563.2354 1.1656e-01
5564.9043 1.0513e-01
5566.5732 1.0220e-01
5568.2437 1.1228e-01
5569.9150 1.0523e-01
5571.5854 1.0754e-01
5573.2568 1.0555e-01
5574.9287 9.5541e-02
5576.6011 1.1666e-01
5578.2739 1.0539e-01
5579.9482 1.0935e-01
5581.6216 1.0611e-01
5583.2959 1.3619e-01
5584.9717 1.1858e-01
5586.6470 1.3370e-01
5588.3223 1.2378e-01
5589.9990 1.2659e-01
5591.6763 1.2045e-01
5593.3535 1.1647e-01
5595.0317 1.0906e-01
5596.7104 1.1254e-01
5598.3892 1.4414e-01
5600.0688 1.1946e-01
5601.7490 1.3977e-01
5603.4292 1.0262e-01
5605.1104 1.3247e-01
5606.7915 1.0318e-01
5608.4741 1.3676e-01
5610.1562 1.1941e-01
5611.8394 1.3072e-01
5613.5234 1.2373e-01
5615.2075 1.3482e-01
5616.8916 1.2995e-01
5618.5767 1.3035e-01
5620.2627 1.2448e-01
5621.9482 1.2236e-01
5623.6348 1.5293e-01
5625.3218 1.3048e-01
5627.0098 1.0935e-01
5628.6982 1.2301e-01
5630.3867 1.5030e-01
5632.0757 1.2456e-01
5633.7651 1.3316e-01
5635.4551 1.3461e-01
5637.1460 1.4028e-01
5638.8369 1.2581e-01
5640.5283 1.8104e-01
5642.2207 1.2175e-01
5643.9141 1.4672e-01
5645.6069 1.4014e-01
5647.3003 1.4475e-01
5648.9946 1.5195e-01
5650.6895 1.4367e-01
5652.3848 1.3452e-01
5654.0801 1.3194e-01
5655.7759 1.5336e-01
5657.4736 1.2953e-01
5659.1709 1.7873e-01
5660.8682 1.4148e-01
5662.5664 1.2649e-01
5664.2651 1.3666e-01
5665.9644 1.5318e-01
5667.6641 1.5265e-01
5669.3647 1.3227e-01
5671.0649 1.2616e-01
5672.7666 1.4181e-01
5674.4688 1.6007e-01
5676.1709 1.6641e-01
5677.8740 1.5887e-01
5679.5771 1.3897e-01
5681.2812 1.4373e-01
5682.9858 1.4367e-01
5684.6899 1.4210e-01
5686.3950 1.4559e-01
5688.1021 1.3376e-01
5689.8076 1.3499e-01
5691.5146 1.3726e-01
5693.2222 1.3155e-01
5694.9302 1.3681e-01
5696.6382 1.5382e-01
5698.3477 1.3315e-01
5700.0571 1.5347e-01
5701.7671 1.4659e-01
5703.4775 1.4425e-01
5705.1885 1.3462e-01
5706.9004 1.4360e-01
5708.6123 1.4509e-01
5710.3252 1.3172e-01
5712.0381 1.5483e-01
5713.7524 1.4026e-01
5715.4663 1.5223e-01
5717.1812 1.4343e-01
5718.8955 1.4843e-01
5720.6118 1.4658e-01
5722.3271 1.3189e-01
5724.0444 1.5295e-01
5725.7617 1.4374e-01
5727.4795 1.3384e-01
5729.1973 1.6556e-01
5730.9165 1.5394e-01
5732.6353 1.3732e-01
5734.3550 1.6755e-01
5736.0757 1.4787e-01
5737.7969 1.3534e-01
5739.5176 1.6329e-01
5741.2397 1.5078e-01
5742.9624 1.5721e-01
5744.6851 1.3207e-01
5746.4082 1.3522e-01
5748.1323 1.7338e-01
5749.8569 1.6054e-01
5751.5815 1.3752e-01
5753.3076 1.5054e-01
5755.0332 1.5761e-01
5756.7593 1.5021e-01
5758.4863 1.4112e-01
5760.2144 1.6151e-01
5761.9424 1.2798e-01
5763.6709 1.6226e-01
5765.3999 1.5621e-01
5767.1294 1.6377e-01
5768.8594 1.5786e-01
5770.5908 1.4621e-01
5772.3213 1.5044e-01
5774.0527 1.3145e-01
5775.7856 1.5338e-01
5777.5181 1.5094e-01
5779.2515 1.3079e-01
5780.9844 1.3306e-01
5782.7192 1.5904e-01
5784.4546 1.3136e-01
5786.1899 1.5349e-01
5787.9253 1.4233e-01
5789.6626 1.6036e-01
5791.3984 1.2998e-01
5793.1362 1.0651e-01
5794.8745 1.1382e-01
5796.6123 1.3531e-01
5798.3516 1.2634e-01
5800.0913 1.3217e-01
5801.8306 1.1891e-01
5803.5713 1.2809e-01
5805.3125 1.5007e-01
5807.0537 1.0972e-01
5808.7964 1.3578e-01
5810.5391 1.2579e-01
5812.2822 1.2101e-01
5814.0259 1.3877e-01
5815.7700 1.1703e-01
5817.5151 1.1478e-01
5819.2598 1.0750e-01
5821.0059 1.0721e-01
5822.7524 1.0933e-01
5824.4990 1.3219e-01
5826.2461 1.1470e-01
5827.9937 1.2671e-01
5829.7427 1.1987e-01
5831.4912 1.2460e-01
5833.2407 1.2210e-01
5834.9912 1.2007e-01
5836.7417 1.3573e-01
5838.4922 1.1742e-01
5840.2446 1.0979e-01
5841.9961 1.1031e-01
5843.7490 1.0545e-01
5845.5020 1.2337e-01
5847.2559 1.2178e-01
5849.0103 1.1613e-01
5850.7642 1.2428e-01
5852.5195 1.0626e-01
5854.2754 1.1196e-01
5856.0317 1.0702e-01
5857.7881 1.1366e-01
5859.5454 9.7062e-02
5861.3032 1.0783e-01
5863.0625 1.1858e-01
5864.8208 1.0567e-01
5866.5806 1.1015e-01
5868.3403 1.2044e-01
5870.1006 1.2353e-01
5871.8618 1.1128e-01
5873.6230 1.1455e-01
5875.3857 1.1975e-01
5877.1479 1.0803e-01
5878.9111 1.1416e-01
5880.6748 9.3011e-02
5882.4390 1.0703e-01
5884.2036 1.2272e-01
5885.9692 1.0589e-01
5887.7349 1.0168e-01
5889.5010 1.0428e-01
5891.2676 1.1602e-01
5893.0356 1.1385e-01
5894.8032 9.7632e-02
5896.5718 1.1474e-01
5898.3408 1.0718e-01
5900.1108 9.6180e-02
5901.8804 1.0980e-01
5903.6509 1.0580e-01
5905.4219 1.2468e-01
5907.1938 1.0993e-01
5908.9663 1.2817e-01
5910.7383 1.0930e-01
5912.5112 1.3035e-01
5914.2856 1.2215e-01
5916.0601 1.2188e-01
5917.8345 1.2994e-01
5919.6099 1.0958e-01
5921.3857 1.0058e-01
5923.1621 1.2289e-01
5924.9395 1.0656e-01
5926.7163 1.1759e-01
5928.4946 1.4390e-01
5930.2729 1.2404e-01
5932.0522 1.1001e-01
5933.8315 1.4956e-01
5935.6123 1.2524e-01
5937.3926 1.1841e-01
5939.1738 1.1931e-01
5940.9556 1.1394e-01
5942.7383 1.1466e-01
5944.5210 1.2281e-01
5946.3042 1.1333e-01
5948.0879 1.3007e-01
5949.8726 1.0991e-01
5951.6572 1.0863e-01
5953.4434 1.4619e-01
5955.2290 1.1891e-01
5957.0151 1.1674e-01
5958.8022 1.4370e-01
5960.5903 1.0324e-01
5962.3789 1.2967e-01
5964.1670 1.3647e-01
5965.9561 1.1990e-01
5967.7466 1.2822e-01
5969.5366 1.4277e-01
5971.3276 1.2200e-01
5973.1187 1.0605e-01
5974.9106 1.0947e-01
5976.7031 1.3656e-01
5978.4961 1.2956e-01
5980.2900 1.2828e-01
5982.0845 1.2224e-01
5983.8789 1.1552e-01
5985.6729 1.2027e-01
5987.4692 1.3436e-01
5989.2651 1.1649e-01
5991.0620 1.4517e-01
5992.8589 1.2648e-01
5994.6572 9.5830e-02
5996.4556 1.1698e-01
5998.2549 1.3470e-01
6000.0547 1.3077e-01
6001.8545 1.2164e-01
6003.6548 1.0940e-01
6005.4561 1.3495e-01
6007.2578 1.5373e-01
6009.0596 1.3993e-01
6010.8623 1.4234e-01
6012.6660 1.4823e-01
6014.4697 1.1252e-01
6016.2739 1.3453e-01
6018.0786 1.3410e-01
6019.8843 1.1158e-01
6021.6909 1.0145e-01
6023.4966 1.2435e-01
6025.3037 1.1244e-01
6027.1108 1.1611e-01
6028.9199 1.3745e-01
6030.7285 1.0839e-01
6032.5366 1.2766e-01
6034.3472 1.3420e-01
6036.1577 1.3713e-01
6037.9683 1.1684e-01
6039.7793 1.1721e-01
6041.5918 1.0073e-01
6043.4038 1.2142e-01
6045.2173 1.5162e-01
6047.0312 1.1609e-01
6048.8447 1.3556e-01
6050.6592 1.1224e-01
6052.4751 1.3789e-01
6054.2905 9.5308e-02
6056.1069 1.4610e-01
6057.9233 1.4488e-01
6059.7407 1.2536e-01
6061.5586 1.1707e-01
6063.3770 1.2028e-01
6065.1968 1.3495e-01
6067.0161 1.1292e-01
6068.8359 1.1927e-01
6070.6567 1.2110e-01
6072.4785 1.3339e-01
6074.2998 1.1019e-01
6076.1221 1.1064e-01
6077.9448 1.0889e-01
6079.7681 1.1267e-01
6081.5918 1.0494e-01
6083.4160 1.2469e-01
6085.2417 1.3327e-01
6087.0664 1.2410e-01
6088.8936 1.1133e-01
6090.7197 1.1544e-01
6092.5469 1.2404e-01
6094.3745 1.2529e-01
6096.2031 1.1322e-01
6098.0327 1.2746e-01
6099.8613 1.1205e-01
6101.6914 1.1359e-01
6103.5220 1.3348e-01
6105.3530 1.2015e-01
6107.1846 1.2333e-01
6109.0171 1.2270e-01
6110.8496 1.3065e-01
6112.6831 1.0932e-01
6114.5166 1.0925e-01
6116.3511 1.3144e-01
6118.1855 9.7198e-02
6120.0210 1.1783e-01
6121.8574 1.0205e-01
6123.6938 9.5819e-02
6125.5308 1.0983e-01
6127.3687 1.1333e-01
6129.2065 1.0718e-01
6131.0454 1.1869e-01
6132.8843 1.1918e-01
6134.7246 1.1665e-01
6136.5649 9.8003e-02
6138.4062 1.1348e-01
6140.2476 1.0695e-01
6142.0894 1.0012e-01
6143.9316 1.1025e-01
6145.7759 1.0557e-01
6147.6191 1.0249e-01
6149.4634 9.9749e-02
6151.3081 8.6693e-02
6153.1538 9.3760e-02
6155.0000 9.5300e-02
6156.8462 9.8959e-02
6158.6934 8.2524e-02
6160.5410 9.9036e-02
6162.3892 9.3336e-02
6164.2373 9.1947e-02
6166.0869 9.8215e-02
6167.9370 9.4123e-02
6169.7871 9.6821e-02
6171.6387 7.8409e-02
6173.4897 8.9410e-02
6175.3413 8.4111e-02
6177.1938 7.2056e-02
6179.0474 7.3365e-02
6180.9009 9.7503e-02
6182.7549 9.5672e-02
6184.6104 9.1400e-02
6186.4653 6.6202e-02
6188.3213 7.3941e-02
6190.1782 8.1962e-02
6192.0356 8.9509e-02
6193.8931 8.1336e-02
6195.7505 8.1689e-02
6197.6099 5.8693e-02
6199.4688 8.4159e-02
6201.3281 7.8869e-02
6203.1895 6.3840e-02
6205.0498 7.6816e-02
6206.9121 6.0738e-02
6208.7739 6.0962e-02
6210.6367 7.9446e-02
6212.4995 7.9257e-02
6214.3633 5.1135e-02
6216.2275 8.1261e-02
6218.0923 8.1444e-02
6219.9575 7.1276e-02
6221.8237 6.8685e-02
6223.6904 7.3132e-02
6225.5576 6.0881e-02
6227.4258 5.4108e-02
6229.2935 5.6274e-02
6231.1621 6.4282e-02
6233.0317 7.1124e-02
6234.9019 6.8736e-02
6236.7720 6.4805e-02
6238.6431 6.7583e-02
6240.5146 6.1825e-02
6242.3867 6.0463e-02
6244.2598 5.0111e-02
6246.1323 6.1371e-02
6248.0063 6.2157e-02
6249.8813 5.7504e-02
6251.7559 5.8657e-02
6253.6313 6.1599e-02
6255.5073 6.1235e-02
6257.3843 7.2009e-02
6259.2617 6.4695e-02
6261.1392 7.4773e-02
6263.0176 5.6002e-02
6264.8970 6.9272e-02
6266.7759 7.3530e-02
6268.6562 7.5476e-02
6270.5361 7.0593e-02
6272.4180 5.6159e-02
6274.2993 4.9582e-02
6276.1816 7.6882e-02
6278.0645 5.3442e-02
6279.9478 5.7474e-02
6281.8320 7.0567e-02
6283.7168 6.8645e-02
6285.6021 7.6341e-02
6287.4868 7.5579e-02
6289.3740 7.1488e-02
6291.2603 6.9429e-02
6293.1475 6.0511e-02
6295.0352 7.0035e-02
6296.9238 5.8406e-02
6298.8130 7.2498e-02
6300.7026 8.0348e-02
6302.5933 9.0904e-02
6304.4839 8.4100e-02
6306.3755 6.9847e-02
6308.2676 8.2279e-02
6310.1597 8.4711e-02
6312.0527 8.9635e-02
6313.9468 6.2017e-02
6315.8398 8.6912e-02
6317.7349 9.4160e-02
6319.6304 8.0680e-02
6321.5269 6.6729e-02
6323.4233 7.8188e-02
6325.3198 8.1925e-02
6327.2178 8.0130e-02
6329.1157 8.5482e-02
6331.0146 8.3828e-02
6332.9131 7.2494e-02
6334.8140 8.7392e-02
6336.7139 7.7808e-02
6338.6147 7.9531e-02
6340.5166 8.7320e-02
6342.4189 7.2405e-02
6344.3213 9.7486e-02
6346.2246 9.4528e-02
6348.1284 8.4781e-02
6350.0332 7.7578e-02
6351.9380 8.7232e-02
6353.8442 9.2983e-02
6355.7500 1.0017e-01
6357.6572 8.3557e-02
6359.5645 1.0050e-01
6361.4717 8.3376e-02
6363.3804 1.0067e-01
6365.2891 8.2921e-02
6367.1987 8.5058e-02
6369.1089 7.3384e-02
6371.0200 8.5237e-02
6372.9312 9.4175e-02
6374.8428 7.9990e-02
6376.7549 8.7547e-02
6378.6685 8.4721e-02
6380.5820 9.7151e-02
6382.4966 7.8201e-02
6384.4111 8.3053e-02
6386.3257 7.9927e-02
6388.2422 1.0592e-01
6390.1587 9.0964e-02
6392.0752 9.7776e-02
6393.9932 1.1543e-01
6395.9116 7.6334e-02
6397.8301 9.9917e-02
6399.7490 9.4207e-02
6401.6694 9.1494e-02
6403.5898 1.0724e-01
6405.5112 9.2968e-02
6407.4331 9.0621e-02
6409.3545 1.1741e-01
6411.2778 1.0322e-01
6413.2012 8.8889e-02
6415.1250 8.3728e-02
6417.0493 9.7427e-02
6418.9741 8.1587e-02
6420.9004 8.0404e-02
6422.8262 9.7174e-02
6424.7534 9.8968e-02
6426.6812 1.0751e-01
6428.6094 1.2126e-01
6430.5381 8.3318e-02
6432.4668 1.0377e-01
6434.3960 7.7840e-02
6436.3267 7.8437e-02
6438.2578 9.7120e-02
6440.1895 9.7394e-02
6442.1216 1.0850e-01
6444.0537 1.0024e-01
6445.9868 9.9194e-02
6447.9209 1.0055e-01
6449.8550 8.6561e-02
6451.7905 9.2215e-02
6453.7256 8.5578e-02
6455.6621 8.5106e-02
6457.5986 9.6765e-02
6459.5356 7.5271e-02
6461.4741 9.7110e-02
6463.4121 9.1969e-02
6465.3506 9.0235e-02
6467.2905 9.8514e-02
6469.2310 9.9621e-02
6471.1719 9.4859e-02
6473.1128 8.4599e-02
6475.0552 7.4501e-02
6476.9976 8.8705e-02
6478.9409 7.6379e-02
6480.8848 8.8268e-02
6482.8286 9.3451e-02
6484.7739 1.1537e-01
6486.7192 9.6551e-02
6488.6650 1.1118e-01
6490.6113 8.7145e-02
6492.5581 9.1127e-02
6494.5063 9.2923e-02
6496.4546 9.8305e-02
6498.4038 1.0847e-01
6500.3535 9.3840e-02
6502.3032 1.0403e-01
6504.2539 1.0681e-01
6506.2056 8.8179e-02
6508.1572 7.4283e-02
6510.1099 8.1027e-02
6512.0625 1.0198e-01
6514.0166 9.0688e-02
6515.9702 7.0384e-02
6517.9258 9.1797e-02
6519.8809 9.5781e-02
6521.8364 7.7379e-02
6523.7930 9.7965e-02
6525.7505 9.4036e-02
6527.7075 8.4328e-02
6529.6665 6.9969e-02
6531.6255 9.8836e-02
6533.5845 8.6973e-02
6535.5449 8.9679e-02
6537.5054 8.9706e-02
6539.4668 8.6466e-02
6541.4282 8.7453e-02
6543.3911 7.5904e-02
6545.3545 7.7913e-02
6547.3179 6.8476e-02
6549.2817 7.6756e-02
6551.2466 8.2143e-02
6553.2124 8.2801e-02
6555.1777 8.4187e-02
6557.1445 8.2564e-02
6559.1113 7.9159e-02
6561.0796 8.4418e-02
6563.0479 7.5640e-02
6565.0166 8.1676e-02
6566.9863 7.3492e-02
6568.9561 9.0388e-02
6570.9268 8.5683e-02
6572.8979 6.6337e-02
6574.8701 7.5592e-02
6576.8423 7.2451e-02
6578.8154 8.8741e-02
6580.7896 6.9345e-02
6582.7632 9.9006e-02
6584.7383 9.1823e-02
6586.7139 7.2891e-02
6588.6895 7.0794e-02
6590.6660 7.1661e-02
6592.6431 8.2546e-02
6594.6211 6.7647e-02
6596.5996 8.4917e-02
6598.5791 8.2893e-02
6600.5581 8.0755e-02
6602.5386 8.1099e-02
6604.5190 6.7681e-02
6606.5005 7.7383e-02
6608.4824 7.4718e-02
6610.4648 7.8572e-02
6612.4482 6.5693e-02
6614.4326 7.4607e-02
6616.4160 7.1899e-02
6618.4009 7.3205e-02
6620.3867 8.2713e-02
6622.3730 8.1264e-02
6624.3594 7.0848e-02
6626.3467 6.5320e-02
6628.3350 7.0963e-02
6630.3232 7.4120e-02
6632.3125 5.6907e-02
6634.3022 8.5020e-02
6636.2920 6.4347e-02
6638.2827 6.6321e-02
6640.2744 6.2850e-02
6642.2671 6.7908e-02
6644.2593 6.2626e-02
6646.2529 6.3939e-02
6648.2471 7.5687e-02
6650.2412 7.8432e-02
6652.2358 6.7833e-02
6654.2314 6.5785e-02
6656.2280 6.1275e-02
6658.2251 8.2654e-02
6660.2222 6.6093e-02
6662.2207 7.0761e-02
6664.2197 8.4795e-02
6666.2178 7.3675e-02
6668.2178 5.7451e-02
6670.2188 7.0204e-02
6672.2192 5.9929e-02
6674.2212 7.7364e-02
6676.2241 6.0920e-02
6678.2266 6.3875e-02
6680.2300 6.5762e-02
6682.2334 6.1713e-02
6684.2388 6.6727e-02
6686.2446 5.3424e-02
6688.2500 6.3389e-02
6690.2563 6.0897e-02
6692.2627 5.9417e-02
6694.2715 6.1036e-02
6696.2793 6.5358e-02
6698.2881 7.1915e-02
6700.2979 6.2355e-02
6702.3081 7.3255e-02
6704.3188 5.4738e-02
6706.3301 7.2402e-02
6708.3418 6.0530e-02
6710.3545 5.7538e-02
6712.3672 6.7909e-02
6714.3809 6.1613e-02
6716.3955 5.3102e-02
6718.4106 7.1871e-02
6720.4263 5.5132e-02
6722.4419 5.6248e-02
6724.4585 5.5336e-02
6726.4756 4.8604e-02
6728.4946 5.7059e-02
6730.5127 5.3860e-02
6732.5312 5.0316e-02
6734.5513 6.8258e-02
6736.5718 6.5068e-02
6738.5923 6.9977e-02
6740.6152 6.3330e-02
6742.6367 5.3996e-02
6744.6587 5.8930e-02
6746.6831 6.0079e-02
6748.7065 6.5734e-02
6750.7310 4.9611e-02
6752.7563 5.5443e-02
6754.7822 6.0010e-02
6756.8091 5.3046e-02
6758.8359 4.7580e-02
6760.8633 5.0659e-02
6762.8916 5.3233e-02
6764.9209 6.4267e-02
6766.9502 5.5734e-02
6768.9805 5.6149e-02
6771.0107 5.9023e-02
6773.0425 4.6043e-02
6775.0742 5.5196e-02
6777.1064 5.7207e-02
6779.1401 4.4828e-02
6781.1733 4.7705e-02
6783.2080 6.7533e-02
6785.2427 6.0896e-02
6787.2783 5.9625e-02
6789.3149 5.2121e-02
6791.3516 4.7466e-02
6793.3887 5.6500e-02
6795.4272 5.0096e-02
6797.4653 5.6082e-02
6799.5049 5.4594e-02
6801.5444 4.9125e-02
6803.5854 4.8203e-02
6805.6260 4.8309e-02
6807.6685 5.3513e-02
6809.7100 4.4844e-02
6811.7534 5.8712e-02
6813.7964 5.6054e-02
6815.8408 4.4493e-02
6817.8853 5.8529e-02
6819.9312 5.0846e-02
6821.9771 4.4118e-02
6824.0234 4.9115e-02
6826.0703 4.8197e-02
6828.1182 5.3850e-02
6830.1670 5.1018e-02
6832.2163 4.5336e-02
6834.2651 4.4025e-02
6836.3154 4.6190e-02
6838.3667 5.4525e-02
6840.4180 5.5772e-02
6842.4702 4.8462e-02
6844.5229 4.1827e-02
6846.5762 4.1416e-02
6848.6304 5.2938e-02
6850.6851 4.8166e-02
6852.7402 5.0243e-02
6854.7959 3.9505e-02
6856.8525 4.2966e-02
6858.9097 6.6253e-02
6860.9668 5.3666e-02
6863.0254 4.5512e-02
6865.0845 5.0510e-02
6867.1440 4.9352e-02
6869.2041 5.2416e-02
6871.2646 6.2126e-02
6873.3257 4.7035e-02
6875.3882 4.4096e-02
6877.4512 4.8911e-02
6879.5137 4.0743e-02
6881.5781 4.2695e-02
6883.6421 4.9892e-02
6885.7075 4.7901e-02
6887.7729 6.1826e-02
6889.8394 4.6847e-02
6891.9062 4.4270e-02
6893.9746 6.5317e-02
6896.0425 5.7983e-02
6898.1113 5.1088e-02
6900.1802 5.2387e-02
6902.2505 4.6453e-02
6904.3213 5.3747e-02
6906.3926 5.4425e-02
6908.4648 4.7266e-02
6910.5366 4.8280e-02
6912.6099 5.3337e-02
6914.6841 5.5775e-02
6916.7588 4.4505e-02
6918.8335 4.2821e-02
6920.9092 4.0275e-02
6922.9849 5.1690e-02
6925.0620 5.2705e-02
6927.1401 4.1751e-02
6929.2178 5.5228e-02
6931.2964 4.4496e-02
6933.3760 4.4253e-02
6935.4561 4.1811e-02
6937.5371 4.2266e-02
6939.6182 4.4990e-02
6941.7002 5.8672e-02
6943.7822 4.9680e-02
6945.8657 5.1895e-02
6947.9487 4.2419e-02
6950.0337 4.9506e-02
6952.1182 5.1437e-02
6954.2046 4.7842e-02
6956.2905 4.7742e-02
6958.3779 3.4702e-02
6960.4644 4.1335e-02
6962.5527 4.7600e-02
6964.6421 5.0151e-02
6966.7314 4.1598e-02
6968.8208 4.8585e-02
6970.9116 4.6934e-02
6973.0029 5.8367e-02
6975.0947 3.9957e-02
6977.1880 4.8715e-02
6979.2803 4.0016e-02
6981.3745 5.0258e-02
6983.4692 3.8898e-02
6985.5635 4.1954e-02
6987.6602 3.7481e-02
6989.7559 4.9376e-02
6991.8525 4.8539e-02
6993.9507 4.1073e-02
6996.0488 5.6048e-02
6998.1479 4.5477e-02
7000.2471 4.0006e-02
7002.3467 5.3596e-02
7004.4468 4.4014e-02
7006.5488 5.3651e-02
7008.6514 5.7026e-02
7010.7529 4.6254e-02
7012.8564 3.9643e-02
7014.9609 5.9779e-02
7017.0654 3.9184e-02
7019.1699 4.2850e-02
7021.2759 4.3606e-02
7023.3823 5.4410e-02
7025.4893 4.7373e-02
7027.5977 3.8727e-02
7029.7051 4.7753e-02
7031.8145 5.0308e-02
7033.9238 4.5675e-02
7036.0337 5.3705e-02
7038.1450 3.4597e-02
7040.2559 4.5722e-02
7042.3687 4.3955e-02
7044.4805 3.5049e-02
7046.5938 4.4512e-02
7048.7080 5.0932e-02
7050.8228 4.1773e-02
7052.9385 4.7219e-02
7055.0542 4.2901e-02
7057.1704 4.2696e-02
7059.2881 3.8671e-02
7061.4053 4.0552e-02
7063.5234 4.3230e-02
7065.6431 3.5973e-02
7067.7627 4.4522e-02
7069.8828 5.1426e-02
7072.0039 5.2311e-02
7074.1255 3.8861e-02
7076.2476 4.4481e-02
7078.3706 3.8228e-02
7080.4937 4.5620e-02
7082.6187 5.6087e-02
7084.7432 5.0003e-02
7086.8687 4.4955e-02
7088.9946 5.0173e-02
7091.1216 3.2228e-02
7093.2490 3.8451e-02
7095.3765 4.9999e-02
7097.5049 4.4477e-02
7099.6348 4.9985e-02
7101.7642 4.4294e-02
7103.8945 5.1601e-02
7106.0264 3.3406e-02
7108.1582 3.6417e-02
7110.2905 3.5412e-02
7112.4229 3.4220e-02
7114.5571 3.4245e-02
7116.6914 3.0308e-02
7118.8262 4.2209e-02
7120.9619 3.3967e-02
7123.0986 4.4375e-02
7125.2354 3.5484e-02
7127.3730 4.5868e-02
7129.5112 3.2110e-02
7131.6499 3.8047e-02
7133.7896 3.4674e-02
7135.9292 4.1124e-02
7138.0703 4.7746e-02
7140.2119 4.5100e-02
7142.3540 5.1524e-02
7144.4966 3.9557e-02
7146.6396 3.5037e-02
7148.7842 5.2213e-02
7150.9287 4.7978e-02
7153.0742 4.9512e-02
7155.2197 3.8694e-02
7157.3667 3.9227e-02
7159.5137 4.3288e-02
7161.6616 4.3252e-02
7163.8101 3.3216e-02
7165.9590 3.8185e-02
7168.1089 3.8397e-02
7170.2593 4.2846e-02
7172.4102 3.5468e-02
7174.5625 4.2295e-02
7176.7144 4.7981e-02
7178.8672 4.4583e-02
7181.0210 4.6457e-02
7183.1753 4.2649e-02
7185.3306 5.9848e-02
7187.4858 3.4190e-02
7189.6421 3.2469e-02
7191.7988 3.8770e-02
7193.9565 4.1024e-02
7196.1147 4.4995e-02
7198.2734 4.6854e-02
7200.4336 3.9785e-02
7202.5928 4.2185e-02
7204.7539 4.6311e-02
7206.9155 4.6521e-02
7209.0771 5.1904e-02
7211.2402 3.3779e-02
7213.4033 4.6603e-02
7215.5674 3.7138e-02
7217.7324 4.6089e-02
7219.8979 4.9378e-02
7222.0635 4.0720e-02
7224.2300 4.2347e-02
7226.3979 3.0546e-02
7228.5654 4.6540e-02
7230.7334 4.9878e-02
7232.9033 4.5554e-02
7235.0728 5.0068e-02
7237.2432 3.2603e-02
7239.4150 4.6898e-02
7241.5864 4.6368e-02
7243.7593 4.2881e-02
7245.9321 4.2124e-02
7248.1060 4.2269e-02
7250.2803 5.0906e-02
7252.4551 4.2285e-02
7254.6313 4.4022e-02
7256.8076 3.6490e-02
7258.9849 3.4020e-02
7261.1626 4.1821e-02
7263.3408 3.2424e-02
7265.5200 4.8117e-02
7267.6992 3.6604e-02
7269.8799 4.5134e-02
7272.0605 4.2763e-02
7274.2422 5.4117e-02
7276.4243 3.6326e-02
7278.6069 4.7185e-02
7280.7910 3.0359e-02
7282.9751 5.0531e-02
7285.1602 3.6258e-02
7287.3452 4.5328e-02
7289.5317 4.2982e-02
7291.7188 4.3583e-02
7293.9067 3.8799e-02
7296.0947 4.7083e-02
7298.2832 4.6681e-02
7300.4727 3.7042e-02
7302.6631 3.8467e-02
7304.8540 3.7083e-02
7307.0454 4.4222e-02
7309.2373 3.7426e-02
7311.4292 3.2101e-02
7313.6235 4.3320e-02
7315.8179 4.4571e-02
7318.0122 5.0476e-02
7320.2075 4.0405e-02
7322.4038 2.9454e-02
7324.6001 3.6224e-02
7326.7979 4.9761e-02
7328.9961 4.3370e-02
7331.1943 3.3010e-02
7333.3936 3.3837e-02
7335.5938 4.6827e-02
7337.7944 4.1109e-02
7339.9956 3.4721e-02
7342.1982 3.7884e-02
7344.4004 4.0703e-02
7346.6035 4.1478e-02
7348.8081 4.1744e-02
7351.0127 4.3324e-02
7353.2183 4.1899e-02
7355.4238 4.1059e-02
7357.6304 4.3637e-02
7359.8374 3.7739e-02
7362.0459 3.8439e-02
7364.2549 4.0867e-02
7366.4634 3.6457e-02
7368.6738 3.3481e-02
7370.8838 2.9439e-02
7373.0957 3.8403e-02
7375.3071 2.9079e-02
7377.5200 3.5922e-02
7379.7334 4.8211e-02
7381.9473 4.5987e-02
7384.1616 3.9948e-02
7386.3770 4.7327e-02
7388.5928 3.7930e-02
7390.8096 4.0205e-02
7393.0264 3.7070e-02
7395.2446 3.3880e-02
7397.4639 3.1244e-02
7399.6826 3.9598e-02
7401.9023 3.4516e-02
7404.1230 3.3344e-02
7406.3438 3.2839e-02
7408.5654 4.2364e-02
7410.7886 4.5194e-02
7413.0122 3.9029e-02
7415.2354 4.6697e-02
7417.4604 3.3289e-02
7419.6855 3.9274e-02
7421.9116 3.3506e-02
7424.1382 3.5158e-02
7426.3652 3.7816e-02
7428.5933 2.6870e-02
7430.8218 4.3941e-02
7433.0513 3.7275e-02
7435.2808 3.3473e-02
7437.5117 2.8063e-02
7439.7432 3.8786e-02
7441.9741 4.0989e-02
7444.2070 3.8026e-02
7446.4404 3.4150e-02
7448.6748 4.2955e-02
7450.9097 3.7543e-02
7453.1440 4.1955e-02
7455.3809 3.3445e-02
7457.6167 3.3445e-02
7459.8545 3.9363e-02
7462.0923 4.0052e-02
7464.3306 3.7151e-02
7466.5698 2.8855e-02
7468.8096 3.2055e-02
7471.0503 3.1645e-02
7473.2920 3.4470e-02
7475.5342 3.2408e-02
7477.7769 4.3071e-02
7480.0205 4.4740e-02
7482.2637 2.7229e-02
7484.5088 3.7336e-02
7486.7539 4.0449e-02
7489.0000 4.8237e-02
7491.2471 3.2617e-02
7493.4937 4.2299e-02
7495.7422 4.0415e-02
7497.9912 2.7875e-02
7500.2402 3.5664e-02
7502.4902 2.7905e-02
7504.7412 4.4705e-02
7506.9927 4.3761e-02
7509.2441 3.5878e-02
7511.4976 3.0916e-02
7513.7510 2.7330e-02
7516.0044 3.7330e-02
7518.2593 3.1038e-02
7520.5151 3.2089e-02
7522.7715 3.7451e-02
7525.0283 3.7244e-02
7527.2861 3.8972e-02
7529.5439 3.1132e-02
7531.8027 3.3100e-02
7534.0620 4.2752e-02
7536.3228 4.6774e-02
7538.5835 4.0427e-02
7540.8447 3.0160e-02
7543.1074 3.5211e-02
7545.3706 2.8654e-02
7547.6338 3.1544e-02
7549.8984 3.1236e-02
7552.1626 3.3519e-02
7554.4292 2.7300e-02
7556.6948 2.7983e-02
7558.9619 3.4381e-02
7561.2295 3.5250e-02
7563.4976 3.9858e-02
7565.7671 3.3098e-02
7568.0366 3.6695e-02
7570.3071 3.4679e-02
7572.5786 3.9028e-02
7574.8511 2.9873e-02
7577.1230 3.4062e-02
7579.3960 3.6225e-02
7581.6694 3.4577e-02
7583.9443 3.5574e-02
7586.2192 2.5450e-02
7588.4956 3.4582e-02
7590.7715 3.4047e-02
7593.0488 3.9988e-02
7595.3262 2.4500e-02
7597.6060 3.9424e-02
7599.8843 3.4186e-02
7602.1641 3.6420e-02
7604.4448 3.9261e-02
7606.7271 2.2748e-02
7609.0093 2.7848e-02
7611.2910 3.9743e-02
7613.5752 3.1100e-02
7615.8589 3.3687e-02
7618.1440 2.4627e-02
7620.4292 3.3721e-02
7622.7153 3.7884e-02
7625.0020 3.7451e-02
7627.2896 2.7507e-02
7629.5781 2.9087e-02
7631.8662 2.8531e-02
7634.1562 4.0615e-02
7636.4468 3.1388e-02
7638.7378 3.7113e-02
7641.0288 4.0173e-02
7643.3213 2.1278e-02
7645.6138 2.1552e-02
7647.9072 2.9747e-02
7650.2021 3.4951e-02
7652.4971 3.2666e-02
7654.7935 3.1505e-02
7657.0894 3.1231e-02
7659.3867 3.0455e-02
7661.6846 3.1092e-02
7663.9829 3.1561e-02
7666.2817 3.3030e-02
7668.5825 4.1722e-02
7670.8823 2.4423e-02
7673.1841 2.6096e-02
7675.4854 2.4482e-02
7677.7891 3.1578e-02
7680.0918 2.1717e-02
7682.3960 3.7979e-02
7684.7002 3.2319e-02
7687.0059 3.3880e-02
7689.3125 3.4941e-02
7691.6191 2.7657e-02
7693.9268 3.3775e-02
7696.2344 3.5496e-02
7698.5430 2.8105e-02
7700.8530 3.6060e-02
7703.1631 3.5365e-02
7705.4746 2.9557e-02
7707.7856 2.4495e-02
7710.0981 3.4749e-02
7712.4111 2.9638e-02
7714.7251 2.8089e-02
7717.0391 3.8393e-02
7719.3540 3.3350e-02
7721.6699 4.0024e-02
7723.9868 2.9689e-02
7726.3042 3.3423e-02
7728.6216 3.2649e-02
7730.9409 2.9160e-02
7733.2593 3.4618e-02
7735.5796 3.0829e-02
7737.9004 3.3168e-02
7740.2217 3.4527e-02
7742.5435 4.4069e-02
7744.8662 3.3651e-02
7747.1895 4.2412e-02
7749.5142 3.7023e-02
7751.8394 3.3461e-02
7754.1650 2.4811e-02
7756.4907 3.2120e-02
7758.8174 2.2975e-02
7761.1450 2.5284e-02
7763.4736 2.8547e-02
7765.8022 3.7997e-02
7768.1323 2.6482e-02
7770.4634 4.0414e-02
7772.7944 3.1651e-02
7775.1260 3.1089e-02
7777.4585 3.5270e-02
7779.7915 2.8832e-02
7782.1260 2.9957e-02
7784.4604 2.4013e-02
7786.7954 3.7262e-02
7789.1318 2.4743e-02
7791.4683 3.6826e-02
7793.8062 2.5226e-02
7796.1436 2.9110e-02
7798.4824 3.8975e-02
7800.8218 2.7587e-02
7803.1626 2.8613e-02
7805.5034 2.8787e-02
7807.8447 3.3035e-02
7810.1880 2.5742e-02
7812.5303 3.0639e-02
7814.8745 3.6769e-02
7817.2192 4.0325e-02
7819.5640 3.6837e-02
7821.9106 2.1621e-02
7824.2559 2.4142e-02
7826.6040 2.8902e-02
7828.9521 2.1761e-02
7831.3003 3.9545e-02
7833.6499 3.6444e-02
7835.9995 3.3271e-02
7838.3511 3.6228e-02
7840.7021 3.7984e-02
7843.0547 2.9472e-02
7845.4077 1.8778e-02
7847.7603 2.1791e-02
7850.1152 2.4419e-02
7852.4702 2.4124e-02
7854.8262 2.9323e-02
7857.1821 2.9588e-02
7859.5396 3.4017e-02
7861.8975 2.4922e-02
7864.2559 3.1683e-02
7866.6157 3.0563e-02
7868.9756 2.9459e-02
7871.3359 2.5402e-02
7873.6978 2.5592e-02
7876.0601 3.3895e-02
7878.4224 3.2595e-02
7880.7856 2.4098e-02
7883.1509 3.1995e-02
7885.5151 3.4141e-02
7887.8809 2.9698e-02
7890.2476 2.2394e-02
7892.6147 2.8353e-02
7894.9814 3.1999e-02
7897.3501 2.5232e-02
7899.7192 2.6402e-02
7902.0898 2.9707e-02
7904.4604 2.0390e-02
7906.8311 3.1257e-02
7909.2036 2.0309e-02
7911.5767 2.2252e-02
7913.9497 1.6770e-02
7916.3247 2.4195e-02
7918.6987 1.9831e-02
7921.0742 3.5788e-02
7923.4512 2.3157e-02
7925.8276 2.3532e-02
7928.2051 2.4883e-02
7930.5845 2.0542e-02
7932.9634 2.1225e-02
7935.3433 2.7806e-02
7937.7236 2.8957e-02
7940.1050 1.7880e-02
7942.4873 2.3067e-02
7944.8701 2.9342e-02
7947.2529 2.0497e-02
7949.6377 1.8597e-02
7952.0225 2.0063e-02
7954.4082 1.3627e-02
7956.7949 2.3175e-02
7959.1807 2.6647e-02
7961.5688 1.5960e-02
7963.9580 2.3669e-02
7966.3462 2.3216e-02
7968.7368 1.6715e-02
7971.1274 2.2420e-02
7973.5181 1.9326e-02
7975.9111 1.7181e-02
7978.3032 1.7694e-02
7980.6973 1.4610e-02
7983.0908 2.6480e-02
7985.4858 1.6789e-02
7987.8823 2.0622e-02
7990.2778 1.9046e-02
7992.6748 1.6031e-02
7995.0728 1.8590e-02
7997.4717 1.9302e-02
7999.8711 1.6829e-02
8002.2710 2.0958e-02
8004.6709 2.1258e-02
8007.0723 3.0649e-02
8009.4746 3.0657e-02
8011.8779 1.9494e-02
8014.2812 1.9444e-02
8016.6855 2.0919e-02
8019.0903 1.8539e-02
8021.4966 1.9219e-02
8023.9028 2.3710e-02
8026.3105 2.5412e-02
8028.7173 2.6163e-02
8031.1260 2.1604e-02
8033.5361 1.9936e-02
8035.9458 2.5745e-02
8038.3569 2.4003e-02
8040.7681 2.3719e-02
8043.1807 2.1510e-02
8045.5933 2.1334e-02
8048.0068 2.4917e-02
8050.4214 2.5639e-02
8052.8364 1.6003e-02
8055.2520 2.5301e-02
8057.6689 1.7645e-02
8060.0864 2.5481e-02
8062.5049 1.6594e-02
8064.9229 1.8226e-02
8067.3423 1.6661e-02
8069.7632 2.3716e-02
8072.1836 1.8803e-02
8074.6050 2.6203e-02
8077.0278 1.9330e-02
8079.4507 2.6518e-02
8081.8745 2.3808e-02
8084.2988 2.3852e-02
8086.7251 2.5606e-02
8089.1509 2.5098e-02
8091.5771 2.2636e-02
8094.0049 2.2140e-02
8096.4331 2.4130e-02
8098.8618 2.5249e-02
8101.2910 2.2794e-02
8103.7217 2.5659e-02
8106.1528 2.3316e-02
8108.5845 2.2412e-02
8111.0171 2.9534e-02
8113.4502 2.7275e-02
8115.8843 3.4303e-02
8118.3188 2.3306e-02
8120.7549 2.1925e-02
8123.1914 2.6289e-02
8125.6284 1.9011e-02
8128.0659 3.4075e-02
8130.5049 3.4182e-02
8132.9438 2.2982e-02
8135.3833 2.7798e-02
8137.8237 3.0398e-02
8140.2651 2.9535e-02
8142.7075 1.7824e-02
8145.1504 2.9976e-02
8147.5938 3.1884e-02
8150.0376 3.2641e-02
8152.4834 3.4962e-02
8154.9292 2.8756e-02
8157.3750 3.4081e-02
8159.8228 3.2447e-02
8162.2705 3.0016e-02
8164.7192 2.8873e-02
8167.1685 2.5795e-02
8169.6187 2.6029e-02
8172.0693 2.5612e-02
8174.5210 3.4547e-02
8176.9736 3.2137e-02
8179.4268 2.1137e-02
8181.8809 3.5575e-02
8184.3350 2.8983e-02
8186.7900 4.0618e-02
8189.2456 2.5175e-02
8191.7031 2.8037e-02
8194.1602 3.2079e-02
8196.6191 3.7243e-02
8199.0781 3.8923e-02
8201.5371 3.7473e-02
8203.9980 3.3517e-02
8206.4590 2.6339e-02
8208.9219 2.2067e-02
8211.3838 3.3761e-02
8213.8477 3.0673e-02
8216.3115 3.4246e-02
8218.7764 2.9377e-02
8221.2422 3.8019e-02
8223.7090 2.8921e-02
8226.1758 3.1794e-02
8228.6436 3.9202e-02
8231.1123 4.1525e-02
8233.5811 3.3480e-02
8236.0518 3.9800e-02
8238.5215 4.1284e-02
8240.9932 3.9729e-02
8243.4658 4.5218e-02
8245.9395 4.5679e-02
8248.4131 2.9556e-02
8250.8877 3.2051e-02
8253.3623 4.1966e-02
8255.8389 3.8126e-02
8258.3154 3.3153e-02
8260.7920 4.2979e-02
8263.2715 2.8377e-02
8265.7500 3.0755e-02
8268.2305 3.5722e-02
8270.7100 4.1003e-02
8273.1914 3.3508e-02
8275.6738 3.6838e-02
8278.1553 2.6202e-02
8280.6396 3.0149e-02
8283.1240 3.4392e-02
8285.6094 3.2967e-02
8288.0947 4.6136e-02
8290.5811 4.0828e-02
8293.0674 3.4432e-02
8295.5557 3.6659e-02
8298.0449 2.8781e-02
8300.5352 3.4682e-02
8303.0234 4.0985e-02
8305.5156 2.9741e-02
8308.0068 3.3334e-02
8310.5000 3.9775e-02
8312.9922 4.0645e-02
8315.4863 4.2614e-02
8317.9805 4.2107e-02
8320.4766 2.9929e-02
8322.9717 2.5894e-02
8325.4697 3.5485e-02
8327.9668 4.2180e-02
8330.4658 3.8861e-02
8332.9639 3.3701e-02
8335.4648 3.6818e-02
8337.9648 3.2264e-02
8340.4668 3.8406e-02
8342.9688 3.3620e-02
8345.4717 3.2484e-02
8347.9746 3.3352e-02
8350.4795 3.7763e-02
8352.9844 3.4612e-02
8355.4902 3.7476e-02
8357.9971 3.4240e-02
8360.5039 3.4375e-02
8363.0127 4.8262e-02
8365.5215 3.9824e-02
8368.0312 3.2799e-02
8370.5420 3.8365e-02
8373.0527 4.2034e-02
8375.5654 3.9717e-02
8378.0771 4.2467e-02
8380.5908 2.7409e-02
8383.1045 3.4147e-02
8385.6191 3.5752e-02
8388.1348 3.2083e-02
8390.6523 3.7137e-02
8393.1689 3.9950e-02
8395.6865 4.1401e-02
8398.2061 4.4468e-02
8400.7246 3.6524e-02
8403.2461 3.5935e-02
8405.7666 4.0994e-02
8408.2881 3.9626e-02
8410.8105 4.2324e-02
8413.3340 3.1126e-02
8415.8584 3.4133e-02
8418.3818 3.8140e-02
8420.9082 3.3522e-02
8423.4346 3.2235e-02
8425.9609 4.0737e-02
8428.4893 3.9859e-02
8431.0186 3.1923e-02
8433.5479 3.4073e-02
8436.0771 5.1196e-02
8438.6074 3.5028e-02
8441.1396 3.3705e-02
8443.6729 2.9831e-02
8446.2051 3.7312e-02
8448.7383 3.3961e-02
8451.2734 3.2191e-02
8453.8086 3.5096e-02
8456.3457 3.4996e-02
8458.8828 3.3836e-02
8461.4199 4.1030e-02
8463.9580 3.5393e-02
8466.4971 3.1938e-02
8469.0371 3.3538e-02
8471.5781 4.2972e-02
8474.1191 2.6131e-02
8476.6621 3.4199e-02
8479.2051 2.9111e-02
8481.7480 4.0644e-02
8484.2930 4.3171e-02
8486.8379 4.0130e-02
8489.3848 3.6855e-02
8491.9316 3.5632e-02
8494.4795 3.9762e-02
8497.0264 3.0599e-02
8499.5762 4.3986e-02
8502.1260 3.3216e-02
8504.6777 3.1087e-02
8507.2285 3.3081e-02
8509.7803 3.4334e-02
8512.3330 3.3054e-02
8514.8857 2.7640e-02
8517.4414 3.9470e-02
8519.9961 4.2633e-02
8522.5527 4.4532e-02
8525.1094 3.6533e-02
8527.6670 3.4766e-02
8530.2246 4.2306e-02
8532.7842 3.7348e-02
8535.3438 3.0451e-02
8537.9053 3.8867e-02
8540.4668 3.0765e-02
8543.0273 3.9125e-02
8545.5908 3.2294e-02
8548.1543 3.9026e-02
8550.7188 4.0988e-02
8553.2842 4.1732e-02
8555.8496 3.7486e-02
8558.4170 3.9897e-02
8560.9844 3.6371e-02
8563.5527 3.2673e-02
8566.1221 4.4636e-02
8568.6914 4.0122e-02
8571.2617 3.0356e-02
8573.8350 4.1549e-02
8576.4062 2.9985e-02
8578.9785 3.9379e-02
8581.5527 4.6850e-02
8584.1270 2.5524e-02
8586.7031 4.1548e-02
8589.2783 3.4338e-02
8591.8555 3.7607e-02
8594.4326 3.5150e-02
8597.0117 4.1583e-02
8599.5898 4.4062e-02
8602.1699 3.7715e-02
8604.7500 3.9524e-02
8607.3320 3.9251e-02
8609.9150 2.3855e-02
8612.4971 3.7244e-02
8615.0811 4.1850e-02
8617.6660 3.4775e-02
8620.2500 3.8001e-02
8622.8369 4.0153e-02
8625.4229 3.9520e-02
8628.0117 3.3020e-02
8630.6006 3.4249e-02
8633.1885 3.7605e-02
8635.7793 3.4622e-02
8638.3711 3.2406e-02
8640.9609 3.1551e-02
8643.5527 3.6459e-02
8646.1465 3.6901e-02
8648.7393 4.3751e-02
8651.3350 4.3352e-02
8653.9307 3.9111e-02
8656.5264 4.3983e-02
8659.1230 4.5284e-02
8661.7207 4.1103e-02
8664.3203 4.6462e-02
8666.9189 4.1237e-02
8669.5186 3.5432e-02
8672.1201 4.0236e-02
8674.7217 3.7879e-02
8677.3242 3.8156e-02
8679.9277 3.9219e-02
8682.5312 3.9868e-02
8685.1367 4.2452e-02
8687.7412 3.0954e-02
8690.3477 3.1200e-02
8692.9551 4.3095e-02
8695.5625 3.5915e-02
8698.1709 3.9025e-02
8700.7803 3.8918e-02
8703.3916 3.0943e-02
8706.0020 3.1302e-02
8708.6133 3.5360e-02
8711.2266 3.3375e-02
8713.8398 3.8422e-02
8716.4541 3.7157e-02
8719.0684 3.8386e-02
8721.6846 2.9016e-02
8724.3018 3.1638e-02
8726.9189 2.7626e-02
8729.5371 2.6527e-02
8732.1553 3.7903e-02
8734.7754 3.2436e-02
8737.3955 3.9179e-02
8740.0166 3.0063e-02
8742.6387 3.5320e-02
8745.2607 3.3583e-02
8747.8848 2.9207e-02
8750.5098 3.3492e-02
8753.1348 3.6413e-02
8755.7607 3.5306e-02
8758.3867 3.0555e-02
8761.0146 3.7968e-02
8763.6436 3.5231e-02
8766.2715 3.3965e-02
8768.9023 2.2243e-02
8771.5322 3.1748e-02
8774.1641 3.4871e-02
8776.7959 3.6267e-02
8779.4287 2.8138e-02
8782.0635 3.1660e-02
8784.6982 4.1809e-02
8787.3330 3.4175e-02
8789.9697 3.0193e-02
8792.6074 3.5511e-02
8795.2451 2.5076e-02
8797.8838 4.0593e-02
8800.5234 3.6360e-02
8803.1621 3.0147e-02
8805.8027 4.1894e-02
8808.4453 3.0247e-02
8811.0879 3.1215e-02
8813.7314 2.3070e-02
8816.3750 3.2438e-02
8819.0205 3.1868e-02
8821.6660 3.6672e-02
8824.3125 3.6098e-02
8826.9590 2.7602e-02
8829.6084 3.5163e-02
8832.2568 3.1706e-02
8834.9062 2.5143e-02
8837.5557 3.3437e-02
8840.2080 3.6652e-02
8842.8594 2.8158e-02
8845.5127 3.0357e-02
8848.1670 3.0509e-02
8850.8213 4.3154e-02
8853.4766 2.9294e-02
8856.1328 2.9757e-02
8858.7881 3.4861e-02
8861.4463 3.3460e-02
8864.1045 3.2474e-02
8866.7646 3.0620e-02
8869.4238 3.9732e-02
8872.0850 3.7133e-02
8874.7471 3.6026e-02
8877.4092 2.5407e-02
8880.0732 2.7422e-02
8882.7373 2.7012e-02
8885.4014 2.5338e-02
8888.0674 2.9259e-02
8890.7334 3.6493e-02
8893.4004 2.1857e-02
8896.0684 3.2035e-02
8898.7373 2.7492e-02
8901.4072 3.4339e-02
8904.0771 2.5738e-02
8906.7480 2.5258e-02
8909.4199 2.0257e-02
8912.0938 3.3182e-02
8914.7676 2.9114e-02
8917.4414 2.9911e-02
8920.1172 2.6628e-02
8922.7930 3.2331e-02
8925.4697 2.7948e-02
8928.1475 2.2749e-02
8930.8262 2.9254e-02
8933.5049 2.6568e-02
8936.1855 1.7966e-02
8938.8652 3.0623e-02
8941.5469 2.7274e-02
8944.2295 3.1046e-02
8946.9141 2.6204e-02
8949.5977 2.9063e-02
8952.2822 3.0593e-02
8954.9678 2.9669e-02
8957.6553 2.5115e-02
8960.3418 2.8802e-02
8963.0293 3.1014e-02
8965.7178 2.5240e-02
8968.4082 2.7398e-02
8971.0986 2.3293e-02
8973.7910 2.6134e-02
8976.4824 2.7581e-02
8979.1748 3.0287e-02
8981.8691 3.4745e-02
8984.5635 3.3708e-02
8987.2588 2.6514e-02
8989.9551 2.5087e-02
8992.6523 2.5951e-02
8995.3506 2.7346e-02
8998.0488 2.6906e-02
9000.7480 2.4372e-02
9003.4482 3.1267e-02
9006.1494 2.9518e-02
9008.8516 2.6082e-02
9011.5537 2.3582e-02
9014.2578 2.6604e-02
9016.9609 2.3274e-02
9019.6660 2.2277e-02
9022.3721 2.0997e-02
9025.0791 2.8318e-02
9027.7871 1.9597e-02
9030.4951 2.8178e-02
9033.2051 2.4044e-02
9035.9150 2.4899e-02
9038.6260 1.7779e-02
9041.3369 1.8213e-02
9044.0498 2.3393e-02
9046.7627 2.7841e-02
9049.4766 2.4635e-02
9052.1914 2.1830e-02
9054.9072 1.7348e-02
9057.6240 2.2227e-02
9060.3398 2.1230e-02
9063.0586 2.8374e-02
9065.7773 3.8807e-02
9068.4971 2.4337e-02
9071.2168 2.4453e-02
9073.9395 1.9679e-02
9076.6611 1.5128e-02
9079.3848 2.2447e-02
9082.1074 3.2397e-02
9084.8330 2.4392e-02
9087.5576 2.2054e-02
9090.2832 2.5303e-02
9093.0117 2.5432e-02
9095.7393 1.8516e-02
9098.4688 2.3144e-02
9101.1973 2.2756e-02
9103.9287 2.9766e-02
9106.6592 1.9514e-02
9109.3906 2.4031e-02
9112.1250 2.3215e-02
9114.8584 2.8113e-02
9117.5928 2.2515e-02
9120.3271 2.3546e-02
9123.0635 2.5044e-02
9125.8008 2.2061e-02
9128.5391 2.1234e-02
9131.2764 2.8820e-02
9134.0156 2.4575e-02
9136.7568 2.7300e-02
9139.4980 1.5240e-02
9142.2383 2.6491e-02
9144.9814 2.9171e-02
9147.7266 2.3721e-02
9150.4707 2.2335e-02
9153.2158 2.3188e-02
9155.9609 2.0473e-02
9158.7070 2.2798e-02
9161.4551 2.1053e-02
9164.2041 2.2915e-02
9166.9531 1.9556e-02
9169.7031 1.9444e-02
9172.4541 1.9486e-02
9175.2051 1.9558e-02
9177.9580 2.5484e-02
9180.7109 1.9178e-02
9183.4668 1.9452e-02
9186.2207 2.0811e-02
9188.9766 2.2909e-02
9191.7334 2.4780e-02
9194.4912 1.9286e-02
9197.2490 1.4659e-02
9200.0088 1.9620e-02
9202.7686 1.5854e-02
9205.5293 1.4807e-02
9208.2920 1.8562e-02
9211.0527 1.2199e-02
9213.8164 1.9946e-02
9216.5811 1.6660e-02
9219.3467 2.0763e-02
9222.1113 1.9512e-02
9224.8789 1.9529e-02
9227.6455 2.0238e-02
9230.4141 2.0846e-02
9233.1836 1.8483e-02
9235.9531 1.8722e-02
9238.7246 1.9440e-02
9241.4951 1.4389e-02
9244.2686 1.8234e-02
9247.0410 1.4310e-02
9249.8154 2.2183e-02
9252.5908 2.9968e-02
9255.3652 1.9308e-02
9258.1426 1.8646e-02
9260.9209 1.8284e-02
9263.6992 1.8946e-02
9266.4775 1.4860e-02
9269.2568 1.5793e-02
9272.0381 2.7772e-02
9274.8203 1.9957e-02
9277.6025 1.9091e-02
9280.3857 1.5281e-02
9283.1709 2.5708e-02
9285.9541 1.5849e-02
9288.7402 1.5391e-02
9291.5264 2.0461e-02
9294.3135 2.2991e-02
9297.1025 1.7074e-02
9299.8926 1.7720e-02
9302.6816 2.3017e-02
9305.4727 2.0939e-02
9308.2646 1.8174e-02
9311.0566 2.2859e-02
9313.8506 1.9720e-02
9316.6436 2.3658e-02
9319.4395 1.9637e-02
9322.2354 2.2873e-02
9325.0322 1.9753e-02
9327.8291 1.8552e-02
9330.6279 1.8925e-02
9333.4277 1.8828e-02
9336.2266 2.9255e-02
9339.0283 2.2639e-02
9341.8291 2.0763e-02
9344.6318 1.8516e-02
9347.4355 1.9477e-02
9350.2402 1.9828e-02
9353.0449 1.5724e-02
9355.8516 1.7218e-02
9358.6572 1.7689e-02
9361.4658 1.1522e-02
9364.2734 1.5603e-02
9367.0830 2.1350e-02
9369.8936 2.1664e-02
9372.7041 1.8921e-02
9375.5156 1.9133e-02
9378.3291 2.3321e-02
9381.1416 3.3609e-02
9383.9561 1.8241e-02
9386.7715 1.5193e-02
9389.5879 2.3912e-02
9392.4043 2.1633e-02
9395.2217 1.9347e-02
9398.0400 1.7518e-02
9400.8594 2.5821e-02
9403.6807 1.5752e-02
9406.5020 1.6422e-02
9409.3242 1.9763e-02
9412.1465 1.6250e-02
9414.9707 1.6893e-02
9417.7939 1.9845e-02
9420.6201 1.8202e-02
9423.4453 2.2040e-02
9426.2725 1.3359e-02
9429.1006 2.3750e-02
9431.9287 1.7463e-02
9434.7588 1.4545e-02
9437.5898 1.4916e-02
9440.4209 2.5889e-02
9443.2529 1.7208e-02
9446.0859 1.3757e-02
9448.9199 1.8732e-02
9451.7549 2.4374e-02
9454.5889 2.0139e-02
9457.4268 1.4792e-02
9460.2637 2.5427e-02
9463.1016 1.4869e-02
9465.9414 2.1175e-02
9468.7803 2.3171e-02
9471.6211 1.7275e-02
9474.4629 1.8438e-02
9477.3047 2.5692e-02
9480.1484 1.6877e-02
9482.9922 2.0111e-02
9485.8369 1.5919e-02
9488.6836 1.9392e-02
9491.5303 2.1006e-02
9494.3760 1.9231e-02
9497.2256 1.3951e-02
9500.0742 1.8017e-02
9502.9238 1.6617e-02
9505.7754 1.9976e-02
9508.6270 2.0893e-02
9511.4805 1.4328e-02
9514.3320 2.4477e-02
9517.1875 2.0635e-02
9520.0420 1.9284e-02
9522.8984 2.4015e-02
9525.7559 1.4792e-02
9528.6133 1.3558e-02
9531.4717 1.8871e-02
9534.3311 1.8495e-02
9537.1914 1.3890e-02
9540.0518 2.4233e-02
9542.9150 2.4102e-02
9545.7773 1.4558e-02
9548.6416 1.4378e-02
9551.5059 1.6773e-02
9554.3711 1.9299e-02
9557.2373 2.0316e-02
9560.1045 2.1273e-02
9562.9727 1.5794e-02
9565.8418 2.0822e-02
9568.7109 1.4155e-02
9571.5820 1.8951e-02
9574.4531 1.7092e-02
9577.3252 1.5468e-02
9580.1992 1.1490e-02
9583.0723 1.8594e-02
9585.9473 2.2684e-02
9588.8242 1.5363e-02
9591.7002 1.3712e-02
9594.5781 1.9995e-02
9597.4561 2.2550e-02
9600.3350 2.3055e-02
9603.2158 2.0901e-02
9606.0957 2.0549e-02
9608.9775 1.4613e-02
9611.8613 1.2720e-02
9614.7441 1.5858e-02
9617.6279 1.3853e-02
9620.5137 1.9225e-02
9623.4014 2.0570e-02
9626.2881 1.4342e-02
9629.1748 1.7353e-02
9632.0645 1.6726e-02
9634.9541 1.4535e-02
9637.8438 1.7610e-02
9640.7363 1.6654e-02
9643.6270 1.2482e-02
9646.5215 1.9330e-02
9649.4141 1.9201e-02
9652.3086 2.2328e-02
9655.2051 1.4465e-02
9658.1016 1.7038e-02
9660.9990 1.8641e-02
9663.8975 1.0106e-02
9666.7969 1.4619e-02
9669.6973 1.5261e-02
9672.5967 1.7688e-02
9675.5000 1.8980e-02
9678.4023 1.7897e-02
9681.3057 1.3420e-02
9684.2109 1.2838e-02
9687.1152 1.5369e-02
9690.0215 1.4968e-02
9692.9287 1.5949e-02
9695.8369 1.2325e-02
9698.7441 1.8158e-02
9701.6553 1.9002e-02
9704.5645 1.5870e-02
9707.4775 1.6385e-02
9710.3887 1.4384e-02
9713.3008 1.4564e-02
9716.2158 1.3026e-02
9719.1299 1.7778e-02
9722.0459 1.1141e-02
9724.9629 1.0854e-02
9727.8809 1.9044e-02
9730.7988 1.9743e-02
9733.7178 1.5633e-02
9736.6387 1.9383e-02
9739.5586 1.0711e-02
9742.4805 1.6720e-02
9745.4033 1.3617e-02
9748.3281 1.2971e-02
9751.2520 1.5170e-02
9754.1777 1.3427e-02
9757.1035 1.0973e-02
9760.0303 1.6928e-02
9762.9590 1.6221e-02
9765.8877 1.1082e-02
9768.8174 1.4931e-02
9771.7480 1.3616e-02
9774.6797 1.5939e-02
9777.6113 1.2312e-02
9780.5459 1.2676e-02
9783.4795 1.6696e-02
9786.4141 1.4549e-02
9789.3496 1.6603e-02
9792.2871 1.2855e-02
9795.2256 1.8151e-02
9798.1641 1.0147e-02
9801.1035 2.1726e-02
9804.0430 1.3496e-02
9806.9844 1.1308e-02
9809.9268 1.1906e-02
9812.8691 1.1960e-02
9815.8125 1.1375e-02
9818.7578 1.6284e-02
9821.7041 1.4841e-02
9824.6494 1.7306e-02
9827.5967 1.3678e-02
9830.5469 1.1954e-02
9833.4951 1.5549e-02
9836.4453 1.2583e-02
9839.3965 1.3609e-02
9842.3486 1.5229e-02
9845.2998 9.2232e-03
9848.2549 1.3373e-02
9851.2080 1.4319e-02
9854.1641 1.6237e-02
9857.1201 1.7262e-02
9860.0771 1.2575e-02
9863.0361 1.5121e-02
9865.9941 1.1035e-02
9868.9541 1.6756e-02
9871.9150 9.2377e-03
9874.8760 1.5811e-02
9877.8389 1.5477e-02
9880.8018 1.0200e-02
9883.7666 1.4079e-02
9886.7324 1.1114e-02
9889.6982 1.0888e-02
9892.6641 1.1463e-02
9895.6338 1.4044e-02
9898.6016 1.1218e-02
9901.5713 8.3470e-03
9904.5420 1.6979e-02
9907.5127 1.0032e-02
9910.4854 1.0399e-02
9913.4590 1.3612e-02
9916.4326 1.3633e-02
9919.4072 1.3706e-02
9922.3828 1.2447e-02
9925.3584 1.7395e-02
9928.3379 1.2671e-02
9931.3164 1.7459e-02
9934.2949 1.3971e-02
9937.2754 1.3612e-02
9940.2568 5.1921e-03
9943.2383 1.0448e-02
9946.2207 1.1036e-02
9949.2061 1.4246e-02
9952.1904 1.3101e-02
9955.1758 1.3308e-02
9958.1631 7.5597e-03
9961.1494 1.1068e-02
9964.1387 1.8337e-02
9967.1279 1.3408e-02
9970.1182 1.7767e-02
9973.1084 9.0423e-03
9976.1006 8.1764e-03
9979.0928 1.0830e-02
9982.0859 1.1107e-02
9985.0820 1.5883e-02
9988.0771 1.3223e-02
9991.0732 1.1798e-02
9994.0713 1.1136e-02
9997.0693 1.4681e-02
10000.0684 1.0895e-02
10003.0674 1.5707e-02
10006.0684 1.0432e-02
10009.0713 7.6740e-03
10012.0742 8.4089e-03
10015.0771 9.7947e-03
10018.0820 9.1363e-03
10021.0879 9.7014e-03
10024.0938 1.4115e-02
10027.1006 1.4853e-02
10030.1084 1.0848e-02
10033.1172 1.1036e-02
10036.1270 1.7217e-02
10039.1387 7.5149e-03
10042.1504 1.5289e-02
10045.1631 1.4089e-02
10048.1768 9.1807e-03
10051.1924 1.2566e-02
10054.2061 1.2285e-02
10057.2227 7.6476e-03
10060.2402 1.1680e-02
10063.2578 1.3912e-02
10066.2773 1.1547e-02
10069.2969 1.1959e-02
10072.3174 9.2271e-03
10075.3379 1.3206e-02
10078.3623 1.0589e-02
10081.3848 1.5466e-02
10084.4102 1.0459e-02
10087.4346 1.2194e-02
10090.4619 1.7188e-02
10093.4883 9.9253e-03
10096.5166 6.5235e-03
10099.5459 1.5231e-02
10102.5742 1.1339e-02
10105.6055 7.9809e-03
10108.6367 6.6334e-03
10111.6709 1.1879e-02
10114.7041 1.3956e-02
10117.7383 1.2808e-02
10120.7734 9.6874e-03
10123.8105 1.4807e-02
10126.8477 8.0944e-03
10129.8857 1.4458e-02
10132.9248 1.4038e-02
10135.9648 1.0317e-02
10139.0049 8.4381e-03
10142.0479 1.0013e-02
10145.0879 9.8826e-03
10148.1318 1.1267e-02
10151.1768 8.0261e-03
10154.2227 1.2564e-02
10157.2686 1.1042e-02
10160.3154 1.0298e-02
10163.3643 1.1432e-02
10166.4121 1.0525e-02
10169.4629 9.6413e-03
10172.5137 1.1345e-02
10175.5654 7.9035e-03
10178.6191 1.1899e-02
10181.6719 1.1104e-02
10184.7256 1.2540e-02
10187.7822 6.7838e-03
10190.8379 1.0222e-02
10193.8945 1.1133e-02
10196.9541 9.9951e-03
10200.0127 1.1765e-02
10203.0723 4.9330e-03
10206.1328 1.1501e-02
10209.1953 1.9109e-02
10212.2578 1.1574e-02
10215.3223 7.4939e-03
10218.3867 9.6792e-03
10221.4521 8.0635e-03
10224.5186 5.9248e-03
10227.5850 6.5231e-03
10230.6543 8.8756e-03
10233.7246 1.3900e-02
10236.7930 5.8008e-03
10239.8643 8.9256e-03
10242.9355 9.4396e-03
10246.0098 9.9997e-03
10249.0830 1.1008e-02
10252.1572 1.5902e-02
10255.2334 1.1720e-02
10258.3096 9.5010e-03
10261.3877 9.5019e-03
10264.4648 1.7177e-02
10267.5449 9.6124e-03
10270.6250 1.2170e-02
