# time_explosion = 5.75
# 
3082.8928 2.5218e-02
3083.8179 4.5946e-02
3084.7432 5.0101e-02
3085.6685 3.2867e-02
3086.5940 4.6774e-02
3087.5200 4.1081e-02
3088.4463 2.1057e-02
3089.3728 3.4408e-02
3090.2996 2.1182e-02
3091.2268 4.2671e-02
3092.1541 3.1565e-02
3093.0815 1.8035e-02
3094.0098 3.4940e-02
3094.9380 3.4379e-02
3095.8665 1.7834e-02
3096.7952 1.8578e-02
3097.7241 2.2342e-02
3098.6536 3.0449e-02
3099.5828 2.0134e-02
3100.5129 7.0104e-02
3101.4431 1.9690e-02
3102.3735 4.5671e-02
3103.3042 3.0015e-02
3104.2354 2.0567e-02
3105.1665 2.9826e-02
3106.0981 2.8871e-02
3107.0300 1.5440e-02
3107.9619 2.9908e-02
3108.8943 5.0993e-02
3109.8269 2.9170e-02
3110.7600 3.3200e-02
3111.6929 3.9203e-02
3112.6265 3.9444e-02
3113.5605 2.6400e-02
3114.4944 2.9989e-02
3115.4290 4.1557e-02
3116.3635 2.9000e-02
3117.2986 3.0959e-02
3118.2336 2.9269e-02
3119.1689 2.8420e-02
3120.1047 1.8052e-02
3121.0410 2.9955e-02
3121.9773 2.4396e-02
3122.9136 1.9657e-02
3123.8508 1.9293e-02
3124.7878 2.4804e-02
3125.7251 3.7784e-02
3126.6628 2.1891e-02
3127.6008 2.6882e-02
3128.5393 1.6732e-02
3129.4778 4.1214e-02
3130.4170 4.9035e-02
3131.3557 1.9128e-02
3132.2954 2.3093e-02
3133.2349 3.6236e-02
3134.1748 2.0037e-02
3135.1150 1.4638e-02
3136.0559 3.4484e-02
3136.9968 1.5715e-02
3137.9377 3.2169e-02
3138.8789 1.3711e-02
3139.8206 2.1889e-02
3140.7625 2.7581e-02
3141.7046 1.2139e-02
3142.6472 5.0780e-02
3143.5901 4.6761e-02
3144.5334 1.5527e-02
3145.4766 3.7246e-02
3146.4202 2.3454e-02
3147.3643 3.3425e-02
3148.3086 2.3821e-02
3149.2529 3.5919e-03
3150.1975 2.3450e-02
3151.1426 2.8890e-02
3152.0881 2.1602e-02
3153.0337 2.5763e-02
3153.9795 3.1342e-02
3154.9255 3.8972e-02
3155.8723 3.4642e-02
3156.8188 1.3968e-02
3157.7661 2.7409e-02
3158.7134 3.6692e-02
3159.6609 3.1882e-02
3160.6086 2.2447e-02
3161.5571 2.5739e-02
3162.5054 4.2670e-02
3163.4541 3.5881e-02
3164.4031 3.2590e-02
3165.3528 4.8839e-02
3166.3022 2.5227e-02
3167.2522 4.8338e-02
3168.2024 1.7370e-02
3169.1526 5.3156e-02
3170.1035 2.6293e-02
3171.0544 1.7889e-02
3172.0061 2.5127e-02
3172.9573 2.7026e-02
3173.9092 3.5615e-02
3174.8613 2.7162e-02
3175.8140 2.8017e-02
3176.7668 2.9003e-02
3177.7197 2.2606e-02
3178.6729 3.5407e-02
3179.6267 4.4608e-02
3180.5808 2.0866e-02
3181.5347 2.9135e-02
3182.4893 4.1356e-02
3183.4438 3.8419e-02
3184.3987 2.9041e-02
3185.3542 2.2860e-02
3186.3101 2.0344e-02
3187.2659 3.5395e-02
3188.2217 3.6909e-02
3189.1785 1.3714e-02
3190.1350 2.2646e-02
3191.0920 3.0544e-02
3192.0493 2.6690e-02
3193.0071 2.1317e-02
3193.9651 2.9319e-02
3194.9233 3.6016e-02
3195.8818 3.4425e-02
3196.8408 2.0116e-02
3197.7996 3.7343e-02
3198.7590 2.7435e-02
3199.7185 4.2585e-02
3200.6782 3.9086e-02
3201.6387 2.0908e-02
3202.5991 3.9333e-02
3203.5598 3.2278e-02
3204.5208 2.0117e-02
3205.4824 2.3418e-02
3206.4441 3.2111e-02
3207.4058 3.4845e-02
3208.3682 4.6913e-02
3209.3306 4.3802e-02
3210.2935 5.0610e-02
3211.2563 3.3522e-02
3212.2200 3.2700e-02
3213.1833 2.5733e-02
3214.1472 2.5935e-02
3215.1118 4.7961e-02
3216.0764 2.6884e-02
3217.0413 3.1368e-02
3218.0061 2.6671e-02
3218.9714 4.2162e-02
3219.9373 2.0729e-02
3220.9031 2.3613e-02
3221.8699 4.7803e-02
3222.8362 2.5314e-02
3223.8030 3.6810e-02
3224.7700 2.9161e-02
3225.7375 3.4241e-02
3226.7053 2.2768e-02
3227.6731 4.2105e-02
3228.6416 2.0755e-02
3229.6101 1.0542e-02
3230.5791 3.6012e-02
3231.5483 2.9922e-02
3232.5178 2.4323e-02
3233.4875 3.5891e-02
3234.4575 4.1953e-02
3235.4280 3.7708e-02
3236.3984 2.4929e-02
3237.3691 4.0294e-02
3238.3403 5.1777e-02
3239.3120 2.9781e-02
3240.2839 3.3471e-02
3241.2559 3.5140e-02
3242.2285 2.4439e-02
3243.2012 4.6174e-02
3244.1743 4.9757e-02
3245.1472 5.1131e-02
3246.1208 4.1394e-02
3247.0947 2.5455e-02
3248.0688 2.9645e-02
3249.0432 4.5123e-02
3250.0178 2.3349e-02
3250.9929 1.5856e-02
3251.9680 3.6483e-02
3252.9438 2.5541e-02
3253.9194 4.6132e-02
3254.8958 3.5509e-02
3255.8723 1.5611e-02
3256.8489 3.4817e-02
3257.8262 4.2889e-02
3258.8035 1.2547e-02
3259.7810 2.8404e-02
3260.7593 3.7220e-02
3261.7373 2.4141e-02
3262.7158 4.4233e-02
3263.6946 4.2424e-02
3264.6736 3.7742e-02
3265.6531 2.5749e-02
3266.6331 2.8027e-02
3267.6130 1.5940e-02
3268.5930 5.5081e-02
3269.5735 2.5170e-02
3270.5544 3.6208e-02
3271.5356 4.9470e-02
3272.5171 5.8869e-02
3273.4990 3.1078e-02
3274.4812 2.5756e-02
3275.4634 4.9002e-02
3276.4458 4.3334e-02
3277.4287 5.6102e-02
3278.4124 4.2526e-02
3279.3958 3.8993e-02
3280.3794 3.9261e-02
3281.3635 4.8918e-02
3282.3479 5.4148e-02
3283.3325 2.5228e-02
3284.3179 5.5246e-02
3285.3030 3.9931e-02
3286.2888 5.3844e-02
3287.2744 2.4262e-02
3288.2605 3.7567e-02
3289.2471 4.3850e-02
3290.2339 4.4348e-02
3291.2212 4.5173e-02
3292.2083 4.4851e-02
3293.1958 4.4909e-02
3294.1838 4.6370e-02
3295.1724 5.6852e-02
3296.1609 4.1490e-02
3297.1497 4.5305e-02
3298.1387 6.5323e-02
3299.1282 2.4020e-02
3300.1177 6.4146e-02
3301.1079 5.8505e-02
3302.0984 4.6381e-02
3303.0889 3.6997e-02
3304.0798 4.5050e-02
3305.0713 5.4271e-02
3306.0627 5.2604e-02
3307.0544 4.3490e-02
3308.0466 6.4569e-02
3309.0391 7.7779e-02
3310.0317 6.2094e-02
3311.0247 6.1678e-02
3312.0178 5.6979e-02
3313.0117 5.8857e-02
3314.0054 5.4448e-02
3315.0000 5.7142e-02
3315.9941 5.9999e-02
3316.9890 5.6909e-02
3317.9839 6.7556e-02
3318.9795 5.7816e-02
3319.9751 4.9978e-02
3320.9712 6.7743e-02
3321.9678 6.1275e-02
3322.9639 4.8966e-02
3323.9607 7.8410e-02
3324.9580 6.8193e-02
3325.9558 6.3996e-02
3326.9536 5.2683e-02
3327.9514 7.0023e-02
3328.9497 6.1733e-02
3329.9482 5.7728e-02
3330.9475 4.8597e-02
3331.9468 4.5980e-02
3332.9463 4.9416e-02
3333.9463 7.1268e-02
3334.9463 3.6260e-02
3335.9473 6.9628e-02
3336.9478 6.2336e-02
3337.9487 7.2755e-02
3338.9502 1.1209e-01
3339.9517 5.4722e-02
3340.9536 7.2630e-02
3341.9561 8.2655e-02
3342.9587 4.5816e-02
3343.9614 5.1751e-02
3344.9651 6.2676e-02
3345.9685 6.6517e-02
3346.9722 8.5085e-02
3347.9763 7.7046e-02
3348.9805 7.8369e-02
3349.9854 8.1378e-02
3350.9902 6.9084e-02
3351.9956 7.5522e-02
3353.0010 8.3880e-02
3354.0073 6.2186e-02
3355.0129 8.3936e-02
3356.0198 8.5538e-02
3357.0264 8.5962e-02
3358.0334 7.8244e-02
3359.0410 9.6844e-02
3360.0488 4.5631e-02
3361.0569 7.2243e-02
3362.0654 9.6443e-02
3363.0740 6.1542e-02
3364.0828 8.1284e-02
3365.0918 8.9157e-02
3366.1013 5.2414e-02
3367.1113 7.6906e-02
3368.1213 7.6891e-02
3369.1318 7.4805e-02
3370.1426 7.2593e-02
3371.1536 1.1871e-01
3372.1650 5.5151e-02
3373.1768 7.3077e-02
3374.1885 7.5524e-02
3375.2004 9.3837e-02
3376.2134 6.0964e-02
3377.2261 9.3346e-02
3378.2395 1.0115e-01
3379.2529 9.3246e-02
3380.2664 7.6284e-02
3381.2805 6.2359e-02
3382.2952 9.4561e-02
3383.3098 6.6967e-02
3384.3250 1.0488e-01
3385.3401 8.0273e-02
3386.3557 8.0851e-02
3387.3716 1.0660e-01
3388.3879 1.0676e-01
3389.4045 8.1653e-02
3390.4211 8.7003e-02
3391.4385 7.1035e-02
3392.4558 7.6479e-02
3393.4736 1.1631e-01
3394.4915 7.0006e-02
3395.5100 9.0541e-02
3396.5286 9.0621e-02
3397.5474 7.9741e-02
3398.5667 7.2294e-02
3399.5862 1.0145e-01
3400.6062 8.9457e-02
3401.6262 8.3032e-02
3402.6467 9.1332e-02
3403.6677 1.1333e-01
3404.6887 7.8376e-02
3405.7100 7.3448e-02
3406.7319 1.1342e-01
3407.7539 8.2280e-02
3408.7764 8.8555e-02
3409.7988 9.6201e-02
3410.8218 9.1344e-02
3411.8450 8.8952e-02
3412.8687 1.0302e-01
3413.8923 9.9113e-02
3414.9167 8.6547e-02
3415.9412 8.0927e-02
3416.9658 8.2359e-02
3417.9907 8.1221e-02
3419.0164 6.4225e-02
3420.0420 1.0324e-01
3421.0681 1.1670e-01
3422.0945 1.1359e-01
3423.1208 7.9570e-02
3424.1479 1.1003e-01
3425.1753 7.5788e-02
3426.2029 8.6854e-02
3427.2307 9.2578e-02
3428.2588 1.1464e-01
3429.2871 8.1341e-02
3430.3159 1.1016e-01
3431.3452 9.4124e-02
3432.3748 9.0378e-02
3433.4041 9.1542e-02
3434.4346 8.2153e-02
3435.4646 1.1283e-01
3436.4954 9.5858e-02
3437.5261 8.7223e-02
3438.5579 8.9106e-02
3439.5894 9.2940e-02
3440.6208 8.0466e-02
3441.6531 1.0651e-01
3442.6855 8.2713e-02
3443.7183 8.0836e-02
3444.7515 7.6228e-02
3445.7852 1.2046e-01
3446.8186 1.2429e-01
3447.8525 1.0670e-01
3448.8872 7.8013e-02
3449.9216 8.1657e-02
3450.9568 1.0404e-01
3451.9919 9.9612e-02
3453.0276 9.5177e-02
3454.0637 7.4309e-02
3455.0999 7.1303e-02
3456.1362 8.7312e-02
3457.1731 8.5367e-02
3458.2102 8.3392e-02
3459.2476 1.0217e-01
3460.2856 9.3818e-02
3461.3235 9.0818e-02
3462.3621 9.4140e-02
3463.4004 6.5453e-02
3464.4399 1.2627e-01
3465.4790 1.1573e-01
3466.5188 9.6076e-02
3467.5586 1.0045e-01
3468.5989 9.5042e-02
3469.6394 9.7658e-02
3470.6804 8.8957e-02
3471.7217 9.9103e-02
3472.7629 1.0134e-01
3473.8049 9.4186e-02
3474.8469 8.0079e-02
3475.8894 6.5630e-02
3476.9321 1.0725e-01
3477.9751 9.2210e-02
3479.0188 7.9828e-02
3480.0625 1.1660e-01
3481.1064 1.0784e-01
3482.1509 8.4702e-02
3483.1956 8.4336e-02
3484.2407 9.3177e-02
3485.2856 9.5891e-02
3486.3313 1.0354e-01
3487.3772 8.9592e-02
3488.4233 1.2041e-01
3489.4697 1.1083e-01
3490.5168 6.8942e-02
3491.5640 1.0218e-01
3492.6116 9.9601e-02
3493.6592 8.8613e-02
3494.7073 1.2281e-01
3495.7556 8.0508e-02
3496.8044 7.2492e-02
3497.8535 6.8793e-02
3498.9026 1.0086e-01
3499.9526 8.9565e-02
3501.0024 6.2781e-02
3502.0527 7.4357e-02
3503.1033 8.0516e-02
3504.1543 8.8224e-02
3505.2058 8.1406e-02
3506.2571 8.5743e-02
3507.3088 7.7772e-02
3508.3613 6.3029e-02
3509.4136 9.9682e-02
3510.4663 6.9857e-02
3511.5193 7.8343e-02
3512.5730 7.8768e-02
3513.6270 9.2285e-02
3514.6809 8.7847e-02
3515.7351 6.1431e-02
3516.7898 8.9764e-02
3517.8452 6.9457e-02
3518.9004 5.8154e-02
3519.9561 7.0390e-02
3521.0122 6.1471e-02
3522.0686 8.6978e-02
3523.1250 9.7069e-02
3524.1821 8.3282e-02
3525.2390 7.6946e-02
3526.2969 5.0073e-02
3527.3547 7.2395e-02
3528.4126 5.6836e-02
3529.4714 7.3816e-02
3530.5303 5.3574e-02
3531.5894 6.2177e-02
3532.6487 6.4771e-02
3533.7090 5.5506e-02
3534.7688 5.4966e-02
3535.8293 6.8909e-02
3536.8901 7.6040e-02
3537.9512 7.4311e-02
3539.0122 8.0767e-02
3540.0740 7.6222e-02
3541.1360 7.3522e-02
3542.1987 6.7966e-02
3543.2612 8.5284e-02
3544.3245 9.2957e-02
3545.3875 6.1650e-02
3546.4509 9.5785e-02
3547.5154 6.5188e-02
3548.5793 8.8650e-02
3549.6438 7.7235e-02
3550.7087 7.5463e-02
3551.7739 6.5290e-02
3552.8396 5.0982e-02
3553.9053 7.5172e-02
3554.9714 7.9736e-02
3556.0378 6.1862e-02
3557.1050 5.5292e-02
3558.1716 8.0973e-02
3559.2395 7.4266e-02
3560.3071 8.1256e-02
3561.3752 8.0865e-02
3562.4436 7.0627e-02
3563.5125 6.8860e-02
3564.5813 7.5097e-02
3565.6506 8.0300e-02
3566.7205 6.7678e-02
3567.7905 1.0631e-01
3568.8611 5.9033e-02
3569.9316 8.1016e-02
3571.0027 5.5873e-02
3572.0737 6.9947e-02
3573.1455 6.2459e-02
3574.2175 7.9159e-02
3575.2896 5.1433e-02
3576.3625 7.3125e-02
3577.4351 5.3616e-02
3578.5083 6.7151e-02
3579.5820 5.8184e-02
3580.6560 8.6021e-02
3581.7300 7.7721e-02
3582.8047 5.8812e-02
3583.8792 7.4909e-02
3584.9546 8.4579e-02
3586.0298 7.8317e-02
3587.1060 8.2409e-02
3588.1821 5.8172e-02
3589.2583 6.8627e-02
3590.3352 5.0836e-02
3591.4124 5.7360e-02
3592.4897 5.4706e-02
3593.5671 6.2002e-02
3594.6455 8.1751e-02
3595.7241 7.3947e-02
3596.8025 6.4578e-02
3597.8818 5.4070e-02
3598.9609 5.8847e-02
3600.0405 5.2708e-02
3601.1204 6.6963e-02
3602.2009 7.0558e-02
3603.2817 5.9897e-02
3604.3625 8.3665e-02
3605.4441 5.8488e-02
3606.5256 7.5710e-02
3607.6074 7.1023e-02
3608.6899 7.8775e-02
3609.7725 6.0723e-02
3610.8552 6.5390e-02
3611.9385 6.5425e-02
3613.0222 6.6578e-02
3614.1062 8.3944e-02
3615.1904 6.4131e-02
3616.2749 9.2862e-02
3617.3599 7.5434e-02
3618.4451 7.6677e-02
3619.5303 7.5439e-02
3620.6165 6.6440e-02
3621.7024 3.5860e-02
3622.7891 6.6971e-02
3623.8760 7.7702e-02
3624.9631 8.3728e-02
3626.0508 7.3190e-02
3627.1382 6.5078e-02
3628.2266 5.9573e-02
3629.3152 5.7534e-02
3630.4038 4.5355e-02
3631.4927 7.6855e-02
3632.5825 5.2422e-02
3633.6721 8.9017e-02
3634.7622 5.7077e-02
3635.8528 8.3449e-02
3636.9434 7.0374e-02
3638.0347 7.1011e-02
3639.1257 8.8956e-02
3640.2178 8.0850e-02
3641.3098 7.5611e-02
3642.4021 7.9885e-02
3643.4946 5.0370e-02
3644.5881 6.2964e-02
3645.6814 5.8114e-02
3646.7751 7.3971e-02
3647.8691 7.9542e-02
3648.9634 9.6229e-02
3650.0581 6.7056e-02
3651.1533 8.5618e-02
3652.2480 6.8352e-02
3653.3442 6.3030e-02
3654.4402 6.8520e-02
3655.5364 7.7653e-02
3656.6333 6.8188e-02
3657.7300 1.0159e-01
3658.8274 8.0828e-02
3659.9250 8.0145e-02
3661.0232 8.1542e-02
3662.1213 1.0177e-01
3663.2202 6.7390e-02
3664.3188 8.2708e-02
3665.4182 8.8972e-02
3666.5181 7.0715e-02
3667.6179 9.0896e-02
3668.7183 7.7897e-02
3669.8186 5.5309e-02
3670.9197 8.3454e-02
3672.0210 6.3894e-02
3673.1226 5.2781e-02
3674.2241 5.1822e-02
3675.3269 7.6641e-02
3676.4294 7.5538e-02
3677.5325 9.0599e-02
3678.6355 5.4295e-02
3679.7390 5.9754e-02
3680.8430 5.8431e-02
3681.9473 6.4234e-02
3683.0518 6.5194e-02
3684.1570 6.7665e-02
3685.2620 5.0071e-02
3686.3677 5.6029e-02
3687.4739 5.5302e-02
3688.5796 4.4006e-02
3689.6865 7.0682e-02
3690.7932 5.2196e-02
3691.9006 4.9645e-02
3693.0081 6.7729e-02
3694.1160 8.1440e-02
3695.2241 4.3291e-02
3696.3328 5.9897e-02
3697.4417 5.6689e-02
3698.5508 5.8566e-02
3699.6606 9.1752e-02
3700.7703 5.6013e-02
3701.8806 7.1807e-02
3702.9910 3.6841e-02
3704.1023 7.5596e-02
3705.2136 5.7096e-02
3706.3247 5.3556e-02
3707.4370 6.3057e-02
3708.5491 6.8085e-02
3709.6616 5.3939e-02
3710.7744 5.6269e-02
3711.8877 6.7393e-02
3713.0012 8.0468e-02
3714.1152 7.9268e-02
3715.2292 6.3358e-02
3716.3440 5.2659e-02
3717.4590 7.3741e-02
3718.5742 5.2037e-02
3719.6897 6.0308e-02
3720.8057 7.4238e-02
3721.9219 5.7784e-02
3723.0383 6.6809e-02
3724.1553 6.0332e-02
3725.2725 6.1245e-02
3726.3904 6.3492e-02
3727.5081 5.7724e-02
3728.6265 5.4144e-02
3729.7451 5.9374e-02
3730.8640 6.7339e-02
3731.9832 7.7299e-02
3733.1028 5.2843e-02
3734.2227 6.1247e-02
3735.3428 5.0793e-02
3736.4636 5.4714e-02
3737.5842 5.2601e-02
3738.7056 6.6874e-02
3739.8276 4.9272e-02
3740.9490 3.9762e-02
3742.0718 5.2967e-02
3743.1943 5.9655e-02
3744.3171 5.6038e-02
3745.4404 5.3352e-02
3746.5640 5.6126e-02
3747.6880 5.0985e-02
3748.8125 6.6335e-02
3749.9368 5.2387e-02
3751.0620 6.2851e-02
3752.1873 4.5939e-02
3753.3130 4.5576e-02
3754.4387 5.2828e-02
3755.5652 5.9114e-02
3756.6919 4.0794e-02
3757.8188 3.3397e-02
3758.9463 4.0513e-02
3760.0737 4.5265e-02
3761.2019 4.0637e-02
3762.3306 4.3893e-02
3763.4590 5.6263e-02
3764.5881 5.4792e-02
3765.7175 7.1597e-02
3766.8472 5.1559e-02
3767.9771 6.2369e-02
3769.1079 6.0648e-02
3770.2383 6.4140e-02
3771.3694 4.9985e-02
3772.5007 4.8849e-02
3773.6328 5.0649e-02
3774.7646 5.5940e-02
3775.8972 3.6708e-02
3777.0298 5.0594e-02
3778.1628 5.4167e-02
3779.2964 5.0619e-02
3780.4302 7.3067e-02
3781.5642 6.0270e-02
3782.6987 4.5225e-02
3783.8335 5.6396e-02
3784.9690 7.0179e-02
3786.1042 4.4768e-02
3787.2400 5.7215e-02
3788.3762 3.5838e-02
3789.5125 6.9657e-02
3790.6497 6.2829e-02
3791.7869 4.7687e-02
3792.9246 3.4926e-02
3794.0625 4.5362e-02
3795.2007 4.2645e-02
3796.3391 3.7186e-02
3797.4778 4.6759e-02
3798.6169 5.2110e-02
3799.7568 5.4407e-02
3800.8967 5.7241e-02
3802.0371 4.4854e-02
3803.1775 4.4179e-02
3804.3181 4.6387e-02
3805.4597 6.2588e-02
3806.6013 5.5392e-02
3807.7434 6.2126e-02
3808.8857 5.3975e-02
3810.0286 5.4922e-02
3811.1714 5.7813e-02
3812.3149 3.5916e-02
3813.4583 5.1215e-02
3814.6025 4.9528e-02
3815.7468 4.9527e-02
3816.8916 5.4712e-02
3818.0369 5.4994e-02
3819.1824 7.6941e-02
3820.3281 5.8820e-02
3821.4741 4.4234e-02
3822.6201 4.9730e-02
3823.7671 7.1893e-02
3824.9143 5.6447e-02
3826.0615 7.5002e-02
3827.2097 6.2582e-02
3828.3577 4.4580e-02
3829.5063 7.0368e-02
3830.6553 6.5159e-02
3831.8044 8.0693e-02
3832.9539 7.2090e-02
3834.1035 5.9697e-02
3835.2539 8.1133e-02
3836.4045 5.4697e-02
3837.5554 7.2795e-02
3838.7068 6.7859e-02
3839.8582 9.5010e-02
3841.0103 8.5721e-02
3842.1628 7.1104e-02
3843.3152 7.2502e-02
3844.4683 7.6470e-02
3845.6216 4.6991e-02
3846.7754 6.9072e-02
3847.9294 7.6184e-02
3849.0835 7.5729e-02
3850.2383 6.4192e-02
3851.3933 7.6117e-02
3852.5488 7.4702e-02
3853.7051 6.8696e-02
3854.8606 8.9147e-02
3856.0173 5.0598e-02
3857.1741 8.0038e-02
3858.3313 6.1118e-02
3859.4883 6.0276e-02
3860.6465 9.9021e-02
3861.8047 4.6217e-02
3862.9631 9.3584e-02
3864.1221 7.0986e-02
3865.2815 7.6023e-02
3866.4412 1.0970e-01
3867.6011 9.1080e-02
3868.7610 8.3778e-02
3869.9216 1.0059e-01
3871.0828 7.9537e-02
3872.2441 9.1130e-02
3873.4058 8.4601e-02
3874.5676 5.9389e-02
3875.7302 8.6586e-02
3876.8931 7.7187e-02
3878.0559 1.2391e-01
3879.2192 1.0594e-01
3880.3831 1.0835e-01
3881.5474 9.8131e-02
3882.7119 1.2741e-01
3883.8767 7.1823e-02
3885.0420 9.7646e-02
3886.2073 6.5030e-02
3887.3728 8.8548e-02
3888.5391 8.8394e-02
3889.7061 1.0406e-01
3890.8730 1.1859e-01
3892.0400 9.1074e-02
3893.2078 9.0620e-02
3894.3755 1.1353e-01
3895.5439 7.9747e-02
3896.7126 1.3509e-01
3897.8813 9.4653e-02
3899.0508 1.1933e-01
3900.2209 1.1244e-01
3901.3909 1.2893e-01
3902.5613 1.1341e-01
3903.7322 9.6475e-02
3904.9031 1.0040e-01
3906.0747 1.3958e-01
3907.2463 1.0548e-01
3908.4187 1.1899e-01
3909.5911 9.9444e-02
3910.7642 1.1999e-01
3911.9373 1.3307e-01
3913.1111 1.3132e-01
3914.2849 1.2201e-01
3915.4592 1.2261e-01
3916.6335 1.2622e-01
3917.8086 1.2393e-01
3918.9839 1.0204e-01
3920.1597 1.2495e-01
3921.3359 1.1724e-01
3922.5120 1.2570e-01
3923.6887 1.3925e-01
3924.8660 9.9327e-02
3926.0432 1.1041e-01
3927.2212 1.1367e-01
3928.3994 1.0835e-01
3929.5779 1.3419e-01
3930.7568 1.2270e-01
3931.9360 1.1261e-01
3933.1157 1.4031e-01
3934.2954 1.0655e-01
3935.4758 1.2684e-01
3936.6562 1.2779e-01
3937.8374 1.1340e-01
3939.0186 1.1632e-01
3940.2004 1.2845e-01
3941.3826 1.1523e-01
3942.5649 1.1725e-01
3943.7478 8.4269e-02
3944.9307 1.2124e-01
3946.1147 9.9614e-02
3947.2983 1.2044e-01
3948.4824 1.4428e-01
3949.6670 1.2719e-01
3950.8521 1.2600e-01
3952.0369 1.3599e-01
3953.2227 9.4182e-02
3954.4089 1.3551e-01
3955.5950 1.4514e-01
3956.7812 1.3360e-01
3957.9688 1.5795e-01
3959.1560 1.3011e-01
3960.3438 1.2321e-01
3961.5320 1.2412e-01
3962.7202 1.3598e-01
3963.9094 1.4076e-01
3965.0984 1.7223e-01
3966.2881 1.5325e-01
3967.4778 1.1615e-01
3968.6680 1.3098e-01
3969.8584 1.4381e-01
3971.0498 1.2571e-01
3972.2412 1.2447e-01
3973.4326 1.3458e-01
3974.6248 1.1545e-01
3975.8171 1.3185e-01
3977.0095 1.3727e-01
3978.2029 1.1439e-01
3979.3962 1.3529e-01
3980.5901 1.2461e-01
3981.7844 1.6656e-01
3982.9790 1.3009e-01
3984.1736 1.8345e-01
3985.3691 1.4580e-01
3986.5647 1.5660e-01
3987.7605 1.4299e-01
3988.9568 1.4854e-01
3990.1538 1.4657e-01
3991.3506 1.4236e-01
3992.5481 1.4657e-01
3993.7456 1.2885e-01
3994.9441 1.2490e-01
3996.1423 1.1928e-01
3997.3413 1.5442e-01
3998.5408 1.3636e-01
3999.7397 1.5499e-01
4000.9402 1.6269e-01
4002.1401 1.5660e-01
4003.3408 1.1557e-01
4004.5415 1.5805e-01
4005.7434 1.4013e-01
4006.9448 1.1722e-01
4008.1470 1.1629e-01
4009.3496 1.3574e-01
4010.5522 1.4471e-01
4011.7556 1.2030e-01
4012.9587 1.3548e-01
4014.1628 1.1787e-01
4015.3672 1.5551e-01
4016.5715 1.1367e-01
4017.7769 1.3635e-01
4018.9817 1.1477e-01
4020.1875 1.2685e-01
4021.3936 1.6393e-01
4022.6003 1.0562e-01
4023.8071 1.3243e-01
4025.0142 1.2229e-01
4026.2214 1.8041e-01
4027.4294 1.3218e-01
4028.6377 1.3595e-01
4029.8462 1.2618e-01
4031.0554 1.3007e-01
4032.2646 1.2288e-01
4033.4744 1.4869e-01
4034.6843 1.4740e-01
4035.8945 1.2654e-01
4037.1052 1.5109e-01
4038.3167 1.1714e-01
4039.5281 1.0013e-01
4040.7397 1.7980e-01
4041.9524 1.1610e-01
4043.1648 1.1542e-01
4044.3777 1.1955e-01
4045.5913 9.6080e-02
4046.8047 1.1555e-01
4048.0186 1.3137e-01
4049.2332 1.1138e-01
4050.4480 1.0963e-01
4051.6628 1.0153e-01
4052.8784 1.1769e-01
4054.0942 1.5572e-01
4055.3108 1.2729e-01
4056.5273 1.3093e-01
4057.7444 1.3980e-01
4058.9614 1.1268e-01
4060.1792 9.1981e-02
4061.3970 1.2493e-01
4062.6155 1.1317e-01
4063.8345 1.2091e-01
4065.0535 1.1116e-01
4066.2732 1.2254e-01
4067.4929 9.7328e-02
4068.7131 1.4399e-01
4069.9338 1.2550e-01
4071.1548 1.1265e-01
4072.3762 8.3251e-02
4073.5981 1.0194e-01
4074.8201 1.2132e-01
4076.0427 1.0083e-01
4077.2654 8.8355e-02
4078.4885 1.1244e-01
4079.7119 1.0482e-01
4080.9358 9.7923e-02
4082.1602 1.1904e-01
4083.3845 1.0210e-01
4084.6099 1.0476e-01
4085.8354 1.4627e-01
4087.0608 1.1594e-01
4088.2869 9.6396e-02
4089.5137 1.0132e-01
4090.7407 1.1508e-01
4091.9678 1.0240e-01
4093.1953 1.0484e-01
4094.4233 1.1295e-01
4095.6519 1.2059e-01
4096.8799 1.0093e-01
4098.1094 1.1050e-01
4099.3384 1.1429e-01
4100.5684 1.1914e-01
4101.7988 9.4014e-02
4103.0293 1.1697e-01
4104.2598 1.3457e-01
4105.4912 1.1118e-01
4106.7231 9.3287e-02
4107.9546 1.2391e-01
4109.1875 1.1622e-01
4110.4204 1.1803e-01
4111.6533 1.2569e-01
4112.8867 1.0511e-01
4114.1211 9.7634e-02
4115.3545 1.2520e-01
4116.5898 1.3652e-01
4117.8247 1.0583e-01
4119.0596 1.0344e-01
4120.2954 8.6478e-02
4121.5317 1.1673e-01
4122.7681 1.1960e-01
4124.0049 9.7037e-02
4125.2422 9.0539e-02
4126.4800 1.1170e-01
4127.7178 1.4669e-01
4128.9561 1.0442e-01
4130.1948 1.2945e-01
4131.4336 1.0659e-01
4132.6733 1.1202e-01
4133.9126 1.3141e-01
4135.1533 1.0955e-01
4136.3936 1.0491e-01
4137.6348 9.6307e-02
4138.8760 9.5337e-02
4140.1172 8.0558e-02
4141.3599 8.5992e-02
4142.6021 9.4018e-02
4143.8447 1.1194e-01
4145.0879 9.2566e-02
4146.3315 1.3815e-01
4147.5752 1.1586e-01
4148.8198 1.1782e-01
4150.0640 9.5851e-02
4151.3091 9.0437e-02
4152.5547 9.6410e-02
4153.8003 1.1908e-01
4155.0464 9.5841e-02
4156.2930 1.1493e-01
4157.5400 8.9024e-02
4158.7871 9.2744e-02
4160.0352 8.4324e-02
4161.2827 9.8513e-02
4162.5312 1.0178e-01
4163.7803 1.0729e-01
4165.0293 1.1440e-01
4166.2783 9.7175e-02
4167.5288 1.1842e-01
4168.7788 7.1960e-02
4170.0298 9.6885e-02
4171.2803 8.7155e-02
4172.5317 7.9146e-02
4173.7837 9.0894e-02
4175.0356 1.1713e-01
4176.2886 9.2920e-02
4177.5410 8.5130e-02
4178.7944 8.5638e-02
4180.0479 8.7381e-02
4181.3022 9.8471e-02
4182.5566 9.4758e-02
4183.8115 9.1155e-02
4185.0664 1.1869e-01
4186.3223 8.9673e-02
4187.5776 8.0231e-02
4188.8340 9.0095e-02
4190.0903 9.8187e-02
4191.3477 8.1972e-02
4192.6050 7.4918e-02
4193.8628 9.6081e-02
4195.1206 9.7192e-02
4196.3794 5.1351e-02
4197.6387 7.5443e-02
4198.8975 8.6781e-02
4200.1577 1.1744e-01
4201.4175 1.0758e-01
4202.6782 1.0836e-01
4203.9390 9.3187e-02
4205.2002 1.1205e-01
4206.4614 7.7315e-02
4207.7231 1.0314e-01
4208.9858 8.9155e-02
4210.2485 1.1156e-01
4211.5112 8.6900e-02
4212.7749 1.1044e-01
4214.0391 1.0090e-01
4215.3032 1.0514e-01
4216.5679 9.5687e-02
4217.8330 9.2038e-02
4219.0981 8.6723e-02
4220.3638 1.2215e-01
4221.6299 8.9685e-02
4222.8965 9.8597e-02
4224.1636 8.0139e-02
4225.4302 6.3934e-02
4226.6978 1.0434e-01
4227.9658 8.9081e-02
4229.2349 8.3836e-02
4230.5034 6.9799e-02
4231.7725 7.9751e-02
4233.0415 1.0943e-01
4234.3115 7.2787e-02
4235.5825 8.5945e-02
4236.8525 8.8912e-02
4238.1235 8.3525e-02
4239.3955 9.4514e-02
4240.6670 1.1560e-01
4241.9390 8.3419e-02
4243.2119 7.7856e-02
4244.4844 9.1939e-02
4245.7583 9.2993e-02
4247.0317 9.1174e-02
4248.3062 9.9842e-02
4249.5806 9.5550e-02
4250.8555 7.3042e-02
4252.1309 7.5694e-02
4253.4062 9.5445e-02
4254.6821 7.2732e-02
4255.9590 6.9267e-02
4257.2358 7.7377e-02
4258.5127 6.2279e-02
4259.7900 7.9390e-02
4261.0679 7.9514e-02
4262.3462 7.6586e-02
4263.6250 7.4629e-02
4264.9043 8.7174e-02
4266.1841 7.7424e-02
4267.4639 5.6142e-02
4268.7432 8.1804e-02
4270.0244 7.8695e-02
4271.3052 6.3901e-02
4272.5869 7.1567e-02
4273.8682 8.3088e-02
4275.1509 8.6235e-02
4276.4336 9.7753e-02
4277.7163 6.1702e-02
4278.9995 7.3260e-02
4280.2837 8.5686e-02
4281.5674 5.8962e-02
4282.8521 5.6898e-02
4284.1367 9.0420e-02
4285.4219 9.6628e-02
4286.7075 6.9240e-02
4287.9937 6.4560e-02
4289.2798 7.5640e-02
4290.5669 5.9093e-02
4291.8540 7.8623e-02
4293.1416 7.5505e-02
4294.4292 8.6160e-02
4295.7183 8.9788e-02
4297.0063 7.8410e-02
4298.2954 6.7246e-02
4299.5854 6.5876e-02
4300.8750 7.1089e-02
4302.1650 6.7941e-02
4303.4561 5.9493e-02
4304.7471 8.1961e-02
4306.0381 6.1358e-02
4307.3301 6.3245e-02
4308.6221 6.5861e-02
4309.9150 5.6429e-02
4311.2075 8.2708e-02
4312.5015 9.0348e-02
4313.7949 8.6048e-02
4315.0889 6.1003e-02
4316.3838 6.0494e-02
4317.6787 7.8413e-02
4318.9741 4.1146e-02
4320.2700 6.0764e-02
4321.5654 1.0318e-01
4322.8623 5.7683e-02
4324.1592 6.0699e-02
4325.4565 7.1804e-02
4326.7539 7.3887e-02
4328.0518 6.8646e-02
4329.3501 5.7707e-02
4330.6494 8.5584e-02
4331.9482 5.7630e-02
4333.2480 7.3386e-02
4334.5479 6.1964e-02
4335.8477 6.5361e-02
4337.1489 6.8819e-02
4338.4502 5.7818e-02
4339.7515 6.2872e-02
4341.0537 6.7536e-02
4342.3560 7.1842e-02
4343.6582 8.2794e-02
4344.9614 6.5758e-02
4346.2646 7.8834e-02
4347.5693 7.2527e-02
4348.8735 4.8824e-02
4350.1782 8.3865e-02
4351.4829 9.8412e-02
4352.7886 9.3416e-02
4354.0938 7.3628e-02
4355.4009 6.5703e-02
4356.7070 8.1294e-02
4358.0137 6.9298e-02
4359.3218 7.7780e-02
4360.6294 5.9954e-02
4361.9375 7.4543e-02
4363.2461 6.3856e-02
4364.5552 7.5664e-02
4365.8643 5.3138e-02
4367.1743 8.1558e-02
4368.4844 7.7006e-02
4369.7954 1.0705e-01
4371.1060 6.6385e-02
4372.4170 7.1882e-02
4373.7285 1.0485e-01
4375.0415 8.9605e-02
4376.3540 1.0282e-01
4377.6665 9.0980e-02
4378.9800 9.4606e-02
4380.2935 9.2574e-02
4381.6074 8.5956e-02
4382.9219 8.0551e-02
4384.2363 9.8805e-02
4385.5522 5.7478e-02
4386.8677 8.7513e-02
4388.1841 7.6389e-02
4389.5010 9.1628e-02
4390.8169 9.3148e-02
4392.1343 6.7866e-02
4393.4521 9.0895e-02
4394.7700 7.9443e-02
4396.0884 7.6999e-02
4397.4077 8.8782e-02
4398.7266 7.4495e-02
4400.0464 8.1204e-02
4401.3667 9.0308e-02
4402.6870 8.0084e-02
4404.0073 1.0181e-01
4405.3291 1.1074e-01
4406.6504 9.3372e-02
4407.9722 1.0677e-01
4409.2944 1.0941e-01
4410.6172 8.6932e-02
4411.9404 9.4906e-02
4413.2642 8.7107e-02
4414.5879 8.5602e-02
4415.9126 8.8446e-02
4417.2373 1.1957e-01
4418.5625 1.0548e-01
4419.8882 1.1457e-01
4421.2139 7.4270e-02
4422.5405 8.6559e-02
4423.8672 9.8610e-02
4425.1938 1.0790e-01
4426.5220 9.0283e-02
4427.8496 8.9704e-02
4429.1787 1.1074e-01
4430.5063 8.1711e-02
4431.8364 1.0502e-01
4433.1655 8.8775e-02
4434.4956 9.6208e-02
4435.8262 7.1041e-02
4437.1567 1.3797e-01
4438.4878 1.1710e-01
4439.8193 9.6039e-02
4441.1514 8.2627e-02
4442.4834 1.0372e-01
4443.8164 1.1058e-01
4445.1494 8.9928e-02
4446.4829 7.9826e-02
4447.8169 1.0644e-01
4449.1514 9.5541e-02
4450.4863 1.0122e-01
4451.8213 1.1085e-01
4453.1567 1.2551e-01
4454.4927 1.1576e-01
4455.8291 1.0688e-01
4457.1660 1.0406e-01
4458.5029 1.1709e-01
4459.8403 1.0809e-01
4461.1787 8.7413e-02
4462.5171 1.1887e-01
4463.8555 9.2135e-02
4465.1948 1.2665e-01
4466.5347 1.2226e-01
4467.8740 9.9225e-02
4469.2144 1.5250e-01
4470.5552 1.0091e-01
4471.8970 1.1280e-01
4473.2383 1.0559e-01
4474.5806 1.2877e-01
4475.9229 8.4783e-02
4477.2651 9.3780e-02
4478.6084 1.0701e-01
4479.9521 1.1331e-01
4481.2959 9.2845e-02
4482.6406 1.0941e-01
4483.9854 1.3511e-01
4485.3306 1.0661e-01
4486.6763 8.5846e-02
4488.0220 9.4614e-02
4489.3682 1.3954e-01
4490.7153 1.0773e-01
4492.0620 9.4677e-02
4493.4102 1.3216e-01
4494.7578 7.2833e-02
4496.1069 9.0470e-02
4497.4556 1.2747e-01
4498.8047 1.2536e-01
4500.1543 1.1130e-01
4501.5044 1.2190e-01
4502.8550 1.1587e-01
4504.2056 9.7021e-02
4505.5566 1.2424e-01
4506.9082 1.1509e-01
4508.2607 1.1630e-01
4509.6133 1.3640e-01
4510.9658 1.1135e-01
4512.3193 1.1359e-01
4513.6729 8.4021e-02
4515.0273 1.1101e-01
4516.3818 1.0503e-01
4517.7363 9.3877e-02
4519.0918 1.1014e-01
4520.4473 1.0701e-01
4521.8037 1.0562e-01
4523.1606 1.1351e-01
4524.5171 1.2247e-01
4525.8750 1.1475e-01
4527.2324 1.0938e-01
4528.5903 1.0911e-01
4529.9492 1.1664e-01
4531.3081 1.3119e-01
4532.6675 1.3038e-01
4534.0269 1.0242e-01
4535.3872 9.7996e-02
4536.7480 1.0564e-01
4538.1094 1.0214e-01
4539.4702 1.1730e-01
4540.8320 8.1772e-02
4542.1943 1.0444e-01
4543.5576 1.0454e-01
4544.9199 9.6606e-02
4546.2842 1.0899e-01
4547.6475 1.1629e-01
4549.0117 9.2384e-02
4550.3770 1.1067e-01
4551.7417 9.2639e-02
4553.1074 1.2055e-01
4554.4731 1.0511e-01
4555.8398 1.1725e-01
4557.2061 1.4003e-01
4558.5732 1.0334e-01
4559.9414 1.0956e-01
4561.3086 1.0716e-01
4562.6772 1.1640e-01
4564.0459 1.2970e-01
4565.4150 9.8620e-02
4566.7852 9.6322e-02
4568.1553 1.5250e-01
4569.5249 8.8744e-02
4570.8965 1.2085e-01
4572.2676 1.1998e-01
4573.6392 1.2990e-01
4575.0117 8.3536e-02
4576.3838 8.9865e-02
4577.7568 9.9725e-02
4579.1304 1.0845e-01
4580.5039 8.3796e-02
4581.8784 1.1324e-01
4583.2524 1.0077e-01
4584.6274 1.1336e-01
4586.0029 1.0803e-01
4587.3789 1.2402e-01
4588.7549 8.5096e-02
4590.1318 7.4271e-02
4591.5083 1.0032e-01
4592.8857 1.0647e-01
4594.2642 1.0806e-01
4595.6426 1.1002e-01
4597.0210 1.2994e-01
4598.3999 1.0346e-01
4599.7798 8.9658e-02
4601.1597 1.0155e-01
4602.5396 1.0214e-01
4603.9204 1.1239e-01
4605.3022 1.2550e-01
4606.6836 9.2424e-02
4608.0649 1.2134e-01
4609.4478 1.1953e-01
4610.8306 1.1243e-01
4612.2144 9.1125e-02
4613.5977 8.5424e-02
4614.9819 1.0399e-01
4616.3662 1.1331e-01
4617.7515 1.0902e-01
4619.1362 1.2305e-01
4620.5225 1.1000e-01
4621.9082 1.2067e-01
4623.2949 9.1079e-02
4624.6816 1.1214e-01
4626.0693 9.3800e-02
4627.4570 9.9678e-02
4628.8457 1.0971e-01
4630.2334 1.1345e-01
4631.6230 1.1751e-01
4633.0127 8.9902e-02
4634.4028 8.9075e-02
4635.7935 1.2917e-01
4637.1831 1.0945e-01
4638.5742 1.0258e-01
4639.9658 1.1051e-01
4641.3579 9.1176e-02
4642.7505 1.1069e-01
4644.1436 1.1618e-01
4645.5371 9.1517e-02
4646.9307 1.0875e-01
4648.3247 1.2650e-01
4649.7188 1.0815e-01
4651.1138 9.1892e-02
4652.5093 9.4959e-02
4653.9048 1.0087e-01
4655.3018 1.1288e-01
4656.6978 1.1000e-01
4658.0947 1.0574e-01
4659.4922 7.8921e-02
4660.8896 1.1968e-01
4662.2886 8.5036e-02
4663.6865 1.0991e-01
4665.0859 6.4918e-02
4666.4854 1.0806e-01
4667.8853 9.2174e-02
4669.2861 1.1861e-01
4670.6870 9.3426e-02
4672.0874 9.8338e-02
4673.4897 8.2184e-02
4674.8916 8.6901e-02
4676.2944 1.0239e-01
4677.6968 1.0143e-01
4679.1006 9.6725e-02
4680.5039 1.1605e-01
4681.9082 1.1450e-01
4683.3125 1.0717e-01
4684.7173 1.1569e-01
4686.1230 1.1994e-01
4687.5288 9.6045e-02
4688.9351 9.8563e-02
4690.3423 9.3543e-02
4691.7490 1.0531e-01
4693.1562 9.8368e-02
4694.5645 1.0758e-01
4695.9731 1.2231e-01
4697.3818 9.8995e-02
4698.7910 1.1221e-01
4700.2002 8.2361e-02
4701.6104 1.1466e-01
4703.0205 1.0321e-01
4704.4316 1.0679e-01
4705.8433 9.0294e-02
4707.2549 1.3075e-01
4708.6670 1.1251e-01
4710.0796 1.0032e-01
4711.4927 1.2728e-01
4712.9058 8.7311e-02
4714.3203 1.0064e-01
4715.7344 7.6754e-02
4717.1494 1.1569e-01
4718.5645 1.0477e-01
4719.9800 7.3454e-02
4721.3955 1.0615e-01
4722.8120 8.2959e-02
4724.2290 1.0884e-01
4725.6460 8.9275e-02
4727.0645 1.1959e-01
4728.4824 7.4776e-02
4729.9004 9.7152e-02
4731.3198 1.0159e-01
4732.7388 1.0024e-01
4734.1587 1.0687e-01
4735.5791 1.0352e-01
4737.0000 7.8162e-02
4738.4209 1.0986e-01
4739.8428 7.3495e-02
4741.2646 9.0628e-02
4742.6870 1.0444e-01
4744.1094 1.2491e-01
4745.5327 1.0639e-01
4746.9565 1.2264e-01
4748.3804 7.8511e-02
4749.8052 8.4977e-02
4751.2300 7.6766e-02
4752.6548 9.1967e-02
4754.0811 8.7697e-02
4755.5078 8.3573e-02
4756.9341 1.2071e-01
4758.3608 9.1518e-02
4759.7886 1.0286e-01
4761.2168 1.0850e-01
4762.6445 8.7674e-02
4764.0737 1.1277e-01
4765.5029 9.7171e-02
4766.9326 7.7344e-02
4768.3628 8.9154e-02
4769.7930 8.5358e-02
4771.2236 1.1339e-01
4772.6553 8.9167e-02
4774.0869 9.9176e-02
4775.5190 7.5393e-02
4776.9521 1.0350e-01
4778.3853 1.0889e-01
4779.8184 7.8858e-02
4781.2524 7.3544e-02
4782.6870 1.0752e-01
4784.1226 8.0500e-02
4785.5571 9.6439e-02
4786.9927 9.2583e-02
4788.4292 1.2311e-01
4789.8652 1.1239e-01
4791.3022 1.1281e-01
4792.7397 7.5673e-02
4794.1777 9.1662e-02
4795.6152 7.3097e-02
4797.0542 9.5317e-02
4798.4937 1.4028e-01
4799.9331 1.1020e-01
4801.3735 6.7615e-02
4802.8140 1.1113e-01
4804.2544 9.6538e-02
4805.6958 1.0278e-01
4807.1377 6.6245e-02
4808.5796 8.6953e-02
4810.0220 8.5593e-02
4811.4653 1.1972e-01
4812.9087 7.8667e-02
4814.3525 9.2868e-02
4815.7969 9.5517e-02
4817.2417 8.0524e-02
4818.6865 7.0510e-02
4820.1328 1.0125e-01
4821.5786 8.7065e-02
4823.0249 7.5713e-02
4824.4717 8.8691e-02
4825.9189 7.4426e-02
4827.3667 8.4344e-02
4828.8149 1.0357e-01
4830.2637 8.2740e-02
4831.7124 1.1741e-01
4833.1621 1.0584e-01
4834.6118 7.8405e-02
4836.0620 9.3057e-02
4837.5137 9.4919e-02
4838.9644 7.7733e-02
4840.4165 1.0542e-01
4841.8687 1.0865e-01
4843.3208 8.3010e-02
4844.7739 7.6151e-02
4846.2275 8.9149e-02
4847.6812 7.8884e-02
4849.1357 8.2735e-02
4850.5903 8.7202e-02
4852.0454 7.7044e-02
4853.5015 7.3714e-02
4854.9575 1.0567e-01
4856.4136 9.3637e-02
4857.8706 7.1775e-02
4859.3281 7.9432e-02
4860.7861 9.1978e-02
4862.2437 9.7998e-02
4863.7026 8.7442e-02
4865.1621 1.0623e-01
4866.6211 9.6034e-02
4868.0815 8.9374e-02
4869.5420 9.1125e-02
4871.0024 9.9652e-02
4872.4639 1.0745e-01
4873.9263 9.7123e-02
4875.3877 8.6959e-02
4876.8506 8.4987e-02
4878.3135 7.3508e-02
4879.7773 7.5412e-02
4881.2412 7.3112e-02
4882.7051 9.0084e-02
4884.1704 8.3580e-02
4885.6357 9.3320e-02
4887.1011 7.2540e-02
4888.5674 1.0640e-01
4890.0337 7.5433e-02
4891.5010 8.5749e-02
4892.9683 6.9443e-02
4894.4360 9.1269e-02
4895.9043 9.5199e-02
4897.3730 7.7369e-02
4898.8423 9.0563e-02
4900.3120 7.4711e-02
4901.7827 7.8459e-02
4903.2529 1.0603e-01
4904.7231 8.0894e-02
4906.1953 9.5283e-02
4907.6675 8.9251e-02
4909.1392 6.2750e-02
4910.6123 9.1164e-02
4912.0854 8.7658e-02
4913.5586 7.6477e-02
4915.0332 9.7285e-02
4916.5073 8.0065e-02
4917.9819 7.1725e-02
4919.4575 6.4538e-02
4920.9331 9.9540e-02
4922.4097 8.2486e-02
4923.8872 7.4797e-02
4925.3638 6.5915e-02
4926.8418 7.4058e-02
4928.3188 9.0962e-02
4929.7979 5.9524e-02
4931.2769 7.8993e-02
4932.7563 6.8076e-02
4934.2358 7.4400e-02
4935.7168 8.5512e-02
4937.1963 6.7177e-02
4938.6782 7.1105e-02
4940.1597 7.5643e-02
4941.6416 6.3238e-02
4943.1250 6.9769e-02
4944.6069 7.0010e-02
4946.0908 9.2986e-02
4947.5752 4.6106e-02
4949.0586 7.3528e-02
4950.5435 6.4924e-02
4952.0278 6.6137e-02
4953.5142 7.0956e-02
4955.0010 7.8664e-02
4956.4873 5.5189e-02
4957.9741 5.0819e-02
4959.4614 7.0095e-02
4960.9492 7.4720e-02
4962.4370 5.8364e-02
4963.9258 6.2117e-02
4965.4150 7.6683e-02
4966.9048 7.7106e-02
4968.3945 7.0393e-02
4969.8853 5.0887e-02
4971.3765 7.4701e-02
4972.8677 7.4979e-02
4974.3599 8.5759e-02
4975.8521 7.1190e-02
4977.3447 5.4255e-02
4978.8379 6.4719e-02
4980.3315 5.4373e-02
4981.8257 7.4482e-02
4983.3203 7.6301e-02
4984.8159 8.3282e-02
4986.3105 6.8974e-02
4987.8066 5.9378e-02
4989.3027 4.7428e-02
4990.7998 6.5077e-02
4992.2974 5.2896e-02
4993.7939 5.9508e-02
4995.2930 4.6701e-02
4996.7915 8.9812e-02
4998.2905 4.1772e-02
4999.7896 4.3123e-02
5001.2896 5.4251e-02
5002.7900 4.9799e-02
5004.2915 5.4328e-02
5005.7925 7.5256e-02
5007.2944 5.3796e-02
5008.7964 6.6204e-02
5010.2993 5.6769e-02
5011.8022 6.0512e-02
5013.3057 4.7560e-02
5014.8101 3.5746e-02
5016.3145 6.3721e-02
5017.8184 6.0457e-02
5019.3247 4.9190e-02
5020.8301 6.7599e-02
5022.3359 5.8490e-02
5023.8428 6.0390e-02
5025.3496 5.3136e-02
5026.8579 5.2189e-02
5028.3657 7.2529e-02
5029.8740 6.6634e-02
5031.3828 5.5618e-02
5032.8926 3.7819e-02
5034.4023 6.6123e-02
5035.9131 8.0147e-02
5037.4233 4.8392e-02
5038.9346 8.2086e-02
5040.4463 5.3393e-02
5041.9585 7.5282e-02
5043.4712 6.4384e-02
5044.9839 7.1867e-02
5046.4980 5.2836e-02
5048.0112 5.9027e-02
5049.5259 6.4325e-02
5051.0415 7.8495e-02
5052.5562 4.5821e-02
5054.0723 6.7737e-02
5055.5884 6.7413e-02
5057.1045 7.2697e-02
5058.6221 7.0574e-02
5060.1401 7.5857e-02
5061.6577 6.4658e-02
5063.1763 5.9580e-02
5064.6953 7.6359e-02
5066.2144 6.4130e-02
5067.7339 5.4190e-02
5069.2549 5.3997e-02
5070.7759 8.4735e-02
5072.2969 6.9025e-02
5073.8188 6.2952e-02
5075.3403 6.4760e-02
5076.8628 5.6167e-02
5078.3867 8.9395e-02
5079.9097 7.9527e-02
5081.4336 6.2063e-02
5082.9580 5.9239e-02
5084.4829 6.4872e-02
5086.0083 5.9847e-02
5087.5342 7.2777e-02
5089.0605 5.8766e-02
5090.5874 6.8977e-02
5092.1143 6.6584e-02
5093.6421 5.1098e-02
5095.1699 6.3631e-02
5096.6987 6.3475e-02
5098.2275 6.1679e-02
5099.7573 7.1551e-02
5101.2871 7.6977e-02
5102.8179 8.4018e-02
5104.3481 7.1392e-02
5105.8799 8.4679e-02
5107.4111 6.1012e-02
5108.9438 6.8646e-02
5110.4761 5.1850e-02
5112.0093 6.8823e-02
5113.5435 4.5080e-02
5115.0771 5.9905e-02
5116.6118 6.8317e-02
5118.1470 8.3818e-02
5119.6816 7.7608e-02
5121.2183 6.1117e-02
5122.7544 9.7057e-02
5124.2910 5.4009e-02
5125.8286 9.9945e-02
5127.3667 8.2300e-02
5128.9043 9.6330e-02
5130.4429 6.5758e-02
5131.9824 8.8504e-02
5133.5220 6.1349e-02
5135.0615 6.8891e-02
5136.6021 7.1201e-02
5138.1436 7.3498e-02
5139.6846 7.0728e-02
5141.2266 7.3775e-02
5142.7690 8.9496e-02
5144.3125 5.7069e-02
5145.8550 8.2355e-02
5147.3989 7.3374e-02
5148.9429 6.7969e-02
5150.4883 8.0048e-02
5152.0332 7.9261e-02
5153.5781 9.5092e-02
5155.1245 8.8833e-02
5156.6714 7.5402e-02
5158.2178 5.3233e-02
5159.7656 7.5926e-02
5161.3130 7.5725e-02
5162.8618 7.1884e-02
5164.4106 3.9889e-02
5165.9604 7.0585e-02
5167.5098 8.1138e-02
5169.0605 6.1627e-02
5170.6108 7.6102e-02
5172.1621 8.9765e-02
5173.7139 8.8957e-02
5175.2656 8.3524e-02
5176.8188 7.4730e-02
5178.3711 8.5501e-02
5179.9253 6.4926e-02
5181.4790 8.6931e-02
5183.0337 8.3415e-02
5184.5884 5.2177e-02
5186.1436 7.6721e-02
5187.6992 8.2884e-02
5189.2559 6.0478e-02
5190.8130 7.3620e-02
5192.3696 7.5201e-02
5193.9277 7.2757e-02
5195.4858 6.9949e-02
5197.0439 7.2837e-02
5198.6035 8.1214e-02
5200.1636 6.7716e-02
5201.7231 5.0941e-02
5203.2837 1.0004e-01
5204.8447 7.2796e-02
5206.4058 5.3019e-02
5207.9683 8.0764e-02
5209.5303 5.9457e-02
5211.0933 6.9742e-02
5212.6567 8.0812e-02
5214.2202 5.3855e-02
5215.7847 7.2362e-02
5217.3496 8.2765e-02
5218.9150 8.5281e-02
5220.4800 7.6276e-02
5222.0464 8.8583e-02
5223.6128 9.8453e-02
5225.1802 7.4290e-02
5226.7480 6.0407e-02
5228.3154 7.4890e-02
5229.8843 1.0218e-01
5231.4526 8.3969e-02
5233.0225 1.0327e-01
5234.5928 8.6330e-02
5236.1626 7.2123e-02
5237.7339 7.1934e-02
5239.3052 6.9125e-02
5240.8770 7.6256e-02
5242.4492 7.1070e-02
5244.0220 7.3120e-02
5245.5947 7.7964e-02
5247.1689 7.3484e-02
5248.7422 6.4116e-02
5250.3174 9.7044e-02
5251.8921 7.4529e-02
5253.4678 8.1675e-02
5255.0439 5.2318e-02
5256.6211 7.2184e-02
5258.1978 1.0495e-01
5259.7749 9.6428e-02
5261.3530 6.3585e-02
5262.9312 6.8378e-02
5264.5098 5.6413e-02
5266.0898 9.0543e-02
5267.6694 8.3588e-02
5269.2495 6.3511e-02
5270.8311 8.8509e-02
5272.4116 7.7075e-02
5273.9941 9.0425e-02
5275.5757 8.0152e-02
5277.1587 1.0257e-01
5278.7422 8.3934e-02
5280.3252 9.2246e-02
5281.9092 6.9118e-02
5283.4937 6.9049e-02
5285.0786 7.6564e-02
5286.6641 7.6906e-02
5288.2500 7.5363e-02
5289.8369 7.8339e-02
5291.4238 7.7809e-02
5293.0117 8.8416e-02
5294.5996 5.8137e-02
5296.1870 6.9927e-02
5297.7764 6.1826e-02
5299.3662 9.1579e-02
5300.9561 7.2561e-02
5302.5459 8.8679e-02
5304.1367 6.4062e-02
5305.7280 6.9205e-02
5307.3188 7.4872e-02
5308.9116 8.2199e-02
5310.5044 9.4333e-02
5312.0977 8.3350e-02
5313.6919 6.6813e-02
5315.2856 5.1985e-02
5316.8799 7.5645e-02
5318.4751 7.4928e-02
5320.0708 5.7430e-02
5321.6665 7.8965e-02
5323.2632 7.9368e-02
5324.8604 7.4445e-02
5326.4575 6.3249e-02
5328.0557 8.1922e-02
5329.6533 6.7782e-02
5331.2534 8.4016e-02
5332.8516 8.0729e-02
5334.4517 7.8498e-02
5336.0522 8.9728e-02
5337.6533 6.9029e-02
5339.2544 5.6609e-02
5340.8560 7.2211e-02
5342.4585 7.6786e-02
5344.0605 7.3575e-02
5345.6646 7.7342e-02
5347.2681 7.3127e-02
5348.8726 8.1373e-02
5350.4771 7.4434e-02
5352.0825 8.1668e-02
5353.6875 8.1651e-02
5355.2944 8.6268e-02
5356.9009 8.3325e-02
5358.5073 5.0680e-02
5360.1152 8.2418e-02
5361.7236 6.9649e-02
5363.3315 6.1340e-02
5364.9404 7.8436e-02
5366.5503 4.6600e-02
5368.1602 8.2142e-02
5369.7705 7.4494e-02
5371.3813 8.7179e-02
5372.9932 6.8255e-02
5374.6050 6.3061e-02
5376.2173 6.8625e-02
5377.8301 7.1588e-02
5379.4434 6.4638e-02
5381.0576 8.3466e-02
5382.6714 5.4703e-02
5384.2861 7.5178e-02
5385.9014 7.2211e-02
5387.5171 7.0616e-02
5389.1343 7.5741e-02
5390.7505 6.3479e-02
5392.3677 7.9113e-02
5393.9858 7.6615e-02
5395.6035 9.9770e-02
5397.2222 7.3034e-02
5398.8413 7.1345e-02
5400.4609 7.2095e-02
5402.0811 6.2937e-02
5403.7017 7.4615e-02
5405.3228 6.6140e-02
5406.9448 6.9188e-02
5408.5659 6.0950e-02
5410.1890 7.7782e-02
5411.8115 9.3214e-02
5413.4360 4.8916e-02
5415.0596 6.6788e-02
5416.6841 5.9306e-02
5418.3096 7.0815e-02
5419.9351 6.9856e-02
5421.5605 7.0592e-02
5423.1875 7.3807e-02
5424.8145 8.4150e-02
5426.4414 6.1219e-02
5428.0693 7.0752e-02
5429.6982 8.7641e-02
5431.3271 6.5065e-02
5432.9565 6.5250e-02
5434.5859 6.5485e-02
5436.2163 9.2342e-02
5437.8472 5.1953e-02
5439.4785 8.0444e-02
5441.1104 6.2561e-02
5442.7427 7.0478e-02
5444.3760 5.2897e-02
5446.0098 6.4565e-02
5447.6431 7.9381e-02
5449.2778 5.5561e-02
5450.9121 8.5947e-02
5452.5474 8.0952e-02
5454.1826 6.7350e-02
5455.8193 6.5057e-02
5457.4565 9.4145e-02
5459.0933 5.3841e-02
5460.7310 7.4702e-02
5462.3696 6.7907e-02
5464.0073 7.6117e-02
5465.6475 5.8589e-02
5467.2871 7.4604e-02
5468.9272 7.3183e-02
5470.5674 6.2329e-02
5472.2090 7.2859e-02
5473.8506 6.5573e-02
5475.4927 5.1084e-02
5477.1353 7.0082e-02
5478.7783 6.1203e-02
5480.4224 5.9449e-02
5482.0659 6.9435e-02
5483.7104 6.8655e-02
5485.3560 8.2909e-02
5487.0010 5.8996e-02
5488.6475 7.4214e-02
5490.2944 6.8362e-02
5491.9414 7.2869e-02
5493.5889 4.8758e-02
5495.2368 7.7708e-02
5496.8857 6.4027e-02
5498.5342 7.7726e-02
5500.1841 6.1492e-02
5501.8340 4.7036e-02
5503.4849 6.8085e-02
5505.1357 7.4999e-02
5506.7871 5.0147e-02
5508.4395 3.4256e-02
5510.0923 6.8475e-02
5511.7451 6.0521e-02
5513.3984 5.0192e-02
5515.0522 6.2177e-02
5516.7070 5.4434e-02
5518.3623 6.4969e-02
5520.0176 6.0529e-02
5521.6733 6.2648e-02
5523.3301 7.9496e-02
5524.9868 6.1052e-02
5526.6450 7.6636e-02
5528.3027 7.1431e-02
5529.9609 6.3224e-02
5531.6201 7.1292e-02
5533.2793 8.1895e-02
5534.9395 6.8434e-02
5536.5996 5.8757e-02
5538.2607 6.6579e-02
5539.9229 6.1333e-02
5541.5840 4.9856e-02
5543.2466 4.6070e-02
5544.9102 7.0873e-02
5546.5728 7.4141e-02
5548.2373 4.8875e-02
5549.9019 6.5332e-02
5551.5664 7.0657e-02
5553.2324 7.3847e-02
5554.8984 6.0548e-02
5556.5645 5.2299e-02
5558.2310 5.7988e-02
5559.8989 4.9321e-02
5561.5669 6.2305e-02
5563.2354 4.2304e-02
5564.9043 6.3095e-02
5566.5732 5.4089e-02
5568.2437 6.9070e-02
5569.9150 5.5206e-02
5571.5854 5.9085e-02
5573.2568 4.0760e-02
5574.9287 4.1668e-02
5576.6011 4.6394e-02
5578.2739 7.9820e-02
5579.9482 6.1729e-02
5581.6216 5.4086e-02
5583.2959 5.5269e-02
5584.9717 6.6880e-02
5586.6470 7.3725e-02
5588.3223 6.3780e-02
5589.9990 6.8678e-02
5591.6763 6.1347e-02
5593.3535 6.5113e-02
5595.0317 5.5671e-02
5596.7104 7.5901e-02
5598.3892 7.1666e-02
5600.0688 5.2789e-02
5601.7490 7.4808e-02
5603.4292 5.5958e-02
5605.1104 8.7673e-02
5606.7915 6.2635e-02
5608.4741 8.6205e-02
5610.1562 5.3393e-02
5611.8394 6.2507e-02
5613.5234 6.3879e-02
5615.2075 8.6280e-02
5616.8916 5.9725e-02
5618.5767 6.6316e-02
5620.2627 6.3488e-02
5621.9482 7.7531e-02
5623.6348 6.5503e-02
5625.3218 7.1408e-02
5627.0098 7.1153e-02
5628.6982 6.8339e-02
5630.3867 6.8374e-02
5632.0757 5.7881e-02
5633.7651 7.2327e-02
5635.4551 5.5601e-02
5637.1460 7.1031e-02
5638.8369 6.2460e-02
5640.5283 7.6994e-02
5642.2207 5.5538e-02
5643.9141 7.0127e-02
5645.6069 4.8723e-02
5647.3003 6.3561e-02
5648.9946 5.3742e-02
5650.6895 4.9909e-02
5652.3848 8.5749e-02
5654.0801 8.7598e-02
5655.7759 5.7728e-02
5657.4736 7.6156e-02
5659.1709 4.6791e-02
5660.8682 5.3874e-02
5662.5664 7.0619e-02
5664.2651 7.5023e-02
5665.9644 7.3796e-02
5667.6641 7.9082e-02
5669.3647 6.1781e-02
5671.0649 6.5116e-02
5672.7666 7.2511e-02
5674.4688 6.6725e-02
5676.1709 5.8611e-02
5677.8740 4.7624e-02
5679.5771 5.9935e-02
5681.2812 8.3234e-02
5682.9858 5.9136e-02
5684.6899 6.6679e-02
5686.3950 4.3312e-02
5688.1021 6.4707e-02
5689.8076 5.6545e-02
5691.5146 7.0725e-02
5693.2222 5.0563e-02
5694.9302 5.2941e-02
5696.6382 6.6704e-02
5698.3477 6.7066e-02
5700.0571 5.4010e-02
5701.7671 7.2981e-02
5703.4775 5.1889e-02
5705.1885 5.2114e-02
5706.9004 4.0616e-02
5708.6123 8.0757e-02
5710.3252 6.2599e-02
5712.0381 5.6956e-02
5713.7524 6.5211e-02
5715.4663 5.0694e-02
5717.1812 4.3500e-02
5718.8955 6.1660e-02
5720.6118 5.9437e-02
5722.3271 5.0319e-02
5724.0444 4.9855e-02
5725.7617 6.1659e-02
5727.4795 3.9620e-02
5729.1973 7.4014e-02
5730.9165 5.4712e-02
5732.6353 8.3992e-02
5734.3550 6.5031e-02
5736.0757 5.9240e-02
5737.7969 5.5602e-02
5739.5176 4.3980e-02
5741.2397 5.4764e-02
5742.9624 4.5196e-02
5744.6851 5.6961e-02
5746.4082 4.3737e-02
5748.1323 4.2027e-02
5749.8569 5.1447e-02
5751.5815 5.1309e-02
5753.3076 4.9305e-02
5755.0332 6.0433e-02
5756.7593 5.0621e-02
5758.4863 4.5929e-02
5760.2144 5.3497e-02
5761.9424 4.5895e-02
5763.6709 5.1615e-02
5765.3999 4.8675e-02
5767.1294 5.5779e-02
5768.8594 6.9446e-02
5770.5908 3.5853e-02
5772.3213 4.2256e-02
5774.0527 4.0316e-02
5775.7856 6.0833e-02
5777.5181 6.1588e-02
5779.2515 3.8234e-02
5780.9844 6.5821e-02
5782.7192 4.1751e-02
5784.4546 4.7076e-02
5786.1899 4.3438e-02
5787.9253 5.3947e-02
5789.6626 5.3749e-02
5791.3984 3.7740e-02
5793.1362 7.7838e-02
5794.8745 4.4703e-02
5796.6123 4.5909e-02
5798.3516 5.3779e-02
5800.0913 4.5911e-02
5801.8306 7.4113e-02
5803.5713 6.5172e-02
5805.3125 5.8652e-02
5807.0537 4.0025e-02
5808.7964 5.8622e-02
5810.5391 5.7227e-02
5812.2822 5.7717e-02
5814.0259 4.9547e-02
5815.7700 4.8294e-02
5817.5151 5.8481e-02
5819.2598 4.7667e-02
5821.0059 5.6333e-02
5822.7524 6.0241e-02
5824.4990 5.7626e-02
5826.2461 6.2242e-02
5827.9937 4.3638e-02
5829.7427 5.1407e-02
5831.4912 5.6428e-02
5833.2407 4.7907e-02
5834.9912 6.0382e-02
5836.7417 6.5969e-02
5838.4922 5.5514e-02
5840.2446 4.1991e-02
5841.9961 6.0771e-02
5843.7490 5.2716e-02
5845.5020 5.2064e-02
5847.2559 6.3046e-02
5849.0103 4.9370e-02
5850.7642 5.8739e-02
5852.5195 6.8325e-02
5854.2754 3.6352e-02
5856.0317 5.6854e-02
5857.7881 3.9297e-02
5859.5454 7.8939e-02
5861.3032 3.7265e-02
5863.0625 5.9100e-02
5864.8208 6.3893e-02
5866.5806 5.6594e-02
5868.3403 5.2876e-02
5870.1006 5.6675e-02
5871.8618 5.9788e-02
5873.6230 6.7580e-02
5875.3857 5.8179e-02
5877.1479 4.9762e-02
5878.9111 5.6477e-02
5880.6748 4.3710e-02
5882.4390 5.7785e-02
5884.2036 5.2649e-02
5885.9692 3.6751e-02
5887.7349 5.0015e-02
5889.5010 5.4065e-02
5891.2676 6.2630e-02
5893.0356 5.8016e-02
5894.8032 4.3399e-02
5896.5718 4.9777e-02
5898.3408 4.1369e-02
5900.1108 5.0141e-02
5901.8804 4.8644e-02
5903.6509 5.4673e-02
5905.4219 4.6522e-02
5907.1938 4.7334e-02
5908.9663 4.4430e-02
5910.7383 5.4770e-02
5912.5112 5.3624e-02
5914.2856 6.7246e-02
5916.0601 5.0017e-02
5917.8345 5.8766e-02
5919.6099 6.1898e-02
5921.3857 5.4265e-02
5923.1621 5.5081e-02
5924.9395 5.9995e-02
5926.7163 5.8564e-02
5928.4946 4.6452e-02
5930.2729 4.6076e-02
5932.0522 6.7319e-02
5933.8315 4.2476e-02
5935.6123 4.0353e-02
5937.3926 4.9413e-02
5939.1738 3.2490e-02
5940.9556 5.1900e-02
5942.7383 5.5638e-02
5944.5210 5.0773e-02
5946.3042 5.7013e-02
5948.0879 4.9488e-02
5949.8726 6.3359e-02
5951.6572 4.0640e-02
5953.4434 4.0963e-02
5955.2290 6.9061e-02
5957.0151 5.1550e-02
5958.8022 6.0782e-02
5960.5903 4.1635e-02
5962.3789 5.5648e-02
5964.1670 4.8867e-02
5965.9561 4.6082e-02
5967.7466 4.7477e-02
5969.5366 4.4412e-02
5971.3276 4.2021e-02
5973.1187 5.2993e-02
5974.9106 4.3177e-02
5976.7031 5.2775e-02
5978.4961 3.6956e-02
5980.2900 5.8164e-02
5982.0845 4.8487e-02
5983.8789 5.0276e-02
5985.6729 4.5133e-02
5987.4692 4.1136e-02
5989.2651 5.5578e-02
5991.0620 5.2797e-02
5992.8589 4.2152e-02
5994.6572 4.1746e-02
5996.4556 5.1354e-02
5998.2549 4.4132e-02
6000.0547 5.0768e-02
6001.8545 5.4660e-02
6003.6548 5.5196e-02
6005.4561 3.6248e-02
6007.2578 5.1050e-02
6009.0596 6.5283e-02
6010.8623 4.0120e-02
6012.6660 4.4247e-02
6014.4697 4.4373e-02
6016.2739 4.9367e-02
6018.0786 5.4770e-02
6019.8843 5.6036e-02
6021.6909 5.2008e-02
6023.4966 4.0668e-02
6025.3037 5.5331e-02
6027.1108 6.5653e-02
6028.9199 6.0712e-02
6030.7285 3.3503e-02
6032.5366 4.6681e-02
6034.3472 4.5451e-02
6036.1577 4.6781e-02
6037.9683 4.7434e-02
6039.7793 6.4178e-02
6041.5918 4.0901e-02
6043.4038 6.0363e-02
6045.2173 6.0932e-02
6047.0312 4.6064e-02
6048.8447 5.7687e-02
6050.6592 3.8256e-02
6052.4751 3.4807e-02
6054.2905 4.2415e-02
6056.1069 4.4123e-02
6057.9233 5.6224e-02
6059.7407 4.3507e-02
6061.5586 3.4249e-02
6063.3770 4.6446e-02
6065.1968 4.3740e-02
6067.0161 4.3677e-02
6068.8359 5.4589e-02
6070.6567 3.9145e-02
6072.4785 4.6659e-02
6074.2998 3.3849e-02
6076.1221 4.6693e-02
6077.9448 4.9561e-02
6079.7681 4.6598e-02
6081.5918 4.3861e-02
6083.4160 4.8643e-02
6085.2417 2.4560e-02
6087.0664 4.1313e-02
6088.8936 3.9457e-02
6090.7197 5.4436e-02
6092.5469 4.0858e-02
6094.3745 5.0486e-02
6096.2031 4.7751e-02
6098.0327 5.4233e-02
6099.8613 5.0470e-02
6101.6914 4.0283e-02
6103.5220 3.8191e-02
6105.3530 4.7633e-02
6107.1846 7.1047e-02
6109.0171 4.7974e-02
6110.8496 5.6775e-02
6112.6831 6.0807e-02
6114.5166 3.0712e-02
6116.3511 3.6093e-02
6118.1855 3.7441e-02
6120.0210 5.1839e-02
6121.8574 5.5292e-02
6123.6938 4.2413e-02
6125.5308 3.4084e-02
6127.3687 5.0852e-02
6129.2065 4.8068e-02
6131.0454 5.4001e-02
6132.8843 5.3247e-02
6134.7246 4.5146e-02
6136.5649 4.9363e-02
6138.4062 4.6056e-02
6140.2476 5.1636e-02
6142.0894 3.7909e-02
6143.9316 3.6983e-02
6145.7759 3.5583e-02
6147.6191 6.2288e-02
6149.4634 5.2834e-02
6151.3081 5.3953e-02
6153.1538 5.4583e-02
6155.0000 3.4033e-02
6156.8462 3.3800e-02
6158.6934 5.0452e-02
6160.5410 4.3311e-02
6162.3892 5.2155e-02
6164.2373 3.8432e-02
6166.0869 5.1277e-02
6167.9370 4.5021e-02
6169.7871 4.5090e-02
6171.6387 3.6019e-02
6173.4897 4.8833e-02
6175.3413 3.6062e-02
6177.1938 3.7894e-02
6179.0474 4.7063e-02
6180.9009 4.0193e-02
6182.7549 4.2091e-02
6184.6104 3.4570e-02
6186.4653 4.4970e-02
6188.3213 3.2144e-02
6190.1782 5.2702e-02
6192.0356 5.6206e-02
6193.8931 4.4757e-02
6195.7505 6.7934e-02
6197.6099 4.4310e-02
6199.4688 3.8378e-02
6201.3281 4.2716e-02
6203.1895 5.5223e-02
6205.0498 4.0236e-02
6206.9121 4.6237e-02
6208.7739 3.1443e-02
6210.6367 5.2954e-02
6212.4995 4.0501e-02
6214.3633 5.0986e-02
6216.2275 4.0516e-02
6218.0923 3.5487e-02
6219.9575 5.0623e-02
6221.8237 5.1379e-02
6223.6904 4.5161e-02
6225.5576 2.8169e-02
6227.4258 3.4928e-02
6229.2935 3.3306e-02
6231.1621 4.1814e-02
6233.0317 5.0420e-02
6234.9019 4.9894e-02
6236.7720 4.1176e-02
6238.6431 2.5543e-02
6240.5146 4.2797e-02
6242.3867 3.4301e-02
6244.2598 3.9659e-02
6246.1323 5.3469e-02
6248.0063 5.0436e-02
6249.8813 6.4579e-02
6251.7559 3.9461e-02
6253.6313 4.6668e-02
6255.5073 3.9686e-02
6257.3843 3.7309e-02
6259.2617 4.4132e-02
6261.1392 2.4784e-02
6263.0176 2.9643e-02
6264.8970 4.5147e-02
6266.7759 4.0972e-02
6268.6562 3.5981e-02
6270.5361 4.2012e-02
6272.4180 3.8186e-02
6274.2993 2.9385e-02
6276.1816 3.4954e-02
6278.0645 3.1580e-02
6279.9478 4.4984e-02
6281.8320 4.4270e-02
6283.7168 5.2986e-02
6285.6021 4.6265e-02
6287.4868 3.3870e-02
6289.3740 5.5114e-02
6291.2603 2.6265e-02
6293.1475 5.7162e-02
6295.0352 4.2259e-02
6296.9238 3.0788e-02
6298.8130 3.0330e-02
6300.7026 4.8862e-02
6302.5933 4.4817e-02
6304.4839 4.1225e-02
6306.3755 4.7206e-02
6308.2676 3.3776e-02
6310.1597 3.4443e-02
6312.0527 3.1252e-02
6313.9468 3.4819e-02
6315.8398 3.7581e-02
6317.7349 3.7702e-02
6319.6304 5.7419e-02
6321.5269 3.4428e-02
6323.4233 3.7249e-02
6325.3198 2.9348e-02
6327.2178 3.9287e-02
6329.1157 4.2838e-02
6331.0146 2.8186e-02
6332.9131 4.8668e-02
6334.8140 4.2642e-02
6336.7139 2.8649e-02
6338.6147 5.2503e-02
6340.5166 4.7364e-02
6342.4189 4.4155e-02
6344.3213 4.9505e-02
6346.2246 4.2061e-02
6348.1284 4.9345e-02
6350.0332 4.6909e-02
6351.9380 4.5737e-02
6353.8442 3.6221e-02
6355.7500 2.3588e-02
6357.6572 4.4301e-02
6359.5645 4.2073e-02
6361.4717 3.6485e-02
6363.3804 3.1126e-02
6365.2891 4.1086e-02
6367.1987 4.3449e-02
6369.1089 4.8195e-02
6371.0200 3.0091e-02
6372.9312 2.9763e-02
6374.8428 5.7043e-02
6376.7549 3.5372e-02
6378.6685 2.3978e-02
6380.5820 3.8203e-02
6382.4966 3.7587e-02
6384.4111 3.2671e-02
6386.3257 2.3834e-02
6388.2422 4.0571e-02
6390.1587 2.9009e-02
6392.0752 3.6540e-02
6393.9932 3.6124e-02
6395.9116 4.9842e-02
6397.8301 3.6644e-02
6399.7490 4.2918e-02
6401.6694 4.1028e-02
6403.5898 4.0970e-02
6405.5112 2.7946e-02
6407.4331 3.3682e-02
6409.3545 3.1999e-02
6411.2778 3.1449e-02
6413.2012 2.0704e-02
6415.1250 3.4696e-02
6417.0493 3.7128e-02
6418.9741 3.6433e-02
6420.9004 3.6637e-02
6422.8262 2.3640e-02
6424.7534 4.5770e-02
6426.6812 1.3966e-02
6428.6094 3.0645e-02
6430.5381 4.2918e-02
6432.4668 3.1404e-02
6434.3960 3.6721e-02
6436.3267 2.9496e-02
6438.2578 4.4527e-02
6440.1895 2.4000e-02
6442.1216 2.8176e-02
6444.0537 3.3490e-02
6445.9868 2.7594e-02
6447.9209 3.2487e-02
6449.8550 3.3271e-02
6451.7905 3.2825e-02
6453.7256 4.5461e-02
6455.6621 4.1741e-02
6457.5986 4.3114e-02
6459.5356 2.9898e-02
6461.4741 3.2735e-02
6463.4121 9.2889e-03
6465.3506 4.8613e-02
6467.2905 3.0360e-02
6469.2310 2.8975e-02
6471.1719 2.9772e-02
6473.1128 2.8570e-02
6475.0552 3.3409e-02
6476.9976 3.7029e-02
6478.9409 4.1378e-02
6480.8848 2.8910e-02
6482.8286 5.1619e-02
6484.7739 2.7607e-02
6486.7192 2.3673e-02
6488.6650 3.9296e-02
6490.6113 3.7622e-02
6492.5581 3.3923e-02
6494.5063 3.5812e-02
6496.4546 3.1184e-02
6498.4038 3.7725e-02
6500.3535 2.9779e-02
6502.3032 3.0782e-02
6504.2539 1.9414e-02
6506.2056 2.7700e-02
6508.1572 3.4460e-02
6510.1099 3.4884e-02
6512.0625 4.6244e-02
6514.0166 2.2407e-02
6515.9702 3.8560e-02
6517.9258 3.9505e-02
6519.8809 3.9749e-02
6521.8364 3.4269e-02
6523.7930 3.0965e-02
6525.7505 4.0480e-02
6527.7075 2.6098e-02
6529.6665 5.1965e-02
6531.6255 3.8786e-02
6533.5845 3.4064e-02
6535.5449 3.7987e-02
6537.5054 3.0737e-02
6539.4668 3.5121e-02
6541.4282 2.6806e-02
6543.3911 3.5807e-02
6545.3545 3.4510e-02
6547.3179 3.3191e-02
6549.2817 3.2096e-02
6551.2466 2.3261e-02
6553.2124 2.0661e-02
6555.1777 2.1210e-02
6557.1445 4.5214e-02
6559.1113 3.8396e-02
6561.0796 3.2565e-02
6563.0479 2.0711e-02
6565.0166 1.3490e-02
6566.9863 3.0826e-02
6568.9561 3.9585e-02
6570.9268 3.5059e-02
6572.8979 3.7830e-02
6574.8701 3.0858e-02
6576.8423 3.9017e-02
6578.8154 3.7234e-02
6580.7896 3.2138e-02
6582.7632 2.7726e-02
6584.7383 4.5182e-02
6586.7139 2.4355e-02
6588.6895 3.1855e-02
6590.6660 3.0526e-02
6592.6431 4.4037e-02
6594.6211 4.6498e-02
6596.5996 2.8702e-02
6598.5791 4.0792e-02
6600.5581 3.1155e-02
6602.5386 3.4963e-02
6604.5190 3.0630e-02
6606.5005 3.4661e-02
6608.4824 3.4397e-02
6610.4648 3.1087e-02
6612.4482 3.7492e-02
6614.4326 3.2477e-02
6616.4160 3.9471e-02
6618.4009 2.5792e-02
6620.3867 3.8673e-02
6622.3730 2.3030e-02
6624.3594 3.9098e-02
6626.3467 3.3594e-02
6628.3350 3.4065e-02
6630.3232 4.4750e-02
6632.3125 3.3659e-02
6634.3022 3.7310e-02
6636.2920 2.5092e-02
6638.2827 3.3325e-02
6640.2744 3.1299e-02
6642.2671 3.2921e-02
6644.2593 2.8635e-02
6646.2529 3.7478e-02
6648.2471 3.0117e-02
6650.2412 2.9636e-02
6652.2358 2.7581e-02
6654.2314 3.6194e-02
6656.2280 2.7215e-02
6658.2251 2.6735e-02
6660.2222 4.3908e-02
6662.2207 3.1875e-02
6664.2197 4.1433e-02
6666.2178 4.3038e-02
6668.2178 2.1274e-02
6670.2188 3.3447e-02
6672.2192 4.1161e-02
6674.2212 4.4128e-02
6676.2241 2.0226e-02
6678.2266 3.2056e-02
6680.2300 2.1156e-02
6682.2334 1.6929e-02
6684.2388 3.0476e-02
6686.2446 2.7799e-02
6688.2500 3.1793e-02
6690.2563 2.6173e-02
6692.2627 3.0302e-02
6694.2715 3.5594e-02
6696.2793 4.0997e-02
6698.2881 3.8728e-02
6700.2979 4.3556e-02
6702.3081 3.4095e-02
6704.3188 2.8511e-02
6706.3301 3.7100e-02
6708.3418 2.3593e-02
6710.3545 3.3023e-02
6712.3672 3.1162e-02
6714.3809 3.9027e-02
6716.3955 2.0259e-02
6718.4106 3.6799e-02
6720.4263 2.0621e-02
6722.4419 2.6012e-02
6724.4585 2.4242e-02
6726.4756 4.2929e-02
6728.4946 2.3351e-02
6730.5127 3.0199e-02
6732.5312 4.5992e-02
6734.5513 3.8733e-02
6736.5718 3.3256e-02
6738.5923 3.0953e-02
6740.6152 3.1246e-02
6742.6367 2.7865e-02
6744.6587 3.0524e-02
6746.6831 3.4195e-02
6748.7065 2.0564e-02
6750.7310 3.3549e-02
6752.7563 3.0443e-02
6754.7822 4.0531e-02
6756.8091 2.9138e-02
6758.8359 3.4505e-02
6760.8633 3.1982e-02
6762.8916 3.7309e-02
6764.9209 2.4825e-02
6766.9502 3.5406e-02
6768.9805 2.9169e-02
6771.0107 3.3213e-02
6773.0425 1.7437e-02
6775.0742 2.4746e-02
6777.1064 2.6376e-02
6779.1401 3.0899e-02
6781.1733 3.8485e-02
6783.2080 3.2951e-02
6785.2427 4.0946e-02
6787.2783 2.4422e-02
6789.3149 2.3570e-02
6791.3516 3.3563e-02
6793.3887 3.0173e-02
6795.4272 2.8948e-02
6797.4653 4.0273e-02
6799.5049 3.9161e-02
6801.5444 2.2354e-02
6803.5854 2.3284e-02
6805.6260 3.3976e-02
6807.6685 2.8476e-02
6809.7100 2.4210e-02
6811.7534 3.5147e-02
6813.7964 2.6646e-02
6815.8408 3.2463e-02
6817.8853 3.4411e-02
6819.9312 2.6103e-02
6821.9771 3.4235e-02
6824.0234 2.4633e-02
6826.0703 2.3305e-02
6828.1182 2.5757e-02
6830.1670 2.8477e-02
6832.2163 2.3820e-02
6834.2651 2.5099e-02
6836.3154 3.9475e-02
6838.3667 3.6239e-02
6840.4180 4.5645e-02
6842.4702 3.3192e-02
6844.5229 2.8311e-02
6846.5762 2.1648e-02
6848.6304 3.0084e-02
6850.6851 2.3137e-02
6852.7402 2.9533e-02
6854.7959 2.5865e-02
6856.8525 2.9309e-02
6858.9097 2.4774e-02
6860.9668 3.9658e-02
6863.0254 2.9380e-02
6865.0845 3.9628e-02
6867.1440 3.4307e-02
6869.2041 2.3811e-02
6871.2646 2.5078e-02
6873.3257 2.3927e-02
6875.3882 2.7122e-02
6877.4512 3.0142e-02
6879.5137 2.2160e-02
6881.5781 2.8104e-02
6883.6421 2.7198e-02
6885.7075 2.1309e-02
6887.7729 3.4247e-02
6889.8394 3.2565e-02
6891.9062 1.6327e-02
6893.9746 2.1997e-02
6896.0425 3.2877e-02
6898.1113 3.9875e-02
6900.1802 2.1003e-02
6902.2505 3.1376e-02
6904.3213 3.3684e-02
6906.3926 2.5677e-02
6908.4648 3.4761e-02
6910.5366 1.9663e-02
6912.6099 3.8535e-02
6914.6841 3.4213e-02
6916.7588 2.3753e-02
6918.8335 2.7581e-02
6920.9092 2.9031e-02
6922.9849 3.8861e-02
6925.0620 3.4853e-02
6927.1401 2.9524e-02
6929.2178 2.5960e-02
6931.2964 2.8259e-02
6933.3760 2.4392e-02
6935.4561 2.1733e-02
6937.5371 3.2197e-02
6939.6182 1.9596e-02
6941.7002 1.0307e-02
6943.7822 2.7696e-02
6945.8657 1.9891e-02
6947.9487 1.6110e-02
6950.0337 2.7360e-02
6952.1182 2.4084e-02
6954.2046 3.6263e-02
6956.2905 3.0238e-02
6958.3779 2.2565e-02
6960.4644 2.9958e-02
6962.5527 3.3115e-02
6964.6421 3.4690e-02
6966.7314 2.9016e-02
6968.8208 2.4986e-02
6970.9116 3.4331e-02
6973.0029 1.6910e-02
6975.0947 3.1644e-02
6977.1880 3.0030e-02
6979.2803 2.6290e-02
6981.3745 2.7513e-02
6983.4692 2.7008e-02
6985.5635 2.8802e-02
6987.6602 3.3778e-02
6989.7559 2.7882e-02
6991.8525 2.8010e-02
6993.9507 2.6423e-02
6996.0488 2.2830e-02
6998.1479 2.0115e-02
7000.2471 2.2441e-02
7002.3467 2.3562e-02
7004.4468 2.0504e-02
7006.5488 1.7858e-02
7008.6514 2.3002e-02
7010.7529 2.0891e-02
7012.8564 2.7163e-02
7014.9609 2.1342e-02
7017.0654 2.7711e-02
7019.1699 3.0346e-02
7021.2759 3.3383e-02
7023.3823 3.1138e-02
7025.4893 3.0888e-02
7027.5977 1.6581e-02
7029.7051 2.5670e-02
7031.8145 3.2254e-02
7033.9238 1.7709e-02
7036.0337 1.7340e-02
7038.1450 2.7117e-02
7040.2559 2.0222e-02
7042.3687 2.5858e-02
7044.4805 2.0315e-02
7046.5938 2.7286e-02
7048.7080 3.8052e-02
7050.8228 1.9652e-02
7052.9385 2.3358e-02
7055.0542 2.6458e-02
7057.1704 1.5545e-02
7059.2881 2.4661e-02
7061.4053 1.3477e-02
7063.5234 1.9736e-02
7065.6431 2.6316e-02
7067.7627 2.6265e-02
7069.8828 1.4799e-02
7072.0039 2.7185e-02
7074.1255 2.3342e-02
7076.2476 2.8405e-02
7078.3706 2.7151e-02
7080.4937 2.8886e-02
7082.6187 2.5793e-02
7084.7432 3.2443e-02
7086.8687 3.5256e-02
7088.9946 2.8075e-02
7091.1216 4.2654e-02
7093.2490 3.4674e-02
7095.3765 3.0777e-02
7097.5049 2.7251e-02
7099.6348 1.8417e-02
7101.7642 2.3377e-02
7103.8945 3.1421e-02
7106.0264 2.7734e-02
7108.1582 2.7992e-02
7110.2905 2.9119e-02
7112.4229 1.5951e-02
7114.5571 2.5096e-02
7116.6914 2.2427e-02
7118.8262 2.3706e-02
7120.9619 2.4793e-02
7123.0986 1.9697e-02
7125.2354 2.1166e-02
7127.3730 3.0771e-02
7129.5112 1.6563e-02
7131.6499 2.0912e-02
7133.7896 2.9935e-02
7135.9292 3.0070e-02
7138.0703 2.0954e-02
7140.2119 3.0261e-02
7142.3540 2.3725e-02
7144.4966 3.5167e-02
7146.6396 2.8733e-02
7148.7842 2.4857e-02
7150.9287 3.2068e-02
7153.0742 2.2173e-02
7155.2197 2.0898e-02
7157.3667 1.8416e-02
7159.5137 1.9263e-02
7161.6616 2.7530e-02
7163.8101 2.8478e-02
7165.9590 2.4183e-02
7168.1089 1.7611e-02
7170.2593 1.9815e-02
7172.4102 1.1902e-02
7174.5625 2.6967e-02
7176.7144 1.7379e-02
7178.8672 2.0888e-02
7181.0210 2.8350e-02
7183.1753 2.6716e-02
7185.3306 2.0913e-02
7187.4858 2.1868e-02
7189.6421 2.5187e-02
7191.7988 3.2717e-02
7193.9565 2.5552e-02
7196.1147 1.5877e-02
7198.2734 2.3708e-02
7200.4336 3.0434e-02
7202.5928 2.9561e-02
7204.7539 2.5756e-02
7206.9155 2.2806e-02
7209.0771 2.0337e-02
7211.2402 2.7210e-02
7213.4033 2.1963e-02
7215.5674 2.2524e-02
7217.7324 3.7269e-02
7219.8979 1.3750e-02
7222.0635 2.1769e-02
7224.2300 3.3452e-02
7226.3979 2.2760e-02
7228.5654 2.6259e-02
7230.7334 2.4704e-02
7232.9033 2.4665e-02
7235.0728 2.7888e-02
7237.2432 2.3039e-02
7239.4150 2.4070e-02
7241.5864 2.3493e-02
7243.7593 2.7561e-02
7245.9321 1.5565e-02
7248.1060 2.4699e-02
7250.2803 2.7563e-02
7252.4551 1.9110e-02
7254.6313 3.1412e-02
7256.8076 2.2967e-02
7258.9849 2.5856e-02
7261.1626 2.0748e-02
7263.3408 2.2826e-02
7265.5200 2.0736e-02
7267.6992 2.3016e-02
7269.8799 3.1018e-02
7272.0605 2.3492e-02
7274.2422 2.4758e-02
7276.4243 2.6292e-02
7278.6069 1.3889e-02
7280.7910 2.0071e-02
7282.9751 2.4598e-02
7285.1602 1.8705e-02
7287.3452 2.6662e-02
7289.5317 2.9090e-02
7291.7188 2.8098e-02
7293.9067 2.7467e-02
7296.0947 2.2540e-02
7298.2832 2.2498e-02
7300.4727 2.0386e-02
7302.6631 3.0628e-02
7304.8540 2.4509e-02
7307.0454 1.7574e-02
7309.2373 3.6455e-02
7311.4292 2.5485e-02
7313.6235 3.2584e-02
7315.8179 2.8856e-02
7318.0122 7.4119e-03
7320.2075 1.9133e-02
7322.4038 3.2647e-02
7324.6001 1.6142e-02
7326.7979 1.2242e-02
7328.9961 1.7834e-02
7331.1943 2.4907e-02
7333.3936 1.5636e-02
7335.5938 1.7116e-02
7337.7944 2.0601e-02
7339.9956 1.6693e-02
7342.1982 2.5404e-02
7344.4004 3.0176e-02
7346.6035 3.1073e-02
7348.8081 2.8192e-02
7351.0127 2.7394e-02
7353.2183 1.2543e-02
7355.4238 2.6907e-02
7357.6304 2.1610e-02
7359.8374 2.4643e-02
7362.0459 1.8463e-02
7364.2549 1.8895e-02
7366.4634 2.0212e-02
7368.6738 1.3428e-02
7370.8838 1.3817e-02
7373.0957 1.5307e-02
7375.3071 1.7155e-02
7377.5200 1.7596e-02
7379.7334 2.5057e-02
7381.9473 2.8122e-02
7384.1616 2.1854e-02
7386.3770 2.5479e-02
7388.5928 2.5345e-02
7390.8096 1.5757e-02
7393.0264 2.6425e-02
7395.2446 2.7190e-02
7397.4639 2.4592e-02
7399.6826 2.4979e-02
7401.9023 1.7012e-02
7404.1230 2.0940e-02
7406.3438 2.7478e-02
7408.5654 2.9211e-02
7410.7886 1.9550e-02
7413.0122 1.7380e-02
7415.2354 1.7511e-02
7417.4604 2.7960e-02
7419.6855 1.6789e-02
7421.9116 2.2500e-02
7424.1382 2.6523e-02
7426.3652 1.6273e-02
7428.5933 2.1413e-02
7430.8218 2.3478e-02
7433.0513 3.2197e-02
7435.2808 1.7856e-02
7437.5117 1.6853e-02
7439.7432 2.5540e-02
7441.9741 2.0368e-02
7444.2070 2.5213e-02
7446.4404 2.0819e-02
7448.6748 2.5660e-02
7450.9097 1.9187e-02
7453.1440 2.5936e-02
7455.3809 1.4793e-02
7457.6167 1.1250e-02
7459.8545 2.1998e-02
7462.0923 1.7122e-02
7464.3306 1.5246e-02
7466.5698 1.5900e-02
7468.8096 2.8447e-02
7471.0503 3.1744e-02
7473.2920 2.7891e-02
7475.5342 1.6755e-02
7477.7769 2.3424e-02
7480.0205 2.4590e-02
7482.2637 1.9089e-02
7484.5088 2.1378e-02
7486.7539 2.0311e-02
7489.0000 2.7099e-02
7491.2471 1.6437e-02
7493.4937 2.0444e-02
7495.7422 1.3861e-02
7497.9912 2.7509e-02
7500.2402 1.5532e-02
7502.4902 2.5970e-02
7504.7412 2.1513e-02
7506.9927 2.1133e-02
7509.2441 2.3676e-02
7511.4976 2.4558e-02
7513.7510 2.1058e-02
7516.0044 2.7615e-02
7518.2593 2.7311e-02
7520.5151 2.4685e-02
7522.7715 2.1192e-02
7525.0283 2.8713e-02
7527.2861 1.6880e-02
7529.5439 1.7179e-02
7531.8027 2.6293e-02
7534.0620 1.5750e-02
7536.3228 1.9786e-02
7538.5835 2.2086e-02
7540.8447 1.5054e-02
7543.1074 2.4413e-02
7545.3706 3.2033e-02
7547.6338 1.4508e-02
7549.8984 1.4313e-02
7552.1626 2.2271e-02
7554.4292 2.5573e-02
7556.6948 2.0077e-02
7558.9619 2.0023e-02
7561.2295 2.1911e-02
7563.4976 1.6747e-02
7565.7671 3.0222e-02
7568.0366 2.2552e-02
7570.3071 1.8775e-02
7572.5786 2.5582e-02
7574.8511 2.8289e-02
7577.1230 2.8691e-02
7579.3960 2.2054e-02
7581.6694 2.1105e-02
7583.9443 1.6254e-02
7586.2192 2.4762e-02
7588.4956 1.4728e-02
7590.7715 1.3815e-02
7593.0488 2.1592e-02
7595.3262 1.2775e-02
7597.6060 1.6174e-02
7599.8843 2.4279e-02
7602.1641 2.3849e-02
7604.4448 1.5547e-02
7606.7271 1.3927e-02
7609.0093 1.4730e-02
7611.2910 2.8015e-02
7613.5752 2.3476e-02
7615.8589 1.6096e-02
7618.1440 1.2636e-02
7620.4292 9.8398e-03
7622.7153 2.0320e-02
7625.0020 7.8663e-03
7627.2896 1.5004e-02
7629.5781 9.6310e-03
7631.8662 1.2901e-02
7634.1562 1.6546e-02
7636.4468 1.8158e-02
7638.7378 2.2201e-02
7641.0288 1.7509e-02
7643.3213 1.5610e-02
7645.6138 1.7321e-02
7647.9072 2.1799e-02
7650.2021 2.3101e-02
7652.4971 1.3757e-02
7654.7935 1.8882e-02
7657.0894 2.3380e-02
7659.3867 1.7545e-02
7661.6846 1.6411e-02
7663.9829 1.1736e-02
7666.2817 1.6636e-02
7668.5825 1.5405e-02
7670.8823 1.6676e-02
7673.1841 2.2142e-02
7675.4854 1.9159e-02
7677.7891 2.1308e-02
7680.0918 1.5429e-02
7682.3960 2.2237e-02
7684.7002 2.7411e-02
7687.0059 2.6135e-02
7689.3125 1.0000e-02
7691.6191 1.9525e-02
7693.9268 1.7024e-02
7696.2344 1.6580e-02
7698.5430 1.9201e-02
7700.8530 1.4407e-02
7703.1631 1.5570e-02
7705.4746 9.9067e-03
7707.7856 1.3926e-02
7710.0981 1.7783e-02
7712.4111 1.4537e-02
7714.7251 2.2624e-02
7717.0391 1.1783e-02
7719.3540 2.3980e-02
7721.6699 1.5277e-02
7723.9868 8.0959e-03
7726.3042 2.6001e-02
7728.6216 1.7712e-02
7730.9409 1.8473e-02
7733.2593 1.7460e-02
7735.5796 1.1858e-02
7737.9004 1.5070e-02
7740.2217 2.5446e-02
7742.5435 1.5459e-02
7744.8662 1.7061e-02
7747.1895 2.6676e-02
7749.5142 1.9582e-02
7751.8394 1.8919e-02
7754.1650 1.0988e-02
7756.4907 2.5054e-02
7758.8174 2.2857e-02
7761.1450 1.0794e-02
7763.4736 1.6148e-02
7765.8022 1.8795e-02
7768.1323 1.6251e-02
7770.4634 2.7787e-02
7772.7944 2.4499e-02
7775.1260 1.3173e-02
7777.4585 1.8345e-02
7779.7915 1.6781e-02
7782.1260 1.7602e-02
7784.4604 1.8339e-02
7786.7954 1.6388e-02
7789.1318 1.3224e-02
7791.4683 2.3587e-02
7793.8062 1.7639e-02
7796.1436 1.3411e-02
7798.4824 2.1647e-02
7800.8218 1.7241e-02
7803.1626 2.0647e-02
7805.5034 1.8264e-02
7807.8447 1.9149e-02
7810.1880 1.4823e-02
7812.5303 2.5280e-02
7814.8745 1.6099e-02
7817.2192 1.8981e-02
7819.5640 1.8208e-02
7821.9106 1.3494e-02
7824.2559 1.8081e-02
7826.6040 1.5967e-02
7828.9521 2.4758e-02
7831.3003 1.5987e-02
7833.6499 1.7881e-02
7835.9995 1.9700e-02
7838.3511 9.8550e-03
7840.7021 1.5042e-02
7843.0547 1.6211e-02
7845.4077 1.5251e-02
7847.7603 1.8384e-02
7850.1152 2.3496e-02
7852.4702 1.7356e-02
7854.8262 1.4015e-02
7857.1821 1.9981e-02
7859.5396 1.8735e-02
7861.8975 1.2124e-02
7864.2559 1.8560e-02
7866.6157 2.0706e-02
7868.9756 1.5030e-02
7871.3359 2.8096e-02
7873.6978 2.3919e-02
7876.0601 2.6609e-02
7878.4224 1.1200e-02
7880.7856 2.3715e-02
7883.1509 1.7414e-02
7885.5151 8.8902e-03
7887.8809 1.8827e-02
7890.2476 1.0508e-02
7892.6147 2.4723e-02
7894.9814 2.6618e-02
7897.3501 1.1371e-02
7899.7192 1.7008e-02
7902.0898 1.5549e-02
7904.4604 1.9813e-02
7906.8311 1.7631e-02
7909.2036 2.2126e-02
7911.5767 1.6721e-02
7913.9497 1.6893e-02
7916.3247 1.8454e-02
7918.6987 7.7408e-03
7921.0742 1.6722e-02
7923.4512 1.6686e-02
7925.8276 1.3611e-02
7928.2051 1.7601e-02
7930.5845 2.1850e-02
7932.9634 1.8136e-02
7935.3433 2.4399e-02
7937.7236 1.7417e-02
7940.1050 1.3021e-02
7942.4873 1.8527e-02
7944.8701 1.8327e-02
7947.2529 1.3525e-02
7949.6377 1.4096e-02
7952.0225 1.0720e-02
7954.4082 1.8262e-02
7956.7949 2.0503e-02
7959.1807 2.5771e-02
7961.5688 2.0288e-02
7963.9580 1.5070e-02
7966.3462 1.2500e-02
7968.7368 1.8668e-02
7971.1274 1.7244e-02
7973.5181 1.5550e-02
7975.9111 1.6835e-02
7978.3032 1.1242e-02
7980.6973 1.0096e-02
7983.0908 2.5874e-02
7985.4858 1.5444e-02
7987.8823 2.8254e-02
7990.2778 1.6458e-02
7992.6748 2.2816e-02
7995.0728 1.8855e-02
7997.4717 1.8378e-02
7999.8711 2.2147e-02
8002.2710 1.3763e-02
8004.6709 1.2718e-02
8007.0723 1.6652e-02
8009.4746 2.0034e-02
8011.8779 1.9073e-02
8014.2812 1.3047e-02
8016.6855 1.2010e-02
8019.0903 1.5806e-02
8021.4966 1.2912e-02
8023.9028 1.4060e-02
8026.3105 1.6459e-02
8028.7173 1.7290e-02
8031.1260 1.2441e-02
8033.5361 1.5452e-02
8035.9458 1.9326e-02
8038.3569 1.4553e-02
8040.7681 1.8108e-02
8043.1807 1.7815e-02
8045.5933 1.4246e-02
8048.0068 1.5649e-02
8050.4214 9.7544e-03
8052.8364 1.5254e-02
8055.2520 9.8037e-03
8057.6689 1.8864e-02
8060.0864 1.4266e-02
8062.5049 1.7140e-02
8064.9229 1.0120e-02
8067.3423 1.6142e-02
8069.7632 1.4404e-02
8072.1836 1.0396e-02
8074.6050 6.2691e-03
8077.0278 1.7236e-02
8079.4507 1.2404e-02
8081.8745 1.6686e-02
8084.2988 1.0465e-02
8086.7251 1.7725e-02
8089.1509 1.4506e-02
8091.5771 9.4970e-03
8094.0049 1.8321e-02
8096.4331 1.3397e-02
8098.8618 1.1664e-02
8101.2910 8.3598e-03
8103.7217 8.5927e-03
8106.1528 1.5659e-02
8108.5845 1.8744e-02
8111.0171 1.3703e-02
8113.4502 1.4808e-02
8115.8843 1.1078e-02
8118.3188 1.0924e-02
8120.7549 1.0185e-02
8123.1914 1.2782e-02
8125.6284 1.3557e-02
8128.0659 1.5217e-02
8130.5049 1.3820e-02
8132.9438 1.8625e-02
8135.3833 1.0301e-02
8137.8237 1.8622e-02
8140.2651 1.8065e-02
8142.7075 1.4942e-02
8145.1504 1.9786e-02
8147.5938 1.5378e-02
8150.0376 1.0688e-02
8152.4834 1.5276e-02
8154.9292 6.3792e-03
8157.3750 1.3131e-02
8159.8228 2.0059e-02
8162.2705 1.9104e-02
8164.7192 1.6088e-02
8167.1685 1.2287e-02
8169.6187 1.6153e-02
8172.0693 1.5231e-02
8174.5210 1.7303e-02
8176.9736 1.1779e-02
8179.4268 1.5787e-02
8181.8809 1.0754e-02
8184.3350 1.0128e-02
8186.7900 2.4563e-02
8189.2456 1.4652e-02
8191.7031 9.3443e-03
8194.1602 9.7513e-03
8196.6191 1.5445e-02
8199.0781 1.4919e-02
8201.5371 1.8453e-02
8203.9980 1.2558e-02
8206.4590 8.6534e-03
8208.9219 7.0592e-03
8211.3838 1.0909e-02
8213.8477 1.5413e-02
8216.3115 1.2309e-02
8218.7764 1.4430e-02
8221.2422 1.3464e-02
8223.7090 7.0463e-03
8226.1758 1.5022e-02
8228.6436 1.9217e-02
8231.1123 1.3083e-02
8233.5811 9.8212e-03
8236.0518 1.5647e-02
8238.5215 1.0282e-02
8240.9932 2.6096e-02
8243.4658 5.3756e-03
8245.9395 9.1228e-03
8248.4131 7.5667e-03
8250.8877 1.4211e-02
8253.3623 1.2207e-02
8255.8389 1.3487e-02
8258.3154 1.6715e-02
8260.7920 7.9702e-03
8263.2715 1.7000e-02
8265.7500 1.1119e-02
8268.2305 1.6836e-02
8270.7100 1.1746e-02
8273.1914 6.3856e-03
8275.6738 1.5215e-02
8278.1553 1.4707e-02
8280.6396 1.3149e-02
8283.1240 1.4327e-02
8285.6094 1.8375e-02
8288.0947 2.0156e-02
8290.5811 1.3042e-02
8293.0674 1.6557e-02
8295.5557 2.0391e-02
8298.0449 8.9597e-03
8300.5352 1.7569e-02
8303.0234 1.7542e-02
8305.5156 2.0950e-02
8308.0068 1.8312e-02
8310.5000 1.1244e-02
8312.9922 1.6289e-02
8315.4863 1.9049e-02
8317.9805 9.6825e-03
8320.4766 1.1595e-02
8322.9717 1.8179e-02
8325.4697 1.2319e-02
8327.9668 8.3838e-03
8330.4658 2.0432e-02
8332.9639 1.3184e-02
8335.4648 1.6269e-02
8337.9648 1.4226e-02
8340.4668 1.8359e-02
8342.9688 1.8944e-02
8345.4717 1.3134e-02
8347.9746 9.3798e-03
8350.4795 1.0763e-02
8352.9844 1.0223e-02
8355.4902 1.3698e-02
8357.9971 1.3762e-02
8360.5039 2.1395e-02
8363.0127 1.6886e-02
8365.5215 1.2161e-02
8368.0312 9.9333e-03
8370.5420 1.3809e-02
8373.0527 1.3103e-02
8375.5654 9.2923e-03
8378.0771 1.4110e-02
8380.5908 8.5851e-03
8383.1045 2.3148e-02
8385.6191 1.2940e-02
8388.1348 1.8268e-02
8390.6523 1.4201e-02
8393.1689 1.0651e-02
8395.6865 1.1638e-02
8398.2061 1.6696e-02
8400.7246 7.3383e-03
8403.2461 2.5732e-02
8405.7666 1.1832e-02
8408.2881 1.3975e-02
8410.8105 9.5016e-03
8413.3340 1.7458e-02
8415.8584 1.1047e-02
8418.3818 1.2393e-02
8420.9082 1.5332e-02
8423.4346 1.6512e-02
8425.9609 9.9629e-03
8428.4893 1.4592e-02
8431.0186 2.3236e-02
8433.5479 1.1959e-02
8436.0771 1.4553e-02
8438.6074 2.0749e-02
8441.1396 2.3402e-02
8443.6729 2.1381e-02
8446.2051 1.5246e-02
8448.7383 9.0626e-03
8451.2734 1.6751e-02
8453.8086 1.4793e-02
8456.3457 1.3894e-02
8458.8828 2.0356e-02
8461.4199 1.3049e-02
8463.9580 2.8013e-02
8466.4971 1.3574e-02
8469.0371 2.0075e-02
8471.5781 1.8558e-02
8474.1191 2.0874e-02
8476.6621 1.3142e-02
8479.2051 1.8595e-02
8481.7480 1.3323e-02
8484.2930 1.2542e-02
8486.8379 1.5430e-02
8489.3848 1.4955e-02
8491.9316 1.0143e-02
8494.4795 1.5096e-02
8497.0264 2.2571e-02
8499.5762 2.4296e-02
8502.1260 1.7601e-02
8504.6777 1.5300e-02
8507.2285 1.5679e-02
8509.7803 1.8956e-02
8512.3330 1.7368e-02
8514.8857 1.1311e-02
8517.4414 1.0550e-02
8519.9961 1.9527e-02
8522.5527 1.2366e-02
8525.1094 8.9265e-03
8527.6670 1.7908e-02
8530.2246 1.4480e-02
8532.7842 1.2765e-02
8535.3438 2.0738e-02
8537.9053 2.2874e-02
8540.4668 2.3817e-02
8543.0273 1.2096e-02
8545.5908 1.1868e-02
8548.1543 1.8945e-02
8550.7188 1.9773e-02
8553.2842 1.1562e-02
8555.8496 1.3418e-02
8558.4170 1.5460e-02
8560.9844 1.6559e-02
8563.5527 1.6455e-02
8566.1221 1.5553e-02
8568.6914 1.2071e-02
8571.2617 1.4995e-02
8573.8350 1.5318e-02
8576.4062 1.6482e-02
8578.9785 2.1348e-02
8581.5527 1.6295e-02
8584.1270 1.7445e-02
8586.7031 1.3691e-02
8589.2783 1.5604e-02
8591.8555 1.9623e-02
8594.4326 1.1863e-02
8597.0117 1.5856e-02
8599.5898 1.4061e-02
8602.1699 1.5953e-02
8604.7500 1.8813e-02
8607.3320 1.6005e-02
8609.9150 1.3531e-02
8612.4971 1.1228e-02
8615.0811 1.4487e-02
8617.6660 1.2996e-02
8620.2500 1.2625e-02
8622.8369 1.6939e-02
8625.4229 2.4676e-02
8628.0117 1.6315e-02
8630.6006 1.1952e-02
8633.1885 1.8818e-02
8635.7793 1.1011e-02
8638.3711 1.5626e-02
8640.9609 1.4693e-02
8643.5527 1.2915e-02
8646.1465 1.5085e-02
8648.7393 1.6394e-02
8651.3350 1.2905e-02
8653.9307 1.2054e-02
8656.5264 2.0105e-02
8659.1230 1.7181e-02
8661.7207 1.2462e-02
8664.3203 1.0079e-02
8666.9189 9.7033e-03
8669.5186 1.8254e-02
8672.1201 1.2347e-02
8674.7217 2.0283e-02
8677.3242 1.3581e-02
8679.9277 1.3361e-02
8682.5312 1.0459e-02
8685.1367 9.2106e-03
8687.7412 1.3318e-02
8690.3477 1.8353e-02
8692.9551 1.6905e-02
8695.5625 1.8179e-02
8698.1709 2.0360e-02
8700.7803 1.2835e-02
8703.3916 2.3298e-02
8706.0020 1.9130e-02
8708.6133 1.1496e-02
8711.2266 1.8759e-02
8713.8398 1.1527e-02
8716.4541 1.8864e-02
8719.0684 1.9743e-02
8721.6846 1.8375e-02
8724.3018 1.2494e-02
8726.9189 1.2269e-02
8729.5371 2.7600e-02
8732.1553 1.4210e-02
8734.7754 1.2057e-02
8737.3955 1.5188e-02
8740.0166 1.7673e-02
8742.6387 1.6590e-02
8745.2607 1.9824e-02
8747.8848 1.2615e-02
8750.5098 1.5151e-02
8753.1348 1.5445e-02
8755.7607 1.1673e-02
8758.3867 1.4906e-02
8761.0146 1.6016e-02
8763.6436 1.5418e-02
8766.2715 1.4274e-02
8768.9023 1.7920e-02
8771.5322 1.6718e-02
8774.1641 1.4970e-02
8776.7959 2.0959e-02
8779.4287 6.8849e-03
8782.0635 1.5939e-02
8784.6982 2.2491e-02
8787.3330 9.7510e-03
8789.9697 1.0520e-02
8792.6074 1.5381e-02
8795.2451 1.5662e-02
8797.8838 2.3962e-02
8800.5234 9.9760e-03
8803.1621 1.0089e-02
8805.8027 1.5004e-02
8808.4453 1.7221e-02
8811.0879 1.1920e-02
8813.7314 1.5487e-02
8816.3750 1.9892e-02
8819.0205 1.6744e-02
8821.6660 1.3308e-02
8824.3125 1.2712e-02
8826.9590 1.0191e-02
8829.6084 1.1292e-02
8832.2568 1.8403e-02
8834.9062 1.0398e-02
8837.5557 9.7139e-03
8840.2080 2.4200e-02
8842.8594 1.7251e-02
8845.5127 1.2464e-02
8848.1670 1.4880e-02
8850.8213 1.4754e-02
8853.4766 1.2363e-02
8856.1328 2.0785e-02
8858.7881 6.1521e-03
8861.4463 1.1732e-02
8864.1045 1.2741e-02
8866.7646 1.2114e-02
8869.4238 1.6386e-02
8872.0850 1.5849e-02
8874.7471 1.3278e-02
8877.4092 1.5652e-02
8880.0732 7.3320e-03
8882.7373 9.8588e-03
8885.4014 1.1032e-02
8888.0674 1.2863e-02
8890.7334 1.5032e-02
8893.4004 1.5756e-02
8896.0684 1.2941e-02
8898.7373 1.3156e-02
8901.4072 8.7844e-03
8904.0771 1.7062e-02
8906.7480 1.2161e-02
8909.4199 7.3373e-03
8912.0938 1.6130e-02
8914.7676 1.0680e-02
8917.4414 3.7335e-03
8920.1172 1.3866e-02
8922.7930 1.3126e-02
8925.4697 1.5234e-02
8928.1475 1.5377e-02
8930.8262 1.4229e-02
8933.5049 1.7812e-02
8936.1855 1.8756e-02
8938.8652 6.4894e-03
8941.5469 1.2967e-02
8944.2295 8.6856e-03
8946.9141 1.0890e-02
8949.5977 1.5817e-02
8952.2822 1.2642e-02
8954.9678 1.8264e-02
8957.6553 1.0518e-02
8960.3418 1.1630e-02
8963.0293 1.4874e-02
8965.7178 1.7593e-02
8968.4082 8.6250e-03
8971.0986 8.5728e-03
8973.7910 1.3273e-02
8976.4824 8.3095e-03
8979.1748 1.4992e-02
8981.8691 4.2114e-03
8984.5635 1.6921e-02
8987.2588 1.1365e-02
8989.9551 1.3885e-02
8992.6523 1.4200e-02
8995.3506 1.1846e-02
8998.0488 1.0131e-02
9000.7480 1.4594e-02
9003.4482 1.4051e-02
9006.1494 1.6944e-02
9008.8516 1.3079e-02
9011.5537 1.7133e-02
9014.2578 6.4971e-03
9016.9609 1.7053e-02
9019.6660 1.5445e-02
9022.3721 1.1020e-02
9025.0791 1.6218e-02
9027.7871 1.3180e-02
9030.4951 1.4120e-02
9033.2051 1.8228e-02
9035.9150 1.3833e-02
9038.6260 8.7100e-03
9041.3369 7.2608e-03
9044.0498 1.3413e-02
9046.7627 1.2375e-02
9049.4766 6.2381e-03
9052.1914 1.2406e-02
9054.9072 1.1338e-02
9057.6240 8.6776e-03
9060.3398 1.1757e-02
9063.0586 1.4178e-02
9065.7773 1.0754e-02
9068.4971 1.4602e-02
9071.2168 1.6361e-02
9073.9395 1.4401e-02
9076.6611 1.3851e-02
9079.3848 1.0930e-02
9082.1074 1.1370e-02
9084.8330 1.1219e-02
9087.5576 1.0781e-02
9090.2832 9.3072e-03
9093.0117 1.3841e-02
9095.7393 1.2461e-02
9098.4688 8.3450e-03
9101.1973 9.1778e-03
9103.9287 1.5674e-02
9106.6592 6.3945e-03
9109.3906 1.7569e-02
9112.1250 6.7969e-03
9114.8584 1.3617e-02
9117.5928 1.1266e-02
9120.3271 1.2948e-02
9123.0635 1.8842e-02
9125.8008 9.2980e-03
9128.5391 9.5100e-03
9131.2764 1.6105e-02
9134.0156 1.0508e-02
9136.7568 7.4464e-03
9139.4980 1.1247e-02
9142.2383 9.7415e-03
9144.9814 8.6085e-03
9147.7266 5.3884e-03
9150.4707 9.6896e-03
9153.2158 9.6385e-03
9155.9609 8.3243e-03
9158.7070 1.0671e-02
9161.4551 1.1537e-02
9164.2041 7.0973e-03
9166.9531 1.4201e-02
9169.7031 1.4128e-02
9172.4541 9.4521e-03
9175.2051 1.0306e-02
9177.9580 1.0489e-02
9180.7109 7.6854e-03
9183.4668 3.3633e-03
9186.2207 1.0037e-02
9188.9766 1.2837e-02
9191.7334 6.6121e-03
9194.4912 9.8820e-03
9197.2490 1.0606e-02
9200.0088 9.9081e-03
9202.7686 7.4393e-03
9205.5293 8.2272e-03
9208.2920 1.9660e-02
9211.0527 5.8226e-03
9213.8164 1.4451e-02
9216.5811 8.5881e-03
9219.3467 7.4394e-03
9222.1113 1.1556e-02
9224.8789 9.0970e-03
9227.6455 1.2840e-02
9230.4141 1.7495e-02
9233.1836 7.0649e-03
9235.9531 4.6509e-03
9238.7246 1.6325e-02
9241.4951 5.2147e-03
9244.2686 1.7752e-02
9247.0410 8.1150e-03
9249.8154 1.5391e-02
9252.5908 9.2258e-03
9255.3652 1.3888e-02
9258.1426 7.5922e-03
9260.9209 1.1265e-02
9263.6992 8.3768e-03
9266.4775 5.9332e-03
9269.2568 1.0169e-02
9272.0381 9.1057e-03
9274.8203 1.6589e-02
9277.6025 7.5620e-03
9280.3857 1.3653e-02
9283.1709 1.1384e-02
9285.9541 1.3924e-02
9288.7402 1.2668e-02
9291.5264 1.2974e-02
9294.3135 5.1830e-03
9297.1025 5.9566e-03
9299.8926 8.5129e-03
9302.6816 8.8945e-03
9305.4727 8.5430e-03
9308.2646 5.2431e-03
9311.0566 9.2957e-03
9313.8506 8.8463e-03
9316.6436 1.3587e-02
9319.4395 1.5290e-02
9322.2354 5.1142e-03
9325.0322 6.8111e-03
9327.8291 1.4407e-02
9330.6279 7.6690e-03
9333.4277 1.4210e-02
9336.2266 8.0842e-03
9339.0283 1.0512e-02
9341.8291 1.2670e-02
9344.6318 9.9492e-03
9347.4355 1.0425e-02
9350.2402 8.1920e-03
9353.0449 1.4448e-02
9355.8516 8.8396e-03
9358.6572 1.1539e-02
9361.4658 9.2839e-03
9364.2734 9.3247e-03
9367.0830 8.7676e-03
9369.8936 1.0838e-02
9372.7041 9.9209e-03
9375.5156 1.1567e-02
9378.3291 4.4113e-03
9381.1416 9.2494e-03
9383.9561 1.5002e-02
9386.7715 6.7345e-03
9389.5879 5.0544e-03
9392.4043 1.6215e-02
9395.2217 4.5437e-03
9398.0400 1.8089e-02
9400.8594 8.8339e-03
9403.6807 8.1573e-03
9406.5020 7.0398e-03
9409.3242 1.3926e-02
9412.1465 1.0144e-02
9414.9707 7.1495e-03
9417.7939 4.6023e-03
9420.6201 7.0309e-03
9423.4453 1.0414e-02
9426.2725 1.2808e-02
9429.1006 4.8637e-03
9431.9287 9.2023e-03
9434.7588 4.7563e-03
9437.5898 1.6118e-02
9440.4209 5.3924e-03
9443.2529 1.3990e-02
9446.0859 4.1296e-03
9448.9199 8.8065e-03
9451.7549 6.6097e-03
9454.5889 6.7484e-03
9457.4268 6.6411e-03
9460.2637 6.9849e-03
9463.1016 1.0783e-02
9465.9414 8.3320e-03
9468.7803 1.5539e-02
9471.6211 8.3746e-03
9474.4629 1.2854e-02
9477.3047 7.2962e-03
9480.1484 1.3073e-02
9482.9922 4.0885e-03
9485.8369 6.3729e-03
9488.6836 1.1204e-02
9491.5303 9.4758e-03
9494.3760 1.0912e-02
9497.2256 1.1399e-02
9500.0742 7.5530e-03
9502.9238 7.9779e-03
9505.7754 6.4107e-03
9508.6270 8.6470e-03
9511.4805 3.6122e-03
9514.3320 1.2811e-02
9517.1875 6.8207e-03
9520.0420 3.6862e-03
9522.8984 6.0928e-03
9525.7559 1.3007e-02
9528.6133 8.5300e-03
9531.4717 4.9754e-03
9534.3311 1.1483e-02
9537.1914 5.4963e-03
9540.0518 6.7269e-03
9542.9150 4.1225e-03
9545.7773 1.2175e-02
9548.6416 8.7862e-03
9551.5059 1.2912e-02
9554.3711 7.0490e-03
9557.2373 1.2087e-02
9560.1045 1.4749e-02
9562.9727 7.7413e-03
9565.8418 2.9939e-03
9568.7109 5.0440e-03
9571.5820 6.2779e-03
9574.4531 5.5086e-03
9577.3252 9.3010e-03
9580.1992 1.0367e-02
9583.0723 5.4905e-03
9585.9473 6.0229e-03
9588.8242 7.2010e-03
9591.7002 8.7426e-03
9594.5781 4.2926e-03
9597.4561 3.9987e-03
9600.3350 6.0134e-03
9603.2158 5.2363e-03
9606.0957 1.2124e-02
9608.9775 9.4946e-03
9611.8613 1.1940e-02
9614.7441 8.8132e-03
9617.6279 5.1458e-03
9620.5137 1.0841e-02
9623.4014 7.1530e-03
9626.2881 8.1592e-03
9629.1748 1.3033e-02
9632.0645 6.2906e-03
9634.9541 3.2408e-03
9637.8438 5.6403e-03
9640.7363 4.8835e-03
9643.6270 1.9919e-03
9646.5215 5.7224e-03
9649.4141 8.9064e-03
9652.3086 7.3087e-03
9655.2051 4.4123e-03
9658.1016 1.1829e-02
9660.9990 5.0538e-03
9663.8975 1.2369e-02
9666.7969 6.8876e-03
9669.6973 7.9732e-03
9672.5967 1.1094e-02
9675.5000 7.0442e-03
9678.4023 9.0641e-03
9681.3057 3.7808e-03
9684.2109 6.4876e-03
9687.1152 6.6040e-03
9690.0215 6.4299e-03
9692.9287 3.8030e-03
9695.8369 9.5893e-03
9698.7441 5.8410e-03
9701.6553 1.0513e-02
9704.5645 6.3552e-03
9707.4775 1.1882e-02
9710.3887 5.2701e-03
9713.3008 7.5627e-03
9716.2158 8.2643e-03
9719.1299 4.5079e-03
9722.0459 7.1723e-03
9724.9629 3.3053e-03
9727.8809 8.0690e-03
9730.7988 9.1734e-03
9733.7178 5.6411e-03
9736.6387 6.4010e-03
9739.5586 6.3285e-03
9742.4805 5.9922e-03
9745.4033 5.6046e-03
9748.3281 3.7148e-03
9751.2520 7.7505e-03
9754.1777 7.6693e-03
9757.1035 9.7753e-03
9760.0303 1.1941e-02
9762.9590 4.6784e-03
9765.8877 4.0467e-03
9768.8174 8.8210e-03
9771.7480 4.2670e-03
9774.6797 5.8204e-03
9777.6113 9.5713e-03
9780.5459 7.5029e-03
9783.4795 3.9675e-03
9786.4141 1.7774e-03
9789.3496 6.3601e-03
9792.2871 3.6752e-03
9795.2256 6.6117e-03
9798.1641 9.8758e-03
9801.1035 6.9541e-03
9804.0430 5.1814e-03
9806.9844 4.9674e-03
9809.9268 9.3964e-03
9812.8691 7.5033e-03
9815.8125 7.2081e-03
9818.7578 8.8151e-03
9821.7041 2.7740e-03
9824.6494 8.4087e-03
9827.5967 3.4786e-03
9830.5469 1.3555e-02
9833.4951 5.6465e-03
9836.4453 4.9757e-03
9839.3965 5.4840e-03
9842.3486 7.0401e-03
9845.2998 9.9784e-03
9848.2549 6.1387e-03
9851.2080 1.0474e-02
9854.1641 1.4803e-03
9857.1201 1.1238e-02
9860.0771 2.5653e-03
9863.0361 8.2677e-03
9865.9941 4.2528e-03
9868.9541 8.5964e-03
9871.9150 9.9855e-03
9874.8760 8.7293e-03
9877.8389 6.6292e-03
9880.8018 6.6646e-03
9883.7666 8.9520e-03
9886.7324 6.0594e-03
9889.6982 2.5383e-03
9892.6641 3.6575e-03
9895.6338 1.0602e-02
9898.6016 7.2052e-03
9901.5713 2.1448e-03
9904.5420 7.9994e-03
9907.5127 7.5948e-03
9910.4854 4.4543e-03
9913.4590 7.2696e-03
9916.4326 7.4562e-03
9919.4072 7.2003e-03
9922.3828 1.1193e-02
9925.3584 4.3624e-03
9928.3379 1.0490e-02
9931.3164 2.6687e-03
9934.2949 5.4785e-03
9937.2754 7.1113e-03
9940.2568 5.6772e-03
9943.2383 6.4369e-03
9946.2207 4.3898e-03
9949.2061 8.7732e-03
9952.1904 2.9377e-03
9955.1758 1.1887e-02
9958.1631 7.9165e-03
9961.1494 6.7584e-03
9964.1387 7.3062e-03
9967.1279 4.5187e-03
9970.1182 7.8106e-03
9973.1084 5.8959e-03
9976.1006 1.2365e-02
9979.0928 4.7955e-03
9982.0859 3.3114e-03
9985.0820 5.4369e-03
9988.0771 4.3298e-03
9991.0732 5.2963e-03
9994.0713 7.3290e-03
9997.0693 9.5254e-03
10000.0684 2.3759e-03
10003.0674 7.8976e-03
10006.0684 1.1119e-02
10009.0713 4.9920e-03
10012.0742 7.8480e-03
10015.0771 9.8837e-03
10018.0820 5.3750e-03
10021.0879 8.0500e-03
10024.0938 1.1143e-02
10027.1006 4.1267e-03
10030.1084 1.0197e-02
10033.1172 6.0892e-03
10036.1270 6.1216e-03
10039.1387 1.2024e-02
10042.1504 1.1643e-02
10045.1631 6.3900e-03
10048.1768 8.1081e-03
10051.1924 1.0555e-02
10054.2061 8.6499e-03
10057.2227 9.4309e-03
10060.2402 8.9575e-03
10063.2578 6.8369e-03
10066.2773 5.2134e-03
10069.2969 6.1219e-03
10072.3174 1.4726e-02
10075.3379 1.0476e-02
10078.3623 8.3802e-03
10081.3848 6.6221e-03
10084.4102 6.0900e-03
10087.4346 8.0853e-03
10090.4619 7.6147e-03
10093.4883 7.1307e-03
10096.5166 4.3113e-03
10099.5459 7.8009e-03
10102.5742 4.0136e-03
10105.6055 4.7778e-03
10108.6367 2.5866e-03
10111.6709 6.4835e-03
10114.7041 1.0996e-02
10117.7383 5.1753e-03
10120.7734 6.0803e-03
10123.8105 1.0645e-02
10126.8477 1.0020e-02
10129.8857 4.3633e-03
10132.9248 4.3712e-03
10135.9648 9.4402e-03
10139.0049 1.1376e-02
10142.0479 8.7715e-03
10145.0879 6.5206e-03
10148.1318 9.0643e-03
10151.1768 1.1193e-02
10154.2227 6.3870e-03
10157.2686 6.7702e-03
10160.3154 9.4360e-03
10163.3643 5.0455e-03
10166.4121 6.3861e-03
10169.4629 8.1566e-03
10172.5137 7.8200e-03
10175.5654 4.8339e-03
10178.6191 4.0851e-03
10181.6719 6.6238e-03
10184.7256 1.3832e-02
10187.7822 8.7233e-03
10190.8379 8.8818e-03
10193.8945 4.2331e-03
10196.9541 6.9388e-03
10200.0127 5.6210e-03
10203.0723 4.5611e-03
10206.1328 8.0194e-03
10209.1953 9.5566e-03
10212.2578 6.0840e-03
10215.3223 3.8384e-03
10218.3867 9.3479e-03
10221.4521 7.7797e-03
10224.5186 6.6306e-03
10227.5850 6.9745e-03
10230.6543 4.5268e-03
10233.7246 3.6304e-03
10236.7930 3.9158e-03
10239.8643 5.3410e-03
10242.9355 2.8014e-03
10246.0098 9.2542e-03
10249.0830 7.1013e-03
10252.1572 5.9699e-03
10255.2334 1.0801e-02
10258.3096 7.5106e-03
10261.3877 4.1436e-03
10264.4648 3.0048e-03
10267.5449 7.2050e-03
10270.6250 3.3423e-03
