# time_explosion = 17.75
# 
3082.8928 5.1902e-02
3083.8179 6.3493e-02
3084.7432 3.7877e-02
3085.6685 6.8791e-02
3086.5940 5.6455e-02
3087.5200 5.5230e-02
3088.4463 5.1819e-02
3089.3728 5.6371e-02
3090.2996 4.7904e-02
3091.2268 6.3021e-02
3092.1541 5.8338e-02
3093.0815 4.2515e-02
3094.0098 5.1197e-02
3094.9380 4.8600e-02
3095.8665 5.0171e-02
3096.7952 5.0676e-02
3097.7241 3.8926e-02
3098.6536 6.1271e-02
3099.5828 4.7581e-02
3100.5129 4.5658e-02
3101.4431 5.3617e-02
3102.3735 5.7538e-02
3103.3042 5.9422e-02
3104.2354 4.9678e-02
3105.1665 5.0006e-02
3106.0981 6.3000e-02
3107.0300 5.4204e-02
3107.9619 4.2301e-02
3108.8943 6.4410e-02
3109.8269 5.7743e-02
3110.7600 5.5218e-02
3111.6929 4.1639e-02
3112.6265 4.2091e-02
3113.5605 4.5499e-02
3114.4944 6.5085e-02
3115.4290 5.0103e-02
3116.3635 5.0063e-02
3117.2986 5.3722e-02
3118.2336 5.0396e-02
3119.1689 5.6486e-02
3120.1047 5.2497e-02
3121.0410 3.9689e-02
3121.9773 4.5776e-02
3122.9136 4.9982e-02
3123.8508 4.8391e-02
3124.7878 5.5360e-02
3125.7251 4.0268e-02
3126.6628 5.7670e-02
3127.6008 4.2552e-02
3128.5393 4.4066e-02
3129.4778 2.7711e-02
3130.4170 4.1280e-02
3131.3557 3.9565e-02
3132.2954 5.0608e-02
3133.2349 4.4070e-02
3134.1748 4.2860e-02
3135.1150 5.4260e-02
3136.0559 6.2247e-02
3136.9968 4.1171e-02
3137.9377 3.8815e-02
3138.8789 5.3303e-02
3139.8206 4.6048e-02
3140.7625 4.8069e-02
3141.7046 4.5770e-02
3142.6472 3.6593e-02
3143.5901 5.3091e-02
3144.5334 5.3048e-02
3145.4766 4.6786e-02
3146.4202 5.0766e-02
3147.3643 4.6956e-02
3148.3086 3.8015e-02
3149.2529 4.4396e-02
3150.1975 4.1732e-02
3151.1426 5.2443e-02
3152.0881 6.1464e-02
3153.0337 4.6828e-02
3153.9795 4.6517e-02
3154.9255 4.4811e-02
3155.8723 5.0987e-02
3156.8188 4.2052e-02
3157.7661 7.5680e-02
3158.7134 6.9833e-02
3159.6609 5.2420e-02
3160.6086 6.0069e-02
3161.5571 6.5426e-02
3162.5054 4.1952e-02
3163.4541 5.4785e-02
3164.4031 4.1446e-02
3165.3528 2.7897e-02
3166.3022 5.5949e-02
3167.2522 4.9077e-02
3168.2024 5.3699e-02
3169.1526 5.0543e-02
3170.1035 5.4049e-02
3171.0544 6.1136e-02
3172.0061 6.3901e-02
3172.9573 5.6535e-02
3173.9092 5.1003e-02
3174.8613 3.2489e-02
3175.8140 5.5790e-02
3176.7668 6.1583e-02
3177.7197 4.3238e-02
3178.6729 4.4153e-02
3179.6267 6.5125e-02
3180.5808 5.2792e-02
3181.5347 6.5291e-02
3182.4893 3.6945e-02
3183.4438 6.2236e-02
3184.3987 3.8754e-02
3185.3542 6.2491e-02
3186.3101 6.7579e-02
3187.2659 6.6726e-02
3188.2217 3.9573e-02
3189.1785 5.7992e-02
3190.1350 5.4261e-02
3191.0920 4.0340e-02
3192.0493 3.8915e-02
3193.0071 6.4795e-02
3193.9651 5.6049e-02
3194.9233 5.6391e-02
3195.8818 5.2062e-02
3196.8408 4.7747e-02
3197.7996 5.9275e-02
3198.7590 4.5376e-02
3199.7185 6.4743e-02
3200.6782 4.8314e-02
3201.6387 5.1085e-02
3202.5991 4.7925e-02
3203.5598 5.6938e-02
3204.5208 4.9196e-02
3205.4824 6.2726e-02
3206.4441 5.1321e-02
3207.4058 5.0065e-02
3208.3682 4.8809e-02
3209.3306 5.4820e-02
3210.2935 4.6898e-02
3211.2563 4.8214e-02
3212.2200 4.8165e-02
3213.1833 4.8078e-02
3214.1472 5.6188e-02
3215.1118 5.5466e-02
3216.0764 5.2799e-02
3217.0413 3.8539e-02
3218.0061 5.4930e-02
3218.9714 5.1618e-02
3219.9373 4.5439e-02
3220.9031 5.9200e-02
3221.8699 4.4942e-02
3222.8362 6.2269e-02
3223.8030 5.3112e-02
3224.7700 4.5531e-02
3225.7375 6.2377e-02
3226.7053 4.1890e-02
3227.6731 4.7409e-02
3228.6416 4.2296e-02
3229.6101 6.8883e-02
3230.5791 5.5448e-02
3231.5483 6.5757e-02
3232.5178 4.7614e-02
3233.4875 3.2773e-02
3234.4575 5.3020e-02
3235.4280 5.4981e-02
3236.3984 6.7616e-02
3237.3691 4.3698e-02
3238.3403 5.3444e-02
3239.3120 5.4410e-02
3240.2839 4.1433e-02
3241.2559 4.3916e-02
3242.2285 3.3457e-02
3243.2012 8.0086e-02
3244.1743 4.9464e-02
3245.1472 5.3106e-02
3246.1208 4.6563e-02
3247.0947 5.9588e-02
3248.0688 5.8038e-02
3249.0432 5.3769e-02
3250.0178 5.4042e-02
3250.9929 5.5140e-02
3251.9680 5.6403e-02
3252.9438 5.9295e-02
3253.9194 4.4341e-02
3254.8958 5.5854e-02
3255.8723 5.5646e-02
3256.8489 7.6628e-02
3257.8262 4.5995e-02
3258.8035 5.3147e-02
3259.7810 5.0172e-02
3260.7593 7.4045e-02
3261.7373 3.7434e-02
3262.7158 5.4815e-02
3263.6946 4.9531e-02
3264.6736 6.9400e-02
3265.6531 5.8429e-02
3266.6331 7.0157e-02
3267.6130 5.9038e-02
3268.5930 6.8194e-02
3269.5735 4.0506e-02
3270.5544 5.2175e-02
3271.5356 5.6858e-02
3272.5171 4.8946e-02
3273.4990 5.2295e-02
3274.4812 5.9579e-02
3275.4634 6.5608e-02
3276.4458 4.9985e-02
3277.4287 6.1505e-02
3278.4124 5.4290e-02
3279.3958 4.7741e-02
3280.3794 8.0174e-02
3281.3635 4.8374e-02
3282.3479 6.7350e-02
3283.3325 4.9644e-02
3284.3179 6.8571e-02
3285.3030 4.9583e-02
3286.2888 7.1299e-02
3287.2744 5.1926e-02
3288.2605 8.5788e-02
3289.2471 7.2322e-02
3290.2339 5.8565e-02
3291.2212 5.9182e-02
3292.2083 5.7943e-02
3293.1958 7.7161e-02
3294.1838 7.1337e-02
3295.1724 6.0639e-02
3296.1609 7.3710e-02
3297.1497 6.5696e-02
3298.1387 8.3133e-02
3299.1282 6.0543e-02
3300.1177 5.5538e-02
3301.1079 5.8156e-02
3302.0984 7.1449e-02
3303.0889 7.8139e-02
3304.0798 6.2277e-02
3305.0713 7.9377e-02
3306.0627 6.1917e-02
3307.0544 9.5615e-02
3308.0466 7.9283e-02
3309.0391 7.1638e-02
3310.0317 8.4629e-02
3311.0247 6.9021e-02
3312.0178 7.8172e-02
3313.0117 9.8767e-02
3314.0054 7.8998e-02
3315.0000 6.7976e-02
3315.9941 7.7710e-02
3316.9890 6.9855e-02
3317.9839 8.4594e-02
3318.9795 8.9687e-02
3319.9751 9.3337e-02
3320.9712 9.4110e-02
3321.9678 7.0148e-02
3322.9639 8.9566e-02
3323.9607 9.8042e-02
3324.9580 7.9550e-02
3325.9558 9.0181e-02
3326.9536 8.1586e-02
3327.9514 9.9728e-02
3328.9497 1.0925e-01
3329.9482 9.5438e-02
3330.9475 9.7388e-02
3331.9468 7.4935e-02
3332.9463 8.0525e-02
3333.9463 8.8196e-02
3334.9463 8.3100e-02
3335.9473 7.9667e-02
3336.9478 9.2719e-02
3337.9487 1.2106e-01
3338.9502 8.0221e-02
3339.9517 9.5324e-02
3340.9536 1.0932e-01
3341.9561 9.2692e-02
3342.9587 1.0411e-01
3343.9614 9.2679e-02
3344.9651 1.0317e-01
3345.9685 1.0725e-01
3346.9722 1.2753e-01
3347.9763 1.0560e-01
3348.9805 1.0931e-01
3349.9854 9.7433e-02
3350.9902 1.0653e-01
3351.9956 8.9060e-02
3353.0010 1.0367e-01
3354.0073 1.1347e-01
3355.0129 1.0192e-01
3356.0198 9.8268e-02
3357.0264 7.0818e-02
3358.0334 9.0080e-02
3359.0410 1.0501e-01
3360.0488 9.9777e-02
3361.0569 9.4012e-02
3362.0654 9.0992e-02
3363.0740 1.4213e-01
3364.0828 1.1545e-01
3365.0918 1.0492e-01
3366.1013 9.6452e-02
3367.1113 9.2961e-02
3368.1213 1.0127e-01
3369.1318 1.0917e-01
3370.1426 1.2420e-01
3371.1536 8.7917e-02
3372.1650 1.0917e-01
3373.1768 9.3146e-02
3374.1885 1.2789e-01
3375.2004 1.2731e-01
3376.2134 1.3116e-01
3377.2261 1.3664e-01
3378.2395 1.1078e-01
3379.2529 1.0552e-01
3380.2664 1.1305e-01
3381.2805 9.8718e-02
3382.2952 1.3807e-01
3383.3098 1.0340e-01
3384.3250 1.0970e-01
3385.3401 1.0408e-01
3386.3557 1.1160e-01
3387.3716 1.1300e-01
3388.3879 1.2336e-01
3389.4045 1.2409e-01
3390.4211 1.4563e-01
3391.4385 1.2622e-01
3392.4558 1.3316e-01
3393.4736 9.9607e-02
3394.4915 1.1858e-01
3395.5100 1.3091e-01
3396.5286 1.0870e-01
3397.5474 1.4556e-01
3398.5667 1.3010e-01
3399.5862 1.3146e-01
3400.6062 1.2666e-01
3401.6262 1.1113e-01
3402.6467 1.2592e-01
3403.6677 1.2224e-01
3404.6887 1.2959e-01
3405.7100 1.4574e-01
3406.7319 1.4155e-01
3407.7539 1.3633e-01
3408.7764 1.2526e-01
3409.7988 1.1601e-01
3410.8218 1.0854e-01
3411.8450 1.2353e-01
3412.8687 1.4088e-01
3413.8923 1.1806e-01
3414.9167 1.4049e-01
3415.9412 1.3471e-01
3416.9658 1.1705e-01
3417.9907 1.1932e-01
3419.0164 1.1132e-01
3420.0420 1.3967e-01
3421.0681 1.5241e-01
3422.0945 1.3579e-01
3423.1208 1.4527e-01
3424.1479 1.2410e-01
3425.1753 1.2224e-01
3426.2029 1.4732e-01
3427.2307 1.2466e-01
3428.2588 1.3359e-01
3429.2871 1.3148e-01
3430.3159 1.2469e-01
3431.3452 1.2637e-01
3432.3748 1.2700e-01
3433.4041 1.4057e-01
3434.4346 1.4152e-01
3435.4646 1.3534e-01
3436.4954 1.1836e-01
3437.5261 1.4004e-01
3438.5579 1.3647e-01
3439.5894 1.4320e-01
3440.6208 1.4134e-01
3441.6531 1.3167e-01
3442.6855 1.1273e-01
3443.7183 1.2970e-01
3444.7515 1.4156e-01
3445.7852 1.1536e-01
3446.8186 1.4484e-01
3447.8525 1.0953e-01
3448.8872 1.1545e-01
3449.9216 1.3462e-01
3450.9568 1.3770e-01
3451.9919 1.3086e-01
3453.0276 1.3232e-01
3454.0637 1.3990e-01
3455.0999 1.3831e-01
3456.1362 1.2675e-01
3457.1731 1.2438e-01
3458.2102 1.0596e-01
3459.2476 1.2125e-01
3460.2856 1.4656e-01
3461.3235 1.5220e-01
3462.3621 1.0738e-01
3463.4004 1.3743e-01
3464.4399 1.2202e-01
3465.4790 1.4946e-01
3466.5188 1.5885e-01
3467.5586 1.3189e-01
3468.5989 1.4935e-01
3469.6394 1.2855e-01
3470.6804 1.4334e-01
3471.7217 1.6124e-01
3472.7629 1.3914e-01
3473.8049 1.4114e-01
3474.8469 1.2384e-01
3475.8894 1.0180e-01
3476.9321 1.2699e-01
3477.9751 1.3702e-01
3479.0188 1.3682e-01
3480.0625 1.5460e-01
3481.1064 1.3153e-01
3482.1509 1.3708e-01
3483.1956 1.3467e-01
3484.2407 1.2049e-01
3485.2856 1.3031e-01
3486.3313 1.4149e-01
3487.3772 1.3836e-01
3488.4233 1.4012e-01
3489.4697 1.5399e-01
3490.5168 1.4911e-01
3491.5640 1.3017e-01
3492.6116 1.2997e-01
3493.6592 1.0522e-01
3494.7073 1.4859e-01
3495.7556 1.4162e-01
3496.8044 1.6931e-01
3497.8535 1.3692e-01
3498.9026 1.5475e-01
3499.9526 1.2014e-01
3501.0024 1.3969e-01
3502.0527 1.3512e-01
3503.1033 1.3728e-01
3504.1543 1.4297e-01
3505.2058 1.3859e-01
3506.2571 1.1864e-01
3507.3088 1.2655e-01
3508.3613 1.6108e-01
3509.4136 1.5276e-01
3510.4663 1.2371e-01
3511.5193 1.6246e-01
3512.5730 1.5185e-01
3513.6270 1.5429e-01
3514.6809 1.0988e-01
3515.7351 1.3875e-01
3516.7898 1.4528e-01
3517.8452 1.1638e-01
3518.9004 1.4609e-01
3519.9561 1.3852e-01
3521.0122 1.1544e-01
3522.0686 1.3669e-01
3523.1250 1.4692e-01
3524.1821 1.2281e-01
3525.2390 1.2040e-01
3526.2969 1.2641e-01
3527.3547 1.2526e-01
3528.4126 1.3934e-01
3529.4714 1.4662e-01
3530.5303 1.1009e-01
3531.5894 1.0955e-01
3532.6487 1.3375e-01
3533.7090 1.0687e-01
3534.7688 1.4966e-01
3535.8293 1.5309e-01
3536.8901 1.1510e-01
3537.9512 1.4422e-01
3539.0122 1.4041e-01
3540.0740 1.2936e-01
3541.1360 1.1351e-01
3542.1987 1.1623e-01
3543.2612 1.2921e-01
3544.3245 1.4068e-01
3545.3875 1.3493e-01
3546.4509 1.2949e-01
3547.5154 1.3781e-01
3548.5793 1.3833e-01
3549.6438 1.0924e-01
3550.7087 1.3924e-01
3551.7739 1.0434e-01
3552.8396 1.0768e-01
3553.9053 1.2444e-01
3554.9714 1.1248e-01
3556.0378 1.3642e-01
3557.1050 1.4009e-01
3558.1716 1.2750e-01
3559.2395 1.1650e-01
3560.3071 1.3689e-01
3561.3752 1.1904e-01
3562.4436 1.2676e-01
3563.5125 1.0867e-01
3564.5813 1.5191e-01
3565.6506 1.1869e-01
3566.7205 1.3775e-01
3567.7905 1.0360e-01
3568.8611 1.2104e-01
3569.9316 1.0634e-01
3571.0027 1.3306e-01
3572.0737 1.4441e-01
3573.1455 1.3657e-01
3574.2175 1.3452e-01
3575.2896 1.1716e-01
3576.3625 1.2998e-01
3577.4351 1.4654e-01
3578.5083 1.3580e-01
3579.5820 1.5175e-01
3580.6560 1.2597e-01
3581.7300 1.2054e-01
3582.8047 1.2465e-01
3583.8792 1.4488e-01
3584.9546 1.3809e-01
3586.0298 1.1537e-01
3587.1060 1.4356e-01
3588.1821 1.5594e-01
3589.2583 1.3932e-01
3590.3352 1.4036e-01
3591.4124 1.4840e-01
3592.4897 1.4212e-01
3593.5671 1.4109e-01
3594.6455 1.2419e-01
3595.7241 1.3410e-01
3596.8025 1.5601e-01
3597.8818 1.8248e-01
3598.9609 1.5942e-01
3600.0405 1.1168e-01
3601.1204 1.3339e-01
3602.2009 1.0225e-01
3603.2817 1.5080e-01
3604.3625 1.4235e-01
3605.4441 1.2897e-01
3606.5256 1.4888e-01
3607.6074 1.5044e-01
3608.6899 1.3585e-01
3609.7725 1.6027e-01
3610.8552 1.4584e-01
3611.9385 1.4993e-01
3613.0222 1.3252e-01
3614.1062 1.4656e-01
3615.1904 1.5177e-01
3616.2749 1.4176e-01
3617.3599 1.4969e-01
3618.4451 1.6618e-01
3619.5303 1.6592e-01
3620.6165 1.4572e-01
3621.7024 1.8246e-01
3622.7891 1.6823e-01
3623.8760 1.6098e-01
3624.9631 1.5321e-01
3626.0508 1.7333e-01
3627.1382 1.5356e-01
3628.2266 1.6638e-01
3629.3152 1.6695e-01
3630.4038 2.0012e-01
3631.4927 1.7789e-01
3632.5825 1.5622e-01
3633.6721 1.5394e-01
3634.7622 1.6503e-01
3635.8528 1.5701e-01
3636.9434 1.5351e-01
3638.0347 1.8336e-01
3639.1257 1.5950e-01
3640.2178 1.7382e-01
3641.3098 1.5197e-01
3642.4021 1.8491e-01
3643.4946 1.7910e-01
3644.5881 1.3452e-01
3645.6814 1.8608e-01
3646.7751 1.7897e-01
3647.8691 1.6403e-01
3648.9634 1.4901e-01
3650.0581 1.4569e-01
3651.1533 1.7218e-01
3652.2480 1.5265e-01
3653.3442 1.8947e-01
3654.4402 1.9381e-01
3655.5364 1.5615e-01
3656.6333 1.7808e-01
3657.7300 1.6776e-01
3658.8274 1.6463e-01
3659.9250 1.5776e-01
3661.0232 1.6811e-01
3662.1213 1.6753e-01
3663.2202 1.6005e-01
3664.3188 1.5205e-01
3665.4182 1.6040e-01
3666.5181 1.5314e-01
3667.6179 1.7746e-01
3668.7183 1.9346e-01
3669.8186 1.6455e-01
3670.9197 1.6720e-01
3672.0210 1.7081e-01
3673.1226 1.7611e-01
3674.2241 1.9579e-01
3675.3269 1.7444e-01
3676.4294 1.6720e-01
3677.5325 1.6296e-01
3678.6355 2.1566e-01
3679.7390 1.7771e-01
3680.8430 1.4009e-01
3681.9473 1.7403e-01
3683.0518 1.7090e-01
3684.1570 1.7492e-01
3685.2620 1.8130e-01
3686.3677 1.7143e-01
3687.4739 1.8254e-01
3688.5796 1.7309e-01
3689.6865 1.9572e-01
3690.7932 1.8897e-01
3691.9006 1.5847e-01
3693.0081 1.7518e-01
3694.1160 1.7890e-01
3695.2241 1.6007e-01
3696.3328 1.3383e-01
3697.4417 1.6841e-01
3698.5508 1.7344e-01
3699.6606 1.4375e-01
3700.7703 1.4597e-01
3701.8806 1.4478e-01
3702.9910 1.5668e-01
3704.1023 1.8452e-01
3705.2136 1.7758e-01
3706.3247 1.6323e-01
3707.4370 1.5115e-01
3708.5491 1.6168e-01
3709.6616 1.5964e-01
3710.7744 1.7052e-01
3711.8877 1.8065e-01
3713.0012 1.3610e-01
3714.1152 1.5143e-01
3715.2292 1.4030e-01
3716.3440 1.3621e-01
3717.4590 1.3982e-01
3718.5742 1.6069e-01
3719.6897 1.6208e-01
3720.8057 1.6848e-01
3721.9219 1.4775e-01
3723.0383 1.5969e-01
3724.1553 1.4653e-01
3725.2725 1.4216e-01
3726.3904 1.3353e-01
3727.5081 1.5451e-01
3728.6265 1.6130e-01
3729.7451 1.4658e-01
3730.8640 1.4631e-01
3731.9832 1.5384e-01
3733.1028 1.7119e-01
3734.2227 1.2264e-01
3735.3428 1.2696e-01
3736.4636 1.6377e-01
3737.5842 1.5383e-01
3738.7056 1.3455e-01
3739.8276 1.4886e-01
3740.9490 1.2931e-01
3742.0718 1.3635e-01
3743.1943 1.3171e-01
3744.3171 1.3412e-01
3745.4404 1.5078e-01
3746.5640 1.6207e-01
3747.6880 1.1946e-01
3748.8125 1.2065e-01
3749.9368 1.5541e-01
3751.0620 1.4320e-01
3752.1873 1.3789e-01
3753.3130 1.3598e-01
3754.4387 1.5336e-01
3755.5652 1.1789e-01
3756.6919 1.6572e-01
3757.8188 1.3132e-01
3758.9463 1.3940e-01
3760.0737 1.3409e-01
3761.2019 1.3764e-01
3762.3306 1.3179e-01
3763.4590 1.2909e-01
3764.5881 1.2775e-01
3765.7175 1.3129e-01
3766.8472 1.5061e-01
3767.9771 1.5209e-01
3769.1079 1.1733e-01
3770.2383 1.5397e-01
3771.3694 1.2936e-01
3772.5007 1.3540e-01
3773.6328 1.3010e-01
3774.7646 1.2452e-01
3775.8972 1.3816e-01
3777.0298 1.3501e-01
3778.1628 1.3217e-01
3779.2964 1.4887e-01
3780.4302 1.0919e-01
3781.5642 1.1696e-01
3782.6987 1.0899e-01
3783.8335 1.2392e-01
3784.9690 1.3538e-01
3786.1042 1.1836e-01
3787.2400 1.4800e-01
3788.3762 1.2663e-01
3789.5125 1.1646e-01
3790.6497 1.2569e-01
3791.7869 1.3132e-01
3792.9246 1.5343e-01
3794.0625 1.3797e-01
3795.2007 1.5172e-01
3796.3391 9.6486e-02
3797.4778 1.4736e-01
3798.6169 1.3285e-01
3799.7568 1.3162e-01
3800.8967 1.2438e-01
3802.0371 1.3334e-01
3803.1775 1.4073e-01
3804.3181 1.3442e-01
3805.4597 1.2666e-01
3806.6013 1.4023e-01
3807.7434 1.3850e-01
3808.8857 1.4007e-01
3810.0286 1.4562e-01
3811.1714 1.5061e-01
3812.3149 1.4434e-01
3813.4583 1.4810e-01
3814.6025 1.7015e-01
3815.7468 1.5224e-01
3816.8916 1.4586e-01
3818.0369 1.4057e-01
3819.1824 1.6860e-01
3820.3281 1.8266e-01
3821.4741 1.6430e-01
3822.6201 1.5556e-01
3823.7671 1.5522e-01
3824.9143 1.7812e-01
3826.0615 1.9902e-01
3827.2097 1.7343e-01
3828.3577 1.8406e-01
3829.5063 1.8269e-01
3830.6553 1.7325e-01
3831.8044 2.1240e-01
3832.9539 1.6787e-01
3834.1035 2.0667e-01
3835.2539 2.1127e-01
3836.4045 1.9390e-01
3837.5554 2.3640e-01
3838.7068 2.3142e-01
3839.8582 2.3235e-01
3841.0103 2.7589e-01
3842.1628 2.2029e-01
3843.3152 2.2382e-01
3844.4683 2.2908e-01
3845.6216 2.2123e-01
3846.7754 2.4117e-01
3847.9294 2.5319e-01
3849.0835 2.5361e-01
3850.2383 2.7032e-01
3851.3933 2.9671e-01
3852.5488 2.8612e-01
3853.7051 2.6854e-01
3854.8606 2.6279e-01
3856.0173 2.5227e-01
3857.1741 2.8158e-01
3858.3313 2.7402e-01
3859.4883 2.6993e-01
3860.6465 2.5501e-01
3861.8047 2.9026e-01
3862.9631 2.8833e-01
3864.1221 2.6872e-01
3865.2815 2.6010e-01
3866.4412 2.7159e-01
3867.6011 2.5348e-01
3868.7610 2.8580e-01
3869.9216 2.4583e-01
3871.0828 2.7516e-01
3872.2441 2.5319e-01
3873.4058 2.7075e-01
3874.5676 2.7966e-01
3875.7302 2.9720e-01
3876.8931 2.8693e-01
3878.0559 2.6966e-01
3879.2192 2.7603e-01
3880.3831 2.7857e-01
3881.5474 3.0512e-01
3882.7119 2.5598e-01
3883.8767 2.7189e-01
3885.0420 2.6761e-01
3886.2073 3.0743e-01
3887.3728 2.8492e-01
3888.5391 2.7422e-01
3889.7061 2.6524e-01
3890.8730 2.9624e-01
3892.0400 3.0512e-01
3893.2078 2.7840e-01
3894.3755 2.9415e-01
3895.5439 2.9335e-01
3896.7126 2.6836e-01
3897.8813 2.6807e-01
3899.0508 3.0229e-01
3900.2209 2.6885e-01
3901.3909 3.3680e-01
3902.5613 2.7172e-01
3903.7322 3.0692e-01
3904.9031 2.9646e-01
3906.0747 3.0884e-01
3907.2463 3.2389e-01
3908.4187 2.9314e-01
3909.5911 2.2863e-01
3910.7642 2.7797e-01
3911.9373 2.9451e-01
3913.1111 3.0258e-01
3914.2849 2.7834e-01
3915.4592 2.7196e-01
3916.6335 3.1092e-01
3917.8086 2.8289e-01
3918.9839 2.7907e-01
3920.1597 2.6141e-01
3921.3359 3.0253e-01
3922.5120 3.0363e-01
3923.6887 3.2506e-01
3924.8660 3.0084e-01
3926.0432 3.2562e-01
3927.2212 3.2952e-01
3928.3994 3.4028e-01
3929.5779 3.1152e-01
3930.7568 3.5994e-01
3931.9360 3.4912e-01
3933.1157 2.9750e-01
3934.2954 3.5270e-01
3935.4758 4.0083e-01
3936.6562 3.6311e-01
3937.8374 3.3582e-01
3939.0186 3.4459e-01
3940.2004 3.4276e-01
3941.3826 3.5632e-01
3942.5649 3.5972e-01
3943.7478 3.5917e-01
3944.9307 4.0118e-01
3946.1147 3.4043e-01
3947.2983 3.3036e-01
3948.4824 3.9641e-01
3949.6670 3.5820e-01
3950.8521 3.7055e-01
3952.0369 3.6516e-01
3953.2227 3.5597e-01
3954.4089 3.5291e-01
3955.5950 3.7604e-01
3956.7812 3.5218e-01
3957.9688 3.7433e-01
3959.1560 4.1713e-01
3960.3438 4.0151e-01
3961.5320 3.2449e-01
3962.7202 3.4425e-01
3963.9094 3.7516e-01
3965.0984 4.0556e-01
3966.2881 3.6450e-01
3967.4778 3.7524e-01
3968.6680 4.0030e-01
3969.8584 3.6853e-01
3971.0498 3.7944e-01
3972.2412 3.6163e-01
3973.4326 3.8876e-01
3974.6248 3.9468e-01
3975.8171 3.7290e-01
3977.0095 3.9173e-01
3978.2029 4.0779e-01
3979.3962 4.1077e-01
3980.5901 3.7574e-01
3981.7844 3.8440e-01
3982.9790 4.0251e-01
3984.1736 3.8195e-01
3985.3691 3.9107e-01
3986.5647 3.7752e-01
3987.7605 3.5656e-01
3988.9568 3.8603e-01
3990.1538 3.8338e-01
3991.3506 4.2354e-01
3992.5481 3.9819e-01
3993.7456 4.1402e-01
3994.9441 4.5035e-01
3996.1423 4.2510e-01
3997.3413 3.8426e-01
3998.5408 3.7895e-01
3999.7397 3.7268e-01
4000.9402 3.9509e-01
4002.1401 3.6916e-01
4003.3408 3.5389e-01
4004.5415 3.9024e-01
4005.7434 3.6336e-01
4006.9448 4.0552e-01
4008.1470 4.0893e-01
4009.3496 3.8095e-01
4010.5522 4.0494e-01
4011.7556 3.7984e-01
4012.9587 3.6565e-01
4014.1628 3.9561e-01
4015.3672 3.7733e-01
4016.5715 3.5734e-01
4017.7769 3.8064e-01
4018.9817 3.7941e-01
4020.1875 3.5913e-01
4021.3936 3.8869e-01
4022.6003 3.3838e-01
4023.8071 3.4165e-01
4025.0142 3.8849e-01
4026.2214 3.7098e-01
4027.4294 3.6411e-01
4028.6377 3.3619e-01
4029.8462 3.5951e-01
4031.0554 3.5195e-01
4032.2646 3.6921e-01
4033.4744 3.5531e-01
4034.6843 3.6694e-01
4035.8945 3.1998e-01
4037.1052 3.8717e-01
4038.3167 3.5175e-01
4039.5281 3.2503e-01
4040.7397 3.5965e-01
4041.9524 3.4590e-01
4043.1648 3.3499e-01
4044.3777 3.4312e-01
4045.5913 3.6881e-01
4046.8047 3.2741e-01
4048.0186 3.3286e-01
4049.2332 3.1287e-01
4050.4480 3.3135e-01
4051.6628 3.5427e-01
4052.8784 3.5489e-01
4054.0942 3.6483e-01
4055.3108 3.3124e-01
4056.5273 3.2429e-01
4057.7444 3.3919e-01
4058.9614 3.5815e-01
4060.1792 3.1546e-01
4061.3970 2.8271e-01
4062.6155 3.2189e-01
4063.8345 2.9073e-01
4065.0535 2.9892e-01
4066.2732 3.1427e-01
4067.4929 3.3968e-01
4068.7131 3.1986e-01
4069.9338 3.1141e-01
4071.1548 3.0583e-01
4072.3762 3.3561e-01
4073.5981 3.3223e-01
4074.8201 3.4147e-01
4076.0427 3.1161e-01
4077.2654 2.9127e-01
4078.4885 3.0500e-01
4079.7119 3.0005e-01
4080.9358 2.6669e-01
4082.1602 2.8720e-01
4083.3845 2.7391e-01
4084.6099 2.9931e-01
4085.8354 3.1351e-01
4087.0608 2.9435e-01
4088.2869 2.8155e-01
4089.5137 2.6454e-01
4090.7407 3.2986e-01
4091.9678 2.8949e-01
4093.1953 2.7808e-01
4094.4233 2.8483e-01
4095.6519 2.5718e-01
4096.8799 2.9322e-01
4098.1094 2.7708e-01
4099.3384 2.7530e-01
4100.5684 2.7626e-01
4101.7988 2.6187e-01
4103.0293 2.7523e-01
4104.2598 2.9159e-01
4105.4912 2.5068e-01
4106.7231 2.7508e-01
4107.9546 3.0261e-01
4109.1875 2.8498e-01
4110.4204 2.5961e-01
4111.6533 2.4990e-01
4112.8867 2.6194e-01
4114.1211 2.6447e-01
4115.3545 2.7440e-01
4116.5898 2.9005e-01
4117.8247 2.6551e-01
4119.0596 2.5544e-01
4120.2954 2.6744e-01
4121.5317 2.6304e-01
4122.7681 2.9280e-01
4124.0049 2.8245e-01
4125.2422 2.6869e-01
4126.4800 2.4799e-01
4127.7178 2.9535e-01
4128.9561 2.5852e-01
4130.1948 2.8722e-01
4131.4336 2.8761e-01
4132.6733 2.9744e-01
4133.9126 2.5013e-01
4135.1533 2.6892e-01
4136.3936 2.6369e-01
4137.6348 2.8983e-01
4138.8760 2.5679e-01
4140.1172 2.6797e-01
4141.3599 2.6681e-01
4142.6021 2.8984e-01
4143.8447 2.5621e-01
4145.0879 2.7922e-01
4146.3315 3.0154e-01
4147.5752 3.0901e-01
4148.8198 2.3279e-01
4150.0640 2.6073e-01
4151.3091 2.7805e-01
4152.5547 2.7179e-01
4153.8003 2.9306e-01
4155.0464 2.6431e-01
4156.2930 2.5436e-01
4157.5400 2.3679e-01
4158.7871 2.5507e-01
4160.0352 2.9278e-01
4161.2827 2.8511e-01
4162.5312 2.5701e-01
4163.7803 2.8500e-01
4165.0293 2.4646e-01
4166.2783 2.1347e-01
4167.5288 2.4980e-01
4168.7788 2.7094e-01
4170.0298 2.6239e-01
4171.2803 2.6539e-01
4172.5317 2.7153e-01
4173.7837 3.0338e-01
4175.0356 2.5035e-01
4176.2886 2.5495e-01
4177.5410 2.4225e-01
4178.7944 2.2697e-01
4180.0479 2.7452e-01
4181.3022 2.8977e-01
4182.5566 2.6621e-01
4183.8115 2.5874e-01
4185.0664 2.7918e-01
4186.3223 2.4457e-01
4187.5776 2.8129e-01
4188.8340 2.9202e-01
4190.0903 2.6361e-01
4191.3477 2.4287e-01
4192.6050 2.7108e-01
4193.8628 2.7852e-01
4195.1206 2.6216e-01
4196.3794 2.3690e-01
4197.6387 2.5876e-01
4198.8975 3.1475e-01
4200.1577 2.3751e-01
4201.4175 2.9730e-01
4202.6782 2.8520e-01
4203.9390 2.7735e-01
4205.2002 2.7855e-01
4206.4614 2.5273e-01
4207.7231 2.4469e-01
4208.9858 2.9274e-01
4210.2485 2.9927e-01
4211.5112 2.7642e-01
4212.7749 2.4864e-01
4214.0391 2.5470e-01
4215.3032 2.8362e-01
4216.5679 2.8160e-01
4217.8330 2.6407e-01
4219.0981 2.8082e-01
4220.3638 2.7633e-01
4221.6299 2.8302e-01
4222.8965 2.5861e-01
4224.1636 2.8335e-01
4225.4302 3.0393e-01
4226.6978 2.6376e-01
4227.9658 2.5361e-01
4229.2349 2.4630e-01
4230.5034 2.6730e-01
4231.7725 2.6404e-01
4233.0415 2.4179e-01
4234.3115 2.2768e-01
4235.5825 2.4520e-01
4236.8525 2.8695e-01
4238.1235 2.4762e-01
4239.3955 2.9204e-01
4240.6670 2.7869e-01
4241.9390 2.3573e-01
4243.2119 2.6457e-01
4244.4844 2.8211e-01
4245.7583 2.5568e-01
4247.0317 2.6516e-01
4248.3062 2.5520e-01
4249.5806 2.5118e-01
4250.8555 2.7643e-01
4252.1309 2.4764e-01
4253.4062 2.4517e-01
4254.6821 2.7428e-01
4255.9590 2.6269e-01
4257.2358 2.4342e-01
4258.5127 2.5759e-01
4259.7900 2.6767e-01
4261.0679 2.8502e-01
4262.3462 2.8040e-01
4263.6250 2.5434e-01
4264.9043 2.6318e-01
4266.1841 2.7863e-01
4267.4639 2.8256e-01
4268.7432 2.7322e-01
4270.0244 2.7516e-01
4271.3052 2.5416e-01
4272.5869 2.2331e-01
4273.8682 2.7082e-01
4275.1509 2.6392e-01
4276.4336 2.5334e-01
4277.7163 2.5447e-01
4278.9995 2.5912e-01
4280.2837 2.5290e-01
4281.5674 2.6242e-01
4282.8521 2.5362e-01
4284.1367 2.6084e-01
4285.4219 2.7085e-01
4286.7075 2.5487e-01
4287.9937 2.4620e-01
4289.2798 2.7542e-01
4290.5669 2.6112e-01
4291.8540 2.4600e-01
4293.1416 2.7154e-01
4294.4292 2.9245e-01
4295.7183 2.6303e-01
4297.0063 2.4482e-01
4298.2954 2.4978e-01
4299.5854 2.2976e-01
4300.8750 2.5349e-01
4302.1650 2.4209e-01
4303.4561 2.2804e-01
4304.7471 2.4005e-01
4306.0381 2.2747e-01
4307.3301 2.2758e-01
4308.6221 2.3882e-01
4309.9150 2.5852e-01
4311.2075 2.7058e-01
4312.5015 2.3360e-01
4313.7949 2.8175e-01
4315.0889 2.3593e-01
4316.3838 2.6595e-01
4317.6787 2.6444e-01
4318.9741 2.4557e-01
4320.2700 2.1339e-01
4321.5654 2.6967e-01
4322.8623 2.2715e-01
4324.1592 2.5983e-01
4325.4565 2.6780e-01
4326.7539 2.5327e-01
4328.0518 2.3139e-01
4329.3501 2.5294e-01
4330.6494 2.6754e-01
4331.9482 2.2583e-01
4333.2480 2.5582e-01
4334.5479 2.5494e-01
4335.8477 2.6013e-01
4337.1489 2.5354e-01
4338.4502 2.4524e-01
4339.7515 2.5339e-01
4341.0537 2.9374e-01
4342.3560 2.5052e-01
4343.6582 2.3334e-01
4344.9614 2.2980e-01
4346.2646 2.3107e-01
4347.5693 2.7853e-01
4348.8735 2.6803e-01
4350.1782 2.7021e-01
4351.4829 2.6115e-01
4352.7886 2.2581e-01
4354.0938 2.3992e-01
4355.4009 2.4711e-01
4356.7070 2.6039e-01
4358.0137 2.5896e-01
4359.3218 2.5739e-01
4360.6294 2.4145e-01
4361.9375 2.5167e-01
4363.2461 2.5996e-01
4364.5552 2.9194e-01
4365.8643 2.3258e-01
4367.1743 2.3057e-01
4368.4844 2.4264e-01
4369.7954 2.4559e-01
4371.1060 2.9761e-01
4372.4170 2.6165e-01
4373.7285 2.9431e-01
4375.0415 2.4923e-01
4376.3540 2.4674e-01
4377.6665 2.7155e-01
4378.9800 2.2640e-01
4380.2935 2.3298e-01
4381.6074 2.6066e-01
4382.9219 2.8891e-01
4384.2363 2.5717e-01
4385.5522 2.6717e-01
4386.8677 2.7276e-01
4388.1841 2.7287e-01
4389.5010 2.6441e-01
4390.8169 2.5760e-01
4392.1343 2.6888e-01
4393.4521 2.4740e-01
4394.7700 2.6403e-01
4396.0884 2.5679e-01
4397.4077 2.4150e-01
4398.7266 2.5891e-01
4400.0464 2.5592e-01
4401.3667 2.4840e-01
4402.6870 2.8002e-01
4404.0073 2.6680e-01
4405.3291 2.7643e-01
4406.6504 2.8690e-01
4407.9722 2.6610e-01
4409.2944 2.7433e-01
4410.6172 2.8112e-01
4411.9404 2.7617e-01
4413.2642 2.7842e-01
4414.5879 2.6934e-01
4415.9126 2.5564e-01
4417.2373 3.0559e-01
4418.5625 2.6714e-01
4419.8882 3.0318e-01
4421.2139 2.5848e-01
4422.5405 2.7506e-01
4423.8672 2.5727e-01
4425.1938 2.7920e-01
4426.5220 2.8597e-01
4427.8496 2.7044e-01
4429.1787 2.8531e-01
4430.5063 2.8211e-01
4431.8364 2.6845e-01
4433.1655 2.8251e-01
4434.4956 2.4826e-01
4435.8262 2.8143e-01
4437.1567 3.0209e-01
4438.4878 3.0001e-01
4439.8193 2.7154e-01
4441.1514 2.6312e-01
4442.4834 2.9376e-01
4443.8164 2.5915e-01
4445.1494 2.6897e-01
4446.4829 3.0007e-01
4447.8169 3.1513e-01
4449.1514 3.4773e-01
4450.4863 2.8810e-01
4451.8213 3.0006e-01
4453.1567 3.1583e-01
4454.4927 2.9142e-01
4455.8291 3.1673e-01
4457.1660 3.1659e-01
4458.5029 3.0809e-01
4459.8403 3.0157e-01
4461.1787 3.4292e-01
4462.5171 3.2413e-01
4463.8555 3.1212e-01
4465.1948 3.2718e-01
4466.5347 3.5612e-01
4467.8740 3.5365e-01
4469.2144 3.6790e-01
4470.5552 3.4177e-01
4471.8970 3.2717e-01
4473.2383 3.5832e-01
4474.5806 3.3091e-01
4475.9229 3.5787e-01
4477.2651 3.3498e-01
4478.6084 3.3459e-01
4479.9521 3.2075e-01
4481.2959 3.3883e-01
4482.6406 3.1664e-01
4483.9854 3.4823e-01
4485.3306 3.2365e-01
4486.6763 3.5628e-01
4488.0220 3.2882e-01
4489.3682 3.7752e-01
4490.7153 3.6890e-01
4492.0620 3.6459e-01
4493.4102 3.6183e-01
4494.7578 3.7294e-01
4496.1069 3.4830e-01
4497.4556 3.4423e-01
4498.8047 3.6019e-01
4500.1543 3.4683e-01
4501.5044 3.8874e-01
4502.8550 3.7765e-01
4504.2056 3.6788e-01
4505.5566 3.7693e-01
4506.9082 3.6233e-01
4508.2607 3.4532e-01
4509.6133 3.7893e-01
4510.9658 3.7137e-01
4512.3193 3.6695e-01
4513.6729 3.4849e-01
4515.0273 3.6489e-01
4516.3818 3.7040e-01
4517.7363 3.9714e-01
4519.0918 3.7685e-01
4520.4473 4.2091e-01
4521.8037 3.7734e-01
4523.1606 3.7431e-01
4524.5171 4.2855e-01
4525.8750 3.8255e-01
4527.2324 3.8398e-01
4528.5903 3.9470e-01
4529.9492 3.9994e-01
4531.3081 3.7936e-01
4532.6675 3.8468e-01
4534.0269 3.8221e-01
4535.3872 3.9900e-01
4536.7480 3.8944e-01
4538.1094 4.0625e-01
4539.4702 4.0111e-01
4540.8320 4.3279e-01
4542.1943 4.0988e-01
4543.5576 3.8044e-01
4544.9199 3.7749e-01
4546.2842 3.7293e-01
4547.6475 3.9984e-01
4549.0117 4.1633e-01
4550.3770 4.2476e-01
4551.7417 3.9468e-01
4553.1074 4.1120e-01
4554.4731 3.7312e-01
4555.8398 3.7499e-01
4557.2061 3.6666e-01
4558.5732 3.9848e-01
4559.9414 3.8328e-01
4561.3086 3.8791e-01
4562.6772 4.0164e-01
4564.0459 4.3079e-01
4565.4150 3.9045e-01
4566.7852 3.9275e-01
4568.1553 3.7063e-01
4569.5249 4.1083e-01
4570.8965 4.3875e-01
4572.2676 4.1727e-01
4573.6392 3.9205e-01
4575.0117 3.8655e-01
4576.3838 3.7973e-01
4577.7568 4.1570e-01
4579.1304 3.8700e-01
4580.5039 3.8401e-01
4581.8784 3.7434e-01
4583.2524 3.6204e-01
4584.6274 3.6006e-01
4586.0029 3.9562e-01
4587.3789 4.1252e-01
4588.7549 3.9994e-01
4590.1318 3.6936e-01
4591.5083 4.1284e-01
4592.8857 3.7761e-01
4594.2642 3.6722e-01
4595.6426 3.6965e-01
4597.0210 4.2180e-01
4598.3999 3.5522e-01
4599.7798 3.9555e-01
4601.1597 3.9044e-01
4602.5396 3.9333e-01
4603.9204 4.0567e-01
4605.3022 4.0917e-01
4606.6836 4.0572e-01
4608.0649 3.9096e-01
4609.4478 3.9510e-01
4610.8306 3.9425e-01
4612.2144 3.8120e-01
4613.5977 3.9388e-01
4614.9819 4.0189e-01
4616.3662 4.1331e-01
4617.7515 3.7487e-01
4619.1362 3.5462e-01
4620.5225 4.0860e-01
4621.9082 3.5693e-01
4623.2949 3.8709e-01
4624.6816 4.0482e-01
4626.0693 3.9802e-01
4627.4570 3.8850e-01
4628.8457 4.0511e-01
4630.2334 3.6945e-01
4631.6230 3.8862e-01
4633.0127 3.5317e-01
4634.4028 3.9011e-01
4635.7935 3.9891e-01
4637.1831 3.9545e-01
4638.5742 3.5896e-01
4639.9658 4.2581e-01
4641.3579 4.1487e-01
4642.7505 3.6647e-01
4644.1436 3.6044e-01
4645.5371 3.8798e-01
4646.9307 4.3969e-01
4648.3247 3.9406e-01
4649.7188 4.0960e-01
4651.1138 4.1542e-01
4652.5093 3.7686e-01
4653.9048 3.8117e-01
4655.3018 3.4874e-01
4656.6978 3.4140e-01
4658.0947 3.6817e-01
4659.4922 3.4849e-01
4660.8896 3.8959e-01
4662.2886 3.7787e-01
4663.6865 3.6162e-01
4665.0859 3.5682e-01
4666.4854 3.6035e-01
4667.8853 3.3732e-01
4669.2861 3.7474e-01
4670.6870 3.6437e-01
4672.0874 3.8492e-01
4673.4897 3.3457e-01
4674.8916 3.7580e-01
4676.2944 3.7850e-01
4677.6968 3.9562e-01
4679.1006 3.8017e-01
4680.5039 3.4438e-01
4681.9082 3.5378e-01
4683.3125 3.9169e-01
4684.7173 3.9195e-01
4686.1230 3.5415e-01
4687.5288 3.5002e-01
4688.9351 3.8076e-01
4690.3423 4.0715e-01
4691.7490 4.0165e-01
4693.1562 4.0285e-01
4694.5645 3.9435e-01
4695.9731 3.9646e-01
4697.3818 3.6785e-01
4698.7910 3.9462e-01
4700.2002 3.4700e-01
4701.6104 3.6114e-01
4703.0205 3.6428e-01
4704.4316 3.8138e-01
4705.8433 3.8507e-01
4707.2549 3.7783e-01
4708.6670 3.8511e-01
4710.0796 3.3167e-01
4711.4927 3.9576e-01
4712.9058 3.6950e-01
4714.3203 3.5115e-01
4715.7344 4.1698e-01
4717.1494 3.8232e-01
4718.5645 3.9542e-01
4719.9800 3.5595e-01
4721.3955 3.8943e-01
4722.8120 3.4555e-01
4724.2290 3.7431e-01
4725.6460 3.8145e-01
4727.0645 3.3942e-01
4728.4824 3.6162e-01
4729.9004 3.6296e-01
4731.3198 3.5047e-01
4732.7388 3.2603e-01
4734.1587 3.7872e-01
4735.5791 3.3978e-01
4737.0000 3.1361e-01
4738.4209 3.5968e-01
4739.8428 3.2863e-01
4741.2646 3.4095e-01
4742.6870 3.5442e-01
4744.1094 3.5791e-01
4745.5327 3.6119e-01
4746.9565 3.5160e-01
4748.3804 3.4426e-01
4749.8052 3.6193e-01
4751.2300 3.3780e-01
4752.6548 3.4227e-01
4754.0811 3.2650e-01
4755.5078 3.2337e-01
4756.9341 3.4358e-01
4758.3608 3.4990e-01
4759.7886 3.3605e-01
4761.2168 3.2360e-01
4762.6445 3.4401e-01
4764.0737 3.5285e-01
4765.5029 3.5741e-01
4766.9326 3.4599e-01
4768.3628 3.3644e-01
4769.7930 3.0282e-01
4771.2236 3.2263e-01
4772.6553 3.3917e-01
4774.0869 3.2531e-01
4775.5190 3.3262e-01
4776.9521 3.2333e-01
4778.3853 3.6763e-01
4779.8184 3.4846e-01
4781.2524 3.4873e-01
4782.6870 3.4934e-01
4784.1226 3.2782e-01
4785.5571 3.4744e-01
4786.9927 3.5329e-01
4788.4292 3.7319e-01
4789.8652 3.6977e-01
4791.3022 3.5351e-01
4792.7397 3.2741e-01
4794.1777 3.2038e-01
4795.6152 3.5810e-01
4797.0542 3.4102e-01
4798.4937 3.4542e-01
4799.9331 3.5934e-01
4801.3735 3.1322e-01
4802.8140 3.2210e-01
4804.2544 3.2110e-01
4805.6958 3.1659e-01
4807.1377 3.2816e-01
4808.5796 3.2548e-01
4810.0220 3.3437e-01
4811.4653 3.5968e-01
4812.9087 3.2764e-01
4814.3525 3.3967e-01
4815.7969 3.4272e-01
4817.2417 3.5512e-01
4818.6865 3.2163e-01
4820.1328 3.4363e-01
4821.5786 3.3167e-01
4823.0249 3.5501e-01
4824.4717 3.1573e-01
4825.9189 3.0182e-01
4827.3667 3.4489e-01
4828.8149 3.2745e-01
4830.2637 3.3785e-01
4831.7124 3.2522e-01
4833.1621 3.6213e-01
4834.6118 3.2201e-01
4836.0620 3.5747e-01
4837.5137 3.0550e-01
4838.9644 3.4180e-01
4840.4165 3.0623e-01
4841.8687 3.3319e-01
4843.3208 3.2396e-01
4844.7739 2.9897e-01
4846.2275 3.2393e-01
4847.6812 3.4185e-01
4849.1357 3.2076e-01
4850.5903 3.0606e-01
4852.0454 2.8312e-01
4853.5015 2.7339e-01
4854.9575 3.3217e-01
4856.4136 2.9213e-01
4857.8706 3.0971e-01
4859.3281 3.1153e-01
4860.7861 3.0076e-01
4862.2437 3.0608e-01
4863.7026 2.9582e-01
4865.1621 3.0363e-01
4866.6211 3.0374e-01
4868.0815 2.8072e-01
4869.5420 3.0333e-01
4871.0024 2.6272e-01
4872.4639 3.1933e-01
4873.9263 2.9435e-01
4875.3877 3.0621e-01
4876.8506 2.8050e-01
4878.3135 2.6598e-01
4879.7773 3.0940e-01
4881.2412 2.8896e-01
4882.7051 2.9021e-01
4884.1704 2.8007e-01
4885.6357 2.7113e-01
4887.1011 2.9094e-01
4888.5674 2.8347e-01
4890.0337 2.7619e-01
4891.5010 2.9744e-01
4892.9683 3.1164e-01
4894.4360 2.8519e-01
4895.9043 3.1166e-01
4897.3730 2.8817e-01
4898.8423 2.8785e-01
4900.3120 2.7918e-01
4901.7827 2.8499e-01
4903.2529 2.8254e-01
4904.7231 3.0446e-01
4906.1953 3.0543e-01
4907.6675 2.7750e-01
4909.1392 2.7088e-01
4910.6123 2.9707e-01
4912.0854 2.9140e-01
4913.5586 2.6236e-01
4915.0332 3.1910e-01
4916.5073 2.6068e-01
4917.9819 2.8422e-01
4919.4575 3.1605e-01
4920.9331 2.6491e-01
4922.4097 3.0157e-01
4923.8872 2.7681e-01
4925.3638 2.8013e-01
4926.8418 2.9006e-01
4928.3188 2.8245e-01
4929.7979 2.7882e-01
4931.2769 2.7129e-01
4932.7563 3.1225e-01
4934.2358 2.8073e-01
4935.7168 2.5461e-01
4937.1963 2.7416e-01
4938.6782 2.7055e-01
4940.1597 2.5452e-01
4941.6416 2.7349e-01
4943.1250 2.9169e-01
4944.6069 2.5916e-01
4946.0908 2.8281e-01
4947.5752 2.5807e-01
4949.0586 2.8172e-01
4950.5435 2.6278e-01
4952.0278 2.6534e-01
4953.5142 2.6744e-01
4955.0010 2.5862e-01
4956.4873 2.9862e-01
4957.9741 2.7632e-01
4959.4614 2.2974e-01
4960.9492 2.5559e-01
4962.4370 2.4255e-01
4963.9258 2.5250e-01
4965.4150 2.3621e-01
4966.9048 2.3402e-01
4968.3945 2.1848e-01
4969.8853 2.2689e-01
4971.3765 2.4860e-01
4972.8677 2.1345e-01
4974.3599 2.5982e-01
4975.8521 2.3202e-01
4977.3447 2.4577e-01
4978.8379 2.5374e-01
4980.3315 2.3503e-01
4981.8257 2.3857e-01
4983.3203 2.2993e-01
4984.8159 2.6192e-01
4986.3105 2.3877e-01
4987.8066 2.3263e-01
4989.3027 2.5386e-01
4990.7998 2.4490e-01
4992.2974 2.5216e-01
4993.7939 2.3357e-01
4995.2930 2.4908e-01
4996.7915 2.6161e-01
4998.2905 2.5426e-01
4999.7896 2.2961e-01
5001.2896 2.5131e-01
5002.7900 2.4794e-01
5004.2915 2.3147e-01
5005.7925 2.6725e-01
5007.2944 2.5267e-01
5008.7964 2.2838e-01
5010.2993 2.2159e-01
5011.8022 2.3671e-01
5013.3057 2.2604e-01
5014.8101 2.2378e-01
5016.3145 2.2994e-01
5017.8184 2.4159e-01
5019.3247 2.3908e-01
5020.8301 2.4642e-01
5022.3359 2.2297e-01
5023.8428 2.3422e-01
5025.3496 2.4619e-01
5026.8579 2.4229e-01
5028.3657 2.1550e-01
5029.8740 2.1604e-01
5031.3828 2.3432e-01
5032.8926 2.2658e-01
5034.4023 2.3746e-01
5035.9131 2.5627e-01
5037.4233 2.6349e-01
5038.9346 2.3178e-01
5040.4463 2.2379e-01
5041.9585 2.3783e-01
5043.4712 2.2188e-01
5044.9839 2.4582e-01
5046.4980 2.5915e-01
5048.0112 2.3285e-01
5049.5259 2.1477e-01
5051.0415 2.4189e-01
5052.5562 2.3106e-01
5054.0723 2.1560e-01
5055.5884 2.3445e-01
5057.1045 2.6075e-01
5058.6221 2.1824e-01
5060.1401 1.9418e-01
5061.6577 2.3303e-01
5063.1763 2.4833e-01
5064.6953 2.1679e-01
5066.2144 2.0937e-01
5067.7339 2.4700e-01
5069.2549 1.9897e-01
5070.7759 2.3963e-01
5072.2969 2.3107e-01
5073.8188 2.1225e-01
5075.3403 2.3212e-01
5076.8628 2.3993e-01
5078.3867 2.3373e-01
5079.9097 2.1756e-01
5081.4336 2.2052e-01
5082.9580 2.3534e-01
5084.4829 2.2596e-01
5086.0083 2.1641e-01
5087.5342 2.1703e-01
5089.0605 2.3514e-01
5090.5874 2.3165e-01
5092.1143 2.1238e-01
5093.6421 2.4231e-01
5095.1699 2.1533e-01
5096.6987 2.1363e-01
5098.2275 2.1547e-01
5099.7573 2.3179e-01
5101.2871 2.1173e-01
5102.8179 2.0568e-01
5104.3481 2.1328e-01
5105.8799 1.8811e-01
5107.4111 2.1219e-01
5108.9438 2.1074e-01
5110.4761 2.0196e-01
5112.0093 2.2868e-01
5113.5435 2.2681e-01
5115.0771 2.2345e-01
5116.6118 2.1868e-01
5118.1470 2.0989e-01
5119.6816 2.0784e-01
5121.2183 2.0538e-01
5122.7544 2.4796e-01
5124.2910 2.0376e-01
5125.8286 2.2697e-01
5127.3667 1.9820e-01
5128.9043 2.3240e-01
5130.4429 2.1676e-01
5131.9824 1.8995e-01
5133.5220 2.3087e-01
5135.0615 2.6778e-01
5136.6021 2.0634e-01
5138.1436 2.1940e-01
5139.6846 2.3488e-01
5141.2266 2.1377e-01
5142.7690 1.8884e-01
5144.3125 2.0520e-01
5145.8550 2.3299e-01
5147.3989 2.2182e-01
5148.9429 2.2076e-01
5150.4883 2.3190e-01
5152.0332 2.4835e-01
5153.5781 2.2068e-01
5155.1245 2.3155e-01
5156.6714 2.5920e-01
5158.2178 2.3130e-01
5159.7656 2.0439e-01
5161.3130 2.4138e-01
5162.8618 2.2753e-01
5164.4106 2.6033e-01
5165.9604 2.2171e-01
5167.5098 2.4863e-01
5169.0605 2.2064e-01
5170.6108 2.3693e-01
5172.1621 2.4062e-01
5173.7139 2.5593e-01
5175.2656 2.0565e-01
5176.8188 2.6354e-01
5178.3711 2.6957e-01
5179.9253 2.7650e-01
5181.4790 2.3965e-01
5183.0337 2.1971e-01
5184.5884 2.6947e-01
5186.1436 2.4513e-01
5187.6992 2.9365e-01
5189.2559 2.4426e-01
5190.8130 2.6408e-01
5192.3696 2.1160e-01
5193.9277 2.7017e-01
5195.4858 2.8068e-01
5197.0439 2.3371e-01
5198.6035 2.3724e-01
5200.1636 2.4223e-01
5201.7231 2.9163e-01
5203.2837 2.7036e-01
5204.8447 2.5530e-01
5206.4058 2.4284e-01
5207.9683 2.7700e-01
5209.5303 2.4368e-01
5211.0933 2.8175e-01
5212.6567 2.7925e-01
5214.2202 2.7290e-01
5215.7847 2.8381e-01
5217.3496 2.5537e-01
5218.9150 2.8292e-01
5220.4800 2.5249e-01
5222.0464 2.8773e-01
5223.6128 2.8491e-01
5225.1802 2.8088e-01
5226.7480 2.4625e-01
5228.3154 2.3403e-01
5229.8843 2.7959e-01
5231.4526 2.4559e-01
5233.0225 2.8549e-01
5234.5928 2.7077e-01
5236.1626 2.4625e-01
5237.7339 2.8918e-01
5239.3052 2.6004e-01
5240.8770 3.1824e-01
5242.4492 2.6830e-01
5244.0220 3.0800e-01
5245.5947 2.6717e-01
5247.1689 2.6722e-01
5248.7422 2.7913e-01
5250.3174 2.6192e-01
5251.8921 2.5556e-01
5253.4678 3.0691e-01
5255.0439 2.6758e-01
5256.6211 2.5349e-01
5258.1978 2.7440e-01
5259.7749 2.8841e-01
5261.3530 2.6694e-01
5262.9312 2.7427e-01
5264.5098 2.4653e-01
5266.0898 2.5361e-01
5267.6694 2.8810e-01
5269.2495 2.6969e-01
5270.8311 2.7963e-01
5272.4116 2.8012e-01
5273.9941 2.8775e-01
5275.5757 2.6598e-01
5277.1587 2.6887e-01
5278.7422 2.5113e-01
5280.3252 2.9016e-01
5281.9092 2.8034e-01
5283.4937 2.8488e-01
5285.0786 2.3072e-01
5286.6641 2.7576e-01
5288.2500 2.8341e-01
5289.8369 2.5594e-01
5291.4238 3.0701e-01
5293.0117 2.9588e-01
5294.5996 2.7138e-01
5296.1870 2.7618e-01
5297.7764 2.7821e-01
5299.3662 2.8302e-01
5300.9561 2.8245e-01
5302.5459 2.7252e-01
5304.1367 2.9322e-01
5305.7280 3.0415e-01
5307.3188 2.6239e-01
5308.9116 2.7025e-01
5310.5044 2.8300e-01
5312.0977 2.7593e-01
5313.6919 2.8934e-01
5315.2856 2.5491e-01
5316.8799 2.8908e-01
5318.4751 2.9474e-01
5320.0708 2.9041e-01
5321.6665 3.0189e-01
5323.2632 2.6869e-01
5324.8604 3.2851e-01
5326.4575 2.6008e-01
5328.0557 2.5814e-01
5329.6533 2.8490e-01
5331.2534 2.4624e-01
5332.8516 2.9566e-01
5334.4517 2.8163e-01
5336.0522 2.9429e-01
5337.6533 2.4363e-01
5339.2544 2.6196e-01
5340.8560 2.6779e-01
5342.4585 2.8827e-01
5344.0605 2.7795e-01
5345.6646 2.7684e-01
5347.2681 2.7225e-01
5348.8726 2.7654e-01
5350.4771 2.9376e-01
5352.0825 2.5158e-01
5353.6875 2.4224e-01
5355.2944 2.4464e-01
5356.9009 2.2641e-01
5358.5073 2.5923e-01
5360.1152 2.7979e-01
5361.7236 2.6770e-01
5363.3315 2.5106e-01
5364.9404 2.7050e-01
5366.5503 2.3691e-01
5368.1602 2.5189e-01
5369.7705 2.3794e-01
5371.3813 2.2252e-01
5372.9932 2.5539e-01
5374.6050 2.3942e-01
5376.2173 2.3535e-01
5377.8301 2.5385e-01
5379.4434 2.3359e-01
5381.0576 2.2478e-01
5382.6714 2.0964e-01
5384.2861 2.5780e-01
5385.9014 2.3295e-01
5387.5171 2.2615e-01
5389.1343 2.2888e-01
5390.7505 2.4692e-01
5392.3677 2.3065e-01
5393.9858 2.3998e-01
5395.6035 2.0902e-01
5397.2222 2.2706e-01
5398.8413 2.2723e-01
5400.4609 2.3164e-01
5402.0811 2.4783e-01
5403.7017 2.3112e-01
5405.3228 2.2023e-01
5406.9448 2.4357e-01
5408.5659 2.3094e-01
5410.1890 2.5329e-01
5411.8115 2.1954e-01
5413.4360 2.4792e-01
5415.0596 2.0390e-01
5416.6841 2.3321e-01
5418.3096 2.1657e-01
5419.9351 2.4021e-01
5421.5605 2.0467e-01
5423.1875 2.2944e-01
5424.8145 2.1850e-01
5426.4414 2.3470e-01
5428.0693 2.4606e-01
5429.6982 2.4683e-01
5431.3271 2.2318e-01
5432.9565 2.0864e-01
5434.5859 2.2622e-01
5436.2163 2.3896e-01
5437.8472 2.6129e-01
5439.4785 2.3965e-01
5441.1104 2.4761e-01
5442.7427 2.4125e-01
5444.3760 2.0659e-01
5446.0098 2.4041e-01
5447.6431 2.5745e-01
5449.2778 2.4042e-01
5450.9121 2.3761e-01
5452.5474 2.1527e-01
5454.1826 2.2889e-01
5455.8193 2.6541e-01
5457.4565 2.3478e-01
5459.0933 2.3613e-01
5460.7310 2.0132e-01
5462.3696 2.1068e-01
5464.0073 2.3260e-01
5465.6475 2.5079e-01
5467.2871 2.4345e-01
5468.9272 2.1875e-01
5470.5674 2.2916e-01
5472.2090 2.3107e-01
5473.8506 2.1771e-01
5475.4927 2.2733e-01
5477.1353 2.0698e-01
5478.7783 2.0825e-01
5480.4224 1.9023e-01
5482.0659 2.1191e-01
5483.7104 2.4325e-01
5485.3560 2.1980e-01
5487.0010 2.0634e-01
5488.6475 2.2145e-01
5490.2944 2.4707e-01
5491.9414 2.1069e-01
5493.5889 2.1405e-01
5495.2368 2.3157e-01
5496.8857 2.0178e-01
5498.5342 2.1860e-01
5500.1841 2.3502e-01
5501.8340 2.1436e-01
5503.4849 2.0628e-01
5505.1357 2.4541e-01
5506.7871 2.1040e-01
5508.4395 2.3880e-01
5510.0923 2.2205e-01
5511.7451 2.4118e-01
5513.3984 2.2209e-01
5515.0522 2.4389e-01
5516.7070 2.2121e-01
5518.3623 2.1915e-01
5520.0176 2.2242e-01
5521.6733 2.5602e-01
5523.3301 2.2111e-01
5524.9868 2.0365e-01
5526.6450 2.3616e-01
5528.3027 1.9956e-01
5529.9609 2.2281e-01
5531.6201 2.0801e-01
5533.2793 2.0142e-01
5534.9395 1.9391e-01
5536.5996 2.1979e-01
5538.2607 1.9171e-01
5539.9229 2.0988e-01
5541.5840 2.1258e-01
5543.2466 2.3901e-01
5544.9102 1.9431e-01
5546.5728 2.1538e-01
5548.2373 2.2170e-01
5549.9019 2.2226e-01
5551.5664 1.9744e-01
5553.2324 2.1988e-01
5554.8984 2.2768e-01
5556.5645 2.0956e-01
5558.2310 2.1041e-01
5559.8989 2.3141e-01
5561.5669 2.1182e-01
5563.2354 2.1515e-01
5564.9043 1.9970e-01
5566.5732 1.9452e-01
5568.2437 1.9720e-01
5569.9150 2.0968e-01
5571.5854 2.1577e-01
5573.2568 2.1458e-01
5574.9287 2.1012e-01
5576.6011 2.2318e-01
5578.2739 2.0761e-01
5579.9482 2.1931e-01
5581.6216 1.9583e-01
5583.2959 2.1005e-01
5584.9717 2.2236e-01
5586.6470 2.0914e-01
5588.3223 2.1632e-01
5589.9990 1.9296e-01
5591.6763 2.3208e-01
5593.3535 1.9551e-01
5595.0317 2.1870e-01
5596.7104 2.2817e-01
5598.3892 2.1737e-01
5600.0688 2.3975e-01
5601.7490 2.3636e-01
5603.4292 2.1505e-01
5605.1104 2.0755e-01
5606.7915 2.0471e-01
5608.4741 1.8916e-01
5610.1562 2.0714e-01
5611.8394 2.0424e-01
5613.5234 1.9286e-01
5615.2075 1.9337e-01
5616.8916 2.1597e-01
5618.5767 2.0545e-01
5620.2627 2.0599e-01
5621.9482 2.1278e-01
5623.6348 2.1103e-01
5625.3218 2.0267e-01
5627.0098 2.1303e-01
5628.6982 2.0541e-01
5630.3867 2.1986e-01
5632.0757 2.0566e-01
5633.7651 2.2569e-01
5635.4551 2.2061e-01
5637.1460 2.1530e-01
5638.8369 2.0933e-01
5640.5283 2.0974e-01
5642.2207 2.2174e-01
5643.9141 2.2104e-01
5645.6069 2.3442e-01
5647.3003 1.9789e-01
5648.9946 2.2061e-01
5650.6895 2.1163e-01
5652.3848 2.1244e-01
5654.0801 1.8323e-01
5655.7759 2.1653e-01
5657.4736 2.1232e-01
5659.1709 2.0155e-01
5660.8682 2.2054e-01
5662.5664 2.2847e-01
5664.2651 2.2448e-01
5665.9644 1.9668e-01
5667.6641 2.1306e-01
5669.3647 2.1469e-01
5671.0649 2.1980e-01
5672.7666 2.3572e-01
5674.4688 2.1534e-01
5676.1709 2.1260e-01
5677.8740 1.9095e-01
5679.5771 2.1029e-01
5681.2812 2.2442e-01
5682.9858 2.3508e-01
5684.6899 2.3503e-01
5686.3950 2.4030e-01
5688.1021 2.2287e-01
5689.8076 2.0474e-01
5691.5146 2.2658e-01
5693.2222 1.9339e-01
5694.9302 2.2008e-01
5696.6382 2.0801e-01
5698.3477 2.1399e-01
5700.0571 2.3115e-01
5701.7671 2.4318e-01
5703.4775 1.9472e-01
5705.1885 2.3111e-01
5706.9004 2.3009e-01
5708.6123 2.1592e-01
5710.3252 2.3537e-01
5712.0381 1.9664e-01
5713.7524 2.1344e-01
5715.4663 2.0458e-01
5717.1812 2.2023e-01
5718.8955 2.2172e-01
5720.6118 2.1055e-01
5722.3271 1.9169e-01
5724.0444 2.2034e-01
5725.7617 2.0676e-01
5727.4795 2.2632e-01
5729.1973 2.1355e-01
5730.9165 1.9799e-01
5732.6353 2.1721e-01
5734.3550 2.1389e-01
5736.0757 2.1768e-01
5737.7969 2.1153e-01
5739.5176 2.1442e-01
5741.2397 2.3729e-01
5742.9624 2.0045e-01
5744.6851 2.1538e-01
5746.4082 2.3956e-01
5748.1323 2.0126e-01
5749.8569 2.2092e-01
5751.5815 2.2216e-01
5753.3076 2.1859e-01
5755.0332 2.1431e-01
5756.7593 2.0792e-01
5758.4863 2.4149e-01
5760.2144 2.1178e-01
5761.9424 2.0206e-01
5763.6709 1.9253e-01
5765.3999 2.1991e-01
5767.1294 2.0510e-01
5768.8594 2.0947e-01
5770.5908 1.9293e-01
5772.3213 2.1675e-01
5774.0527 2.1915e-01
5775.7856 2.2105e-01
5777.5181 2.0267e-01
5779.2515 2.1778e-01
5780.9844 2.1322e-01
5782.7192 1.9758e-01
5784.4546 2.1240e-01
5786.1899 2.0032e-01
5787.9253 2.0959e-01
5789.6626 2.0209e-01
5791.3984 2.0494e-01
5793.1362 2.1537e-01
5794.8745 2.1448e-01
5796.6123 2.0647e-01
5798.3516 2.1047e-01
5800.0913 2.1545e-01
5801.8306 2.1293e-01
5803.5713 2.0541e-01
5805.3125 2.0824e-01
5807.0537 2.1255e-01
5808.7964 1.9665e-01
5810.5391 2.0680e-01
5812.2822 1.9935e-01
5814.0259 1.8708e-01
5815.7700 1.7014e-01
5817.5151 1.7771e-01
5819.2598 2.0440e-01
5821.0059 1.8663e-01
5822.7524 1.9975e-01
5824.4990 1.7786e-01
5826.2461 1.7482e-01
5827.9937 1.9571e-01
5829.7427 1.8478e-01
5831.4912 1.7943e-01
5833.2407 1.6600e-01
5834.9912 1.7096e-01
5836.7417 1.9535e-01
5838.4922 1.9691e-01
5840.2446 1.6856e-01
5841.9961 1.9563e-01
5843.7490 1.7616e-01
5845.5020 1.5839e-01
5847.2559 1.9169e-01
5849.0103 1.7999e-01
5850.7642 1.9434e-01
5852.5195 1.7026e-01
5854.2754 2.0748e-01
5856.0317 1.7490e-01
5857.7881 1.7110e-01
5859.5454 1.5924e-01
5861.3032 1.7757e-01
5863.0625 1.6889e-01
5864.8208 1.7649e-01
5866.5806 1.9687e-01
5868.3403 1.8636e-01
5870.1006 1.8740e-01
5871.8618 1.7051e-01
5873.6230 1.6120e-01
5875.3857 1.7859e-01
5877.1479 1.7787e-01
5878.9111 1.7739e-01
5880.6748 1.5229e-01
5882.4390 1.7963e-01
5884.2036 1.8213e-01
5885.9692 1.8175e-01
5887.7349 1.5693e-01
5889.5010 2.0452e-01
5891.2676 1.9913e-01
5893.0356 1.6561e-01
5894.8032 1.7274e-01
5896.5718 1.5661e-01
5898.3408 1.9394e-01
5900.1108 1.6323e-01
5901.8804 1.6276e-01
5903.6509 1.7343e-01
5905.4219 1.6813e-01
5907.1938 1.5434e-01
5908.9663 1.7897e-01
5910.7383 1.9081e-01
5912.5112 1.7168e-01
5914.2856 1.6595e-01
5916.0601 1.7681e-01
5917.8345 1.7803e-01
5919.6099 1.9165e-01
5921.3857 1.8038e-01
5923.1621 2.0411e-01
5924.9395 1.5442e-01
5926.7163 1.7720e-01
5928.4946 1.7544e-01
5930.2729 1.9185e-01
5932.0522 1.7431e-01
5933.8315 1.8529e-01
5935.6123 1.7395e-01
5937.3926 1.9622e-01
5939.1738 1.7111e-01
5940.9556 1.8208e-01
5942.7383 1.9149e-01
5944.5210 1.9870e-01
5946.3042 1.9283e-01
5948.0879 1.9346e-01
5949.8726 1.9005e-01
5951.6572 1.8225e-01
5953.4434 1.7484e-01
5955.2290 1.6939e-01
5957.0151 1.9321e-01
5958.8022 1.7160e-01
5960.5903 1.7378e-01
5962.3789 1.9149e-01
5964.1670 1.5564e-01
5965.9561 1.9782e-01
5967.7466 1.8456e-01
5969.5366 1.8929e-01
5971.3276 1.9365e-01
5973.1187 1.5650e-01
5974.9106 1.6074e-01
5976.7031 1.6820e-01
5978.4961 1.6460e-01
5980.2900 1.6375e-01
5982.0845 1.8504e-01
5983.8789 1.8539e-01
5985.6729 1.5752e-01
5987.4692 1.9255e-01
5989.2651 1.6376e-01
5991.0620 1.9029e-01
5992.8589 2.0109e-01
5994.6572 1.7239e-01
5996.4556 1.9384e-01
5998.2549 2.0671e-01
6000.0547 1.8253e-01
6001.8545 2.1483e-01
6003.6548 1.6877e-01
6005.4561 1.9893e-01
6007.2578 1.9224e-01
6009.0596 1.8708e-01
6010.8623 1.7044e-01
6012.6660 1.5258e-01
6014.4697 1.8067e-01
6016.2739 1.5357e-01
6018.0786 1.6366e-01
6019.8843 1.5489e-01
6021.6909 1.7864e-01
6023.4966 1.6751e-01
6025.3037 1.7170e-01
6027.1108 1.7089e-01
6028.9199 1.8042e-01
6030.7285 1.7755e-01
6032.5366 1.6333e-01
6034.3472 1.9383e-01
6036.1577 1.7810e-01
6037.9683 1.8714e-01
6039.7793 1.7198e-01
6041.5918 1.8146e-01
6043.4038 1.6668e-01
6045.2173 1.6437e-01
6047.0312 1.5385e-01
6048.8447 1.7579e-01
6050.6592 1.8106e-01
6052.4751 1.8703e-01
6054.2905 1.6401e-01
6056.1069 1.8445e-01
6057.9233 1.6688e-01
6059.7407 1.7478e-01
6061.5586 1.7991e-01
6063.3770 1.8943e-01
6065.1968 1.7995e-01
6067.0161 1.7423e-01
6068.8359 1.5002e-01
6070.6567 1.7433e-01
6072.4785 1.6042e-01
6074.2998 1.6408e-01
6076.1221 1.7237e-01
6077.9448 1.6156e-01
6079.7681 1.6116e-01
6081.5918 1.6999e-01
6083.4160 1.6195e-01
6085.2417 1.6543e-01
6087.0664 1.6668e-01
6088.8936 1.6197e-01
6090.7197 1.5190e-01
6092.5469 1.4409e-01
6094.3745 1.6800e-01
6096.2031 1.6504e-01
6098.0327 1.7137e-01
6099.8613 1.6789e-01
6101.6914 1.7058e-01
6103.5220 1.6807e-01
6105.3530 1.7881e-01
6107.1846 1.9116e-01
6109.0171 1.8499e-01
6110.8496 1.7272e-01
6112.6831 1.3513e-01
6114.5166 1.8067e-01
6116.3511 1.4440e-01
6118.1855 1.4469e-01
6120.0210 1.4716e-01
6121.8574 1.8678e-01
6123.6938 1.4963e-01
6125.5308 1.6065e-01
6127.3687 1.8337e-01
6129.2065 1.8332e-01
6131.0454 1.8123e-01
6132.8843 1.7520e-01
6134.7246 1.7387e-01
6136.5649 1.7678e-01
6138.4062 1.8664e-01
6140.2476 1.5874e-01
6142.0894 1.5858e-01
6143.9316 1.6596e-01
6145.7759 1.5570e-01
6147.6191 1.7729e-01
6149.4634 1.5410e-01
6151.3081 1.6297e-01
6153.1538 1.6962e-01
6155.0000 1.7584e-01
6156.8462 1.5146e-01
6158.6934 1.6067e-01
6160.5410 1.4947e-01
6162.3892 1.5920e-01
6164.2373 1.5491e-01
6166.0869 1.7812e-01
6167.9370 1.4662e-01
6169.7871 1.6344e-01
6171.6387 1.5453e-01
6173.4897 1.5878e-01
6175.3413 1.5734e-01
6177.1938 1.3291e-01
6179.0474 1.5885e-01
6180.9009 1.6205e-01
6182.7549 1.6077e-01
6184.6104 1.5221e-01
6186.4653 1.6322e-01
6188.3213 1.4413e-01
6190.1782 1.4880e-01
6192.0356 1.3443e-01
6193.8931 1.5797e-01
6195.7505 1.4150e-01
6197.6099 1.6092e-01
6199.4688 1.5351e-01
6201.3281 1.4687e-01
6203.1895 1.3237e-01
6205.0498 1.4486e-01
6206.9121 1.3335e-01
6208.7739 1.4140e-01
6210.6367 1.4180e-01
6212.4995 1.4020e-01
6214.3633 1.3480e-01
6216.2275 1.5242e-01
6218.0923 1.3638e-01
6219.9575 1.4699e-01
6221.8237 1.3821e-01
6223.6904 1.5187e-01
6225.5576 1.3768e-01
6227.4258 1.3573e-01
6229.2935 1.5677e-01
6231.1621 1.1864e-01
6233.0317 1.3392e-01
6234.9019 1.1886e-01
6236.7720 1.3536e-01
6238.6431 1.4791e-01
6240.5146 1.3178e-01
6242.3867 1.2512e-01
6244.2598 1.3009e-01
6246.1323 1.3087e-01
6248.0063 1.1599e-01
6249.8813 1.1193e-01
6251.7559 1.2026e-01
6253.6313 1.2482e-01
6255.5073 1.1017e-01
6257.3843 1.2884e-01
6259.2617 1.2410e-01
6261.1392 1.0619e-01
6263.0176 1.1861e-01
6264.8970 1.0302e-01
6266.7759 9.6699e-02
6268.6562 1.1821e-01
6270.5361 1.1490e-01
6272.4180 1.1594e-01
6274.2993 1.2631e-01
6276.1816 1.0857e-01
6278.0645 1.1771e-01
6279.9478 1.2089e-01
6281.8320 1.0006e-01
6283.7168 1.1113e-01
6285.6021 1.0876e-01
6287.4868 1.0831e-01
6289.3740 1.0161e-01
6291.2603 1.1187e-01
6293.1475 1.0482e-01
6295.0352 1.3085e-01
6296.9238 1.1969e-01
6298.8130 1.0701e-01
6300.7026 1.1561e-01
6302.5933 1.1666e-01
6304.4839 9.9966e-02
6306.3755 1.1102e-01
6308.2676 1.0319e-01
6310.1597 1.3637e-01
6312.0527 1.2220e-01
6313.9468 9.9155e-02
6315.8398 1.2055e-01
6317.7349 1.0745e-01
6319.6304 1.1465e-01
6321.5269 1.2785e-01
6323.4233 1.2552e-01
6325.3198 1.1654e-01
6327.2178 1.1909e-01
6329.1157 1.0412e-01
6331.0146 1.1540e-01
6332.9131 1.3661e-01
6334.8140 1.0781e-01
6336.7139 1.1129e-01
6338.6147 1.1536e-01
6340.5166 1.0542e-01
6342.4189 1.2036e-01
6344.3213 9.9728e-02
6346.2246 1.1402e-01
6348.1284 1.2024e-01
6350.0332 1.1675e-01
6351.9380 1.2200e-01
6353.8442 1.2811e-01
6355.7500 1.0105e-01
6357.6572 1.0902e-01
6359.5645 1.1237e-01
6361.4717 1.1625e-01
6363.3804 1.2913e-01
6365.2891 1.1867e-01
6367.1987 1.2533e-01
6369.1089 1.2962e-01
6371.0200 1.2332e-01
6372.9312 1.1377e-01
6374.8428 1.0943e-01
6376.7549 1.1337e-01
6378.6685 1.5065e-01
6380.5820 1.2796e-01
6382.4966 1.1497e-01
6384.4111 1.1188e-01
6386.3257 1.1960e-01
6388.2422 1.2354e-01
6390.1587 1.3790e-01
6392.0752 1.2111e-01
6393.9932 1.2484e-01
6395.9116 1.0297e-01
6397.8301 1.2684e-01
6399.7490 1.2062e-01
6401.6694 1.0667e-01
6403.5898 1.1836e-01
6405.5112 1.2551e-01
6407.4331 1.2516e-01
6409.3545 1.1095e-01
6411.2778 1.1596e-01
6413.2012 1.1063e-01
6415.1250 1.1811e-01
6417.0493 1.3106e-01
6418.9741 1.1375e-01
6420.9004 1.2626e-01
6422.8262 1.2916e-01
6424.7534 1.1872e-01
6426.6812 1.2043e-01
6428.6094 1.1572e-01
6430.5381 1.1393e-01
6432.4668 1.0993e-01
6434.3960 1.4758e-01
6436.3267 1.3044e-01
6438.2578 1.1942e-01
6440.1895 1.0524e-01
6442.1216 1.1805e-01
6444.0537 1.2810e-01
6445.9868 1.2185e-01
6447.9209 1.1009e-01
6449.8550 1.1588e-01
6451.7905 1.1519e-01
6453.7256 1.1898e-01
6455.6621 1.0625e-01
6457.5986 1.2899e-01
6459.5356 1.1932e-01
6461.4741 1.1696e-01
6463.4121 1.1119e-01
6465.3506 1.1661e-01
6467.2905 1.2223e-01
6469.2310 1.2062e-01
6471.1719 1.2577e-01
6473.1128 1.2123e-01
6475.0552 1.1048e-01
6476.9976 1.1580e-01
6478.9409 1.1926e-01
6480.8848 1.3284e-01
6482.8286 1.4309e-01
6484.7739 1.3514e-01
6486.7192 1.2647e-01
6488.6650 1.4428e-01
6490.6113 1.1202e-01
6492.5581 1.2252e-01
6494.5063 1.3221e-01
6496.4546 1.2166e-01
6498.4038 1.2641e-01
6500.3535 1.2713e-01
6502.3032 1.1869e-01
6504.2539 1.1925e-01
6506.2056 1.2848e-01
6508.1572 1.1547e-01
6510.1099 1.0541e-01
6512.0625 1.0870e-01
6514.0166 1.2270e-01
6515.9702 1.2066e-01
6517.9258 1.2303e-01
6519.8809 1.2300e-01
6521.8364 1.1120e-01
6523.7930 1.1820e-01
6525.7505 1.2337e-01
6527.7075 1.1348e-01
6529.6665 1.1733e-01
6531.6255 1.1201e-01
6533.5845 1.1495e-01
6535.5449 1.1144e-01
6537.5054 1.1157e-01
6539.4668 1.0335e-01
6541.4282 1.1376e-01
6543.3911 1.2191e-01
6545.3545 1.0219e-01
6547.3179 1.2655e-01
6549.2817 1.2639e-01
6551.2466 1.1337e-01
6553.2124 9.9133e-02
6555.1777 1.0877e-01
6557.1445 1.0810e-01
6559.1113 1.1204e-01
6561.0796 1.2157e-01
6563.0479 1.2239e-01
6565.0166 1.0927e-01
6566.9863 1.0946e-01
6568.9561 1.1752e-01
6570.9268 1.0762e-01
6572.8979 1.0748e-01
6574.8701 1.0959e-01
6576.8423 1.0472e-01
6578.8154 1.0771e-01
6580.7896 1.0859e-01
6582.7632 1.1408e-01
6584.7383 1.1496e-01
6586.7139 9.6325e-02
6588.6895 9.6532e-02
6590.6660 1.0264e-01
6592.6431 1.0135e-01
6594.6211 1.0383e-01
6596.5996 1.1506e-01
6598.5791 1.0825e-01
6600.5581 1.0719e-01
6602.5386 9.5576e-02
6604.5190 9.7307e-02
6606.5005 9.5099e-02
6608.4824 1.0538e-01
6610.4648 1.0924e-01
6612.4482 9.8347e-02
6614.4326 9.3138e-02
6616.4160 8.1921e-02
6618.4009 1.0740e-01
6620.3867 9.1971e-02
6622.3730 1.0292e-01
6624.3594 1.0663e-01
6626.3467 9.4023e-02
6628.3350 1.0050e-01
6630.3232 1.1199e-01
6632.3125 1.0698e-01
6634.3022 1.1518e-01
6636.2920 8.6163e-02
6638.2827 1.0456e-01
6640.2744 1.0117e-01
6642.2671 8.2184e-02
6644.2593 1.0283e-01
6646.2529 9.7042e-02
6648.2471 8.1222e-02
6650.2412 9.3508e-02
6652.2358 9.4732e-02
6654.2314 8.2862e-02
6656.2280 8.5260e-02
6658.2251 9.1316e-02
6660.2222 9.6036e-02
6662.2207 9.6032e-02
6664.2197 8.6778e-02
6666.2178 8.9745e-02
6668.2178 1.0115e-01
6670.2188 8.8376e-02
6672.2192 8.4637e-02
6674.2212 7.9332e-02
6676.2241 8.7208e-02
6678.2266 9.8876e-02
6680.2300 9.1274e-02
6682.2334 7.7155e-02
6684.2388 9.0308e-02
6686.2446 8.3421e-02
6688.2500 8.3918e-02
6690.2563 9.6809e-02
6692.2627 7.7358e-02
6694.2715 9.4418e-02
6696.2793 7.9585e-02
6698.2881 9.2288e-02
6700.2979 7.8353e-02
6702.3081 7.7892e-02
6704.3188 8.2971e-02
6706.3301 7.4699e-02
6708.3418 7.5067e-02
6710.3545 7.9505e-02
6712.3672 7.1232e-02
6714.3809 6.2028e-02
6716.3955 8.7811e-02
6718.4106 8.9416e-02
6720.4263 8.1605e-02
6722.4419 7.7869e-02
6724.4585 8.6949e-02
6726.4756 8.3320e-02
6728.4946 6.8561e-02
6730.5127 8.4421e-02
6732.5312 8.2821e-02
6734.5513 8.2998e-02
6736.5718 7.1376e-02
6738.5923 7.1543e-02
6740.6152 6.9766e-02
6742.6367 7.8156e-02
6744.6587 8.0890e-02
6746.6831 7.7368e-02
6748.7065 6.1711e-02
6750.7310 7.7545e-02
6752.7563 6.3857e-02
6754.7822 7.1882e-02
6756.8091 6.9820e-02
6758.8359 6.6447e-02
6760.8633 6.4560e-02
6762.8916 6.5109e-02
6764.9209 7.7936e-02
6766.9502 8.1217e-02
6768.9805 6.6060e-02
6771.0107 7.3985e-02
6773.0425 7.2046e-02
6775.0742 6.4254e-02
6777.1064 8.2136e-02
6779.1401 6.2512e-02
6781.1733 7.4618e-02
6783.2080 6.7615e-02
6785.2427 7.1444e-02
6787.2783 7.6959e-02
6789.3149 6.5307e-02
6791.3516 5.5416e-02
6793.3887 8.0113e-02
6795.4272 6.7883e-02
6797.4653 7.6837e-02
6799.5049 8.2449e-02
6801.5444 6.6525e-02
6803.5854 7.9493e-02
6805.6260 6.9665e-02
6807.6685 6.0788e-02
6809.7100 7.9850e-02
6811.7534 7.3531e-02
6813.7964 8.7966e-02
6815.8408 6.5051e-02
6817.8853 7.8290e-02
6819.9312 6.8648e-02
6821.9771 7.0428e-02
6824.0234 7.0420e-02
6826.0703 7.8835e-02
6828.1182 6.2755e-02
6830.1670 7.3755e-02
6832.2163 7.5435e-02
6834.2651 7.2730e-02
6836.3154 6.1769e-02
6838.3667 6.7821e-02
6840.4180 6.8713e-02
6842.4702 6.4070e-02
6844.5229 6.7713e-02
6846.5762 5.5569e-02
6848.6304 6.6954e-02
6850.6851 7.2802e-02
6852.7402 6.8248e-02
6854.7959 6.8855e-02
6856.8525 5.7941e-02
6858.9097 6.2395e-02
6860.9668 6.4209e-02
6863.0254 6.1221e-02
6865.0845 5.7413e-02
6867.1440 6.2030e-02
6869.2041 5.8241e-02
6871.2646 6.1266e-02
6873.3257 6.7628e-02
6875.3882 7.0045e-02
6877.4512 6.6921e-02
6879.5137 6.1526e-02
6881.5781 6.2246e-02
6883.6421 6.3208e-02
6885.7075 4.7966e-02
6887.7729 5.2051e-02
6889.8394 6.1502e-02
6891.9062 5.3406e-02
6893.9746 5.4850e-02
6896.0425 6.1307e-02
6898.1113 4.9864e-02
6900.1802 5.7841e-02
6902.2505 6.0175e-02
6904.3213 7.5600e-02
6906.3926 6.0158e-02
6908.4648 6.9032e-02
6910.5366 5.3803e-02
6912.6099 6.0144e-02
6914.6841 6.5568e-02
6916.7588 5.4521e-02
6918.8335 6.7006e-02
6920.9092 6.2446e-02
6922.9849 6.4465e-02
6925.0620 6.7518e-02
6927.1401 4.5568e-02
6929.2178 5.2372e-02
6931.2964 5.5885e-02
6933.3760 6.9463e-02
6935.4561 5.0624e-02
6937.5371 6.0870e-02
6939.6182 5.7819e-02
6941.7002 6.8879e-02
6943.7822 5.6422e-02
6945.8657 6.1103e-02
6947.9487 6.6964e-02
6950.0337 6.4924e-02
6952.1182 5.8461e-02
6954.2046 6.3188e-02
6956.2905 6.8714e-02
6958.3779 5.8052e-02
6960.4644 5.7142e-02
6962.5527 5.0046e-02
6964.6421 6.4158e-02
6966.7314 6.0343e-02
6968.8208 5.7035e-02
6970.9116 6.9377e-02
6973.0029 5.9999e-02
6975.0947 5.3162e-02
6977.1880 5.2823e-02
6979.2803 6.2233e-02
6981.3745 4.8897e-02
6983.4692 5.7009e-02
6985.5635 6.5236e-02
6987.6602 5.5324e-02
6989.7559 5.0061e-02
6991.8525 6.6180e-02
6993.9507 5.4663e-02
6996.0488 5.9366e-02
6998.1479 6.5504e-02
7000.2471 5.6126e-02
7002.3467 5.5409e-02
7004.4468 5.4385e-02
7006.5488 6.2838e-02
7008.6514 6.7214e-02
7010.7529 5.5649e-02
7012.8564 5.4390e-02
7014.9609 5.8650e-02
7017.0654 6.2664e-02
7019.1699 6.1421e-02
7021.2759 5.6645e-02
7023.3823 4.9450e-02
7025.4893 5.6754e-02
7027.5977 6.1016e-02
7029.7051 6.4315e-02
7031.8145 6.7531e-02
7033.9238 5.6134e-02
7036.0337 5.6404e-02
7038.1450 6.5547e-02
7040.2559 5.9143e-02
7042.3687 6.3915e-02
7044.4805 5.6673e-02
7046.5938 6.3097e-02
7048.7080 5.3503e-02
7050.8228 5.1904e-02
7052.9385 4.7754e-02
7055.0542 6.6917e-02
7057.1704 5.2417e-02
7059.2881 6.0595e-02
7061.4053 4.9676e-02
7063.5234 6.2325e-02
7065.6431 6.9877e-02
7067.7627 5.7008e-02
7069.8828 4.9791e-02
7072.0039 5.5611e-02
7074.1255 6.0082e-02
7076.2476 6.7533e-02
7078.3706 6.2788e-02
7080.4937 6.5521e-02
7082.6187 5.6819e-02
7084.7432 4.8294e-02
7086.8687 6.3471e-02
7088.9946 5.2234e-02
7091.1216 6.2334e-02
7093.2490 5.7319e-02
7095.3765 6.6948e-02
7097.5049 5.7607e-02
7099.6348 6.3663e-02
7101.7642 5.0303e-02
7103.8945 5.8825e-02
7106.0264 6.5390e-02
7108.1582 6.4553e-02
7110.2905 5.5945e-02
7112.4229 4.8161e-02
7114.5571 5.3770e-02
7116.6914 4.7796e-02
7118.8262 6.8564e-02
7120.9619 4.6066e-02
7123.0986 5.8765e-02
7125.2354 3.7381e-02
7127.3730 5.3271e-02
7129.5112 5.2099e-02
7131.6499 4.9412e-02
7133.7896 6.2916e-02
7135.9292 5.6422e-02
7138.0703 5.6654e-02
7140.2119 5.4328e-02
7142.3540 5.4936e-02
7144.4966 5.0648e-02
7146.6396 6.3313e-02
7148.7842 5.7310e-02
7150.9287 6.2421e-02
7153.0742 4.5606e-02
7155.2197 5.3569e-02
7157.3667 5.1356e-02
7159.5137 5.9759e-02
7161.6616 5.3201e-02
7163.8101 4.6165e-02
7165.9590 5.8656e-02
7168.1089 6.2131e-02
7170.2593 4.5725e-02
7172.4102 5.5566e-02
7174.5625 6.7363e-02
7176.7144 5.4690e-02
7178.8672 5.2128e-02
7181.0210 5.9403e-02
7183.1753 5.4851e-02
7185.3306 5.5941e-02
7187.4858 5.6767e-02
7189.6421 5.2699e-02
7191.7988 5.1991e-02
7193.9565 6.1757e-02
7196.1147 5.0404e-02
7198.2734 5.8434e-02
7200.4336 5.0168e-02
7202.5928 4.9973e-02
7204.7539 4.2640e-02
7206.9155 6.1055e-02
7209.0771 5.2091e-02
7211.2402 5.4368e-02
7213.4033 4.7886e-02
7215.5674 4.1822e-02
7217.7324 5.0248e-02
7219.8979 5.6733e-02
7222.0635 3.6631e-02
7224.2300 5.8109e-02
7226.3979 4.6624e-02
7228.5654 6.0361e-02
7230.7334 5.0722e-02
7232.9033 5.1812e-02
7235.0728 4.6433e-02
7237.2432 4.2215e-02
7239.4150 5.7264e-02
7241.5864 5.0160e-02
7243.7593 5.1044e-02
7245.9321 4.5567e-02
7248.1060 4.8224e-02
7250.2803 4.9387e-02
7252.4551 4.7603e-02
7254.6313 4.1215e-02
7256.8076 5.2023e-02
7258.9849 4.5723e-02
7261.1626 5.5896e-02
7263.3408 4.1484e-02
7265.5200 4.2274e-02
7267.6992 4.8410e-02
7269.8799 4.6802e-02
7272.0605 3.7772e-02
7274.2422 6.3098e-02
7276.4243 4.2138e-02
7278.6069 5.4923e-02
7280.7910 5.3579e-02
7282.9751 4.6145e-02
7285.1602 5.5622e-02
7287.3452 5.7824e-02
7289.5317 5.3319e-02
7291.7188 3.9157e-02
7293.9067 3.8498e-02
7296.0947 4.5304e-02
7298.2832 4.7605e-02
7300.4727 5.2593e-02
7302.6631 5.0402e-02
7304.8540 4.5129e-02
7307.0454 5.5780e-02
7309.2373 5.0135e-02
7311.4292 4.5229e-02
7313.6235 5.0913e-02
7315.8179 5.1513e-02
7318.0122 5.0800e-02
7320.2075 4.5739e-02
7322.4038 5.5320e-02
7324.6001 5.2617e-02
7326.7979 4.3015e-02
7328.9961 4.0699e-02
7331.1943 4.8414e-02
7333.3936 4.8284e-02
7335.5938 4.2676e-02
7337.7944 4.5612e-02
7339.9956 5.9454e-02
7342.1982 5.8942e-02
7344.4004 4.6871e-02
7346.6035 4.4172e-02
7348.8081 4.6402e-02
7351.0127 4.4757e-02
7353.2183 5.0455e-02
7355.4238 4.8762e-02
7357.6304 3.9378e-02
7359.8374 4.2095e-02
7362.0459 4.4575e-02
7364.2549 4.5489e-02
7366.4634 4.4898e-02
7368.6738 4.5982e-02
7370.8838 3.4469e-02
7373.0957 4.6220e-02
7375.3071 3.9555e-02
7377.5200 4.7892e-02
7379.7334 4.3903e-02
7381.9473 4.8687e-02
7384.1616 4.7028e-02
7386.3770 4.4185e-02
7388.5928 4.6838e-02
7390.8096 4.5132e-02
7393.0264 5.5838e-02
7395.2446 4.8643e-02
7397.4639 3.7742e-02
7399.6826 4.7657e-02
7401.9023 5.1966e-02
7404.1230 4.6401e-02
7406.3438 4.1604e-02
7408.5654 4.7453e-02
7410.7886 4.0944e-02
7413.0122 4.5849e-02
7415.2354 4.2980e-02
7417.4604 4.1098e-02
7419.6855 3.8566e-02
7421.9116 4.3459e-02
7424.1382 3.5040e-02
7426.3652 3.8111e-02
7428.5933 5.4339e-02
7430.8218 5.0274e-02
7433.0513 4.5045e-02
7435.2808 5.3417e-02
7437.5117 5.0743e-02
7439.7432 3.4854e-02
7441.9741 4.1555e-02
7444.2070 4.0400e-02
7446.4404 4.1364e-02
7448.6748 5.0528e-02
7450.9097 3.9467e-02
7453.1440 5.0312e-02
7455.3809 4.4991e-02
7457.6167 3.6891e-02
7459.8545 4.3858e-02
7462.0923 5.0364e-02
7464.3306 5.1742e-02
7466.5698 3.9929e-02
7468.8096 4.0687e-02
7471.0503 3.5371e-02
7473.2920 3.3086e-02
7475.5342 3.7940e-02
7477.7769 5.4475e-02
7480.0205 5.3476e-02
7482.2637 4.3462e-02
7484.5088 4.0840e-02
7486.7539 3.6515e-02
7489.0000 2.6430e-02
7491.2471 5.1061e-02
7493.4937 4.0685e-02
7495.7422 4.0615e-02
7497.9912 4.4156e-02
7500.2402 4.6032e-02
7502.4902 3.5734e-02
7504.7412 4.9631e-02
7506.9927 3.9941e-02
7509.2441 4.5983e-02
7511.4976 4.2917e-02
7513.7510 3.6770e-02
7516.0044 5.3661e-02
7518.2593 3.7906e-02
7520.5151 4.1006e-02
7522.7715 3.0512e-02
7525.0283 4.5107e-02
7527.2861 3.4484e-02
7529.5439 4.1035e-02
7531.8027 3.7913e-02
7534.0620 4.0857e-02
7536.3228 3.7694e-02
7538.5835 3.6556e-02
7540.8447 2.9684e-02
7543.1074 4.5613e-02
7545.3706 3.7027e-02
7547.6338 4.1467e-02
7549.8984 4.6280e-02
7552.1626 4.2627e-02
7554.4292 4.0937e-02
7556.6948 4.0108e-02
7558.9619 3.9736e-02
7561.2295 3.9399e-02
7563.4976 3.3625e-02
7565.7671 4.2216e-02
7568.0366 3.3634e-02
7570.3071 4.2351e-02
7572.5786 2.5147e-02
7574.8511 2.8203e-02
7577.1230 3.6967e-02
7579.3960 2.9454e-02
7581.6694 4.1649e-02
7583.9443 3.8252e-02
7586.2192 3.7043e-02
7588.4956 3.4457e-02
7590.7715 4.2033e-02
7593.0488 3.5116e-02
7595.3262 3.1451e-02
7597.6060 3.8610e-02
7599.8843 3.7367e-02
7602.1641 4.0118e-02
7604.4448 3.4723e-02
7606.7271 3.0588e-02
7609.0093 3.3246e-02
7611.2910 2.9271e-02
7613.5752 4.0271e-02
7615.8589 3.0319e-02
7618.1440 3.2801e-02
7620.4292 2.8876e-02
7622.7153 3.7133e-02
7625.0020 3.3006e-02
7627.2896 3.9327e-02
7629.5781 3.7622e-02
7631.8662 3.6862e-02
7634.1562 3.8180e-02
7636.4468 3.1053e-02
7638.7378 4.3691e-02
7641.0288 3.3135e-02
7643.3213 3.1702e-02
7645.6138 2.4516e-02
7647.9072 3.2558e-02
7650.2021 2.9646e-02
7652.4971 3.3385e-02
7654.7935 3.9867e-02
7657.0894 4.1983e-02
7659.3867 3.1005e-02
7661.6846 3.8296e-02
7663.9829 2.8727e-02
7666.2817 2.9808e-02
7668.5825 3.1735e-02
7670.8823 3.4464e-02
7673.1841 3.9800e-02
7675.4854 4.0815e-02
7677.7891 3.2235e-02
7680.0918 4.2150e-02
7682.3960 3.6982e-02
7684.7002 3.8296e-02
7687.0059 3.6218e-02
7689.3125 3.4719e-02
7691.6191 3.9346e-02
7693.9268 2.9037e-02
7696.2344 3.0625e-02
7698.5430 4.7772e-02
7700.8530 3.6852e-02
7703.1631 3.6619e-02
7705.4746 3.5301e-02
7707.7856 3.2382e-02
7710.0981 2.9252e-02
7712.4111 3.4632e-02
7714.7251 3.6585e-02
7717.0391 2.4714e-02
7719.3540 4.2210e-02
7721.6699 4.1618e-02
7723.9868 3.0152e-02
7726.3042 2.8248e-02
7728.6216 2.7627e-02
7730.9409 3.6022e-02
7733.2593 4.1036e-02
7735.5796 3.9304e-02
7737.9004 3.6185e-02
7740.2217 2.0699e-02
7742.5435 3.4503e-02
7744.8662 3.3041e-02
7747.1895 2.6851e-02
7749.5142 3.3660e-02
7751.8394 3.5017e-02
7754.1650 3.8448e-02
7756.4907 4.3580e-02
7758.8174 2.6556e-02
7761.1450 3.5148e-02
7763.4736 2.7231e-02
7765.8022 3.1287e-02
7768.1323 4.2961e-02
7770.4634 3.0658e-02
7772.7944 3.3912e-02
7775.1260 4.1448e-02
7777.4585 3.4670e-02
7779.7915 3.4400e-02
7782.1260 3.2495e-02
7784.4604 3.9296e-02
7786.7954 2.9294e-02
7789.1318 3.5663e-02
7791.4683 3.9771e-02
7793.8062 2.6294e-02
7796.1436 2.8957e-02
7798.4824 3.0802e-02
7800.8218 3.4082e-02
7803.1626 2.5709e-02
7805.5034 3.0008e-02
7807.8447 3.8381e-02
7810.1880 3.2807e-02
7812.5303 3.2171e-02
7814.8745 3.0860e-02
7817.2192 3.3629e-02
7819.5640 3.1957e-02
7821.9106 2.8147e-02
7824.2559 3.0236e-02
7826.6040 3.6184e-02
7828.9521 3.5728e-02
7831.3003 4.1470e-02
7833.6499 3.8038e-02
7835.9995 3.4695e-02
7838.3511 3.9481e-02
7840.7021 3.5016e-02
7843.0547 2.9289e-02
7845.4077 3.5711e-02
7847.7603 3.5211e-02
7850.1152 2.7957e-02
7852.4702 3.7054e-02
7854.8262 3.4649e-02
7857.1821 3.8170e-02
7859.5396 3.4259e-02
7861.8975 3.7201e-02
7864.2559 2.9970e-02
7866.6157 2.9901e-02
7868.9756 3.0261e-02
7871.3359 3.5661e-02
7873.6978 3.3546e-02
7876.0601 3.6888e-02
7878.4224 2.7794e-02
7880.7856 4.6497e-02
7883.1509 2.2126e-02
7885.5151 3.1449e-02
7887.8809 3.7740e-02
7890.2476 3.4713e-02
7892.6147 2.3674e-02
7894.9814 2.4927e-02
7897.3501 3.3482e-02
7899.7192 3.3720e-02
7902.0898 4.4158e-02
7904.4604 3.6846e-02
7906.8311 4.1955e-02
7909.2036 3.1795e-02
7911.5767 3.4029e-02
7913.9497 3.9076e-02
7916.3247 3.8315e-02
7918.6987 3.5495e-02
7921.0742 3.9557e-02
7923.4512 3.6651e-02
7925.8276 3.3914e-02
7928.2051 4.1746e-02
7930.5845 2.9979e-02
7932.9634 3.4217e-02
7935.3433 3.7522e-02
7937.7236 3.6139e-02
7940.1050 3.2037e-02
7942.4873 2.9713e-02
7944.8701 4.5244e-02
7947.2529 3.3189e-02
7949.6377 3.8311e-02
7952.0225 3.9060e-02
7954.4082 3.4820e-02
7956.7949 3.8975e-02
7959.1807 3.0168e-02
7961.5688 3.8659e-02
7963.9580 3.5794e-02
7966.3462 3.0016e-02
7968.7368 3.1519e-02
7971.1274 3.8870e-02
7973.5181 4.0461e-02
7975.9111 2.5773e-02
7978.3032 3.8935e-02
7980.6973 3.1900e-02
7983.0908 3.0593e-02
7985.4858 3.3436e-02
7987.8823 3.3055e-02
7990.2778 3.1683e-02
7992.6748 2.8576e-02
7995.0728 3.5224e-02
7997.4717 3.1321e-02
7999.8711 3.1673e-02
8002.2710 3.5583e-02
8004.6709 3.1877e-02
8007.0723 2.6512e-02
8009.4746 2.4365e-02
8011.8779 3.3344e-02
8014.2812 4.2035e-02
8016.6855 2.7164e-02
8019.0903 4.4788e-02
8021.4966 3.3697e-02
8023.9028 2.5219e-02
8026.3105 3.1220e-02
8028.7173 3.1468e-02
8031.1260 2.7247e-02
8033.5361 2.4820e-02
8035.9458 3.0939e-02
8038.3569 3.9511e-02
8040.7681 3.7092e-02
8043.1807 2.9205e-02
8045.5933 2.8784e-02
8048.0068 3.4481e-02
8050.4214 3.7696e-02
8052.8364 3.2024e-02
8055.2520 3.1775e-02
8057.6689 3.5401e-02
8060.0864 3.8739e-02
8062.5049 2.6850e-02
8064.9229 3.5729e-02
8067.3423 3.0274e-02
8069.7632 3.5590e-02
8072.1836 3.3659e-02
8074.6050 3.6999e-02
8077.0278 3.1375e-02
8079.4507 2.7986e-02
8081.8745 3.7817e-02
8084.2988 3.3292e-02
8086.7251 3.1554e-02
8089.1509 3.3586e-02
8091.5771 3.4045e-02
8094.0049 3.1374e-02
8096.4331 3.4356e-02
8098.8618 1.9068e-02
8101.2910 3.7332e-02
8103.7217 3.7364e-02
8106.1528 4.1137e-02
8108.5845 3.6171e-02
8111.0171 2.9948e-02
8113.4502 2.8533e-02
8115.8843 3.0935e-02
8118.3188 3.4261e-02
8120.7549 2.6583e-02
8123.1914 2.2811e-02
8125.6284 2.9603e-02
8128.0659 3.0148e-02
8130.5049 3.1260e-02
8132.9438 3.7065e-02
8135.3833 3.3559e-02
8137.8237 2.5003e-02
8140.2651 3.5389e-02
8142.7075 3.1524e-02
8145.1504 3.3574e-02
8147.5938 2.7925e-02
8150.0376 3.0797e-02
8152.4834 3.0576e-02
8154.9292 2.8482e-02
8157.3750 2.6056e-02
8159.8228 3.5871e-02
8162.2705 4.1641e-02
8164.7192 3.7926e-02
8167.1685 2.6717e-02
8169.6187 3.1745e-02
8172.0693 3.2712e-02
8174.5210 3.2602e-02
8176.9736 3.6801e-02
8179.4268 2.9530e-02
8181.8809 3.0134e-02
8184.3350 3.4149e-02
8186.7900 3.4771e-02
8189.2456 4.2248e-02
8191.7031 2.8760e-02
8194.1602 3.3526e-02
8196.6191 3.1380e-02
8199.0781 2.5267e-02
8201.5371 3.9988e-02
8203.9980 2.8558e-02
8206.4590 3.8879e-02
8208.9219 3.3168e-02
8211.3838 2.8570e-02
8213.8477 4.3735e-02
8216.3115 3.5426e-02
8218.7764 3.8768e-02
8221.2422 2.8968e-02
8223.7090 3.5415e-02
8226.1758 2.9411e-02
8228.6436 3.3590e-02
8231.1123 3.4682e-02
8233.5811 3.5360e-02
8236.0518 3.3001e-02
8238.5215 3.1682e-02
8240.9932 3.0706e-02
8243.4658 3.0897e-02
8245.9395 3.9430e-02
8248.4131 3.4400e-02
8250.8877 3.6052e-02
8253.3623 2.9823e-02
8255.8389 3.7145e-02
8258.3154 3.3261e-02
8260.7920 3.0894e-02
8263.2715 3.1073e-02
8265.7500 3.1398e-02
8268.2305 3.2893e-02
8270.7100 2.5486e-02
8273.1914 3.9244e-02
8275.6738 3.9508e-02
8278.1553 3.3216e-02
8280.6396 3.7340e-02
8283.1240 3.7864e-02
8285.6094 3.1444e-02
8288.0947 2.8757e-02
8290.5811 3.3920e-02
8293.0674 2.6650e-02
8295.5557 2.8257e-02
8298.0449 2.5373e-02
8300.5352 3.1779e-02
8303.0234 3.2744e-02
8305.5156 3.7091e-02
8308.0068 3.1324e-02
8310.5000 3.5901e-02
8312.9922 2.9922e-02
8315.4863 3.6551e-02
8317.9805 3.0961e-02
8320.4766 4.0055e-02
8322.9717 3.2125e-02
8325.4697 3.2212e-02
8327.9668 4.5819e-02
8330.4658 4.1001e-02
8332.9639 3.0998e-02
8335.4648 4.0862e-02
8337.9648 3.7354e-02
8340.4668 3.9214e-02
8342.9688 3.8358e-02
8345.4717 2.6504e-02
8347.9746 3.6313e-02
8350.4795 3.7524e-02
8352.9844 3.3742e-02
8355.4902 3.1526e-02
8357.9971 3.4767e-02
8360.5039 3.9525e-02
8363.0127 2.7288e-02
8365.5215 3.2903e-02
8368.0312 3.4214e-02
8370.5420 3.6870e-02
8373.0527 3.6097e-02
8375.5654 3.7628e-02
8378.0771 3.8625e-02
8380.5908 3.6873e-02
8383.1045 2.6731e-02
8385.6191 3.6889e-02
8388.1348 3.2733e-02
8390.6523 2.9122e-02
8393.1689 3.5770e-02
8395.6865 3.9179e-02
8398.2061 2.0450e-02
8400.7246 3.1755e-02
8403.2461 3.0191e-02
8405.7666 2.7440e-02
8408.2881 2.8062e-02
8410.8105 4.0358e-02
8413.3340 3.3289e-02
8415.8584 3.7916e-02
8418.3818 3.3482e-02
8420.9082 2.6325e-02
8423.4346 3.0150e-02
8425.9609 3.2543e-02
8428.4893 3.1509e-02
8431.0186 4.2570e-02
8433.5479 3.6914e-02
8436.0771 4.2809e-02
8438.6074 3.6687e-02
8441.1396 4.0192e-02
8443.6729 3.4293e-02
8446.2051 3.6505e-02
8448.7383 4.2348e-02
8451.2734 3.6478e-02
8453.8086 3.1995e-02
8456.3457 4.2891e-02
8458.8828 3.9951e-02
8461.4199 3.7120e-02
8463.9580 4.0667e-02
8466.4971 4.2145e-02
8469.0371 4.8182e-02
8471.5781 3.2710e-02
8474.1191 4.3769e-02
8476.6621 3.2901e-02
8479.2051 3.8176e-02
8481.7480 3.3000e-02
8484.2930 4.6397e-02
8486.8379 3.6300e-02
8489.3848 4.4323e-02
8491.9316 4.1775e-02
8494.4795 3.6973e-02
8497.0264 3.8674e-02
8499.5762 4.1491e-02
8502.1260 4.3301e-02
8504.6777 4.7797e-02
8507.2285 3.4884e-02
8509.7803 3.8880e-02
8512.3330 3.2448e-02
8514.8857 3.7781e-02
8517.4414 3.9146e-02
8519.9961 3.9604e-02
8522.5527 4.6958e-02
8525.1094 3.3356e-02
8527.6670 3.0660e-02
8530.2246 4.4873e-02
8532.7842 4.3015e-02
8535.3438 3.6354e-02
8537.9053 5.8007e-02
8540.4668 3.9415e-02
8543.0273 4.0969e-02
8545.5908 4.2738e-02
8548.1543 3.8879e-02
8550.7188 4.0896e-02
8553.2842 3.5127e-02
8555.8496 3.5142e-02
8558.4170 3.2064e-02
8560.9844 4.4505e-02
8563.5527 4.4948e-02
8566.1221 2.9260e-02
8568.6914 4.4456e-02
8571.2617 4.6314e-02
8573.8350 3.6336e-02
8576.4062 3.4541e-02
8578.9785 3.8955e-02
8581.5527 3.6468e-02
8584.1270 2.7461e-02
8586.7031 5.0281e-02
8589.2783 4.3918e-02
8591.8555 4.1265e-02
8594.4326 4.4474e-02
8597.0117 4.2529e-02
8599.5898 4.3298e-02
8602.1699 3.5838e-02
8604.7500 4.3221e-02
8607.3320 4.3102e-02
8609.9150 3.7253e-02
8612.4971 2.9337e-02
8615.0811 4.4173e-02
8617.6660 4.2487e-02
8620.2500 3.7574e-02
8622.8369 3.7716e-02
8625.4229 4.5122e-02
8628.0117 2.7920e-02
8630.6006 4.0629e-02
8633.1885 4.6226e-02
8635.7793 4.6432e-02
8638.3711 4.2697e-02
8640.9609 4.2287e-02
8643.5527 4.0931e-02
8646.1465 4.4362e-02
8648.7393 3.7968e-02
8651.3350 4.8188e-02
8653.9307 3.2794e-02
8656.5264 4.1064e-02
8659.1230 4.0030e-02
8661.7207 3.7332e-02
8664.3203 4.1514e-02
8666.9189 4.7927e-02
8669.5186 3.9542e-02
8672.1201 3.9403e-02
8674.7217 3.5146e-02
8677.3242 4.8111e-02
8679.9277 4.2279e-02
8682.5312 4.5800e-02
8685.1367 4.3847e-02
8687.7412 4.5848e-02
8690.3477 3.8391e-02
8692.9551 3.4136e-02
8695.5625 3.7789e-02
8698.1709 4.4710e-02
8700.7803 4.5087e-02
8703.3916 3.8444e-02
8706.0020 3.8854e-02
8708.6133 3.8213e-02
8711.2266 4.9699e-02
8713.8398 4.3869e-02
8716.4541 5.7336e-02
8719.0684 3.7516e-02
8721.6846 4.2093e-02
8724.3018 4.1131e-02
8726.9189 3.9453e-02
8729.5371 4.6641e-02
8732.1553 4.0016e-02
8734.7754 3.7289e-02
8737.3955 4.9206e-02
8740.0166 5.0009e-02
8742.6387 4.2240e-02
8745.2607 4.3223e-02
8747.8848 4.4826e-02
8750.5098 4.7744e-02
8753.1348 3.7382e-02
8755.7607 4.4235e-02
8758.3867 4.4940e-02
8761.0146 4.0576e-02
8763.6436 3.9423e-02
8766.2715 3.9959e-02
8768.9023 4.4621e-02
8771.5322 3.8572e-02
8774.1641 3.6497e-02
8776.7959 4.1718e-02
8779.4287 3.3170e-02
8782.0635 4.8261e-02
8784.6982 3.9837e-02
8787.3330 4.5892e-02
8789.9697 4.0349e-02
8792.6074 3.4728e-02
8795.2451 3.9006e-02
8797.8838 3.5726e-02
8800.5234 4.2758e-02
8803.1621 3.5734e-02
8805.8027 3.4770e-02
8808.4453 3.6106e-02
8811.0879 3.6109e-02
8813.7314 3.9847e-02
8816.3750 4.0821e-02
8819.0205 3.3518e-02
8821.6660 4.0460e-02
8824.3125 3.6681e-02
8826.9590 4.1902e-02
8829.6084 3.3813e-02
8832.2568 3.4613e-02
8834.9062 3.4754e-02
8837.5557 3.8006e-02
8840.2080 3.3753e-02
8842.8594 3.9437e-02
8845.5127 3.9167e-02
8848.1670 4.2653e-02
8850.8213 4.2389e-02
8853.4766 3.5119e-02
8856.1328 4.6627e-02
8858.7881 3.6502e-02
8861.4463 3.6927e-02
8864.1045 3.3019e-02
8866.7646 3.7399e-02
8869.4238 3.7949e-02
8872.0850 4.6636e-02
8874.7471 3.0508e-02
8877.4092 4.3706e-02
8880.0732 3.9463e-02
8882.7373 3.8439e-02
8885.4014 4.0456e-02
8888.0674 3.8345e-02
8890.7334 3.5688e-02
8893.4004 3.6019e-02
8896.0684 3.0538e-02
8898.7373 3.9605e-02
8901.4072 4.4624e-02
8904.0771 3.9175e-02
8906.7480 3.1153e-02
8909.4199 3.9647e-02
8912.0938 3.6296e-02
8914.7676 3.3148e-02
8917.4414 3.3364e-02
8920.1172 4.6230e-02
8922.7930 3.3954e-02
8925.4697 3.8928e-02
8928.1475 3.3996e-02
8930.8262 3.4729e-02
8933.5049 3.5336e-02
8936.1855 3.6189e-02
8938.8652 3.7811e-02
8941.5469 3.2563e-02
8944.2295 3.6657e-02
8946.9141 3.4623e-02
8949.5977 3.6367e-02
8952.2822 3.9452e-02
8954.9678 3.4410e-02
8957.6553 3.5419e-02
8960.3418 3.7807e-02
8963.0293 3.4699e-02
8965.7178 3.2168e-02
8968.4082 3.8014e-02
8971.0986 4.3534e-02
8973.7910 2.8466e-02
8976.4824 3.4692e-02
8979.1748 3.4410e-02
8981.8691 3.6635e-02
8984.5635 3.6755e-02
8987.2588 3.8017e-02
8989.9551 3.6849e-02
8992.6523 3.4520e-02
8995.3506 3.6717e-02
8998.0488 3.2098e-02
9000.7480 3.7491e-02
9003.4482 3.3197e-02
9006.1494 3.4377e-02
9008.8516 2.6319e-02
9011.5537 4.0277e-02
9014.2578 3.2088e-02
9016.9609 2.7846e-02
9019.6660 2.4986e-02
9022.3721 3.5600e-02
9025.0791 3.7531e-02
9027.7871 3.5064e-02
9030.4951 3.1551e-02
9033.2051 2.9397e-02
9035.9150 3.7694e-02
9038.6260 3.6802e-02
9041.3369 3.3323e-02
9044.0498 3.5087e-02
9046.7627 3.5776e-02
9049.4766 3.1006e-02
9052.1914 2.8472e-02
9054.9072 3.2687e-02
9057.6240 3.3917e-02
9060.3398 2.8666e-02
9063.0586 2.8042e-02
9065.7773 3.1776e-02
9068.4971 3.0558e-02
9071.2168 3.1525e-02
9073.9395 2.9654e-02
9076.6611 2.4100e-02
9079.3848 3.1206e-02
9082.1074 2.8313e-02
9084.8330 2.8788e-02
9087.5576 2.6495e-02
9090.2832 3.2840e-02
9093.0117 2.7835e-02
9095.7393 2.9432e-02
9098.4688 2.9513e-02
9101.1973 2.8024e-02
9103.9287 3.8063e-02
9106.6592 3.3701e-02
9109.3906 3.0320e-02
9112.1250 3.8062e-02
9114.8584 3.1365e-02
9117.5928 2.6321e-02
9120.3271 2.8535e-02
9123.0635 3.2270e-02
9125.8008 3.3281e-02
9128.5391 3.0175e-02
9131.2764 3.3798e-02
9134.0156 3.1989e-02
9136.7568 2.8699e-02
9139.4980 2.8499e-02
9142.2383 3.1619e-02
9144.9814 2.8113e-02
9147.7266 2.2084e-02
9150.4707 3.0470e-02
9153.2158 1.9982e-02
9155.9609 2.0059e-02
9158.7070 2.4730e-02
9161.4551 2.7405e-02
9164.2041 3.0600e-02
9166.9531 2.8804e-02
9169.7031 3.5208e-02
9172.4541 2.9916e-02
9175.2051 3.0877e-02
9177.9580 2.3242e-02
9180.7109 3.4510e-02
9183.4668 2.5971e-02
9186.2207 2.8976e-02
9188.9766 2.7066e-02
9191.7334 2.7273e-02
9194.4912 2.3812e-02
9197.2490 2.5344e-02
9200.0088 3.2896e-02
9202.7686 3.1673e-02
9205.5293 2.9298e-02
9208.2920 2.8178e-02
9211.0527 3.0408e-02
9213.8164 2.5251e-02
9216.5811 2.9838e-02
9219.3467 2.7561e-02
9222.1113 3.0947e-02
9224.8789 2.2950e-02
9227.6455 2.7349e-02
9230.4141 2.5004e-02
9233.1836 2.3918e-02
9235.9531 2.0742e-02
9238.7246 2.5426e-02
9241.4951 2.9342e-02
9244.2686 3.5345e-02
9247.0410 2.9294e-02
9249.8154 2.4228e-02
9252.5908 3.0667e-02
9255.3652 2.9902e-02
9258.1426 2.7133e-02
9260.9209 2.2687e-02
9263.6992 2.5273e-02
9266.4775 2.9407e-02
9269.2568 2.6442e-02
9272.0381 2.3072e-02
9274.8203 2.6379e-02
9277.6025 2.3344e-02
9280.3857 2.8126e-02
9283.1709 2.2868e-02
9285.9541 3.2966e-02
9288.7402 2.6889e-02
9291.5264 2.1981e-02
9294.3135 2.4221e-02
9297.1025 2.2319e-02
9299.8926 2.7431e-02
9302.6816 3.1762e-02
9305.4727 2.7105e-02
9308.2646 3.1294e-02
9311.0566 2.7569e-02
9313.8506 2.0634e-02
9316.6436 2.7542e-02
9319.4395 2.2876e-02
9322.2354 2.6513e-02
9325.0322 2.8232e-02
9327.8291 2.9491e-02
9330.6279 2.2482e-02
9333.4277 2.7333e-02
9336.2266 2.6856e-02
9339.0283 2.6653e-02
9341.8291 2.1444e-02
9344.6318 2.5639e-02
9347.4355 2.6764e-02
9350.2402 2.1932e-02
9353.0449 3.0238e-02
9355.8516 2.5413e-02
9358.6572 2.7943e-02
9361.4658 2.5417e-02
9364.2734 3.1152e-02
9367.0830 3.1785e-02
9369.8936 2.2940e-02
9372.7041 2.8661e-02
9375.5156 3.1062e-02
9378.3291 2.5325e-02
9381.1416 1.9530e-02
9383.9561 2.5791e-02
9386.7715 2.7968e-02
9389.5879 2.0377e-02
9392.4043 2.2133e-02
9395.2217 2.3976e-02
9398.0400 2.3726e-02
9400.8594 2.5780e-02
9403.6807 2.3047e-02
9406.5020 1.8087e-02
9409.3242 2.1783e-02
9412.1465 2.4854e-02
9414.9707 2.1822e-02
9417.7939 1.9088e-02
9420.6201 2.0590e-02
9423.4453 2.8681e-02
9426.2725 2.1498e-02
9429.1006 1.8844e-02
9431.9287 1.6243e-02
9434.7588 1.8726e-02
9437.5898 2.4077e-02
9440.4209 2.6522e-02
9443.2529 2.0933e-02
9446.0859 2.2258e-02
9448.9199 1.7839e-02
9451.7549 1.6262e-02
9454.5889 2.1980e-02
9457.4268 1.8050e-02
9460.2637 1.5447e-02
9463.1016 2.0372e-02
9465.9414 2.7090e-02
9468.7803 2.3756e-02
9471.6211 2.1016e-02
9474.4629 2.0145e-02
9477.3047 2.4358e-02
9480.1484 1.8270e-02
9482.9922 3.2605e-02
9485.8369 2.2760e-02
9488.6836 2.4016e-02
9491.5303 2.5126e-02
9494.3760 1.9441e-02
9497.2256 1.9190e-02
9500.0742 1.6623e-02
9502.9238 2.9563e-02
9505.7754 2.6449e-02
9508.6270 2.2163e-02
9511.4805 1.7795e-02
9514.3320 1.5258e-02
9517.1875 1.6239e-02
9520.0420 2.4455e-02
9522.8984 1.6348e-02
9525.7559 3.0582e-02
9528.6133 2.5517e-02
9531.4717 2.1985e-02
9534.3311 2.0402e-02
9537.1914 1.5637e-02
9540.0518 1.4828e-02
9542.9150 2.0230e-02
9545.7773 2.0972e-02
9548.6416 1.7424e-02
9551.5059 2.3603e-02
9554.3711 1.6408e-02
9557.2373 1.9942e-02
9560.1045 1.8243e-02
9562.9727 2.3359e-02
9565.8418 1.9264e-02
9568.7109 1.7956e-02
9571.5820 1.4625e-02
9574.4531 2.1630e-02
9577.3252 2.4087e-02
9580.1992 1.5140e-02
9583.0723 1.9603e-02
9585.9473 1.8400e-02
9588.8242 2.1376e-02
9591.7002 2.0326e-02
9594.5781 1.7677e-02
9597.4561 2.6183e-02
9600.3350 2.0977e-02
9603.2158 1.7931e-02
9606.0957 1.5759e-02
9608.9775 2.0684e-02
9611.8613 2.0902e-02
9614.7441 1.8697e-02
9617.6279 2.0355e-02
9620.5137 1.3719e-02
9623.4014 1.6169e-02
9626.2881 2.2994e-02
9629.1748 1.4513e-02
9632.0645 2.0717e-02
9634.9541 1.9154e-02
9637.8438 1.6412e-02
9640.7363 1.6996e-02
9643.6270 1.6926e-02
9646.5215 1.9898e-02
9649.4141 2.2065e-02
9652.3086 2.0220e-02
9655.2051 1.2931e-02
9658.1016 1.8679e-02
9660.9990 1.6292e-02
9663.8975 1.5006e-02
9666.7969 1.6312e-02
9669.6973 1.8148e-02
9672.5967 1.8998e-02
9675.5000 1.9174e-02
9678.4023 1.5176e-02
9681.3057 1.6848e-02
9684.2109 2.0562e-02
9687.1152 1.4033e-02
9690.0215 1.4707e-02
9692.9287 1.5774e-02
9695.8369 1.7834e-02
9698.7441 1.4963e-02
9701.6553 1.9681e-02
9704.5645 1.5936e-02
9707.4775 1.7340e-02
9710.3887 1.6099e-02
9713.3008 1.4249e-02
9716.2158 1.4803e-02
9719.1299 1.5127e-02
9722.0459 6.9888e-03
9724.9629 1.5245e-02
9727.8809 1.6256e-02
9730.7988 1.7419e-02
9733.7178 1.1478e-02
9736.6387 1.4758e-02
9739.5586 1.2901e-02
9742.4805 1.9764e-02
9745.4033 1.2370e-02
9748.3281 1.2691e-02
9751.2520 1.3370e-02
9754.1777 1.3110e-02
9757.1035 1.4557e-02
9760.0303 1.0682e-02
9762.9590 1.7320e-02
9765.8877 1.5484e-02
9768.8174 1.3839e-02
9771.7480 1.5235e-02
9774.6797 1.7391e-02
9777.6113 1.6321e-02
9780.5459 1.1183e-02
9783.4795 1.3375e-02
9786.4141 1.1501e-02
9789.3496 1.2145e-02
9792.2871 1.2442e-02
9795.2256 1.4804e-02
9798.1641 1.4214e-02
9801.1035 1.2877e-02
9804.0430 9.8712e-03
9806.9844 1.7113e-02
9809.9268 1.3892e-02
9812.8691 1.4373e-02
9815.8125 1.3202e-02
9818.7578 1.5930e-02
9821.7041 9.6365e-03
9824.6494 1.0446e-02
9827.5967 8.2380e-03
9830.5469 1.3066e-02
9833.4951 1.6826e-02
9836.4453 1.4021e-02
9839.3965 9.7141e-03
9842.3486 1.3274e-02
9845.2998 1.5828e-02
9848.2549 9.7081e-03
9851.2080 1.6443e-02
9854.1641 1.4288e-02
9857.1201 8.1942e-03
9860.0771 1.1372e-02
9863.0361 1.2256e-02
9865.9941 6.3062e-03
9868.9541 1.1446e-02
9871.9150 1.0654e-02
9874.8760 1.0790e-02
9877.8389 1.3382e-02
9880.8018 1.1665e-02
9883.7666 7.9818e-03
9886.7324 1.3655e-02
9889.6982 9.8509e-03
9892.6641 1.4480e-02
9895.6338 9.9304e-03
9898.6016 1.1406e-02
9901.5713 1.1021e-02
9904.5420 1.1909e-02
9907.5127 1.4174e-02
9910.4854 9.2743e-03
9913.4590 1.2567e-02
9916.4326 1.1676e-02
9919.4072 1.8835e-02
9922.3828 9.8927e-03
9925.3584 1.4705e-02
9928.3379 1.1364e-02
9931.3164 1.0607e-02
9934.2949 1.0926e-02
9937.2754 1.1283e-02
9940.2568 1.1991e-02
9943.2383 7.7826e-03
9946.2207 1.2717e-02
9949.2061 1.2663e-02
9952.1904 1.3522e-02
9955.1758 1.1119e-02
9958.1631 8.9131e-03
9961.1494 1.3084e-02
9964.1387 1.1653e-02
9967.1279 1.2130e-02
9970.1182 1.2277e-02
9973.1084 1.0140e-02
9976.1006 9.7496e-03
9979.0928 1.1716e-02
9982.0859 1.5318e-02
9985.0820 9.6239e-03
9988.0771 1.1322e-02
9991.0732 1.1713e-02
9994.0713 9.6354e-03
9997.0693 9.2488e-03
10000.0684 9.9674e-03
10003.0674 8.8731e-03
10006.0684 1.5713e-02
10009.0713 7.0960e-03
10012.0742 1.2870e-02
10015.0771 7.8651e-03
10018.0820 7.1653e-03
10021.0879 9.0883e-03
10024.0938 7.6421e-03
10027.1006 1.0987e-02
10030.1084 8.6302e-03
10033.1172 9.8845e-03
10036.1270 9.5968e-03
10039.1387 8.9659e-03
10042.1504 8.7319e-03
10045.1631 1.0748e-02
10048.1768 9.4390e-03
10051.1924 1.1218e-02
10054.2061 1.3192e-02
10057.2227 1.0751e-02
10060.2402 1.3523e-02
10063.2578 9.5286e-03
10066.2773 1.2825e-02
10069.2969 7.2235e-03
10072.3174 6.2616e-03
10075.3379 9.5637e-03
10078.3623 8.0373e-03
10081.3848 1.0252e-02
10084.4102 1.1762e-02
10087.4346 6.4747e-03
10090.4619 1.3247e-02
10093.4883 9.2447e-03
10096.5166 6.2669e-03
10099.5459 8.3993e-03
10102.5742 8.3361e-03
10105.6055 6.3459e-03
10108.6367 1.2356e-02
10111.6709 1.3105e-02
10114.7041 7.6604e-03
10117.7383 1.0519e-02
10120.7734 1.3985e-02
10123.8105 9.6708e-03
10126.8477 1.0142e-02
10129.8857 1.1794e-02
10132.9248 9.6355e-03
10135.9648 9.0473e-03
10139.0049 1.4127e-02
10142.0479 1.2078e-02
10145.0879 9.1680e-03
10148.1318 1.4129e-02
10151.1768 1.1392e-02
10154.2227 9.1406e-03
10157.2686 8.1831e-03
10160.3154 7.7175e-03
10163.3643 9.7771e-03
10166.4121 1.0817e-02
10169.4629 7.7020e-03
10172.5137 9.9585e-03
10175.5654 8.8785e-03
10178.6191 8.7274e-03
10181.6719 1.3282e-02
10184.7256 9.3971e-03
10187.7822 7.1113e-03
10190.8379 1.1137e-02
10193.8945 1.1126e-02
10196.9541 8.6429e-03
10200.0127 7.4694e-03
10203.0723 7.9933e-03
10206.1328 9.5814e-03
10209.1953 1.2006e-02
10212.2578 1.2251e-02
10215.3223 9.0665e-03
10218.3867 8.1838e-03
10221.4521 7.4719e-03
10224.5186 7.2108e-03
10227.5850 7.5621e-03
10230.6543 1.0903e-02
10233.7246 1.0578e-02
10236.7930 1.2614e-02
10239.8643 1.3105e-02
10242.9355 5.0168e-03
10246.0098 1.0547e-02
10249.0830 7.2937e-03
10252.1572 8.8584e-03
10255.2334 8.8198e-03
10258.3096 8.0126e-03
10261.3877 9.2668e-03
10264.4648 8.1855e-03
10267.5449 1.1894e-02
10270.6250 1.1377e-02
