# time_explosion = 7.25
# 
3082.8928 5.7556e-02
3083.8179 6.7956e-02
3084.7432 6.3687e-02
3085.6685 6.2352e-02
3086.5940 4.6802e-02
3087.5200 6.4376e-02
3088.4463 5.7231e-02
3089.3728 6.5054e-02
3090.2996 5.9416e-02
3091.2268 7.0945e-02
3092.1541 5.0730e-02
3093.0815 7.0148e-02
3094.0098 5.4638e-02
3094.9380 4.6300e-02
3095.8665 5.7024e-02
3096.7952 4.6699e-02
3097.7241 5.6936e-02
3098.6536 6.6305e-02
3099.5828 5.6091e-02
3100.5129 6.4138e-02
3101.4431 6.7504e-02
3102.3735 5.4536e-02
3103.3042 7.0416e-02
3104.2354 7.4165e-02
3105.1665 6.8918e-02
3106.0981 6.7994e-02
3107.0300 4.7800e-02
3107.9619 5.7853e-02
3108.8943 6.8184e-02
3109.8269 5.4212e-02
3110.7600 4.2132e-02
3111.6929 6.3601e-02
3112.6265 6.8978e-02
3113.5605 5.3865e-02
3114.4944 5.1604e-02
3115.4290 6.4921e-02
3116.3635 5.8068e-02
3117.2986 5.8752e-02
3118.2336 4.0379e-02
3119.1689 5.6492e-02
3120.1047 5.1536e-02
3121.0410 4.6289e-02
3121.9773 7.6330e-02
3122.9136 6.3109e-02
3123.8508 4.8864e-02
3124.7878 4.8132e-02
3125.7251 6.0534e-02
3126.6628 4.9215e-02
3127.6008 6.7089e-02
3128.5393 5.0517e-02
3129.4778 3.7194e-02
3130.4170 5.8150e-02
3131.3557 5.3745e-02
3132.2954 5.8933e-02
3133.2349 5.9808e-02
3134.1748 5.2799e-02
3135.1150 4.1699e-02
3136.0559 5.3190e-02
3136.9968 6.1452e-02
3137.9377 4.4160e-02
3138.8789 5.3385e-02
3139.8206 3.8300e-02
3140.7625 6.1517e-02
3141.7046 5.1617e-02
3142.6472 4.3885e-02
3143.5901 5.8940e-02
3144.5334 3.6732e-02
3145.4766 5.7134e-02
3146.4202 6.5323e-02
3147.3643 4.4232e-02
3148.3086 5.9063e-02
3149.2529 4.9951e-02
3150.1975 3.5459e-02
3151.1426 3.2213e-02
3152.0881 4.1325e-02
3153.0337 3.4811e-02
3153.9795 3.6050e-02
3154.9255 5.4597e-02
3155.8723 5.7137e-02
3156.8188 5.1746e-02
3157.7661 3.6913e-02
3158.7134 5.9301e-02
3159.6609 4.0412e-02
3160.6086 4.9055e-02
3161.5571 5.8674e-02
3162.5054 4.6779e-02
3163.4541 7.9250e-02
3164.4031 4.8768e-02
3165.3528 6.8249e-02
3166.3022 3.9554e-02
3167.2522 4.0577e-02
3168.2024 4.0200e-02
3169.1526 5.1816e-02
3170.1035 4.8929e-02
3171.0544 4.7885e-02
3172.0061 5.4099e-02
3172.9573 4.7408e-02
3173.9092 3.4983e-02
3174.8613 4.2120e-02
3175.8140 3.8572e-02
3176.7668 4.1843e-02
3177.7197 4.5141e-02
3178.6729 4.5845e-02
3179.6267 5.6165e-02
3180.5808 4.0201e-02
3181.5347 7.0771e-02
3182.4893 3.3932e-02
3183.4438 5.6104e-02
3184.3987 5.0623e-02
3185.3542 4.9514e-02
3186.3101 4.3948e-02
3187.2659 6.1027e-02
3188.2217 5.1340e-02
3189.1785 2.6184e-02
3190.1350 5.1904e-02
3191.0920 4.0185e-02
3192.0493 4.1583e-02
3193.0071 4.3129e-02
3193.9651 4.5128e-02
3194.9233 5.8283e-02
3195.8818 4.9819e-02
3196.8408 6.4240e-02
3197.7996 5.2698e-02
3198.7590 4.0323e-02
3199.7185 6.0204e-02
3200.6782 5.8907e-02
3201.6387 4.6777e-02
3202.5991 5.0048e-02
3203.5598 5.2349e-02
3204.5208 4.5235e-02
3205.4824 4.6748e-02
3206.4441 2.8354e-02
3207.4058 3.7374e-02
3208.3682 4.3443e-02
3209.3306 6.1282e-02
3210.2935 6.4590e-02
3211.2563 4.5881e-02
3212.2200 2.5891e-02
3213.1833 6.0160e-02
3214.1472 3.5882e-02
3215.1118 3.9091e-02
3216.0764 5.2189e-02
3217.0413 4.3375e-02
3218.0061 3.9249e-02
3218.9714 2.6691e-02
3219.9373 6.2015e-02
3220.9031 3.6098e-02
3221.8699 3.7558e-02
3222.8362 5.8791e-02
3223.8030 6.0080e-02
3224.7700 4.4002e-02
3225.7375 7.2484e-02
3226.7053 5.1592e-02
3227.6731 4.4155e-02
3228.6416 4.8369e-02
3229.6101 2.9425e-02
3230.5791 5.3673e-02
3231.5483 4.8610e-02
3232.5178 5.8310e-02
3233.4875 4.9893e-02
3234.4575 6.1395e-02
3235.4280 2.8287e-02
3236.3984 4.7695e-02
3237.3691 6.7355e-02
3238.3403 4.9846e-02
3239.3120 4.1644e-02
3240.2839 4.0552e-02
3241.2559 2.9863e-02
3242.2285 5.2616e-02
3243.2012 2.6614e-02
3244.1743 6.6441e-02
3245.1472 4.8014e-02
3246.1208 4.9452e-02
3247.0947 2.6072e-02
3248.0688 4.4312e-02
3249.0432 4.5047e-02
3250.0178 5.9487e-02
3250.9929 5.1797e-02
3251.9680 4.6686e-02
3252.9438 4.5003e-02
3253.9194 4.5272e-02
3254.8958 4.7698e-02
3255.8723 4.8144e-02
3256.8489 4.5963e-02
3257.8262 3.6409e-02
3258.8035 5.0845e-02
3259.7810 5.2251e-02
3260.7593 5.1514e-02
3261.7373 3.7007e-02
3262.7158 4.8595e-02
3263.6946 6.4167e-02
3264.6736 2.4896e-02
3265.6531 6.5811e-02
3266.6331 4.5704e-02
3267.6130 4.6107e-02
3268.5930 4.4755e-02
3269.5735 3.6177e-02
3270.5544 3.8243e-02
3271.5356 5.2475e-02
3272.5171 5.1243e-02
3273.4990 4.2143e-02
3274.4812 3.5615e-02
3275.4634 4.1065e-02
3276.4458 4.6146e-02
3277.4287 4.5504e-02
3278.4124 3.6192e-02
3279.3958 5.1623e-02
3280.3794 3.6431e-02
3281.3635 4.7698e-02
3282.3479 4.5892e-02
3283.3325 5.9678e-02
3284.3179 6.6564e-02
3285.3030 4.8652e-02
3286.2888 3.1506e-02
3287.2744 3.2970e-02
3288.2605 3.9809e-02
3289.2471 6.1093e-02
3290.2339 3.5331e-02
3291.2212 3.3357e-02
3292.2083 4.5606e-02
3293.1958 4.0319e-02
3294.1838 4.8933e-02
3295.1724 5.2795e-02
3296.1609 2.9268e-02
3297.1497 6.6841e-02
3298.1387 4.5141e-02
3299.1282 5.2703e-02
3300.1177 5.0805e-02
3301.1079 5.4877e-02
3302.0984 4.6113e-02
3303.0889 4.5348e-02
3304.0798 4.3050e-02
3305.0713 4.3396e-02
3306.0627 4.5502e-02
3307.0544 5.9852e-02
3308.0466 6.6916e-02
3309.0391 5.7009e-02
3310.0317 4.0720e-02
3311.0247 4.5431e-02
3312.0178 5.7784e-02
3313.0117 6.2286e-02
3314.0054 6.2345e-02
3315.0000 5.3793e-02
3315.9941 4.7251e-02
3316.9890 6.8877e-02
3317.9839 5.8043e-02
3318.9795 5.6380e-02
3319.9751 7.1190e-02
3320.9712 6.6187e-02
3321.9678 6.6546e-02
3322.9639 5.3091e-02
3323.9607 5.3070e-02
3324.9580 6.6390e-02
3325.9558 5.5766e-02
3326.9536 5.4747e-02
3327.9514 7.3258e-02
3328.9497 7.9561e-02
3329.9482 5.7502e-02
3330.9475 8.0279e-02
3331.9468 8.3608e-02
3332.9463 7.9282e-02
3333.9463 5.9479e-02
3334.9463 7.4759e-02
3335.9473 9.4631e-02
3336.9478 7.3338e-02
3337.9487 6.6339e-02
3338.9502 6.8966e-02
3339.9517 7.9726e-02
3340.9536 6.7881e-02
3341.9561 9.1793e-02
3342.9587 7.2499e-02
3343.9614 6.6284e-02
3344.9651 8.6575e-02
3345.9685 7.6374e-02
3346.9722 8.4807e-02
3347.9763 7.8543e-02
3348.9805 6.9002e-02
3349.9854 5.8027e-02
3350.9902 8.4424e-02
3351.9956 7.1652e-02
3353.0010 7.7765e-02
3354.0073 8.7420e-02
3355.0129 7.9150e-02
3356.0198 7.1553e-02
3357.0264 8.2508e-02
3358.0334 7.4526e-02
3359.0410 7.9669e-02
3360.0488 9.7579e-02
3361.0569 9.7361e-02
3362.0654 1.0522e-01
3363.0740 6.9004e-02
3364.0828 6.4019e-02
3365.0918 7.9409e-02
3366.1013 9.5883e-02
3367.1113 8.2020e-02
3368.1213 7.1516e-02
3369.1318 7.9177e-02
3370.1426 1.0798e-01
3371.1536 7.4906e-02
3372.1650 9.1451e-02
3373.1768 8.1423e-02
3374.1885 1.0091e-01
3375.2004 8.4568e-02
3376.2134 8.5852e-02
3377.2261 8.1977e-02
3378.2395 1.1999e-01
3379.2529 1.0459e-01
3380.2664 8.0161e-02
3381.2805 7.4352e-02
3382.2952 7.7736e-02
3383.3098 1.0745e-01
3384.3250 7.7440e-02
3385.3401 8.4751e-02
3386.3557 1.1021e-01
3387.3716 8.6744e-02
3388.3879 9.7369e-02
3389.4045 8.1549e-02
3390.4211 8.0535e-02
3391.4385 7.6387e-02
3392.4558 7.8654e-02
3393.4736 9.2596e-02
3394.4915 1.1415e-01
3395.5100 1.0858e-01
3396.5286 1.0461e-01
3397.5474 1.1046e-01
3398.5667 9.4264e-02
3399.5862 1.0861e-01
3400.6062 1.1637e-01
3401.6262 1.0754e-01
3402.6467 1.0529e-01
3403.6677 1.2852e-01
3404.6887 9.5500e-02
3405.7100 1.1327e-01
3406.7319 1.1226e-01
3407.7539 8.6426e-02
3408.7764 9.9636e-02
3409.7988 9.5524e-02
3410.8218 1.0826e-01
3411.8450 1.1159e-01
3412.8687 1.2138e-01
3413.8923 8.5030e-02
3414.9167 1.0761e-01
3415.9412 1.0055e-01
3416.9658 1.0526e-01
3417.9907 8.8427e-02
3419.0164 9.5464e-02
3420.0420 1.0934e-01
3421.0681 6.9899e-02
3422.0945 8.8396e-02
3423.1208 1.2247e-01
3424.1479 7.3620e-02
3425.1753 9.0837e-02
3426.2029 1.2058e-01
3427.2307 9.8225e-02
3428.2588 9.2433e-02
3429.2871 9.7244e-02
3430.3159 1.1805e-01
3431.3452 1.4354e-01
3432.3748 1.1958e-01
3433.4041 1.1602e-01
3434.4346 1.1110e-01
3435.4646 1.2808e-01
3436.4954 1.0602e-01
3437.5261 1.0747e-01
3438.5579 1.3422e-01
3439.5894 1.0823e-01
3440.6208 1.0575e-01
3441.6531 1.2541e-01
3442.6855 8.6224e-02
3443.7183 1.2113e-01
3444.7515 1.5420e-01
3445.7852 1.1196e-01
3446.8186 1.0847e-01
3447.8525 8.5661e-02
3448.8872 1.1770e-01
3449.9216 9.0753e-02
3450.9568 1.0389e-01
3451.9919 1.1890e-01
3453.0276 1.1303e-01
3454.0637 1.1061e-01
3455.0999 9.3686e-02
3456.1362 1.0098e-01
3457.1731 9.3289e-02
3458.2102 1.1847e-01
3459.2476 9.9589e-02
3460.2856 1.0216e-01
3461.3235 1.1820e-01
3462.3621 1.2803e-01
3463.4004 1.2312e-01
3464.4399 1.5350e-01
3465.4790 1.2523e-01
3466.5188 1.2757e-01
3467.5586 1.4086e-01
3468.5989 1.2598e-01
3469.6394 1.1935e-01
3470.6804 9.7582e-02
3471.7217 1.4847e-01
3472.7629 1.2627e-01
3473.8049 1.0425e-01
3474.8469 1.2247e-01
3475.8894 1.5201e-01
3476.9321 1.3157e-01
3477.9751 1.3768e-01
3479.0188 1.4359e-01
3480.0625 1.3289e-01
3481.1064 1.3007e-01
3482.1509 1.3315e-01
3483.1956 1.1063e-01
3484.2407 1.2623e-01
3485.2856 1.2950e-01
3486.3313 1.5821e-01
3487.3772 1.1851e-01
3488.4233 1.1665e-01
3489.4697 1.2163e-01
3490.5168 1.5929e-01
3491.5640 1.2318e-01
3492.6116 1.5928e-01
3493.6592 1.5392e-01
3494.7073 1.4572e-01
3495.7556 1.1676e-01
3496.8044 1.2469e-01
3497.8535 9.3141e-02
3498.9026 1.3760e-01
3499.9526 1.5868e-01
3501.0024 1.5006e-01
3502.0527 1.4522e-01
3503.1033 1.3687e-01
3504.1543 1.4101e-01
3505.2058 1.2074e-01
3506.2571 1.1999e-01
3507.3088 1.1998e-01
3508.3613 1.3839e-01
3509.4136 1.2812e-01
3510.4663 1.1991e-01
3511.5193 1.4806e-01
3512.5730 1.2905e-01
3513.6270 1.3852e-01
3514.6809 1.2930e-01
3515.7351 1.4072e-01
3516.7898 1.5864e-01
3517.8452 1.1838e-01
3518.9004 1.3211e-01
3519.9561 1.2889e-01
3521.0122 1.2758e-01
3522.0686 9.9187e-02
3523.1250 1.0980e-01
3524.1821 1.4735e-01
3525.2390 1.2547e-01
3526.2969 1.2082e-01
3527.3547 1.1138e-01
3528.4126 1.4120e-01
3529.4714 1.4328e-01
3530.5303 1.1877e-01
3531.5894 1.4844e-01
3532.6487 1.1320e-01
3533.7090 1.3459e-01
3534.7688 1.4983e-01
3535.8293 1.2689e-01
3536.8901 1.2424e-01
3537.9512 1.5667e-01
3539.0122 1.2282e-01
3540.0740 1.3640e-01
3541.1360 1.0821e-01
3542.1987 1.4486e-01
3543.2612 9.6571e-02
3544.3245 1.2518e-01
3545.3875 1.0922e-01
3546.4509 1.0124e-01
3547.5154 1.2250e-01
3548.5793 1.0861e-01
3549.6438 1.0756e-01
3550.7087 1.0894e-01
3551.7739 9.8192e-02
3552.8396 1.0686e-01
3553.9053 8.8172e-02
3554.9714 1.2591e-01
3556.0378 9.3907e-02
3557.1050 1.0850e-01
3558.1716 1.0380e-01
3559.2395 1.1527e-01
3560.3071 1.2212e-01
3561.3752 1.0919e-01
3562.4436 9.8871e-02
3563.5125 1.1566e-01
3564.5813 8.3848e-02
3565.6506 9.9872e-02
3566.7205 9.4966e-02
3567.7905 1.1823e-01
3568.8611 5.6673e-02
3569.9316 9.0032e-02
3571.0027 9.1254e-02
3572.0737 9.4104e-02
3573.1455 1.0542e-01
3574.2175 9.0383e-02
3575.2896 9.3661e-02
3576.3625 9.1240e-02
3577.4351 1.0533e-01
3578.5083 1.0337e-01
3579.5820 8.7486e-02
3580.6560 7.1046e-02
3581.7300 8.3798e-02
3582.8047 9.9270e-02
3583.8792 8.8197e-02
3584.9546 8.3150e-02
3586.0298 8.2407e-02
3587.1060 6.7802e-02
3588.1821 6.6025e-02
3589.2583 7.9646e-02
3590.3352 8.4161e-02
3591.4124 9.5824e-02
3592.4897 8.6768e-02
3593.5671 9.0911e-02
3594.6455 9.3382e-02
3595.7241 6.8574e-02
3596.8025 4.7949e-02
3597.8818 9.4872e-02
3598.9609 8.2043e-02
3600.0405 8.1985e-02
3601.1204 1.0115e-01
3602.2009 9.4483e-02
3603.2817 8.3689e-02
3604.3625 8.4592e-02
3605.4441 6.9604e-02
3606.5256 8.4891e-02
3607.6074 7.1157e-02
3608.6899 9.1159e-02
3609.7725 8.3407e-02
3610.8552 6.8387e-02
3611.9385 9.2430e-02
3613.0222 7.0351e-02
3614.1062 8.4008e-02
3615.1904 7.6198e-02
3616.2749 8.5928e-02
3617.3599 8.5059e-02
3618.4451 7.7643e-02
3619.5303 7.1866e-02
3620.6165 6.6120e-02
3621.7024 9.0455e-02
3622.7891 8.7407e-02
3623.8760 6.1442e-02
3624.9631 1.0425e-01
3626.0508 7.9569e-02
3627.1382 9.9046e-02
3628.2266 8.7403e-02
3629.3152 8.5646e-02
3630.4038 9.6102e-02
3631.4927 6.1049e-02
3632.5825 8.0143e-02
3633.6721 9.8195e-02
3634.7622 5.0569e-02
3635.8528 9.6357e-02
3636.9434 7.6931e-02
3638.0347 7.3919e-02
3639.1257 7.9221e-02
3640.2178 7.1072e-02
3641.3098 8.2571e-02
3642.4021 5.6529e-02
3643.4946 8.2638e-02
3644.5881 9.6553e-02
3645.6814 9.4320e-02
3646.7751 9.6019e-02
3647.8691 6.4000e-02
3648.9634 6.4721e-02
3650.0581 7.9495e-02
3651.1533 6.4144e-02
3652.2480 6.0936e-02
3653.3442 6.5224e-02
3654.4402 7.3453e-02
3655.5364 7.0387e-02
3656.6333 7.9925e-02
3657.7300 6.1939e-02
3658.8274 7.4992e-02
3659.9250 7.0024e-02
3661.0232 7.9272e-02
3662.1213 7.6122e-02
3663.2202 7.5777e-02
3664.3188 8.7206e-02
3665.4182 6.6512e-02
3666.5181 8.0259e-02
3667.6179 7.2880e-02
3668.7183 8.6689e-02
3669.8186 5.9724e-02
3670.9197 8.3722e-02
3672.0210 5.8168e-02
3673.1226 9.2248e-02
3674.2241 6.8882e-02
3675.3269 6.8527e-02
3676.4294 9.2815e-02
3677.5325 7.2437e-02
3678.6355 8.6890e-02
3679.7390 7.2106e-02
3680.8430 8.3842e-02
3681.9473 7.9541e-02
3683.0518 8.0994e-02
3684.1570 7.8961e-02
3685.2620 5.5900e-02
3686.3677 9.7307e-02
3687.4739 1.0185e-01
3688.5796 8.5151e-02
3689.6865 8.6110e-02
3690.7932 9.4322e-02
3691.9006 1.1120e-01
3693.0081 1.0254e-01
3694.1160 8.6429e-02
3695.2241 8.9805e-02
3696.3328 1.0939e-01
3697.4417 1.0442e-01
3698.5508 1.1750e-01
3699.6606 9.5709e-02
3700.7703 9.3522e-02
3701.8806 8.3564e-02
3702.9910 1.2019e-01
3704.1023 1.1993e-01
3705.2136 1.2120e-01
3706.3247 7.8127e-02
3707.4370 8.6566e-02
3708.5491 1.0707e-01
3709.6616 8.8778e-02
3710.7744 1.1450e-01
3711.8877 1.3735e-01
3713.0012 1.4511e-01
3714.1152 1.1071e-01
3715.2292 1.2544e-01
3716.3440 9.3960e-02
3717.4590 1.3865e-01
3718.5742 1.0393e-01
3719.6897 9.7929e-02
3720.8057 1.2550e-01
3721.9219 1.3271e-01
3723.0383 1.2268e-01
3724.1553 1.3336e-01
3725.2725 1.3149e-01
3726.3904 1.6972e-01
3727.5081 1.3846e-01
3728.6265 1.0758e-01
3729.7451 1.2248e-01
3730.8640 1.2049e-01
3731.9832 1.3949e-01
3733.1028 1.0923e-01
3734.2227 1.2749e-01
3735.3428 1.2530e-01
3736.4636 1.0759e-01
3737.5842 1.2750e-01
3738.7056 1.0569e-01
3739.8276 1.2599e-01
3740.9490 1.5113e-01
3742.0718 1.1863e-01
3743.1943 1.3967e-01
3744.3171 1.3640e-01
3745.4404 1.6448e-01
3746.5640 1.2781e-01
3747.6880 1.7204e-01
3748.8125 1.4869e-01
3749.9368 1.6346e-01
3751.0620 1.4658e-01
3752.1873 1.3714e-01
3753.3130 1.3863e-01
3754.4387 1.3595e-01
3755.5652 1.8062e-01
3756.6919 1.2361e-01
3757.8188 1.4222e-01
3758.9463 1.1862e-01
3760.0737 1.4131e-01
3761.2019 1.7069e-01
3762.3306 1.5327e-01
3763.4590 1.4192e-01
3764.5881 1.5643e-01
3765.7175 1.6940e-01
3766.8472 1.4529e-01
3767.9771 1.4729e-01
3769.1079 1.6421e-01
3770.2383 1.3477e-01
3771.3694 1.4909e-01
3772.5007 1.2913e-01
3773.6328 1.4249e-01
3774.7646 1.3254e-01
3775.8972 1.2337e-01
3777.0298 9.8945e-02
3778.1628 9.4229e-02
3779.2964 1.0953e-01
3780.4302 1.0163e-01
3781.5642 1.3162e-01
3782.6987 9.0682e-02
3783.8335 1.1440e-01
3784.9690 1.3502e-01
3786.1042 9.5258e-02
3787.2400 1.4970e-01
3788.3762 1.1433e-01
3789.5125 1.2583e-01
3790.6497 9.9225e-02
3791.7869 8.3793e-02
3792.9246 9.6281e-02
3794.0625 1.2776e-01
3795.2007 1.0529e-01
3796.3391 1.0678e-01
3797.4778 1.1008e-01
3798.6169 1.3115e-01
3799.7568 9.1804e-02
3800.8967 1.0945e-01
3802.0371 8.1713e-02
3803.1775 1.1485e-01
3804.3181 9.3635e-02
3805.4597 9.7567e-02
3806.6013 1.0369e-01
3807.7434 1.4487e-01
3808.8857 8.2908e-02
3810.0286 9.5364e-02
3811.1714 6.7506e-02
3812.3149 8.8929e-02
3813.4583 1.2837e-01
3814.6025 6.4476e-02
3815.7468 1.0506e-01
3816.8916 9.9947e-02
3818.0369 7.9889e-02
3819.1824 1.0029e-01
3820.3281 1.0500e-01
3821.4741 8.0835e-02
3822.6201 9.9071e-02
3823.7671 1.0394e-01
3824.9143 7.6605e-02
3826.0615 8.7912e-02
3827.2097 6.6026e-02
3828.3577 8.6608e-02
3829.5063 7.2167e-02
3830.6553 8.3566e-02
3831.8044 9.9438e-02
3832.9539 8.3215e-02
3834.1035 8.5025e-02
3835.2539 8.0489e-02
3836.4045 6.4780e-02
3837.5554 6.3639e-02
3838.7068 7.6472e-02
3839.8582 7.7789e-02
3841.0103 5.4883e-02
3842.1628 9.5312e-02
3843.3152 9.3507e-02
3844.4683 9.2790e-02
3845.6216 6.6341e-02
3846.7754 6.1950e-02
3847.9294 7.6646e-02
3849.0835 7.2974e-02
3850.2383 7.1124e-02
3851.3933 6.1928e-02
3852.5488 7.8473e-02
3853.7051 6.2445e-02
3854.8606 7.3139e-02
3856.0173 8.3439e-02
3857.1741 5.8042e-02
3858.3313 6.4181e-02
3859.4883 7.3101e-02
3860.6465 7.9789e-02
3861.8047 7.6242e-02
3862.9631 5.3474e-02
3864.1221 7.8264e-02
3865.2815 7.3373e-02
3866.4412 7.1776e-02
3867.6011 6.2676e-02
3868.7610 6.5173e-02
3869.9216 7.9534e-02
3871.0828 8.2553e-02
3872.2441 9.0188e-02
3873.4058 7.4324e-02
3874.5676 7.5573e-02
3875.7302 8.6064e-02
3876.8931 6.3141e-02
3878.0559 9.4864e-02
3879.2192 5.4918e-02
3880.3831 6.4623e-02
3881.5474 7.0350e-02
3882.7119 5.8125e-02
3883.8767 7.8694e-02
3885.0420 8.3207e-02
3886.2073 8.6399e-02
3887.3728 6.9071e-02
3888.5391 6.1435e-02
3889.7061 9.0137e-02
3890.8730 9.7176e-02
3892.0400 8.7145e-02
3893.2078 1.0134e-01
3894.3755 9.8377e-02
3895.5439 9.1921e-02
3896.7126 6.8755e-02
3897.8813 7.0064e-02
3899.0508 7.6671e-02
3900.2209 9.3299e-02
3901.3909 8.3322e-02
3902.5613 6.8350e-02
3903.7322 9.3555e-02
3904.9031 1.1167e-01
3906.0747 9.0479e-02
3907.2463 9.1273e-02
3908.4187 1.0839e-01
3909.5911 1.0695e-01
3910.7642 9.1678e-02
3911.9373 1.0139e-01
3913.1111 9.9952e-02
3914.2849 8.2394e-02
3915.4592 1.0385e-01
3916.6335 8.0229e-02
3917.8086 8.4838e-02
3918.9839 1.0953e-01
3920.1597 1.0800e-01
3921.3359 9.6698e-02
3922.5120 9.4957e-02
3923.6887 9.7112e-02
3924.8660 1.1290e-01
3926.0432 9.2893e-02
3927.2212 1.1221e-01
3928.3994 1.2076e-01
3929.5779 8.8721e-02
3930.7568 1.0643e-01
3931.9360 1.2989e-01
3933.1157 9.0568e-02
3934.2954 1.1796e-01
3935.4758 1.0321e-01
3936.6562 1.0987e-01
3937.8374 1.2245e-01
3939.0186 1.3879e-01
3940.2004 1.2294e-01
3941.3826 1.1416e-01
3942.5649 1.0092e-01
3943.7478 1.2651e-01
3944.9307 1.4107e-01
3946.1147 1.0639e-01
3947.2983 1.2744e-01
3948.4824 1.0285e-01
3949.6670 1.3025e-01
3950.8521 1.1370e-01
3952.0369 1.0681e-01
3953.2227 1.3375e-01
3954.4089 1.4518e-01
3955.5950 1.2147e-01
3956.7812 1.1781e-01
3957.9688 1.4166e-01
3959.1560 1.4276e-01
3960.3438 1.4557e-01
3961.5320 1.3696e-01
3962.7202 9.3198e-02
3963.9094 1.2532e-01
3965.0984 1.3994e-01
3966.2881 1.4253e-01
3967.4778 1.3630e-01
3968.6680 1.4404e-01
3969.8584 1.3716e-01
3971.0498 1.3792e-01
3972.2412 1.4826e-01
3973.4326 1.3522e-01
3974.6248 1.4802e-01
3975.8171 1.5603e-01
3977.0095 1.4218e-01
3978.2029 1.3455e-01
3979.3962 1.5500e-01
3980.5901 1.2948e-01
3981.7844 1.5447e-01
3982.9790 1.7102e-01
3984.1736 1.2181e-01
3985.3691 1.7963e-01
3986.5647 1.4741e-01
3987.7605 1.4289e-01
3988.9568 1.3467e-01
3990.1538 1.4486e-01
3991.3506 1.6053e-01
3992.5481 1.7965e-01
3993.7456 1.5139e-01
3994.9441 1.5680e-01
3996.1423 1.6267e-01
3997.3413 1.7715e-01
3998.5408 1.2519e-01
3999.7397 1.4789e-01
4000.9402 1.6299e-01
4002.1401 1.6626e-01
4003.3408 1.6102e-01
4004.5415 1.5494e-01
4005.7434 1.9463e-01
4006.9448 1.4479e-01
4008.1470 1.5231e-01
4009.3496 1.6944e-01
4010.5522 1.6329e-01
4011.7556 1.8799e-01
4012.9587 1.4552e-01
4014.1628 1.5532e-01
4015.3672 1.7054e-01
4016.5715 2.0881e-01
4017.7769 1.5411e-01
4018.9817 1.7287e-01
4020.1875 1.5160e-01
4021.3936 1.7483e-01
4022.6003 1.5232e-01
4023.8071 1.8791e-01
4025.0142 1.8727e-01
4026.2214 1.3287e-01
4027.4294 1.4638e-01
4028.6377 1.4937e-01
4029.8462 1.6176e-01
4031.0554 1.7986e-01
4032.2646 1.7223e-01
4033.4744 1.3501e-01
4034.6843 1.7750e-01
4035.8945 1.8088e-01
4037.1052 1.5655e-01
4038.3167 1.5639e-01
4039.5281 1.0384e-01
4040.7397 1.6646e-01
4041.9524 1.5905e-01
4043.1648 1.7927e-01
4044.3777 1.6536e-01
4045.5913 1.3992e-01
4046.8047 1.7627e-01
4048.0186 1.4534e-01
4049.2332 1.7294e-01
4050.4480 1.4994e-01
4051.6628 1.6261e-01
4052.8784 1.4521e-01
4054.0942 1.4984e-01
4055.3108 1.6770e-01
4056.5273 1.7229e-01
4057.7444 1.3897e-01
4058.9614 1.4343e-01
4060.1792 1.2774e-01
4061.3970 1.4065e-01
4062.6155 1.3497e-01
4063.8345 1.4492e-01
4065.0535 1.2878e-01
4066.2732 1.4798e-01
4067.4929 1.4511e-01
4068.7131 1.3317e-01
4069.9338 1.1279e-01
4071.1548 1.3442e-01
4072.3762 1.5352e-01
4073.5981 1.1540e-01
4074.8201 1.2736e-01
4076.0427 1.1978e-01
4077.2654 1.2203e-01
4078.4885 1.0176e-01
4079.7119 1.2341e-01
4080.9358 1.2616e-01
4082.1602 1.4723e-01
4083.3845 1.2741e-01
4084.6099 1.4260e-01
4085.8354 1.6269e-01
4087.0608 1.6372e-01
4088.2869 1.3282e-01
4089.5137 1.6972e-01
4090.7407 1.5399e-01
4091.9678 1.4073e-01
4093.1953 1.3750e-01
4094.4233 1.2366e-01
4095.6519 1.3324e-01
4096.8799 1.4838e-01
4098.1094 9.8530e-02
4099.3384 1.1420e-01
4100.5684 1.0802e-01
4101.7988 1.4044e-01
4103.0293 1.6406e-01
4104.2598 1.3846e-01
4105.4912 1.4069e-01
4106.7231 1.2375e-01
4107.9546 1.7086e-01
4109.1875 1.4667e-01
4110.4204 1.3892e-01
4111.6533 1.4505e-01
4112.8867 1.2306e-01
4114.1211 1.6077e-01
4115.3545 1.4830e-01
4116.5898 1.5598e-01
4117.8247 1.4427e-01
4119.0596 1.2420e-01
4120.2954 1.2617e-01
4121.5317 1.0583e-01
4122.7681 1.2801e-01
4124.0049 1.6024e-01
4125.2422 1.4588e-01
4126.4800 1.2516e-01
4127.7178 1.4836e-01
4128.9561 1.6346e-01
4130.1948 1.3459e-01
4131.4336 1.2639e-01
4132.6733 1.1820e-01
4133.9126 1.3084e-01
4135.1533 1.5679e-01
4136.3936 1.1089e-01
4137.6348 1.1608e-01
4138.8760 1.4257e-01
4140.1172 1.2840e-01
4141.3599 1.3873e-01
4142.6021 1.1565e-01
4143.8447 1.4694e-01
4145.0879 1.3480e-01
4146.3315 1.4974e-01
4147.5752 1.4867e-01
4148.8198 1.1605e-01
4150.0640 1.4479e-01
4151.3091 1.3783e-01
4152.5547 1.3995e-01
4153.8003 9.1402e-02
4155.0464 1.0936e-01
4156.2930 1.4103e-01
4157.5400 1.3881e-01
4158.7871 1.1964e-01
4160.0352 8.9937e-02
4161.2827 1.1757e-01
4162.5312 1.0707e-01
4163.7803 1.1487e-01
4165.0293 1.1717e-01
4166.2783 1.1881e-01
4167.5288 1.1396e-01
4168.7788 1.1865e-01
4170.0298 1.1571e-01
4171.2803 1.0073e-01
4172.5317 1.0823e-01
4173.7837 1.1025e-01
4175.0356 1.3764e-01
4176.2886 1.0319e-01
4177.5410 1.2798e-01
4178.7944 1.1052e-01
4180.0479 1.1951e-01
4181.3022 1.0098e-01
4182.5566 1.1192e-01
4183.8115 1.0412e-01
4185.0664 1.0785e-01
4186.3223 1.0893e-01
4187.5776 1.2004e-01
4188.8340 1.1669e-01
4190.0903 1.1198e-01
4191.3477 1.1691e-01
4192.6050 1.0661e-01
4193.8628 9.4819e-02
4195.1206 1.0134e-01
4196.3794 1.0154e-01
4197.6387 1.1371e-01
4198.8975 9.3947e-02
4200.1577 8.7498e-02
4201.4175 9.9183e-02
4202.6782 1.1369e-01
4203.9390 1.0590e-01
4205.2002 7.4532e-02
4206.4614 1.1751e-01
4207.7231 8.1372e-02
4208.9858 1.0557e-01
4210.2485 7.3159e-02
4211.5112 1.3747e-01
4212.7749 1.0184e-01
4214.0391 8.3924e-02
4215.3032 1.1219e-01
4216.5679 1.1928e-01
4217.8330 1.1156e-01
4219.0981 9.8384e-02
4220.3638 1.1725e-01
4221.6299 9.5676e-02
4222.8965 1.0051e-01
4224.1636 1.3252e-01
4225.4302 9.9189e-02
4226.6978 9.4809e-02
4227.9658 1.1094e-01
4229.2349 8.4370e-02
4230.5034 9.0101e-02
4231.7725 8.9696e-02
4233.0415 1.3063e-01
4234.3115 1.1137e-01
4235.5825 1.1220e-01
4236.8525 1.1670e-01
4238.1235 1.0403e-01
4239.3955 1.0899e-01
4240.6670 9.3925e-02
4241.9390 1.2841e-01
4243.2119 8.2955e-02
4244.4844 7.9226e-02
4245.7583 1.1822e-01
4247.0317 1.1722e-01
4248.3062 9.2877e-02
4249.5806 1.0850e-01
4250.8555 1.1627e-01
4252.1309 8.2865e-02
4253.4062 9.3098e-02
4254.6821 9.6459e-02
4255.9590 6.7634e-02
4257.2358 8.2693e-02
4258.5127 1.1559e-01
4259.7900 1.1149e-01
4261.0679 8.8829e-02
4262.3462 8.1141e-02
4263.6250 8.2188e-02
4264.9043 1.0373e-01
4266.1841 1.0712e-01
4267.4639 1.0161e-01
4268.7432 9.8669e-02
4270.0244 1.5371e-01
4271.3052 1.1235e-01
4272.5869 9.9274e-02
4273.8682 8.3970e-02
4275.1509 8.0451e-02
4276.4336 1.0330e-01
4277.7163 8.9319e-02
4278.9995 1.0133e-01
4280.2837 1.0003e-01
4281.5674 8.0791e-02
4282.8521 1.0345e-01
4284.1367 1.0125e-01
4285.4219 8.2091e-02
4286.7075 9.2311e-02
4287.9937 8.6531e-02
4289.2798 9.8609e-02
4290.5669 7.3845e-02
4291.8540 7.8660e-02
4293.1416 8.8001e-02
4294.4292 9.2649e-02
4295.7183 7.5331e-02
4297.0063 7.9607e-02
4298.2954 9.1203e-02
4299.5854 8.6407e-02
4300.8750 9.1907e-02
4302.1650 9.9211e-02
4303.4561 8.6118e-02
4304.7471 9.7011e-02
4306.0381 9.9737e-02
4307.3301 8.9442e-02
4308.6221 9.8660e-02
4309.9150 8.8581e-02
4311.2075 1.1479e-01
4312.5015 9.6066e-02
4313.7949 8.6772e-02
4315.0889 1.0066e-01
4316.3838 8.7610e-02
4317.6787 8.0333e-02
4318.9741 9.7537e-02
4320.2700 1.0782e-01
4321.5654 8.2651e-02
4322.8623 1.2833e-01
4324.1592 7.5180e-02
4325.4565 9.7140e-02
4326.7539 8.3131e-02
4328.0518 7.1967e-02
4329.3501 9.7508e-02
4330.6494 8.9726e-02
4331.9482 7.7802e-02
4333.2480 7.9507e-02
4334.5479 9.4815e-02
4335.8477 9.3292e-02
4337.1489 8.7193e-02
4338.4502 9.3566e-02
4339.7515 7.9279e-02
4341.0537 7.9514e-02
4342.3560 1.0032e-01
4343.6582 8.5614e-02
4344.9614 8.8874e-02
4346.2646 1.2754e-01
4347.5693 8.6730e-02
4348.8735 8.1733e-02
4350.1782 8.4698e-02
4351.4829 8.7725e-02
4352.7886 9.2958e-02
4354.0938 6.9546e-02
4355.4009 8.4460e-02
4356.7070 8.3184e-02
4358.0137 8.5416e-02
4359.3218 8.9403e-02
4360.6294 7.1665e-02
4361.9375 9.2075e-02
4363.2461 9.3053e-02
4364.5552 1.0712e-01
4365.8643 8.0905e-02
4367.1743 8.3558e-02
4368.4844 9.2446e-02
4369.7954 8.1611e-02
4371.1060 1.1334e-01
4372.4170 7.9456e-02
4373.7285 8.8741e-02
4375.0415 9.1138e-02
4376.3540 8.5153e-02
4377.6665 8.7848e-02
4378.9800 8.1911e-02
4380.2935 8.3783e-02
4381.6074 6.6473e-02
4382.9219 1.0784e-01
4384.2363 9.0050e-02
4385.5522 8.8472e-02
4386.8677 1.1043e-01
4388.1841 8.9240e-02
4389.5010 6.5823e-02
4390.8169 9.6155e-02
4392.1343 8.2148e-02
4393.4521 8.3711e-02
4394.7700 6.9302e-02
4396.0884 9.2112e-02
4397.4077 1.1067e-01
4398.7266 1.0284e-01
4400.0464 8.1983e-02
4401.3667 8.6325e-02
4402.6870 9.1143e-02
4404.0073 8.1563e-02
4405.3291 8.9084e-02
4406.6504 8.7142e-02
4407.9722 7.5970e-02
4409.2944 9.0266e-02
4410.6172 7.3244e-02
4411.9404 9.8079e-02
4413.2642 9.0989e-02
4414.5879 9.8133e-02
4415.9126 9.8226e-02
4417.2373 8.9245e-02
4418.5625 1.0641e-01
4419.8882 6.8040e-02
4421.2139 8.2829e-02
4422.5405 7.5969e-02
4423.8672 7.3172e-02
4425.1938 7.7764e-02
4426.5220 7.5554e-02
4427.8496 9.6417e-02
4429.1787 1.0500e-01
4430.5063 7.4837e-02
4431.8364 7.6924e-02
4433.1655 7.7755e-02
4434.4956 9.5105e-02
4435.8262 9.1711e-02
4437.1567 9.6129e-02
4438.4878 7.3628e-02
4439.8193 8.7750e-02
4441.1514 8.0630e-02
4442.4834 8.3642e-02
4443.8164 7.0780e-02
4445.1494 8.8827e-02
4446.4829 8.5977e-02
4447.8169 1.0929e-01
4449.1514 9.1089e-02
4450.4863 1.0977e-01
4451.8213 1.1836e-01
4453.1567 7.5345e-02
4454.4927 1.1016e-01
4455.8291 9.7371e-02
4457.1660 7.3556e-02
4458.5029 8.5189e-02
4459.8403 7.7748e-02
4461.1787 9.5791e-02
4462.5171 1.0959e-01
4463.8555 8.0798e-02
4465.1948 8.5204e-02
4466.5347 1.0062e-01
4467.8740 8.4251e-02
4469.2144 1.0389e-01
4470.5552 7.2861e-02
4471.8970 9.2506e-02
4473.2383 8.6159e-02
4474.5806 8.9054e-02
4475.9229 6.4739e-02
4477.2651 1.0562e-01
4478.6084 1.0844e-01
4479.9521 1.1088e-01
4481.2959 1.0721e-01
4482.6406 1.0923e-01
4483.9854 1.1615e-01
4485.3306 1.0469e-01
4486.6763 1.1526e-01
4488.0220 1.4167e-01
4489.3682 1.1346e-01
4490.7153 1.2562e-01
4492.0620 8.9625e-02
4493.4102 1.1882e-01
4494.7578 1.0981e-01
4496.1069 1.3487e-01
4497.4556 1.1101e-01
4498.8047 1.0932e-01
4500.1543 1.0821e-01
4501.5044 9.7892e-02
4502.8550 1.1063e-01
4504.2056 1.1034e-01
4505.5566 1.1808e-01
4506.9082 9.7847e-02
4508.2607 1.4166e-01
4509.6133 1.2567e-01
4510.9658 1.3886e-01
4512.3193 1.2506e-01
4513.6729 1.2934e-01
4515.0273 1.1694e-01
4516.3818 1.1110e-01
4517.7363 1.4407e-01
4519.0918 1.0858e-01
4520.4473 1.1752e-01
4521.8037 1.0297e-01
4523.1606 1.0247e-01
4524.5171 1.3544e-01
4525.8750 1.1620e-01
4527.2324 1.0966e-01
4528.5903 1.1129e-01
4529.9492 1.1445e-01
4531.3081 1.1112e-01
4532.6675 1.0765e-01
4534.0269 1.2086e-01
4535.3872 1.1060e-01
4536.7480 1.5645e-01
4538.1094 1.5417e-01
4539.4702 1.2457e-01
4540.8320 1.2768e-01
4542.1943 1.1821e-01
4543.5576 1.3108e-01
4544.9199 1.3761e-01
4546.2842 1.5086e-01
4547.6475 1.2507e-01
4549.0117 1.4693e-01
4550.3770 1.1981e-01
4551.7417 1.1833e-01
4553.1074 1.3853e-01
4554.4731 1.3936e-01
4555.8398 1.4661e-01
4557.2061 1.3387e-01
4558.5732 1.4870e-01
4559.9414 1.2911e-01
4561.3086 1.2326e-01
4562.6772 1.4449e-01
4564.0459 1.3105e-01
4565.4150 1.3061e-01
4566.7852 1.3255e-01
4568.1553 1.3047e-01
4569.5249 1.2849e-01
4570.8965 1.2904e-01
4572.2676 1.2825e-01
4573.6392 1.2751e-01
4575.0117 1.4462e-01
4576.3838 1.2598e-01
4577.7568 1.2574e-01
4579.1304 1.4671e-01
4580.5039 1.2114e-01
4581.8784 1.4082e-01
4583.2524 1.0610e-01
4584.6274 1.3443e-01
4586.0029 1.5363e-01
4587.3789 9.7149e-02
4588.7549 1.5757e-01
4590.1318 1.4642e-01
4591.5083 1.5335e-01
4592.8857 1.3033e-01
4594.2642 1.3576e-01
4595.6426 1.4434e-01
4597.0210 1.4736e-01
4598.3999 1.1921e-01
4599.7798 1.3110e-01
4601.1597 1.5585e-01
4602.5396 1.2737e-01
4603.9204 1.5654e-01
4605.3022 1.3975e-01
4606.6836 1.3086e-01
4608.0649 1.1331e-01
4609.4478 1.2293e-01
4610.8306 1.4145e-01
4612.2144 1.3738e-01
4613.5977 9.4625e-02
4614.9819 1.3167e-01
4616.3662 1.2310e-01
4617.7515 1.1880e-01
4619.1362 1.4430e-01
4620.5225 1.2004e-01
4621.9082 1.2612e-01
4623.2949 1.1055e-01
4624.6816 1.1320e-01
4626.0693 1.2525e-01
4627.4570 1.3293e-01
4628.8457 1.3101e-01
4630.2334 1.4770e-01
4631.6230 1.2313e-01
4633.0127 9.4917e-02
4634.4028 1.2763e-01
4635.7935 1.2417e-01
4637.1831 1.3351e-01
4638.5742 1.0408e-01
4639.9658 1.2072e-01
4641.3579 1.2281e-01
4642.7505 1.3628e-01
4644.1436 1.3281e-01
4645.5371 9.9307e-02
4646.9307 1.3265e-01
4648.3247 1.2564e-01
4649.7188 1.3963e-01
4651.1138 1.0740e-01
4652.5093 1.1334e-01
4653.9048 1.2600e-01
4655.3018 1.4165e-01
4656.6978 1.1458e-01
4658.0947 9.9242e-02
4659.4922 1.3877e-01
4660.8896 1.1308e-01
4662.2886 1.4131e-01
4663.6865 9.4201e-02
4665.0859 1.2378e-01
4666.4854 1.3678e-01
4667.8853 1.2925e-01
4669.2861 1.1000e-01
4670.6870 1.1657e-01
4672.0874 1.2534e-01
4673.4897 8.8395e-02
4674.8916 1.0638e-01
4676.2944 9.6360e-02
4677.6968 1.2726e-01
4679.1006 1.3334e-01
4680.5039 1.2522e-01
4681.9082 1.4054e-01
4683.3125 1.2442e-01
4684.7173 1.0782e-01
4686.1230 1.2205e-01
4687.5288 1.2780e-01
4688.9351 1.2039e-01
4690.3423 1.2642e-01
4691.7490 1.4323e-01
4693.1562 1.1669e-01
4694.5645 1.1914e-01
4695.9731 1.3723e-01
4697.3818 1.3689e-01
4698.7910 1.2255e-01
4700.2002 1.2541e-01
4701.6104 1.2021e-01
4703.0205 1.1805e-01
4704.4316 1.2485e-01
4705.8433 1.2989e-01
4707.2549 1.4805e-01
4708.6670 1.3415e-01
4710.0796 1.1671e-01
4711.4927 1.1113e-01
4712.9058 1.2469e-01
4714.3203 1.0686e-01
4715.7344 1.1664e-01
4717.1494 1.1373e-01
4718.5645 1.3050e-01
4719.9800 1.4141e-01
4721.3955 1.1257e-01
4722.8120 1.1252e-01
4724.2290 1.2714e-01
4725.6460 1.3827e-01
4727.0645 9.9421e-02
4728.4824 1.3354e-01
4729.9004 1.3758e-01
4731.3198 1.3054e-01
4732.7388 1.1026e-01
4734.1587 1.1090e-01
4735.5791 1.1685e-01
4737.0000 1.2431e-01
4738.4209 1.3533e-01
4739.8428 1.3064e-01
4741.2646 1.3873e-01
4742.6870 1.2167e-01
4744.1094 1.2258e-01
4745.5327 1.0420e-01
4746.9565 1.0271e-01
4748.3804 1.3347e-01
4749.8052 1.2260e-01
4751.2300 9.2680e-02
4752.6548 1.0459e-01
4754.0811 1.1060e-01
4755.5078 1.1745e-01
4756.9341 9.6301e-02
4758.3608 8.9726e-02
4759.7886 1.3321e-01
4761.2168 1.2258e-01
4762.6445 1.1100e-01
4764.0737 1.2415e-01
4765.5029 1.3559e-01
4766.9326 1.3138e-01
4768.3628 9.4843e-02
4769.7930 1.0990e-01
4771.2236 1.2507e-01
4772.6553 1.0854e-01
4774.0869 1.3655e-01
4775.5190 1.0395e-01
4776.9521 9.2337e-02
4778.3853 1.1498e-01
4779.8184 1.1494e-01
4781.2524 9.9498e-02
4782.6870 1.2037e-01
4784.1226 1.1482e-01
4785.5571 1.0810e-01
4786.9927 1.3404e-01
4788.4292 1.0339e-01
4789.8652 1.0814e-01
4791.3022 1.0680e-01
4792.7397 1.0049e-01
4794.1777 1.0350e-01
4795.6152 1.3823e-01
4797.0542 8.3351e-02
4798.4937 1.2338e-01
4799.9331 1.1721e-01
4801.3735 1.3377e-01
4802.8140 1.0891e-01
4804.2544 1.1977e-01
4805.6958 1.1406e-01
4807.1377 1.2152e-01
4808.5796 9.8747e-02
4810.0220 1.0781e-01
4811.4653 1.1303e-01
4812.9087 1.1545e-01
4814.3525 8.5785e-02
4815.7969 9.5137e-02
4817.2417 1.0021e-01
4818.6865 1.1481e-01
4820.1328 1.1698e-01
4821.5786 1.0847e-01
4823.0249 1.0113e-01
4824.4717 8.3606e-02
4825.9189 9.9882e-02
4827.3667 1.2849e-01
4828.8149 1.0624e-01
4830.2637 1.2069e-01
4831.7124 1.2290e-01
4833.1621 1.0484e-01
4834.6118 9.7098e-02
4836.0620 1.0171e-01
4837.5137 1.0724e-01
4838.9644 1.1040e-01
4840.4165 9.9887e-02
4841.8687 1.0135e-01
4843.3208 9.0323e-02
4844.7739 1.0987e-01
4846.2275 8.9259e-02
4847.6812 8.5933e-02
4849.1357 1.1686e-01
4850.5903 9.5464e-02
4852.0454 1.0013e-01
4853.5015 9.5940e-02
4854.9575 7.4826e-02
4856.4136 9.8040e-02
4857.8706 9.2052e-02
4859.3281 8.8793e-02
4860.7861 9.2547e-02
4862.2437 1.0102e-01
4863.7026 1.0305e-01
4865.1621 1.0402e-01
4866.6211 1.1051e-01
4868.0815 1.0310e-01
4869.5420 8.8902e-02
4871.0024 8.8803e-02
4872.4639 9.1704e-02
4873.9263 1.1382e-01
4875.3877 1.2168e-01
4876.8506 8.2604e-02
4878.3135 8.7642e-02
4879.7773 8.3443e-02
4881.2412 1.0011e-01
4882.7051 9.1688e-02
4884.1704 8.6102e-02
4885.6357 7.9643e-02
4887.1011 8.8660e-02
4888.5674 1.0419e-01
4890.0337 8.2802e-02
4891.5010 8.2972e-02
4892.9683 9.9567e-02
4894.4360 7.7301e-02
4895.9043 8.6280e-02
4897.3730 1.0211e-01
4898.8423 9.6155e-02
4900.3120 9.5570e-02
4901.7827 9.5004e-02
4903.2529 1.0271e-01
4904.7231 7.5532e-02
4906.1953 1.0246e-01
4907.6675 1.2326e-01
4909.1392 1.0276e-01
4910.6123 7.9236e-02
4912.0854 9.3337e-02
4913.5586 1.0518e-01
4915.0332 1.0408e-01
4916.5073 1.2717e-01
4917.9819 1.0467e-01
4919.4575 1.1718e-01
4920.9331 7.6481e-02
4922.4097 9.9295e-02
4923.8872 9.0051e-02
4925.3638 8.9786e-02
4926.8418 8.6098e-02
4928.3188 9.4968e-02
4929.7979 8.5113e-02
4931.2769 9.3015e-02
4932.7563 1.0478e-01
4934.2358 1.0458e-01
4935.7168 1.0245e-01
4937.1963 8.7465e-02
4938.6782 9.3504e-02
4940.1597 7.6581e-02
4941.6416 8.2582e-02
4943.1250 1.0183e-01
4944.6069 8.9501e-02
4946.0908 8.5915e-02
4947.5752 8.4280e-02
4949.0586 9.5681e-02
4950.5435 9.4644e-02
4952.0278 9.0173e-02
4953.5142 1.0328e-01
4955.0010 8.3477e-02
4956.4873 8.7489e-02
4957.9741 7.3250e-02
4959.4614 6.8089e-02
4960.9492 9.3001e-02
4962.4370 8.6284e-02
4963.9258 5.1064e-02
4965.4150 6.8353e-02
4966.9048 9.5603e-02
4968.3945 8.2197e-02
4969.8853 1.0086e-01
4971.3765 9.2107e-02
4972.8677 9.3272e-02
4974.3599 7.2439e-02
4975.8521 8.4315e-02
4977.3447 1.0996e-01
4978.8379 9.0157e-02
4980.3315 8.4448e-02
4981.8257 9.0466e-02
4983.3203 9.0499e-02
4984.8159 8.1030e-02
4986.3105 6.8634e-02
4987.8066 8.3698e-02
4989.3027 7.7530e-02
4990.7998 8.8477e-02
4992.2974 8.9737e-02
4993.7939 6.9470e-02
4995.2930 8.6991e-02
4996.7915 8.4208e-02
4998.2905 8.5437e-02
4999.7896 7.9140e-02
5001.2896 1.0021e-01
5002.7900 6.7266e-02
5004.2915 8.3239e-02
5005.7925 7.6799e-02
5007.2944 8.8389e-02
5008.7964 8.4563e-02
5010.2993 7.0599e-02
5011.8022 7.7416e-02
5013.3057 6.9564e-02
5014.8101 7.4390e-02
5016.3145 7.7173e-02
5017.8184 7.4112e-02
5019.3247 9.1473e-02
5020.8301 9.3347e-02
5022.3359 8.3086e-02
5023.8428 9.9561e-02
5025.3496 7.9113e-02
5026.8579 8.6708e-02
5028.3657 9.4367e-02
5029.8740 9.7117e-02
5031.3828 9.0504e-02
5032.8926 8.4994e-02
5034.4023 9.9777e-02
5035.9131 7.4179e-02
5037.4233 8.0155e-02
5038.9346 9.2064e-02
5040.4463 8.9085e-02
5041.9585 7.0136e-02
5043.4712 6.8792e-02
5044.9839 7.5779e-02
5046.4980 1.0814e-01
5048.0112 8.2274e-02
5049.5259 7.0301e-02
5051.0415 9.4396e-02
5052.5562 8.3618e-02
5054.0723 7.2802e-02
5055.5884 8.6213e-02
5057.1045 7.8540e-02
5058.6221 7.6802e-02
5060.1401 6.7694e-02
5061.6577 7.7630e-02
5063.1763 7.7080e-02
5064.6953 7.1981e-02
5066.2144 6.9655e-02
5067.7339 6.1158e-02
5069.2549 8.1976e-02
5070.7759 7.3628e-02
5072.2969 7.7247e-02
5073.8188 7.3128e-02
5075.3403 7.5866e-02
5076.8628 7.6045e-02
5078.3867 8.2817e-02
5079.9097 7.7481e-02
5081.4336 6.8928e-02
5082.9580 8.6004e-02
5084.4829 6.4407e-02
5086.0083 6.6204e-02
5087.5342 6.6994e-02
5089.0605 8.0099e-02
5090.5874 8.2499e-02
5092.1143 5.9416e-02
5093.6421 8.5784e-02
5095.1699 8.1624e-02
5096.6987 7.8010e-02
5098.2275 7.4898e-02
5099.7573 6.2800e-02
5101.2871 8.5913e-02
5102.8179 8.8472e-02
5104.3481 8.9592e-02
5105.8799 7.8388e-02
5107.4111 7.9205e-02
5108.9438 5.8208e-02
5110.4761 7.4551e-02
5112.0093 8.5199e-02
5113.5435 9.7090e-02
5115.0771 7.5178e-02
5116.6118 7.7792e-02
5118.1470 6.9546e-02
5119.6816 8.3132e-02
5121.2183 8.3720e-02
5122.7544 6.6441e-02
5124.2910 7.0308e-02
5125.8286 9.8289e-02
5127.3667 7.7359e-02
5128.9043 7.0469e-02
5130.4429 6.9836e-02
5131.9824 7.3120e-02
5133.5220 8.8267e-02
5135.0615 6.7680e-02
5136.6021 7.2360e-02
5138.1436 9.6523e-02
5139.6846 8.1229e-02
5141.2266 7.3661e-02
5142.7690 8.1597e-02
5144.3125 9.7371e-02
5145.8550 7.9970e-02
5147.3989 9.1849e-02
5148.9429 8.6434e-02
5150.4883 7.6634e-02
5152.0332 6.5309e-02
5153.5781 6.9298e-02
5155.1245 8.6125e-02
5156.6714 6.0325e-02
5158.2178 7.1440e-02
5159.7656 8.1647e-02
5161.3130 5.9588e-02
5162.8618 7.0685e-02
5164.4106 7.0156e-02
5165.9604 7.0730e-02
5167.5098 8.7847e-02
5169.0605 6.6424e-02
5170.6108 8.1110e-02
5172.1621 1.0879e-01
5173.7139 8.3766e-02
5175.2656 7.1708e-02
5176.8188 8.8715e-02
5178.3711 8.6426e-02
5179.9253 8.7294e-02
5181.4790 8.3244e-02
5183.0337 6.8569e-02
5184.5884 9.6952e-02
5186.1436 8.1700e-02
5187.6992 6.9535e-02
5189.2559 7.7638e-02
5190.8130 7.5881e-02
5192.3696 7.3646e-02
5193.9277 6.9391e-02
5195.4858 7.8648e-02
5197.0439 9.3024e-02
5198.6035 7.7512e-02
5200.1636 9.0096e-02
5201.7231 8.4820e-02
5203.2837 9.5708e-02
5204.8447 9.9796e-02
5206.4058 9.9115e-02
5207.9683 5.7745e-02
5209.5303 9.2685e-02
5211.0933 7.5554e-02
5212.6567 7.0562e-02
5214.2202 7.4671e-02
5215.7847 8.9564e-02
5217.3496 7.0490e-02
5218.9150 8.6728e-02
5220.4800 8.9084e-02
5222.0464 7.6568e-02
5223.6128 8.5063e-02
5225.1802 8.5831e-02
5226.7480 8.2803e-02
5228.3154 8.5378e-02
5229.8843 8.3085e-02
5231.4526 8.5288e-02
5233.0225 7.6537e-02
5234.5928 8.3982e-02
5236.1626 1.0839e-01
5237.7339 8.0020e-02
5239.3052 7.5359e-02
5240.8770 7.7022e-02
5242.4492 8.8168e-02
5244.0220 7.4620e-02
5245.5947 8.7049e-02
5247.1689 8.3496e-02
5248.7422 8.2582e-02
5250.3174 1.0794e-01
5251.8921 7.3366e-02
5253.4678 8.2598e-02
5255.0439 9.5576e-02
5256.6211 7.9434e-02
5258.1978 8.7145e-02
5259.7749 8.3596e-02
5261.3530 9.2991e-02
5262.9312 1.0661e-01
5264.5098 8.2755e-02
5266.0898 7.4569e-02
5267.6694 1.0418e-01
5269.2495 7.4117e-02
5270.8311 1.0841e-01
5272.4116 1.0026e-01
5273.9941 9.1176e-02
5275.5757 8.7385e-02
5277.1587 9.2020e-02
5278.7422 9.9815e-02
5280.3252 8.8602e-02
5281.9092 8.8627e-02
5283.4937 9.6041e-02
5285.0786 1.0983e-01
5286.6641 9.7741e-02
5288.2500 7.8287e-02
5289.8369 9.2343e-02
5291.4238 7.3334e-02
5293.0117 7.9575e-02
5294.5996 8.4879e-02
5296.1870 7.0616e-02
5297.7764 8.9682e-02
5299.3662 7.3905e-02
5300.9561 8.3548e-02
5302.5459 8.7670e-02
5304.1367 8.2260e-02
5305.7280 9.7981e-02
5307.3188 1.0361e-01
5308.9116 1.0869e-01
5310.5044 9.2910e-02
5312.0977 8.7409e-02
5313.6919 9.5867e-02
5315.2856 9.6604e-02
5316.8799 1.1665e-01
5318.4751 9.9845e-02
5320.0708 7.5118e-02
5321.6665 8.5715e-02
5323.2632 8.0222e-02
5324.8604 8.2660e-02
5326.4575 6.2178e-02
5328.0557 9.8532e-02
5329.6533 9.5301e-02
5331.2534 8.7578e-02
5332.8516 8.6290e-02
5334.4517 9.0917e-02
5336.0522 7.5114e-02
5337.6533 9.6722e-02
5339.2544 8.1966e-02
5340.8560 9.7480e-02
5342.4585 7.8353e-02
5344.0605 7.6944e-02
5345.6646 7.7449e-02
5347.2681 8.7250e-02
5348.8726 8.4927e-02
5350.4771 7.4203e-02
5352.0825 6.0937e-02
5353.6875 6.8506e-02
5355.2944 7.2092e-02
5356.9009 8.9674e-02
5358.5073 6.8616e-02
5360.1152 8.4861e-02
5361.7236 8.6497e-02
5363.3315 7.5896e-02
5364.9404 1.0066e-01
5366.5503 8.1510e-02
5368.1602 6.0487e-02
5369.7705 6.7388e-02
5371.3813 8.2636e-02
5372.9932 6.4088e-02
5374.6050 5.5537e-02
5376.2173 9.4087e-02
5377.8301 6.4815e-02
5379.4434 8.7278e-02
5381.0576 6.3511e-02
5382.6714 7.6960e-02
5384.2861 6.8684e-02
5385.9014 8.1745e-02
5387.5171 7.7564e-02
5389.1343 8.0448e-02
5390.7505 6.1802e-02
5392.3677 9.2596e-02
5393.9858 6.3280e-02
5395.6035 6.8599e-02
5397.2222 6.2564e-02
5398.8413 7.0880e-02
5400.4609 5.7808e-02
5402.0811 7.9930e-02
5403.7017 6.6472e-02
5405.3228 7.9547e-02
5406.9448 8.0317e-02
5408.5659 7.2177e-02
5410.1890 8.4815e-02
5411.8115 7.9214e-02
5413.4360 6.5384e-02
5415.0596 8.9743e-02
5416.6841 5.9034e-02
5418.3096 6.4631e-02
5419.9351 7.5717e-02
5421.5605 7.1619e-02
5423.1875 8.5732e-02
5424.8145 7.4056e-02
5426.4414 7.2422e-02
5428.0693 6.1581e-02
5429.6982 7.2357e-02
5431.3271 6.2680e-02
5432.9565 8.4820e-02
5434.5859 9.2405e-02
5436.2163 7.0178e-02
5437.8472 6.4243e-02
5439.4785 7.5583e-02
5441.1104 7.2592e-02
5442.7427 8.9184e-02
5444.3760 7.1725e-02
5446.0098 7.7010e-02
5447.6431 6.6719e-02
5449.2778 7.8309e-02
5450.9121 7.7173e-02
5452.5474 7.6528e-02
5454.1826 5.8471e-02
5455.8193 7.8782e-02
5457.4565 6.7053e-02
5459.0933 7.3157e-02
5460.7310 8.3317e-02
5462.3696 6.9585e-02
5464.0073 7.1853e-02
5465.6475 6.7745e-02
5467.2871 8.2562e-02
5468.9272 7.9241e-02
5470.5674 8.1174e-02
5472.2090 9.0764e-02
5473.8506 7.2007e-02
5475.4927 9.6965e-02
5477.1353 8.7289e-02
5478.7783 7.2036e-02
5480.4224 8.2581e-02
5482.0659 7.3842e-02
5483.7104 8.1124e-02
5485.3560 6.8492e-02
5487.0010 8.6458e-02
5488.6475 1.0282e-01
5490.2944 7.5035e-02
5491.9414 7.4981e-02
5493.5889 7.3979e-02
5495.2368 8.7739e-02
5496.8857 8.1010e-02
5498.5342 6.3087e-02
5500.1841 8.1777e-02
5501.8340 7.2069e-02
5503.4849 6.3793e-02
5505.1357 5.9581e-02
5506.7871 6.5512e-02
5508.4395 8.5021e-02
5510.0923 7.6457e-02
5511.7451 7.7674e-02
5513.3984 7.6149e-02
5515.0522 7.0167e-02
5516.7070 7.3777e-02
5518.3623 8.9953e-02
5520.0176 7.7634e-02
5521.6733 7.1765e-02
5523.3301 6.7492e-02
5524.9868 7.7310e-02
5526.6450 6.5951e-02
5528.3027 8.0501e-02
5529.9609 7.3849e-02
5531.6201 7.7855e-02
5533.2793 7.3802e-02
5534.9395 8.0671e-02
5536.5996 6.2541e-02
5538.2607 7.2498e-02
5539.9229 7.5103e-02
5541.5840 6.7591e-02
5543.2466 7.3154e-02
5544.9102 8.7005e-02
5546.5728 5.7622e-02
5548.2373 5.8203e-02
5549.9019 4.5933e-02
5551.5664 6.9871e-02
5553.2324 6.5709e-02
5554.8984 7.3489e-02
5556.5645 6.7569e-02
5558.2310 5.3971e-02
5559.8989 6.6820e-02
5561.5669 7.3969e-02
5563.2354 6.7361e-02
5564.9043 5.5959e-02
5566.5732 6.7114e-02
5568.2437 8.1172e-02
5569.9150 6.6809e-02
5571.5854 6.6283e-02
5573.2568 6.7027e-02
5574.9287 7.4330e-02
5576.6011 5.5418e-02
5578.2739 5.5431e-02
5579.9482 4.9352e-02
5581.6216 9.4469e-02
5583.2959 6.0991e-02
5584.9717 6.3211e-02
5586.6470 6.3947e-02
5588.3223 5.8028e-02
5589.9990 5.7282e-02
5591.6763 8.3305e-02
5593.3535 5.8679e-02
5595.0317 6.1163e-02
5596.7104 7.4074e-02
5598.3892 6.1751e-02
5600.0688 7.6472e-02
5601.7490 6.5543e-02
5603.4292 6.6862e-02
5605.1104 5.3567e-02
5606.7915 7.5732e-02
5608.4741 6.6139e-02
5610.1562 6.1504e-02
5611.8394 6.8457e-02
5613.5234 6.1129e-02
5615.2075 6.0327e-02
5616.8916 5.5600e-02
5618.5767 6.5421e-02
5620.2627 5.4089e-02
5621.9482 7.6114e-02
5623.6348 6.6440e-02
5625.3218 5.9996e-02
5627.0098 7.1878e-02
5628.6982 6.8445e-02
5630.3867 6.4761e-02
5632.0757 7.9761e-02
5633.7651 6.1066e-02
5635.4551 6.6986e-02
5637.1460 6.4550e-02
5638.8369 6.4015e-02
5640.5283 6.1385e-02
5642.2207 6.9533e-02
5643.9141 6.5509e-02
5645.6069 7.4160e-02
5647.3003 7.5398e-02
5648.9946 7.4414e-02
5650.6895 6.5260e-02
5652.3848 7.4728e-02
5654.0801 6.0804e-02
5655.7759 6.1119e-02
5657.4736 8.2789e-02
5659.1709 7.2939e-02
5660.8682 9.1748e-02
5662.5664 4.6667e-02
5664.2651 6.8697e-02
5665.9644 6.5529e-02
5667.6641 7.5085e-02
5669.3647 9.2638e-02
5671.0649 6.7628e-02
5672.7666 6.1919e-02
5674.4688 6.7702e-02
5676.1709 7.5041e-02
5677.8740 6.1521e-02
5679.5771 5.8262e-02
5681.2812 8.6293e-02
5682.9858 5.9379e-02
5684.6899 6.5398e-02
5686.3950 6.5431e-02
5688.1021 8.4473e-02
5689.8076 7.4377e-02
5691.5146 5.1611e-02
5693.2222 7.1891e-02
5694.9302 7.1726e-02
5696.6382 6.8110e-02
5698.3477 6.8056e-02
5700.0571 6.7844e-02
5701.7671 6.6561e-02
5703.4775 6.9677e-02
5705.1885 8.1337e-02
5706.9004 7.3143e-02
5708.6123 8.2964e-02
5710.3252 7.1496e-02
5712.0381 6.6347e-02
5713.7524 7.1919e-02
5715.4663 5.0335e-02
5717.1812 8.2491e-02
5718.8955 5.4463e-02
5720.6118 5.6721e-02
5722.3271 7.6271e-02
5724.0444 4.6379e-02
5725.7617 7.9130e-02
5727.4795 4.8194e-02
5729.1973 6.6860e-02
5730.9165 6.6908e-02
5732.6353 4.3300e-02
5734.3550 7.0231e-02
5736.0757 5.5743e-02
5737.7969 6.6949e-02
5739.5176 6.8863e-02
5741.2397 6.6928e-02
5742.9624 6.8977e-02
5744.6851 7.4464e-02
5746.4082 7.4142e-02
5748.1323 7.3011e-02
5749.8569 7.3969e-02
5751.5815 6.4828e-02
5753.3076 5.6854e-02
5755.0332 6.9714e-02
5756.7593 6.3980e-02
5758.4863 5.1843e-02
5760.2144 5.5210e-02
5761.9424 6.4206e-02
5763.6709 7.5859e-02
5765.3999 6.1372e-02
5767.1294 7.0045e-02
5768.8594 6.7273e-02
5770.5908 5.8290e-02
5772.3213 7.5982e-02
5774.0527 5.5874e-02
5775.7856 6.6653e-02
5777.5181 6.9609e-02
5779.2515 6.7412e-02
5780.9844 5.3034e-02
5782.7192 6.6552e-02
5784.4546 6.7366e-02
5786.1899 4.8177e-02
5787.9253 5.4220e-02
5789.6626 6.6426e-02
5791.3984 6.2091e-02
5793.1362 6.7922e-02
5794.8745 6.0510e-02
5796.6123 7.3163e-02
5798.3516 6.8467e-02
5800.0913 5.4367e-02
5801.8306 6.4697e-02
5803.5713 5.2226e-02
5805.3125 5.1305e-02
5807.0537 4.6619e-02
5808.7964 6.2216e-02
5810.5391 5.4464e-02
5812.2822 7.5457e-02
5814.0259 6.3714e-02
5815.7700 6.7863e-02
5817.5151 6.1688e-02
5819.2598 7.5715e-02
5821.0059 7.3754e-02
5822.7524 7.6314e-02
5824.4990 5.2855e-02
5826.2461 5.7030e-02
5827.9937 7.7276e-02
5829.7427 6.5247e-02
5831.4912 7.6676e-02
5833.2407 5.4588e-02
5834.9912 5.1297e-02
5836.7417 5.3774e-02
5838.4922 5.9699e-02
5840.2446 4.7790e-02
5841.9961 5.5465e-02
5843.7490 6.7807e-02
5845.5020 6.3441e-02
5847.2559 4.9795e-02
5849.0103 4.3253e-02
5850.7642 5.9894e-02
5852.5195 6.0626e-02
5854.2754 6.5984e-02
5856.0317 6.4373e-02
5857.7881 6.3328e-02
5859.5454 6.5949e-02
5861.3032 6.4063e-02
5863.0625 6.1630e-02
5864.8208 6.1469e-02
5866.5806 5.0808e-02
5868.3403 6.3235e-02
5870.1006 6.6543e-02
5871.8618 6.9182e-02
5873.6230 6.8984e-02
5875.3857 6.1431e-02
5877.1479 4.6148e-02
5878.9111 5.1705e-02
5880.6748 4.9075e-02
5882.4390 4.9465e-02
5884.2036 5.3721e-02
5885.9692 6.2145e-02
5887.7349 5.6767e-02
5889.5010 4.7134e-02
5891.2676 4.3077e-02
5893.0356 5.6065e-02
5894.8032 5.9699e-02
5896.5718 5.1338e-02
5898.3408 5.5249e-02
5900.1108 4.6936e-02
5901.8804 4.7897e-02
5903.6509 6.1746e-02
5905.4219 6.8681e-02
5907.1938 6.2240e-02
5908.9663 5.0376e-02
5910.7383 4.8096e-02
5912.5112 5.8991e-02
5914.2856 5.6422e-02
5916.0601 6.0836e-02
5917.8345 6.0187e-02
5919.6099 5.1873e-02
5921.3857 5.1817e-02
5923.1621 5.9293e-02
5924.9395 4.6117e-02
5926.7163 7.4385e-02
5928.4946 7.7080e-02
5930.2729 6.7184e-02
5932.0522 4.2368e-02
5933.8315 3.7795e-02
5935.6123 5.2132e-02
5937.3926 6.0306e-02
5939.1738 6.3186e-02
5940.9556 6.0230e-02
5942.7383 6.3202e-02
5944.5210 6.1174e-02
5946.3042 4.3295e-02
5948.0879 5.4346e-02
5949.8726 5.3278e-02
5951.6572 6.7780e-02
5953.4434 4.8678e-02
5955.2290 6.1694e-02
5957.0151 4.8498e-02
5958.8022 5.2745e-02
5960.5903 5.2307e-02
5962.3789 7.8301e-02
5964.1670 6.4639e-02
5965.9561 4.8391e-02
5967.7466 4.5385e-02
5969.5366 5.6298e-02
5971.3276 5.6366e-02
5973.1187 4.7295e-02
5974.9106 4.5985e-02
5976.7031 6.5982e-02
5978.4961 5.8500e-02
5980.2900 3.8553e-02
5982.0845 5.7404e-02
5983.8789 5.4072e-02
5985.6729 4.0658e-02
5987.4692 5.9471e-02
5989.2651 6.1286e-02
5991.0620 6.2593e-02
5992.8589 4.9327e-02
5994.6572 6.5705e-02
5996.4556 6.6500e-02
5998.2549 6.3850e-02
6000.0547 5.5891e-02
6001.8545 5.4997e-02
6003.6548 7.3668e-02
6005.4561 4.7078e-02
6007.2578 6.2937e-02
6009.0596 5.3328e-02
6010.8623 5.0949e-02
6012.6660 5.6726e-02
6014.4697 6.8839e-02
6016.2739 4.1922e-02
6018.0786 5.0534e-02
6019.8843 5.0858e-02
6021.6909 4.7024e-02
6023.4966 6.0764e-02
6025.3037 5.1630e-02
6027.1108 7.2917e-02
6028.9199 6.1002e-02
6030.7285 7.1193e-02
6032.5366 5.8128e-02
6034.3472 5.1257e-02
6036.1577 5.5257e-02
6037.9683 6.3874e-02
6039.7793 7.2374e-02
6041.5918 5.0060e-02
6043.4038 6.0250e-02
6045.2173 5.2586e-02
6047.0312 5.7948e-02
6048.8447 5.4577e-02
6050.6592 5.5197e-02
6052.4751 4.9755e-02
6054.2905 4.6726e-02
6056.1069 5.1937e-02
6057.9233 3.9725e-02
6059.7407 5.4528e-02
6061.5586 6.9264e-02
6063.3770 5.6668e-02
6065.1968 4.4859e-02
6067.0161 4.8737e-02
6068.8359 4.7681e-02
6070.6567 6.8131e-02
6072.4785 4.0125e-02
6074.2998 7.5197e-02
6076.1221 6.4225e-02
6077.9448 5.6853e-02
6079.7681 6.2507e-02
6081.5918 5.6672e-02
6083.4160 4.6265e-02
6085.2417 5.4138e-02
6087.0664 5.6124e-02
6088.8936 5.6520e-02
6090.7197 5.9363e-02
6092.5469 6.5762e-02
6094.3745 4.6887e-02
6096.2031 5.5644e-02
6098.0327 4.9780e-02
6099.8613 5.4447e-02
6101.6914 5.9374e-02
6103.5220 4.5840e-02
6105.3530 5.7758e-02
6107.1846 3.8760e-02
6109.0171 4.9631e-02
6110.8496 6.3233e-02
6112.6831 5.8956e-02
6114.5166 7.3600e-02
6116.3511 4.3372e-02
6118.1855 5.3592e-02
6120.0210 5.3452e-02
6121.8574 6.8528e-02
6123.6938 6.8426e-02
6125.5308 4.2340e-02
6127.3687 5.7063e-02
6129.2065 5.5203e-02
6131.0454 4.5195e-02
6132.8843 4.8484e-02
6134.7246 6.7279e-02
6136.5649 4.9838e-02
6138.4062 4.3070e-02
6140.2476 5.0288e-02
6142.0894 5.4055e-02
6143.9316 5.1410e-02
6145.7759 4.7839e-02
6147.6191 5.3248e-02
6149.4634 4.8668e-02
6151.3081 5.3801e-02
6153.1538 6.2944e-02
6155.0000 5.3890e-02
6156.8462 5.3553e-02
6158.6934 4.3796e-02
6160.5410 4.5985e-02
6162.3892 3.8110e-02
6164.2373 3.1975e-02
6166.0869 4.5807e-02
6167.9370 5.2338e-02
6169.7871 4.2808e-02
6171.6387 5.8686e-02
6173.4897 5.6835e-02
6175.3413 4.5323e-02
6177.1938 3.3052e-02
6179.0474 4.9674e-02
6180.9009 4.8218e-02
6182.7549 4.5098e-02
6184.6104 5.4334e-02
6186.4653 3.3252e-02
6188.3213 5.0132e-02
6190.1782 4.4406e-02
6192.0356 4.1134e-02
6193.8931 4.2243e-02
6195.7505 4.5542e-02
6197.6099 4.1626e-02
6199.4688 3.2553e-02
6201.3281 5.2656e-02
6203.1895 6.3813e-02
6205.0498 5.6478e-02
6206.9121 3.6438e-02
6208.7739 5.3607e-02
6210.6367 6.5499e-02
6212.4995 2.9628e-02
6214.3633 5.1116e-02
6216.2275 3.7130e-02
6218.0923 4.8262e-02
6219.9575 4.3262e-02
6221.8237 4.1748e-02
6223.6904 4.9361e-02
6225.5576 5.1785e-02
6227.4258 3.5103e-02
6229.2935 4.2069e-02
6231.1621 3.5733e-02
6233.0317 2.8183e-02
6234.9019 4.3673e-02
6236.7720 4.4123e-02
6238.6431 3.4748e-02
6240.5146 4.0537e-02
6242.3867 4.6103e-02
6244.2598 4.5201e-02
6246.1323 4.8304e-02
6248.0063 5.1234e-02
6249.8813 5.7526e-02
6251.7559 3.7967e-02
6253.6313 4.6980e-02
6255.5073 5.0453e-02
6257.3843 4.9149e-02
6259.2617 3.8532e-02
6261.1392 3.6071e-02
6263.0176 4.3940e-02
6264.8970 3.0465e-02
6266.7759 4.0147e-02
6268.6562 2.6698e-02
6270.5361 3.9349e-02
6272.4180 4.0388e-02
6274.2993 3.8570e-02
6276.1816 4.2071e-02
6278.0645 2.8471e-02
6279.9478 4.0488e-02
6281.8320 3.8250e-02
6283.7168 2.8206e-02
6285.6021 4.3838e-02
6287.4868 4.3270e-02
6289.3740 3.7258e-02
6291.2603 4.0320e-02
6293.1475 3.7391e-02
6295.0352 3.8043e-02
6296.9238 3.2639e-02
6298.8130 5.5533e-02
6300.7026 3.8872e-02
6302.5933 4.2258e-02
6304.4839 4.3976e-02
6306.3755 3.9047e-02
6308.2676 3.5020e-02
6310.1597 5.2914e-02
6312.0527 2.8490e-02
6313.9468 3.8191e-02
6315.8398 4.1245e-02
6317.7349 4.0118e-02
6319.6304 4.8892e-02
6321.5269 3.7232e-02
6323.4233 3.3491e-02
6325.3198 4.2026e-02
6327.2178 5.5152e-02
6329.1157 3.1143e-02
6331.0146 4.2950e-02
6332.9131 3.7734e-02
6334.8140 4.0420e-02
6336.7139 4.4693e-02
6338.6147 3.6217e-02
6340.5166 3.7131e-02
6342.4189 4.6332e-02
6344.3213 3.9155e-02
6346.2246 5.3964e-02
6348.1284 4.7473e-02
6350.0332 3.9949e-02
6351.9380 5.8719e-02
6353.8442 2.8369e-02
6355.7500 3.8039e-02
6357.6572 4.4579e-02
6359.5645 5.5004e-02
6361.4717 4.0090e-02
6363.3804 3.9133e-02
6365.2891 4.2265e-02
6367.1987 4.9308e-02
6369.1089 4.3365e-02
6371.0200 3.6003e-02
6372.9312 3.6970e-02
6374.8428 3.2222e-02
6376.7549 3.8634e-02
6378.6685 3.2762e-02
6380.5820 2.6138e-02
6382.4966 4.0538e-02
6384.4111 3.6264e-02
6386.3257 5.9656e-02
6388.2422 4.1758e-02
6390.1587 4.4784e-02
6392.0752 5.9183e-02
6393.9932 4.0736e-02
6395.9116 3.7531e-02
6397.8301 4.4391e-02
6399.7490 3.0949e-02
6401.6694 3.9475e-02
6403.5898 3.8764e-02
6405.5112 4.5985e-02
6407.4331 3.8268e-02
6409.3545 3.8236e-02
6411.2778 5.6246e-02
6413.2012 3.8979e-02
6415.1250 5.3024e-02
6417.0493 3.9152e-02
6418.9741 3.5685e-02
6420.9004 4.0977e-02
6422.8262 4.2118e-02
6424.7534 4.1730e-02
6426.6812 4.3376e-02
6428.6094 4.3427e-02
6430.5381 4.4515e-02
6432.4668 5.2233e-02
6434.3960 4.0333e-02
6436.3267 4.7008e-02
6438.2578 3.5274e-02
6440.1895 4.9002e-02
6442.1216 4.0629e-02
6444.0537 5.0746e-02
6445.9868 3.2869e-02
6447.9209 4.6971e-02
6449.8550 4.2860e-02
6451.7905 4.0821e-02
6453.7256 4.2219e-02
6455.6621 3.4493e-02
6457.5986 4.3808e-02
6459.5356 4.7520e-02
6461.4741 4.2958e-02
6463.4121 3.9535e-02
6465.3506 4.0019e-02
6467.2905 5.5012e-02
6469.2310 4.0123e-02
6471.1719 3.5844e-02
6473.1128 5.2721e-02
6475.0552 3.8536e-02
6476.9976 2.7092e-02
6478.9409 4.7706e-02
6480.8848 4.2580e-02
6482.8286 4.7436e-02
6484.7739 3.4886e-02
6486.7192 3.6217e-02
6488.6650 4.6962e-02
6490.6113 2.4776e-02
6492.5581 4.3377e-02
6494.5063 4.7643e-02
6496.4546 3.4833e-02
6498.4038 4.3672e-02
6500.3535 4.3793e-02
6502.3032 2.3462e-02
6504.2539 3.9990e-02
6506.2056 3.5205e-02
6508.1572 4.6715e-02
6510.1099 4.2573e-02
6512.0625 4.7249e-02
6514.0166 4.5084e-02
6515.9702 4.3375e-02
6517.9258 6.0206e-02
6519.8809 3.7192e-02
6521.8364 4.7878e-02
6523.7930 5.3669e-02
6525.7505 2.7071e-02
6527.7075 4.2934e-02
6529.6665 3.7819e-02
6531.6255 4.8298e-02
6533.5845 5.7455e-02
6535.5449 3.6371e-02
6537.5054 2.6082e-02
6539.4668 3.4541e-02
6541.4282 3.4244e-02
6543.3911 5.6443e-02
6545.3545 3.4037e-02
6547.3179 5.0994e-02
6549.2817 5.2033e-02
6551.2466 4.0791e-02
6553.2124 4.8177e-02
6555.1777 4.7863e-02
6557.1445 4.8225e-02
6559.1113 4.6023e-02
6561.0796 2.6630e-02
6563.0479 4.4409e-02
6565.0166 4.1053e-02
6566.9863 6.1197e-02
6568.9561 4.5872e-02
6570.9268 3.4900e-02
6572.8979 4.5573e-02
6574.8701 6.5579e-02
6576.8423 3.5610e-02
6578.8154 4.6381e-02
6580.7896 3.7863e-02
6582.7632 3.6603e-02
6584.7383 3.5827e-02
6586.7139 5.4922e-02
6588.6895 4.7633e-02
6590.6660 3.2842e-02
6592.6431 4.2670e-02
6594.6211 3.3089e-02
6596.5996 4.3784e-02
6598.5791 3.6758e-02
6600.5581 4.4277e-02
6602.5386 3.2825e-02
6604.5190 3.8778e-02
6606.5005 3.6559e-02
6608.4824 2.3163e-02
6610.4648 3.4002e-02
6612.4482 4.1311e-02
6614.4326 3.9298e-02
6616.4160 3.8774e-02
6618.4009 2.9912e-02
6620.3867 3.6060e-02
6622.3730 3.2701e-02
6624.3594 4.3860e-02
6626.3467 4.8364e-02
6628.3350 3.4933e-02
6630.3232 3.6153e-02
6632.3125 3.2059e-02
6634.3022 4.6134e-02
6636.2920 4.0065e-02
6638.2827 4.0438e-02
6640.2744 4.4478e-02
6642.2671 3.9006e-02
6644.2593 3.5388e-02
6646.2529 2.6915e-02
6648.2471 3.4738e-02
6650.2412 5.4723e-02
6652.2358 3.6874e-02
6654.2314 3.3065e-02
6656.2280 4.1651e-02
6658.2251 4.4403e-02
6660.2222 3.3096e-02
6662.2207 3.7193e-02
6664.2197 3.3915e-02
6666.2178 3.3510e-02
6668.2178 4.7067e-02
6670.2188 3.4257e-02
6672.2192 5.3879e-02
6674.2212 4.2900e-02
6676.2241 3.8352e-02
6678.2266 4.5918e-02
6680.2300 4.1465e-02
6682.2334 3.4048e-02
6684.2388 3.9634e-02
6686.2446 4.3302e-02
6688.2500 4.1575e-02
6690.2563 4.3006e-02
6692.2627 3.5434e-02
6694.2715 3.0158e-02
6696.2793 4.9472e-02
6698.2881 3.3776e-02
6700.2979 3.2531e-02
6702.3081 2.7833e-02
6704.3188 4.8439e-02
6706.3301 3.2352e-02
6708.3418 5.7115e-02
6710.3545 3.3800e-02
6712.3672 3.3644e-02
6714.3809 3.1939e-02
6716.3955 3.1993e-02
6718.4106 4.8542e-02
6720.4263 3.0400e-02
6722.4419 3.7365e-02
6724.4585 4.4939e-02
6726.4756 3.4824e-02
6728.4946 3.1346e-02
6730.5127 4.6828e-02
6732.5312 4.2994e-02
6734.5513 3.7234e-02
6736.5718 4.4481e-02
6738.5923 4.7804e-02
6740.6152 5.0449e-02
6742.6367 4.1346e-02
6744.6587 4.7994e-02
6746.6831 3.2502e-02
6748.7065 3.3157e-02
6750.7310 3.6233e-02
6752.7563 3.2732e-02
6754.7822 4.0731e-02
6756.8091 4.3033e-02
6758.8359 3.4054e-02
6760.8633 3.6197e-02
6762.8916 4.3260e-02
6764.9209 3.9786e-02
6766.9502 3.5515e-02
6768.9805 4.4430e-02
6771.0107 3.9009e-02
6773.0425 4.1613e-02
6775.0742 3.5831e-02
6777.1064 4.3817e-02
6779.1401 2.4426e-02
6781.1733 3.1850e-02
6783.2080 3.1876e-02
6785.2427 5.0617e-02
6787.2783 3.3638e-02
6789.3149 3.5230e-02
6791.3516 3.9016e-02
6793.3887 4.3535e-02
6795.4272 3.2631e-02
6797.4653 5.5342e-02
6799.5049 4.8186e-02
6801.5444 4.1332e-02
6803.5854 4.6415e-02
6805.6260 3.6221e-02
6807.6685 3.5021e-02
6809.7100 2.6557e-02
6811.7534 4.7685e-02
6813.7964 3.8836e-02
6815.8408 2.5220e-02
6817.8853 3.8618e-02
6819.9312 3.2000e-02
6821.9771 2.7735e-02
6824.0234 3.8650e-02
6826.0703 2.7878e-02
6828.1182 4.5622e-02
6830.1670 2.8274e-02
6832.2163 4.7703e-02
6834.2651 2.9718e-02
6836.3154 2.3230e-02
6838.3667 3.8949e-02
6840.4180 3.5124e-02
6842.4702 3.5325e-02
6844.5229 2.8831e-02
6846.5762 3.5700e-02
6848.6304 2.8563e-02
6850.6851 3.4098e-02
6852.7402 4.2002e-02
6854.7959 3.9758e-02
6856.8525 3.7940e-02
6858.9097 2.5552e-02
6860.9668 3.7938e-02
6863.0254 3.7216e-02
6865.0845 2.6838e-02
6867.1440 2.9912e-02
6869.2041 3.0918e-02
6871.2646 4.2273e-02
6873.3257 4.0273e-02
6875.3882 4.1854e-02
6877.4512 3.4505e-02
6879.5137 3.0109e-02
6881.5781 3.2355e-02
6883.6421 2.9724e-02
6885.7075 3.5877e-02
6887.7729 3.0529e-02
6889.8394 3.4470e-02
6891.9062 3.3815e-02
6893.9746 3.6810e-02
6896.0425 2.9479e-02
6898.1113 3.3745e-02
6900.1802 3.5384e-02
6902.2505 2.9782e-02
6904.3213 3.9670e-02
6906.3926 4.2299e-02
6908.4648 3.8302e-02
6910.5366 2.9168e-02
6912.6099 2.8526e-02
6914.6841 3.5955e-02
6916.7588 3.8481e-02
6918.8335 4.2437e-02
6920.9092 3.6481e-02
6922.9849 2.2972e-02
6925.0620 3.6664e-02
6927.1401 3.9340e-02
6929.2178 2.9917e-02
6931.2964 1.8378e-02
6933.3760 3.3085e-02
6935.4561 2.8608e-02
6937.5371 2.9254e-02
6939.6182 3.2802e-02
6941.7002 2.7655e-02
6943.7822 3.6695e-02
6945.8657 2.9229e-02
6947.9487 4.9468e-02
6950.0337 4.4122e-02
6952.1182 2.9592e-02
6954.2046 3.0823e-02
6956.2905 3.2575e-02
6958.3779 2.8824e-02
6960.4644 2.8128e-02
6962.5527 3.7862e-02
6964.6421 4.4731e-02
6966.7314 2.3650e-02
6968.8208 2.3212e-02
6970.9116 3.1104e-02
6973.0029 2.6789e-02
6975.0947 2.7833e-02
6977.1880 3.2010e-02
6979.2803 3.1901e-02
6981.3745 4.3305e-02
6983.4692 3.5028e-02
6985.5635 3.8239e-02
6987.6602 3.9817e-02
6989.7559 5.4547e-02
6991.8525 2.7609e-02
6993.9507 3.3069e-02
6996.0488 3.8498e-02
6998.1479 3.9739e-02
7000.2471 3.0180e-02
7002.3467 4.1574e-02
7004.4468 3.7507e-02
7006.5488 3.0897e-02
7008.6514 2.9971e-02
7010.7529 2.5348e-02
7012.8564 2.9683e-02
7014.9609 3.4903e-02
7017.0654 2.4418e-02
7019.1699 1.1971e-02
7021.2759 2.5834e-02
7023.3823 4.0148e-02
7025.4893 2.5082e-02
7027.5977 2.7625e-02
7029.7051 3.3238e-02
7031.8145 3.8874e-02
7033.9238 3.4087e-02
7036.0337 3.8101e-02
7038.1450 2.9642e-02
7040.2559 3.3111e-02
7042.3687 2.9468e-02
7044.4805 2.8383e-02
7046.5938 4.5030e-02
7048.7080 3.0935e-02
7050.8228 3.0572e-02
7052.9385 3.3363e-02
7055.0542 3.2501e-02
7057.1704 3.2081e-02
7059.2881 3.1654e-02
7061.4053 3.5211e-02
7063.5234 2.0757e-02
7065.6431 3.2851e-02
7067.7627 2.7638e-02
7069.8828 2.4533e-02
7072.0039 2.9151e-02
7074.1255 3.3412e-02
7076.2476 4.1326e-02
7078.3706 3.2794e-02
7080.4937 2.5777e-02
7082.6187 3.0708e-02
7084.7432 3.6115e-02
7086.8687 2.3221e-02
7088.9946 2.5913e-02
7091.1216 3.7558e-02
7093.2490 2.4368e-02
7095.3765 3.0051e-02
7097.5049 3.4073e-02
7099.6348 2.9523e-02
7101.7642 3.5702e-02
7103.8945 2.7229e-02
7106.0264 3.2190e-02
7108.1582 3.2169e-02
7110.2905 3.8385e-02
7112.4229 3.2707e-02
7114.5571 2.1154e-02
7116.6914 3.9528e-02
7118.8262 2.9819e-02
7120.9619 4.3355e-02
7123.0986 3.4327e-02
7125.2354 3.1703e-02
7127.3730 3.1829e-02
7129.5112 4.1622e-02
7131.6499 3.7361e-02
7133.7896 2.6117e-02
7135.9292 3.8967e-02
7138.0703 2.3619e-02
7140.2119 3.4125e-02
7142.3540 2.7198e-02
7144.4966 3.0196e-02
7146.6396 2.0420e-02
7148.7842 3.3759e-02
7150.9287 3.4350e-02
7153.0742 2.5396e-02
7155.2197 3.9212e-02
7157.3667 2.8885e-02
7159.5137 2.7136e-02
7161.6616 3.3937e-02
7163.8101 2.7825e-02
7165.9590 2.2531e-02
7168.1089 2.8828e-02
7170.2593 2.9708e-02
7172.4102 2.2818e-02
7174.5625 3.0841e-02
7176.7144 4.4149e-02
7178.8672 4.2876e-02
7181.0210 3.9227e-02
7183.1753 2.7624e-02
7185.3306 3.3620e-02
7187.4858 3.0637e-02
7189.6421 3.6367e-02
7191.7988 3.0063e-02
7193.9565 3.7756e-02
7196.1147 3.4172e-02
7198.2734 2.5919e-02
7200.4336 3.0302e-02
7202.5928 2.4868e-02
7204.7539 4.3943e-02
7206.9155 2.7053e-02
7209.0771 3.5293e-02
7211.2402 4.2924e-02
7213.4033 2.5606e-02
7215.5674 2.7235e-02
7217.7324 2.8196e-02
7219.8979 3.4531e-02
7222.0635 3.2506e-02
7224.2300 2.2920e-02
7226.3979 3.8588e-02
7228.5654 3.0082e-02
7230.7334 2.4705e-02
7232.9033 2.9956e-02
7235.0728 2.9091e-02
7237.2432 2.7519e-02
7239.4150 2.8783e-02
7241.5864 3.6196e-02
7243.7593 3.6499e-02
7245.9321 1.8615e-02
7248.1060 2.8624e-02
7250.2803 3.4836e-02
7252.4551 2.8431e-02
7254.6313 2.6542e-02
7256.8076 3.2321e-02
7258.9849 2.2545e-02
7261.1626 2.7324e-02
7263.3408 3.1040e-02
7265.5200 2.8132e-02
7267.6992 3.0432e-02
7269.8799 2.9597e-02
7272.0605 3.2747e-02
7274.2422 3.2334e-02
7276.4243 3.7091e-02
7278.6069 2.7164e-02
7280.7910 2.6934e-02
7282.9751 2.4422e-02
7285.1602 2.9097e-02
7287.3452 3.7513e-02
7289.5317 3.6997e-02
7291.7188 2.8778e-02
7293.9067 3.6587e-02
7296.0947 3.3537e-02
7298.2832 2.6846e-02
7300.4727 2.9138e-02
7302.6631 3.5908e-02
7304.8540 3.1134e-02
7307.0454 2.2120e-02
7309.2373 3.4971e-02
7311.4292 2.7025e-02
7313.6235 3.1773e-02
7315.8179 2.4084e-02
7318.0122 2.7463e-02
7320.2075 2.6802e-02
7322.4038 2.5993e-02
7324.6001 3.4649e-02
7326.7979 2.5443e-02
7328.9961 3.7712e-02
7331.1943 4.0538e-02
7333.3936 3.3604e-02
7335.5938 3.5466e-02
7337.7944 3.0895e-02
7339.9956 2.7290e-02
7342.1982 2.2184e-02
7344.4004 2.5450e-02
7346.6035 2.1609e-02
7348.8081 2.6800e-02
7351.0127 2.1819e-02
7353.2183 2.4677e-02
7355.4238 2.8725e-02
7357.6304 3.2490e-02
7359.8374 2.5308e-02
7362.0459 2.3941e-02
7364.2549 2.7794e-02
7366.4634 3.1174e-02
7368.6738 2.7157e-02
7370.8838 2.7576e-02
7373.0957 2.3005e-02
7375.3071 2.7752e-02
7377.5200 3.2974e-02
7379.7334 2.9595e-02
7381.9473 2.7299e-02
7384.1616 2.6079e-02
7386.3770 3.5382e-02
7388.5928 3.3612e-02
7390.8096 4.3912e-02
7393.0264 3.4099e-02
7395.2446 2.9822e-02
7397.4639 3.5324e-02
7399.6826 2.8384e-02
7401.9023 4.0032e-02
7404.1230 2.9256e-02
7406.3438 2.6414e-02
7408.5654 3.9913e-02
7410.7886 2.6643e-02
7413.0122 3.3144e-02
7415.2354 3.4617e-02
7417.4604 3.5401e-02
7419.6855 3.3413e-02
7421.9116 2.6276e-02
7424.1382 2.6826e-02
7426.3652 3.2021e-02
7428.5933 1.8592e-02
7430.8218 3.8101e-02
7433.0513 2.7678e-02
7435.2808 3.1123e-02
7437.5117 2.4847e-02
7439.7432 2.1953e-02
7441.9741 3.3636e-02
7444.2070 2.3015e-02
7446.4404 1.8550e-02
7448.6748 1.4519e-02
7450.9097 2.9725e-02
7453.1440 2.4440e-02
7455.3809 3.2181e-02
7457.6167 2.0246e-02
7459.8545 2.9642e-02
7462.0923 3.4935e-02
7464.3306 2.6036e-02
7466.5698 3.0797e-02
7468.8096 3.5268e-02
7471.0503 2.9491e-02
7473.2920 2.3397e-02
7475.5342 2.6791e-02
7477.7769 2.8323e-02
7480.0205 3.0126e-02
7482.2637 2.4498e-02
7484.5088 3.2936e-02
7486.7539 1.9324e-02
7489.0000 3.0963e-02
7491.2471 2.2475e-02
7493.4937 2.5730e-02
7495.7422 2.5973e-02
7497.9912 3.1439e-02
7500.2402 3.2547e-02
7502.4902 2.5264e-02
7504.7412 2.6590e-02
7506.9927 1.9094e-02
7509.2441 2.2564e-02
7511.4976 2.0911e-02
7513.7510 3.8127e-02
7516.0044 1.7908e-02
7518.2593 3.6851e-02
7520.5151 2.2550e-02
7522.7715 2.1142e-02
7525.0283 2.7264e-02
7527.2861 2.2522e-02
7529.5439 2.0477e-02
7531.8027 2.9229e-02
7534.0620 2.4308e-02
7536.3228 2.9871e-02
7538.5835 2.6739e-02
7540.8447 2.6587e-02
7543.1074 2.0717e-02
7545.3706 1.9115e-02
7547.6338 2.4030e-02
7549.8984 1.7945e-02
7552.1626 1.9287e-02
7554.4292 2.1338e-02
7556.6948 2.8869e-02
7558.9619 2.2634e-02
7561.2295 2.5246e-02
7563.4976 2.8907e-02
7565.7671 3.2262e-02
7568.0366 2.6515e-02
7570.3071 2.0191e-02
7572.5786 2.3022e-02
7574.8511 2.9735e-02
7577.1230 2.4085e-02
7579.3960 2.5824e-02
7581.6694 2.3549e-02
7583.9443 2.3185e-02
7586.2192 2.5374e-02
7588.4956 1.8387e-02
7590.7715 2.4115e-02
7593.0488 3.0420e-02
7595.3262 1.4184e-02
7597.6060 1.4064e-02
7599.8843 2.5653e-02
7602.1641 2.5674e-02
7604.4448 1.9054e-02
7606.7271 2.0871e-02
7609.0093 1.5895e-02
7611.2910 2.9314e-02
7613.5752 1.9606e-02
7615.8589 3.7260e-02
7618.1440 2.6347e-02
7620.4292 3.0554e-02
7622.7153 1.9970e-02
7625.0020 3.1186e-02
7627.2896 2.4846e-02
7629.5781 2.8427e-02
7631.8662 2.2607e-02
7634.1562 2.1730e-02
7636.4468 2.3431e-02
7638.7378 2.1956e-02
7641.0288 2.1917e-02
7643.3213 1.6500e-02
7645.6138 1.6787e-02
7647.9072 2.3413e-02
7650.2021 1.5778e-02
7652.4971 2.2661e-02
7654.7935 2.2860e-02
7657.0894 1.4878e-02
7659.3867 1.3594e-02
7661.6846 2.8193e-02
7663.9829 2.3567e-02
7666.2817 1.5264e-02
7668.5825 2.9730e-02
7670.8823 2.7170e-02
7673.1841 1.9741e-02
7675.4854 3.2694e-02
7677.7891 2.8424e-02
7680.0918 2.9986e-02
7682.3960 2.5817e-02
7684.7002 2.4653e-02
7687.0059 2.2989e-02
7689.3125 2.8156e-02
7691.6191 2.4432e-02
7693.9268 2.1971e-02
7696.2344 2.8575e-02
7698.5430 1.5393e-02
7700.8530 2.5458e-02
7703.1631 2.8140e-02
7705.4746 2.9508e-02
7707.7856 2.1697e-02
7710.0981 2.2726e-02
7712.4111 2.0116e-02
7714.7251 2.3952e-02
7717.0391 2.0677e-02
7719.3540 3.7377e-02
7721.6699 1.3292e-02
7723.9868 2.8824e-02
7726.3042 2.3757e-02
7728.6216 3.3285e-02
7730.9409 1.8421e-02
7733.2593 2.9316e-02
7735.5796 2.8411e-02
7737.9004 2.0501e-02
7740.2217 2.5937e-02
7742.5435 1.7107e-02
7744.8662 3.0392e-02
7747.1895 2.5519e-02
7749.5142 1.6095e-02
7751.8394 1.4071e-02
7754.1650 2.5676e-02
7756.4907 2.4659e-02
7758.8174 2.0677e-02
7761.1450 2.1548e-02
7763.4736 2.7132e-02
7765.8022 2.4333e-02
7768.1323 2.0455e-02
7770.4634 1.1594e-02
7772.7944 1.7685e-02
7775.1260 2.5034e-02
7777.4585 2.4571e-02
7779.7915 3.2683e-02
7782.1260 1.9170e-02
7784.4604 2.7404e-02
7786.7954 1.4630e-02
7789.1318 2.8513e-02
7791.4683 2.3566e-02
7793.8062 2.9157e-02
7796.1436 1.5579e-02
7798.4824 3.1505e-02
7800.8218 2.5127e-02
7803.1626 1.1503e-02
7805.5034 1.9426e-02
7807.8447 1.7752e-02
7810.1880 2.3157e-02
7812.5303 1.9957e-02
7814.8745 2.3690e-02
7817.2192 1.6099e-02
7819.5640 2.3861e-02
7821.9106 1.7968e-02
7824.2559 2.1917e-02
7826.6040 2.1001e-02
7828.9521 2.5844e-02
7831.3003 2.3320e-02
7833.6499 2.8052e-02
7835.9995 2.7208e-02
7838.3511 2.2055e-02
7840.7021 2.3437e-02
7843.0547 2.2999e-02
7845.4077 1.8427e-02
7847.7603 2.1714e-02
7850.1152 2.3846e-02
7852.4702 2.9783e-02
7854.8262 1.9549e-02
7857.1821 2.1563e-02
7859.5396 2.4485e-02
7861.8975 1.6288e-02
7864.2559 1.6387e-02
7866.6157 2.6932e-02
7868.9756 2.9123e-02
7871.3359 2.0904e-02
7873.6978 1.8306e-02
7876.0601 3.0755e-02
7878.4224 1.9774e-02
7880.7856 1.7046e-02
7883.1509 2.2105e-02
7885.5151 2.9183e-02
7887.8809 3.0311e-02
7890.2476 2.4176e-02
7892.6147 2.3155e-02
7894.9814 2.2724e-02
7897.3501 1.5639e-02
7899.7192 2.6724e-02
7902.0898 2.3301e-02
7904.4604 2.1004e-02
7906.8311 2.6624e-02
7909.2036 2.3043e-02
7911.5767 2.5771e-02
7913.9497 2.3063e-02
7916.3247 2.8715e-02
7918.6987 2.3143e-02
7921.0742 2.8429e-02
7923.4512 2.1419e-02
7925.8276 2.7598e-02
7928.2051 2.9098e-02
7930.5845 2.1853e-02
7932.9634 2.8834e-02
7935.3433 1.4954e-02
7937.7236 2.4602e-02
7940.1050 1.7860e-02
7942.4873 2.3147e-02
7944.8701 2.8226e-02
7947.2529 2.7735e-02
7949.6377 2.3096e-02
7952.0225 2.6578e-02
7954.4082 1.9560e-02
7956.7949 2.3207e-02
7959.1807 3.3808e-02
7961.5688 1.9073e-02
7963.9580 2.8725e-02
7966.3462 2.7149e-02
7968.7368 2.3197e-02
7971.1274 2.7621e-02
7973.5181 1.7123e-02
7975.9111 2.7415e-02
7978.3032 1.7160e-02
7980.6973 2.6295e-02
7983.0908 3.0431e-02
7985.4858 2.1272e-02
7987.8823 2.3641e-02
7990.2778 2.6488e-02
7992.6748 1.8101e-02
7995.0728 1.6744e-02
7997.4717 2.4140e-02
7999.8711 1.6554e-02
8002.2710 2.1646e-02
8004.6709 1.4389e-02
8007.0723 1.9373e-02
8009.4746 2.6754e-02
8011.8779 1.8200e-02
8014.2812 1.5679e-02
8016.6855 1.9350e-02
8019.0903 2.2490e-02
8021.4966 2.5002e-02
8023.9028 1.9693e-02
8026.3105 2.8751e-02
8028.7173 1.6822e-02
8031.1260 2.3260e-02
8033.5361 1.7652e-02
8035.9458 2.2150e-02
8038.3569 1.9865e-02
8040.7681 2.1975e-02
8043.1807 3.0109e-02
8045.5933 1.4747e-02
8048.0068 2.2750e-02
8050.4214 2.7275e-02
8052.8364 2.4180e-02
8055.2520 1.9257e-02
8057.6689 1.5766e-02
8060.0864 2.4644e-02
8062.5049 2.4561e-02
8064.9229 2.4123e-02
8067.3423 2.5802e-02
8069.7632 2.6534e-02
8072.1836 2.0810e-02
8074.6050 1.9281e-02
8077.0278 2.8283e-02
8079.4507 1.8225e-02
8081.8745 2.5843e-02
8084.2988 2.7130e-02
8086.7251 2.4084e-02
8089.1509 2.8251e-02
8091.5771 2.5316e-02
8094.0049 2.3456e-02
8096.4331 2.2371e-02
8098.8618 1.4253e-02
8101.2910 2.3854e-02
8103.7217 1.3494e-02
8106.1528 2.0042e-02
8108.5845 2.8509e-02
8111.0171 1.4992e-02
8113.4502 1.4333e-02
8115.8843 2.0496e-02
8118.3188 2.1754e-02
8120.7549 1.8108e-02
8123.1914 2.2021e-02
8125.6284 2.2222e-02
8128.0659 2.3597e-02
8130.5049 2.6557e-02
8132.9438 2.5505e-02
8135.3833 1.4418e-02
8137.8237 1.6550e-02
8140.2651 1.5333e-02
8142.7075 1.9608e-02
8145.1504 2.6651e-02
8147.5938 2.2853e-02
8150.0376 1.6791e-02
8152.4834 2.2749e-02
8154.9292 2.1718e-02
8157.3750 1.9525e-02
8159.8228 1.4709e-02
8162.2705 1.9838e-02
8164.7192 1.3834e-02
8167.1685 1.7939e-02
8169.6187 1.6392e-02
8172.0693 1.9298e-02
8174.5210 2.1693e-02
8176.9736 2.6056e-02
8179.4268 2.7317e-02
8181.8809 2.2248e-02
8184.3350 1.5125e-02
8186.7900 2.3855e-02
8189.2456 1.8766e-02
8191.7031 1.8944e-02
8194.1602 2.0007e-02
8196.6191 1.0593e-02
8199.0781 2.5278e-02
8201.5371 1.6416e-02
8203.9980 1.0412e-02
8206.4590 1.8341e-02
8208.9219 1.9242e-02
8211.3838 2.2875e-02
8213.8477 1.7366e-02
8216.3115 1.5768e-02
8218.7764 1.9200e-02
8221.2422 2.6027e-02
8223.7090 1.4826e-02
8226.1758 2.0998e-02
8228.6436 1.6915e-02
8231.1123 1.9610e-02
8233.5811 1.7797e-02
8236.0518 2.2856e-02
8238.5215 2.0176e-02
8240.9932 1.1680e-02
8243.4658 1.9483e-02
8245.9395 1.6862e-02
8248.4131 2.1257e-02
8250.8877 1.7688e-02
8253.3623 1.9476e-02
8255.8389 1.5477e-02
8258.3154 1.9396e-02
8260.7920 1.4417e-02
8263.2715 1.6128e-02
8265.7500 1.7018e-02
8268.2305 1.6669e-02
8270.7100 1.1225e-02
8273.1914 1.0669e-02
8275.6738 1.9488e-02
8278.1553 2.3081e-02
8280.6396 1.2321e-02
8283.1240 1.4640e-02
8285.6094 1.4479e-02
8288.0947 9.6653e-03
8290.5811 1.2780e-02
8293.0674 1.5402e-02
8295.5557 8.3648e-03
8298.0449 1.7392e-02
8300.5352 1.3338e-02
8303.0234 1.9441e-02
8305.5156 1.8502e-02
8308.0068 1.6800e-02
8310.5000 1.4618e-02
8312.9922 1.1974e-02
8315.4863 1.1915e-02
8317.9805 2.4033e-02
8320.4766 1.9270e-02
8322.9717 2.4789e-02
8325.4697 1.4359e-02
8327.9668 1.8628e-02
8330.4658 1.1105e-02
8332.9639 1.4662e-02
8335.4648 1.6817e-02
8337.9648 2.3651e-02
8340.4668 6.8242e-03
8342.9688 1.1876e-02
8345.4717 1.5284e-02
8347.9746 1.2213e-02
8350.4795 1.9291e-02
8352.9844 1.5995e-02
8355.4902 1.1115e-02
8357.9971 9.4278e-03
8360.5039 1.5314e-02
8363.0127 1.9730e-02
8365.5215 1.2028e-02
8368.0312 1.6460e-02
8370.5420 1.0694e-02
8373.0527 2.3253e-02
8375.5654 1.7119e-02
8378.0771 1.3269e-02
8380.5908 2.0116e-02
8383.1045 9.8772e-03
8385.6191 2.8372e-02
8388.1348 1.5724e-02
8390.6523 2.0440e-02
8393.1689 1.3974e-02
8395.6865 1.8831e-02
8398.2061 1.1220e-02
8400.7246 1.2555e-02
8403.2461 1.1044e-02
8405.7666 1.6000e-02
8408.2881 1.4464e-02
8410.8105 1.1566e-02
8413.3340 1.5855e-02
8415.8584 1.2399e-02
8418.3818 1.3957e-02
8420.9082 1.2633e-02
8423.4346 2.2622e-02
8425.9609 1.5716e-02
8428.4893 1.5110e-02
8431.0186 1.4008e-02
8433.5479 1.9668e-02
8436.0771 2.4741e-02
8438.6074 1.8991e-02
8441.1396 1.7497e-02
8443.6729 2.0932e-02
8446.2051 1.9200e-02
8448.7383 2.2423e-02
8451.2734 1.8117e-02
8453.8086 1.9528e-02
8456.3457 2.1109e-02
8458.8828 1.5203e-02
8461.4199 2.3250e-02
8463.9580 1.7802e-02
8466.4971 2.5538e-02
8469.0371 2.0009e-02
8471.5781 1.6441e-02
8474.1191 1.2521e-02
8476.6621 1.5432e-02
8479.2051 2.1716e-02
8481.7480 2.0106e-02
8484.2930 1.6135e-02
8486.8379 1.4906e-02
8489.3848 1.7568e-02
8491.9316 1.6100e-02
8494.4795 1.4564e-02
8497.0264 1.8043e-02
8499.5762 1.8229e-02
8502.1260 1.8108e-02
8504.6777 1.7944e-02
8507.2285 1.6509e-02
8509.7803 2.8634e-02
8512.3330 1.7284e-02
8514.8857 1.9863e-02
8517.4414 1.6994e-02
8519.9961 1.7880e-02
8522.5527 2.0081e-02
8525.1094 1.5986e-02
8527.6670 1.7884e-02
8530.2246 2.1300e-02
8532.7842 2.3181e-02
8535.3438 2.3019e-02
8537.9053 2.6209e-02
8540.4668 1.9784e-02
8543.0273 2.8647e-02
8545.5908 1.7226e-02
8548.1543 1.6443e-02
8550.7188 1.7799e-02
8553.2842 3.5452e-02
8555.8496 1.3588e-02
8558.4170 2.2411e-02
8560.9844 1.6912e-02
8563.5527 1.7962e-02
8566.1221 1.7170e-02
8568.6914 1.4477e-02
8571.2617 2.0183e-02
8573.8350 2.6201e-02
8576.4062 3.1448e-02
8578.9785 1.6866e-02
8581.5527 1.9733e-02
8584.1270 1.8008e-02
8586.7031 2.1373e-02
8589.2783 2.8038e-02
8591.8555 2.7069e-02
8594.4326 1.9323e-02
8597.0117 1.9915e-02
8599.5898 2.4910e-02
8602.1699 1.9652e-02
8604.7500 2.2134e-02
8607.3320 1.5880e-02
8609.9150 1.9594e-02
8612.4971 1.4627e-02
8615.0811 1.7891e-02
8617.6660 2.1815e-02
8620.2500 2.7142e-02
8622.8369 2.0340e-02
8625.4229 1.5756e-02
8628.0117 2.1948e-02
8630.6006 2.6499e-02
8633.1885 1.7463e-02
8635.7793 2.2168e-02
8638.3711 2.0092e-02
8640.9609 1.8680e-02
8643.5527 2.8024e-02
8646.1465 1.8275e-02
8648.7393 1.5997e-02
8651.3350 2.3961e-02
8653.9307 1.9715e-02
8656.5264 2.3704e-02
8659.1230 2.1896e-02
8661.7207 2.2653e-02
8664.3203 1.9815e-02
8666.9189 1.7894e-02
8669.5186 2.1220e-02
8672.1201 2.1377e-02
8674.7217 1.1379e-02
8677.3242 1.6242e-02
8679.9277 1.9776e-02
8682.5312 1.2795e-02
8685.1367 2.5778e-02
8687.7412 2.9602e-02
8690.3477 3.3315e-02
8692.9551 1.7441e-02
8695.5625 1.5630e-02
8698.1709 2.1833e-02
8700.7803 2.4098e-02
8703.3916 2.4918e-02
8706.0020 2.4488e-02
8708.6133 2.0636e-02
8711.2266 1.7162e-02
8713.8398 1.4246e-02
8716.4541 2.8553e-02
8719.0684 1.9603e-02
8721.6846 2.7935e-02
8724.3018 1.6036e-02
8726.9189 2.3858e-02
8729.5371 1.7828e-02
8732.1553 2.6743e-02
8734.7754 2.1041e-02
8737.3955 1.9918e-02
8740.0166 2.0003e-02
8742.6387 1.7279e-02
8745.2607 2.5927e-02
8747.8848 2.6163e-02
8750.5098 2.4094e-02
8753.1348 1.6069e-02
8755.7607 2.2099e-02
8758.3867 2.5629e-02
8761.0146 2.7934e-02
8763.6436 2.5551e-02
8766.2715 2.3863e-02
8768.9023 1.3457e-02
8771.5322 1.9725e-02
8774.1641 2.6689e-02
8776.7959 2.0498e-02
8779.4287 2.4053e-02
8782.0635 2.5969e-02
8784.6982 3.1004e-02
8787.3330 1.3952e-02
8789.9697 3.0969e-02
8792.6074 1.8159e-02
8795.2451 1.6633e-02
8797.8838 2.0600e-02
8800.5234 2.1383e-02
8803.1621 1.7197e-02
8805.8027 2.0084e-02
8808.4453 2.5948e-02
8811.0879 2.0389e-02
8813.7314 2.2652e-02
8816.3750 2.1060e-02
8819.0205 1.7916e-02
8821.6660 2.7248e-02
8824.3125 1.6586e-02
8826.9590 2.0067e-02
8829.6084 1.3324e-02
8832.2568 2.1943e-02
8834.9062 2.3143e-02
8837.5557 1.7262e-02
8840.2080 1.8788e-02
8842.8594 1.7551e-02
8845.5127 1.9973e-02
8848.1670 1.4482e-02
8850.8213 1.3390e-02
8853.4766 1.8997e-02
8856.1328 1.9688e-02
8858.7881 1.7473e-02
8861.4463 1.6003e-02
8864.1045 1.7069e-02
8866.7646 1.9404e-02
8869.4238 2.1691e-02
8872.0850 2.5097e-02
8874.7471 2.4147e-02
8877.4092 1.6082e-02
8880.0732 1.8700e-02
8882.7373 1.7805e-02
8885.4014 2.0106e-02
8888.0674 2.1269e-02
8890.7334 2.2213e-02
8893.4004 8.2968e-03
8896.0684 1.5144e-02
8898.7373 2.0616e-02
8901.4072 2.1709e-02
8904.0771 2.0527e-02
8906.7480 1.5150e-02
8909.4199 2.0933e-02
8912.0938 1.9947e-02
8914.7676 2.4057e-02
8917.4414 1.8599e-02
8920.1172 2.2671e-02
8922.7930 2.2172e-02
8925.4697 2.4424e-02
8928.1475 1.4616e-02
8930.8262 1.0971e-02
8933.5049 2.3536e-02
8936.1855 1.6981e-02
8938.8652 1.2739e-02
8941.5469 2.1118e-02
8944.2295 1.5844e-02
8946.9141 1.9933e-02
8949.5977 1.7206e-02
8952.2822 1.4773e-02
8954.9678 1.7869e-02
8957.6553 1.4298e-02
8960.3418 1.8878e-02
8963.0293 2.4259e-02
8965.7178 2.6269e-02
8968.4082 1.8936e-02
8971.0986 1.8913e-02
8973.7910 1.2044e-02
8976.4824 1.5898e-02
8979.1748 3.1764e-02
8981.8691 1.7854e-02
8984.5635 2.2590e-02
8987.2588 1.4535e-02
8989.9551 2.2211e-02
8992.6523 3.1211e-02
8995.3506 1.3151e-02
8998.0488 2.5202e-02
9000.7480 2.2061e-02
9003.4482 2.3479e-02
9006.1494 2.2197e-02
9008.8516 1.6974e-02
9011.5537 2.0088e-02
9014.2578 2.1393e-02
9016.9609 1.8026e-02
9019.6660 1.9148e-02
9022.3721 1.7023e-02
9025.0791 1.1505e-02
9027.7871 1.4004e-02
9030.4951 1.4120e-02
9033.2051 1.5321e-02
9035.9150 1.3227e-02
9038.6260 2.1830e-02
9041.3369 2.0437e-02
9044.0498 1.7297e-02
9046.7627 1.8605e-02
9049.4766 1.5942e-02
9052.1914 1.1126e-02
9054.9072 1.9710e-02
9057.6240 1.8644e-02
9060.3398 2.1886e-02
9063.0586 1.6091e-02
9065.7773 1.1575e-02
9068.4971 1.0431e-02
9071.2168 1.6987e-02
9073.9395 1.5472e-02
9076.6611 1.7086e-02
9079.3848 1.6595e-02
9082.1074 1.8519e-02
9084.8330 2.2560e-02
9087.5576 1.7188e-02
9090.2832 2.2737e-02
9093.0117 2.2507e-02
9095.7393 1.8578e-02
9098.4688 2.2997e-02
9101.1973 1.6708e-02
9103.9287 1.1592e-02
9106.6592 1.9109e-02
9109.3906 1.5863e-02
9112.1250 1.7210e-02
9114.8584 1.7871e-02
9117.5928 1.1182e-02
9120.3271 1.6000e-02
9123.0635 1.6245e-02
9125.8008 1.2761e-02
9128.5391 1.1672e-02
9131.2764 1.9727e-02
9134.0156 2.1378e-02
9136.7568 1.3778e-02
9139.4980 1.8794e-02
9142.2383 1.2853e-02
9144.9814 1.6234e-02
9147.7266 1.8724e-02
9150.4707 2.0207e-02
9153.2158 1.3072e-02
9155.9609 2.1416e-02
9158.7070 1.6006e-02
9161.4551 1.7840e-02
9164.2041 1.5820e-02
9166.9531 1.2481e-02
9169.7031 1.9871e-02
9172.4541 2.0200e-02
9175.2051 1.8953e-02
9177.9580 1.2045e-02
9180.7109 1.9130e-02
9183.4668 1.3400e-02
9186.2207 2.3577e-02
9188.9766 1.4085e-02
9191.7334 1.6845e-02
9194.4912 2.0917e-02
9197.2490 1.4421e-02
9200.0088 1.7297e-02
9202.7686 1.3426e-02
9205.5293 1.9265e-02
9208.2920 1.0943e-02
9211.0527 1.5924e-02
9213.8164 5.4597e-03
9216.5811 1.8021e-02
9219.3467 1.1754e-02
9222.1113 1.4198e-02
9224.8789 1.4038e-02
9227.6455 1.8539e-02
9230.4141 1.6884e-02
9233.1836 1.4558e-02
9235.9531 2.0680e-02
9238.7246 1.7764e-02
9241.4951 1.4535e-02
9244.2686 1.3657e-02
9247.0410 1.9165e-02
9249.8154 1.5901e-02
9252.5908 2.3683e-02
9255.3652 1.5590e-02
9258.1426 1.5683e-02
9260.9209 1.2526e-02
9263.6992 1.5295e-02
9266.4775 1.5821e-02
9269.2568 1.1642e-02
9272.0381 1.1151e-02
9274.8203 1.4663e-02
9277.6025 1.7804e-02
9280.3857 9.7718e-03
9283.1709 9.8718e-03
9285.9541 9.3004e-03
9288.7402 1.6517e-02
9291.5264 1.8081e-02
9294.3135 1.3227e-02
9297.1025 1.3638e-02
9299.8926 1.3855e-02
9302.6816 1.8354e-02
9305.4727 1.0861e-02
9308.2646 1.4246e-02
9311.0566 1.3238e-02
9313.8506 1.4671e-02
9316.6436 1.1922e-02
9319.4395 2.3916e-02
9322.2354 7.2793e-03
9325.0322 1.2519e-02
9327.8291 1.1279e-02
9330.6279 1.2419e-02
9333.4277 1.2398e-02
9336.2266 1.6034e-02
9339.0283 2.4251e-02
9341.8291 2.2140e-02
9344.6318 1.4069e-02
9347.4355 1.2333e-02
9350.2402 1.6415e-02
9353.0449 1.5716e-02
9355.8516 1.5840e-02
9358.6572 1.5423e-02
9361.4658 1.5241e-02
9364.2734 1.2661e-02
9367.0830 1.6416e-02
9369.8936 1.4629e-02
9372.7041 1.2631e-02
9375.5156 1.4733e-02
9378.3291 9.9134e-03
9381.1416 1.4229e-02
9383.9561 2.0129e-02
9386.7715 1.9404e-02
9389.5879 1.8339e-02
9392.4043 1.2852e-02
9395.2217 1.9393e-02
9398.0400 1.0433e-02
9400.8594 1.3109e-02
9403.6807 1.4720e-02
9406.5020 7.4100e-03
9409.3242 2.2415e-02
9412.1465 1.3301e-02
9414.9707 1.4690e-02
9417.7939 1.0775e-02
9420.6201 1.1110e-02
9423.4453 1.3748e-02
9426.2725 1.1010e-02
9429.1006 1.3355e-02
9431.9287 6.8874e-03
9434.7588 1.4083e-02
9437.5898 1.5443e-02
9440.4209 1.6403e-02
9443.2529 1.0416e-02
9446.0859 2.1302e-02
9448.9199 1.2542e-02
9451.7549 1.0649e-02
9454.5889 1.1910e-02
9457.4268 9.6467e-03
9460.2637 1.7000e-02
9463.1016 1.7075e-02
9465.9414 1.3913e-02
9468.7803 1.3524e-02
9471.6211 1.3559e-02
9474.4629 9.2529e-03
9477.3047 1.3333e-02
9480.1484 1.6343e-02
9482.9922 8.9615e-03
9485.8369 1.1803e-02
9488.6836 1.1137e-02
9491.5303 1.3152e-02
9494.3760 1.6033e-02
9497.2256 1.1922e-02
9500.0742 1.5561e-02
9502.9238 1.0102e-02
9505.7754 1.0038e-02
9508.6270 1.3416e-02
9511.4805 1.3701e-02
9514.3320 1.2331e-02
9517.1875 1.3245e-02
9520.0420 1.2594e-02
9522.8984 1.8833e-02
9525.7559 1.0205e-02
9528.6133 9.3668e-03
9531.4717 1.5898e-02
9534.3311 8.2189e-03
9537.1914 1.3759e-02
9540.0518 1.5957e-02
9542.9150 1.3321e-02
9545.7773 9.5369e-03
9548.6416 1.5403e-02
9551.5059 6.9341e-03
9554.3711 9.3399e-03
9557.2373 1.1447e-02
9560.1045 1.5260e-02
9562.9727 8.3055e-03
9565.8418 8.2361e-03
9568.7109 1.0744e-02
9571.5820 1.0258e-02
9574.4531 1.4971e-02
9577.3252 1.5507e-02
9580.1992 7.9085e-03
9583.0723 9.3731e-03
9585.9473 7.6433e-03
9588.8242 1.7044e-02
9591.7002 6.2910e-03
9594.5781 1.1819e-02
9597.4561 1.3207e-02
9600.3350 1.2106e-02
9603.2158 9.7402e-03
9606.0957 1.7559e-02
9608.9775 1.4731e-02
9611.8613 1.5228e-02
9614.7441 8.3127e-03
9617.6279 4.8439e-03
9620.5137 1.0640e-02
9623.4014 8.3055e-03
9626.2881 1.1519e-02
9629.1748 1.2100e-02
9632.0645 1.4286e-02
9634.9541 1.5155e-02
9637.8438 1.7001e-02
9640.7363 7.4360e-03
9643.6270 1.0335e-02
9646.5215 1.9978e-02
9649.4141 1.0081e-02
9652.3086 8.3507e-03
9655.2051 5.4419e-03
9658.1016 1.1695e-02
9660.9990 1.1846e-02
9663.8975 1.2978e-02
9666.7969 5.8161e-03
9669.6973 1.2591e-02
9672.5967 9.5769e-03
9675.5000 1.4109e-02
9678.4023 9.1477e-03
9681.3057 1.1793e-02
9684.2109 1.2603e-02
9687.1152 4.9947e-03
9690.0215 1.4129e-02
9692.9287 9.5941e-03
9695.8369 1.7035e-02
9698.7441 5.8492e-03
9701.6553 8.7575e-03
9704.5645 8.9599e-03
9707.4775 1.1544e-02
9710.3887 1.4711e-02
9713.3008 1.1555e-02
9716.2158 9.5345e-03
9719.1299 7.4859e-03
9722.0459 1.0864e-02
9724.9629 1.1388e-02
9727.8809 9.3134e-03
9730.7988 1.0542e-02
9733.7178 1.6828e-02
9736.6387 1.3787e-02
9739.5586 1.4540e-02
9742.4805 9.4151e-03
9745.4033 1.0040e-02
9748.3281 1.0182e-02
9751.2520 9.6902e-03
9754.1777 1.5445e-02
9757.1035 9.6560e-03
9760.0303 7.4865e-03
9762.9590 1.0224e-02
9765.8877 5.8951e-03
9768.8174 1.0601e-02
9771.7480 8.4184e-03
9774.6797 1.4371e-02
9777.6113 1.5308e-02
9780.5459 1.2151e-02
9783.4795 9.2356e-03
9786.4141 8.2131e-03
9789.3496 8.2438e-03
9792.2871 6.7102e-03
9795.2256 7.7404e-03
9798.1641 7.2762e-03
9801.1035 8.5232e-03
9804.0430 8.7059e-03
9806.9844 1.1766e-02
9809.9268 1.2636e-02
9812.8691 9.8701e-03
9815.8125 1.0692e-02
9818.7578 1.1605e-02
9821.7041 1.1444e-02
9824.6494 1.0418e-02
9827.5967 8.9016e-03
9830.5469 7.2750e-03
9833.4951 9.9516e-03
9836.4453 1.1853e-02
9839.3965 8.1754e-03
9842.3486 1.1368e-02
9845.2998 1.0007e-02
9848.2549 7.9933e-03
9851.2080 8.2550e-03
9854.1641 8.6552e-03
9857.1201 8.5200e-03
9860.0771 7.4798e-03
9863.0361 1.3613e-02
9865.9941 1.2694e-02
9868.9541 1.5008e-02
9871.9150 1.1872e-02
9874.8760 1.2355e-02
9877.8389 6.9426e-03
9880.8018 7.6407e-03
9883.7666 8.5637e-03
9886.7324 9.2232e-03
9889.6982 7.4692e-03
9892.6641 1.1370e-02
9895.6338 9.4622e-03
9898.6016 7.1531e-03
9901.5713 7.7908e-03
9904.5420 1.1999e-02
9907.5127 1.5867e-02
9910.4854 1.6500e-02
9913.4590 1.2221e-02
9916.4326 8.7457e-03
9919.4072 1.1482e-02
9922.3828 7.3814e-03
9925.3584 1.0813e-02
9928.3379 8.0160e-03
9931.3164 1.1176e-02
9934.2949 9.6072e-03
9937.2754 1.0526e-02
9940.2568 9.5852e-03
9943.2383 8.5138e-03
9946.2207 8.1324e-03
9949.2061 1.1577e-02
9952.1904 5.7977e-03
9955.1758 7.0610e-03
9958.1631 1.2605e-02
9961.1494 1.1569e-02
9964.1387 1.4421e-02
9967.1279 5.6846e-03
9970.1182 6.4961e-03
9973.1084 1.1524e-02
9976.1006 7.5794e-03
9979.0928 5.5324e-03
9982.0859 6.5796e-03
9985.0820 9.8445e-03
9988.0771 1.1852e-02
9991.0732 1.1170e-02
9994.0713 5.9182e-03
9997.0693 6.8589e-03
10000.0684 7.7503e-03
10003.0674 8.6439e-03
10006.0684 7.8102e-03
10009.0713 1.0640e-02
10012.0742 9.3873e-03
10015.0771 6.8194e-03
10018.0820 1.2166e-02
10021.0879 5.0140e-03
10024.0938 6.7730e-03
10027.1006 7.7869e-03
10030.1084 8.9912e-03
10033.1172 6.4371e-03
10036.1270 8.6794e-03
10039.1387 8.0554e-03
10042.1504 7.6596e-03
10045.1631 1.0771e-02
10048.1768 6.1986e-03
10051.1924 6.9752e-03
10054.2061 9.8453e-03
10057.2227 8.6165e-03
10060.2402 4.4072e-03
10063.2578 8.3580e-03
10066.2773 8.4563e-03
10069.2969 8.4791e-03
10072.3174 1.3972e-02
10075.3379 1.0056e-02
10078.3623 1.1087e-02
10081.3848 1.2989e-02
10084.4102 5.7226e-03
10087.4346 1.1167e-02
10090.4619 1.1791e-02
10093.4883 9.4785e-03
10096.5166 1.3824e-02
10099.5459 6.7064e-03
10102.5742 1.1102e-02
10105.6055 1.2240e-02
10108.6367 5.9934e-03
10111.6709 4.3760e-03
10114.7041 7.2459e-03
10117.7383 7.3210e-03
10120.7734 1.0457e-02
10123.8105 1.1850e-02
10126.8477 5.5587e-03
10129.8857 9.1597e-03
10132.9248 6.2769e-03
10135.9648 6.3811e-03
10139.0049 1.6622e-02
10142.0479 1.1138e-02
10145.0879 6.9144e-03
10148.1318 7.6665e-03
10151.1768 5.0883e-03
10154.2227 9.2158e-03
10157.2686 1.1259e-02
10160.3154 5.7489e-03
10163.3643 7.5478e-03
10166.4121 1.2067e-02
10169.4629 5.9512e-03
10172.5137 7.0303e-03
10175.5654 1.1403e-02
10178.6191 1.1645e-02
10181.6719 5.5700e-03
10184.7256 7.2449e-03
10187.7822 1.1697e-02
10190.8379 5.3192e-03
10193.8945 1.0576e-02
10196.9541 7.9809e-03
10200.0127 5.9100e-03
10203.0723 7.9798e-03
10206.1328 1.1483e-02
10209.1953 9.5227e-03
10212.2578 1.3447e-02
10215.3223 1.0496e-02
10218.3867 7.7719e-03
10221.4521 1.0991e-02
10224.5186 1.3279e-02
10227.5850 8.5077e-03
10230.6543 1.1292e-02
10233.7246 8.4585e-03
10236.7930 1.0227e-02
10239.8643 1.0793e-02
10242.9355 8.6940e-03
10246.0098 1.6181e-02
10249.0830 7.3232e-03
10252.1572 1.1568e-02
10255.2334 4.8479e-03
10258.3096 1.0695e-02
10261.3877 1.1563e-02
10264.4648 1.4122e-02
10267.5449 1.0328e-02
10270.6250 8.5456e-03
