# time_explosion = 16.75
# 
3082.8928 8.5235e-02
3083.8179 8.4854e-02
3084.7432 9.5097e-02
3085.6685 8.9161e-02
3086.5940 9.2158e-02
3087.5200 1.0763e-01
3088.4463 9.2531e-02
3089.3728 9.4182e-02
3090.2996 8.1841e-02
3091.2268 8.1636e-02
3092.1541 1.0308e-01
3093.0815 1.1122e-01
3094.0098 9.1080e-02
3094.9380 9.4335e-02
3095.8665 9.4444e-02
3096.7952 8.3296e-02
3097.7241 9.5831e-02
3098.6536 9.3680e-02
3099.5828 8.5021e-02
3100.5129 8.5927e-02
3101.4431 6.3587e-02
3102.3735 1.0417e-01
3103.3042 9.3570e-02
3104.2354 7.5364e-02
3105.1665 6.4202e-02
3106.0981 9.2924e-02
3107.0300 7.1845e-02
3107.9619 8.3121e-02
3108.8943 9.2880e-02
3109.8269 9.1072e-02
3110.7600 7.5112e-02
3111.6929 8.3130e-02
3112.6265 6.9034e-02
3113.5605 9.5094e-02
3114.4944 7.9769e-02
3115.4290 6.4895e-02
3116.3635 8.3153e-02
3117.2986 7.3585e-02
3118.2336 6.7268e-02
3119.1689 6.8441e-02
3120.1047 7.8411e-02
3121.0410 8.2663e-02
3121.9773 8.6083e-02
3122.9136 8.1183e-02
3123.8508 8.6274e-02
3124.7878 7.9006e-02
3125.7251 8.7572e-02
3126.6628 8.6399e-02
3127.6008 9.6014e-02
3128.5393 8.1545e-02
3129.4778 6.5716e-02
3130.4170 5.9084e-02
3131.3557 7.5517e-02
3132.2954 7.3151e-02
3133.2349 8.5132e-02
3134.1748 8.2876e-02
3135.1150 1.0267e-01
3136.0559 6.8803e-02
3136.9968 7.4985e-02
3137.9377 8.4239e-02
3138.8789 8.4184e-02
3139.8206 7.0354e-02
3140.7625 6.2140e-02
3141.7046 5.6578e-02
3142.6472 7.4809e-02
3143.5901 6.5735e-02
3144.5334 6.6464e-02
3145.4766 8.6037e-02
3146.4202 7.2927e-02
3147.3643 9.8055e-02
3148.3086 6.7078e-02
3149.2529 7.5050e-02
3150.1975 7.1163e-02
3151.1426 7.3835e-02
3152.0881 6.9325e-02
3153.0337 8.6268e-02
3153.9795 6.6917e-02
3154.9255 7.7696e-02
3155.8723 7.3770e-02
3156.8188 6.8213e-02
3157.7661 7.4993e-02
3158.7134 7.8346e-02
3159.6609 8.4515e-02
3160.6086 7.4390e-02
3161.5571 5.4341e-02
3162.5054 5.9368e-02
3163.4541 8.6625e-02
3164.4031 7.5463e-02
3165.3528 7.9480e-02
3166.3022 8.8635e-02
3167.2522 7.5017e-02
3168.2024 6.0461e-02
3169.1526 6.7039e-02
3170.1035 5.6145e-02
3171.0544 6.8315e-02
3172.0061 7.4207e-02
3172.9573 6.5601e-02
3173.9092 7.4407e-02
3174.8613 8.1905e-02
3175.8140 6.5065e-02
3176.7668 6.2327e-02
3177.7197 7.7498e-02
3178.6729 7.0496e-02
3179.6267 7.0750e-02
3180.5808 7.5955e-02
3181.5347 7.9523e-02
3182.4893 8.4145e-02
3183.4438 8.1937e-02
3184.3987 1.0294e-01
3185.3542 9.3653e-02
3186.3101 8.0055e-02
3187.2659 8.4456e-02
3188.2217 7.3142e-02
3189.1785 7.7787e-02
3190.1350 8.1100e-02
3191.0920 6.6039e-02
3192.0493 7.3274e-02
3193.0071 7.3480e-02
3193.9651 1.0099e-01
3194.9233 7.3241e-02
3195.8818 7.9452e-02
3196.8408 7.4022e-02
3197.7996 9.2046e-02
3198.7590 1.0441e-01
3199.7185 7.9237e-02
3200.6782 9.3071e-02
3201.6387 8.8355e-02
3202.5991 8.3734e-02
3203.5598 9.2122e-02
3204.5208 8.9299e-02
3205.4824 7.6404e-02
3206.4441 6.4880e-02
3207.4058 7.3204e-02
3208.3682 9.7132e-02
3209.3306 6.6676e-02
3210.2935 7.4253e-02
3211.2563 8.2773e-02
3212.2200 8.2084e-02
3213.1833 9.3810e-02
3214.1472 8.4891e-02
3215.1118 8.9579e-02
3216.0764 1.0246e-01
3217.0413 8.9935e-02
3218.0061 7.4565e-02
3218.9714 8.6764e-02
3219.9373 7.8166e-02
3220.9031 7.9002e-02
3221.8699 6.7503e-02
3222.8362 8.3584e-02
3223.8030 8.9243e-02
3224.7700 6.8750e-02
3225.7375 7.3438e-02
3226.7053 5.8088e-02
3227.6731 7.1826e-02
3228.6416 8.3456e-02
3229.6101 8.2889e-02
3230.5791 5.6182e-02
3231.5483 9.4260e-02
3232.5178 7.0788e-02
3233.4875 7.2631e-02
3234.4575 8.0955e-02
3235.4280 7.6289e-02
3236.3984 7.4033e-02
3237.3691 6.9022e-02
3238.3403 7.2898e-02
3239.3120 7.8717e-02
3240.2839 7.3586e-02
3241.2559 8.0221e-02
3242.2285 9.0047e-02
3243.2012 6.6306e-02
3244.1743 7.4666e-02
3245.1472 1.0252e-01
3246.1208 7.0323e-02
3247.0947 7.3461e-02
3248.0688 6.6661e-02
3249.0432 7.3558e-02
3250.0178 6.4139e-02
3250.9929 7.3577e-02
3251.9680 7.8471e-02
3252.9438 7.1890e-02
3253.9194 7.9627e-02
3254.8958 6.4017e-02
3255.8723 7.5475e-02
3256.8489 7.2403e-02
3257.8262 5.8526e-02
3258.8035 8.4559e-02
3259.7810 5.9722e-02
3260.7593 8.0293e-02
3261.7373 7.2267e-02
3262.7158 7.7416e-02
3263.6946 8.4287e-02
3264.6736 5.0941e-02
3265.6531 6.9105e-02
3266.6331 7.0307e-02
3267.6130 7.1696e-02
3268.5930 6.6376e-02
3269.5735 6.8817e-02
3270.5544 7.7066e-02
3271.5356 8.7582e-02
3272.5171 8.7311e-02
3273.4990 7.7442e-02
3274.4812 6.0082e-02
3275.4634 8.2036e-02
3276.4458 5.3365e-02
3277.4287 7.3796e-02
3278.4124 8.7448e-02
3279.3958 5.8210e-02
3280.3794 6.7927e-02
3281.3635 7.3970e-02
3282.3479 7.4111e-02
3283.3325 6.8794e-02
3284.3179 8.8848e-02
3285.3030 6.0368e-02
3286.2888 5.9129e-02
3287.2744 7.2773e-02
3288.2605 8.0551e-02
3289.2471 9.0196e-02
3290.2339 8.6545e-02
3291.2212 9.3400e-02
3292.2083 8.4362e-02
3293.1958 8.1691e-02
3294.1838 7.7244e-02
3295.1724 9.1684e-02
3296.1609 7.2903e-02
3297.1497 8.6684e-02
3298.1387 1.0477e-01
3299.1282 6.9111e-02
3300.1177 8.9206e-02
3301.1079 8.6747e-02
3302.0984 9.0078e-02
3303.0889 9.9127e-02
3304.0798 1.2178e-01
3305.0713 8.1819e-02
3306.0627 9.0635e-02
3307.0544 8.5946e-02
3308.0466 9.9604e-02
3309.0391 8.0884e-02
3310.0317 9.8360e-02
3311.0247 9.2663e-02
3312.0178 1.0650e-01
3313.0117 1.2877e-01
3314.0054 8.7549e-02
3315.0000 1.1341e-01
3315.9941 1.0250e-01
3316.9890 9.8538e-02
3317.9839 1.0814e-01
3318.9795 1.0012e-01
3319.9751 1.1885e-01
3320.9712 1.1288e-01
3321.9678 1.2687e-01
3322.9639 1.0981e-01
3323.9607 1.1093e-01
3324.9580 1.1166e-01
3325.9558 1.1093e-01
3326.9536 1.3676e-01
3327.9514 1.2322e-01
3328.9497 1.2222e-01
3329.9482 1.2977e-01
3330.9475 1.2064e-01
3331.9468 1.1779e-01
3332.9463 1.2543e-01
3333.9463 1.0518e-01
3334.9463 1.2063e-01
3335.9473 1.2985e-01
3336.9478 1.0908e-01
3337.9487 1.4364e-01
3338.9502 1.2275e-01
3339.9517 1.2603e-01
3340.9536 1.3199e-01
3341.9561 1.3581e-01
3342.9587 1.4094e-01
3343.9614 1.0511e-01
3344.9651 1.2315e-01
3345.9685 1.4714e-01
3346.9722 1.4527e-01
3347.9763 1.4490e-01
3348.9805 1.4194e-01
3349.9854 1.3545e-01
3350.9902 1.5878e-01
3351.9956 1.1724e-01
3353.0010 1.2696e-01
3354.0073 1.4845e-01
3355.0129 1.4830e-01
3356.0198 1.3403e-01
3357.0264 1.4399e-01
3358.0334 1.1828e-01
3359.0410 1.4085e-01
3360.0488 1.3445e-01
3361.0569 1.4534e-01
3362.0654 1.5865e-01
3363.0740 1.2092e-01
3364.0828 1.4863e-01
3365.0918 1.2762e-01
3366.1013 1.2530e-01
3367.1113 1.5489e-01
3368.1213 1.3581e-01
3369.1318 1.2750e-01
3370.1426 1.3932e-01
3371.1536 1.2118e-01
3372.1650 1.5162e-01
3373.1768 1.4065e-01
3374.1885 1.4478e-01
3375.2004 1.4476e-01
3376.2134 1.6073e-01
3377.2261 1.3478e-01
3378.2395 1.7454e-01
3379.2529 1.4268e-01
3380.2664 1.5335e-01
3381.2805 1.5215e-01
3382.2952 1.4003e-01
3383.3098 1.6533e-01
3384.3250 1.5250e-01
3385.3401 1.4656e-01
3386.3557 1.5138e-01
3387.3716 1.5388e-01
3388.3879 1.5988e-01
3389.4045 1.4503e-01
3390.4211 1.3289e-01
3391.4385 1.4161e-01
3392.4558 1.6485e-01
3393.4736 1.6251e-01
3394.4915 1.3186e-01
3395.5100 1.5906e-01
3396.5286 1.3923e-01
3397.5474 1.5238e-01
3398.5667 1.6084e-01
3399.5862 1.8872e-01
3400.6062 1.7284e-01
3401.6262 1.6374e-01
3402.6467 1.4210e-01
3403.6677 1.5738e-01
3404.6887 1.6019e-01
3405.7100 1.4879e-01
3406.7319 1.4790e-01
3407.7539 1.6283e-01
3408.7764 1.8310e-01
3409.7988 1.5275e-01
3410.8218 1.8884e-01
3411.8450 1.5162e-01
3412.8687 1.8343e-01
3413.8923 1.8846e-01
3414.9167 1.7137e-01
3415.9412 1.4340e-01
3416.9658 1.8569e-01
3417.9907 1.9382e-01
3419.0164 1.7672e-01
3420.0420 1.6588e-01
3421.0681 1.8420e-01
3422.0945 1.9822e-01
3423.1208 1.8277e-01
3424.1479 1.8820e-01
3425.1753 1.6071e-01
3426.2029 1.5214e-01
3427.2307 1.8054e-01
3428.2588 2.0263e-01
3429.2871 1.9009e-01
3430.3159 2.2503e-01
3431.3452 2.2955e-01
3432.3748 1.8868e-01
3433.4041 2.2994e-01
3434.4346 2.0678e-01
3435.4646 1.9114e-01
3436.4954 2.1602e-01
3437.5261 2.0539e-01
3438.5579 2.1407e-01
3439.5894 2.1315e-01
3440.6208 2.2263e-01
3441.6531 2.2090e-01
3442.6855 2.1098e-01
3443.7183 2.1689e-01
3444.7515 2.3694e-01
3445.7852 2.3244e-01
3446.8186 2.5075e-01
3447.8525 2.3142e-01
3448.8872 2.4478e-01
3449.9216 2.5533e-01
3450.9568 2.5901e-01
3451.9919 2.3608e-01
3453.0276 2.3156e-01
3454.0637 2.4050e-01
3455.0999 2.5287e-01
3456.1362 2.4734e-01
3457.1731 2.1551e-01
3458.2102 2.7298e-01
3459.2476 2.2984e-01
3460.2856 2.4945e-01
3461.3235 2.7377e-01
3462.3621 2.4226e-01
3463.4004 2.7597e-01
3464.4399 2.6043e-01
3465.4790 2.7565e-01
3466.5188 2.8029e-01
3467.5586 2.6285e-01
3468.5989 2.5033e-01
3469.6394 2.9526e-01
3470.6804 2.7380e-01
3471.7217 2.5996e-01
3472.7629 2.9256e-01
3473.8049 2.4615e-01
3474.8469 2.4894e-01
3475.8894 2.6398e-01
3476.9321 2.6277e-01
3477.9751 2.6168e-01
3479.0188 2.9078e-01
3480.0625 2.8694e-01
3481.1064 2.6423e-01
3482.1509 2.9196e-01
3483.1956 2.6417e-01
3484.2407 2.5664e-01
3485.2856 2.3723e-01
3486.3313 2.7138e-01
3487.3772 2.4831e-01
3488.4233 2.9191e-01
3489.4697 3.1538e-01
3490.5168 2.6097e-01
3491.5640 3.1899e-01
3492.6116 2.7260e-01
3493.6592 2.5870e-01
3494.7073 2.3335e-01
3495.7556 2.8181e-01
3496.8044 2.6009e-01
3497.8535 3.0247e-01
3498.9026 2.8607e-01
3499.9526 2.7684e-01
3501.0024 2.4376e-01
3502.0527 3.1540e-01
3503.1033 3.0113e-01
3504.1543 2.6765e-01
3505.2058 2.7018e-01
3506.2571 3.1535e-01
3507.3088 2.5740e-01
3508.3613 3.0123e-01
3509.4136 2.9511e-01
3510.4663 2.5784e-01
3511.5193 3.0192e-01
3512.5730 2.8885e-01
3513.6270 2.9403e-01
3514.6809 2.6910e-01
3515.7351 3.1889e-01
3516.7898 2.9400e-01
3517.8452 2.6012e-01
3518.9004 3.0370e-01
3519.9561 2.9258e-01
3521.0122 3.0670e-01
3522.0686 2.7482e-01
3523.1250 2.8786e-01
3524.1821 3.0943e-01
3525.2390 2.6726e-01
3526.2969 2.8154e-01
3527.3547 2.7351e-01
3528.4126 3.1490e-01
3529.4714 2.8653e-01
3530.5303 3.0321e-01
3531.5894 2.5334e-01
3532.6487 2.4727e-01
3533.7090 2.7422e-01
3534.7688 3.1216e-01
3535.8293 2.9155e-01
3536.8901 2.6709e-01
3537.9512 2.7285e-01
3539.0122 2.3232e-01
3540.0740 2.9097e-01
3541.1360 2.3195e-01
3542.1987 2.6267e-01
3543.2612 2.5823e-01
3544.3245 2.7352e-01
3545.3875 2.7252e-01
3546.4509 2.3720e-01
3547.5154 2.4434e-01
3548.5793 2.4235e-01
3549.6438 2.6774e-01
3550.7087 2.4299e-01
3551.7739 2.2023e-01
3552.8396 2.5981e-01
3553.9053 2.4517e-01
3554.9714 2.1207e-01
3556.0378 2.5098e-01
3557.1050 2.3223e-01
3558.1716 2.1914e-01
3559.2395 2.2891e-01
3560.3071 2.6435e-01
3561.3752 2.3532e-01
3562.4436 2.2662e-01
3563.5125 2.3565e-01
3564.5813 1.8681e-01
3565.6506 2.6363e-01
3566.7205 2.2298e-01
3567.7905 2.1144e-01
3568.8611 2.0238e-01
3569.9316 2.0433e-01
3571.0027 2.1850e-01
3572.0737 2.3352e-01
3573.1455 2.0902e-01
3574.2175 2.0396e-01
3575.2896 2.0481e-01
3576.3625 1.9973e-01
3577.4351 1.7843e-01
3578.5083 1.8514e-01
3579.5820 2.2033e-01
3580.6560 1.9364e-01
3581.7300 1.9016e-01
3582.8047 1.6396e-01
3583.8792 2.1106e-01
3584.9546 1.9268e-01
3586.0298 1.9694e-01
3587.1060 2.1993e-01
3588.1821 2.1237e-01
3589.2583 2.0251e-01
3590.3352 2.0010e-01
3591.4124 1.8121e-01
3592.4897 1.7565e-01
3593.5671 1.8033e-01
3594.6455 2.1169e-01
3595.7241 1.9074e-01
3596.8025 1.8053e-01
3597.8818 1.9450e-01
3598.9609 1.6337e-01
3600.0405 1.6497e-01
3601.1204 1.7285e-01
3602.2009 1.9172e-01
3603.2817 1.6037e-01
3604.3625 1.7643e-01
3605.4441 2.0556e-01
3606.5256 1.8990e-01
3607.6074 1.8735e-01
3608.6899 1.3880e-01
3609.7725 1.6435e-01
3610.8552 1.6835e-01
3611.9385 1.8922e-01
3613.0222 1.4307e-01
3614.1062 1.7380e-01
3615.1904 1.4888e-01
3616.2749 1.8056e-01
3617.3599 1.8176e-01
3618.4451 1.6943e-01
3619.5303 1.6735e-01
3620.6165 1.8889e-01
3621.7024 1.5515e-01
3622.7891 1.6355e-01
3623.8760 1.4956e-01
3624.9631 1.6153e-01
3626.0508 1.6962e-01
3627.1382 1.5182e-01
3628.2266 1.5501e-01
3629.3152 1.4233e-01
3630.4038 1.2677e-01
3631.4927 1.4481e-01
3632.5825 1.5719e-01
3633.6721 1.7246e-01
3634.7622 1.5940e-01
3635.8528 1.8745e-01
3636.9434 1.5272e-01
3638.0347 1.5120e-01
3639.1257 1.6304e-01
3640.2178 1.6470e-01
3641.3098 1.8006e-01
3642.4021 1.6332e-01
3643.4946 1.3710e-01
3644.5881 1.7162e-01
3645.6814 1.5513e-01
3646.7751 1.6272e-01
3647.8691 1.6843e-01
3648.9634 1.3027e-01
3650.0581 1.6210e-01
3651.1533 1.6393e-01
3652.2480 1.5387e-01
3653.3442 1.3187e-01
3654.4402 1.5810e-01
3655.5364 1.6191e-01
3656.6333 1.5768e-01
3657.7300 1.5143e-01
3658.8274 1.5863e-01
3659.9250 1.6702e-01
3661.0232 1.5379e-01
3662.1213 1.7357e-01
3663.2202 1.6006e-01
3664.3188 1.6168e-01
3665.4182 1.5559e-01
3666.5181 1.3474e-01
3667.6179 1.5967e-01
3668.7183 1.5515e-01
3669.8186 1.5026e-01
3670.9197 1.5888e-01
3672.0210 1.8697e-01
3673.1226 1.7251e-01
3674.2241 2.0058e-01
3675.3269 1.9682e-01
3676.4294 1.5652e-01
3677.5325 1.8810e-01
3678.6355 2.1025e-01
3679.7390 1.9353e-01
3680.8430 1.7771e-01
3681.9473 1.8849e-01
3683.0518 1.9204e-01
3684.1570 1.7619e-01
3685.2620 1.7615e-01
3686.3677 1.8321e-01
3687.4739 1.6401e-01
3688.5796 1.9580e-01
3689.6865 2.1968e-01
3690.7932 1.9784e-01
3691.9006 2.0880e-01
3693.0081 2.2340e-01
3694.1160 2.1684e-01
3695.2241 2.3873e-01
3696.3328 2.3115e-01
3697.4417 2.3723e-01
3698.5508 2.0761e-01
3699.6606 2.1471e-01
3700.7703 2.7351e-01
3701.8806 2.3915e-01
3702.9910 2.4649e-01
3704.1023 2.7354e-01
3705.2136 2.6817e-01
3706.3247 2.4814e-01
3707.4370 2.6302e-01
3708.5491 2.5793e-01
3709.6616 2.7964e-01
3710.7744 2.8077e-01
3711.8877 2.8902e-01
3713.0012 3.0047e-01
3714.1152 2.7914e-01
3715.2292 2.8182e-01
3716.3440 2.9592e-01
3717.4590 2.7965e-01
3718.5742 3.0192e-01
3719.6897 2.9126e-01
3720.8057 3.1937e-01
3721.9219 3.5930e-01
3723.0383 3.2744e-01
3724.1553 3.5180e-01
3725.2725 2.8648e-01
3726.3904 3.3791e-01
3727.5081 3.8540e-01
3728.6265 3.1959e-01
3729.7451 3.7898e-01
3730.8640 3.6496e-01
3731.9832 3.9400e-01
3733.1028 3.3903e-01
3734.2227 3.4459e-01
3735.3428 3.5331e-01
3736.4636 3.5460e-01
3737.5842 3.5568e-01
3738.7056 4.0421e-01
3739.8276 3.6759e-01
3740.9490 3.5280e-01
3742.0718 3.4586e-01
3743.1943 3.2249e-01
3744.3171 4.0271e-01
3745.4404 3.6292e-01
3746.5640 3.5125e-01
3747.6880 3.7224e-01
3748.8125 3.9458e-01
3749.9368 3.6677e-01
3751.0620 3.6510e-01
3752.1873 3.4336e-01
3753.3130 3.6983e-01
3754.4387 3.5951e-01
3755.5652 3.4606e-01
3756.6919 3.3348e-01
3757.8188 3.5113e-01
3758.9463 3.1374e-01
3760.0737 3.0260e-01
3761.2019 3.4151e-01
3762.3306 3.4940e-01
3763.4590 2.8266e-01
3764.5881 2.9977e-01
3765.7175 3.4028e-01
3766.8472 2.8910e-01
3767.9771 2.8240e-01
3769.1079 2.8172e-01
3770.2383 2.7094e-01
3771.3694 2.8754e-01
3772.5007 2.9548e-01
3773.6328 3.3101e-01
3774.7646 2.9518e-01
3775.8972 2.7417e-01
3777.0298 2.7360e-01
3778.1628 2.5270e-01
3779.2964 2.9793e-01
3780.4302 2.7309e-01
3781.5642 2.9182e-01
3782.6987 2.6049e-01
3783.8335 2.3363e-01
3784.9690 2.4255e-01
3786.1042 2.1759e-01
3787.2400 2.3228e-01
3788.3762 2.0791e-01
3789.5125 2.3481e-01
3790.6497 2.5088e-01
3791.7869 2.8124e-01
3792.9246 2.4820e-01
3794.0625 2.1052e-01
3795.2007 2.2972e-01
3796.3391 2.0663e-01
3797.4778 2.2285e-01
3798.6169 1.8787e-01
3799.7568 1.9961e-01
3800.8967 2.0238e-01
3802.0371 2.0916e-01
3803.1775 1.8221e-01
3804.3181 1.8157e-01
3805.4597 1.8556e-01
3806.6013 1.7533e-01
3807.7434 1.6511e-01
3808.8857 1.7784e-01
3810.0286 1.7878e-01
3811.1714 1.8468e-01
3812.3149 1.5128e-01
3813.4583 1.8525e-01
3814.6025 1.7653e-01
3815.7468 1.4602e-01
3816.8916 1.7509e-01
3818.0369 1.5003e-01
3819.1824 1.6096e-01
3820.3281 1.5773e-01
3821.4741 1.6263e-01
3822.6201 1.4306e-01
3823.7671 1.3189e-01
3824.9143 1.3606e-01
3826.0615 1.4601e-01
3827.2097 1.4008e-01
3828.3577 1.5991e-01
3829.5063 1.3811e-01
3830.6553 1.3831e-01
3831.8044 1.8026e-01
3832.9539 1.4141e-01
3834.1035 1.6594e-01
3835.2539 1.2284e-01
3836.4045 1.1418e-01
3837.5554 1.3501e-01
3838.7068 1.5166e-01
3839.8582 1.4394e-01
3841.0103 1.6866e-01
3842.1628 1.4058e-01
3843.3152 1.5336e-01
3844.4683 1.6740e-01
3845.6216 1.5810e-01
3846.7754 1.8228e-01
3847.9294 1.5354e-01
3849.0835 1.6902e-01
3850.2383 1.6946e-01
3851.3933 1.6131e-01
3852.5488 1.4988e-01
3853.7051 1.6202e-01
3854.8606 1.7649e-01
3856.0173 1.4375e-01
3857.1741 1.6942e-01
3858.3313 1.7325e-01
3859.4883 1.5988e-01
3860.6465 1.7099e-01
3861.8047 1.6837e-01
3862.9631 1.7003e-01
3864.1221 1.5914e-01
3865.2815 1.7478e-01
3866.4412 1.5688e-01
3867.6011 1.6162e-01
3868.7610 1.6174e-01
3869.9216 1.6365e-01
3871.0828 1.8279e-01
3872.2441 1.5966e-01
3873.4058 1.8499e-01
3874.5676 1.5689e-01
3875.7302 1.8397e-01
3876.8931 1.7651e-01
3878.0559 1.9997e-01
3879.2192 1.7672e-01
3880.3831 1.8110e-01
3881.5474 1.7630e-01
3882.7119 2.1491e-01
3883.8767 1.6901e-01
3885.0420 2.0446e-01
3886.2073 1.7708e-01
3887.3728 2.0934e-01
3888.5391 1.9138e-01
3889.7061 2.1535e-01
3890.8730 1.9818e-01
3892.0400 1.7501e-01
3893.2078 2.0292e-01
3894.3755 1.9696e-01
3895.5439 1.7453e-01
3896.7126 1.9022e-01
3897.8813 1.8838e-01
3899.0508 2.2889e-01
3900.2209 2.3562e-01
3901.3909 2.0146e-01
3902.5613 2.0361e-01
3903.7322 1.8502e-01
3904.9031 2.2201e-01
3906.0747 1.9006e-01
3907.2463 2.0896e-01
3908.4187 2.0075e-01
3909.5911 2.0540e-01
3910.7642 2.0299e-01
3911.9373 1.9465e-01
3913.1111 2.4763e-01
3914.2849 2.3746e-01
3915.4592 2.5020e-01
3916.6335 2.2814e-01
3917.8086 2.2041e-01
3918.9839 1.8988e-01
3920.1597 2.2644e-01
3921.3359 2.4228e-01
3922.5120 2.0409e-01
3923.6887 2.2092e-01
3924.8660 2.1359e-01
3926.0432 2.1702e-01
3927.2212 2.1590e-01
3928.3994 2.2238e-01
3929.5779 2.4653e-01
3930.7568 2.3186e-01
3931.9360 2.7031e-01
3933.1157 2.2063e-01
3934.2954 2.3879e-01
3935.4758 2.2576e-01
3936.6562 2.1597e-01
3937.8374 2.5410e-01
3939.0186 2.4887e-01
3940.2004 2.4461e-01
3941.3826 2.7708e-01
3942.5649 2.5701e-01
3943.7478 2.3339e-01
3944.9307 2.6519e-01
3946.1147 2.9984e-01
3947.2983 2.9507e-01
3948.4824 2.7439e-01
3949.6670 2.8241e-01
3950.8521 2.8168e-01
3952.0369 3.1851e-01
3953.2227 2.6850e-01
3954.4089 3.0160e-01
3955.5950 3.1898e-01
3956.7812 3.5865e-01
3957.9688 3.1714e-01
3959.1560 3.1585e-01
3960.3438 2.7146e-01
3961.5320 3.1485e-01
3962.7202 2.9420e-01
3963.9094 3.2746e-01
3965.0984 3.2842e-01
3966.2881 3.3048e-01
3967.4778 3.3291e-01
3968.6680 3.4814e-01
3969.8584 3.3651e-01
3971.0498 3.5637e-01
3972.2412 3.0906e-01
3973.4326 3.5716e-01
3974.6248 3.2808e-01
3975.8171 3.6726e-01
3977.0095 3.6721e-01
3978.2029 3.5139e-01
3979.3962 3.7846e-01
3980.5901 3.5562e-01
3981.7844 3.6632e-01
3982.9790 3.4051e-01
3984.1736 3.5420e-01
3985.3691 3.8174e-01
3986.5647 3.5432e-01
3987.7605 3.6128e-01
3988.9568 3.7088e-01
3990.1538 3.8219e-01
3991.3506 3.5210e-01
3992.5481 3.6116e-01
3993.7456 3.9675e-01
3994.9441 3.5928e-01
3996.1423 3.3877e-01
3997.3413 4.0211e-01
3998.5408 3.6039e-01
3999.7397 4.0181e-01
4000.9402 3.6432e-01
4002.1401 3.8643e-01
4003.3408 4.0689e-01
4004.5415 3.9852e-01
4005.7434 4.0385e-01
4006.9448 3.6499e-01
4008.1470 3.7038e-01
4009.3496 4.0291e-01
4010.5522 4.1236e-01
4011.7556 3.6176e-01
4012.9587 3.8638e-01
4014.1628 3.6347e-01
4015.3672 3.5752e-01
4016.5715 4.4170e-01
4017.7769 3.9509e-01
4018.9817 4.0924e-01
4020.1875 3.5475e-01
4021.3936 4.1455e-01
4022.6003 3.9069e-01
4023.8071 4.0143e-01
4025.0142 3.8621e-01
4026.2214 3.8614e-01
4027.4294 3.8709e-01
4028.6377 4.2680e-01
4029.8462 4.2423e-01
4031.0554 4.3700e-01
4032.2646 4.2085e-01
4033.4744 3.8205e-01
4034.6843 3.7054e-01
4035.8945 3.8865e-01
4037.1052 4.0373e-01
4038.3167 3.9892e-01
4039.5281 3.7849e-01
4040.7397 3.8610e-01
4041.9524 3.5739e-01
4043.1648 4.0056e-01
4044.3777 3.5726e-01
4045.5913 3.6873e-01
4046.8047 3.7432e-01
4048.0186 3.6908e-01
4049.2332 3.8621e-01
4050.4480 3.9116e-01
4051.6628 3.9273e-01
4052.8784 3.6569e-01
4054.0942 3.8563e-01
4055.3108 3.8132e-01
4056.5273 3.6432e-01
4057.7444 3.3690e-01
4058.9614 3.5031e-01
4060.1792 3.3336e-01
4061.3970 3.8688e-01
4062.6155 3.2541e-01
4063.8345 3.7286e-01
4065.0535 3.4572e-01
4066.2732 3.2454e-01
4067.4929 3.4136e-01
4068.7131 3.4026e-01
4069.9338 3.0156e-01
4071.1548 3.3302e-01
4072.3762 3.4753e-01
4073.5981 3.1068e-01
4074.8201 3.0728e-01
4076.0427 3.2429e-01
4077.2654 3.3456e-01
4078.4885 3.1611e-01
4079.7119 3.4852e-01
4080.9358 3.0261e-01
4082.1602 3.3521e-01
4083.3845 3.0887e-01
4084.6099 3.2878e-01
4085.8354 2.8928e-01
4087.0608 3.3786e-01
4088.2869 3.1673e-01
4089.5137 3.1938e-01
4090.7407 3.3003e-01
4091.9678 3.2013e-01
4093.1953 2.9794e-01
4094.4233 2.8873e-01
4095.6519 3.1617e-01
4096.8799 3.1359e-01
4098.1094 2.8168e-01
4099.3384 3.1020e-01
4100.5684 2.9433e-01
4101.7988 2.7715e-01
4103.0293 3.1358e-01
4104.2598 3.0022e-01
4105.4912 2.8564e-01
4106.7231 3.0858e-01
4107.9546 2.7074e-01
4109.1875 2.7992e-01
4110.4204 2.9466e-01
4111.6533 2.9734e-01
4112.8867 2.8455e-01
4114.1211 3.0537e-01
4115.3545 3.1348e-01
4116.5898 2.9108e-01
4117.8247 2.8455e-01
4119.0596 2.8989e-01
4120.2954 3.0780e-01
4121.5317 2.9652e-01
4122.7681 2.9991e-01
4124.0049 3.0400e-01
4125.2422 3.1104e-01
4126.4800 2.9287e-01
4127.7178 2.5503e-01
4128.9561 3.1741e-01
4130.1948 3.1143e-01
4131.4336 2.8974e-01
4132.6733 2.9992e-01
4133.9126 3.0511e-01
4135.1533 3.2458e-01
4136.3936 3.1674e-01
4137.6348 3.1780e-01
4138.8760 2.9862e-01
4140.1172 3.0287e-01
4141.3599 3.1563e-01
4142.6021 2.8393e-01
4143.8447 3.0759e-01
4145.0879 3.0118e-01
4146.3315 2.6095e-01
4147.5752 2.8327e-01
4148.8198 2.8882e-01
4150.0640 2.5076e-01
4151.3091 2.7365e-01
4152.5547 3.1127e-01
4153.8003 2.7728e-01
4155.0464 2.9002e-01
4156.2930 2.7305e-01
4157.5400 2.6894e-01
4158.7871 2.6684e-01
4160.0352 3.0577e-01
4161.2827 3.0629e-01
4162.5312 2.8279e-01
4163.7803 2.7705e-01
4165.0293 2.6371e-01
4166.2783 2.7815e-01
4167.5288 2.6119e-01
4168.7788 2.7149e-01
4170.0298 2.5488e-01
4171.2803 2.9984e-01
4172.5317 2.5595e-01
4173.7837 2.7062e-01
4175.0356 2.6017e-01
4176.2886 2.9072e-01
4177.5410 2.5108e-01
4178.7944 2.6189e-01
4180.0479 2.7356e-01
4181.3022 2.5746e-01
4182.5566 2.7515e-01
4183.8115 2.7391e-01
4185.0664 2.7325e-01
4186.3223 2.7062e-01
4187.5776 2.4911e-01
4188.8340 2.6088e-01
4190.0903 2.6145e-01
4191.3477 2.4097e-01
4192.6050 2.5418e-01
4193.8628 2.9735e-01
4195.1206 2.5810e-01
4196.3794 2.6396e-01
4197.6387 2.5444e-01
4198.8975 2.5893e-01
4200.1577 2.6042e-01
4201.4175 2.7210e-01
4202.6782 2.6453e-01
4203.9390 2.7191e-01
4205.2002 2.7924e-01
4206.4614 2.9310e-01
4207.7231 2.4987e-01
4208.9858 2.9591e-01
4210.2485 3.0896e-01
4211.5112 2.6456e-01
4212.7749 2.7418e-01
4214.0391 2.6556e-01
4215.3032 2.7606e-01
4216.5679 2.8846e-01
4217.8330 2.7481e-01
4219.0981 2.7505e-01
4220.3638 2.8108e-01
4221.6299 2.6020e-01
4222.8965 2.6934e-01
4224.1636 2.9338e-01
4225.4302 3.0124e-01
4226.6978 2.9288e-01
4227.9658 2.7647e-01
4229.2349 2.7628e-01
4230.5034 2.9280e-01
4231.7725 2.8624e-01
4233.0415 3.2421e-01
4234.3115 2.5653e-01
4235.5825 2.5615e-01
4236.8525 2.6461e-01
4238.1235 2.7930e-01
4239.3955 2.5128e-01
4240.6670 2.7998e-01
4241.9390 2.4909e-01
4243.2119 2.8398e-01
4244.4844 2.6782e-01
4245.7583 2.6963e-01
4247.0317 2.7342e-01
4248.3062 2.3802e-01
4249.5806 2.4671e-01
4250.8555 2.9639e-01
4252.1309 2.6305e-01
4253.4062 2.7524e-01
4254.6821 2.4382e-01
4255.9590 2.6406e-01
4257.2358 2.8324e-01
4258.5127 2.5700e-01
4259.7900 2.5810e-01
4261.0679 2.6758e-01
4262.3462 2.5622e-01
4263.6250 2.5350e-01
4264.9043 2.7297e-01
4266.1841 2.3235e-01
4267.4639 2.4556e-01
4268.7432 2.5661e-01
4270.0244 2.7691e-01
4271.3052 2.6370e-01
4272.5869 2.6288e-01
4273.8682 2.7391e-01
4275.1509 2.7071e-01
4276.4336 2.9234e-01
4277.7163 2.5345e-01
4278.9995 2.4616e-01
4280.2837 2.5508e-01
4281.5674 2.5198e-01
4282.8521 2.8354e-01
4284.1367 2.7917e-01
4285.4219 2.3624e-01
4286.7075 2.6595e-01
4287.9937 2.6615e-01
4289.2798 2.5418e-01
4290.5669 2.9662e-01
4291.8540 2.6725e-01
4293.1416 2.6909e-01
4294.4292 2.6012e-01
4295.7183 2.8293e-01
4297.0063 2.6762e-01
4298.2954 2.3616e-01
4299.5854 2.8314e-01
4300.8750 2.4515e-01
4302.1650 2.7685e-01
4303.4561 2.8847e-01
4304.7471 2.4272e-01
4306.0381 2.4708e-01
4307.3301 2.6484e-01
4308.6221 2.9624e-01
4309.9150 2.5979e-01
4311.2075 2.4467e-01
4312.5015 2.5874e-01
4313.7949 2.6628e-01
4315.0889 2.6469e-01
4316.3838 2.4394e-01
4317.6787 2.9399e-01
4318.9741 2.5259e-01
4320.2700 2.6235e-01
4321.5654 2.9645e-01
4322.8623 2.4470e-01
4324.1592 2.4598e-01
4325.4565 2.8342e-01
4326.7539 2.3860e-01
4328.0518 2.5807e-01
4329.3501 2.7217e-01
4330.6494 3.1620e-01
4331.9482 2.5168e-01
4333.2480 3.0075e-01
4334.5479 2.6476e-01
4335.8477 2.5538e-01
4337.1489 2.3337e-01
4338.4502 2.3837e-01
4339.7515 2.7789e-01
4341.0537 2.8494e-01
4342.3560 2.3780e-01
4343.6582 2.4452e-01
4344.9614 2.6746e-01
4346.2646 2.6826e-01
4347.5693 2.7490e-01
4348.8735 2.5815e-01
4350.1782 2.5623e-01
4351.4829 2.6306e-01
4352.7886 2.6048e-01
4354.0938 2.5603e-01
4355.4009 2.4333e-01
4356.7070 2.5852e-01
4358.0137 2.7112e-01
4359.3218 2.5914e-01
4360.6294 2.6946e-01
4361.9375 2.2944e-01
4363.2461 2.5620e-01
4364.5552 2.7081e-01
4365.8643 2.1649e-01
4367.1743 2.8108e-01
4368.4844 2.6023e-01
4369.7954 2.5096e-01
4371.1060 2.4494e-01
4372.4170 2.6707e-01
4373.7285 2.6861e-01
4375.0415 2.1749e-01
4376.3540 2.4221e-01
4377.6665 2.2299e-01
4378.9800 2.6113e-01
4380.2935 2.6246e-01
4381.6074 2.4364e-01
4382.9219 2.1135e-01
4384.2363 2.5557e-01
4385.5522 2.2954e-01
4386.8677 2.3531e-01
4388.1841 2.3177e-01
4389.5010 2.0640e-01
4390.8169 2.4751e-01
4392.1343 2.0872e-01
4393.4521 2.2672e-01
4394.7700 2.2225e-01
4396.0884 2.0514e-01
4397.4077 2.3796e-01
4398.7266 2.2556e-01
4400.0464 2.2066e-01
4401.3667 2.0416e-01
4402.6870 2.2573e-01
4404.0073 2.2085e-01
4405.3291 2.2602e-01
4406.6504 2.0267e-01
4407.9722 2.1460e-01
4409.2944 2.1723e-01
4410.6172 2.0417e-01
4411.9404 2.2233e-01
4413.2642 2.2889e-01
4414.5879 2.0368e-01
4415.9126 2.1752e-01
4417.2373 2.2061e-01
4418.5625 2.0919e-01
4419.8882 2.1072e-01
4421.2139 2.0536e-01
4422.5405 2.3922e-01
4423.8672 2.4198e-01
4425.1938 2.3922e-01
4426.5220 2.1455e-01
4427.8496 2.3421e-01
4429.1787 2.1116e-01
4430.5063 2.2105e-01
4431.8364 1.6822e-01
4433.1655 2.7868e-01
4434.4956 2.6078e-01
4435.8262 2.2379e-01
4437.1567 2.4218e-01
4438.4878 2.2485e-01
4439.8193 2.0180e-01
4441.1514 2.3421e-01
4442.4834 2.2233e-01
4443.8164 2.1646e-01
4445.1494 2.3262e-01
4446.4829 2.5181e-01
4447.8169 2.2334e-01
4449.1514 2.1791e-01
4450.4863 2.4719e-01
4451.8213 2.5782e-01
4453.1567 2.4839e-01
4454.4927 2.7557e-01
4455.8291 2.7777e-01
4457.1660 2.6900e-01
4458.5029 2.3708e-01
4459.8403 2.2749e-01
4461.1787 2.7060e-01
4462.5171 2.7565e-01
4463.8555 2.7455e-01
4465.1948 2.8047e-01
4466.5347 2.6745e-01
4467.8740 2.6222e-01
4469.2144 2.6740e-01
4470.5552 2.9172e-01
4471.8970 2.7406e-01
4473.2383 2.9956e-01
4474.5806 2.7638e-01
4475.9229 2.8479e-01
4477.2651 2.6707e-01
4478.6084 2.7917e-01
4479.9521 2.6978e-01
4481.2959 2.7477e-01
4482.6406 3.0591e-01
4483.9854 2.8581e-01
4485.3306 2.9374e-01
4486.6763 2.6033e-01
4488.0220 3.3502e-01
4489.3682 2.8846e-01
4490.7153 3.0176e-01
4492.0620 2.7853e-01
4493.4102 2.9174e-01
4494.7578 3.1217e-01
4496.1069 3.1545e-01
4497.4556 3.0994e-01
4498.8047 3.1535e-01
4500.1543 3.0876e-01
4501.5044 3.2283e-01
4502.8550 3.5184e-01
4504.2056 3.1094e-01
4505.5566 3.3936e-01
4506.9082 3.3639e-01
4508.2607 3.2648e-01
4509.6133 3.3970e-01
4510.9658 3.3121e-01
4512.3193 3.1978e-01
4513.6729 3.0418e-01
4515.0273 3.7691e-01
4516.3818 3.1309e-01
4517.7363 3.1863e-01
4519.0918 3.2602e-01
4520.4473 3.1679e-01
4521.8037 3.4388e-01
4523.1606 3.5367e-01
4524.5171 3.2273e-01
4525.8750 3.5109e-01
4527.2324 3.6540e-01
4528.5903 3.4323e-01
4529.9492 3.4901e-01
4531.3081 3.3551e-01
4532.6675 3.7044e-01
4534.0269 3.9108e-01
4535.3872 3.8948e-01
4536.7480 3.3348e-01
4538.1094 3.5499e-01
4539.4702 3.2750e-01
4540.8320 3.3957e-01
4542.1943 3.2157e-01
4543.5576 3.7119e-01
4544.9199 3.4221e-01
4546.2842 3.7988e-01
4547.6475 3.6036e-01
4549.0117 3.9182e-01
4550.3770 3.7186e-01
4551.7417 3.9190e-01
4553.1074 3.7130e-01
4554.4731 3.8640e-01
4555.8398 3.6283e-01
4557.2061 3.8918e-01
4558.5732 4.1025e-01
4559.9414 3.8538e-01
4561.3086 3.7311e-01
4562.6772 3.4694e-01
4564.0459 3.6255e-01
4565.4150 3.5393e-01
4566.7852 3.6992e-01
4568.1553 3.6695e-01
4569.5249 3.4872e-01
4570.8965 3.7616e-01
4572.2676 3.9749e-01
4573.6392 4.1320e-01
4575.0117 3.4455e-01
4576.3838 3.8391e-01
4577.7568 3.8904e-01
4579.1304 3.9886e-01
4580.5039 3.7953e-01
4581.8784 3.7509e-01
4583.2524 3.9052e-01
4584.6274 3.8074e-01
4586.0029 3.8340e-01
4587.3789 3.7759e-01
4588.7549 3.9367e-01
4590.1318 3.8623e-01
4591.5083 3.7437e-01
4592.8857 3.6839e-01
4594.2642 3.6391e-01
4595.6426 3.7705e-01
4597.0210 3.9848e-01
4598.3999 3.6486e-01
4599.7798 3.8238e-01
4601.1597 3.8563e-01
4602.5396 3.5711e-01
4603.9204 3.8982e-01
4605.3022 3.6841e-01
4606.6836 4.1293e-01
4608.0649 3.7384e-01
4609.4478 3.7734e-01
4610.8306 3.7535e-01
4612.2144 3.6064e-01
4613.5977 3.7889e-01
4614.9819 3.6176e-01
4616.3662 3.9020e-01
4617.7515 3.8991e-01
4619.1362 3.7087e-01
4620.5225 4.1065e-01
4621.9082 3.7308e-01
4623.2949 3.6294e-01
4624.6816 3.6204e-01
4626.0693 3.5023e-01
4627.4570 3.2455e-01
4628.8457 3.8247e-01
4630.2334 3.6722e-01
4631.6230 3.3855e-01
4633.0127 3.3337e-01
4634.4028 3.7945e-01
4635.7935 3.5634e-01
4637.1831 3.7873e-01
4638.5742 3.6665e-01
4639.9658 3.6104e-01
4641.3579 3.5432e-01
4642.7505 3.4064e-01
4644.1436 3.3716e-01
4645.5371 3.4645e-01
4646.9307 3.5340e-01
4648.3247 3.5914e-01
4649.7188 3.6545e-01
4651.1138 3.4655e-01
4652.5093 3.3528e-01
4653.9048 3.5615e-01
4655.3018 3.2178e-01
4656.6978 3.6182e-01
4658.0947 3.2662e-01
4659.4922 3.6427e-01
4660.8896 3.3499e-01
4662.2886 3.3865e-01
4663.6865 3.3618e-01
4665.0859 3.5137e-01
4666.4854 3.2683e-01
4667.8853 3.5991e-01
4669.2861 3.4938e-01
4670.6870 3.5240e-01
4672.0874 3.2884e-01
4673.4897 3.3098e-01
4674.8916 3.5967e-01
4676.2944 3.4885e-01
4677.6968 3.1009e-01
4679.1006 3.4503e-01
4680.5039 3.6694e-01
4681.9082 3.4825e-01
4683.3125 3.5332e-01
4684.7173 3.3806e-01
4686.1230 3.3789e-01
4687.5288 3.4749e-01
4688.9351 3.0926e-01
4690.3423 3.2293e-01
4691.7490 3.2905e-01
4693.1562 3.4868e-01
4694.5645 3.0996e-01
4695.9731 3.2743e-01
4697.3818 3.2260e-01
4698.7910 3.3201e-01
4700.2002 3.3912e-01
4701.6104 3.5363e-01
4703.0205 3.5568e-01
4704.4316 3.4885e-01
4705.8433 3.3736e-01
4707.2549 3.3738e-01
4708.6670 3.4849e-01
4710.0796 3.3634e-01
4711.4927 3.5925e-01
4712.9058 3.1651e-01
4714.3203 3.6600e-01
4715.7344 3.2858e-01
4717.1494 3.3761e-01
4718.5645 3.4628e-01
4719.9800 3.4448e-01
4721.3955 3.2443e-01
4722.8120 3.0533e-01
4724.2290 3.2427e-01
4725.6460 3.2700e-01
4727.0645 2.8720e-01
4728.4824 3.3673e-01
4729.9004 3.2138e-01
4731.3198 3.2217e-01
4732.7388 3.0893e-01
4734.1587 3.3230e-01
4735.5791 3.3728e-01
4737.0000 3.2087e-01
4738.4209 3.2182e-01
4739.8428 3.1229e-01
4741.2646 3.2018e-01
4742.6870 3.0318e-01
4744.1094 3.4517e-01
4745.5327 3.4270e-01
4746.9565 3.0045e-01
4748.3804 3.1644e-01
4749.8052 3.3691e-01
4751.2300 2.9812e-01
4752.6548 2.9418e-01
4754.0811 3.2587e-01
4755.5078 2.7813e-01
4756.9341 3.1780e-01
4758.3608 3.3070e-01
4759.7886 3.1208e-01
4761.2168 3.5042e-01
4762.6445 3.0340e-01
4764.0737 2.9675e-01
4765.5029 3.1045e-01
4766.9326 2.6717e-01
4768.3628 3.0902e-01
4769.7930 2.8430e-01
4771.2236 2.8052e-01
4772.6553 3.1819e-01
4774.0869 2.7166e-01
4775.5190 3.0861e-01
4776.9521 3.1859e-01
4778.3853 2.7609e-01
4779.8184 2.7932e-01
4781.2524 2.7202e-01
4782.6870 2.7621e-01
4784.1226 2.5681e-01
4785.5571 3.0708e-01
4786.9927 2.9157e-01
4788.4292 2.7847e-01
4789.8652 2.9327e-01
4791.3022 2.7234e-01
4792.7397 3.0288e-01
4794.1777 3.2843e-01
4795.6152 2.9722e-01
4797.0542 2.8942e-01
4798.4937 2.9425e-01
4799.9331 3.1640e-01
4801.3735 2.9101e-01
4802.8140 2.8900e-01
4804.2544 2.9588e-01
4805.6958 2.7684e-01
4807.1377 2.7499e-01
4808.5796 3.1858e-01
4810.0220 3.1459e-01
4811.4653 2.9968e-01
4812.9087 2.5795e-01
4814.3525 2.8205e-01
4815.7969 3.0852e-01
4817.2417 2.8216e-01
4818.6865 2.7095e-01
4820.1328 3.0732e-01
4821.5786 3.1545e-01
4823.0249 3.4296e-01
4824.4717 2.7588e-01
4825.9189 2.6776e-01
4827.3667 3.0712e-01
4828.8149 2.8045e-01
4830.2637 2.7701e-01
4831.7124 2.5427e-01
4833.1621 2.9863e-01
4834.6118 2.9545e-01
4836.0620 2.8344e-01
4837.5137 2.6466e-01
4838.9644 2.6122e-01
4840.4165 2.9630e-01
4841.8687 3.0135e-01
4843.3208 2.8225e-01
4844.7739 2.9603e-01
4846.2275 2.6326e-01
4847.6812 2.6551e-01
4849.1357 2.6574e-01
4850.5903 3.0986e-01
4852.0454 2.5822e-01
4853.5015 2.4465e-01
4854.9575 2.5952e-01
4856.4136 2.8889e-01
4857.8706 2.8020e-01
4859.3281 2.8925e-01
4860.7861 2.7304e-01
4862.2437 2.6649e-01
4863.7026 2.5109e-01
4865.1621 2.5617e-01
4866.6211 2.4975e-01
4868.0815 2.7514e-01
4869.5420 2.3624e-01
4871.0024 2.7833e-01
4872.4639 2.6442e-01
4873.9263 2.5575e-01
4875.3877 2.8555e-01
4876.8506 2.5191e-01
4878.3135 2.3436e-01
4879.7773 2.3878e-01
4881.2412 2.4151e-01
4882.7051 2.6564e-01
4884.1704 2.3173e-01
4885.6357 2.2965e-01
4887.1011 2.6013e-01
4888.5674 2.6000e-01
4890.0337 2.4318e-01
4891.5010 2.4220e-01
4892.9683 2.2049e-01
4894.4360 2.6136e-01
4895.9043 2.6202e-01
4897.3730 2.5826e-01
4898.8423 2.3456e-01
4900.3120 2.4858e-01
4901.7827 2.6877e-01
4903.2529 2.4581e-01
4904.7231 2.5433e-01
4906.1953 2.4868e-01
4907.6675 2.5764e-01
4909.1392 2.4623e-01
4910.6123 2.5294e-01
4912.0854 2.5504e-01
4913.5586 2.5570e-01
4915.0332 2.5468e-01
4916.5073 2.6320e-01
4917.9819 2.3863e-01
4919.4575 2.4388e-01
4920.9331 2.4669e-01
4922.4097 2.7262e-01
4923.8872 2.5843e-01
4925.3638 2.5565e-01
4926.8418 2.3531e-01
4928.3188 2.4725e-01
4929.7979 2.5212e-01
4931.2769 2.7086e-01
4932.7563 2.4279e-01
4934.2358 2.2807e-01
4935.7168 2.2981e-01
4937.1963 2.2155e-01
4938.6782 2.7767e-01
4940.1597 2.3147e-01
4941.6416 2.4022e-01
4943.1250 2.1203e-01
4944.6069 2.3716e-01
4946.0908 2.4648e-01
4947.5752 2.4961e-01
4949.0586 2.5368e-01
4950.5435 2.0924e-01
4952.0278 2.3348e-01
4953.5142 2.3854e-01
4955.0010 2.4367e-01
4956.4873 2.2555e-01
4957.9741 2.1329e-01
4959.4614 2.0705e-01
4960.9492 2.3303e-01
4962.4370 2.0615e-01
4963.9258 1.9392e-01
4965.4150 2.0603e-01
4966.9048 2.1212e-01
4968.3945 2.1087e-01
4969.8853 1.9430e-01
4971.3765 1.8085e-01
4972.8677 2.0733e-01
4974.3599 1.9996e-01
4975.8521 2.0721e-01
4977.3447 1.7340e-01
4978.8379 1.9572e-01
4980.3315 1.9046e-01
4981.8257 1.8706e-01
4983.3203 1.8585e-01
4984.8159 1.8715e-01
4986.3105 2.0159e-01
4987.8066 1.9423e-01
4989.3027 1.8901e-01
4990.7998 1.9977e-01
4992.2974 1.8142e-01
4993.7939 1.8492e-01
4995.2930 1.9147e-01
4996.7915 1.7604e-01
4998.2905 1.9809e-01
4999.7896 1.9304e-01
5001.2896 1.9394e-01
5002.7900 2.0670e-01
5004.2915 1.9121e-01
5005.7925 1.8927e-01
5007.2944 1.6771e-01
5008.7964 1.9477e-01
5010.2993 1.7324e-01
5011.8022 1.8252e-01
5013.3057 1.7868e-01
5014.8101 1.9276e-01
5016.3145 1.9232e-01
5017.8184 1.7274e-01
5019.3247 1.9384e-01
5020.8301 1.9501e-01
5022.3359 1.7618e-01
5023.8428 2.0665e-01
5025.3496 1.8577e-01
5026.8579 1.8255e-01
5028.3657 1.9315e-01
5029.8740 1.5290e-01
5031.3828 1.9931e-01
5032.8926 2.2371e-01
5034.4023 2.0647e-01
5035.9131 1.7103e-01
5037.4233 2.0255e-01
5038.9346 1.9165e-01
5040.4463 2.3526e-01
5041.9585 1.8256e-01
5043.4712 2.0809e-01
5044.9839 2.0270e-01
5046.4980 2.0268e-01
5048.0112 2.1455e-01
5049.5259 2.0584e-01
5051.0415 2.1181e-01
5052.5562 1.8111e-01
5054.0723 2.0050e-01
5055.5884 1.8800e-01
5057.1045 2.1399e-01
5058.6221 1.8875e-01
5060.1401 2.1501e-01
5061.6577 1.9963e-01
5063.1763 2.0331e-01
5064.6953 2.0274e-01
5066.2144 2.1417e-01
5067.7339 2.0487e-01
5069.2549 2.1703e-01
5070.7759 2.0819e-01
5072.2969 2.0058e-01
5073.8188 2.1981e-01
5075.3403 2.1245e-01
5076.8628 2.2334e-01
5078.3867 1.9906e-01
5079.9097 2.1929e-01
5081.4336 2.1194e-01
5082.9580 1.9872e-01
5084.4829 2.0846e-01
5086.0083 2.1109e-01
5087.5342 2.2661e-01
5089.0605 2.0635e-01
5090.5874 1.9969e-01
5092.1143 2.2259e-01
5093.6421 2.1140e-01
5095.1699 2.1460e-01
5096.6987 1.9741e-01
5098.2275 2.2475e-01
5099.7573 2.4371e-01
5101.2871 2.3850e-01
5102.8179 1.9971e-01
5104.3481 2.1269e-01
5105.8799 1.8586e-01
5107.4111 2.2399e-01
5108.9438 2.2605e-01
5110.4761 1.9475e-01
5112.0093 1.8710e-01
5113.5435 1.7959e-01
5115.0771 2.0647e-01
5116.6118 2.1290e-01
5118.1470 2.1048e-01
5119.6816 2.1615e-01
5121.2183 1.8127e-01
5122.7544 2.2673e-01
5124.2910 2.1959e-01
5125.8286 2.0510e-01
5127.3667 1.8684e-01
5128.9043 1.9937e-01
5130.4429 2.1499e-01
5131.9824 2.0184e-01
5133.5220 1.9085e-01
5135.0615 1.8810e-01
5136.6021 1.9145e-01
5138.1436 2.0196e-01
5139.6846 1.9554e-01
5141.2266 2.0531e-01
5142.7690 1.8518e-01
5144.3125 1.9992e-01
5145.8550 2.1550e-01
5147.3989 1.8090e-01
5148.9429 2.1186e-01
5150.4883 1.9637e-01
5152.0332 1.8244e-01
5153.5781 2.0061e-01
5155.1245 1.8994e-01
5156.6714 2.1879e-01
5158.2178 1.9311e-01
5159.7656 2.0162e-01
5161.3130 2.1447e-01
5162.8618 2.0603e-01
5164.4106 1.9470e-01
5165.9604 2.0859e-01
5167.5098 2.0862e-01
5169.0605 2.1473e-01
5170.6108 2.1664e-01
5172.1621 1.9699e-01
5173.7139 2.1416e-01
5175.2656 2.0902e-01
5176.8188 2.0030e-01
5178.3711 2.0163e-01
5179.9253 2.0979e-01
5181.4790 2.0423e-01
5183.0337 2.1111e-01
5184.5884 2.0613e-01
5186.1436 2.1888e-01
5187.6992 2.2214e-01
5189.2559 2.0955e-01
5190.8130 2.4572e-01
5192.3696 2.3204e-01
5193.9277 2.1694e-01
5195.4858 2.1260e-01
5197.0439 2.4229e-01
5198.6035 2.2423e-01
5200.1636 2.1494e-01
5201.7231 2.4074e-01
5203.2837 2.5127e-01
5204.8447 2.5513e-01
5206.4058 2.0845e-01
5207.9683 2.1735e-01
5209.5303 2.2759e-01
5211.0933 2.1305e-01
5212.6567 2.3396e-01
5214.2202 2.3351e-01
5215.7847 2.3073e-01
5217.3496 1.9310e-01
5218.9150 2.2085e-01
5220.4800 2.3935e-01
5222.0464 2.3341e-01
5223.6128 2.5570e-01
5225.1802 2.5253e-01
5226.7480 2.5516e-01
5228.3154 2.7586e-01
5229.8843 2.5554e-01
5231.4526 2.1663e-01
5233.0225 2.4350e-01
5234.5928 2.1025e-01
5236.1626 2.5507e-01
5237.7339 2.0606e-01
5239.3052 2.4032e-01
5240.8770 2.3147e-01
5242.4492 2.3916e-01
5244.0220 2.6385e-01
5245.5947 2.5421e-01
5247.1689 2.5901e-01
5248.7422 2.4947e-01
5250.3174 2.5534e-01
5251.8921 2.2056e-01
5253.4678 2.1817e-01
5255.0439 2.4793e-01
5256.6211 2.4728e-01
5258.1978 2.4396e-01
5259.7749 2.4851e-01
5261.3530 2.4034e-01
5262.9312 2.4314e-01
5264.5098 2.6895e-01
5266.0898 2.4318e-01
5267.6694 2.3030e-01
5269.2495 2.4003e-01
5270.8311 2.0750e-01
5272.4116 2.1502e-01
5273.9941 2.4394e-01
5275.5757 2.6262e-01
5277.1587 2.5089e-01
5278.7422 2.3582e-01
5280.3252 2.3473e-01
5281.9092 2.0979e-01
5283.4937 2.1800e-01
5285.0786 2.2048e-01
5286.6641 2.2865e-01
5288.2500 2.3936e-01
5289.8369 2.2909e-01
5291.4238 2.2740e-01
5293.0117 2.2580e-01
5294.5996 2.1919e-01
5296.1870 2.4139e-01
5297.7764 2.0153e-01
5299.3662 2.5121e-01
5300.9561 2.6357e-01
5302.5459 2.2156e-01
5304.1367 2.5563e-01
5305.7280 2.4029e-01
5307.3188 2.6821e-01
5308.9116 2.0810e-01
5310.5044 2.1822e-01
5312.0977 2.3537e-01
5313.6919 2.4569e-01
5315.2856 2.1354e-01
5316.8799 2.2459e-01
5318.4751 2.3581e-01
5320.0708 2.6027e-01
5321.6665 2.6622e-01
5323.2632 2.5729e-01
5324.8604 2.6272e-01
5326.4575 2.6381e-01
5328.0557 2.6047e-01
5329.6533 2.4273e-01
5331.2534 2.7611e-01
5332.8516 2.6658e-01
5334.4517 2.3004e-01
5336.0522 2.0752e-01
5337.6533 2.1522e-01
5339.2544 2.4886e-01
5340.8560 2.2404e-01
5342.4585 2.3388e-01
5344.0605 2.4336e-01
5345.6646 2.5604e-01
5347.2681 2.2720e-01
5348.8726 2.2412e-01
5350.4771 2.3015e-01
5352.0825 2.3729e-01
5353.6875 2.0216e-01
5355.2944 2.3302e-01
5356.9009 2.2397e-01
5358.5073 2.2319e-01
5360.1152 2.2825e-01
5361.7236 2.4143e-01
5363.3315 2.1643e-01
5364.9404 2.0370e-01
5366.5503 2.1279e-01
5368.1602 2.1261e-01
5369.7705 2.0538e-01
5371.3813 2.0220e-01
5372.9932 2.1174e-01
5374.6050 1.9292e-01
5376.2173 2.1837e-01
5377.8301 1.9420e-01
5379.4434 2.2086e-01
5381.0576 2.0447e-01
5382.6714 2.0773e-01
5384.2861 1.9407e-01
5385.9014 1.8955e-01
5387.5171 2.0439e-01
5389.1343 1.8270e-01
5390.7505 1.8848e-01
5392.3677 1.6939e-01
5393.9858 1.9348e-01
5395.6035 1.9794e-01
5397.2222 1.7831e-01
5398.8413 1.7224e-01
5400.4609 1.6545e-01
5402.0811 1.8104e-01
5403.7017 1.6890e-01
5405.3228 1.7613e-01
5406.9448 1.8643e-01
5408.5659 1.7465e-01
5410.1890 1.9640e-01
5411.8115 1.8606e-01
5413.4360 1.5529e-01
5415.0596 1.7525e-01
5416.6841 1.9399e-01
5418.3096 2.0893e-01
5419.9351 1.7169e-01
5421.5605 1.7246e-01
5423.1875 1.6656e-01
5424.8145 1.6310e-01
5426.4414 1.6480e-01
5428.0693 1.7668e-01
5429.6982 1.8266e-01
5431.3271 1.7962e-01
5432.9565 1.8323e-01
5434.5859 1.8173e-01
5436.2163 1.7681e-01
5437.8472 1.6948e-01
5439.4785 1.8828e-01
5441.1104 1.8402e-01
5442.7427 1.9682e-01
5444.3760 1.7392e-01
5446.0098 1.8466e-01
5447.6431 1.7260e-01
5449.2778 1.7759e-01
5450.9121 1.6887e-01
5452.5474 1.8891e-01
5454.1826 2.1327e-01
5455.8193 1.9814e-01
5457.4565 1.6228e-01
5459.0933 1.9031e-01
5460.7310 1.7799e-01
5462.3696 1.8713e-01
5464.0073 1.7953e-01
5465.6475 1.8890e-01
5467.2871 1.8510e-01
5468.9272 1.9655e-01
5470.5674 1.9413e-01
5472.2090 1.9561e-01
5473.8506 1.8112e-01
5475.4927 2.0292e-01
5477.1353 1.9216e-01
5478.7783 1.9677e-01
5480.4224 2.0618e-01
5482.0659 1.8237e-01
5483.7104 1.8464e-01
5485.3560 1.8780e-01
5487.0010 2.2472e-01
5488.6475 1.9253e-01
5490.2944 2.0002e-01
5491.9414 1.9380e-01
5493.5889 1.7746e-01
5495.2368 1.8756e-01
5496.8857 1.7796e-01
5498.5342 2.0627e-01
5500.1841 1.9017e-01
5501.8340 2.0744e-01
5503.4849 1.6803e-01
5505.1357 2.0196e-01
5506.7871 1.8790e-01
5508.4395 1.9972e-01
5510.0923 2.0421e-01
5511.7451 1.8378e-01
5513.3984 1.7488e-01
5515.0522 1.9568e-01
5516.7070 1.9350e-01
5518.3623 1.7965e-01
5520.0176 1.8867e-01
5521.6733 2.1431e-01
5523.3301 1.7838e-01
5524.9868 1.8203e-01
5526.6450 1.9816e-01
5528.3027 1.9262e-01
5529.9609 2.0283e-01
5531.6201 2.0266e-01
5533.2793 1.8111e-01
5534.9395 1.6683e-01
5536.5996 1.8205e-01
5538.2607 1.8288e-01
5539.9229 1.7414e-01
5541.5840 1.8833e-01
5543.2466 1.9102e-01
5544.9102 1.8644e-01
5546.5728 2.1209e-01
5548.2373 1.8153e-01
5549.9019 1.7684e-01
5551.5664 2.0518e-01
5553.2324 1.7633e-01
5554.8984 1.6815e-01
5556.5645 1.9776e-01
5558.2310 1.5483e-01
5559.8989 1.5854e-01
5561.5669 1.5701e-01
5563.2354 1.8092e-01
5564.9043 1.6638e-01
5566.5732 1.8485e-01
5568.2437 1.6573e-01
5569.9150 1.7722e-01
5571.5854 1.7257e-01
5573.2568 1.6523e-01
5574.9287 1.7013e-01
5576.6011 1.7237e-01
5578.2739 1.6612e-01
5579.9482 1.5848e-01
5581.6216 1.7964e-01
5583.2959 1.5576e-01
5584.9717 1.7076e-01
5586.6470 1.6717e-01
5588.3223 1.4903e-01
5589.9990 1.5012e-01
5591.6763 1.7197e-01
5593.3535 1.4606e-01
5595.0317 1.5533e-01
5596.7104 1.5662e-01
5598.3892 1.4608e-01
5600.0688 1.7996e-01
5601.7490 1.5024e-01
5603.4292 1.8529e-01
5605.1104 1.6749e-01
5606.7915 1.7705e-01
5608.4741 1.8474e-01
5610.1562 1.7734e-01
5611.8394 1.7093e-01
5613.5234 1.7563e-01
5615.2075 1.7895e-01
5616.8916 1.7195e-01
5618.5767 1.6053e-01
5620.2627 1.7531e-01
5621.9482 1.6656e-01
5623.6348 1.4387e-01
5625.3218 1.6014e-01
5627.0098 1.6972e-01
5628.6982 1.9220e-01
5630.3867 1.8890e-01
5632.0757 1.7084e-01
5633.7651 1.5652e-01
5635.4551 1.8001e-01
5637.1460 1.7971e-01
5638.8369 1.8414e-01
5640.5283 2.1048e-01
5642.2207 1.8136e-01
5643.9141 1.7399e-01
5645.6069 1.8494e-01
5647.3003 1.4203e-01
5648.9946 1.6674e-01
5650.6895 1.8581e-01
5652.3848 1.8949e-01
5654.0801 1.9061e-01
5655.7759 1.8099e-01
5657.4736 1.9986e-01
5659.1709 1.9654e-01
5660.8682 1.9705e-01
5662.5664 1.8943e-01
5664.2651 1.9244e-01
5665.9644 1.8348e-01
5667.6641 1.9820e-01
5669.3647 1.9481e-01
5671.0649 1.9946e-01
5672.7666 1.8381e-01
5674.4688 1.9004e-01
5676.1709 1.7320e-01
5677.8740 1.9993e-01
5679.5771 2.2606e-01
5681.2812 1.9122e-01
5682.9858 1.7045e-01
5684.6899 2.2404e-01
5686.3950 1.9189e-01
5688.1021 2.1918e-01
5689.8076 2.0838e-01
5691.5146 1.9320e-01
5693.2222 1.9439e-01
5694.9302 1.7828e-01
5696.6382 1.9326e-01
5698.3477 2.0731e-01
5700.0571 2.0012e-01
5701.7671 2.2051e-01
5703.4775 2.0063e-01
5705.1885 1.7405e-01
5706.9004 2.0198e-01
5708.6123 1.9793e-01
5710.3252 1.9214e-01
5712.0381 1.9526e-01
5713.7524 2.0542e-01
5715.4663 2.1147e-01
5717.1812 1.9218e-01
5718.8955 1.8665e-01
5720.6118 2.2093e-01
5722.3271 2.1576e-01
5724.0444 2.1336e-01
5725.7617 1.9335e-01
5727.4795 1.9632e-01
5729.1973 1.9483e-01
5730.9165 2.1368e-01
5732.6353 1.9977e-01
5734.3550 2.3168e-01
5736.0757 1.9065e-01
5737.7969 2.1312e-01
5739.5176 2.1327e-01
5741.2397 2.0784e-01
5742.9624 2.0693e-01
5744.6851 2.1650e-01
5746.4082 2.1128e-01
5748.1323 2.0756e-01
5749.8569 1.9884e-01
5751.5815 2.0773e-01
5753.3076 2.0475e-01
5755.0332 2.1499e-01
5756.7593 2.1204e-01
5758.4863 1.9738e-01
5760.2144 2.2257e-01
5761.9424 1.9825e-01
5763.6709 2.0591e-01
5765.3999 1.9252e-01
5767.1294 1.8996e-01
5768.8594 2.2321e-01
5770.5908 2.1066e-01
5772.3213 1.9217e-01
5774.0527 2.0020e-01
5775.7856 2.2371e-01
5777.5181 1.9986e-01
5779.2515 2.1355e-01
5780.9844 2.0148e-01
5782.7192 2.0524e-01
5784.4546 2.2106e-01
5786.1899 2.1301e-01
5787.9253 2.1563e-01
5789.6626 2.1101e-01
5791.3984 1.8690e-01
5793.1362 2.0280e-01
5794.8745 2.1405e-01
5796.6123 2.0966e-01
5798.3516 1.8883e-01
5800.0913 2.1135e-01
5801.8306 1.6668e-01
5803.5713 1.8489e-01
5805.3125 1.9809e-01
5807.0537 1.9628e-01
5808.7964 2.0874e-01
5810.5391 1.9390e-01
5812.2822 2.1266e-01
5814.0259 2.0062e-01
5815.7700 2.1635e-01
5817.5151 2.0449e-01
5819.2598 2.0186e-01
5821.0059 2.1039e-01
5822.7524 2.0889e-01
5824.4990 1.9460e-01
5826.2461 2.0901e-01
5827.9937 1.7470e-01
5829.7427 1.9368e-01
5831.4912 1.9822e-01
5833.2407 2.0660e-01
5834.9912 1.6265e-01
5836.7417 1.8211e-01
5838.4922 1.9065e-01
5840.2446 1.7391e-01
5841.9961 1.6745e-01
5843.7490 1.8280e-01
5845.5020 1.8239e-01
5847.2559 1.7405e-01
5849.0103 1.7540e-01
5850.7642 1.8359e-01
5852.5195 1.8261e-01
5854.2754 1.5000e-01
5856.0317 1.6988e-01
5857.7881 1.6195e-01
5859.5454 1.7445e-01
5861.3032 1.5636e-01
5863.0625 1.6138e-01
5864.8208 1.7003e-01
5866.5806 1.6884e-01
5868.3403 1.7393e-01
5870.1006 1.6031e-01
5871.8618 1.5537e-01
5873.6230 1.5845e-01
5875.3857 1.6765e-01
5877.1479 1.4547e-01
5878.9111 1.7111e-01
5880.6748 1.5784e-01
5882.4390 1.5278e-01
5884.2036 1.7181e-01
5885.9692 1.5209e-01
5887.7349 1.3515e-01
5889.5010 1.4330e-01
5891.2676 1.5127e-01
5893.0356 1.4720e-01
5894.8032 1.3498e-01
5896.5718 1.4821e-01
5898.3408 1.2613e-01
5900.1108 1.5033e-01
5901.8804 1.5084e-01
5903.6509 1.5306e-01
5905.4219 1.7777e-01
5907.1938 1.3712e-01
5908.9663 1.4414e-01
5910.7383 1.3838e-01
5912.5112 1.4089e-01
5914.2856 1.3194e-01
5916.0601 1.6401e-01
5917.8345 1.4676e-01
5919.6099 1.5939e-01
5921.3857 1.3341e-01
5923.1621 1.5427e-01
5924.9395 1.4524e-01
5926.7163 1.4120e-01
5928.4946 1.3003e-01
5930.2729 1.3676e-01
5932.0522 1.3133e-01
5933.8315 1.5339e-01
5935.6123 1.6038e-01
5937.3926 1.4547e-01
5939.1738 1.5557e-01
5940.9556 1.4389e-01
5942.7383 1.4206e-01
5944.5210 1.5312e-01
5946.3042 1.5605e-01
5948.0879 1.5740e-01
5949.8726 1.5877e-01
5951.6572 1.5658e-01
5953.4434 1.5365e-01
5955.2290 1.4980e-01
5957.0151 1.6126e-01
5958.8022 1.2218e-01
5960.5903 1.3829e-01
5962.3789 1.7195e-01
5964.1670 1.5546e-01
5965.9561 1.5611e-01
5967.7466 1.8003e-01
5969.5366 1.5638e-01
5971.3276 1.5384e-01
5973.1187 1.5412e-01
5974.9106 1.5576e-01
5976.7031 1.6872e-01
5978.4961 1.5735e-01
5980.2900 1.5162e-01
5982.0845 1.6448e-01
5983.8789 1.6474e-01
5985.6729 1.5732e-01
5987.4692 1.7091e-01
5989.2651 1.7904e-01
5991.0620 1.7474e-01
5992.8589 1.5746e-01
5994.6572 1.8579e-01
5996.4556 1.8033e-01
5998.2549 1.6434e-01
6000.0547 1.4703e-01
6001.8545 1.8161e-01
6003.6548 1.5204e-01
6005.4561 1.7614e-01
6007.2578 1.6313e-01
6009.0596 1.6977e-01
6010.8623 1.5987e-01
6012.6660 1.7494e-01
6014.4697 1.7661e-01
6016.2739 1.7143e-01
6018.0786 1.6241e-01
6019.8843 1.6783e-01
6021.6909 1.6821e-01
6023.4966 1.7095e-01
6025.3037 1.7447e-01
6027.1108 1.6224e-01
6028.9199 1.7578e-01
6030.7285 1.7057e-01
6032.5366 1.6963e-01
6034.3472 1.6069e-01
6036.1577 1.6931e-01
6037.9683 1.6052e-01
6039.7793 1.9255e-01
6041.5918 1.5650e-01
6043.4038 1.5913e-01
6045.2173 1.7289e-01
6047.0312 1.4295e-01
6048.8447 1.7260e-01
6050.6592 1.8355e-01
6052.4751 1.5118e-01
6054.2905 1.7366e-01
6056.1069 1.8645e-01
6057.9233 1.6110e-01
6059.7407 1.6992e-01
6061.5586 1.3570e-01
6063.3770 1.6387e-01
6065.1968 1.9327e-01
6067.0161 1.6385e-01
6068.8359 1.7755e-01
6070.6567 1.7190e-01
6072.4785 1.6044e-01
6074.2998 1.9008e-01
6076.1221 1.6341e-01
6077.9448 1.7283e-01
6079.7681 1.5078e-01
6081.5918 1.7228e-01
6083.4160 1.6826e-01
6085.2417 1.2632e-01
6087.0664 1.6456e-01
6088.8936 1.6239e-01
6090.7197 1.6168e-01
6092.5469 1.4347e-01
6094.3745 1.7622e-01
6096.2031 1.4199e-01
6098.0327 1.6205e-01
6099.8613 1.6825e-01
6101.6914 1.5329e-01
6103.5220 1.6564e-01
6105.3530 1.6220e-01
6107.1846 1.6189e-01
6109.0171 1.7119e-01
6110.8496 1.6371e-01
6112.6831 1.7631e-01
6114.5166 1.6449e-01
6116.3511 1.7345e-01
6118.1855 1.5872e-01
6120.0210 1.5580e-01
6121.8574 1.4329e-01
6123.6938 1.5944e-01
6125.5308 1.4864e-01
6127.3687 1.6737e-01
6129.2065 1.4958e-01
6131.0454 1.4332e-01
6132.8843 1.6811e-01
6134.7246 1.5569e-01
6136.5649 1.5669e-01
6138.4062 1.6783e-01
6140.2476 1.6691e-01
6142.0894 1.4764e-01
6143.9316 1.4138e-01
6145.7759 1.5696e-01
6147.6191 1.4971e-01
6149.4634 1.6558e-01
6151.3081 1.5338e-01
6153.1538 1.7042e-01
6155.0000 1.6385e-01
6156.8462 1.6785e-01
6158.6934 1.5327e-01
6160.5410 1.6646e-01
6162.3892 1.4523e-01
6164.2373 1.4722e-01
6166.0869 1.3829e-01
6167.9370 1.4054e-01
6169.7871 1.6454e-01
6171.6387 1.3627e-01
6173.4897 1.4313e-01
6175.3413 1.5195e-01
6177.1938 1.6156e-01
6179.0474 1.3360e-01
6180.9009 1.3809e-01
6182.7549 1.7545e-01
6184.6104 1.6285e-01
6186.4653 1.5084e-01
6188.3213 1.5502e-01
6190.1782 1.2841e-01
6192.0356 1.4366e-01
6193.8931 1.4831e-01
6195.7505 1.3559e-01
6197.6099 1.3059e-01
6199.4688 1.4185e-01
6201.3281 1.3683e-01
6203.1895 1.3951e-01
6205.0498 1.4890e-01
6206.9121 1.4371e-01
6208.7739 1.4632e-01
6210.6367 1.2537e-01
6212.4995 1.1517e-01
6214.3633 1.4899e-01
6216.2275 1.2759e-01
6218.0923 1.4915e-01
6219.9575 1.3247e-01
6221.8237 1.4121e-01
6223.6904 1.1847e-01
6225.5576 1.0788e-01
6227.4258 1.1255e-01
6229.2935 1.2688e-01
6231.1621 1.1240e-01
6233.0317 1.2007e-01
6234.9019 1.1090e-01
6236.7720 1.2593e-01
6238.6431 1.2316e-01
6240.5146 1.3553e-01
6242.3867 1.2501e-01
6244.2598 1.0994e-01
6246.1323 1.1112e-01
6248.0063 8.7582e-02
6249.8813 1.0775e-01
6251.7559 9.1520e-02
6253.6313 1.0584e-01
6255.5073 1.0498e-01
6257.3843 1.0094e-01
6259.2617 1.0193e-01
6261.1392 1.0208e-01
6263.0176 1.1932e-01
6264.8970 9.8291e-02
6266.7759 1.0793e-01
6268.6562 8.9782e-02
6270.5361 9.4624e-02
6272.4180 1.0282e-01
6274.2993 8.4729e-02
6276.1816 8.3133e-02
6278.0645 9.7852e-02
6279.9478 7.7131e-02
6281.8320 7.6096e-02
6283.7168 9.5760e-02
6285.6021 9.4915e-02
6287.4868 9.0498e-02
6289.3740 8.5080e-02
6291.2603 7.1921e-02
6293.1475 8.5605e-02
6295.0352 9.2647e-02
6296.9238 8.9295e-02
6298.8130 7.7627e-02
6300.7026 8.2688e-02
6302.5933 8.6170e-02
6304.4839 7.9354e-02
6306.3755 7.4737e-02
6308.2676 9.5756e-02
6310.1597 8.9067e-02
6312.0527 8.9973e-02
6313.9468 8.5739e-02
6315.8398 7.5020e-02
6317.7349 1.0079e-01
6319.6304 8.7868e-02
6321.5269 1.0268e-01
6323.4233 9.1479e-02
6325.3198 8.3581e-02
6327.2178 1.0802e-01
6329.1157 9.8841e-02
6331.0146 1.0461e-01
6332.9131 7.5177e-02
6334.8140 1.0499e-01
6336.7139 9.4537e-02
6338.6147 9.8519e-02
6340.5166 1.0529e-01
6342.4189 8.6766e-02
6344.3213 9.4184e-02
6346.2246 9.2190e-02
6348.1284 9.8404e-02
6350.0332 9.5595e-02
6351.9380 8.6741e-02
6353.8442 9.5523e-02
6355.7500 1.0922e-01
6357.6572 9.7069e-02
6359.5645 1.1316e-01
6361.4717 9.9382e-02
6363.3804 1.1897e-01
6365.2891 1.2768e-01
6367.1987 1.1501e-01
6369.1089 1.1037e-01
6371.0200 1.0003e-01
6372.9312 1.1837e-01
6374.8428 1.1489e-01
6376.7549 1.1039e-01
6378.6685 1.0462e-01
6380.5820 1.0781e-01
6382.4966 1.0302e-01
6384.4111 1.2263e-01
6386.3257 1.1313e-01
6388.2422 1.0981e-01
6390.1587 1.1017e-01
6392.0752 1.1083e-01
6393.9932 1.0989e-01
6395.9116 1.2168e-01
6397.8301 1.1435e-01
6399.7490 1.2033e-01
6401.6694 1.0843e-01
6403.5898 1.1279e-01
6405.5112 1.1158e-01
6407.4331 1.1680e-01
6409.3545 1.1419e-01
6411.2778 1.0559e-01
6413.2012 1.1839e-01
6415.1250 9.1327e-02
6417.0493 1.2675e-01
6418.9741 1.2909e-01
6420.9004 1.2580e-01
6422.8262 1.1049e-01
6424.7534 1.2297e-01
6426.6812 1.0930e-01
6428.6094 1.3184e-01
6430.5381 1.1661e-01
6432.4668 1.2842e-01
6434.3960 1.2564e-01
6436.3267 1.2293e-01
6438.2578 1.5407e-01
6440.1895 1.1373e-01
6442.1216 1.3593e-01
6444.0537 1.2765e-01
6445.9868 1.5013e-01
6447.9209 1.2196e-01
6449.8550 1.5699e-01
6451.7905 1.0914e-01
6453.7256 1.0769e-01
6455.6621 1.2760e-01
6457.5986 1.2453e-01
6459.5356 1.0864e-01
6461.4741 1.2566e-01
6463.4121 1.1386e-01
6465.3506 1.2743e-01
6467.2905 1.0416e-01
6469.2310 1.1536e-01
6471.1719 1.2388e-01
6473.1128 1.3729e-01
6475.0552 1.1025e-01
6476.9976 1.2046e-01
6478.9409 1.2375e-01
6480.8848 1.3148e-01
6482.8286 1.1528e-01
6484.7739 1.0988e-01
6486.7192 1.2899e-01
6488.6650 1.4428e-01
6490.6113 1.1664e-01
6492.5581 1.0587e-01
6494.5063 1.2407e-01
6496.4546 1.3317e-01
6498.4038 1.2858e-01
6500.3535 1.1276e-01
6502.3032 1.2459e-01
6504.2539 1.1971e-01
6506.2056 1.1738e-01
6508.1572 1.2537e-01
6510.1099 1.0878e-01
6512.0625 1.1427e-01
6514.0166 1.1207e-01
6515.9702 1.1109e-01
6517.9258 1.1558e-01
6519.8809 1.1145e-01
6521.8364 1.0173e-01
6523.7930 1.3945e-01
6525.7505 1.4109e-01
6527.7075 1.1204e-01
6529.6665 1.2833e-01
6531.6255 1.1085e-01
6533.5845 1.1620e-01
6535.5449 1.1720e-01
6537.5054 1.0323e-01
6539.4668 1.0568e-01
6541.4282 1.2334e-01
6543.3911 1.1002e-01
6545.3545 9.4646e-02
6547.3179 1.0182e-01
6549.2817 1.1282e-01
6551.2466 9.8561e-02
6553.2124 1.2741e-01
6555.1777 1.0017e-01
6557.1445 1.2201e-01
6559.1113 1.1374e-01
6561.0796 1.0979e-01
6563.0479 1.1572e-01
6565.0166 1.0914e-01
6566.9863 1.2348e-01
6568.9561 1.1618e-01
6570.9268 1.1347e-01
6572.8979 1.0713e-01
6574.8701 1.2314e-01
6576.8423 1.0582e-01
6578.8154 1.2001e-01
6580.7896 1.1410e-01
6582.7632 1.0585e-01
6584.7383 9.2114e-02
6586.7139 1.0170e-01
6588.6895 9.1718e-02
6590.6660 1.1745e-01
6592.6431 8.9956e-02
6594.6211 1.2031e-01
6596.5996 9.7619e-02
6598.5791 1.0425e-01
6600.5581 1.0534e-01
6602.5386 9.9229e-02
6604.5190 1.0565e-01
6606.5005 1.1940e-01
6608.4824 9.0656e-02
6610.4648 1.0070e-01
6612.4482 9.2299e-02
6614.4326 1.1442e-01
6616.4160 9.8972e-02
6618.4009 1.0887e-01
6620.3867 1.0307e-01
6622.3730 9.9148e-02
6624.3594 1.0909e-01
6626.3467 9.6344e-02
6628.3350 9.1556e-02
6630.3232 9.5601e-02
6632.3125 9.8206e-02
6634.3022 1.1055e-01
6636.2920 1.0656e-01
6638.2827 1.0250e-01
6640.2744 9.4804e-02
6642.2671 9.1209e-02
6644.2593 8.2896e-02
6646.2529 1.1085e-01
6648.2471 8.2158e-02
6650.2412 1.1041e-01
6652.2358 8.6077e-02
6654.2314 9.0355e-02
6656.2280 9.5918e-02
6658.2251 9.3627e-02
6660.2222 8.9143e-02
6662.2207 8.9022e-02
6664.2197 9.7852e-02
6666.2178 9.3650e-02
6668.2178 8.6885e-02
6670.2188 8.6281e-02
6672.2192 1.0022e-01
6674.2212 7.2040e-02
6676.2241 8.0743e-02
6678.2266 6.4335e-02
6680.2300 9.7467e-02
6682.2334 8.1441e-02
6684.2388 6.5393e-02
6686.2446 8.5014e-02
6688.2500 7.8252e-02
6690.2563 8.2932e-02
6692.2627 7.2518e-02
6694.2715 9.0898e-02
6696.2793 8.7968e-02
6698.2881 8.6037e-02
6700.2979 6.6197e-02
6702.3081 1.0282e-01
6704.3188 8.3545e-02
6706.3301 9.1101e-02
6708.3418 8.2044e-02
6710.3545 8.8620e-02
6712.3672 7.1518e-02
6714.3809 8.6132e-02
6716.3955 8.0155e-02
6718.4106 7.9825e-02
6720.4263 8.7096e-02
6722.4419 7.6088e-02
6724.4585 7.4240e-02
6726.4756 7.5228e-02
6728.4946 7.1373e-02
6730.5127 7.0592e-02
6732.5312 6.8604e-02
6734.5513 7.1136e-02
6736.5718 9.5523e-02
6738.5923 6.5302e-02
6740.6152 6.4375e-02
6742.6367 8.0448e-02
6744.6587 7.6476e-02
6746.6831 7.3295e-02
6748.7065 7.8470e-02
6750.7310 7.7282e-02
6752.7563 7.0897e-02
6754.7822 6.3882e-02
6756.8091 8.5526e-02
6758.8359 8.2381e-02
6760.8633 6.5796e-02
6762.8916 8.4290e-02
6764.9209 7.2259e-02
6766.9502 8.2801e-02
6768.9805 7.5919e-02
6771.0107 5.9620e-02
6773.0425 7.4255e-02
6775.0742 5.8702e-02
6777.1064 7.3650e-02
6779.1401 7.8084e-02
6781.1733 6.5620e-02
6783.2080 6.0906e-02
6785.2427 6.8399e-02
6787.2783 6.8774e-02
6789.3149 7.0897e-02
6791.3516 5.7807e-02
6793.3887 7.2018e-02
6795.4272 6.9243e-02
6797.4653 6.2615e-02
6799.5049 5.2959e-02
6801.5444 7.3808e-02
6803.5854 6.1597e-02
6805.6260 6.5179e-02
6807.6685 6.6650e-02
6809.7100 4.9222e-02
6811.7534 6.6641e-02
6813.7964 7.5880e-02
6815.8408 6.3032e-02
6817.8853 5.8055e-02
6819.9312 5.5460e-02
6821.9771 6.4401e-02
6824.0234 7.3562e-02
6826.0703 6.4951e-02
6828.1182 5.8981e-02
6830.1670 6.6770e-02
6832.2163 7.0048e-02
6834.2651 5.8137e-02
6836.3154 6.3830e-02
6838.3667 6.0281e-02
6840.4180 5.5857e-02
6842.4702 6.4023e-02
6844.5229 5.1391e-02
6846.5762 6.0153e-02
6848.6304 5.8027e-02
6850.6851 5.4152e-02
6852.7402 6.4633e-02
6854.7959 5.5805e-02
6856.8525 5.6554e-02
6858.9097 5.7137e-02
6860.9668 4.9162e-02
6863.0254 4.9181e-02
6865.0845 5.9984e-02
6867.1440 6.2648e-02
6869.2041 6.9178e-02
6871.2646 5.2517e-02
6873.3257 5.3124e-02
6875.3882 6.2228e-02
6877.4512 6.1616e-02
6879.5137 5.2831e-02
6881.5781 5.5863e-02
6883.6421 5.6654e-02
6885.7075 5.3774e-02
6887.7729 6.3623e-02
6889.8394 5.4200e-02
6891.9062 6.1844e-02
6893.9746 5.2592e-02
6896.0425 5.8009e-02
6898.1113 6.2535e-02
6900.1802 5.2924e-02
6902.2505 5.9508e-02
6904.3213 4.6251e-02
6906.3926 4.8274e-02
6908.4648 6.3179e-02
6910.5366 5.5555e-02
6912.6099 5.1295e-02
6914.6841 4.7788e-02
6916.7588 4.9053e-02
6918.8335 5.2039e-02
6920.9092 5.7275e-02
6922.9849 5.9976e-02
6925.0620 5.7919e-02
6927.1401 5.5092e-02
6929.2178 5.3695e-02
6931.2964 4.9690e-02
6933.3760 5.0619e-02
6935.4561 6.2199e-02
6937.5371 5.8438e-02
6939.6182 4.2628e-02
6941.7002 5.3211e-02
6943.7822 5.6192e-02
6945.8657 6.2550e-02
6947.9487 5.1000e-02
6950.0337 5.5668e-02
6952.1182 4.8124e-02
6954.2046 5.1829e-02
6956.2905 6.0056e-02
6958.3779 5.1224e-02
6960.4644 4.8438e-02
6962.5527 5.5470e-02
6964.6421 5.0085e-02
6966.7314 5.4527e-02
6968.8208 5.1937e-02
6970.9116 5.2140e-02
6973.0029 5.0813e-02
6975.0947 6.5550e-02
6977.1880 4.2813e-02
6979.2803 5.3161e-02
6981.3745 5.3643e-02
6983.4692 4.6034e-02
6985.5635 5.5244e-02
6987.6602 5.6993e-02
6989.7559 5.1170e-02
6991.8525 4.8851e-02
6993.9507 5.9224e-02
6996.0488 5.1805e-02
6998.1479 5.7256e-02
7000.2471 5.6453e-02
7002.3467 4.5862e-02
7004.4468 4.7123e-02
7006.5488 5.3187e-02
7008.6514 5.8190e-02
7010.7529 5.9584e-02
7012.8564 5.2109e-02
7014.9609 5.5382e-02
7017.0654 4.7880e-02
7019.1699 4.9790e-02
7021.2759 5.6834e-02
7023.3823 4.8536e-02
7025.4893 5.6300e-02
7027.5977 5.2349e-02
7029.7051 6.8966e-02
7031.8145 4.9956e-02
7033.9238 6.4865e-02
7036.0337 5.1481e-02
7038.1450 3.9098e-02
7040.2559 5.1964e-02
7042.3687 4.6067e-02
7044.4805 5.3191e-02
7046.5938 5.9023e-02
7048.7080 5.2139e-02
7050.8228 4.2763e-02
7052.9385 5.2927e-02
7055.0542 5.5369e-02
7057.1704 4.4630e-02
7059.2881 5.5509e-02
7061.4053 4.5534e-02
7063.5234 5.8599e-02
7065.6431 5.4076e-02
7067.7627 4.5520e-02
7069.8828 5.7327e-02
7072.0039 5.5731e-02
7074.1255 5.6531e-02
7076.2476 4.1806e-02
7078.3706 5.8217e-02
7080.4937 4.6587e-02
7082.6187 4.9884e-02
7084.7432 5.1490e-02
7086.8687 5.5074e-02
7088.9946 4.8562e-02
7091.1216 4.2351e-02
7093.2490 3.5004e-02
7095.3765 4.8210e-02
7097.5049 4.5171e-02
7099.6348 3.5739e-02
7101.7642 4.9823e-02
7103.8945 4.8721e-02
7106.0264 4.9699e-02
7108.1582 4.7306e-02
7110.2905 4.1638e-02
7112.4229 4.8933e-02
7114.5571 4.8951e-02
7116.6914 6.0665e-02
7118.8262 5.5691e-02
7120.9619 5.2943e-02
7123.0986 4.9320e-02
7125.2354 4.7210e-02
7127.3730 5.7295e-02
7129.5112 4.9575e-02
7131.6499 5.6754e-02
7133.7896 5.2244e-02
7135.9292 4.9227e-02
7138.0703 5.0607e-02
7140.2119 5.8059e-02
7142.3540 6.3169e-02
7144.4966 4.5559e-02
7146.6396 5.4416e-02
7148.7842 4.5018e-02
7150.9287 6.3333e-02
7153.0742 5.1330e-02
7155.2197 4.2454e-02
7157.3667 4.3942e-02
7159.5137 4.7839e-02
7161.6616 5.9647e-02
7163.8101 5.2312e-02
7165.9590 5.2942e-02
7168.1089 4.2733e-02
7170.2593 5.3687e-02
7172.4102 4.1450e-02
7174.5625 4.2105e-02
7176.7144 4.3533e-02
7178.8672 5.1722e-02
7181.0210 4.7327e-02
7183.1753 3.7259e-02
7185.3306 5.2274e-02
7187.4858 5.6975e-02
7189.6421 4.8570e-02
7191.7988 4.7564e-02
7193.9565 5.1048e-02
7196.1147 4.8872e-02
7198.2734 5.5074e-02
7200.4336 5.5916e-02
7202.5928 3.9285e-02
7204.7539 4.2557e-02
7206.9155 4.6230e-02
7209.0771 4.6320e-02
7211.2402 4.3609e-02
7213.4033 5.3345e-02
7215.5674 5.2081e-02
7217.7324 3.8248e-02
7219.8979 4.3877e-02
7222.0635 3.5740e-02
7224.2300 4.6650e-02
7226.3979 3.8132e-02
7228.5654 4.0042e-02
7230.7334 3.4333e-02
7232.9033 4.8822e-02
7235.0728 4.8419e-02
7237.2432 4.2595e-02
7239.4150 3.9822e-02
7241.5864 5.0105e-02
7243.7593 4.6709e-02
7245.9321 5.5969e-02
7248.1060 4.6507e-02
7250.2803 4.6626e-02
7252.4551 4.5835e-02
7254.6313 3.8474e-02
7256.8076 4.9411e-02
7258.9849 5.3307e-02
7261.1626 4.7788e-02
7263.3408 4.8259e-02
7265.5200 4.8088e-02
7267.6992 5.4257e-02
7269.8799 4.4780e-02
7272.0605 4.8725e-02
7274.2422 4.6458e-02
7276.4243 3.8843e-02
7278.6069 4.6933e-02
7280.7910 3.9865e-02
7282.9751 4.9751e-02
7285.1602 3.7694e-02
7287.3452 4.1861e-02
7289.5317 4.7149e-02
7291.7188 4.5686e-02
7293.9067 5.0703e-02
7296.0947 4.9848e-02
7298.2832 4.2519e-02
7300.4727 4.0504e-02
7302.6631 3.6925e-02
7304.8540 3.7284e-02
7307.0454 4.9481e-02
7309.2373 4.4475e-02
7311.4292 5.4692e-02
7313.6235 4.4728e-02
7315.8179 4.9294e-02
7318.0122 4.3603e-02
7320.2075 5.8518e-02
7322.4038 3.6521e-02
7324.6001 4.9992e-02
7326.7979 4.2659e-02
7328.9961 5.3833e-02
7331.1943 4.3989e-02
7333.3936 3.6045e-02
7335.5938 3.7308e-02
7337.7944 4.7890e-02
7339.9956 4.0709e-02
7342.1982 4.3691e-02
7344.4004 4.0950e-02
7346.6035 4.6739e-02
7348.8081 4.8453e-02
7351.0127 4.4323e-02
7353.2183 4.5246e-02
7355.4238 4.6055e-02
7357.6304 4.9361e-02
7359.8374 4.9978e-02
7362.0459 5.2100e-02
7364.2549 4.8163e-02
7366.4634 3.7516e-02
7368.6738 3.7187e-02
7370.8838 4.1544e-02
7373.0957 4.1503e-02
7375.3071 5.2843e-02
7377.5200 4.1964e-02
7379.7334 4.0915e-02
7381.9473 4.3583e-02
7384.1616 4.8374e-02
7386.3770 5.0389e-02
7388.5928 5.0998e-02
7390.8096 4.2311e-02
7393.0264 3.8922e-02
7395.2446 3.7746e-02
7397.4639 3.4037e-02
7399.6826 4.3657e-02
7401.9023 3.7976e-02
7404.1230 3.8336e-02
7406.3438 5.3476e-02
7408.5654 4.9169e-02
7410.7886 4.0230e-02
7413.0122 4.2328e-02
7415.2354 3.5205e-02
7417.4604 4.8373e-02
7419.6855 4.9091e-02
7421.9116 3.5771e-02
7424.1382 4.0924e-02
7426.3652 3.3296e-02
7428.5933 3.9284e-02
7430.8218 4.6293e-02
7433.0513 3.6569e-02
7435.2808 3.7438e-02
7437.5117 3.8207e-02
7439.7432 3.2781e-02
7441.9741 4.9248e-02
7444.2070 4.5267e-02
7446.4404 3.6996e-02
7448.6748 4.3643e-02
7450.9097 3.9238e-02
7453.1440 4.4023e-02
7455.3809 3.9928e-02
7457.6167 4.3311e-02
7459.8545 3.9719e-02
7462.0923 3.2714e-02
7464.3306 3.9785e-02
7466.5698 3.3162e-02
7468.8096 4.4711e-02
7471.0503 3.3621e-02
7473.2920 4.1372e-02
7475.5342 3.8457e-02
7477.7769 2.7928e-02
7480.0205 4.6245e-02
7482.2637 4.1206e-02
7484.5088 3.5625e-02
7486.7539 3.9934e-02
7489.0000 3.1506e-02
7491.2471 3.1078e-02
7493.4937 3.8364e-02
7495.7422 4.3032e-02
7497.9912 3.8788e-02
7500.2402 4.2586e-02
7502.4902 3.7556e-02
7504.7412 4.0187e-02
7506.9927 3.6650e-02
7509.2441 2.6571e-02
7511.4976 3.9970e-02
7513.7510 3.7046e-02
7516.0044 3.7091e-02
7518.2593 3.6112e-02
7520.5151 4.5360e-02
7522.7715 3.3564e-02
7525.0283 4.2537e-02
7527.2861 3.6759e-02
7529.5439 4.2514e-02
7531.8027 4.6752e-02
7534.0620 4.3275e-02
7536.3228 3.5862e-02
7538.5835 3.7529e-02
7540.8447 3.7270e-02
7543.1074 4.3912e-02
7545.3706 3.1476e-02
7547.6338 3.8534e-02
7549.8984 3.8499e-02
7552.1626 4.5084e-02
7554.4292 4.3050e-02
7556.6948 3.5899e-02
7558.9619 3.6987e-02
7561.2295 3.8016e-02
7563.4976 3.6986e-02
7565.7671 4.1426e-02
7568.0366 4.9378e-02
7570.3071 3.4920e-02
7572.5786 3.0563e-02
7574.8511 4.7196e-02
7577.1230 3.1705e-02
7579.3960 3.8591e-02
7581.6694 4.6418e-02
7583.9443 4.2573e-02
7586.2192 3.7693e-02
7588.4956 2.8744e-02
7590.7715 4.5695e-02
7593.0488 3.2928e-02
7595.3262 3.2137e-02
7597.6060 3.7399e-02
7599.8843 4.3838e-02
7602.1641 3.9311e-02
7604.4448 3.7336e-02
7606.7271 3.3769e-02
7609.0093 3.3852e-02
7611.2910 3.8567e-02
7613.5752 3.5435e-02
7615.8589 3.3127e-02
7618.1440 3.4403e-02
7620.4292 2.8276e-02
7622.7153 3.0474e-02
7625.0020 3.1040e-02
7627.2896 3.0575e-02
7629.5781 3.9852e-02
7631.8662 2.6842e-02
7634.1562 4.0755e-02
7636.4468 3.4642e-02
7638.7378 3.2736e-02
7641.0288 4.2456e-02
7643.3213 3.1583e-02
7645.6138 4.2247e-02
7647.9072 3.1114e-02
7650.2021 3.7372e-02
7652.4971 3.0284e-02
7654.7935 2.8013e-02
7657.0894 3.0451e-02
7659.3867 3.2967e-02
7661.6846 3.4841e-02
7663.9829 4.4752e-02
7666.2817 3.0744e-02
7668.5825 3.4900e-02
7670.8823 3.9930e-02
7673.1841 3.5620e-02
7675.4854 3.5522e-02
7677.7891 4.2080e-02
7680.0918 3.3484e-02
7682.3960 4.4632e-02
7684.7002 3.2189e-02
7687.0059 2.8478e-02
7689.3125 3.8952e-02
7691.6191 3.0016e-02
7693.9268 2.9798e-02
7696.2344 3.5168e-02
7698.5430 3.5282e-02
7700.8530 2.8437e-02
7703.1631 3.8389e-02
7705.4746 3.6258e-02
7707.7856 2.9910e-02
7710.0981 3.4989e-02
7712.4111 4.1869e-02
7714.7251 2.8016e-02
7717.0391 3.3109e-02
7719.3540 3.2143e-02
7721.6699 3.4054e-02
7723.9868 4.3772e-02
7726.3042 3.1085e-02
7728.6216 3.7543e-02
7730.9409 2.9390e-02
7733.2593 3.0320e-02
7735.5796 4.1517e-02
7737.9004 2.8623e-02
7740.2217 3.1405e-02
7742.5435 4.3129e-02
7744.8662 2.8731e-02
7747.1895 3.2627e-02
7749.5142 3.5831e-02
7751.8394 3.2554e-02
7754.1650 2.6134e-02
7756.4907 2.8618e-02
7758.8174 3.9927e-02
7761.1450 3.4165e-02
7763.4736 2.5164e-02
7765.8022 2.6891e-02
7768.1323 3.3303e-02
7770.4634 3.0597e-02
7772.7944 3.6168e-02
7775.1260 2.3285e-02
7777.4585 3.7017e-02
7779.7915 3.4769e-02
7782.1260 3.5617e-02
7784.4604 2.9574e-02
7786.7954 3.0156e-02
7789.1318 3.9736e-02
7791.4683 2.8144e-02
7793.8062 3.7542e-02
7796.1436 3.0580e-02
7798.4824 4.0791e-02
7800.8218 3.6746e-02
7803.1626 2.8584e-02
7805.5034 2.9227e-02
7807.8447 2.8599e-02
7810.1880 3.7027e-02
7812.5303 2.9274e-02
7814.8745 2.9687e-02
7817.2192 4.0094e-02
7819.5640 2.3264e-02
7821.9106 3.0072e-02
7824.2559 2.7799e-02
7826.6040 2.7128e-02
7828.9521 3.1874e-02
7831.3003 4.1558e-02
7833.6499 2.9156e-02
7835.9995 3.2709e-02
7838.3511 3.4986e-02
7840.7021 4.2299e-02
7843.0547 3.7754e-02
7845.4077 2.9445e-02
7847.7603 3.6675e-02
7850.1152 3.2054e-02
7852.4702 3.0554e-02
7854.8262 3.4502e-02
7857.1821 3.3946e-02
7859.5396 3.8655e-02
7861.8975 3.3669e-02
7864.2559 2.8768e-02
7866.6157 2.2669e-02
7868.9756 2.8543e-02
7871.3359 2.8298e-02
7873.6978 3.2313e-02
7876.0601 2.6374e-02
7878.4224 2.6657e-02
7880.7856 2.7876e-02
7883.1509 3.4379e-02
7885.5151 2.9744e-02
7887.8809 3.4765e-02
7890.2476 3.6467e-02
7892.6147 3.6449e-02
7894.9814 3.5080e-02
7897.3501 4.3812e-02
7899.7192 3.2810e-02
7902.0898 3.6910e-02
7904.4604 3.9130e-02
7906.8311 3.1275e-02
7909.2036 3.4893e-02
7911.5767 3.5998e-02
7913.9497 2.4987e-02
7916.3247 2.9267e-02
7918.6987 3.1464e-02
7921.0742 3.5017e-02
7923.4512 3.1643e-02
7925.8276 4.3744e-02
7928.2051 3.5558e-02
7930.5845 3.8744e-02
7932.9634 3.5504e-02
7935.3433 3.1020e-02
7937.7236 3.6686e-02
7940.1050 4.3625e-02
7942.4873 3.6786e-02
7944.8701 3.1383e-02
7947.2529 3.2866e-02
7949.6377 3.2015e-02
7952.0225 4.0697e-02
7954.4082 4.0090e-02
7956.7949 3.0949e-02
7959.1807 3.9488e-02
7961.5688 3.4979e-02
7963.9580 3.3180e-02
7966.3462 2.7304e-02
7968.7368 3.4372e-02
7971.1274 3.3413e-02
7973.5181 3.7122e-02
7975.9111 3.2099e-02
7978.3032 3.1790e-02
7980.6973 2.6367e-02
7983.0908 3.5725e-02
7985.4858 3.7778e-02
7987.8823 3.5235e-02
7990.2778 3.3021e-02
7992.6748 3.6727e-02
7995.0728 4.1641e-02
7997.4717 3.3111e-02
7999.8711 3.1350e-02
8002.2710 3.7583e-02
8004.6709 3.8164e-02
8007.0723 3.3437e-02
8009.4746 3.6031e-02
8011.8779 3.4962e-02
8014.2812 2.9650e-02
8016.6855 3.7661e-02
8019.0903 3.9672e-02
8021.4966 3.5643e-02
8023.9028 3.2019e-02
8026.3105 2.9264e-02
8028.7173 3.5375e-02
8031.1260 3.4286e-02
8033.5361 3.9146e-02
8035.9458 3.7414e-02
8038.3569 3.1589e-02
8040.7681 3.6441e-02
8043.1807 3.6523e-02
8045.5933 3.4414e-02
8048.0068 2.9500e-02
8050.4214 3.1122e-02
8052.8364 3.7835e-02
8055.2520 3.7114e-02
8057.6689 3.1665e-02
8060.0864 3.0992e-02
8062.5049 4.2649e-02
8064.9229 3.1510e-02
8067.3423 3.6866e-02
8069.7632 2.6191e-02
8072.1836 3.8299e-02
8074.6050 2.9135e-02
8077.0278 3.8297e-02
8079.4507 4.0657e-02
8081.8745 2.6741e-02
8084.2988 2.9305e-02
8086.7251 3.7479e-02
8089.1509 2.4964e-02
8091.5771 2.4466e-02
8094.0049 4.1101e-02
8096.4331 3.2065e-02
8098.8618 3.9567e-02
8101.2910 2.5201e-02
8103.7217 3.2726e-02
8106.1528 2.6542e-02
8108.5845 3.8953e-02
8111.0171 4.6793e-02
8113.4502 3.5544e-02
8115.8843 2.8498e-02
8118.3188 3.4979e-02
8120.7549 3.9185e-02
8123.1914 3.2989e-02
8125.6284 3.3148e-02
8128.0659 3.9365e-02
8130.5049 3.1719e-02
8132.9438 3.4711e-02
8135.3833 3.3090e-02
8137.8237 3.4057e-02
8140.2651 2.8943e-02
8142.7075 3.7735e-02
8145.1504 3.1511e-02
8147.5938 3.3778e-02
8150.0376 3.1196e-02
8152.4834 3.2721e-02
8154.9292 3.4456e-02
8157.3750 3.4460e-02
8159.8228 3.7437e-02
8162.2705 3.6744e-02
8164.7192 3.1484e-02
8167.1685 2.9614e-02
8169.6187 3.5162e-02
8172.0693 3.3849e-02
8174.5210 3.5831e-02
8176.9736 3.8041e-02
8179.4268 3.0263e-02
8181.8809 2.9643e-02
8184.3350 2.6515e-02
8186.7900 3.4778e-02
8189.2456 2.8251e-02
8191.7031 3.9139e-02
8194.1602 3.1580e-02
8196.6191 3.0896e-02
8199.0781 3.5551e-02
8201.5371 3.0477e-02
8203.9980 3.2715e-02
8206.4590 4.1353e-02
8208.9219 3.0730e-02
8211.3838 2.6588e-02
8213.8477 3.2570e-02
8216.3115 3.3395e-02
8218.7764 3.6470e-02
8221.2422 4.2800e-02
8223.7090 3.5056e-02
8226.1758 3.3712e-02
8228.6436 2.7299e-02
8231.1123 3.1561e-02
8233.5811 2.5893e-02
8236.0518 2.8854e-02
8238.5215 2.6530e-02
8240.9932 3.5887e-02
8243.4658 2.4018e-02
8245.9395 4.0275e-02
8248.4131 3.1147e-02
8250.8877 3.8747e-02
8253.3623 2.8890e-02
8255.8389 3.6079e-02
8258.3154 2.9378e-02
8260.7920 3.5004e-02
8263.2715 3.4435e-02
8265.7500 2.5600e-02
8268.2305 2.4165e-02
8270.7100 3.1642e-02
8273.1914 2.8847e-02
8275.6738 4.1417e-02
8278.1553 3.6594e-02
8280.6396 3.3567e-02
8283.1240 2.6837e-02
8285.6094 3.9369e-02
8288.0947 3.2822e-02
8290.5811 3.9106e-02
8293.0674 3.1185e-02
8295.5557 3.2581e-02
8298.0449 2.7065e-02
8300.5352 2.9119e-02
8303.0234 3.2551e-02
8305.5156 2.7385e-02
8308.0068 3.2820e-02
8310.5000 2.1814e-02
8312.9922 3.5639e-02
8315.4863 3.1895e-02
8317.9805 3.6415e-02
8320.4766 3.4957e-02
8322.9717 4.2216e-02
8325.4697 3.7145e-02
8327.9668 3.9055e-02
8330.4658 4.4770e-02
8332.9639 3.1987e-02
8335.4648 3.0090e-02
8337.9648 2.6470e-02
8340.4668 3.0299e-02
8342.9688 4.8489e-02
8345.4717 4.1545e-02
8347.9746 3.0913e-02
8350.4795 3.5903e-02
8352.9844 3.6984e-02
8355.4902 3.0949e-02
8357.9971 3.6616e-02
8360.5039 3.8323e-02
8363.0127 3.1360e-02
8365.5215 3.7074e-02
8368.0312 3.7080e-02
8370.5420 2.5898e-02
8373.0527 3.4602e-02
8375.5654 3.5603e-02
8378.0771 4.7373e-02
8380.5908 2.9954e-02
8383.1045 2.6728e-02
8385.6191 3.3677e-02
8388.1348 3.3420e-02
8390.6523 2.9353e-02
8393.1689 2.9484e-02
8395.6865 3.4414e-02
8398.2061 3.4672e-02
8400.7246 2.9741e-02
8403.2461 3.6136e-02
8405.7666 3.3959e-02
8408.2881 3.2738e-02
8410.8105 4.0296e-02
8413.3340 2.9298e-02
8415.8584 3.1183e-02
8418.3818 4.6296e-02
8420.9082 4.1194e-02
8423.4346 4.0556e-02
8425.9609 3.8030e-02
8428.4893 4.0528e-02
8431.0186 4.3641e-02
8433.5479 3.8849e-02
8436.0771 3.6382e-02
8438.6074 4.6301e-02
8441.1396 3.3229e-02
8443.6729 4.5261e-02
8446.2051 3.8940e-02
8448.7383 4.2680e-02
8451.2734 4.1666e-02
8453.8086 3.7852e-02
8456.3457 4.4516e-02
8458.8828 3.8907e-02
8461.4199 5.0367e-02
8463.9580 3.5431e-02
8466.4971 3.9055e-02
8469.0371 4.0774e-02
8471.5781 3.9857e-02
8474.1191 4.6132e-02
8476.6621 4.5185e-02
8479.2051 3.9863e-02
8481.7480 4.4390e-02
8484.2930 4.5624e-02
8486.8379 4.1835e-02
8489.3848 3.9980e-02
8491.9316 4.0143e-02
8494.4795 5.7793e-02
8497.0264 3.9561e-02
8499.5762 3.4180e-02
8502.1260 4.5277e-02
8504.6777 4.5809e-02
8507.2285 4.5717e-02
8509.7803 4.4426e-02
8512.3330 5.5794e-02
8514.8857 4.5045e-02
8517.4414 4.4032e-02
8519.9961 5.0135e-02
8522.5527 4.5474e-02
8525.1094 5.0032e-02
8527.6670 4.6671e-02
8530.2246 4.0122e-02
8532.7842 5.3593e-02
8535.3438 4.5992e-02
8537.9053 4.8836e-02
8540.4668 4.1764e-02
8543.0273 5.8492e-02
8545.5908 5.2159e-02
8548.1543 4.0401e-02
8550.7188 5.3198e-02
8553.2842 4.0330e-02
8555.8496 4.9113e-02
8558.4170 5.4260e-02
8560.9844 4.5383e-02
8563.5527 4.1886e-02
8566.1221 5.0612e-02
8568.6914 4.2639e-02
8571.2617 5.4232e-02
8573.8350 4.5484e-02
8576.4062 5.2081e-02
8578.9785 4.5452e-02
8581.5527 5.3733e-02
8584.1270 4.0699e-02
8586.7031 5.1046e-02
8589.2783 4.4890e-02
8591.8555 4.5816e-02
8594.4326 3.1061e-02
8597.0117 4.8927e-02
8599.5898 4.7939e-02
8602.1699 4.9109e-02
8604.7500 5.4189e-02
8607.3320 5.9937e-02
8609.9150 5.0345e-02
8612.4971 4.1138e-02
8615.0811 4.6362e-02
8617.6660 4.6720e-02
8620.2500 6.2684e-02
8622.8369 4.9427e-02
8625.4229 5.2215e-02
8628.0117 4.4882e-02
8630.6006 4.8256e-02
8633.1885 4.7458e-02
8635.7793 4.8963e-02
8638.3711 4.3168e-02
8640.9609 4.8570e-02
8643.5527 5.1970e-02
8646.1465 4.4752e-02
8648.7393 5.1124e-02
8651.3350 4.7826e-02
8653.9307 4.8591e-02
8656.5264 4.9361e-02
8659.1230 5.8764e-02
8661.7207 6.0375e-02
8664.3203 5.5573e-02
8666.9189 4.9587e-02
8669.5186 5.0857e-02
8672.1201 5.6081e-02
8674.7217 5.7383e-02
8677.3242 5.0815e-02
8679.9277 5.2568e-02
8682.5312 5.1912e-02
8685.1367 5.5525e-02
8687.7412 5.1750e-02
8690.3477 4.7937e-02
8692.9551 5.2011e-02
8695.5625 4.6661e-02
8698.1709 6.5295e-02
8700.7803 5.3815e-02
8703.3916 4.7613e-02
8706.0020 4.7637e-02
8708.6133 4.7677e-02
8711.2266 5.0108e-02
8713.8398 5.0480e-02
8716.4541 5.9283e-02
8719.0684 4.2935e-02
8721.6846 5.1609e-02
8724.3018 4.7322e-02
8726.9189 5.6450e-02
8729.5371 5.0929e-02
8732.1553 5.9316e-02
8734.7754 5.2416e-02
8737.3955 5.0387e-02
8740.0166 5.0189e-02
8742.6387 4.6579e-02
8745.2607 5.1105e-02
8747.8848 5.0290e-02
8750.5098 5.0458e-02
8753.1348 4.6661e-02
8755.7607 5.8034e-02
8758.3867 4.2114e-02
8761.0146 5.4853e-02
8763.6436 4.8167e-02
8766.2715 3.6840e-02
8768.9023 4.7959e-02
8771.5322 5.2736e-02
8774.1641 4.0350e-02
8776.7959 4.9788e-02
8779.4287 4.6556e-02
8782.0635 4.7088e-02
8784.6982 4.2199e-02
8787.3330 4.0663e-02
8789.9697 4.8584e-02
8792.6074 4.1085e-02
8795.2451 4.5408e-02
8797.8838 4.3553e-02
8800.5234 5.0474e-02
8803.1621 4.1322e-02
8805.8027 4.6849e-02
8808.4453 4.0806e-02
8811.0879 5.1537e-02
8813.7314 4.0321e-02
8816.3750 4.0335e-02
8819.0205 4.6677e-02
8821.6660 5.1872e-02
8824.3125 5.4497e-02
8826.9590 4.2649e-02
8829.6084 4.6801e-02
8832.2568 5.4820e-02
8834.9062 4.2865e-02
8837.5557 4.4261e-02
8840.2080 4.7860e-02
8842.8594 4.6549e-02
8845.5127 4.0883e-02
8848.1670 4.4866e-02
8850.8213 4.2290e-02
8853.4766 4.6143e-02
8856.1328 4.8804e-02
8858.7881 4.2787e-02
8861.4463 4.5749e-02
8864.1045 4.2250e-02
8866.7646 4.2527e-02
8869.4238 4.6748e-02
8872.0850 4.1262e-02
8874.7471 4.7565e-02
8877.4092 3.8142e-02
8880.0732 4.8711e-02
8882.7373 4.3799e-02
8885.4014 4.5103e-02
8888.0674 4.8202e-02
8890.7334 5.4789e-02
8893.4004 3.5502e-02
8896.0684 4.5601e-02
8898.7373 5.4689e-02
8901.4072 4.1415e-02
8904.0771 4.2521e-02
8906.7480 4.1079e-02
8909.4199 4.5717e-02
8912.0938 5.0727e-02
8914.7676 3.9734e-02
8917.4414 4.3852e-02
8920.1172 4.3701e-02
8922.7930 4.9886e-02
8925.4697 3.4369e-02
8928.1475 4.5960e-02
8930.8262 4.1998e-02
8933.5049 4.2675e-02
8936.1855 4.0792e-02
8938.8652 4.4723e-02
8941.5469 3.9035e-02
8944.2295 4.1558e-02
8946.9141 3.9420e-02
8949.5977 4.1367e-02
8952.2822 4.5161e-02
8954.9678 4.9121e-02
8957.6553 4.3911e-02
8960.3418 4.5584e-02
8963.0293 3.7655e-02
8965.7178 3.9839e-02
8968.4082 4.6192e-02
8971.0986 4.1232e-02
8973.7910 3.7509e-02
8976.4824 4.3163e-02
8979.1748 4.5794e-02
8981.8691 4.5752e-02
8984.5635 4.9131e-02
8987.2588 4.1095e-02
8989.9551 3.4226e-02
8992.6523 4.6742e-02
8995.3506 3.8636e-02
8998.0488 4.2158e-02
9000.7480 3.6078e-02
9003.4482 4.8849e-02
9006.1494 4.3478e-02
9008.8516 4.5409e-02
9011.5537 3.2592e-02
9014.2578 4.3654e-02
9016.9609 4.0825e-02
9019.6660 3.9649e-02
9022.3721 3.7317e-02
9025.0791 3.9908e-02
9027.7871 3.9721e-02
9030.4951 3.5558e-02
9033.2051 4.2065e-02
9035.9150 3.5605e-02
9038.6260 3.7590e-02
9041.3369 3.7800e-02
9044.0498 3.2379e-02
9046.7627 3.7696e-02
9049.4766 3.3123e-02
9052.1914 3.4404e-02
9054.9072 4.4960e-02
9057.6240 3.5343e-02
9060.3398 4.0129e-02
9063.0586 3.6739e-02
9065.7773 3.7104e-02
9068.4971 4.0858e-02
9071.2168 3.6374e-02
9073.9395 3.7270e-02
9076.6611 3.9998e-02
9079.3848 4.4454e-02
9082.1074 3.5186e-02
9084.8330 3.0616e-02
9087.5576 2.9724e-02
9090.2832 4.6941e-02
9093.0117 3.2511e-02
9095.7393 3.6482e-02
9098.4688 3.7446e-02
9101.1973 3.7189e-02
9103.9287 3.2677e-02
9106.6592 3.4958e-02
9109.3906 3.7314e-02
9112.1250 2.5083e-02
9114.8584 3.2495e-02
9117.5928 3.4323e-02
9120.3271 3.7601e-02
9123.0635 3.2494e-02
9125.8008 3.0291e-02
9128.5391 3.6781e-02
9131.2764 3.3798e-02
9134.0156 3.2696e-02
9136.7568 3.0434e-02
9139.4980 2.9919e-02
9142.2383 3.0181e-02
9144.9814 3.0025e-02
9147.7266 3.1386e-02
9150.4707 2.7296e-02
9153.2158 2.5537e-02
9155.9609 3.9887e-02
9158.7070 3.6063e-02
9161.4551 3.2043e-02
9164.2041 3.0274e-02
9166.9531 2.8187e-02
9169.7031 3.6446e-02
9172.4541 3.6737e-02
9175.2051 3.0045e-02
9177.9580 2.9809e-02
9180.7109 2.6046e-02
9183.4668 2.7606e-02
9186.2207 3.6937e-02
9188.9766 3.6043e-02
9191.7334 3.2964e-02
9194.4912 3.2919e-02
9197.2490 3.2171e-02
9200.0088 3.4841e-02
9202.7686 2.2331e-02
9205.5293 3.7126e-02
9208.2920 2.6551e-02
9211.0527 3.3541e-02
9213.8164 3.4325e-02
9216.5811 3.5792e-02
9219.3467 2.5984e-02
9222.1113 2.8701e-02
9224.8789 3.1922e-02
9227.6455 3.1323e-02
9230.4141 2.8282e-02
9233.1836 3.1655e-02
9235.9531 2.3749e-02
9238.7246 2.7958e-02
9241.4951 3.0374e-02
9244.2686 2.7890e-02
9247.0410 3.0699e-02
9249.8154 2.9476e-02
9252.5908 3.0877e-02
9255.3652 2.6753e-02
9258.1426 2.3073e-02
9260.9209 2.2651e-02
9263.6992 2.6581e-02
9266.4775 2.5474e-02
9269.2568 2.3970e-02
9272.0381 2.6373e-02
9274.8203 2.9309e-02
9277.6025 3.1461e-02
9280.3857 3.4030e-02
9283.1709 2.9937e-02
9285.9541 3.5977e-02
9288.7402 2.6542e-02
9291.5264 2.6552e-02
9294.3135 2.9472e-02
9297.1025 3.1039e-02
9299.8926 1.8267e-02
9302.6816 2.4110e-02
9305.4727 3.0760e-02
9308.2646 2.4720e-02
9311.0566 2.8799e-02
9313.8506 2.4147e-02
9316.6436 3.2218e-02
9319.4395 2.4913e-02
9322.2354 2.3763e-02
9325.0322 2.4558e-02
9327.8291 2.2763e-02
9330.6279 3.0357e-02
9333.4277 2.9016e-02
9336.2266 1.8731e-02
9339.0283 2.4214e-02
9341.8291 3.2546e-02
9344.6318 3.0103e-02
9347.4355 3.1405e-02
9350.2402 3.4720e-02
9353.0449 2.4653e-02
9355.8516 3.2396e-02
9358.6572 3.1160e-02
9361.4658 2.9385e-02
9364.2734 2.1677e-02
9367.0830 3.0374e-02
9369.8936 2.6409e-02
9372.7041 3.4927e-02
9375.5156 2.4664e-02
9378.3291 2.7471e-02
9381.1416 2.1019e-02
9383.9561 2.7185e-02
9386.7715 2.8209e-02
9389.5879 2.2178e-02
9392.4043 3.0166e-02
9395.2217 2.8095e-02
9398.0400 2.6130e-02
9400.8594 2.0806e-02
9403.6807 2.4473e-02
9406.5020 2.7330e-02
9409.3242 2.1028e-02
9412.1465 2.8027e-02
9414.9707 2.0610e-02
9417.7939 2.7369e-02
9420.6201 2.0966e-02
9423.4453 2.0221e-02
9426.2725 2.2078e-02
9429.1006 2.1444e-02
9431.9287 1.7773e-02
9434.7588 3.0163e-02
9437.5898 2.7839e-02
9440.4209 1.9653e-02
9443.2529 2.4001e-02
9446.0859 2.0728e-02
9448.9199 2.0526e-02
9451.7549 1.9291e-02
9454.5889 1.8362e-02
9457.4268 2.5917e-02
9460.2637 2.5849e-02
9463.1016 1.5378e-02
9465.9414 2.1950e-02
9468.7803 2.4257e-02
9471.6211 2.3615e-02
9474.4629 2.2733e-02
9477.3047 2.7393e-02
9480.1484 2.6326e-02
9482.9922 2.1929e-02
9485.8369 2.4006e-02
9488.6836 2.2816e-02
9491.5303 2.3672e-02
9494.3760 2.0650e-02
9497.2256 1.8139e-02
9500.0742 2.0981e-02
9502.9238 1.7003e-02
9505.7754 1.8694e-02
9508.6270 2.3774e-02
9511.4805 2.8920e-02
9514.3320 2.1790e-02
9517.1875 2.0070e-02
9520.0420 2.9252e-02
9522.8984 1.6433e-02
9525.7559 2.6215e-02
9528.6133 2.2695e-02
9531.4717 2.5934e-02
9534.3311 2.3489e-02
9537.1914 2.5834e-02
9540.0518 1.3003e-02
9542.9150 2.2841e-02
9545.7773 2.0310e-02
9548.6416 2.1393e-02
9551.5059 1.9533e-02
9554.3711 2.0258e-02
9557.2373 2.1951e-02
9560.1045 2.2584e-02
9562.9727 2.1452e-02
9565.8418 2.1503e-02
9568.7109 1.7151e-02
9571.5820 2.5010e-02
9574.4531 1.7760e-02
9577.3252 1.9366e-02
9580.1992 2.3927e-02
9583.0723 2.2423e-02
9585.9473 1.9839e-02
9588.8242 1.8190e-02
9591.7002 1.9315e-02
9594.5781 2.1587e-02
9597.4561 2.0464e-02
9600.3350 1.9453e-02
9603.2158 2.2788e-02
9606.0957 2.0516e-02
9608.9775 1.6935e-02
9611.8613 2.5419e-02
9614.7441 1.4675e-02
9617.6279 1.4798e-02
9620.5137 1.4769e-02
9623.4014 1.5983e-02
9626.2881 1.8573e-02
9629.1748 1.8674e-02
9632.0645 1.9157e-02
9634.9541 1.8185e-02
9637.8438 1.5448e-02
9640.7363 1.5196e-02
9643.6270 1.7274e-02
9646.5215 1.7831e-02
9649.4141 2.1518e-02
9652.3086 1.7922e-02
9655.2051 2.0288e-02
9658.1016 1.5341e-02
9660.9990 1.8319e-02
9663.8975 1.9972e-02
9666.7969 1.5815e-02
9669.6973 1.8002e-02
9672.5967 1.7316e-02
9675.5000 1.3756e-02
9678.4023 2.6637e-02
9681.3057 1.7934e-02
9684.2109 2.1916e-02
9687.1152 1.6200e-02
9690.0215 1.5862e-02
9692.9287 1.3960e-02
9695.8369 1.7808e-02
9698.7441 1.7836e-02
9701.6553 1.2502e-02
9704.5645 1.9042e-02
9707.4775 1.4536e-02
9710.3887 1.9298e-02
9713.3008 1.4019e-02
9716.2158 1.7335e-02
9719.1299 1.6899e-02
9722.0459 1.2955e-02
9724.9629 1.9288e-02
9727.8809 1.4232e-02
9730.7988 1.4338e-02
9733.7178 8.3301e-03
9736.6387 1.1502e-02
9739.5586 1.3843e-02
9742.4805 1.0425e-02
9745.4033 1.4157e-02
9748.3281 2.5158e-02
9751.2520 1.4535e-02
9754.1777 1.4478e-02
9757.1035 1.6966e-02
9760.0303 1.2071e-02
9762.9590 1.7266e-02
9765.8877 1.8030e-02
9768.8174 1.8613e-02
9771.7480 1.4840e-02
9774.6797 1.6229e-02
9777.6113 1.7309e-02
9780.5459 1.2591e-02
9783.4795 1.7865e-02
9786.4141 1.2430e-02
9789.3496 1.1107e-02
9792.2871 1.3341e-02
9795.2256 9.2717e-03
9798.1641 1.7945e-02
9801.1035 1.5181e-02
9804.0430 1.1000e-02
9806.9844 1.6376e-02
9809.9268 1.5459e-02
9812.8691 1.1211e-02
9815.8125 1.0463e-02
9818.7578 1.2399e-02
9821.7041 1.3668e-02
9824.6494 1.6086e-02
9827.5967 1.4548e-02
9830.5469 1.7425e-02
9833.4951 1.3975e-02
9836.4453 1.3650e-02
9839.3965 1.3147e-02
9842.3486 1.3020e-02
9845.2998 6.1873e-03
9848.2549 1.4588e-02
9851.2080 1.1030e-02
9854.1641 1.4755e-02
9857.1201 1.3755e-02
9860.0771 1.2320e-02
9863.0361 1.2894e-02
9865.9941 1.6164e-02
9868.9541 1.2752e-02
9871.9150 1.9442e-02
9874.8760 8.6463e-03
9877.8389 1.2110e-02
9880.8018 1.2717e-02
9883.7666 8.5306e-03
9886.7324 1.3713e-02
9889.6982 1.1943e-02
9892.6641 7.7976e-03
9895.6338 1.1908e-02
9898.6016 1.2428e-02
9901.5713 1.2571e-02
9904.5420 1.6322e-02
9907.5127 1.3921e-02
9910.4854 1.8578e-02
9913.4590 1.9471e-02
9916.4326 1.3472e-02
9919.4072 1.6993e-02
9922.3828 1.2922e-02
9925.3584 2.0357e-02
9928.3379 1.1171e-02
9931.3164 1.3377e-02
9934.2949 8.1663e-03
9937.2754 8.8370e-03
9940.2568 1.0746e-02
9943.2383 1.6261e-02
9946.2207 1.3792e-02
9949.2061 9.5737e-03
9952.1904 1.3313e-02
9955.1758 1.3989e-02
9958.1631 1.2082e-02
9961.1494 1.0393e-02
9964.1387 1.1075e-02
9967.1279 8.2457e-03
9970.1182 1.4078e-02
9973.1084 1.5245e-02
9976.1006 1.0536e-02
9979.0928 1.0092e-02
9982.0859 1.4358e-02
9985.0820 9.2360e-03
9988.0771 9.1098e-03
9991.0732 1.5586e-02
9994.0713 1.1503e-02
9997.0693 1.1511e-02
10000.0684 1.5259e-02
10003.0674 1.3138e-02
10006.0684 1.7982e-02
10009.0713 1.0306e-02
10012.0742 1.0897e-02
10015.0771 1.2778e-02
10018.0820 1.1504e-02
10021.0879 1.1229e-02
10024.0938 1.3383e-02
10027.1006 1.4218e-02
10030.1084 1.3193e-02
10033.1172 1.0796e-02
10036.1270 9.4155e-03
10039.1387 9.3367e-03
10042.1504 8.9096e-03
10045.1631 1.2817e-02
10048.1768 1.2768e-02
10051.1924 7.2248e-03
10054.2061 8.2082e-03
10057.2227 1.2402e-02
10060.2402 1.0380e-02
10063.2578 1.2071e-02
10066.2773 8.6631e-03
10069.2969 1.2425e-02
10072.3174 1.2073e-02
10075.3379 1.2741e-02
10078.3623 8.4346e-03
10081.3848 1.0370e-02
10084.4102 6.3650e-03
10087.4346 1.0978e-02
10090.4619 9.3698e-03
10093.4883 1.0581e-02
10096.5166 1.0039e-02
10099.5459 9.2719e-03
10102.5742 1.3823e-02
10105.6055 1.2400e-02
10108.6367 1.1561e-02
10111.6709 9.5412e-03
10114.7041 5.6325e-03
10117.7383 1.0034e-02
10120.7734 1.0067e-02
10123.8105 7.9251e-03
10126.8477 6.7858e-03
10129.8857 1.1381e-02
10132.9248 1.1250e-02
10135.9648 1.0760e-02
10139.0049 7.9472e-03
10142.0479 8.9394e-03
10145.0879 8.3111e-03
10148.1318 7.3868e-03
10151.1768 1.0505e-02
10154.2227 7.9102e-03
10157.2686 8.6755e-03
10160.3154 1.3502e-02
10163.3643 1.0241e-02
10166.4121 8.8001e-03
10169.4629 8.3231e-03
10172.5137 9.0258e-03
10175.5654 9.5411e-03
10178.6191 9.8745e-03
10181.6719 9.0844e-03
10184.7256 1.0391e-02
10187.7822 9.8978e-03
10190.8379 1.1821e-02
10193.8945 7.7629e-03
10196.9541 7.1312e-03
10200.0127 9.2288e-03
10203.0723 1.0090e-02
10206.1328 7.7561e-03
10209.1953 9.7560e-03
10212.2578 1.1786e-02
10215.3223 1.1319e-02
10218.3867 8.6106e-03
10221.4521 1.0299e-02
10224.5186 9.6979e-03
10227.5850 9.7010e-03
10230.6543 9.9618e-03
10233.7246 1.3042e-02
10236.7930 7.3968e-03
10239.8643 1.0911e-02
10242.9355 1.0147e-02
10246.0098 1.1359e-02
10249.0830 1.2978e-02
10252.1572 1.0357e-02
10255.2334 8.0990e-03
10258.3096 1.0388e-02
10261.3877 9.1801e-03
10264.4648 9.2936e-03
10267.5449 1.1180e-02
10270.6250 6.9632e-03
