# time_explosion = 5.75
# 
3082.8928 2.4812e-02
3083.8179 6.1859e-02
3084.7432 3.4165e-02
3085.6685 4.6699e-02
3086.5940 2.7697e-02
3087.5200 4.8120e-02
3088.4463 4.6359e-02
3089.3728 3.9059e-02
3090.2996 6.0186e-02
3091.2268 3.8164e-02
3092.1541 3.5963e-02
3093.0815 4.2963e-02
3094.0098 1.5304e-02
3094.9380 5.4148e-02
3095.8665 3.8926e-02
3096.7952 3.0446e-02
3097.7241 3.8081e-02
3098.6536 3.0301e-02
3099.5828 4.8600e-02
3100.5129 5.7984e-02
3101.4431 5.4532e-02
3102.3735 3.5240e-02
3103.3042 3.5510e-02
3104.2354 3.0174e-02
3105.1665 5.2093e-02
3106.0981 3.2016e-02
3107.0300 1.6305e-02
3107.9619 4.0105e-02
3108.8943 6.7110e-02
3109.8269 4.1697e-02
3110.7600 2.6004e-02
3111.6929 2.6077e-02
3112.6265 2.7313e-02
3113.5605 3.6585e-02
3114.4944 4.4929e-02
3115.4290 3.6209e-02
3116.3635 4.4214e-02
3117.2986 3.8608e-02
3118.2336 3.7144e-02
3119.1689 4.4859e-02
3120.1047 3.7126e-02
3121.0410 2.6871e-02
3121.9773 3.1987e-02
3122.9136 2.8540e-02
3123.8508 3.4861e-02
3124.7878 3.9557e-02
3125.7251 4.3047e-02
3126.6628 4.9269e-02
3127.6008 4.4551e-02
3128.5393 4.9614e-02
3129.4778 1.9876e-02
3130.4170 2.8011e-02
3131.3557 3.0987e-02
3132.2954 4.8702e-02
3133.2349 2.4218e-02
3134.1748 3.7492e-02
3135.1150 4.5150e-02
3136.0559 3.1950e-02
3136.9968 1.9915e-02
3137.9377 2.2729e-02
3138.8789 3.1992e-02
3139.8206 3.5391e-02
3140.7625 3.7928e-02
3141.7046 1.8153e-02
3142.6472 3.1106e-02
3143.5901 3.9999e-02
3144.5334 3.5305e-02
3145.4766 3.9004e-02
3146.4202 2.7384e-02
3147.3643 2.6011e-02
3148.3086 3.8831e-02
3149.2529 3.4009e-02
3150.1975 2.8491e-02
3151.1426 3.6372e-02
3152.0881 3.1464e-02
3153.0337 2.7651e-02
3153.9795 4.1005e-02
3154.9255 3.8644e-02
3155.8723 2.3639e-02
3156.8188 5.0091e-02
3157.7661 2.4768e-02
3158.7134 3.0928e-02
3159.6609 3.6076e-02
3160.6086 2.6759e-02
3161.5571 3.4020e-02
3162.5054 2.1464e-02
3163.4541 2.5898e-02
3164.4031 3.3764e-02
3165.3528 2.4878e-02
3166.3022 2.6805e-02
3167.2522 2.0687e-02
3168.2024 2.6014e-02
3169.1526 2.0455e-02
3170.1035 4.5553e-02
3171.0544 1.9487e-02
3172.0061 1.8132e-02
3172.9573 1.8820e-02
3173.9092 3.1558e-02
3174.8613 2.3696e-02
3175.8140 3.0643e-02
3176.7668 2.2311e-02
3177.7197 2.9558e-02
3178.6729 3.0677e-02
3179.6267 4.0907e-02
3180.5808 2.9590e-02
3181.5347 3.2848e-02
3182.4893 2.4737e-02
3183.4438 2.8895e-02
3184.3987 2.5141e-02
3185.3542 2.4299e-02
3186.3101 2.8894e-02
3187.2659 3.4549e-02
3188.2217 2.5618e-02
3189.1785 1.6139e-02
3190.1350 3.2782e-02
3191.0920 3.4752e-02
3192.0493 4.2910e-02
3193.0071 2.7482e-02
3193.9651 1.1936e-02
3194.9233 2.1458e-02
3195.8818 3.1749e-02
3196.8408 3.9252e-02
3197.7996 2.6942e-02
3198.7590 2.5993e-02
3199.7185 2.3547e-02
3200.6782 3.1038e-02
3201.6387 4.3140e-02
3202.5991 3.2793e-02
3203.5598 4.4182e-02
3204.5208 2.8558e-02
3205.4824 6.0157e-02
3206.4441 1.8885e-02
3207.4058 2.6572e-02
3208.3682 3.9668e-02
3209.3306 1.9865e-02
3210.2935 4.2383e-02
3211.2563 3.0372e-02
3212.2200 3.5971e-02
3213.1833 3.4949e-02
3214.1472 4.1425e-02
3215.1118 4.0896e-02
3216.0764 4.1391e-02
3217.0413 3.9544e-02
3218.0061 6.6156e-02
3218.9714 5.5680e-02
3219.9373 2.6970e-02
3220.9031 4.7445e-02
3221.8699 4.0044e-02
3222.8362 4.1230e-02
3223.8030 3.4398e-02
3224.7700 3.6157e-02
3225.7375 4.0198e-02
3226.7053 3.2203e-02
3227.6731 2.3412e-02
3228.6416 3.3942e-02
3229.6101 2.8020e-02
3230.5791 2.8394e-02
3231.5483 2.3177e-02
3232.5178 2.1256e-02
3233.4875 3.4283e-02
3234.4575 5.7300e-02
3235.4280 4.7469e-02
3236.3984 2.3706e-02
3237.3691 4.9811e-02
3238.3403 3.0860e-02
3239.3120 6.5811e-02
3240.2839 2.8033e-02
3241.2559 6.0619e-02
3242.2285 5.0635e-02
3243.2012 2.7978e-02
3244.1743 3.3524e-02
3245.1472 3.2447e-02
3246.1208 4.1638e-02
3247.0947 3.3165e-02
3248.0688 3.5766e-02
3249.0432 5.6114e-02
3250.0178 4.2765e-02
3250.9929 2.6509e-02
3251.9680 3.5784e-02
3252.9438 3.3602e-02
3253.9194 2.8784e-02
3254.8958 2.7400e-02
3255.8723 2.6867e-02
3256.8489 3.7541e-02
3257.8262 4.5538e-02
3258.8035 3.6030e-02
3259.7810 2.8107e-02
3260.7593 4.1680e-02
3261.7373 4.9523e-02
3262.7158 4.3567e-02
3263.6946 3.5826e-02
3264.6736 3.2056e-02
3265.6531 3.0870e-02
3266.6331 3.2289e-02
3267.6130 3.6789e-02
3268.5930 2.8775e-02
3269.5735 3.4517e-02
3270.5544 3.0193e-02
3271.5356 4.3679e-02
3272.5171 3.2573e-02
3273.4990 3.7313e-02
3274.4812 3.2729e-02
3275.4634 2.3106e-02
3276.4458 3.3117e-02
3277.4287 2.7021e-02
3278.4124 1.2967e-02
3279.3958 2.0996e-02
3280.3794 2.1677e-02
3281.3635 3.0084e-02
3282.3479 3.5330e-02
3283.3325 1.9494e-02
3284.3179 2.3417e-02
3285.3030 2.0380e-02
3286.2888 3.3377e-02
3287.2744 3.3365e-02
3288.2605 2.0966e-02
3289.2471 2.8312e-02
3290.2339 2.7347e-02
3291.2212 4.2784e-02
3292.2083 3.5093e-02
3293.1958 2.5000e-02
3294.1838 2.2808e-02
3295.1724 3.0900e-02
3296.1609 2.5564e-02
3297.1497 1.3115e-02
3298.1387 2.1601e-02
3299.1282 3.6976e-02
3300.1177 2.2735e-02
3301.1079 2.2814e-02
3302.0984 2.5034e-02
3303.0889 4.0591e-02
3304.0798 2.1117e-02
3305.0713 3.1949e-02
3306.0627 1.9547e-02
3307.0544 4.1915e-02
3308.0466 3.1482e-02
3309.0391 2.6879e-02
3310.0317 2.8208e-02
3311.0247 3.6986e-02
3312.0178 2.8054e-02
3313.0117 3.5870e-02
3314.0054 2.1869e-02
3315.0000 2.7002e-02
3315.9941 3.6731e-02
3316.9890 3.9999e-02
3317.9839 3.7943e-02
3318.9795 2.0062e-02
3319.9751 3.4534e-02
3320.9712 2.4443e-02
3321.9678 1.1871e-02
3322.9639 5.5374e-02
3323.9607 2.8125e-02
3324.9580 5.1474e-02
3325.9558 2.1941e-02
3326.9536 4.8010e-02
3327.9514 2.7085e-02
3328.9497 5.5449e-02
3329.9482 3.6968e-02
3330.9475 5.4431e-02
3331.9468 4.0895e-02
3332.9463 5.6017e-02
3333.9463 5.5387e-02
3334.9463 5.2154e-02
3335.9473 5.0030e-02
3336.9478 6.6362e-02
3337.9487 4.5747e-02
3338.9502 7.6191e-02
3339.9517 4.8788e-02
3340.9536 6.1605e-02
3341.9561 6.9771e-02
3342.9587 5.3737e-02
3343.9614 5.4299e-02
3344.9651 5.9899e-02
3345.9685 5.6245e-02
3346.9722 6.5732e-02
3347.9763 6.5543e-02
3348.9805 5.7709e-02
3349.9854 6.8001e-02
3350.9902 7.2402e-02
3351.9956 8.8792e-02
3353.0010 6.2019e-02
3354.0073 6.6897e-02
3355.0129 5.1571e-02
3356.0198 7.1625e-02
3357.0264 5.5995e-02
3358.0334 6.9523e-02
3359.0410 5.0959e-02
3360.0488 4.8269e-02
3361.0569 7.2880e-02
3362.0654 3.4093e-02
3363.0740 6.3193e-02
3364.0828 4.1021e-02
3365.0918 4.7378e-02
3366.1013 5.1179e-02
3367.1113 6.5443e-02
3368.1213 6.1572e-02
3369.1318 6.6334e-02
3370.1426 5.8650e-02
3371.1536 8.6405e-02
3372.1650 5.9527e-02
3373.1768 5.5605e-02
3374.1885 4.7426e-02
3375.2004 6.8932e-02
3376.2134 5.2666e-02
3377.2261 5.4626e-02
3378.2395 6.2898e-02
3379.2529 5.3708e-02
3380.2664 7.8133e-02
3381.2805 5.7679e-02
3382.2952 6.1300e-02
3383.3098 3.5626e-02
3384.3250 6.0341e-02
3385.3401 7.1414e-02
3386.3557 6.8052e-02
3387.3716 6.5308e-02
3388.3879 4.2407e-02
3389.4045 5.7186e-02
3390.4211 5.0611e-02
3391.4385 7.0070e-02
3392.4558 5.8147e-02
3393.4736 5.9340e-02
3394.4915 6.0581e-02
3395.5100 5.3028e-02
3396.5286 4.7016e-02
3397.5474 5.7633e-02
3398.5667 7.7811e-02
3399.5862 6.9388e-02
3400.6062 6.4444e-02
3401.6262 5.9440e-02
3402.6467 5.6826e-02
3403.6677 7.6356e-02
3404.6887 6.7747e-02
3405.7100 5.4981e-02
3406.7319 5.7760e-02
3407.7539 5.5881e-02
3408.7764 7.1859e-02
3409.7988 8.3468e-02
3410.8218 4.7980e-02
3411.8450 8.2666e-02
3412.8687 5.1083e-02
3413.8923 5.1692e-02
3414.9167 8.1090e-02
3415.9412 4.9909e-02
3416.9658 6.2306e-02
3417.9907 5.5479e-02
3419.0164 4.5890e-02
3420.0420 6.2462e-02
3421.0681 6.0260e-02
3422.0945 6.7200e-02
3423.1208 4.8993e-02
3424.1479 7.6334e-02
3425.1753 5.4062e-02
3426.2029 4.6833e-02
3427.2307 5.7490e-02
3428.2588 8.6776e-02
3429.2871 6.1901e-02
3430.3159 5.3973e-02
3431.3452 5.7493e-02
3432.3748 7.7222e-02
3433.4041 5.2337e-02
3434.4346 4.6582e-02
3435.4646 5.8090e-02
3436.4954 5.9972e-02
3437.5261 7.0047e-02
3438.5579 5.9295e-02
3439.5894 7.3612e-02
3440.6208 6.7227e-02
3441.6531 7.5196e-02
3442.6855 5.6258e-02
3443.7183 6.9070e-02
3444.7515 3.2612e-02
3445.7852 4.2712e-02
3446.8186 7.3792e-02
3447.8525 7.1389e-02
3448.8872 8.7697e-02
3449.9216 7.0524e-02
3450.9568 5.9577e-02
3451.9919 7.6257e-02
3453.0276 5.2955e-02
3454.0637 6.9618e-02
3455.0999 4.6430e-02
3456.1362 7.5343e-02
3457.1731 6.7688e-02
3458.2102 7.1229e-02
3459.2476 5.0770e-02
3460.2856 7.6447e-02
3461.3235 5.9973e-02
3462.3621 3.8744e-02
3463.4004 6.5403e-02
3464.4399 7.5255e-02
3465.4790 7.4091e-02
3466.5188 7.0157e-02
3467.5586 6.2717e-02
3468.5989 7.5071e-02
3469.6394 6.9655e-02
3470.6804 7.3196e-02
3471.7217 5.4574e-02
3472.7629 5.0604e-02
3473.8049 7.0314e-02
3474.8469 6.2982e-02
3475.8894 6.9724e-02
3476.9321 5.9683e-02
3477.9751 4.4067e-02
3479.0188 7.9060e-02
3480.0625 8.2683e-02
3481.1064 6.2364e-02
3482.1509 6.3623e-02
3483.1956 9.0017e-02
3484.2407 5.8826e-02
3485.2856 8.1483e-02
3486.3313 6.1202e-02
3487.3772 7.1847e-02
3488.4233 5.3285e-02
3489.4697 7.4866e-02
3490.5168 8.1248e-02
3491.5640 7.0178e-02
3492.6116 7.7595e-02
3493.6592 7.0932e-02
3494.7073 6.6542e-02
3495.7556 6.6524e-02
3496.8044 6.6704e-02
3497.8535 7.5032e-02
3498.9026 8.0163e-02
3499.9526 8.3001e-02
3501.0024 7.0505e-02
3502.0527 5.7758e-02
3503.1033 8.3624e-02
3504.1543 7.1833e-02
3505.2058 8.2397e-02
3506.2571 9.1019e-02
3507.3088 7.6674e-02
3508.3613 9.6882e-02
3509.4136 7.9490e-02
3510.4663 8.8469e-02
3511.5193 8.1083e-02
3512.5730 8.1242e-02
3513.6270 6.8693e-02
3514.6809 5.5402e-02
3515.7351 7.7333e-02
3516.7898 4.9510e-02
3517.8452 7.0052e-02
3518.9004 6.8251e-02
3519.9561 7.5853e-02
3521.0122 8.7607e-02
3522.0686 7.1324e-02
3523.1250 7.4323e-02
3524.1821 6.6620e-02
3525.2390 7.8120e-02
3526.2969 8.9885e-02
3527.3547 8.5617e-02
3528.4126 8.0903e-02
3529.4714 7.0256e-02
3530.5303 6.3320e-02
3531.5894 7.1038e-02
3532.6487 7.9843e-02
3533.7090 6.9562e-02
3534.7688 6.5797e-02
3535.8293 9.5582e-02
3536.8901 6.0620e-02
3537.9512 8.2013e-02
3539.0122 5.8656e-02
3540.0740 5.2557e-02
3541.1360 6.4212e-02
3542.1987 5.5598e-02
3543.2612 7.3596e-02
3544.3245 5.9857e-02
3545.3875 7.2697e-02
3546.4509 6.4472e-02
3547.5154 5.1551e-02
3548.5793 7.0016e-02
3549.6438 8.0630e-02
3550.7087 8.0021e-02
3551.7739 4.8674e-02
3552.8396 7.1073e-02
3553.9053 6.2074e-02
3554.9714 5.4935e-02
3556.0378 7.6662e-02
3557.1050 5.4930e-02
3558.1716 7.7483e-02
3559.2395 4.6372e-02
3560.3071 5.0108e-02
3561.3752 6.6927e-02
3562.4436 5.8585e-02
3563.5125 7.7387e-02
3564.5813 6.6776e-02
3565.6506 5.4226e-02
3566.7205 7.3933e-02
3567.7905 4.8633e-02
3568.8611 4.3724e-02
3569.9316 5.9688e-02
3571.0027 4.9225e-02
3572.0737 6.0793e-02
3573.1455 6.5732e-02
3574.2175 7.6293e-02
3575.2896 7.2152e-02
3576.3625 6.5638e-02
3577.4351 5.1998e-02
3578.5083 6.2108e-02
3579.5820 6.7997e-02
3580.6560 6.9570e-02
3581.7300 6.6299e-02
3582.8047 7.9858e-02
3583.8792 6.0294e-02
3584.9546 5.8032e-02
3586.0298 5.1341e-02
3587.1060 5.3598e-02
3588.1821 4.4805e-02
3589.2583 3.7870e-02
3590.3352 3.5812e-02
3591.4124 5.3239e-02
3592.4897 6.0417e-02
3593.5671 5.4093e-02
3594.6455 3.5228e-02
3595.7241 6.9641e-02
3596.8025 7.2294e-02
3597.8818 6.6286e-02
3598.9609 6.4679e-02
3600.0405 4.8519e-02
3601.1204 4.7123e-02
3602.2009 6.0619e-02
3603.2817 5.1985e-02
3604.3625 4.8554e-02
3605.4441 4.9452e-02
3606.5256 7.1428e-02
3607.6074 5.2450e-02
3608.6899 6.6408e-02
3609.7725 5.8347e-02
3610.8552 4.9844e-02
3611.9385 5.5430e-02
3613.0222 6.5934e-02
3614.1062 3.8317e-02
3615.1904 4.6126e-02
3616.2749 4.6180e-02
3617.3599 5.3488e-02
3618.4451 5.9475e-02
3619.5303 6.0847e-02
3620.6165 7.7689e-02
3621.7024 6.6358e-02
3622.7891 4.3085e-02
3623.8760 5.3723e-02
3624.9631 5.1852e-02
3626.0508 5.3301e-02
3627.1382 6.4943e-02
3628.2266 4.8584e-02
3629.3152 5.5086e-02
3630.4038 4.1895e-02
3631.4927 4.1596e-02
3632.5825 6.0713e-02
3633.6721 6.4077e-02
3634.7622 5.9642e-02
3635.8528 3.8648e-02
3636.9434 3.2872e-02
3638.0347 6.2793e-02
3639.1257 5.4441e-02
3640.2178 4.8691e-02
3641.3098 7.7135e-02
3642.4021 4.8299e-02
3643.4946 6.4801e-02
3644.5881 2.9923e-02
3645.6814 5.0876e-02
3646.7751 6.2805e-02
3647.8691 4.0479e-02
3648.9634 5.2245e-02
3650.0581 3.9487e-02
3651.1533 3.8023e-02
3652.2480 4.9029e-02
3653.3442 4.1769e-02
3654.4402 2.7316e-02
3655.5364 6.4121e-02
3656.6333 5.7544e-02
3657.7300 4.3565e-02
3658.8274 2.2030e-02
3659.9250 4.4263e-02
3661.0232 5.5524e-02
3662.1213 3.9181e-02
3663.2202 4.6753e-02
3664.3188 5.7001e-02
3665.4182 5.0819e-02
3666.5181 4.1289e-02
3667.6179 2.8406e-02
3668.7183 5.2150e-02
3669.8186 4.3518e-02
3670.9197 3.4202e-02
3672.0210 4.1351e-02
3673.1226 5.8629e-02
3674.2241 5.4174e-02
3675.3269 4.1776e-02
3676.4294 3.6361e-02
3677.5325 6.6145e-02
3678.6355 4.0149e-02
3679.7390 3.5648e-02
3680.8430 5.0099e-02
3681.9473 6.3650e-02
3683.0518 4.7750e-02
3684.1570 3.9430e-02
3685.2620 4.3875e-02
3686.3677 2.9731e-02
3687.4739 5.3594e-02
3688.5796 4.6754e-02
3689.6865 6.8136e-02
3690.7932 5.8097e-02
3691.9006 6.0433e-02
3693.0081 4.8160e-02
3694.1160 5.0792e-02
3695.2241 7.0115e-02
3696.3328 5.9659e-02
3697.4417 5.0393e-02
3698.5508 4.9204e-02
3699.6606 6.8628e-02
3700.7703 4.3032e-02
3701.8806 8.4922e-02
3702.9910 7.0543e-02
3704.1023 7.2482e-02
3705.2136 5.0806e-02
3706.3247 5.7813e-02
3707.4370 6.6938e-02
3708.5491 7.7620e-02
3709.6616 5.2499e-02
3710.7744 5.5855e-02
3711.8877 6.0014e-02
3713.0012 5.0609e-02
3714.1152 5.8476e-02
3715.2292 8.3826e-02
3716.3440 7.5849e-02
3717.4590 8.8570e-02
3718.5742 6.9565e-02
3719.6897 6.9199e-02
3720.8057 8.2670e-02
3721.9219 7.6604e-02
3723.0383 7.6862e-02
3724.1553 6.5526e-02
3725.2725 7.8458e-02
3726.3904 9.2218e-02
3727.5081 8.2983e-02
3728.6265 7.8103e-02
3729.7451 7.0139e-02
3730.8640 7.3393e-02
3731.9832 8.3349e-02
3733.1028 6.2832e-02
3734.2227 7.6783e-02
3735.3428 1.0360e-01
3736.4636 5.9790e-02
3737.5842 8.1531e-02
3738.7056 9.8715e-02
3739.8276 8.7301e-02
3740.9490 9.8845e-02
3742.0718 8.9806e-02
3743.1943 8.1623e-02
3744.3171 9.3878e-02
3745.4404 8.9601e-02
3746.5640 1.1966e-01
3747.6880 1.0259e-01
3748.8125 8.9107e-02
3749.9368 1.0297e-01
3751.0620 9.5068e-02
3752.1873 7.8156e-02
3753.3130 9.3601e-02
3754.4387 7.4485e-02
3755.5652 8.2960e-02
3756.6919 7.9438e-02
3757.8188 1.0437e-01
3758.9463 7.9229e-02
3760.0737 1.0976e-01
3761.2019 1.1272e-01
3762.3306 1.1236e-01
3763.4590 7.7793e-02
3764.5881 9.0250e-02
3765.7175 8.5777e-02
3766.8472 9.0589e-02
3767.9771 8.0847e-02
3769.1079 8.9982e-02
3770.2383 9.6557e-02
3771.3694 8.4965e-02
3772.5007 1.0417e-01
3773.6328 8.8527e-02
3774.7646 1.0626e-01
3775.8972 9.0516e-02
3777.0298 1.2118e-01
3778.1628 1.0212e-01
3779.2964 9.1965e-02
3780.4302 9.1106e-02
3781.5642 1.0258e-01
3782.6987 1.0016e-01
3783.8335 1.1431e-01
3784.9690 8.8594e-02
3786.1042 1.0888e-01
3787.2400 6.3883e-02
3788.3762 8.3888e-02
3789.5125 7.3482e-02
3790.6497 7.2761e-02
3791.7869 9.7142e-02
3792.9246 9.9913e-02
3794.0625 7.5393e-02
3795.2007 6.3055e-02
3796.3391 6.4223e-02
3797.4778 6.7154e-02
3798.6169 7.9976e-02
3799.7568 3.8818e-02
3800.8967 8.1399e-02
3802.0371 6.9959e-02
3803.1775 6.4151e-02
3804.3181 6.4617e-02
3805.4597 7.3826e-02
3806.6013 8.1674e-02
3807.7434 5.9999e-02
3808.8857 7.9319e-02
3810.0286 7.3195e-02
3811.1714 6.4015e-02
3812.3149 8.1998e-02
3813.4583 5.6022e-02
3814.6025 6.0265e-02
3815.7468 7.3347e-02
3816.8916 5.7073e-02
3818.0369 7.4348e-02
3819.1824 7.4270e-02
3820.3281 7.0156e-02
3821.4741 4.2261e-02
3822.6201 6.2128e-02
3823.7671 6.3677e-02
3824.9143 4.2386e-02
3826.0615 6.5168e-02
3827.2097 4.8275e-02
3828.3577 7.3692e-02
3829.5063 6.5380e-02
3830.6553 4.4501e-02
3831.8044 5.9343e-02
3832.9539 4.3975e-02
3834.1035 7.3240e-02
3835.2539 4.2523e-02
3836.4045 2.5769e-02
3837.5554 3.4989e-02
3838.7068 5.1856e-02
3839.8582 4.9985e-02
3841.0103 4.4268e-02
3842.1628 5.6043e-02
3843.3152 5.4469e-02
3844.4683 3.9519e-02
3845.6216 5.8248e-02
3846.7754 4.8418e-02
3847.9294 5.6479e-02
3849.0835 5.2078e-02
3850.2383 4.4048e-02
3851.3933 6.1384e-02
3852.5488 3.6473e-02
3853.7051 4.0527e-02
3854.8606 5.1477e-02
3856.0173 4.2119e-02
3857.1741 4.1572e-02
3858.3313 3.7904e-02
3859.4883 4.0878e-02
3860.6465 6.2984e-02
3861.8047 3.9602e-02
3862.9631 5.7158e-02
3864.1221 3.9406e-02
3865.2815 5.8953e-02
3866.4412 4.3260e-02
3867.6011 4.6340e-02
3868.7610 4.5598e-02
3869.9216 4.7626e-02
3871.0828 3.5059e-02
3872.2441 3.7478e-02
3873.4058 5.0940e-02
3874.5676 6.2139e-02
3875.7302 3.8127e-02
3876.8931 3.9880e-02
3878.0559 4.7504e-02
3879.2192 3.3513e-02
3880.3831 4.5582e-02
3881.5474 5.2850e-02
3882.7119 4.1788e-02
3883.8767 3.7327e-02
3885.0420 4.9592e-02
3886.2073 2.8016e-02
3887.3728 5.0242e-02
3888.5391 6.6417e-02
3889.7061 4.0495e-02
3890.8730 4.7303e-02
3892.0400 5.6720e-02
3893.2078 3.8604e-02
3894.3755 4.4023e-02
3895.5439 4.8198e-02
3896.7126 5.4695e-02
3897.8813 5.4675e-02
3899.0508 4.5529e-02
3900.2209 5.1250e-02
3901.3909 7.2750e-02
3902.5613 4.4714e-02
3903.7322 5.3880e-02
3904.9031 6.0622e-02
3906.0747 5.9292e-02
3907.2463 4.8920e-02
3908.4187 5.7011e-02
3909.5911 4.5756e-02
3910.7642 6.3199e-02
3911.9373 7.1024e-02
3913.1111 7.1260e-02
3914.2849 5.8661e-02
3915.4592 5.2016e-02
3916.6335 6.3825e-02
3917.8086 6.7473e-02
3918.9839 6.2363e-02
3920.1597 6.7391e-02
3921.3359 6.3114e-02
3922.5120 7.7649e-02
3923.6887 4.4235e-02
3924.8660 6.4233e-02
3926.0432 5.2069e-02
3927.2212 5.8314e-02
3928.3994 5.3609e-02
3929.5779 8.3776e-02
3930.7568 7.8075e-02
3931.9360 5.4123e-02
3933.1157 8.1952e-02
3934.2954 9.0809e-02
3935.4758 8.1694e-02
3936.6562 6.5039e-02
3937.8374 9.5783e-02
3939.0186 6.6449e-02
3940.2004 6.9440e-02
3941.3826 7.1022e-02
3942.5649 6.4703e-02
3943.7478 7.2729e-02
3944.9307 9.0589e-02
3946.1147 5.6814e-02
3947.2983 7.4863e-02
3948.4824 8.0362e-02
3949.6670 6.2810e-02
3950.8521 7.5699e-02
3952.0369 5.8243e-02
3953.2227 6.1347e-02
3954.4089 9.5461e-02
3955.5950 6.7300e-02
3956.7812 6.5871e-02
3957.9688 1.0891e-01
3959.1560 9.1875e-02
3960.3438 9.2297e-02
3961.5320 8.3520e-02
3962.7202 9.7466e-02
3963.9094 7.9408e-02
3965.0984 9.9552e-02
3966.2881 9.3394e-02
3967.4778 7.5046e-02
3968.6680 7.9490e-02
3969.8584 9.4774e-02
3971.0498 7.0405e-02
3972.2412 6.5103e-02
3973.4326 9.0210e-02
3974.6248 6.4583e-02
3975.8171 7.3993e-02
3977.0095 8.2798e-02
3978.2029 9.1068e-02
3979.3962 1.2226e-01
3980.5901 8.8307e-02
3981.7844 7.6394e-02
3982.9790 1.1233e-01
3984.1736 1.1350e-01
3985.3691 8.4074e-02
3986.5647 1.0821e-01
3987.7605 9.5246e-02
3988.9568 9.7946e-02
3990.1538 9.0335e-02
3991.3506 1.0511e-01
3992.5481 1.2507e-01
3993.7456 1.1419e-01
3994.9441 9.7947e-02
3996.1423 7.6868e-02
3997.3413 9.3887e-02
3998.5408 1.2783e-01
3999.7397 9.0798e-02
4000.9402 1.0061e-01
4002.1401 1.2509e-01
4003.3408 1.0987e-01
4004.5415 8.8011e-02
4005.7434 1.0048e-01
4006.9448 1.0518e-01
4008.1470 9.4623e-02
4009.3496 1.0420e-01
4010.5522 8.4987e-02
4011.7556 1.0726e-01
4012.9587 7.8633e-02
4014.1628 1.2095e-01
4015.3672 8.8788e-02
4016.5715 8.5783e-02
4017.7769 1.0873e-01
4018.9817 1.0650e-01
4020.1875 8.2922e-02
4021.3936 1.0802e-01
4022.6003 1.0298e-01
4023.8071 1.0046e-01
4025.0142 1.1718e-01
4026.2214 8.0302e-02
4027.4294 9.4431e-02
4028.6377 9.4239e-02
4029.8462 9.3293e-02
4031.0554 9.7429e-02
4032.2646 1.1662e-01
4033.4744 9.5443e-02
4034.6843 1.0818e-01
4035.8945 1.1567e-01
4037.1052 1.0948e-01
4038.3167 1.0430e-01
4039.5281 8.9955e-02
4040.7397 1.1803e-01
4041.9524 9.4654e-02
4043.1648 6.3861e-02
4044.3777 8.9400e-02
4045.5913 8.9306e-02
4046.8047 1.1625e-01
4048.0186 8.3545e-02
4049.2332 6.7497e-02
4050.4480 1.1991e-01
4051.6628 8.0351e-02
4052.8784 7.6190e-02
4054.0942 8.1998e-02
4055.3108 9.7037e-02
4056.5273 7.8737e-02
4057.7444 1.0014e-01
4058.9614 6.5315e-02
4060.1792 8.9935e-02
4061.3970 7.2863e-02
4062.6155 8.4701e-02
4063.8345 8.1563e-02
4065.0535 7.5162e-02
4066.2732 8.3013e-02
4067.4929 6.7827e-02
4068.7131 8.8513e-02
4069.9338 7.1159e-02
4071.1548 8.0216e-02
4072.3762 7.6503e-02
4073.5981 7.2274e-02
4074.8201 8.1618e-02
4076.0427 7.8370e-02
4077.2654 9.1720e-02
4078.4885 8.7217e-02
4079.7119 8.9603e-02
4080.9358 1.1437e-01
4082.1602 9.6370e-02
4083.3845 8.9060e-02
4084.6099 8.0828e-02
4085.8354 8.8637e-02
4087.0608 9.0955e-02
4088.2869 8.6971e-02
4089.5137 9.6650e-02
4090.7407 9.0816e-02
4091.9678 7.4153e-02
4093.1953 7.7650e-02
4094.4233 7.0239e-02
4095.6519 6.5223e-02
4096.8799 8.5752e-02
4098.1094 8.8593e-02
4099.3384 8.2959e-02
4100.5684 7.1974e-02
4101.7988 8.7933e-02
4103.0293 7.4443e-02
4104.2598 7.2111e-02
4105.4912 9.3362e-02
4106.7231 8.6673e-02
4107.9546 8.3485e-02
4109.1875 7.2022e-02
4110.4204 7.9502e-02
4111.6533 9.4111e-02
4112.8867 9.5504e-02
4114.1211 8.4178e-02
4115.3545 7.7513e-02
4116.5898 9.4936e-02
4117.8247 8.5632e-02
4119.0596 9.6113e-02
4120.2954 7.9103e-02
4121.5317 1.1380e-01
4122.7681 8.2749e-02
4124.0049 7.7520e-02
4125.2422 7.3193e-02
4126.4800 7.9396e-02
4127.7178 5.7851e-02
4128.9561 7.6094e-02
4130.1948 6.2640e-02
4131.4336 9.6288e-02
4132.6733 9.8757e-02
4133.9126 9.4045e-02
4135.1533 8.1766e-02
4136.3936 7.2827e-02
4137.6348 9.0776e-02
4138.8760 7.5563e-02
4140.1172 7.4066e-02
4141.3599 8.8420e-02
4142.6021 9.6082e-02
4143.8447 1.0715e-01
4145.0879 9.0776e-02
4146.3315 7.6236e-02
4147.5752 7.9669e-02
4148.8198 8.5169e-02
4150.0640 7.6220e-02
4151.3091 8.9495e-02
4152.5547 1.1374e-01
4153.8003 9.9876e-02
4155.0464 7.5599e-02
4156.2930 8.9091e-02
4157.5400 6.7408e-02
4158.7871 8.9102e-02
4160.0352 9.1748e-02
4161.2827 8.6679e-02
4162.5312 6.9315e-02
4163.7803 1.0097e-01
4165.0293 8.5141e-02
4166.2783 7.2029e-02
4167.5288 6.7449e-02
4168.7788 1.1193e-01
4170.0298 8.7867e-02
4171.2803 8.9111e-02
4172.5317 9.7928e-02
4173.7837 9.1789e-02
4175.0356 9.3883e-02
4176.2886 8.3059e-02
4177.5410 6.4644e-02
4178.7944 7.9458e-02
4180.0479 8.2546e-02
4181.3022 8.8562e-02
4182.5566 6.3626e-02
4183.8115 1.0170e-01
4185.0664 6.9580e-02
4186.3223 7.2662e-02
4187.5776 1.0010e-01
4188.8340 6.1745e-02
4190.0903 5.8912e-02
4191.3477 5.8556e-02
4192.6050 5.0832e-02
4193.8628 6.7051e-02
4195.1206 4.4303e-02
4196.3794 8.7866e-02
4197.6387 5.5188e-02
4198.8975 7.4383e-02
4200.1577 6.2237e-02
4201.4175 5.4794e-02
4202.6782 5.5185e-02
4203.9390 7.0168e-02
4205.2002 6.2565e-02
4206.4614 7.1322e-02
4207.7231 6.0246e-02
4208.9858 6.1017e-02
4210.2485 6.9213e-02
4211.5112 5.7768e-02
4212.7749 4.9021e-02
4214.0391 5.5835e-02
4215.3032 5.9255e-02
4216.5679 5.7746e-02
4217.8330 4.4656e-02
4219.0981 4.1296e-02
4220.3638 5.2436e-02
4221.6299 6.6014e-02
4222.8965 7.2777e-02
4224.1636 5.4443e-02
4225.4302 6.1647e-02
4226.6978 3.7763e-02
4227.9658 6.2096e-02
4229.2349 4.7640e-02
4230.5034 4.5866e-02
4231.7725 5.0126e-02
4233.0415 6.6409e-02
4234.3115 5.8408e-02
4235.5825 5.2480e-02
4236.8525 7.0851e-02
4238.1235 7.3849e-02
4239.3955 3.7317e-02
4240.6670 6.5376e-02
4241.9390 6.7170e-02
4243.2119 6.9609e-02
4244.4844 9.0005e-02
4245.7583 6.9931e-02
4247.0317 6.8732e-02
4248.3062 7.1980e-02
4249.5806 5.1319e-02
4250.8555 6.1386e-02
4252.1309 6.0717e-02
4253.4062 7.6070e-02
4254.6821 5.5006e-02
4255.9590 7.6686e-02
4257.2358 6.2392e-02
4258.5127 6.2018e-02
4259.7900 7.2498e-02
4261.0679 7.1166e-02
4262.3462 7.3917e-02
4263.6250 5.4193e-02
4264.9043 6.1266e-02
4266.1841 6.7163e-02
4267.4639 6.0188e-02
4268.7432 7.6047e-02
4270.0244 6.8482e-02
4271.3052 4.9083e-02
4272.5869 7.5304e-02
4273.8682 7.1579e-02
4275.1509 4.7852e-02
4276.4336 6.3880e-02
4277.7163 5.8305e-02
4278.9995 4.5358e-02
4280.2837 6.5218e-02
4281.5674 7.0591e-02
4282.8521 6.2129e-02
4284.1367 5.9048e-02
4285.4219 6.7843e-02
4286.7075 7.1086e-02
4287.9937 4.7472e-02
4289.2798 5.7884e-02
4290.5669 4.7288e-02
4291.8540 4.4034e-02
4293.1416 5.7439e-02
4294.4292 4.6624e-02
4295.7183 6.8463e-02
4297.0063 6.5294e-02
4298.2954 5.4552e-02
4299.5854 4.5340e-02
4300.8750 5.9563e-02
4302.1650 4.6527e-02
4303.4561 5.0789e-02
4304.7471 6.9592e-02
4306.0381 4.8349e-02
4307.3301 4.8331e-02
4308.6221 5.7687e-02
4309.9150 4.9997e-02
4311.2075 6.0428e-02
4312.5015 4.5346e-02
4313.7949 6.7373e-02
4315.0889 5.5301e-02
4316.3838 4.6811e-02
4317.6787 5.5793e-02
4318.9741 5.5094e-02
4320.2700 6.1489e-02
4321.5654 5.5306e-02
4322.8623 4.8712e-02
4324.1592 3.7423e-02
4325.4565 4.4882e-02
4326.7539 5.9910e-02
4328.0518 7.0760e-02
4329.3501 4.2801e-02
4330.6494 4.9968e-02
4331.9482 3.8964e-02
4333.2480 4.6364e-02
4334.5479 4.6066e-02
4335.8477 7.3376e-02
4337.1489 5.1502e-02
4338.4502 6.1920e-02
4339.7515 5.2529e-02
4341.0537 3.5022e-02
4342.3560 4.1249e-02
4343.6582 5.2173e-02
4344.9614 6.2174e-02
4346.2646 6.6504e-02
4347.5693 4.8022e-02
4348.8735 5.2692e-02
4350.1782 4.1427e-02
4351.4829 3.9575e-02
4352.7886 6.2088e-02
4354.0938 5.3726e-02
4355.4009 7.0970e-02
4356.7070 5.5802e-02
4358.0137 4.5914e-02
4359.3218 5.4118e-02
4360.6294 6.1056e-02
4361.9375 5.4029e-02
4363.2461 4.9141e-02
4364.5552 4.8414e-02
4365.8643 6.0311e-02
4367.1743 6.0143e-02
4368.4844 4.4669e-02
4369.7954 5.1607e-02
4371.1060 6.1680e-02
4372.4170 3.3484e-02
4373.7285 3.8457e-02
4375.0415 5.3915e-02
4376.3540 5.6096e-02
4377.6665 4.4988e-02
4378.9800 4.8772e-02
4380.2935 5.9622e-02
4381.6074 5.3743e-02
4382.9219 6.8584e-02
4384.2363 4.9854e-02
4385.5522 5.3597e-02
4386.8677 5.7687e-02
4388.1841 3.9155e-02
4389.5010 4.4330e-02
4390.8169 7.0295e-02
4392.1343 6.8375e-02
4393.4521 4.5102e-02
4394.7700 5.9743e-02
4396.0884 4.9748e-02
4397.4077 5.1901e-02
4398.7266 5.5226e-02
4400.0464 6.4570e-02
4401.3667 4.5462e-02
4402.6870 4.9763e-02
4404.0073 4.2053e-02
4405.3291 7.7557e-02
4406.6504 6.9639e-02
4407.9722 6.4302e-02
4409.2944 4.8784e-02
4410.6172 5.5817e-02
4411.9404 5.5464e-02
4413.2642 6.8773e-02
4414.5879 4.7521e-02
4415.9126 5.3716e-02
4417.2373 4.9785e-02
4418.5625 5.2888e-02
4419.8882 4.1661e-02
4421.2139 5.4934e-02
4422.5405 5.5704e-02
4423.8672 6.2935e-02
4425.1938 6.4535e-02
4426.5220 4.7592e-02
4427.8496 6.1136e-02
4429.1787 5.3969e-02
4430.5063 5.9778e-02
4431.8364 6.1392e-02
4433.1655 4.1799e-02
4434.4956 4.8802e-02
4435.8262 4.2318e-02
4437.1567 5.5798e-02
4438.4878 6.8499e-02
4439.8193 5.5064e-02
4441.1514 5.9014e-02
4442.4834 5.4749e-02
4443.8164 5.4738e-02
4445.1494 4.5824e-02
4446.4829 5.5189e-02
4447.8169 8.2918e-02
4449.1514 6.0788e-02
4450.4863 3.4525e-02
4451.8213 5.3869e-02
4453.1567 3.9377e-02
4454.4927 3.3558e-02
4455.8291 6.1870e-02
4457.1660 5.5075e-02
4458.5029 5.8166e-02
4459.8403 5.9953e-02
4461.1787 4.7452e-02
4462.5171 6.6288e-02
4463.8555 4.3572e-02
4465.1948 2.1620e-02
4466.5347 5.3127e-02
4467.8740 4.8218e-02
4469.2144 5.3341e-02
4470.5552 3.8065e-02
4471.8970 5.5909e-02
4473.2383 5.5094e-02
4474.5806 5.8134e-02
4475.9229 5.8880e-02
4477.2651 7.0500e-02
4478.6084 6.1690e-02
4479.9521 5.9427e-02
4481.2959 5.5204e-02
4482.6406 7.7855e-02
4483.9854 6.4112e-02
4485.3306 6.7669e-02
4486.6763 6.1339e-02
4488.0220 4.4012e-02
4489.3682 7.2932e-02
4490.7153 5.6914e-02
4492.0620 5.6585e-02
4493.4102 5.3859e-02
4494.7578 4.9176e-02
4496.1069 7.4695e-02
4497.4556 5.6558e-02
4498.8047 8.4377e-02
4500.1543 6.1373e-02
4501.5044 7.2757e-02
4502.8550 8.4766e-02
4504.2056 6.5911e-02
4505.5566 6.2254e-02
4506.9082 5.4277e-02
4508.2607 5.1079e-02
4509.6133 6.2102e-02
4510.9658 8.1576e-02
4512.3193 5.4903e-02
4513.6729 7.0058e-02
4515.0273 5.3081e-02
4516.3818 8.3978e-02
4517.7363 8.0300e-02
4519.0918 8.4657e-02
4520.4473 6.6718e-02
4521.8037 7.4464e-02
4523.1606 8.1135e-02
4524.5171 5.9752e-02
4525.8750 7.2623e-02
4527.2324 5.5664e-02
4528.5903 6.5274e-02
4529.9492 8.2293e-02
4531.3081 6.9672e-02
4532.6675 6.4229e-02
4534.0269 7.2187e-02
4535.3872 6.1931e-02
4536.7480 8.7731e-02
4538.1094 7.3662e-02
4539.4702 7.8953e-02
4540.8320 4.3185e-02
4542.1943 7.1686e-02
4543.5576 8.1714e-02
4544.9199 8.8586e-02
4546.2842 5.9061e-02
4547.6475 7.3076e-02
4549.0117 6.3175e-02
4550.3770 1.1002e-01
4551.7417 6.8499e-02
4553.1074 6.5992e-02
4554.4731 1.0509e-01
4555.8398 7.3360e-02
4557.2061 5.6259e-02
4558.5732 6.9320e-02
4559.9414 6.8420e-02
4561.3086 9.9380e-02
4562.6772 5.9412e-02
4564.0459 9.1449e-02
4565.4150 6.1332e-02
4566.7852 7.6795e-02
4568.1553 7.4974e-02
4569.5249 7.5898e-02
4570.8965 6.2893e-02
4572.2676 9.2700e-02
4573.6392 7.1550e-02
4575.0117 6.2047e-02
4576.3838 7.6863e-02
4577.7568 7.6619e-02
4579.1304 7.0976e-02
4580.5039 8.1044e-02
4581.8784 7.9594e-02
4583.2524 9.9297e-02
4584.6274 9.5722e-02
4586.0029 7.6664e-02
4587.3789 8.0852e-02
4588.7549 8.0439e-02
4590.1318 8.2825e-02
4591.5083 6.2269e-02
4592.8857 8.4092e-02
4594.2642 6.8513e-02
4595.6426 8.4171e-02
4597.0210 5.8628e-02
4598.3999 6.9023e-02
4599.7798 7.8602e-02
4601.1597 6.8471e-02
4602.5396 8.5384e-02
4603.9204 9.0080e-02
4605.3022 8.9703e-02
4606.6836 7.8128e-02
4608.0649 8.3508e-02
4609.4478 7.7720e-02
4610.8306 8.5507e-02
4612.2144 7.4294e-02
4613.5977 7.1419e-02
4614.9819 5.0112e-02
4616.3662 7.9932e-02
4617.7515 7.5322e-02
4619.1362 8.7654e-02
4620.5225 9.9356e-02
4621.9082 7.9655e-02
4623.2949 7.8705e-02
4624.6816 7.2972e-02
4626.0693 6.2933e-02
4627.4570 8.7458e-02
4628.8457 9.0412e-02
4630.2334 7.6697e-02
4631.6230 9.0316e-02
4633.0127 6.6416e-02
4634.4028 8.8870e-02
4635.7935 8.9113e-02
4637.1831 6.6929e-02
4638.5742 7.6722e-02
4639.9658 7.6762e-02
4641.3579 6.0413e-02
4642.7505 7.1075e-02
4644.1436 7.2017e-02
4645.5371 8.5744e-02
4646.9307 7.0642e-02
4648.3247 5.2276e-02
4649.7188 7.4005e-02
4651.1138 8.8882e-02
4652.5093 5.4871e-02
4653.9048 8.4397e-02
4655.3018 8.3191e-02
4656.6978 6.9902e-02
4658.0947 7.2458e-02
4659.4922 7.5439e-02
4660.8896 7.4515e-02
4662.2886 8.1418e-02
4663.6865 5.8878e-02
4665.0859 9.0548e-02
4666.4854 5.6377e-02
4667.8853 8.0111e-02
4669.2861 7.6361e-02
4670.6870 6.9393e-02
4672.0874 6.1438e-02
4673.4897 1.0044e-01
4674.8916 7.1362e-02
4676.2944 7.6478e-02
4677.6968 6.4745e-02
4679.1006 1.0050e-01
4680.5039 6.1597e-02
4681.9082 7.5157e-02
4683.3125 6.7238e-02
4684.7173 7.8030e-02
4686.1230 8.9666e-02
4687.5288 6.5841e-02
4688.9351 5.4394e-02
4690.3423 9.3510e-02
4691.7490 7.0564e-02
4693.1562 7.9756e-02
4694.5645 7.2803e-02
4695.9731 5.2131e-02
4697.3818 7.5461e-02
4698.7910 6.3541e-02
4700.2002 7.8379e-02
4701.6104 8.6340e-02
4703.0205 8.3697e-02
4704.4316 7.0284e-02
4705.8433 9.9983e-02
4707.2549 6.4424e-02
4708.6670 5.9183e-02
4710.0796 5.8238e-02
4711.4927 6.6968e-02
4712.9058 7.1310e-02
4714.3203 7.4743e-02
4715.7344 7.1604e-02
4717.1494 7.9505e-02
4718.5645 6.8028e-02
4719.9800 6.8655e-02
4721.3955 6.2419e-02
4722.8120 6.6305e-02
4724.2290 7.3501e-02
4725.6460 8.2382e-02
4727.0645 8.6050e-02
4728.4824 4.9854e-02
4729.9004 8.0997e-02
4731.3198 8.6088e-02
4732.7388 7.2237e-02
4734.1587 6.9598e-02
4735.5791 6.9953e-02
4737.0000 6.5039e-02
4738.4209 5.7295e-02
4739.8428 5.8271e-02
4741.2646 5.6316e-02
4742.6870 8.4559e-02
4744.1094 7.5870e-02
4745.5327 6.2337e-02
4746.9565 7.3755e-02
4748.3804 6.7352e-02
4749.8052 4.8560e-02
4751.2300 6.2527e-02
4752.6548 7.6290e-02
4754.0811 6.6314e-02
4755.5078 7.1429e-02
4756.9341 9.1428e-02
4758.3608 8.8540e-02
4759.7886 6.9681e-02
4761.2168 6.4829e-02
4762.6445 5.5652e-02
4764.0737 8.5834e-02
4765.5029 7.9790e-02
4766.9326 5.6171e-02
4768.3628 6.8797e-02
4769.7930 9.1248e-02
4771.2236 5.8900e-02
4772.6553 6.0538e-02
4774.0869 7.2081e-02
4775.5190 8.1985e-02
4776.9521 6.7568e-02
4778.3853 6.8749e-02
4779.8184 9.4742e-02
4781.2524 5.9451e-02
4782.6870 6.9237e-02
4784.1226 5.1120e-02
4785.5571 8.0258e-02
4786.9927 6.1236e-02
4788.4292 5.9887e-02
4789.8652 5.7008e-02
4791.3022 7.9159e-02
4792.7397 6.2619e-02
4794.1777 8.6695e-02
4795.6152 6.6405e-02
4797.0542 6.3326e-02
4798.4937 7.4659e-02
4799.9331 6.1745e-02
4801.3735 6.4713e-02
4802.8140 7.7410e-02
4804.2544 7.4334e-02
4805.6958 7.5805e-02
4807.1377 6.3617e-02
4808.5796 7.5491e-02
4810.0220 7.0357e-02
4811.4653 8.0299e-02
4812.9087 5.8488e-02
4814.3525 8.4537e-02
4815.7969 7.4983e-02
4817.2417 6.7530e-02
4818.6865 5.9809e-02
4820.1328 8.0351e-02
4821.5786 6.9509e-02
4823.0249 8.3249e-02
4824.4717 6.7415e-02
4825.9189 7.0385e-02
4827.3667 6.8589e-02
4828.8149 7.3255e-02
4830.2637 6.9243e-02
4831.7124 6.5025e-02
4833.1621 9.7225e-02
4834.6118 5.0910e-02
4836.0620 5.9843e-02
4837.5137 6.8360e-02
4838.9644 6.8542e-02
4840.4165 8.7507e-02
4841.8687 7.7445e-02
4843.3208 7.6293e-02
4844.7739 8.3100e-02
4846.2275 6.3405e-02
4847.6812 5.6009e-02
4849.1357 5.3736e-02
4850.5903 7.9323e-02
4852.0454 7.8975e-02
4853.5015 6.1664e-02
4854.9575 7.6301e-02
4856.4136 8.1548e-02
4857.8706 7.0643e-02
4859.3281 4.3882e-02
4860.7861 7.2369e-02
4862.2437 4.4109e-02
4863.7026 8.2717e-02
4865.1621 6.4109e-02
4866.6211 7.0423e-02
4868.0815 4.9676e-02
4869.5420 7.9692e-02
4871.0024 4.9418e-02
4872.4639 6.3503e-02
4873.9263 8.6947e-02
4875.3877 6.2719e-02
4876.8506 6.3994e-02
4878.3135 8.5563e-02
4879.7773 7.9319e-02
4881.2412 4.6169e-02
4882.7051 7.4344e-02
4884.1704 6.1033e-02
4885.6357 5.7255e-02
4887.1011 8.1588e-02
4888.5674 7.1008e-02
4890.0337 6.5881e-02
4891.5010 9.6136e-02
4892.9683 6.2616e-02
4894.4360 6.9699e-02
4895.9043 6.4609e-02
4897.3730 6.4273e-02
4898.8423 6.7354e-02
4900.3120 7.3363e-02
4901.7827 5.8337e-02
4903.2529 7.3364e-02
4904.7231 6.6576e-02
4906.1953 7.7650e-02
4907.6675 8.5013e-02
4909.1392 6.7175e-02
4910.6123 5.3637e-02
4912.0854 7.8682e-02
4913.5586 8.8540e-02
4915.0332 6.5267e-02
4916.5073 5.9619e-02
4917.9819 5.9356e-02
4919.4575 6.4433e-02
4920.9331 5.7660e-02
4922.4097 8.5835e-02
4923.8872 6.0980e-02
4925.3638 4.8033e-02
4926.8418 5.4471e-02
4928.3188 7.9875e-02
4929.7979 7.1985e-02
4931.2769 7.2560e-02
4932.7563 6.1063e-02
4934.2358 5.0906e-02
4935.7168 7.7173e-02
4937.1963 6.1910e-02
4938.6782 6.4018e-02
4940.1597 7.1643e-02
4941.6416 5.4103e-02
4943.1250 5.0973e-02
4944.6069 6.3367e-02
4946.0908 6.4466e-02
4947.5752 5.3117e-02
4949.0586 6.2578e-02
4950.5435 7.1650e-02
4952.0278 6.9798e-02
4953.5142 6.7514e-02
4955.0010 5.5123e-02
4956.4873 6.0638e-02
4957.9741 6.1071e-02
4959.4614 5.7814e-02
4960.9492 6.4466e-02
4962.4370 7.3852e-02
4963.9258 6.8534e-02
4965.4150 6.1353e-02
4966.9048 6.8928e-02
4968.3945 7.7050e-02
4969.8853 7.8589e-02
4971.3765 4.4836e-02
4972.8677 6.7019e-02
4974.3599 6.5871e-02
4975.8521 5.7086e-02
4977.3447 4.9565e-02
4978.8379 7.8423e-02
4980.3315 6.1673e-02
4981.8257 6.7438e-02
4983.3203 5.8367e-02
4984.8159 6.0090e-02
4986.3105 6.0044e-02
4987.8066 6.8229e-02
4989.3027 6.8042e-02
4990.7998 5.2916e-02
4992.2974 4.6915e-02
4993.7939 7.1439e-02
4995.2930 4.2544e-02
4996.7915 5.7891e-02
4998.2905 4.9055e-02
4999.7896 5.5471e-02
5001.2896 6.3753e-02
5002.7900 5.1874e-02
5004.2915 5.1893e-02
5005.7925 6.1607e-02
5007.2944 5.5209e-02
5008.7964 5.9894e-02
5010.2993 6.0148e-02
5011.8022 6.8730e-02
5013.3057 7.1010e-02
5014.8101 6.1055e-02
5016.3145 5.0963e-02
5017.8184 4.6843e-02
5019.3247 4.7497e-02
5020.8301 6.0353e-02
5022.3359 6.4016e-02
5023.8428 4.9305e-02
5025.3496 7.2883e-02
5026.8579 6.0081e-02
5028.3657 5.5974e-02
5029.8740 6.3217e-02
5031.3828 6.8266e-02
5032.8926 5.2820e-02
5034.4023 4.0772e-02
5035.9131 5.4687e-02
5037.4233 6.1155e-02
5038.9346 5.7807e-02
5040.4463 7.0518e-02
5041.9585 4.3777e-02
5043.4712 5.7793e-02
5044.9839 6.2769e-02
5046.4980 4.5666e-02
5048.0112 6.5573e-02
5049.5259 4.0330e-02
5051.0415 4.8180e-02
5052.5562 5.3308e-02
5054.0723 5.6568e-02
5055.5884 5.7988e-02
5057.1045 5.2959e-02
5058.6221 3.9927e-02
5060.1401 5.7792e-02
5061.6577 4.8923e-02
5063.1763 5.6513e-02
5064.6953 5.2359e-02
5066.2144 4.0901e-02
5067.7339 2.7145e-02
5069.2549 6.1609e-02
5070.7759 4.9648e-02
5072.2969 3.8620e-02
5073.8188 4.6803e-02
5075.3403 3.7466e-02
5076.8628 5.7173e-02
5078.3867 4.7297e-02
5079.9097 4.5334e-02
5081.4336 4.0357e-02
5082.9580 5.7425e-02
5084.4829 5.4932e-02
5086.0083 5.3396e-02
5087.5342 5.3276e-02
5089.0605 3.3974e-02
5090.5874 5.5335e-02
5092.1143 3.6619e-02
5093.6421 5.6652e-02
5095.1699 4.9511e-02
5096.6987 4.6542e-02
5098.2275 7.3508e-02
5099.7573 5.0967e-02
5101.2871 4.3667e-02
5102.8179 5.5235e-02
5104.3481 5.0271e-02
5105.8799 5.4301e-02
5107.4111 5.2498e-02
5108.9438 6.2545e-02
5110.4761 7.2269e-02
5112.0093 4.2755e-02
5113.5435 6.0024e-02
5115.0771 5.7326e-02
5116.6118 6.0745e-02
5118.1470 5.7872e-02
5119.6816 5.6152e-02
5121.2183 5.0585e-02
5122.7544 4.8455e-02
5124.2910 4.1372e-02
5125.8286 4.4768e-02
5127.3667 6.1448e-02
5128.9043 4.8267e-02
5130.4429 4.4114e-02
5131.9824 4.6574e-02
5133.5220 6.2572e-02
5135.0615 7.0150e-02
5136.6021 3.8771e-02
5138.1436 6.0984e-02
5139.6846 4.2989e-02
5141.2266 3.9455e-02
5142.7690 5.6048e-02
5144.3125 4.3662e-02
5145.8550 3.9672e-02
5147.3989 5.0547e-02
5148.9429 3.5829e-02
5150.4883 5.6777e-02
5152.0332 6.1042e-02
5153.5781 5.2333e-02
5155.1245 5.3904e-02
5156.6714 4.3277e-02
5158.2178 5.7193e-02
5159.7656 6.5117e-02
5161.3130 4.8694e-02
5162.8618 5.2187e-02
5164.4106 5.4390e-02
5165.9604 3.9505e-02
5167.5098 5.4055e-02
5169.0605 6.9011e-02
5170.6108 5.9536e-02
5172.1621 4.6200e-02
5173.7139 5.3691e-02
5175.2656 5.7207e-02
5176.8188 4.3731e-02
5178.3711 5.1038e-02
5179.9253 5.6856e-02
5181.4790 6.7887e-02
5183.0337 7.3257e-02
5184.5884 5.3322e-02
5186.1436 5.7879e-02
5187.6992 4.6104e-02
5189.2559 5.0895e-02
5190.8130 4.8427e-02
5192.3696 6.3048e-02
5193.9277 7.1340e-02
5195.4858 6.7043e-02
5197.0439 4.6155e-02
5198.6035 6.5818e-02
5200.1636 5.5389e-02
5201.7231 5.8159e-02
5203.2837 5.3815e-02
5204.8447 4.8058e-02
5206.4058 5.6867e-02
5207.9683 5.5214e-02
5209.5303 4.9407e-02
5211.0933 5.3254e-02
5212.6567 4.3538e-02
5214.2202 5.9195e-02
5215.7847 6.1289e-02
5217.3496 4.5437e-02
5218.9150 4.1686e-02
5220.4800 4.9179e-02
5222.0464 4.1250e-02
5223.6128 5.8415e-02
5225.1802 4.9635e-02
5226.7480 5.1854e-02
5228.3154 5.1826e-02
5229.8843 3.0755e-02
5231.4526 4.5374e-02
5233.0225 5.5614e-02
5234.5928 5.5857e-02
5236.1626 4.8299e-02
5237.7339 5.8889e-02
5239.3052 5.6598e-02
5240.8770 4.6900e-02
5242.4492 5.7769e-02
5244.0220 6.6509e-02
5245.5947 5.5441e-02
5247.1689 5.9865e-02
5248.7422 4.5225e-02
5250.3174 6.4399e-02
5251.8921 4.7647e-02
5253.4678 5.3902e-02
5255.0439 5.6579e-02
5256.6211 6.2395e-02
5258.1978 5.9251e-02
5259.7749 5.2553e-02
5261.3530 6.2538e-02
5262.9312 7.7162e-02
5264.5098 5.4978e-02
5266.0898 6.2026e-02
5267.6694 5.1426e-02
5269.2495 6.5173e-02
5270.8311 6.5401e-02
5272.4116 5.4284e-02
5273.9941 5.8621e-02
5275.5757 5.4418e-02
5277.1587 6.9119e-02
5278.7422 5.0370e-02
5280.3252 6.2792e-02
5281.9092 3.8158e-02
5283.4937 7.0036e-02
5285.0786 7.1639e-02
5286.6641 6.5069e-02
5288.2500 8.3301e-02
5289.8369 5.9273e-02
5291.4238 3.7131e-02
5293.0117 5.5533e-02
5294.5996 4.9028e-02
5296.1870 6.0352e-02
5297.7764 5.3506e-02
5299.3662 4.6084e-02
5300.9561 6.0543e-02
5302.5459 6.5022e-02
5304.1367 4.3992e-02
5305.7280 5.8596e-02
5307.3188 8.1758e-02
5308.9116 5.3904e-02
5310.5044 4.3701e-02
5312.0977 4.9627e-02
5313.6919 6.8168e-02
5315.2856 6.2515e-02
5316.8799 5.4910e-02
5318.4751 4.2327e-02
5320.0708 5.7288e-02
5321.6665 5.1160e-02
5323.2632 6.2720e-02
5324.8604 4.3774e-02
5326.4575 7.2958e-02
5328.0557 6.7000e-02
5329.6533 6.1723e-02
5331.2534 6.1651e-02
5332.8516 4.0157e-02
5334.4517 7.7569e-02
5336.0522 6.6193e-02
5337.6533 5.9792e-02
5339.2544 5.0086e-02
5340.8560 6.5957e-02
5342.4585 7.5430e-02
5344.0605 6.0009e-02
5345.6646 6.1119e-02
5347.2681 5.3624e-02
5348.8726 5.3267e-02
5350.4771 4.7301e-02
5352.0825 4.5749e-02
5353.6875 5.2889e-02
5355.2944 6.2034e-02
5356.9009 4.0492e-02
5358.5073 5.8760e-02
5360.1152 4.0218e-02
5361.7236 5.3213e-02
5363.3315 5.4980e-02
5364.9404 4.9033e-02
5366.5503 5.2929e-02
5368.1602 5.2681e-02
5369.7705 4.3270e-02
5371.3813 4.3437e-02
5372.9932 4.7222e-02
5374.6050 5.0166e-02
5376.2173 5.3024e-02
5377.8301 6.9439e-02
5379.4434 6.1645e-02
5381.0576 5.4582e-02
5382.6714 7.3049e-02
5384.2861 4.3744e-02
5385.9014 5.6377e-02
5387.5171 4.9154e-02
5389.1343 5.7810e-02
5390.7505 4.2498e-02
5392.3677 4.6663e-02
5393.9858 4.5159e-02
5395.6035 5.5946e-02
5397.2222 6.3332e-02
5398.8413 5.0341e-02
5400.4609 6.2475e-02
5402.0811 5.5997e-02
5403.7017 4.3118e-02
5405.3228 5.4615e-02
5406.9448 6.5832e-02
5408.5659 6.1238e-02
5410.1890 4.7060e-02
5411.8115 5.8505e-02
5413.4360 4.4504e-02
5415.0596 5.1087e-02
5416.6841 4.8321e-02
5418.3096 5.0598e-02
5419.9351 6.2641e-02
5421.5605 5.5556e-02
5423.1875 4.5239e-02
5424.8145 5.2803e-02
5426.4414 6.4386e-02
5428.0693 6.1879e-02
5429.6982 5.3244e-02
5431.3271 4.3949e-02
5432.9565 5.2332e-02
5434.5859 6.6792e-02
5436.2163 6.1520e-02
5437.8472 4.0207e-02
5439.4785 5.5996e-02
5441.1104 4.9513e-02
5442.7427 4.7521e-02
5444.3760 5.5693e-02
5446.0098 5.5479e-02
5447.6431 5.0007e-02
5449.2778 5.9040e-02
5450.9121 5.8669e-02
5452.5474 7.1722e-02
5454.1826 5.1627e-02
5455.8193 3.9094e-02
5457.4565 4.5645e-02
5459.0933 4.2400e-02
5460.7310 5.4171e-02
5462.3696 5.1371e-02
5464.0073 5.5976e-02
5465.6475 4.5993e-02
5467.2871 4.3603e-02
5468.9272 6.9860e-02
5470.5674 4.9862e-02
5472.2090 6.3980e-02
5473.8506 5.9719e-02
5475.4927 4.8770e-02
5477.1353 5.2370e-02
5478.7783 5.3874e-02
5480.4224 5.0269e-02
5482.0659 4.5885e-02
5483.7104 4.7852e-02
5485.3560 5.5216e-02
5487.0010 6.6195e-02
5488.6475 4.8966e-02
5490.2944 4.1096e-02
5491.9414 3.5645e-02
5493.5889 5.1081e-02
5495.2368 5.2672e-02
5496.8857 4.0501e-02
5498.5342 3.4216e-02
5500.1841 5.0377e-02
5501.8340 5.0328e-02
5503.4849 5.7870e-02
5505.1357 4.9347e-02
5506.7871 4.0915e-02
5508.4395 4.8689e-02
5510.0923 7.2464e-02
5511.7451 5.4540e-02
5513.3984 5.0350e-02
5515.0522 4.9955e-02
5516.7070 6.4136e-02
5518.3623 4.9352e-02
5520.0176 4.4286e-02
5521.6733 4.3529e-02
5523.3301 5.8687e-02
5524.9868 6.0668e-02
5526.6450 4.1297e-02
5528.3027 3.8846e-02
5529.9609 4.6379e-02
5531.6201 5.1183e-02
5533.2793 5.5458e-02
5534.9395 5.3794e-02
5536.5996 5.4922e-02
5538.2607 4.3995e-02
5539.9229 4.6450e-02
5541.5840 5.3083e-02
5543.2466 4.6384e-02
5544.9102 4.5047e-02
5546.5728 6.5937e-02
5548.2373 5.2788e-02
5549.9019 5.4886e-02
5551.5664 5.0672e-02
5553.2324 4.5928e-02
5554.8984 5.5104e-02
5556.5645 3.6613e-02
5558.2310 4.9538e-02
5559.8989 4.8395e-02
5561.5669 5.5506e-02
5563.2354 4.6748e-02
5564.9043 5.2004e-02
5566.5732 5.7548e-02
5568.2437 4.1906e-02
5569.9150 5.9524e-02
5571.5854 4.0852e-02
5573.2568 3.0670e-02
5574.9287 3.8446e-02
5576.6011 4.6538e-02
5578.2739 3.8737e-02
5579.9482 6.3320e-02
5581.6216 4.8076e-02
5583.2959 4.2672e-02
5584.9717 5.0195e-02
5586.6470 3.8084e-02
5588.3223 4.6881e-02
5589.9990 4.8726e-02
5591.6763 4.7311e-02
5593.3535 5.7748e-02
5595.0317 5.0532e-02
5596.7104 3.0974e-02
5598.3892 5.2893e-02
5600.0688 4.2108e-02
5601.7490 4.3461e-02
5603.4292 4.6748e-02
5605.1104 5.0769e-02
5606.7915 5.5841e-02
5608.4741 6.0142e-02
5610.1562 5.0110e-02
5611.8394 4.4123e-02
5613.5234 2.4715e-02
5615.2075 5.3636e-02
5616.8916 6.0189e-02
5618.5767 5.0712e-02
5620.2627 4.8029e-02
5621.9482 3.3292e-02
5623.6348 3.9955e-02
5625.3218 3.8686e-02
5627.0098 3.8641e-02
5628.6982 6.1500e-02
5630.3867 4.4150e-02
5632.0757 6.1371e-02
5633.7651 4.7338e-02
5635.4551 5.4402e-02
5637.1460 5.5741e-02
5638.8369 4.3829e-02
5640.5283 4.8638e-02
5642.2207 2.4062e-02
5643.9141 4.0196e-02
5645.6069 6.0676e-02
5647.3003 4.0417e-02
5648.9946 3.6234e-02
5650.6895 4.6596e-02
5652.3848 5.5257e-02
5654.0801 3.9730e-02
5655.7759 4.4631e-02
5657.4736 3.7759e-02
5659.1709 5.0147e-02
5660.8682 3.3708e-02
5662.5664 3.6754e-02
5664.2651 4.0879e-02
5665.9644 5.3136e-02
5667.6641 3.7302e-02
5669.3647 4.3117e-02
5671.0649 4.5191e-02
5672.7666 4.0681e-02
5674.4688 4.4950e-02
5676.1709 5.5596e-02
5677.8740 5.3176e-02
5679.5771 5.3175e-02
5681.2812 4.8275e-02
5682.9858 5.6458e-02
5684.6899 4.2924e-02
5686.3950 3.8113e-02
5688.1021 4.9665e-02
5689.8076 4.7581e-02
5691.5146 4.1957e-02
5693.2222 3.8674e-02
5694.9302 3.9975e-02
5696.6382 3.3764e-02
5698.3477 4.5897e-02
5700.0571 3.1109e-02
5701.7671 5.6189e-02
5703.4775 3.2142e-02
5705.1885 4.4950e-02
5706.9004 5.3604e-02
5708.6123 4.9064e-02
5710.3252 4.8816e-02
5712.0381 4.4876e-02
5713.7524 4.3204e-02
5715.4663 5.6367e-02
5717.1812 5.3576e-02
5718.8955 3.4240e-02
5720.6118 6.6066e-02
5722.3271 5.0767e-02
5724.0444 4.3378e-02
5725.7617 5.0187e-02
5727.4795 4.7451e-02
5729.1973 5.5087e-02
5730.9165 4.9077e-02
5732.6353 5.8689e-02
5734.3550 3.8813e-02
5736.0757 4.4773e-02
5737.7969 4.5619e-02
5739.5176 2.7548e-02
5741.2397 4.7280e-02
5742.9624 5.8099e-02
5744.6851 4.1744e-02
5746.4082 3.7937e-02
5748.1323 3.2968e-02
5749.8569 4.4029e-02
5751.5815 4.3622e-02
5753.3076 3.1799e-02
5755.0332 3.3221e-02
5756.7593 2.9751e-02
5758.4863 5.3186e-02
5760.2144 4.5867e-02
5761.9424 3.4116e-02
5763.6709 3.8078e-02
5765.3999 4.4343e-02
5767.1294 2.7706e-02
5768.8594 4.0676e-02
5770.5908 5.0531e-02
5772.3213 3.8856e-02
5774.0527 4.0963e-02
5775.7856 3.7072e-02
5777.5181 3.1914e-02
5779.2515 4.5759e-02
5780.9844 3.4516e-02
5782.7192 3.7309e-02
5784.4546 4.3085e-02
5786.1899 4.6728e-02
5787.9253 2.7365e-02
5789.6626 3.9644e-02
5791.3984 3.9945e-02
5793.1362 4.9893e-02
5794.8745 3.3598e-02
5796.6123 3.9054e-02
5798.3516 5.4002e-02
5800.0913 3.1556e-02
5801.8306 3.7918e-02
5803.5713 3.7039e-02
5805.3125 3.9090e-02
5807.0537 3.1711e-02
5808.7964 4.4767e-02
5810.5391 5.1370e-02
5812.2822 4.6298e-02
5814.0259 4.4132e-02
5815.7700 4.4657e-02
5817.5151 4.7211e-02
5819.2598 3.4598e-02
5821.0059 3.4254e-02
5822.7524 5.3202e-02
5824.4990 4.4187e-02
5826.2461 4.2158e-02
5827.9937 3.1440e-02
5829.7427 3.4463e-02
5831.4912 4.2742e-02
5833.2407 2.1970e-02
5834.9912 4.7268e-02
5836.7417 3.7616e-02
5838.4922 3.1843e-02
5840.2446 3.8508e-02
5841.9961 5.2052e-02
5843.7490 3.1393e-02
5845.5020 2.7835e-02
5847.2559 3.3606e-02
5849.0103 3.9984e-02
5850.7642 3.3567e-02
5852.5195 4.5062e-02
5854.2754 4.9247e-02
5856.0317 2.0817e-02
5857.7881 3.6557e-02
5859.5454 4.1020e-02
5861.3032 4.2597e-02
5863.0625 4.4111e-02
5864.8208 3.5874e-02
5866.5806 3.7455e-02
5868.3403 4.0320e-02
5870.1006 3.3566e-02
5871.8618 6.4688e-02
5873.6230 2.8703e-02
5875.3857 3.2143e-02
5877.1479 5.0192e-02
5878.9111 4.6731e-02
5880.6748 3.9010e-02
5882.4390 5.1334e-02
5884.2036 4.3461e-02
5885.9692 3.2818e-02
5887.7349 4.5482e-02
5889.5010 2.9653e-02
5891.2676 3.7958e-02
5893.0356 4.2865e-02
5894.8032 1.9230e-02
5896.5718 3.4172e-02
5898.3408 3.6811e-02
5900.1108 3.9655e-02
5901.8804 3.4494e-02
5903.6509 4.7884e-02
5905.4219 4.2717e-02
5907.1938 3.8333e-02
5908.9663 4.3386e-02
5910.7383 3.1538e-02
5912.5112 3.3514e-02
5914.2856 2.8360e-02
5916.0601 3.8654e-02
5917.8345 3.5915e-02
5919.6099 3.7120e-02
5921.3857 3.4859e-02
5923.1621 4.0102e-02
5924.9395 3.7165e-02
5926.7163 3.7321e-02
5928.4946 3.4546e-02
5930.2729 2.4053e-02
5932.0522 4.4754e-02
5933.8315 4.4199e-02
5935.6123 3.5000e-02
5937.3926 3.5658e-02
5939.1738 3.0080e-02
5940.9556 3.2178e-02
5942.7383 3.0134e-02
5944.5210 4.0024e-02
5946.3042 4.0313e-02
5948.0879 3.2856e-02
5949.8726 3.3490e-02
5951.6572 4.6180e-02
5953.4434 4.1261e-02
5955.2290 3.8412e-02
5957.0151 3.2816e-02
5958.8022 2.5387e-02
5960.5903 3.3206e-02
5962.3789 2.5428e-02
5964.1670 3.3263e-02
5965.9561 2.9414e-02
5967.7466 3.9921e-02
5969.5366 3.3233e-02
5971.3276 3.4417e-02
5973.1187 2.9522e-02
5974.9106 3.7340e-02
5976.7031 4.5583e-02
5978.4961 3.9082e-02
5980.2900 3.9375e-02
5982.0845 4.8167e-02
5983.8789 3.4430e-02
5985.6729 2.8700e-02
5987.4692 3.5003e-02
5989.2651 3.5186e-02
5991.0620 4.7668e-02
5992.8589 3.3950e-02
5994.6572 3.5235e-02
5996.4556 4.5583e-02
5998.2549 3.9502e-02
6000.0547 3.7529e-02
6001.8545 4.6853e-02
6003.6548 4.0304e-02
6005.4561 3.7022e-02
6007.2578 4.3044e-02
6009.0596 3.2195e-02
6010.8623 4.8594e-02
6012.6660 3.8738e-02
6014.4697 4.7190e-02
6016.2739 2.8281e-02
6018.0786 3.1647e-02
6019.8843 3.4604e-02
6021.6909 3.1756e-02
6023.4966 5.9708e-02
6025.3037 3.4260e-02
6027.1108 3.5924e-02
6028.9199 4.5927e-02
6030.7285 2.2509e-02
6032.5366 4.5401e-02
6034.3472 3.7841e-02
6036.1577 3.9852e-02
6037.9683 4.0314e-02
6039.7793 3.8416e-02
6041.5918 4.9248e-02
6043.4038 3.2637e-02
6045.2173 2.7102e-02
6047.0312 3.8807e-02
6048.8447 4.2230e-02
6050.6592 4.0491e-02
6052.4751 2.4587e-02
6054.2905 4.9683e-02
6056.1069 2.9713e-02
6057.9233 3.9251e-02
6059.7407 4.0620e-02
6061.5586 3.9687e-02
6063.3770 5.0058e-02
6065.1968 3.4046e-02
6067.0161 3.0995e-02
6068.8359 4.4158e-02
6070.6567 2.6071e-02
6072.4785 2.9043e-02
6074.2998 5.3144e-02
6076.1221 3.2510e-02
6077.9448 3.4092e-02
6079.7681 3.1031e-02
6081.5918 4.1244e-02
6083.4160 3.4640e-02
6085.2417 4.1157e-02
6087.0664 3.9067e-02
6088.8936 3.1241e-02
6090.7197 4.1615e-02
6092.5469 3.3281e-02
6094.3745 4.1858e-02
6096.2031 4.6755e-02
6098.0327 4.1446e-02
6099.8613 3.1554e-02
6101.6914 3.9115e-02
6103.5220 4.6777e-02
6105.3530 4.1005e-02
6107.1846 3.7389e-02
6109.0171 4.6142e-02
6110.8496 3.9337e-02
6112.6831 3.3840e-02
6114.5166 4.5466e-02
6116.3511 2.8317e-02
6118.1855 5.0715e-02
6120.0210 3.5935e-02
6121.8574 3.9907e-02
6123.6938 3.8091e-02
6125.5308 3.4406e-02
6127.3687 3.7234e-02
6129.2065 4.4921e-02
6131.0454 3.0967e-02
6132.8843 3.9178e-02
6134.7246 3.7662e-02
6136.5649 3.9895e-02
6138.4062 2.7413e-02
6140.2476 3.5445e-02
6142.0894 3.0367e-02
6143.9316 3.6364e-02
6145.7759 2.9263e-02
6147.6191 3.8951e-02
6149.4634 2.7364e-02
6151.3081 3.4178e-02
6153.1538 3.4108e-02
6155.0000 2.7759e-02
6156.8462 4.1041e-02
6158.6934 3.7799e-02
6160.5410 4.0505e-02
6162.3892 4.3049e-02
6164.2373 3.6316e-02
6166.0869 3.3335e-02
6167.9370 3.3628e-02
6169.7871 2.9413e-02
6171.6387 3.3991e-02
6173.4897 5.4327e-02
6175.3413 3.4757e-02
6177.1938 3.7617e-02
6179.0474 4.0648e-02
6180.9009 2.9444e-02
6182.7549 3.6564e-02
6184.6104 4.1737e-02
6186.4653 3.6262e-02
6188.3213 2.5996e-02
6190.1782 3.1036e-02
6192.0356 3.1021e-02
6193.8931 2.3689e-02
6195.7505 2.8695e-02
6197.6099 4.2134e-02
6199.4688 3.1389e-02
6201.3281 3.0002e-02
6203.1895 2.6309e-02
6205.0498 3.2242e-02
6206.9121 3.3210e-02
6208.7739 2.4881e-02
6210.6367 3.0262e-02
6212.4995 4.2769e-02
6214.3633 4.4722e-02
6216.2275 4.2826e-02
6218.0923 2.6749e-02
6219.9575 3.4415e-02
6221.8237 2.9325e-02
6223.6904 3.3555e-02
6225.5576 4.4532e-02
6227.4258 2.8856e-02
6229.2935 3.1236e-02
6231.1621 3.9261e-02
6233.0317 3.0170e-02
6234.9019 2.8358e-02
6236.7720 2.6012e-02
6238.6431 2.1288e-02
6240.5146 2.6372e-02
6242.3867 3.1708e-02
6244.2598 2.0448e-02
6246.1323 2.1832e-02
6248.0063 3.2101e-02
6249.8813 3.3381e-02
6251.7559 3.3143e-02
6253.6313 2.7727e-02
6255.5073 2.7159e-02
6257.3843 2.7734e-02
6259.2617 2.1234e-02
6261.1392 2.4254e-02
6263.0176 2.6791e-02
6264.8970 3.7641e-02
6266.7759 2.9836e-02
6268.6562 2.4452e-02
6270.5361 2.4025e-02
6272.4180 3.3264e-02
6274.2993 2.4284e-02
6276.1816 4.0374e-02
6278.0645 3.2166e-02
6279.9478 3.1309e-02
6281.8320 2.5614e-02
6283.7168 2.7637e-02
6285.6021 3.4941e-02
6287.4868 3.1100e-02
6289.3740 1.9780e-02
6291.2603 1.8522e-02
6293.1475 3.0341e-02
6295.0352 4.0465e-02
6296.9238 2.2868e-02
6298.8130 2.0914e-02
6300.7026 4.4120e-02
6302.5933 2.9787e-02
6304.4839 3.4772e-02
6306.3755 4.3272e-02
6308.2676 2.0253e-02
6310.1597 2.8198e-02
6312.0527 2.8297e-02
6313.9468 3.0718e-02
6315.8398 3.7363e-02
6317.7349 3.1930e-02
6319.6304 3.8404e-02
6321.5269 2.9189e-02
6323.4233 3.8523e-02
6325.3198 2.4345e-02
6327.2178 3.4125e-02
6329.1157 3.2145e-02
6331.0146 2.9000e-02
6332.9131 3.0252e-02
6334.8140 2.7768e-02
6336.7139 2.7132e-02
6338.6147 2.1050e-02
6340.5166 3.4194e-02
6342.4189 2.6862e-02
6344.3213 3.0312e-02
6346.2246 2.4439e-02
6348.1284 2.9902e-02
6350.0332 2.9651e-02
6351.9380 3.6812e-02
6353.8442 3.2227e-02
6355.7500 3.1769e-02
6357.6572 2.7539e-02
6359.5645 3.3643e-02
6361.4717 3.1664e-02
6363.3804 3.1226e-02
6365.2891 2.5515e-02
6367.1987 3.1721e-02
6369.1089 2.8378e-02
6371.0200 2.7280e-02
6372.9312 1.9622e-02
6374.8428 2.6267e-02
6376.7549 2.9456e-02
6378.6685 2.1488e-02
6380.5820 2.6004e-02
6382.4966 2.9926e-02
6384.4111 3.2869e-02
6386.3257 2.8489e-02
6388.2422 3.3990e-02
6390.1587 2.5880e-02
6392.0752 3.3669e-02
6393.9932 3.4232e-02
6395.9116 2.6299e-02
6397.8301 2.9282e-02
6399.7490 2.3177e-02
6401.6694 5.3288e-02
6403.5898 3.2019e-02
6405.5112 1.8780e-02
6407.4331 2.7108e-02
6409.3545 2.5350e-02
6411.2778 3.8746e-02
6413.2012 2.5340e-02
6415.1250 3.0490e-02
6417.0493 3.0406e-02
6418.9741 2.6461e-02
6420.9004 2.5901e-02
6422.8262 2.7319e-02
6424.7534 2.0947e-02
6426.6812 2.2393e-02
6428.6094 2.6631e-02
6430.5381 2.7404e-02
6432.4668 3.0390e-02
6434.3960 2.5491e-02
6436.3267 3.2482e-02
6438.2578 2.8718e-02
6440.1895 2.5403e-02
6442.1216 3.6551e-02
6444.0537 3.3572e-02
6445.9868 2.6807e-02
6447.9209 2.8493e-02
6449.8550 3.4584e-02
6451.7905 2.7550e-02
6453.7256 2.6703e-02
6455.6621 3.5113e-02
6457.5986 1.5961e-02
6459.5356 3.8888e-02
6461.4741 2.5584e-02
6463.4121 3.2304e-02
6465.3506 2.8599e-02
6467.2905 4.4140e-02
6469.2310 3.2563e-02
6471.1719 2.1752e-02
6473.1128 3.3525e-02
6475.0552 3.0117e-02
6476.9976 2.9166e-02
6478.9409 3.0132e-02
6480.8848 3.5512e-02
6482.8286 2.2641e-02
6484.7739 3.5351e-02
6486.7192 2.3769e-02
6488.6650 2.3910e-02
6490.6113 2.4164e-02
6492.5581 2.9072e-02
6494.5063 2.6672e-02
6496.4546 3.3998e-02
6498.4038 3.0433e-02
6500.3535 2.8317e-02
6502.3032 4.9318e-02
6504.2539 2.8543e-02
6506.2056 3.4320e-02
6508.1572 3.0500e-02
6510.1099 2.8014e-02
6512.0625 3.0263e-02
6514.0166 1.9035e-02
6515.9702 2.7481e-02
6517.9258 2.3415e-02
6519.8809 2.0745e-02
6521.8364 3.0446e-02
6523.7930 2.2655e-02
6525.7505 2.2542e-02
6527.7075 2.3395e-02
6529.6665 3.0642e-02
6531.6255 3.6767e-02
6533.5845 2.9860e-02
6535.5449 2.4387e-02
6537.5054 2.9995e-02
6539.4668 2.7188e-02
6541.4282 3.3611e-02
6543.3911 3.7889e-02
6545.3545 2.2545e-02
6547.3179 1.8502e-02
6549.2817 2.4071e-02
6551.2466 1.2229e-02
6553.2124 1.9912e-02
6555.1777 2.8082e-02
6557.1445 2.6766e-02
6559.1113 2.4812e-02
6561.0796 2.6145e-02
6563.0479 2.2705e-02
6565.0166 3.7260e-02
6566.9863 3.7359e-02
6568.9561 3.3021e-02
6570.9268 2.3450e-02
6572.8979 3.1485e-02
6574.8701 4.4071e-02
6576.8423 1.9975e-02
6578.8154 2.5746e-02
6580.7896 2.4888e-02
6582.7632 1.9952e-02
6584.7383 2.7345e-02
6586.7139 2.1013e-02
6588.6895 2.1458e-02
6590.6660 3.6161e-02
6592.6431 2.8407e-02
6594.6211 2.1376e-02
6596.5996 3.5335e-02
6598.5791 3.6841e-02
6600.5581 2.8917e-02
6602.5386 2.9989e-02
6604.5190 3.3355e-02
6606.5005 3.0640e-02
6608.4824 2.0762e-02
6610.4648 3.0336e-02
6612.4482 2.8085e-02
6614.4326 2.4633e-02
6616.4160 2.0668e-02
6618.4009 2.7105e-02
6620.3867 2.1130e-02
6622.3730 2.0068e-02
6624.3594 2.0925e-02
6626.3467 3.0350e-02
6628.3350 2.9702e-02
6630.3232 1.3423e-02
6632.3125 2.5281e-02
6634.3022 2.4645e-02
6636.2920 2.8898e-02
6638.2827 1.5177e-02
6640.2744 2.6536e-02
6642.2671 2.2913e-02
6644.2593 2.5109e-02
6646.2529 3.4920e-02
6648.2471 2.4916e-02
6650.2412 2.8141e-02
6652.2358 2.4655e-02
6654.2314 2.8673e-02
6656.2280 1.3015e-02
6658.2251 2.2691e-02
6660.2222 2.0605e-02
6662.2207 2.8954e-02
6664.2197 3.0923e-02
6666.2178 2.5214e-02
6668.2178 3.2774e-02
6670.2188 3.8351e-02
6672.2192 2.9867e-02
6674.2212 1.7086e-02
6676.2241 3.9206e-02
6678.2266 2.9907e-02
6680.2300 2.4973e-02
6682.2334 1.8791e-02
6684.2388 2.4784e-02
6686.2446 3.9267e-02
6688.2500 3.4100e-02
6690.2563 3.9086e-02
6692.2627 3.1886e-02
6694.2715 2.8231e-02
6696.2793 2.1487e-02
6698.2881 2.7378e-02
6700.2979 2.6945e-02
6702.3081 2.8500e-02
6704.3188 3.4392e-02
6706.3301 2.5668e-02
6708.3418 3.1019e-02
6710.3545 2.1884e-02
6712.3672 1.9102e-02
6714.3809 2.1306e-02
6716.3955 3.9660e-02
6718.4106 3.3533e-02
6720.4263 4.1668e-02
6722.4419 2.1989e-02
6724.4585 3.1625e-02
6726.4756 2.0755e-02
6728.4946 2.5883e-02
6730.5127 2.3384e-02
6732.5312 5.0542e-02
6734.5513 2.5525e-02
6736.5718 2.9306e-02
6738.5923 3.2601e-02
6740.6152 3.7125e-02
6742.6367 3.2273e-02
6744.6587 3.5927e-02
6746.6831 1.4087e-02
6748.7065 3.6995e-02
6750.7310 1.8332e-02
6752.7563 2.5727e-02
6754.7822 2.3403e-02
6756.8091 2.7727e-02
6758.8359 2.4545e-02
6760.8633 2.5247e-02
6762.8916 3.0191e-02
6764.9209 2.2662e-02
6766.9502 2.6321e-02
6768.9805 1.4729e-02
6771.0107 2.1266e-02
6773.0425 2.3922e-02
6775.0742 2.5173e-02
6777.1064 1.3814e-02
6779.1401 1.7969e-02
6781.1733 2.7453e-02
6783.2080 2.9671e-02
6785.2427 2.0223e-02
6787.2783 3.3505e-02
6789.3149 3.1997e-02
6791.3516 2.5839e-02
6793.3887 1.9974e-02
6795.4272 2.5009e-02
6797.4653 2.4235e-02
6799.5049 1.3823e-02
6801.5444 3.9865e-02
6803.5854 2.4970e-02
6805.6260 1.8536e-02
6807.6685 3.0563e-02
6809.7100 2.7884e-02
6811.7534 2.1968e-02
6813.7964 3.5951e-02
6815.8408 1.8385e-02
6817.8853 3.0805e-02
6819.9312 2.0449e-02
6821.9771 1.9162e-02
6824.0234 3.2530e-02
6826.0703 2.2729e-02
6828.1182 1.8854e-02
6830.1670 2.4307e-02
6832.2163 1.8796e-02
6834.2651 2.8637e-02
6836.3154 1.6552e-02
6838.3667 2.7207e-02
6840.4180 2.4901e-02
6842.4702 3.0871e-02
6844.5229 2.7382e-02
6846.5762 1.4971e-02
6848.6304 3.2030e-02
6850.6851 1.9679e-02
6852.7402 2.4291e-02
6854.7959 2.9955e-02
6856.8525 1.7993e-02
6858.9097 3.9199e-02
6860.9668 2.6884e-02
6863.0254 3.0036e-02
6865.0845 2.2293e-02
6867.1440 2.4261e-02
6869.2041 1.9881e-02
6871.2646 3.2501e-02
6873.3257 2.3447e-02
6875.3882 3.1227e-02
6877.4512 2.4060e-02
6879.5137 2.4256e-02
6881.5781 2.9845e-02
6883.6421 2.4531e-02
6885.7075 1.9200e-02
6887.7729 2.1482e-02
6889.8394 2.7046e-02
6891.9062 3.6861e-02
6893.9746 2.0240e-02
6896.0425 2.1489e-02
6898.1113 2.8562e-02
6900.1802 2.5834e-02
6902.2505 2.4351e-02
6904.3213 2.1551e-02
6906.3926 2.4555e-02
6908.4648 2.3511e-02
6910.5366 2.4483e-02
6912.6099 3.0443e-02
6914.6841 2.8704e-02
6916.7588 1.4560e-02
6918.8335 2.7234e-02
6920.9092 2.6140e-02
6922.9849 2.7759e-02
6925.0620 2.0854e-02
6927.1401 3.4702e-02
6929.2178 2.3760e-02
6931.2964 1.5103e-02
6933.3760 1.6772e-02
6935.4561 1.4426e-02
6937.5371 3.1165e-02
6939.6182 1.5628e-02
6941.7002 2.5819e-02
6943.7822 2.2899e-02
6945.8657 2.2022e-02
6947.9487 2.2378e-02
6950.0337 1.7752e-02
6952.1182 1.7037e-02
6954.2046 3.2528e-02
6956.2905 3.0976e-02
6958.3779 2.6596e-02
6960.4644 1.4010e-02
6962.5527 2.0114e-02
6964.6421 2.6526e-02
6966.7314 2.3766e-02
6968.8208 2.8762e-02
6970.9116 2.0086e-02
6973.0029 1.8940e-02
6975.0947 2.5668e-02
6977.1880 1.9639e-02
6979.2803 2.2737e-02
6981.3745 1.4902e-02
6983.4692 2.9146e-02
6985.5635 1.8123e-02
6987.6602 3.6629e-02
6989.7559 2.2850e-02
6991.8525 1.7691e-02
6993.9507 9.1393e-03
6996.0488 2.1423e-02
6998.1479 2.8463e-02
7000.2471 2.1235e-02
7002.3467 2.1667e-02
7004.4468 2.6017e-02
7006.5488 2.1851e-02
7008.6514 2.5235e-02
7010.7529 1.8498e-02
7012.8564 2.5350e-02
7014.9609 1.7225e-02
7017.0654 2.8633e-02
7019.1699 2.0913e-02
7021.2759 3.6590e-02
7023.3823 2.4957e-02
7025.4893 2.5710e-02
7027.5977 1.0588e-02
7029.7051 2.1399e-02
7031.8145 2.0438e-02
7033.9238 4.0699e-02
7036.0337 2.7328e-02
7038.1450 2.4402e-02
7040.2559 2.3103e-02
7042.3687 2.9605e-02
7044.4805 2.9853e-02
7046.5938 2.3451e-02
7048.7080 2.8311e-02
7050.8228 2.4021e-02
7052.9385 2.6172e-02
7055.0542 1.6486e-02
7057.1704 2.4776e-02
7059.2881 1.9260e-02
7061.4053 1.8127e-02
7063.5234 3.0686e-02
7065.6431 1.1939e-02
7067.7627 2.5007e-02
7069.8828 1.4545e-02
7072.0039 2.5811e-02
7074.1255 1.8450e-02
7076.2476 1.7378e-02
7078.3706 2.7012e-02
7080.4937 2.1252e-02
7082.6187 2.7615e-02
7084.7432 2.1850e-02
7086.8687 1.8586e-02
7088.9946 2.0200e-02
7091.1216 2.4097e-02
7093.2490 2.1269e-02
7095.3765 2.0405e-02
7097.5049 1.7734e-02
7099.6348 1.8278e-02
7101.7642 1.6793e-02
7103.8945 1.8929e-02
7106.0264 2.0828e-02
7108.1582 1.5874e-02
7110.2905 2.2446e-02
7112.4229 2.0246e-02
7114.5571 2.4601e-02
7116.6914 1.8056e-02
7118.8262 2.0763e-02
7120.9619 1.5430e-02
7123.0986 1.6425e-02
7125.2354 1.8310e-02
7127.3730 1.3727e-02
7129.5112 2.1666e-02
7131.6499 2.2802e-02
7133.7896 1.7437e-02
7135.9292 1.4777e-02
7138.0703 1.9515e-02
7140.2119 1.8922e-02
7142.3540 1.9166e-02
7144.4966 1.9113e-02
7146.6396 2.6937e-02
7148.7842 1.5143e-02
7150.9287 1.9069e-02
7153.0742 2.5440e-02
7155.2197 2.1208e-02
7157.3667 2.4241e-02
7159.5137 1.9559e-02
7161.6616 1.8382e-02
7163.8101 1.4873e-02
7165.9590 1.4285e-02
7168.1089 1.5138e-02
7170.2593 2.5575e-02
7172.4102 1.5352e-02
7174.5625 2.4278e-02
7176.7144 2.9816e-02
7178.8672 2.1050e-02
7181.0210 1.3560e-02
7183.1753 2.3760e-02
7185.3306 1.8782e-02
7187.4858 2.1019e-02
7189.6421 1.5964e-02
7191.7988 2.9400e-02
7193.9565 2.4350e-02
7196.1147 1.2355e-02
7198.2734 1.7958e-02
7200.4336 3.7913e-02
7202.5928 2.3683e-02
7204.7539 1.9457e-02
7206.9155 2.2612e-02
7209.0771 1.4408e-02
7211.2402 2.1513e-02
7213.4033 2.5450e-02
7215.5674 1.2997e-02
7217.7324 2.4821e-02
7219.8979 2.1413e-02
7222.0635 1.7074e-02
7224.2300 1.9901e-02
7226.3979 3.1097e-02
7228.5654 2.3660e-02
7230.7334 2.2478e-02
7232.9033 1.8919e-02
7235.0728 1.7459e-02
7237.2432 2.6084e-02
7239.4150 2.7253e-02
7241.5864 1.3775e-02
7243.7593 3.5621e-02
7245.9321 2.5304e-02
7248.1060 2.1265e-02
7250.2803 2.9691e-02
7252.4551 2.2169e-02
7254.6313 1.9457e-02
7256.8076 2.3304e-02
7258.9849 2.3077e-02
7261.1626 2.0777e-02
7263.3408 2.2442e-02
7265.5200 1.3587e-02
7267.6992 2.1509e-02
7269.8799 2.2113e-02
7272.0605 1.6771e-02
7274.2422 1.9790e-02
7276.4243 2.3597e-02
7278.6069 2.5992e-02
7280.7910 2.2321e-02
7282.9751 2.2686e-02
7285.1602 2.8012e-02
7287.3452 1.7668e-02
7289.5317 1.3201e-02
7291.7188 1.3574e-02
7293.9067 2.2004e-02
7296.0947 1.7966e-02
7298.2832 1.7184e-02
7300.4727 2.7947e-02
7302.6631 2.4332e-02
7304.8540 1.9461e-02
7307.0454 2.2215e-02
7309.2373 1.7579e-02
7311.4292 3.1573e-02
7313.6235 1.4153e-02
7315.8179 2.5751e-02
7318.0122 1.5297e-02
7320.2075 1.8643e-02
7322.4038 2.4556e-02
7324.6001 2.3071e-02
7326.7979 1.4044e-02
7328.9961 1.3508e-02
7331.1943 1.9349e-02
7333.3936 1.6636e-02
7335.5938 2.1801e-02
7337.7944 2.2003e-02
7339.9956 2.1556e-02
7342.1982 9.5511e-03
7344.4004 2.5314e-02
7346.6035 2.2997e-02
7348.8081 2.1059e-02
7351.0127 1.9522e-02
7353.2183 1.8679e-02
7355.4238 1.7556e-02
7357.6304 2.3842e-02
7359.8374 1.2694e-02
7362.0459 2.2006e-02
7364.2549 1.8147e-02
7366.4634 1.1653e-02
7368.6738 2.2423e-02
7370.8838 1.9074e-02
7373.0957 1.6458e-02
7375.3071 1.9346e-02
7377.5200 3.3776e-02
7379.7334 1.8181e-02
7381.9473 1.7566e-02
7384.1616 1.4328e-02
7386.3770 2.3882e-02
7388.5928 1.7824e-02
7390.8096 3.6657e-02
7393.0264 1.6709e-02
7395.2446 2.0070e-02
7397.4639 2.5927e-02
7399.6826 2.3030e-02
7401.9023 2.2865e-02
7404.1230 1.3074e-02
7406.3438 1.9731e-02
7408.5654 1.9264e-02
7410.7886 1.5010e-02
7413.0122 2.5895e-02
7415.2354 1.7136e-02
7417.4604 2.3386e-02
7419.6855 2.0260e-02
7421.9116 2.2542e-02
7424.1382 1.8324e-02
7426.3652 1.5900e-02
7428.5933 2.0999e-02
7430.8218 2.0470e-02
7433.0513 1.9986e-02
7435.2808 1.7648e-02
7437.5117 1.9704e-02
7439.7432 1.0624e-02
7441.9741 1.4075e-02
7444.2070 1.7978e-02
7446.4404 1.7583e-02
7448.6748 1.3333e-02
7450.9097 1.6468e-02
7453.1440 2.3615e-02
7455.3809 1.6716e-02
7457.6167 2.1790e-02
7459.8545 1.8499e-02
7462.0923 1.8959e-02
7464.3306 2.9285e-02
7466.5698 1.2415e-02
7468.8096 2.1089e-02
7471.0503 1.5152e-02
7473.2920 1.2107e-02
7475.5342 2.2279e-02
7477.7769 1.2519e-02
7480.0205 9.9435e-03
7482.2637 1.0601e-02
7484.5088 2.6337e-02
7486.7539 1.8881e-02
7489.0000 1.3777e-02
7491.2471 1.5888e-02
7493.4937 2.0088e-02
7495.7422 3.0278e-02
7497.9912 1.9078e-02
7500.2402 1.9915e-02
7502.4902 1.6855e-02
7504.7412 1.8707e-02
7506.9927 2.2142e-02
7509.2441 1.7424e-02
7511.4976 2.3550e-02
7513.7510 1.8709e-02
7516.0044 1.3569e-02
7518.2593 1.9694e-02
7520.5151 1.2984e-02
7522.7715 1.3866e-02
7525.0283 2.0145e-02
7527.2861 1.3049e-02
7529.5439 1.1020e-02
7531.8027 2.8487e-02
7534.0620 2.2158e-02
7536.3228 1.7257e-02
7538.5835 1.6797e-02
7540.8447 1.5277e-02
7543.1074 1.2408e-02
7545.3706 2.5252e-02
7547.6338 2.2197e-02
7549.8984 1.9347e-02
7552.1626 1.6932e-02
7554.4292 1.4762e-02
7556.6948 1.2602e-02
7558.9619 2.1402e-02
7561.2295 1.4216e-02
7563.4976 1.7857e-02
7565.7671 1.7604e-02
7568.0366 1.7035e-02
7570.3071 1.0618e-02
7572.5786 1.6074e-02
7574.8511 1.8748e-02
7577.1230 1.8475e-02
7579.3960 1.3936e-02
7581.6694 2.4147e-02
7583.9443 2.3385e-02
7586.2192 1.3158e-02
7588.4956 1.4187e-02
7590.7715 1.5691e-02
7593.0488 2.1629e-02
7595.3262 1.4394e-02
7597.6060 1.2561e-02
7599.8843 2.3206e-02
7602.1641 2.6935e-02
7604.4448 2.4139e-02
7606.7271 1.8860e-02
7609.0093 1.8985e-02
7611.2910 1.4759e-02
7613.5752 1.4092e-02
7615.8589 2.1427e-02
7618.1440 1.3517e-02
7620.4292 3.1157e-02
7622.7153 1.8385e-02
7625.0020 1.2590e-02
7627.2896 1.4204e-02
7629.5781 1.3214e-02
7631.8662 1.7145e-02
7634.1562 2.0429e-02
7636.4468 1.8497e-02
7638.7378 1.5575e-02
7641.0288 1.2979e-02
7643.3213 1.4349e-02
7645.6138 1.7801e-02
7647.9072 2.0185e-02
7650.2021 1.2396e-02
7652.4971 1.4897e-02
7654.7935 1.0469e-02
7657.0894 2.0371e-02
7659.3867 1.7040e-02
7661.6846 1.9160e-02
7663.9829 1.6262e-02
7666.2817 1.4692e-02
7668.5825 1.6254e-02
7670.8823 2.0492e-02
7673.1841 1.8187e-02
7675.4854 1.2305e-02
7677.7891 1.2650e-02
7680.0918 2.1535e-02
7682.3960 1.9783e-02
7684.7002 2.1928e-02
7687.0059 1.6749e-02
7689.3125 1.2244e-02
7691.6191 1.4155e-02
7693.9268 1.3590e-02
7696.2344 7.3397e-03
7698.5430 1.9563e-02
7700.8530 1.7323e-02
7703.1631 1.5432e-02
7705.4746 1.5524e-02
7707.7856 2.2893e-02
7710.0981 1.1762e-02
7712.4111 1.3002e-02
7714.7251 1.9136e-02
7717.0391 1.7059e-02
7719.3540 1.6584e-02
7721.6699 1.5217e-02
7723.9868 1.8087e-02
7726.3042 1.3102e-02
7728.6216 1.9355e-02
7730.9409 1.6745e-02
7733.2593 1.5446e-02
7735.5796 1.4867e-02
7737.9004 4.8503e-03
7740.2217 2.4585e-02
7742.5435 1.3201e-02
7744.8662 1.1557e-02
7747.1895 2.0346e-02
7749.5142 1.3157e-02
7751.8394 1.7007e-02
7754.1650 1.0296e-02
7756.4907 1.9766e-02
7758.8174 1.1608e-02
7761.1450 2.0040e-02
7763.4736 1.3847e-02
7765.8022 2.2900e-02
7768.1323 1.1000e-02
7770.4634 1.5007e-02
7772.7944 1.7832e-02
7775.1260 1.2380e-02
7777.4585 7.6097e-03
7779.7915 1.2898e-02
7782.1260 1.7157e-02
7784.4604 1.7864e-02
7786.7954 1.2734e-02
7789.1318 1.2081e-02
7791.4683 1.6750e-02
7793.8062 1.8289e-02
7796.1436 1.6541e-02
7798.4824 6.6086e-03
7800.8218 1.7255e-02
7803.1626 1.6268e-02
7805.5034 1.3274e-02
7807.8447 1.7584e-02
7810.1880 1.1910e-02
7812.5303 1.8147e-02
7814.8745 2.6837e-02
7817.2192 1.6806e-02
7819.5640 1.3181e-02
7821.9106 1.3310e-02
7824.2559 7.7425e-03
7826.6040 1.8084e-02
7828.9521 1.0578e-02
7831.3003 1.7771e-02
7833.6499 1.4988e-02
7835.9995 1.1874e-02
7838.3511 1.5420e-02
7840.7021 1.1068e-02
7843.0547 1.2592e-02
7845.4077 2.1352e-02
7847.7603 1.9928e-02
7850.1152 1.3815e-02
7852.4702 6.9235e-03
7854.8262 1.9323e-02
7857.1821 1.3705e-02
7859.5396 1.0884e-02
7861.8975 1.7705e-02
7864.2559 1.0670e-02
7866.6157 2.3782e-02
7868.9756 2.2851e-02
7871.3359 1.7945e-02
7873.6978 2.0136e-02
7876.0601 1.7138e-02
7878.4224 1.4574e-02
7880.7856 1.2628e-02
7883.1509 1.4305e-02
7885.5151 1.4867e-02
7887.8809 1.4793e-02
7890.2476 1.1227e-02
7892.6147 1.6056e-02
7894.9814 9.8800e-03
7897.3501 1.3490e-02
7899.7192 2.3095e-02
7902.0898 1.5894e-02
7904.4604 8.4018e-03
7906.8311 1.1730e-02
7909.2036 9.6140e-03
7911.5767 2.4122e-02
7913.9497 1.3209e-02
7916.3247 1.6016e-02
7918.6987 8.4972e-03
7921.0742 9.0527e-03
7923.4512 1.3744e-02
7925.8276 1.8119e-02
7928.2051 1.1309e-02
7930.5845 1.3348e-02
7932.9634 2.0884e-02
7935.3433 5.9287e-03
7937.7236 7.4033e-03
7940.1050 1.4276e-02
7942.4873 1.5419e-02
7944.8701 1.4295e-02
7947.2529 1.3170e-02
7949.6377 1.3149e-02
7952.0225 1.0257e-02
7954.4082 9.3420e-03
7956.7949 1.3526e-02
7959.1807 1.7744e-02
7961.5688 1.5300e-02
7963.9580 1.7403e-02
7966.3462 1.9166e-02
7968.7368 1.7891e-02
7971.1274 7.1036e-03
7973.5181 2.0877e-02
7975.9111 1.7044e-02
7978.3032 1.7516e-02
7980.6973 1.7559e-02
7983.0908 1.4635e-02
7985.4858 1.2691e-02
7987.8823 1.5998e-02
7990.2778 1.7009e-02
7992.6748 2.0441e-02
7995.0728 1.4154e-02
7997.4717 1.2522e-02
7999.8711 1.3814e-02
8002.2710 1.3576e-02
8004.6709 1.4140e-02
8007.0723 1.4839e-02
8009.4746 1.6634e-02
8011.8779 1.4428e-02
8014.2812 1.4047e-02
8016.6855 1.9409e-02
8019.0903 1.5418e-02
8021.4966 1.2816e-02
8023.9028 2.3034e-02
8026.3105 1.5469e-02
8028.7173 1.3204e-02
8031.1260 5.7157e-03
8033.5361 2.0343e-02
8035.9458 1.5959e-02
8038.3569 5.3663e-03
8040.7681 1.8060e-02
8043.1807 1.4610e-02
8045.5933 1.4195e-02
8048.0068 1.4066e-02
8050.4214 1.7641e-02
8052.8364 1.8951e-02
8055.2520 1.0616e-02
8057.6689 1.2104e-02
8060.0864 1.2510e-02
8062.5049 1.4784e-02
8064.9229 1.3443e-02
8067.3423 1.7868e-02
8069.7632 2.1047e-02
8072.1836 2.4046e-02
8074.6050 1.6379e-02
8077.0278 2.0373e-02
8079.4507 1.0496e-02
8081.8745 2.4558e-02
8084.2988 1.7551e-02
8086.7251 1.7812e-02
8089.1509 1.6043e-02
8091.5771 7.9775e-03
8094.0049 8.9984e-03
8096.4331 6.2336e-03
8098.8618 1.6990e-02
8101.2910 1.3378e-02
8103.7217 1.1894e-02
8106.1528 1.7926e-02
8108.5845 1.3130e-02
8111.0171 1.8278e-02
8113.4502 1.3888e-02
8115.8843 9.7577e-03
8118.3188 1.1049e-02
8120.7549 1.4001e-02
8123.1914 1.7361e-02
8125.6284 1.0986e-02
8128.0659 1.3914e-02
8130.5049 9.9415e-03
8132.9438 1.1160e-02
8135.3833 1.7302e-02
8137.8237 1.2299e-02
8140.2651 1.0524e-02
8142.7075 1.4699e-02
8145.1504 1.2845e-02
8147.5938 9.5857e-03
8150.0376 1.3654e-02
8152.4834 1.2616e-02
8154.9292 1.4189e-02
8157.3750 1.3840e-02
8159.8228 1.5769e-02
8162.2705 1.3556e-02
8164.7192 1.1053e-02
8167.1685 9.5116e-03
8169.6187 9.4178e-03
8172.0693 9.5161e-03
8174.5210 1.9203e-02
8176.9736 1.2825e-02
8179.4268 7.2104e-03
8181.8809 1.6308e-02
8184.3350 1.1470e-02
8186.7900 1.0905e-02
8189.2456 1.7894e-02
8191.7031 9.6464e-03
8194.1602 6.5793e-03
8196.6191 1.0197e-02
8199.0781 1.6865e-02
8201.5371 4.9633e-03
8203.9980 1.0193e-02
8206.4590 1.4043e-02
8208.9219 1.1215e-02
8211.3838 1.3238e-02
8213.8477 1.2468e-02
8216.3115 1.2049e-02
8218.7764 6.7756e-03
8221.2422 1.1421e-02
8223.7090 1.0710e-02
8226.1758 1.2236e-02
8228.6436 1.0402e-02
8231.1123 1.1469e-02
8233.5811 1.4645e-02
8236.0518 1.2063e-02
8238.5215 1.5260e-02
8240.9932 1.1744e-02
8243.4658 1.0651e-02
8245.9395 1.1320e-02
8248.4131 1.4681e-02
8250.8877 1.6885e-02
8253.3623 6.3156e-03
8255.8389 7.5118e-03
8258.3154 8.4360e-03
8260.7920 9.4529e-03
8263.2715 1.1866e-02
8265.7500 1.2255e-02
8268.2305 1.0900e-02
8270.7100 6.3837e-03
8273.1914 1.1526e-02
8275.6738 7.0472e-03
8278.1553 7.2470e-03
8280.6396 8.2331e-03
8283.1240 9.1787e-03
8285.6094 7.9341e-03
8288.0947 6.9087e-03
8290.5811 1.1465e-02
8293.0674 8.4808e-03
8295.5557 9.7523e-03
8298.0449 7.4932e-03
8300.5352 1.1882e-02
8303.0234 9.0932e-03
8305.5156 9.4638e-03
8308.0068 6.1237e-03
8310.5000 1.5258e-02
8312.9922 1.4642e-02
8315.4863 8.4552e-03
8317.9805 1.2219e-02
8320.4766 3.8134e-03
8322.9717 7.3747e-03
8325.4697 1.4234e-02
8327.9668 4.3927e-03
8330.4658 6.2864e-03
8332.9639 1.0642e-02
8335.4648 4.0969e-03
8337.9648 7.9873e-03
8340.4668 9.9301e-03
8342.9688 7.1977e-03
8345.4717 1.6457e-02
8347.9746 8.2912e-03
8350.4795 1.6801e-02
8352.9844 1.1342e-02
8355.4902 5.8207e-03
8357.9971 1.5188e-02
8360.5039 6.4471e-03
8363.0127 7.4184e-03
8365.5215 5.2823e-03
8368.0312 6.2035e-03
8370.5420 1.4889e-02
8373.0527 9.3137e-03
8375.5654 9.7850e-03
8378.0771 5.7470e-03
8380.5908 1.0507e-02
8383.1045 1.0454e-02
8385.6191 1.2170e-02
8388.1348 5.6581e-03
8390.6523 7.3342e-03
8393.1689 1.2873e-02
8395.6865 9.4840e-03
8398.2061 1.0828e-02
8400.7246 1.3604e-02
8403.2461 1.1194e-02
8405.7666 1.0169e-02
8408.2881 6.1730e-03
8410.8105 9.0524e-03
8413.3340 8.8349e-03
8415.8584 1.0438e-02
8418.3818 8.1630e-03
8420.9082 5.5947e-03
8423.4346 9.5361e-03
8425.9609 1.3456e-02
8428.4893 4.7250e-03
8431.0186 9.2853e-03
8433.5479 1.8697e-02
8436.0771 1.2160e-02
8438.6074 6.1348e-03
8441.1396 7.0919e-03
8443.6729 8.4780e-03
8446.2051 9.1549e-03
8448.7383 1.0695e-02
8451.2734 7.3802e-03
8453.8086 5.4809e-03
8456.3457 9.9350e-03
8458.8828 1.0659e-02
8461.4199 7.5693e-03
8463.9580 1.2469e-02
8466.4971 1.1640e-02
8469.0371 1.6841e-02
8471.5781 1.0845e-02
8474.1191 8.6066e-03
8476.6621 1.4738e-02
8479.2051 1.1994e-02
8481.7480 1.2666e-02
8484.2930 1.4338e-02
8486.8379 1.0050e-02
8489.3848 7.9392e-03
8491.9316 1.0319e-02
8494.4795 7.0242e-03
8497.0264 1.1618e-02
8499.5762 1.1057e-02
8502.1260 9.2817e-03
8504.6777 1.3574e-02
8507.2285 9.6842e-03
8509.7803 1.1001e-02
8512.3330 1.0105e-02
8514.8857 1.1147e-02
8517.4414 1.1328e-02
8519.9961 2.1792e-02
8522.5527 1.3237e-02
8525.1094 1.1936e-02
8527.6670 1.0689e-02
8530.2246 8.6490e-03
8532.7842 1.6801e-02
8535.3438 1.3286e-02
8537.9053 1.3776e-02
8540.4668 1.0343e-02
8543.0273 7.8675e-03
8545.5908 1.4582e-02
8548.1543 9.9205e-03
8550.7188 1.6772e-02
8553.2842 1.6333e-02
8555.8496 2.2600e-02
8558.4170 1.4040e-02
8560.9844 1.4898e-02
8563.5527 8.6750e-03
8566.1221 2.0338e-02
8568.6914 1.0455e-02
8571.2617 1.1593e-02
8573.8350 1.1277e-02
8576.4062 1.3783e-02
8578.9785 8.1875e-03
8581.5527 1.0767e-02
8584.1270 1.3587e-02
8586.7031 1.2741e-02
8589.2783 2.0850e-02
8591.8555 1.6846e-02
8594.4326 1.9847e-02
8597.0117 8.4267e-03
8599.5898 1.1011e-02
8602.1699 6.3415e-03
8604.7500 1.0085e-02
8607.3320 1.3903e-02
8609.9150 2.1367e-02
8612.4971 2.0281e-02
8615.0811 2.0718e-02
8617.6660 8.3850e-03
8620.2500 1.8148e-02
8622.8369 1.3688e-02
8625.4229 1.6232e-02
8628.0117 1.2191e-02
8630.6006 1.1250e-02
8633.1885 1.2225e-02
8635.7793 1.5463e-02
8638.3711 1.1710e-02
8640.9609 9.7146e-03
8643.5527 1.6582e-02
8646.1465 1.1065e-02
8648.7393 1.3151e-02
8651.3350 1.5341e-02
8653.9307 1.3576e-02
8656.5264 1.6291e-02
8659.1230 1.6275e-02
8661.7207 1.3299e-02
8664.3203 1.0492e-02
8666.9189 2.1410e-02
8669.5186 2.6309e-02
8672.1201 2.0909e-02
8674.7217 1.6538e-02
8677.3242 1.5555e-02
8679.9277 1.5625e-02
8682.5312 1.5121e-02
8685.1367 1.5106e-02
8687.7412 1.3729e-02
8690.3477 2.3474e-02
8692.9551 1.3664e-02
8695.5625 1.4628e-02
8698.1709 1.1690e-02
8700.7803 1.7017e-02
8703.3916 1.3318e-02
8706.0020 1.5275e-02
8708.6133 1.3024e-02
8711.2266 1.1891e-02
8713.8398 6.7369e-03
8716.4541 1.0978e-02
8719.0684 1.5329e-02
8721.6846 2.7082e-02
8724.3018 1.0374e-02
8726.9189 1.2800e-02
8729.5371 1.3678e-02
8732.1553 1.0710e-02
8734.7754 1.0886e-02
8737.3955 1.7724e-02
8740.0166 1.8502e-02
8742.6387 1.7679e-02
8745.2607 1.3075e-02
8747.8848 1.5739e-02
8750.5098 1.4135e-02
8753.1348 1.6717e-02
8755.7607 1.8973e-02
8758.3867 2.5051e-02
8761.0146 1.3368e-02
8763.6436 1.3154e-02
8766.2715 1.7894e-02
8768.9023 1.4932e-02
8771.5322 1.3712e-02
8774.1641 9.4710e-03
8776.7959 1.4628e-02
8779.4287 5.1945e-03
8782.0635 2.5352e-02
8784.6982 9.8242e-03
8787.3330 9.5756e-03
8789.9697 1.8615e-02
8792.6074 1.2479e-02
8795.2451 1.2303e-02
8797.8838 1.4105e-02
8800.5234 1.4894e-02
8803.1621 1.3967e-02
8805.8027 9.1818e-03
8808.4453 1.3654e-02
8811.0879 1.6491e-02
8813.7314 1.9215e-02
8816.3750 1.2349e-02
8819.0205 2.3639e-02
8821.6660 1.8433e-02
8824.3125 1.8610e-02
8826.9590 2.1129e-02
8829.6084 1.8576e-02
8832.2568 2.0223e-02
8834.9062 6.8471e-03
8837.5557 1.6528e-02
8840.2080 1.0010e-02
8842.8594 1.1506e-02
8845.5127 8.3812e-03
8848.1670 1.1654e-02
8850.8213 1.0186e-02
8853.4766 1.0075e-02
8856.1328 6.7934e-03
8858.7881 1.2658e-02
8861.4463 1.7038e-02
8864.1045 1.2056e-02
8866.7646 1.6622e-02
8869.4238 1.5878e-02
8872.0850 8.4158e-03
8874.7471 1.2064e-02
8877.4092 2.1054e-02
8880.0732 1.7374e-02
8882.7373 1.1893e-02
8885.4014 7.2621e-03
8888.0674 7.3796e-03
8890.7334 1.0137e-02
8893.4004 1.3452e-02
8896.0684 1.1570e-02
8898.7373 1.0060e-02
8901.4072 6.8842e-03
8904.0771 1.5526e-02
8906.7480 1.7374e-02
8909.4199 1.3815e-02
8912.0938 1.0180e-02
8914.7676 1.9854e-02
8917.4414 1.0165e-02
8920.1172 1.3143e-02
8922.7930 1.1417e-02
8925.4697 1.6296e-02
8928.1475 1.7737e-02
8930.8262 1.0530e-02
8933.5049 1.2958e-02
8936.1855 1.1276e-02
8938.8652 1.5724e-02
8941.5469 1.2758e-02
8944.2295 1.1581e-02
8946.9141 1.4281e-02
8949.5977 1.5341e-02
8952.2822 1.1525e-02
8954.9678 1.2535e-02
8957.6553 1.5934e-02
8960.3418 1.7390e-02
8963.0293 1.6789e-02
8965.7178 9.1186e-03
8968.4082 1.2205e-02
8971.0986 1.2936e-02
8973.7910 1.7894e-02
8976.4824 1.4665e-02
8979.1748 1.1219e-02
8981.8691 1.4675e-02
8984.5635 1.3916e-02
8987.2588 7.2760e-03
8989.9551 1.5701e-02
8992.6523 1.0736e-02
8995.3506 1.6469e-02
8998.0488 9.2110e-03
9000.7480 1.2901e-02
9003.4482 1.8723e-02
9006.1494 1.8169e-02
9008.8516 1.8218e-02
9011.5537 1.2866e-02
9014.2578 1.6954e-02
9016.9609 1.4302e-02
9019.6660 1.7247e-02
9022.3721 9.7574e-03
9025.0791 1.4085e-02
9027.7871 9.8774e-03
9030.4951 1.3333e-02
9033.2051 1.5970e-02
9035.9150 8.7786e-03
9038.6260 1.7533e-02
9041.3369 1.3552e-02
9044.0498 1.9851e-02
9046.7627 1.4952e-02
9049.4766 1.3698e-02
9052.1914 8.8296e-03
9054.9072 1.1631e-02
9057.6240 1.2498e-02
9060.3398 6.0402e-03
9063.0586 1.1382e-02
9065.7773 1.0543e-02
9068.4971 1.6041e-02
9071.2168 9.4136e-03
9073.9395 1.8588e-02
9076.6611 1.2195e-02
9079.3848 9.9637e-03
9082.1074 1.5548e-02
9084.8330 1.6122e-02
9087.5576 7.1544e-03
9090.2832 1.3228e-02
9093.0117 6.9100e-03
9095.7393 1.1764e-02
9098.4688 1.0938e-02
9101.1973 1.2037e-02
9103.9287 1.6110e-02
9106.6592 8.3631e-03
9109.3906 2.1144e-02
9112.1250 1.4798e-02
9114.8584 1.6219e-02
9117.5928 1.0014e-02
9120.3271 1.0348e-02
9123.0635 1.1399e-02
9125.8008 1.1659e-02
9128.5391 1.4051e-02
9131.2764 1.0491e-02
9134.0156 1.0485e-02
9136.7568 1.3637e-02
9139.4980 1.0115e-02
9142.2383 1.2175e-02
9144.9814 1.0038e-02
9147.7266 9.1605e-03
9150.4707 1.3380e-02
9153.2158 1.4554e-02
9155.9609 1.4393e-02
9158.7070 1.3417e-02
9161.4551 1.3265e-02
9164.2041 1.0444e-02
9166.9531 1.4085e-02
9169.7031 1.0007e-02
9172.4541 8.3171e-03
9175.2051 7.4432e-03
9177.9580 1.6911e-02
9180.7109 2.2289e-02
9183.4668 8.6263e-03
9186.2207 1.8847e-02
9188.9766 1.5261e-02
9191.7334 1.2274e-02
9194.4912 9.0245e-03
9197.2490 1.0856e-02
9200.0088 1.6215e-02
9202.7686 1.1053e-02
9205.5293 7.0845e-03
9208.2920 1.1690e-02
9211.0527 9.1360e-03
9213.8164 7.3679e-03
9216.5811 7.1949e-03
9219.3467 8.8037e-03
9222.1113 1.1415e-02
9224.8789 1.3146e-02
9227.6455 1.5143e-02
9230.4141 1.1237e-02
9233.1836 1.0495e-02
9235.9531 1.2678e-02
9238.7246 7.7846e-03
9241.4951 1.0407e-02
9244.2686 1.2658e-02
9247.0410 8.8345e-03
9249.8154 1.2669e-02
9252.5908 4.5032e-03
9255.3652 1.0428e-02
9258.1426 1.2038e-02
9260.9209 1.9739e-02
9263.6992 1.1469e-02
9266.4775 8.5358e-03
9269.2568 1.3116e-02
9272.0381 8.9149e-03
9274.8203 9.2424e-03
9277.6025 1.0460e-02
9280.3857 6.5627e-03
9283.1709 1.4150e-02
9285.9541 1.1818e-02
9288.7402 8.1170e-03
9291.5264 1.4690e-02
9294.3135 1.0227e-02
9297.1025 1.3452e-02
9299.8926 9.0640e-03
9302.6816 5.0905e-03
9305.4727 7.9985e-03
9308.2646 1.3489e-02
9311.0566 9.5021e-03
9313.8506 8.8457e-03
9316.6436 1.0829e-02
9319.4395 1.4238e-02
9322.2354 9.7265e-03
9325.0322 1.0188e-02
9327.8291 6.8860e-03
9330.6279 1.2926e-02
9333.4277 1.3353e-02
9336.2266 9.0295e-03
9339.0283 5.0546e-03
9341.8291 1.4152e-02
9344.6318 6.1494e-03
9347.4355 1.4423e-02
9350.2402 1.4927e-02
9353.0449 1.1221e-02
9355.8516 1.4685e-02
9358.6572 4.9008e-03
9361.4658 8.9840e-03
9364.2734 5.4836e-03
9367.0830 2.2207e-02
9369.8936 6.0022e-03
9372.7041 1.0157e-02
9375.5156 1.3034e-02
9378.3291 6.4790e-03
9381.1416 8.8158e-03
9383.9561 1.4685e-02
9386.7715 1.2502e-02
9389.5879 9.7147e-03
9392.4043 9.8687e-03
9395.2217 8.5628e-03
9398.0400 1.4278e-02
9400.8594 4.9364e-03
9403.6807 9.1110e-03
9406.5020 6.5005e-03
9409.3242 8.3986e-03
9412.1465 7.8438e-03
9414.9707 9.9118e-03
9417.7939 1.0739e-02
9420.6201 8.3556e-03
9423.4453 7.3679e-03
9426.2725 1.0187e-02
9429.1006 5.0568e-03
9431.9287 3.7860e-03
9434.7588 1.0919e-02
9437.5898 9.2604e-03
9440.4209 1.4687e-02
9443.2529 1.5541e-02
9446.0859 7.2200e-03
9448.9199 5.4030e-03
9451.7549 8.3610e-03
9454.5889 1.4252e-02
9457.4268 9.1830e-03
9460.2637 6.5802e-03
9463.1016 5.7820e-03
9465.9414 6.4589e-03
9468.7803 1.1494e-02
9471.6211 8.6741e-03
9474.4629 1.2531e-02
9477.3047 5.3423e-03
9480.1484 7.3825e-03
9482.9922 4.4774e-03
9485.8369 7.9169e-03
9488.6836 1.0339e-02
9491.5303 6.0545e-03
9494.3760 5.3057e-03
9497.2256 5.7960e-03
9500.0742 1.0057e-02
9502.9238 7.0171e-03
9505.7754 3.9145e-03
9508.6270 5.3285e-03
9511.4805 1.1694e-02
9514.3320 1.1365e-02
9517.1875 5.5587e-03
9520.0420 4.4898e-03
9522.8984 7.7311e-03
9525.7559 8.8616e-03
9528.6133 1.0834e-02
9531.4717 9.8516e-03
9534.3311 4.4720e-03
9537.1914 1.1839e-02
9540.0518 6.4237e-03
9542.9150 8.3946e-03
9545.7773 9.3846e-03
9548.6416 7.7431e-03
9551.5059 5.4707e-03
9554.3711 9.0866e-03
9557.2373 6.2478e-03
9560.1045 6.5184e-03
9562.9727 5.6097e-03
9565.8418 7.7601e-03
9568.7109 8.9669e-03
9571.5820 7.8607e-03
9574.4531 6.3030e-03
9577.3252 8.1170e-03
9580.1992 8.2637e-03
9583.0723 8.1434e-03
9585.9473 7.0678e-03
9588.8242 7.5868e-03
9591.7002 8.6170e-03
9594.5781 7.0596e-03
9597.4561 6.8513e-03
9600.3350 9.1195e-03
9603.2158 8.9026e-03
9606.0957 5.7651e-03
9608.9775 6.5999e-03
9611.8613 1.1333e-02
9614.7441 9.1912e-03
9617.6279 6.3203e-03
9620.5137 1.1081e-02
9623.4014 1.0846e-02
9626.2881 8.1300e-03
9629.1748 6.5724e-03
9632.0645 9.3301e-03
9634.9541 5.9511e-03
9637.8438 4.4965e-03
9640.7363 8.6646e-03
9643.6270 7.7264e-03
9646.5215 3.5841e-03
9649.4141 1.0373e-02
9652.3086 1.0890e-02
9655.2051 7.5138e-03
9658.1016 1.0399e-02
9660.9990 4.2432e-03
9663.8975 9.8771e-03
9666.7969 1.0147e-02
9669.6973 6.7004e-03
9672.5967 1.0666e-02
9675.5000 6.7626e-03
9678.4023 4.7201e-03
9681.3057 1.4948e-02
9684.2109 9.5407e-03
9687.1152 4.2572e-03
9690.0215 4.9706e-03
9692.9287 1.0028e-02
9695.8369 7.0826e-03
9698.7441 5.4823e-03
9701.6553 9.5656e-03
9704.5645 7.4266e-03
9707.4775 5.8737e-03
9710.3887 4.4125e-03
9713.3008 9.2362e-03
9716.2158 8.0257e-03
9719.1299 5.5609e-03
9722.0459 6.8094e-03
9724.9629 9.2121e-03
9727.8809 8.0564e-03
9730.7988 1.0716e-02
9733.7178 9.5382e-03
9736.6387 6.2487e-03
9739.5586 6.5564e-03
9742.4805 4.4359e-03
9745.4033 1.2043e-02
9748.3281 4.0495e-03
9751.2520 5.4239e-03
9754.1777 3.5507e-03
9757.1035 4.0930e-03
9760.0303 5.5838e-03
9762.9590 5.5682e-03
9765.8877 1.4941e-02
9768.8174 7.8849e-03
9771.7480 5.3972e-03
9774.6797 5.0946e-03
9777.6113 6.7053e-03
9780.5459 6.7119e-03
9783.4795 1.0783e-02
9786.4141 8.0377e-03
9789.3496 3.3708e-03
9792.2871 1.1373e-02
9795.2256 8.4100e-03
9798.1641 6.2327e-03
9801.1035 7.5719e-03
9804.0430 9.1968e-03
9806.9844 1.1178e-02
9809.9268 6.0909e-03
9812.8691 1.0784e-02
9815.8125 7.4029e-03
9818.7578 1.1419e-02
9821.7041 1.1333e-02
9824.6494 1.2660e-02
9827.5967 9.6229e-03
9830.5469 4.6888e-03
9833.4951 8.2565e-03
9836.4453 3.7952e-03
9839.3965 7.9625e-03
9842.3486 1.2014e-02
9845.2998 8.8848e-03
9848.2549 3.7600e-03
9851.2080 1.2663e-02
9854.1641 7.0929e-03
9857.1201 8.7564e-03
9860.0771 7.0729e-03
9863.0361 6.6599e-03
9865.9941 5.5995e-03
9868.9541 8.6192e-03
9871.9150 1.0340e-02
9874.8760 8.1119e-03
9877.8389 8.7439e-03
9880.8018 8.3716e-03
9883.7666 6.4187e-03
9886.7324 3.2377e-03
9889.6982 9.6116e-03
9892.6641 7.2540e-03
9895.6338 1.0537e-02
9898.6016 9.9396e-03
9901.5713 8.6394e-03
9904.5420 6.3326e-03
9907.5127 5.1010e-03
9910.4854 2.4565e-03
9913.4590 1.0763e-02
9916.4326 8.8104e-03
9919.4072 7.1502e-03
9922.3828 5.9362e-03
9925.3584 2.8289e-03
9928.3379 5.8748e-03
9931.3164 4.0307e-03
9934.2949 8.9809e-03
9937.2754 1.1239e-02
9940.2568 7.4367e-03
9943.2383 7.8438e-03
9946.2207 6.0375e-03
9949.2061 8.8625e-03
9952.1904 9.9200e-03
9955.1758 1.1445e-02
9958.1631 4.9913e-03
9961.1494 1.8153e-03
9964.1387 6.5784e-03
9967.1279 4.6212e-03
9970.1182 5.4299e-03
9973.1084 6.7009e-03
9976.1006 3.6729e-03
9979.0928 3.9331e-03
9982.0859 6.6136e-03
9985.0820 6.0084e-03
9988.0771 4.6506e-03
9991.0732 4.0739e-03
9994.0713 8.0828e-03
9997.0693 4.7132e-03
10000.0684 4.2527e-03
10003.0674 7.6841e-03
10006.0684 6.3294e-03
10009.0713 3.6938e-03
10012.0742 9.3036e-03
10015.0771 3.2557e-03
10018.0820 3.6696e-03
10021.0879 9.0646e-03
10024.0938 7.9740e-03
10027.1006 5.9295e-03
10030.1084 8.5143e-03
10033.1172 5.0100e-03
10036.1270 7.8297e-03
10039.1387 3.6486e-03
10042.1504 5.0992e-03
10045.1631 6.9739e-03
10048.1768 8.8081e-03
10051.1924 8.7529e-03
10054.2061 5.4041e-03
10057.2227 8.1065e-03
10060.2402 8.9376e-03
10063.2578 5.4954e-03
10066.2773 5.7490e-03
10069.2969 7.8247e-03
10072.3174 7.6161e-03
10075.3379 1.9286e-03
10078.3623 5.7856e-03
10081.3848 6.4415e-03
10084.4102 7.4056e-03
10087.4346 1.0176e-02
10090.4619 7.1014e-03
10093.4883 7.6118e-03
10096.5166 2.4172e-03
10099.5459 3.8072e-03
10102.5742 8.0197e-03
10105.6055 4.8780e-03
10108.6367 6.7509e-03
10111.6709 5.5848e-03
10114.7041 8.2648e-03
10117.7383 5.0879e-03
10120.7734 3.7210e-03
10123.8105 4.3519e-03
10126.8477 7.4210e-03
10129.8857 1.1160e-02
10132.9248 9.2455e-03
10135.9648 9.1904e-03
10139.0049 9.3730e-03
10142.0479 6.3419e-03
10145.0879 8.8104e-03
10148.1318 3.9634e-03
10151.1768 5.8316e-03
10154.2227 7.3800e-03
10157.2686 8.0587e-03
10160.3154 5.5457e-03
10163.3643 2.4913e-03
10166.4121 5.0885e-03
10169.4629 2.3975e-03
10172.5137 3.8294e-03
10175.5654 4.7905e-03
10178.6191 4.1419e-03
10181.6719 8.8745e-03
10184.7256 2.6746e-03
10187.7822 7.2892e-03
10190.8379 2.5727e-03
10193.8945 1.1923e-02
10196.9541 7.0619e-03
10200.0127 5.7366e-03
10203.0723 5.1673e-03
10206.1328 7.4608e-03
10209.1953 7.1223e-03
10212.2578 6.3356e-03
10215.3223 3.4761e-03
10218.3867 7.9891e-03
10221.4521 6.4316e-03
10224.5186 3.9979e-03
10227.5850 4.6556e-03
10230.6543 8.2115e-03
10233.7246 8.0510e-03
10236.7930 6.3743e-03
10239.8643 7.4722e-03
10242.9355 3.8392e-03
10246.0098 8.4811e-03
10249.0830 1.0083e-02
10252.1572 5.3532e-03
10255.2334 1.4944e-03
10258.3096 5.9493e-03
10261.3877 4.5329e-03
10264.4648 9.1221e-03
10267.5449 6.8743e-03
10270.6250 3.8525e-03
