###MJD          m      dm   uJy   duJy F err chi/N     RA       Dec        x        y     maj  min   phi  apfit mag5sig Sky   Obs
59650.590679 -23.539  9.167    -1   13 o  0   1.04 220.41696   3.00675  8220.73  6946.69 3.52 2.98  -8.3 -0.401 19.23 20.94 01a59650o0801o
59650.594137  21.981  2.207     6   13 o  0   1.03 220.41696   3.00675  8241.76  6985.36 3.06 2.90 -17.8 -0.422 19.35 20.96 01a59650o0808o
59650.624278  20.402  0.539    25   14 o  0   0.81 220.41696   3.00675  8189.34  6911.17 2.77 2.70 -88.6 -0.465 19.43 20.95 01a59650o0872o
59650.640394  21.809  1.868     7   13 o  0   0.92 220.41696   3.00675  8174.24  7028.22 2.82 2.71 -75.9 -0.459 19.40 20.91 01a59650o0905o
59651.375961  23.837  7.875     1    8 c  0   1.21 220.41696   3.00675  2383.20  7293.54 2.32 2.03 -86.1 -0.377 19.55 21.53 04a59651o0706c
59651.379219 -22.345  2.091    -4    9 c  0   1.23 220.41696   3.00675  2403.42  7329.75 2.36 2.00 -84.0 -0.364 19.56 21.56 04a59651o0713c
59651.384634 -22.615  2.444    -3    8 c  0   1.37 220.41696   3.00675  2347.13  7247.71 2.31 1.95 -84.7 -0.364 19.55 21.55 04a59651o0724c
59651.389966  20.850  0.609    17   10 c  0   0.97 220.41696   3.00675  2329.25  7360.18 2.38 2.03 -87.2 -0.361 19.55 21.52 04a59651o0735c
59654.532257 -19.952  0.625   -38   24 o  0   1.15 220.41696   3.00675  2330.08  3624.26 3.01 2.88 -49.2 -0.456 18.57 19.42 01a59654o0556o
59654.534079 -21.629  3.027    -8   24 o  0   1.03 220.41696   3.00675  2309.09  3583.16 3.14 3.03 -52.9 -0.431 18.59 19.45 01a59654o0560o
59654.537276 -20.556  1.278   -22   28 o  0   0.81 220.41696   3.00675  2369.17  3660.26 2.84 2.75 -45.2 -0.473 18.70 19.45 01a59654o0567o
59654.548982  21.034  1.476    14   21 o  0   1.26 220.41696   3.00675  2386.43  3542.16 2.72 2.58 -42.3 -0.494 18.75 19.49 01a59654o0592o
59655.299916 -21.166  2.302   -12   29 o  0   1.29 220.41696   3.00675  8201.03  3266.81 2.23 1.94 -24.4 -0.408 18.49 18.74 04a59655o0653o
59655.302906 -21.912  4.388    -6   27 o  0   1.11 220.41696   3.00675  8183.47  3227.93 2.23 1.88 -23.0 -0.413 18.49 18.89 04a59655o0659o
59655.305607  22.896  8.050     2   20 o  0   1.81 220.41696   3.00675  8242.55  3305.44 2.24 1.86 -22.7 -0.408 18.51 18.88 04a59655o0664o
59655.310810 -20.299  1.087   -28   30 o  0   1.03 220.41696   3.00675  8265.68  3187.48 2.31 1.88 -23.0 -0.399 18.45 18.76 04a59655o0675o
59656.426200  18.622  1.338   129  173 o  0   0.97 220.41696   3.00675  5971.34  1291.95 2.14 1.83  46.1 -0.434 16.61 16.14 02a59656o0477o
59656.428027  22.340 24.393     4  103 o  0   1.18 220.41696   3.00675  5990.42  1330.51 2.09 1.83  47.0 -0.470 16.89 16.63 02a59656o0481o
59656.432166 -19.332  1.378   -67   93 o  0   0.87 220.41696   3.00675  5931.66  1252.55 2.22 1.80  47.6 -0.451 17.02 16.82 02a59656o0490o
59656.439038 -19.876  1.385   -41   56 o  0   1.58 220.41696   3.00675  5910.57  1368.88 2.18 1.85  46.1 -0.428 17.63 17.56 02a59656o0505o
59660.566806  20.366  1.330    26   34 o  0   0.93 220.41696   3.00675  4325.64  3464.99 2.44 1.87  36.9 -0.447 18.39 18.67 02a59660o0724o
59660.571010  21.088  2.667    13   36 o  0   0.96 220.41696   3.00675  4306.28  3428.59 2.38 1.92  39.0 -0.448 18.34 18.68 02a59660o0733o
59660.576494  22.506  8.379     4   30 o  0   1.06 220.41696   3.00675  4364.29  3507.76 2.34 1.87  42.6 -0.446 18.44 18.74 02a59660o0745o
59660.590238  19.153  0.567    79   45 o  0   1.00 220.41696   3.00675  4384.03  3391.91 2.40 1.88  40.4 -0.436 18.03 18.17 02a59660o0775o
59661.089164  19.737  0.613    46   28 o  0   1.14 220.41696   3.00675  9680.76  9581.10 2.99 2.66 -18.1 -0.434 18.66 19.34 03a59661o0033o
59661.094180  19.745  0.592    46   27 o  0   1.07 220.41696   3.00675  9655.61  9698.95 2.88 2.52 -30.6 -0.495 18.71 19.29 03a59661o0044o
59663.308143  20.777  0.738    18   13 o  0   0.83 220.41696   3.00675  4117.14  3359.17 1.86 1.79 -46.9 -0.487 19.38 20.52 04a59663o0683o
59663.311073 -20.950  0.832   -15   13 o  0   0.83 220.41696   3.00675  4138.80  3394.61 1.95 1.83 -29.7 -0.492 19.35 20.51 04a59663o0689o
59663.342328  21.309  0.951    11   10 o  0   1.36 220.41696   3.00675  4103.13  3288.02 1.87 1.86  47.6 -0.464 19.31 20.52 04a59663o0757o
59666.574065  22.440  4.000     4   15 o  0   1.04 220.41696   3.00675 10453.20  5333.18 3.00 2.66 -68.8 -0.477 19.38 20.79 01a59666o0490o
59666.578294 -22.517  4.333    -4   16 o  0   1.13 220.41696   3.00675 10475.43  5373.72 3.04 2.73 -63.6 -0.474 19.32 20.76 01a59666o0499o
59666.583777  21.671  2.000     8   16 o  0   1.02 220.41696   3.00675 10416.19  5297.84 3.11 2.82 -62.2 -0.451 19.35 20.83 01a59666o0511o
59666.593835  19.843  0.356    42   15 o  0   1.21 220.41696   3.00675 10400.97  5416.63 2.97 2.61 -65.2 -0.490 19.33 20.67 01a59666o0533o
59666.599760  22.515  3.286     4   12 o  0   1.19 220.41696   3.00675   332.21  5578.26 2.86 2.47 -45.8 -0.491 19.40 20.76 01a59666o0546o
59666.611274 -21.905  2.324    -6   15 o  0   0.87 220.41696   3.00675   356.08  5617.12 2.99 2.56 -46.5 -0.484 19.28 20.63 01a59666o0571o
59666.626239  21.019  1.000    14   14 o  0   1.15 220.41696   3.00675   299.94  5542.37 2.81 2.40 -46.8 -0.503 19.32 20.60 01a59666o0603o
59666.632647  20.223  0.460    30   14 o  0   1.28 220.41696   3.00675   281.60  5656.97 2.86 2.42 -44.9 -0.493 19.34 20.63 01a59666o0617o
59667.317176  22.843  3.345     3    9 o  0   1.01 220.41696   3.00675  4229.32  5270.65 1.84 1.72 -75.8 -0.422 19.47 20.98 04a59667o0751o
59667.322544  20.272  0.362    28   10 o  0   0.66 220.41696   3.00675  4251.57  5303.70 1.89 1.76 -62.7 -0.427 19.47 20.98 04a59667o0761o
59667.325720 -21.899  1.385    -6    9 o  0   1.66 220.41696   3.00675  4195.34  5223.52 1.89 1.76 -70.7 -0.427 19.50 20.98 04a59667o0768o
59667.337421 -21.816  1.352    -7    9 o  0   0.92 220.41696   3.00675  4181.94  5330.37 1.87 1.77 -71.2 -0.428 19.48 20.98 04a59667o0792o
59668.596836 -22.259  5.727    -4   26 c  0   1.21 220.41696   3.00675   210.13  7061.36 2.39 2.33  16.4 -0.377 18.21 20.27 02a59668o0664c
59668.597750 -25.355 62.000    -0   16 c  0   0.93 220.41696   3.00675 10343.83  7068.30 2.92 2.61  26.4 -0.387 19.14 21.24 02a59668o0666c
59668.600035  21.377  1.175    10   12 c  0   1.30 220.41696   3.00675   189.87  7022.07 2.35 2.31  14.5 -0.390 19.18 21.25 02a59668o0671c
59668.600950  21.868  2.222     6   14 c  0   1.10 220.41696   3.00675 10323.74  7029.64 2.85 2.57  25.9 -0.401 19.20 21.31 02a59668o0673c
59668.993249 -19.505  8.375   -57  480 c  0   1.06 220.41696   3.00675  2765.95   942.38 2.49 2.33 -28.1 -0.387 15.40 17.16 03a59669o0608c
59670.475732  24.066 14.400     1   12 o  0   1.02 220.41696   3.00675    85.85  5215.43 2.84 2.46 -47.3 -0.516 19.47 20.93 01a59670o0576o
59670.477555 -23.873 12.000    -1   12 o  0   1.02 220.41696   3.00675    67.62  5179.46 2.81 2.48 -49.2 -0.510 19.39 20.93 01a59670o0580o
59670.480747  21.639  1.744     8   14 o  0   1.01 220.41696   3.00675   126.86  5253.31 2.99 2.56 -50.0 -0.499 19.40 20.92 01a59670o0587o
59670.485774  20.479  0.507    23   12 o  0   0.90 220.41696   3.00675   145.56  5137.71 2.79 2.47 -48.6 -0.516 19.46 20.96 01a59670o0598o
59670.487138 -22.110  2.692    -5   14 o  0   1.27 220.41696   3.00675 10210.10  5029.20 3.04 2.73 -62.8 -0.482 19.40 20.97 01a59670o0601o
59670.488960 -22.488  3.211    -4   12 o  0   1.47 220.41696   3.00675 10190.97  4992.71 2.98 2.68 -58.8 -0.484 19.44 20.96 01a59670o0605o
59670.492604  21.832  1.971     7   13 o  0   1.17 220.41696   3.00675 10252.01  5068.68 2.98 2.70 -60.4 -0.477 19.44 20.97 01a59670o0613o
59670.500825   0.000 21.116     0   13 o  0   1.46 220.41696   3.00675 10269.08  4948.13 3.03 2.70 -62.3 -0.487 19.44 20.95 01a59670o0631o
59672.985580  21.130  0.742    13   10 c  0   0.95 220.41696   3.00675  8368.16  9142.52 2.58 2.41  83.0 -0.382 19.66 21.40 03a59673o0596c
59672.988769  21.881  1.488     6   10 c  0   1.23 220.41696   3.00675  8349.04  9103.98 2.68 2.52  89.9 -0.380 19.58 21.41 03a59673o0603c
59672.992412  22.683  3.563     3   11 c  0   1.02 220.41696   3.00675  8406.18  9183.29 2.96 2.81 -87.7 -0.371 19.50 21.40 03a59673o0611c
59672.998819  21.971  1.571     6    9 c  0   1.33 220.41696   3.00675  8425.79  9068.90 2.82 2.62 -81.9 -0.372 19.56 21.40 03a59673o0625c
59675.235573  21.684  1.588     8   12 o  0   1.17 220.41696   3.00675  8288.50  5205.46 2.40 2.12 -16.1 -0.437 19.35 20.92 04a59675o0612o
59675.238725  21.096  1.065    13   14 o  0   1.01 220.41696   3.00675  8270.75  5166.50 2.57 2.28 -28.8 -0.431 19.27 20.91 04a59675o0619o
59675.241436  22.209  2.552     5   12 o  0   1.15 220.41696   3.00675  8330.66  5243.18 2.54 2.25 -26.3 -0.410 19.31 20.84 04a59675o0625o
59675.251417  23.007  5.562     2   13 o  0   1.12 220.41696   3.00675  8353.96  5126.13 2.28 2.09 -19.7 -0.448 19.36 20.89 04a59675o0647o
59676.526130  21.863  1.395     6    9 c  0   1.28 220.41696   3.00675 10163.68  3176.02 2.53 2.49  14.3 -0.416 19.58 21.66 02a59676o0612c
59676.529344  21.708  2.644     8   20 c  0   0.36 220.41696   3.00675    67.71  3210.15 2.34 2.30  16.8 -0.421 19.60 21.63 02a59676o0619c
59676.529800  21.142  0.798    13   10 c  0   0.76 220.41696   3.00675 10143.56  3135.39 2.44 2.41 -23.5 -0.422 19.59 21.66 02a59676o0620c
59676.537112  23.397  6.091     2   10 c  0   1.32 220.41696   3.00675 10198.59  3215.98 2.47 2.42  13.5 -0.416 19.60 21.68 02a59676o0635c
59676.539418 -23.587 11.000    -1   15 c  0   0.27 220.41696   3.00675    84.73  3094.92 2.32 2.22  37.4 -0.415 19.56 21.65 02a59676o0640c
59676.547211 -21.526  1.069    -9   10 c  0   1.26 220.41696   3.00675 10222.13  3101.87 2.53 2.50  15.1 -0.416 19.55 21.67 02a59676o0657c
59679.217724  21.384  1.351    10   14 o  0   1.13 220.41696   3.00675  8287.39  5209.16 2.17 1.86 -14.5 -0.452 19.40 20.77 04a59679o0574o
59679.236256  21.336  1.253    11   13 o  0   1.10 220.41696   3.00675  8279.00  5167.57 2.24 1.98 -16.2 -0.443 19.38 20.74 04a59679o0614o
59679.244454  26.111 91.000     0   12 o  0   1.26 220.41696   3.00675  8341.77  5243.62 2.20 1.97 -17.9 -0.437 19.39 20.81 04a59679o0632o
59679.249898 -21.450  1.218   -10   12 o  0   0.96 220.41696   3.00675  8363.11  5126.54 2.15 1.88 -20.1 -0.456 19.41 20.79 04a59679o0644o
59680.433375 -20.529  1.528   -22   34 c  0   0.79 220.41696   3.00675 10512.79  7481.46 2.72 2.45  21.5 -0.418 18.53 20.13 02a59680o0446c
59680.449038 -21.051  1.878   -14   26 c  0   1.07 220.41696   3.00675   434.95  7401.92 2.34 2.16 -12.7 -0.404 18.57 20.16 02a59680o0480c
59680.468413 -20.126  0.870   -32   28 c  0   1.00 220.41696   3.00675   452.53  7441.73 2.33 2.16 -11.4 -0.408 18.59 20.24 02a59680o0520c
59680.471611  20.435  0.919    24   22 c  0   1.13 220.41696   3.00675   394.24  7365.77 2.29 2.15 -24.7 -0.421 18.70 20.34 02a59680o0527c
59680.474810  21.550  3.302     9   29 c  0   0.66 220.41696   3.00675   373.82  7480.37 2.32 2.13 -22.5 -0.434 18.60 20.24 02a59680o0534c
59682.441925  19.912  0.553    39   22 o  0   1.41 220.41696   3.00675  4396.92  5423.95 2.70 2.51 -38.9 -0.494 18.90 19.74 01a59682o0460o
59682.446081 -20.667  1.051   -20   21 o  0   0.95 220.41696   3.00675  4377.34  5385.41 2.70 2.53 -43.6 -0.489 18.83 19.74 01a59682o0469o
59682.451106 -24.630 44.333    -0   23 o  0   1.10 220.41696   3.00675  4436.64  5458.34 2.72 2.56 -44.3 -0.485 18.86 19.75 01a59682o0480o
59682.464853  19.678  0.670    49   33 o  0   1.04 220.41696   3.00675  4453.91  5340.83 2.71 2.52 -45.2 -0.490 18.59 19.36 01a59682o0509o
59683.144197 -21.692  3.686    -8   28 o  0   1.14 220.41696   3.00675  4623.03  9300.82 2.43 1.98 -73.0 -0.411 18.48 18.93 04a59683o0372o
59683.146940  21.293  2.329    11   26 o  0   1.42 220.41696   3.00675  4604.17  9260.82 2.22 1.89 -71.2 -0.440 18.52 18.95 04a59683o0378o
59683.151924  19.143  0.353    80   28 o  0   0.84 220.41696   3.00675  4662.37  9338.40 2.33 1.88 -74.8 -0.410 18.56 18.99 04a59683o0389o
59683.162789  22.287  5.848     4   26 o  0   1.47 220.41696   3.00675  4680.75  9220.94 2.32 1.88 -69.1 -0.424 18.57 19.06 04a59683o0413o
59688.506983 -21.256  2.222   -11   25 o  0   1.86 220.41696   3.00675  6539.41   748.88 1.99 1.85  83.6 -0.451 18.37 18.57 02a59688o0615o
59688.510183 -19.614  0.526   -52   27 o  0   1.15 220.41696   3.00675  6520.67   709.84 1.98 1.87  88.2 -0.459 18.36 18.60 02a59688o0622o
59688.538347  23.893 36.700     1   37 o  0   0.56 220.41696   3.00675  6576.90   790.09 2.01 1.88 -89.2 -0.448 18.36 18.61 02a59688o0680o
59688.546929  20.602  1.632    21   34 o  0   1.07 220.41696   3.00675  6601.71   673.99 2.01 1.86 -84.1 -0.476 18.35 18.61 02a59688o0698o
59690.468757  20.227  0.664    30   20 o  0   0.95 220.41696   3.00675  9982.23  9430.91 2.98 2.87  70.9 -0.406 19.06 20.14 01a59690o0545o
59690.502072  20.362  0.701    26   18 o  0   1.19 220.41696   3.00675 10010.76  9470.01 3.01 2.84  62.6 -0.403 19.05 20.10 01a59690o0616o
59690.505905 -20.799  1.032   -17   18 o  0   1.34 220.41696   3.00675  9948.96  9393.56 2.93 2.82  61.7 -0.412 19.05 20.11 01a59690o0624o
59690.513251  22.533  4.611     4   16 o  0   1.58 220.41696   3.00675  9934.51  9512.33 2.99 2.87  77.2 -0.411 19.04 20.08 01a59690o0640o
59691.225660  20.529  0.644    22   14 o  0   1.29 220.41696   3.00675  6245.41  7131.68 2.28 2.03 -51.8 -0.427 19.10 20.21 04a59691o0519o
59691.229732 -20.482  0.624   -23   14 o  0   0.72 220.41696   3.00675  6269.82  7166.08 2.09 1.94 -43.5 -0.407 19.11 20.21 04a59691o0526o
59691.235592 -22.098  2.805    -5   15 o  0   0.97 220.41696   3.00675  6215.27  7082.10 2.20 2.00 -51.1 -0.412 19.09 20.22 04a59691o0539o
59691.249672 -21.919  2.510    -6   16 o  0   1.17 220.41696   3.00675  6206.01  7184.70 2.16 1.94 -47.4 -0.415 19.07 20.12 04a59691o0567o
59692.467634  19.642  0.328    50   17 c  0   0.96 220.41696   3.00675  2576.82  7446.84 2.59 2.29  30.5 -0.400 19.14 21.04 02a59692o0430c
59692.470832  23.959 16.600     1   16 c  0   1.13 220.41696   3.00675  2557.64  7408.40 2.62 2.29  31.8 -0.395 19.22 21.06 02a59692o0437c
59692.475871 -20.214  0.856   -30   26 c  0   1.09 220.41696   3.00675  2615.20  7485.93 2.61 2.29  33.8 -0.398 18.71 20.55 02a59692o0448c
59692.479068  21.547  2.893     9   25 c  0   0.73 220.41696   3.00675  2635.39  7371.89 2.61 2.30  34.6 -0.399 18.54 20.24 02a59692o0455c
59694.483664 -21.011  1.029   -14   15 o  0   1.23 220.41696   3.00675  9986.22  9429.48 3.11 2.96  64.7 -0.396 19.27 20.63 01a59694o0570o
59694.487398  20.670  0.707    20   14 o  0   1.27 220.41696   3.00675 10008.00  9470.15 3.02 2.89  66.2 -0.407 19.32 20.64 01a59694o0578o
59694.519283 -24.492 26.667    -1   16 o  0   1.01 220.41696   3.00675  9951.52  9395.57 2.99 2.83  65.5 -0.415 19.29 20.50 01a59694o0646o
59694.526439  22.108  2.852     5   15 o  0   1.59 220.41696   3.00675  9935.15  9515.01 2.96 2.81  70.4 -0.424 19.22 20.45 01a59694o0661o
59695.216497  21.623  1.806     8   15 o  0   0.83 220.41696   3.00675  6247.30  7129.03 2.06 1.87 -41.6 -0.428 19.29 20.62 04a59695o0566o
59695.223172 -21.035  0.905   -14   13 o  0   1.11 220.41696   3.00675  4339.89  3442.67 2.09 1.98 -39.6 -0.467 19.30 20.61 04a59695o0579o
59695.226522  21.429  1.646    10   16 o  0   0.80 220.41696   3.00675  6216.80  7079.93 2.07 1.86 -49.1 -0.435 19.30 20.61 04a59695o0586o
59695.236421  20.854  0.769    16   13 o  0   0.92 220.41696   3.00675  6205.51  7186.82 2.28 2.05 -57.8 -0.422 19.22 20.72 04a59695o0606o
59696.412865 -21.168  0.851   -12   10 c  0   1.23 220.41696   3.00675  8017.42  3134.68 2.46 2.28  31.8 -0.398 19.53 21.39 02a59696o0400c
59696.414694  21.376  0.974    10   10 c  0   1.16 220.41696   3.00675  8036.08  3172.43 2.47 2.32  32.6 -0.400 19.52 21.39 02a59696o0404c
59696.437590  20.777  0.515    18    9 c  0   1.67 220.41696   3.00675  7979.58  3098.68 2.46 2.31  34.5 -0.403 19.54 21.40 02a59696o0452c
59696.443590 -23.592  7.900    -1   10 c  0   1.32 220.41696   3.00675  7963.12  3212.78 2.47 2.29  30.9 -0.398 19.55 21.41 02a59696o0465c
59698.446429  19.652  1.034    50   52 o  0   1.48 220.41696   3.00675  8022.13  9569.42 2.96 2.68  47.2 -0.452 17.72 19.06 01a59698o0481o
59698.480578 -19.996  0.710   -36   26 o  0   1.12 220.41696   3.00675  8050.21  9610.37 2.90 2.72  52.4 -0.462 18.70 20.11 01a59698o0554o
59698.483798  20.469  1.091    24   26 o  0   1.19 220.41696   3.00675  7989.98  9532.20 2.95 2.70  55.6 -0.456 18.76 20.13 01a59698o0561o
59698.489830 -22.877  8.125    -3   21 o  0   1.44 220.41696   3.00675  7974.18  9650.06 3.01 2.68  51.9 -0.456 18.86 20.21 01a59698o0574o
59699.197579 -21.676  2.739    -8   21 o  0   1.51 220.41696   3.00675 10359.43  3535.95 2.62 2.14 -13.2 -0.411 18.91 20.39 04a59699o0538o
59699.201033  20.775  0.657    18   12 o  0   1.41 220.41696   3.00675   234.78  7037.85 2.25 1.95 -80.6 -0.390 19.14 20.58 04a59699o0545o
59699.207547 -18.363  0.628  -164  103 o  0   1.84 220.41696   3.00675 10328.90  3486.73 2.70 1.90 -16.6 -0.438 16.84 18.26 04a59699o0557o
59699.218476  19.854  1.044    42   43 o  0   2.04 220.41696   3.00675 10316.74  3593.73 2.62 1.95 -13.1 -0.407 18.43 19.89 04a59699o0580o
59699.220305  20.311  0.980    27   27 o  0   0.95 220.41696   3.00675   244.63  3541.44 2.24 1.86  48.7 -0.392 18.63 20.06 04a59699o0584o
59699.225913 -20.009  0.384   -36   14 o  0   1.58 220.41696   3.00675   269.58  3574.75 2.40 1.91  45.1 -0.383 19.22 20.67 04a59699o0595o
59699.228627  20.271  1.839    28   52 o  0   0.93 220.41696   3.00675   211.94  3494.55 2.29 1.78  49.6 -0.395 18.50 19.94 04a59699o0601o
59699.239171  18.885  0.864   101   88 o  0   1.41 220.41696   3.00675   199.89  3599.86 2.46 1.94  47.2 -0.386 17.06 18.48 04a59699o0623o
59700.481618  20.005  0.494    36   18 c  0   1.01 220.41696   3.00675  2655.40  9391.06 2.52 2.41  31.8 -0.420 19.11 20.68 02a59700o0549c
59700.485365  20.483  0.608    23   14 c  0   1.27 220.41696   3.00675  2639.46  9353.13 2.49 2.39  32.8 -0.418 19.22 20.82 02a59700o0557c
59700.512071  22.054  2.270     6   12 c  0   1.07 220.41696   3.00675  2697.43  9429.54 2.48 2.38  39.3 -0.415 19.48 21.03 02a59700o0614c
59700.539370  24.042 15.000     1   13 c  0   1.14 220.41696   3.00675  2712.55  9316.62 2.50 2.39  33.1 -0.409 19.23 20.74 02a59700o0672c
59700.946467 -24.161 11.714    -1    9 o  0   1.41 220.41696   3.00675  4190.35  5243.44 2.18 2.03 -36.2 -0.429 19.62 21.00 03a59701o0543o
59700.949624 -22.268  4.882    -4   22 o  0   0.83 220.41696   3.00675  4207.07  5282.53 2.44 2.10 -11.5 -0.473 18.84 20.38 03a59701o0549o
59700.955666  21.619  1.189     8   10 o  0   0.84 220.41696   3.00675  4148.09  5205.83 2.21 1.98 -42.4 -0.423 19.58 21.01 03a59701o0561o
59700.966278 -21.844  1.475    -7   10 o  0   1.06 220.41696   3.00675  4121.81  5322.70 2.19 1.97 -50.8 -0.424 19.57 20.86 03a59701o0583o
59703.227049 -21.675  1.800    -8   14 o  0   0.88 220.41696   3.00675 10385.36  3497.77 2.83 2.09 -14.3 -0.389 19.38 20.69 04a59703o0364o
59703.229780 -21.930  2.028    -6   12 o  0   1.21 220.41696   3.00675 10405.72  3534.60 2.77 2.12 -14.0 -0.389 19.37 20.72 04a59703o0370o
59703.236229 -21.780  1.738    -7   12 o  0   1.33 220.41696   3.00675 10349.88  3452.84 2.80 2.05 -15.6 -0.396 19.36 20.68 04a59703o0384o
59703.239382  23.797 10.556     1   12 o  0   1.13 220.41696   3.00675   261.79  3511.22 2.32 1.86  46.7 -0.386 19.40 20.72 04a59703o0391o
59703.242580  21.797  2.000     7   14 o  0   0.81 220.41696   3.00675   283.04  3547.62 2.31 1.93  50.0 -0.380 19.36 20.61 04a59703o0398o
59703.248147 -22.376  3.708    -4   15 o  0   1.03 220.41696   3.00675 10334.07  3562.39 2.84 2.08 -16.5 -0.390 19.31 20.64 04a59703o0410o
59703.249048  21.685  1.509     8   12 o  0   1.40 220.41696   3.00675   226.56  3464.15 2.48 2.00  49.5 -0.382 19.27 20.60 04a59703o0412o
59703.261264 -20.699  0.750   -19   14 o  0   1.04 220.41696   3.00675   212.37  3572.88 2.33 1.83  51.9 -0.385 19.27 20.50 04a59703o0439o
59710.383491  17.786  0.143   279   40 o  0   1.35 220.41696   3.00675  8532.89  9038.21 2.93 2.88 -44.4 -0.451 18.35 18.97 01a59710o0322o
59710.386711  18.269  0.278   179   50 o  0   1.16 220.41696   3.00675  8512.98  8998.41 2.99 2.97 -56.6 -0.442 18.29 18.92 01a59710o0329o
59710.393156  17.763  0.101   285   29 o  0   1.39 220.41696   3.00675  8574.70  9075.76 2.94 2.91  86.4 -0.439 18.59 19.34 01a59710o0343o
59710.406032  17.908  0.114   249   28 o  0   1.01 220.41696   3.00675  8593.03  8955.48 2.87 2.79 -65.6 -0.454 18.76 19.60 01a59710o0370o
59711.145846  17.632  0.250   321   80 o  0   1.09 220.41696   3.00675    79.37  3243.72 2.59 1.86  47.3 -0.346 18.25 18.63 04a59711o0433o
59711.152382  17.540  0.166   350   58 o  0   0.94 220.41696   3.00675   102.50  3126.91 2.43 1.84  43.6 -0.357 17.58 17.79 04a59711o0446o
59711.178296  18.672  2.096   123  259 o  0   1.22 220.41696   3.00675   415.57  7430.98 2.73 2.23  70.9 -0.343 16.13 16.27 04a59711o0497o
59711.181678  18.158  1.247   198  247 o  0   0.88 220.41696   3.00675 10160.02  3135.62 2.77 1.82 -20.6 -0.357 16.30 16.19 04a59711o0504o
59711.187095  17.406  0.084   396   33 o  0   0.88 220.41696   3.00675 10223.57  3211.52 2.73 1.81 -21.8 -0.380 18.77 19.28 04a59711o0514o
59711.198666  17.579  0.086   338   29 o  0   0.85 220.41696   3.00675   372.43  7486.47 2.57 2.13  71.7 -0.372 18.70 19.24 04a59711o0537o
59716.484714  16.677  0.037   775   29 o  0   1.64 220.41696   3.00675  9020.79  1149.67 1.95 1.76 -60.8 -0.533 18.45 18.66 02a59716o0494o
59716.487913  16.628  0.039   810   31 o  0   0.91 220.41696   3.00675  9002.01  1108.81 1.89 1.77 -71.1 -0.518 18.42 18.65 02a59716o0501o
59716.493397  16.651  0.035   794   28 o  0   1.68 220.41696   3.00675  9060.54  1188.42 1.90 1.77 -60.9 -0.526 18.40 18.63 02a59716o0513o
59716.505247  16.632  0.038   808   31 o  0   1.57 220.41696   3.00675  9084.03  1072.42 1.85 1.69 -65.7 -0.538 18.39 18.57 02a59716o0538o
59719.191910  16.425  0.020   978   20 o  0   1.93 220.41696   3.00675  4070.58  9814.67 3.00 2.50 -81.0 -0.345 19.00 20.08 04a59719o0443o
59719.195593  16.426  0.022   976   22 o  0   1.24 220.41696   3.00675  4091.53  9851.34 3.14 2.56 -81.5 -0.338 18.95 20.05 04a59719o0451o
59719.201935  16.404  0.020   996   20 o  0   2.02 220.41696   3.00675  4035.94  9768.54 2.91 2.37 -80.0 -0.361 19.04 20.04 04a59719o0464o
59719.214175  16.384  0.020  1015   20 o  0   2.15 220.41696   3.00675  4019.47  9877.57 2.98 2.42 -78.5 -0.352 18.94 19.95 04a59719o0490o
59722.382977  16.304  0.017  1092   18 o  0   1.26 220.41696   3.00675  4062.25  3356.89 3.00 2.82 -23.0 -0.448 19.25 20.69 01a59722o0326o
59722.386658  16.271  0.015  1126   16 o  0   2.52 220.41696   3.00675  4083.13  3395.34 2.99 2.76 -22.5 -0.448 19.22 20.66 01a59722o0334o
59722.393124  16.268  0.015  1129   17 o  0   1.86 220.41696   3.00675  4024.86  3320.06 2.98 2.81 -23.1 -0.444 19.26 20.66 01a59722o0348o
59722.405149  16.310  0.017  1087   19 o  0   1.11 220.41696   3.00675  4011.40  3436.90 3.08 2.88 -16.6 -0.435 19.22 20.68 01a59722o0374o
59724.388458  15.913  0.011  1566   17 c  0   4.86 220.41696   3.00675  8388.39  7167.64 2.86 2.44  36.6 -0.396 19.62 21.36 02a59724o0331c
59724.391296  15.886  0.010  1605   16 c  0   5.62 220.41696   3.00675  8369.65  7130.08 2.82 2.41  36.2 -0.400 19.67 21.37 02a59724o0337c
59724.423152  15.920  0.011  1555   17 c  0   3.67 220.41696   3.00675  8419.50  7205.23 2.72 2.52  34.0 -0.400 19.60 21.31 02a59724o0405c
59724.451608  15.914  0.011  1565   17 c  0   3.95 220.41696   3.00675  8435.68  7090.69 2.77 2.47  31.1 -0.402 19.56 21.24 02a59724o0465c
59724.885414  16.161  0.014  1246   17 o  0   4.11 220.41696   3.00675  6175.02  7135.24 2.21 2.19 -56.0 -0.582 19.69 21.22 03a59725o0419o
59724.888602  16.205  0.013  1196   16 o  0   5.08 220.41696   3.00675  6190.68  7174.23 2.25 2.23  54.5 -0.478 19.65 21.18 03a59725o0426o
59724.894586  16.217  0.013  1184   16 o  0   4.48 220.41696   3.00675  6131.49  7096.93 2.24 2.23 -58.7 -0.469 19.66 21.25 03a59725o0439o
59724.905636  16.251  0.014  1147   16 o  0   5.72 220.41696   3.00675  6103.61  7214.33 2.15 2.14 -64.2 -0.479 19.67 21.20 03a59725o0463o
59726.375157  16.291  0.015  1105   17 o  0   1.45 220.41696   3.00675  4065.31  3355.78 2.77 2.64 -24.0 -0.467 19.41 20.91 01a59726o0311o
59726.378855  16.280  0.015  1117   16 o  0   1.88 220.41696   3.00675  4085.88  3394.20 2.82 2.64 -18.9 -0.463 19.40 20.90 01a59726o0319o
59726.385293  16.278  0.014  1119   16 o  0   1.99 220.41696   3.00675  4027.71  3318.41 2.88 2.71 -15.4 -0.454 19.35 20.92 01a59726o0333o
59726.418080  16.260  0.015  1138   17 o  0   1.91 220.41696   3.00675  4018.47  3434.74 2.85 2.73 -19.7 -0.452 19.32 20.79 01a59726o0403o
59727.128442  16.039  0.088  1394  123 o  0   1.34 220.41696   3.00675  7994.93  3158.12 2.47 1.78 -17.4 -0.416 16.68 18.03 04a59727o0412o
59727.131619  16.256  0.075  1142   86 o  0   1.23 220.41696   3.00675  8016.04  3193.52 2.46 1.78 -16.7 -0.409 17.41 18.67 04a59727o0419o
59727.137611  16.260  0.042  1138   47 o  0   1.29 220.41696   3.00675  7962.75  3110.13 2.41 1.78 -18.4 -0.404 17.94 19.21 04a59727o0432o
59727.147707  16.245  0.019  1154   22 o  0   1.94 220.41696   3.00675  7950.41  3216.80 2.41 1.78 -18.1 -0.415 19.14 20.55 04a59727o0454o
59728.376952  17.225  1.529   468  715 c  0   0.67 220.41696   3.00675  8393.95  7170.40 3.03 2.53  36.5 -0.423 15.20 16.67 02a59728o0302c
59728.928142  16.294  0.015  1103   17 o  0   2.91 220.41696   3.00675 10329.49  3670.83 2.66 2.36 -55.8 -0.384 19.44 20.94 03a59729o0245o
59728.931891  16.332  0.015  1064   16 o  0   3.34 220.41696   3.00675 10346.84  3708.56 2.65 2.29 -57.3 -0.389 19.46 20.98 03a59729o0253o
59728.937050  16.321  0.015  1075   16 o  0   3.20 220.41696   3.00675 10289.76  3629.47 2.59 2.22 -57.9 -0.389 19.48 20.93 03a59729o0264o
59728.939916  16.329  0.016  1068   18 o  0   2.40 220.41696   3.00675   253.55  3438.69 2.28 2.17 -72.5 -0.442 19.47 20.95 03a59729o0270o
59728.943133  16.339  0.015  1058   16 o  0   3.49 220.41696   3.00675   271.93  3477.77 2.24 2.14 -67.0 -0.438 19.52 20.97 03a59729o0277o
59728.948620  16.312  0.015  1084   16 o  0   2.72 220.41696   3.00675 10267.08  3743.81 2.62 2.24 -53.6 -0.388 19.45 20.93 03a59729o0289o
59728.949075  16.326  0.014  1070   15 o  0   3.97 220.41696   3.00675   213.71  3398.64 2.32 2.24 -70.0 -0.439 19.45 20.99 03a59729o0290o
59728.959289  16.286  0.015  1111   17 o  0   2.46 220.41696   3.00675   193.45  3514.86 2.42 2.36 -68.8 -0.438 19.41 20.97 03a59729o0312o
59730.374171  16.454  0.021   952   20 o  0   1.11 220.41696   3.00675  4209.10  5288.50 2.83 2.68 -18.6 -0.457 19.10 20.30 01a59730o0305o
59730.377407  16.446  0.018   958   17 o  0   1.62 220.41696   3.00675  4230.13  5326.69 2.85 2.68  -9.7 -0.452 19.22 20.45 01a59730o0312o
59730.384779  16.457  0.020   949   19 o  0   1.15 220.41696   3.00675  4171.94  5251.46 2.92 2.72  -2.3 -0.442 19.19 20.43 01a59730o0328o
59730.419972  16.471  0.018   937   17 o  0   1.35 220.41696   3.00675  4164.38  5367.95 2.93 2.86  33.8 -0.432 19.15 20.43 01a59730o0402o
59732.366894  16.274  0.012  1123   14 c  0   3.43 220.41696   3.00675  4592.40   854.96 2.44 2.29  89.1 -0.425 19.66 21.43 02a59732o0280c
59732.370111  16.279  0.013  1118   15 c  0   3.22 220.41696   3.00675  4573.42   818.45 2.42 2.27  89.2 -0.433 19.67 21.43 02a59732o0287c
59732.376661  16.272  0.013  1126   14 c  0   2.63 220.41696   3.00675  4633.71   898.13 2.44 2.29  85.7 -0.426 19.63 21.42 02a59732o0301c
59732.387795  16.312  0.014  1085   15 c  0   2.01 220.41696   3.00675  4655.37   779.59 2.43 2.27  84.5 -0.428 19.65 21.40 02a59732o0325c
59734.360545  16.715  0.019   748   14 o  0   2.36 220.41696   3.00675  4207.72  5288.16 2.64 2.56 -21.3 -0.478 19.42 20.80 01a59734o0273o
59734.363769  16.728  0.022   739   16 o  0   1.24 220.41696   3.00675  4229.10  5326.58 2.64 2.54 -25.4 -0.476 19.41 20.82 01a59734o0280o
59734.369754  16.701  0.019   758   14 o  0   1.67 220.41696   3.00675  4170.74  5250.89 2.61 2.53   9.6 -0.478 19.44 20.85 01a59734o0293o
59734.380351  16.722  0.021   744   16 o  0   1.24 220.41696   3.00675  4156.41  5367.99 2.63 2.58  -6.9 -0.474 19.43 20.84 01a59734o0316o
59736.353926  16.795  0.021   695   15 o  0   1.76 220.41696   3.00675  4595.15   860.02 1.94 1.84  81.2 -0.464 19.49 20.58 02a59736o0252o
59736.357128  16.790  0.021   698   15 o  0   1.65 220.41696   3.00675  4577.44   823.68 1.92 1.84 -87.1 -0.469 19.52 20.57 02a59736o0259o
59736.364571  16.833  0.022   671   14 o  0   1.51 220.41696   3.00675  4635.78   899.76 1.95 1.85  79.0 -0.459 19.49 20.60 02a59736o0275o
59736.375173  16.817  0.019   681   13 o  0   3.41 220.41696   3.00675  4658.16   784.53 1.97 1.86  88.1 -0.462 19.49 20.61 02a59736o0298o
59736.862430  16.785  0.021   701   15 o  0   2.10 220.41696   3.00675 10426.26  7529.25 2.56 2.23 -44.9 -0.390 19.42 20.80 03a59737o0372o
59736.865648  16.847  0.023   662   15 o  0   1.88 220.41696   3.00675 10444.06  7568.35 2.52 2.17 -51.6 -0.359 19.46 20.81 03a59737o0379o
59736.867947  16.833  0.023   671   16 o  0   0.91 220.41696   3.00675   353.55  7297.21 2.69 2.22  -8.7 -0.387 19.37 20.87 03a59737o0384o
59736.871180  16.823  0.022   677   15 o  0   1.77 220.41696   3.00675   370.79  7337.79 2.59 2.12  -9.3 -0.414 19.36 20.79 03a59737o0391o
59736.871635  16.849  0.026   661   17 o  0   1.26 220.41696   3.00675 10384.52  7491.47 2.49 2.16 -47.4 -0.395 19.46 20.83 03a59737o0392o
59736.877119  16.842  0.024   666   16 o  0   0.68 220.41696   3.00675   310.24  7257.83 2.57 2.12  -9.9 -0.382 19.46 20.91 03a59737o0404o
59736.881762  16.808  0.022   687   15 o  0   1.50 220.41696   3.00675 10358.08  7607.57 2.48 2.15 -43.8 -0.406 19.45 20.83 03a59737o0414o
59736.888283  16.802  0.021   691   14 o  0   1.58 220.41696   3.00675   282.37  7375.31 2.38 2.07 -20.8 -0.396 19.48 20.93 03a59737o0428o
59738.307760  16.951  0.033   602   20 o  0   1.11 220.41696   3.00675  8266.51  5151.67 3.00 2.85 -48.6 -0.456 19.10 20.29 01a59738o0155o
59738.310062  16.933  0.031   612   19 o  0   0.88 220.41696   3.00675  8246.15  5114.26 3.14 2.90 -20.4 -0.442 19.07 20.30 01a59738o0160o
59738.314208  16.974  0.031   589   18 o  0   1.55 220.41696   3.00675  8305.60  5187.57 3.09 2.91 -52.2 -0.459 19.07 20.30 01a59738o0169o
59738.321113  16.853  0.030   659   20 o  0   1.31 220.41696   3.00675  8323.37  5070.29 3.12 3.08 -25.5 -0.436 19.06 20.32 01a59738o0184o
59744.369559  17.070  0.067   540   36 o  0   0.93 220.41696   3.00675  4516.32  7349.80 2.71 2.26  36.7 -0.401 18.34 18.89 02a59744o0284o
59744.375092  17.059  0.055   545   30 o  0   1.12 220.41696   3.00675  4496.39  7310.93 2.74 2.05  34.8 -0.384 18.42 18.68 02a59744o0296o
59744.378313  17.128  0.060   511   31 o  0   1.20 220.41696   3.00675  4554.90  7390.36 2.77 2.14  35.1 -0.385 18.37 18.67 02a59744o0303o
59744.389283  17.164  0.082   495   41 o  0   0.71 220.41696   3.00675  4573.58  7275.12 2.84 2.25  35.2 -0.371 18.36 18.63 02a59744o0327o
59746.358759  17.078  0.038   536   20 o  0   1.30 220.41696   3.00675  5866.50  1268.64 2.89 2.74  -7.5 -0.464 18.83 19.73 01a59746o0264o
59746.361982  17.090  0.039   530   21 o  0   1.26 220.41696   3.00675  5887.04  1307.86 2.74 2.67  51.2 -0.481 18.84 19.67 01a59746o0271o
59746.372111  17.088  0.043   530   23 o  0   1.08 220.41696   3.00675  5830.18  1232.41 2.69 2.66 -86.7 -0.487 18.84 19.63 01a59746o0293o
59746.379016  17.098  0.052   526   27 o  0   1.28 220.41696   3.00675  5814.44  1350.56 2.70 2.60 -57.4 -0.498 18.52 19.42 01a59746o0308o
59747.107075  17.154  0.052   500   26 o  0   1.05 220.41696   3.00675  1574.16  9437.87 4.07 3.32  83.0 -0.276 18.66 19.82 04a59747o0127o
59747.109887  17.178  0.050   489   24 o  0   1.20 220.41696   3.00675  1594.86  9474.76 3.77 3.06  81.0 -0.278 18.75 19.80 04a59747o0133o
59747.115305  17.065  0.041   542   22 o  0   1.52 220.41696   3.00675  1539.82  9392.09 3.62 2.86  83.1 -0.304 18.79 19.80 04a59747o0145o
59747.125217  17.207  0.050   476   24 o  0   1.24 220.41696   3.00675  1524.24  9502.88 3.54 2.80  83.6 -0.306 18.79 19.80 04a59747o0167o
59750.341664  17.190  0.032   483   16 o  0   1.25 220.41696   3.00675  5862.07  1267.72 2.80 2.73  57.9 -0.469 19.33 20.80 01a59750o0225o
59750.344884  17.197  0.032   480   15 o  0   1.09 220.41696   3.00675  5882.71  1306.45 2.82 2.71  50.4 -0.460 19.33 20.80 01a59750o0232o
59750.355551  17.159  0.031   497   15 o  0   1.12 220.41696   3.00675  5825.53  1230.83 2.89 2.74  46.5 -0.454 19.31 20.76 01a59750o0255o
59750.363854  17.239  0.031   462   14 o  0   1.25 220.41696   3.00675  5810.73  1348.99 2.85 2.76  49.0 -0.465 19.34 20.77 01a59750o0273o
59751.110083  16.859  0.257   655  168 o  0   1.48 220.41696   3.00675  1583.19  9425.01 3.36 2.79 -88.3 -0.339 16.49 18.14 04a59751o0373o
59751.113888  17.017  0.194   567  110 o  0   1.51 220.41696   3.00675  1604.60  9461.34 3.13 2.50 -85.0 -0.346 17.01 18.56 04a59751o0381o
59751.119438  17.890  0.588   254  149 o  0   0.81 220.41696   3.00675  1549.07  9379.09 3.20 2.53 -86.9 -0.345 16.75 18.27 04a59751o0393o
59751.131495  17.288  0.580   441  256 o  0   1.12 220.41696   3.00675  1533.09  9488.52 3.09 2.42 -87.4 -0.359 16.21 17.72 04a59751o0419o
59754.316023  17.328  0.033   425   14 o  0   1.18 220.41696   3.00675  6280.67  7074.50 2.73 2.68 -10.8 -0.461 19.51 21.05 01a59754o0169o
59754.319246  17.399  0.034   398   14 o  0   1.26 220.41696   3.00675  6301.82  7112.74 2.71 2.67 -23.0 -0.465 19.49 21.04 01a59754o0176o
59754.329091  17.305  0.030   435   13 o  0   1.66 220.41696   3.00675  6244.03  7037.70 2.72 2.69  23.6 -0.464 19.51 21.00 01a59754o0197o
59754.338763  17.354  0.035   415   15 o  0   1.14 220.41696   3.00675  6228.71  7154.46 2.84 2.66  49.8 -0.449 19.46 20.96 01a59754o0218o
59756.339338  17.724  0.036   296   11 c  0   1.45 220.41696   3.00675  2378.80  3575.48 2.35 2.24 -76.5 -0.431 19.69 21.51 02a59756o0149c
59756.343610  17.766  0.038   284   11 c  0   1.12 220.41696   3.00675  2358.45  3536.13 2.35 2.27 -85.6 -0.428 19.69 21.53 02a59756o0158c
59756.349580  17.714  0.041   298   12 c  0   0.98 220.41696   3.00675  2416.78  3616.49 2.39 2.33 -87.7 -0.424 19.67 21.50 02a59756o0171c
59756.367513  17.782  0.035   280   10 c  0   1.81 220.41696   3.00675  2436.92  3498.01 2.33 2.26  88.8 -0.430 19.65 21.45 02a59756o0210c
59758.309937  17.591  0.038   334   13 o  0   1.36 220.41696   3.00675  6283.27  7070.42 2.82 2.63 -33.5 -0.473 19.46 21.01 01a59758o0052o
59758.312670  17.542  0.036   349   13 o  0   1.57 220.41696   3.00675  6305.13  7110.04 2.93 2.66 -29.1 -0.466 19.41 21.00 01a59758o0058o
59758.322299  17.544  0.039   349   13 o  0   1.21 220.41696   3.00675  6247.79  7034.74 3.06 2.80  -9.3 -0.433 19.39 21.05 01a59758o0079o
59758.334346  17.578  0.039   338   13 o  0   1.37 220.41696   3.00675  6231.77  7151.14 2.77 2.69 -46.3 -0.465 19.47 21.04 01a59758o0105o
59760.298335  17.990  0.057   231   13 c  0   0.86 220.41696   3.00675  2378.90  3575.45 2.90 2.85 -72.6 -0.416 19.40 21.12 02a59760o0100c
59760.305572  17.922  0.054   246   13 c  0   0.75 220.41696   3.00675  2360.62  3536.77 2.64 2.59 -69.0 -0.416 19.45 21.11 02a59760o0116c
59760.310607  17.890  0.044   254   11 c  0   1.30 220.41696   3.00675  2420.14  3616.21 2.66 2.62 -74.9 -0.415 19.44 21.12 02a59760o0127c
59760.321028  18.059  0.052   217   11 c  0   1.31 220.41696   3.00675  2441.89  3500.59 2.56 2.52 -82.2 -0.412 19.49 21.13 02a59760o0150c
59762.356921  17.851  0.059   263   16 o  0   1.14 220.41696   3.00675   194.95  3632.40 2.80 2.58 -52.5 -0.514 19.35 20.90 01a59762o0007o
59762.360108  17.848  0.055   264   14 o  0   1.30 220.41696   3.00675   216.31  3670.02 3.21 2.96 -49.6 -0.483 19.22 20.87 01a59762o0014o
59762.366021  17.866  0.059   259   15 o  0   1.30 220.41696   3.00675   155.76  3592.10 3.09 2.69 -49.6 -0.509 19.32 20.82 01a59762o0027o
59762.377437  17.881  0.066   256   17 o  0   1.26 220.41696   3.00675   142.55  3708.73 3.15 2.79 -47.8 -0.502 19.23 20.74 01a59762o0052o
59764.799491  17.914  0.049   248   12 o  0   1.98 220.41696   3.00675  7901.39  1229.80 2.31 2.06 -12.0 -0.422 19.43 20.62 03a59765o0245o
59764.802654  17.918  0.056   247   14 o  0   1.08 220.41696   3.00675  7918.72  1269.19 2.44 2.11  -7.1 -0.413 19.38 20.62 03a59765o0252o
59764.808532  17.959  0.054   238   13 o  0   1.39 220.41696   3.00675  7860.11  1191.03 2.49 2.12  -8.2 -0.410 19.35 20.63 03a59765o0265o
59764.818517  18.046  0.062   220   14 o  0   1.12 220.41696   3.00675  7834.70  1309.16 2.34 2.13 -14.8 -0.428 19.42 20.59 03a59765o0287o
59766.289685  17.963  0.067   237   16 o  0   1.06 220.41696   3.00675 10314.67  3381.89 2.76 2.64 -30.3 -0.493 19.24 20.39 01a59766o0108o
59766.292876  18.021  0.069   225   16 o  0   1.36 220.41696   3.00675 10336.86  3420.68 2.83 2.62 -51.3 -0.498 19.28 20.44 01a59766o0115o
59766.295608  17.963  0.059   237   14 o  0   1.23 220.41696   3.00675   182.87  3625.22 2.67 2.39 -47.2 -0.558 19.30 20.54 01a59766o0121o
59766.300618  18.053  0.064   218   14 o  0   1.59 220.41696   3.00675 10276.61  3344.20 2.66 2.64 -32.4 -0.486 19.27 20.46 01a59766o0132o
59766.302439  17.985  0.068   232   16 o  0   1.24 220.41696   3.00675   204.33  3663.48 2.53 2.32 -47.0 -0.570 19.31 20.54 01a59766o0136o
59766.306096  18.211  0.078   189   15 o  0   1.11 220.41696   3.00675   144.24  3587.31 2.70 2.41 -44.4 -0.554 19.32 20.54 01a59766o0144o
59766.314322  18.003  0.071   228   16 o  0   0.87 220.41696   3.00675 10261.22  3463.43 2.75 2.65 -47.4 -0.487 19.26 20.46 01a59766o0162o
59766.319336  17.949  0.076   240   18 o  0   1.23 220.41696   3.00675   131.08  3704.72 2.93 2.75 -53.8 -0.509 19.06 20.29 01a59766o0173o
59767.043493  18.108  0.100   207   21 o  0   1.14 220.41696   3.00675  5996.95  9718.60 2.94 2.74  87.6 -0.314 18.88 19.94 04a59767o0217o
59767.046741  18.114  0.092   206   19 o  0   1.38 220.41696   3.00675  6018.01  9754.78 2.85 2.73 -81.8 -0.323 18.89 19.94 04a59767o0224o
59767.052523  17.979  0.081   234   19 o  0   1.28 220.41696   3.00675  5962.78  9672.21 2.78 2.62 -75.1 -0.331 18.94 19.93 04a59767o0236o
59767.065066  18.125  0.089   204   18 o  0   1.35 220.41696   3.00675  5949.10  9780.05 2.86 2.58 -81.7 -0.327 18.93 19.97 04a59767o0262o
59770.304893  18.017  0.136   226   31 o  0   1.60 220.41696   3.00675   458.99  7505.33 2.88 2.41 -43.4 -0.452 18.73 19.27 01a59770o0143o
59770.308557  17.930  0.129   244   32 o  0   1.26 220.41696   3.00675   480.56  7544.02 2.77 2.38 -42.8 -0.467 18.66 19.27 01a59770o0151o
59770.318850  18.322  0.199   170   34 o  0   1.19 220.41696   3.00675   421.59  7467.82 2.73 2.42 -49.7 -0.449 18.66 19.28 01a59770o0173o
59770.330662  17.985  0.171   232   40 o  0   0.74 220.41696   3.00675   406.17  7586.86 2.72 2.37 -48.2 -0.462 18.65 19.28 01a59770o0198o
59772.319386  18.113  0.088   206   18 o  0   0.95 220.41696   3.00675   117.55  5127.96 1.98 1.91  -5.1 -0.379 18.83 19.21 02a59772o0162o
59772.323029  19.076  1.809    85  154 o  0   0.30 220.41696   3.00675    98.36  5091.51 2.00 1.93 -13.3 -0.405 18.83 19.20 02a59772o0170o
59772.324845  18.858  0.212   104   22 o  0   0.87 220.41696   3.00675 10242.47  5139.15 2.22 2.11  -7.6 -0.454 18.81 19.18 02a59772o0174o
59772.329375  18.327  0.112   170   19 o  0   1.24 220.41696   3.00675   157.46  5167.68 2.02 1.88  12.5 -0.375 18.79 19.16 02a59772o0184o
59772.330293  18.305  0.142   173   24 o  0   1.07 220.41696   3.00675 10222.99  5099.48 2.23 2.13 -24.1 -0.451 18.76 19.17 02a59772o0186o
59772.334894  18.166  0.125   197   25 o  0   1.49 220.41696   3.00675 10280.95  5177.56 2.22 2.10 -11.8 -0.457 18.75 19.15 02a59772o0196o
59772.340795  18.307  0.110   173   19 o  0   1.17 220.41696   3.00675   179.14  5051.54 2.02 1.96 -31.2 -0.398 18.82 19.12 02a59772o0209o
59772.348088  18.618  0.152   130   20 o  0   1.62 220.41696   3.00675 10306.23  5062.08 2.21 2.07 -34.6 -0.462 18.79 19.11 02a59772o0225o
59772.841660  18.356  0.197   165   32 o  0   1.30 220.41696   3.00675  7996.08  5111.58 2.59 2.40 -14.5 -0.428 18.41 18.71 03a59773o0214o
59772.849767  18.629  0.286   128   37 o  0   0.90 220.41696   3.00675  8014.10  5150.49 2.79 2.41  -4.6 -0.417 18.35 18.66 03a59773o0232o
59772.853371  18.185  0.128   193   25 o  0   1.73 220.41696   3.00675  7958.33  5071.71 2.52 2.35 -19.7 -0.435 18.41 18.65 03a59773o0240o
59772.865564  17.942  0.167   242   40 o  0   0.78 220.41696   3.00675  7938.62  5185.31 2.71 2.53 -10.8 -0.418 18.29 18.59 03a59773o0267o
59774.308654  18.159  0.155   198   31 o  0   0.90 220.41696   3.00675   460.48  7506.59 3.15 2.68 -43.1 -0.427 18.71 19.53 01a59774o0148o
59774.311419  18.556  0.237   137   33 o  0   0.89 220.41696   3.00675   481.90  7544.69 3.04 2.58 -43.8 -0.438 18.73 19.52 01a59774o0154o
59774.319196  18.333  0.214   168   36 o  0   0.76 220.41696   3.00675   422.78  7470.11 3.29 2.88 -46.8 -0.402 18.57 19.49 01a59774o0171o
59774.331497  18.398  0.200   159   32 o  0   0.85 220.41696   3.00675   407.82  7586.79 2.97 2.58 -43.5 -0.432 18.64 19.44 01a59774o0198o
59776.298887  18.384  0.065   161   10 o  0   1.17 220.41696   3.00675   121.42  5130.01 2.03 1.86 -58.7 -0.420 19.61 20.81 02a59776o0116o
59776.302081 -21.545  1.551    -9   14 o  0  12.12 220.41696   3.00675   102.02  5092.70 2.04 1.89 -54.7 -0.421 19.54 20.78 02a59776o0123o
59776.305698  18.384  0.078   161   13 o  0   1.26 220.41696   3.00675 10245.82  5139.22 2.12 2.03 -42.5 -0.464 19.57 20.74 02a59776o0131o
59776.309779  18.404  0.086   158   14 o  0   0.91 220.41696   3.00675   160.94  5167.87 2.06 1.88 -57.5 -0.693 19.49 20.54 02a59776o0140o
59776.310231  18.446  0.093   152   14 o  0   0.95 220.41696   3.00675 10226.42  5098.13 2.15 2.01 -55.7 -0.476 19.52 20.59 02a59776o0141o
59776.315673  18.594  0.104   133   14 o  0   1.17 220.41696   3.00675 10286.90  5176.88 2.20 2.02 -58.9 -0.471 19.46 20.43 02a59776o0153o
59776.322993  18.271  0.067   178   12 o  0   1.33 220.41696   3.00675   182.68  5050.71 2.00 1.87 -56.6 -0.406 19.30 20.10 02a59776o0169o
59776.331612  18.175  0.083   195   16 o  0   1.06 220.41696   3.00675 10306.63  5062.04 2.24 2.05 -48.8 -0.462 19.28 20.01 02a59776o0188o
59776.789430  18.778  0.133   112   15 o  0   1.01 220.41696   3.00675  1378.15  9312.21 2.68 2.46 -42.5 -0.398 19.24 20.46 03a59777o0221o
59776.792154  18.420  0.104   156   16 o  0   1.05 220.41696   3.00675  1395.26  9350.58 2.75 2.43 -40.4 -0.403 19.27 20.40 03a59777o0227o
59776.797605  18.489  0.105   146   15 o  0   1.33 220.41696   3.00675  1337.59  9272.95 2.67 2.39 -33.7 -0.398 19.18 20.24 03a59777o0239o
59776.807170  18.425  0.113   155   18 o  0   1.00 220.41696   3.00675  1311.56  9389.27 2.79 2.42 -35.4 -0.401 19.08 20.08 03a59777o0260o
59778.328603  18.375  0.088   162   14 o  0   1.06 220.41696   3.00675  4144.51  9850.20 2.79 2.64 -45.5 -0.477 19.40 20.91 01a59778o0186o
59778.333616  18.608  0.113   131   15 o  0   0.85 220.41696   3.00675  4164.50  9890.28 3.01 2.94  85.9 -0.438 19.35 20.91 01a59778o0197o
59778.337260  18.382  0.086   161   14 o  0   1.35 220.41696   3.00675  4104.93  9813.69 2.92 2.84 -65.5 -0.448 19.32 20.90 01a59778o0205o
59778.352293  18.312  0.082   172   14 o  0   1.25 220.41696   3.00675  4086.20  9933.13 3.01 2.93 -78.4 -0.432 19.27 20.82 01a59778o0238o
59780.269184  18.713  0.090   119   11 c  0   1.53 220.41696   3.00675   285.59  9025.26 2.71 2.29 -56.3 -0.442 19.52 21.16 02a59780o0060c
59780.272817  18.731  0.102   117   12 c  0   1.14 220.41696   3.00675   266.25  8986.87 2.51 2.15 -54.6 -0.438 19.60 21.17 02a59780o0068c
59780.278263  18.842  0.113   106   12 c  0   0.87 220.41696   3.00675   324.34  9064.68 2.51 2.14 -56.6 -0.430 19.58 21.17 02a59780o0080c
59780.285548  18.639  0.092   127   12 c  0   0.85 220.41696   3.00675 10444.57  9035.58 2.88 2.75 -49.7 -0.383 19.56 21.20 02a59780o0096c
59780.288725  18.574  0.087   135   12 c  0   1.09 220.41696   3.00675 10424.66  8992.46 2.97 2.83 -57.4 -0.381 19.50 21.30 02a59780o0103c
59780.289629  18.691  0.084   121   10 c  0   1.38 220.41696   3.00675   345.24  8944.55 2.68 2.31 -58.4 -0.427 19.49 21.14 02a59780o0105c
59780.294612  18.616  0.116   130   15 c  0   1.38 220.41696   3.00675 10485.07  9073.28 3.58 3.36 -62.8 -0.367 19.32 21.19 02a59780o0116c
59780.306862  18.707  0.134   119   16 c  0   1.02 220.41696   3.00675 10504.18  8956.71 2.96 2.82 -50.2 -0.379 19.53 21.18 02a59780o0143c
59780.847579  18.454  0.070   151   11 o  0   1.99 220.41696   3.00675  1352.07  9282.68 2.59 2.33 -45.8 -0.410 19.44 20.88 03a59781o0284o
59780.860798  18.401  0.082   158   13 o  0   1.24 220.41696   3.00675  1334.91  9400.07 2.53 2.21 -42.1 -0.423 19.45 20.74 03a59781o0303o
59783.026897  18.926  0.120    98   12 o  0   1.23 220.41696   3.00675  4329.92  7171.66 2.47 2.24 -77.6 -0.384 19.22 20.66 04a59783o0172o
59783.030264  18.723  0.101   118   12 o  0   1.37 220.41696   3.00675  4350.60  7208.92 2.49 2.19 -69.8 -0.390 19.25 20.66 04a59783o0179o
59783.036250  18.759  0.100   114   11 o  0   1.13 220.41696   3.00675  4295.71  7127.47 2.39 2.07 -73.3 -0.394 19.30 20.67 04a59783o0192o
59783.048228  18.634  0.092   128   12 o  0   1.19 220.41696   3.00675  4280.63  7236.90 2.51 2.17 -72.0 -0.380 19.27 20.77 04a59783o0218o
59784.253989  19.404  0.208    63   13 c  0   1.60 220.41696   3.00675   293.78  9026.57 2.55 2.14 -62.2 -0.435 19.20 20.38 02a59784o0027c
59784.257619  18.899  0.108   100   11 c  0   1.22 220.41696   3.00675   273.18  8988.54 2.59 2.14 -60.8 -0.426 19.45 20.81 02a59784o0035c
59784.259437  18.741  0.103   116   12 c  0   1.31 220.41696   3.00675 10451.26  9036.81 2.77 2.71 -70.5 -0.377 19.54 20.99 02a59784o0039c
59784.263057  18.594  0.089   133   12 c  0   1.01 220.41696   3.00675 10431.47  8998.56 2.81 2.76 -80.5 -0.381 19.63 21.13 02a59784o0047c
59784.268053  18.644  0.098   127   12 c  0   0.91 220.41696   3.00675   332.06  9068.64 2.57 2.08 -60.1 -0.437 19.60 21.16 02a59784o0058c
59784.269417  18.680  0.131   122   16 c  0   1.03 220.41696   3.00675 10492.40  9075.61 2.93 2.73 -61.7 -0.376 19.61 21.21 02a59784o0061c
59784.278930  18.645  0.086   126   11 c  0   1.23 220.41696   3.00675   352.03  8949.87 2.48 2.08 -58.3 -0.438 19.59 21.16 02a59784o0082c
59784.280286  18.924  0.168    98   16 c  0   1.27 220.41696   3.00675 10509.62  8960.93 2.98 2.69 -63.4 -0.380 19.60 21.21 02a59784o0085c
59784.775076  18.752  0.080   115    9 c  0   1.35 220.41696   3.00675  2150.59  3332.47 2.57 2.46 -53.6 -0.405 19.74 21.76 03a59785o0119c
59784.778393  18.911  0.089    99    9 c  0   1.00 220.41696   3.00675  2168.02  3372.14 2.53 2.41 -55.4 -0.405 19.76 21.76 03a59785o0125c
59784.783856  18.842  0.089   106    9 c  0   1.35 220.41696   3.00675  2110.33  3293.45 2.64 2.54 -50.5 -0.401 19.73 21.76 03a59785o0137c
59784.795318  18.653  0.068   126    8 c  0   1.39 220.41696   3.00675  2087.63  3409.40 2.68 2.59 -47.7 -0.396 19.68 21.76 03a59785o0162c
59786.249305  18.682  0.167   122   20 o  0   1.02 220.41696   3.00675  7933.57  3057.09 2.65 2.64 -86.4 -0.473 18.87 19.65 01a59786o0033o
59786.252496  18.774  0.140   112   16 o  0   1.19 220.41696   3.00675  7952.99  3095.03 2.67 2.60 -63.7 -0.477 19.14 20.17 01a59786o0040o
59786.274390  18.909  0.134    99   13 o  0   1.42 220.41696   3.00675  7894.08  3022.21 2.68 2.54 -66.6 -0.490 19.29 20.50 01a59786o0088o
59786.284144  18.897  0.135   100   14 o  0   1.13 220.41696   3.00675  7881.03  3140.87 2.67 2.55 -68.6 -0.490 19.30 20.52 01a59786o0109o
59787.009009  19.109  0.209    82   17 o  0   1.12 220.41696   3.00675  8205.65  6975.57 3.00 2.53 -14.8 -0.395 19.04 20.45 04a59787o0133o
59787.012199  19.015  0.186    90   17 o  0   0.89 220.41696   3.00675  8227.10  7012.50 2.95 2.48 -18.8 -0.395 19.06 20.46 04a59787o0140o
59787.018584  18.841  0.142   106   15 o  0   1.13 220.41696   3.00675  8170.27  6931.19 2.98 2.46 -21.5 -0.396 19.07 20.52 04a59787o0154o
59787.028644  18.992  0.154    92   14 o  0   1.43 220.41696   3.00675  8154.68  7041.93 2.85 2.38 -21.5 -0.395 19.13 20.50 04a59787o0176o
59788.252196  18.847  0.185   105   19 c  0   0.79 220.41696   3.00675  4427.97  5417.28 2.50 2.31  37.6 -0.413 19.10 20.24 02a59788o0027c
59788.255360  18.813  0.116   108   13 c  0   1.03 220.41696   3.00675  4408.19  5378.97 2.42 2.28  39.0 -0.414 19.40 20.71 02a59788o0034c
59788.277154  18.831  0.108   107   12 c  0   1.03 220.41696   3.00675  4467.27  5460.58 2.38 2.33  73.5 -0.416 19.62 21.24 02a59788o0082c
59788.286754  18.772  0.097   112   11 c  0   0.85 220.41696   3.00675  4484.53  5344.61 2.36 2.30  66.7 -0.411 19.64 21.24 02a59788o0103c
59788.758076  18.960  0.084    95    8 c  0   1.00 220.41696   3.00675  2147.85  3332.31 2.45 2.28 -55.0 -0.403 19.79 21.77 03a59789o0117c
59788.761833  18.777  0.075   112    8 c  0   1.15 220.41696   3.00675  2165.00  3371.39 2.55 2.39 -52.3 -0.399 19.71 21.77 03a59789o0125c
59788.767467  19.069  0.105    86    9 c  0   1.25 220.41696   3.00675  2107.22  3293.17 2.55 2.39 -50.0 -0.400 19.72 21.76 03a59789o0137c
59788.780228  18.877  0.090   102    9 c  0   1.06 220.41696   3.00675  2083.29  3409.71 2.58 2.42 -47.2 -0.397 19.70 21.73 03a59789o0164c
59791.000458  18.845  0.140   105   15 c  0   0.85 220.41696   3.00675  8205.57  6977.35 3.47 2.97 -16.0 -0.352 19.25 21.47 04a59791o0111c
59791.003617  18.918  0.124    98   12 c  0   1.04 220.41696   3.00675  8225.92  7014.41 3.10 2.64 -20.1 -0.379 19.35 21.45 04a59791o0118c
59791.009036  18.947  0.135    96   13 c  0   1.39 220.41696   3.00675  8169.30  6934.23 3.29 2.83 -24.2 -0.362 19.30 21.50 04a59791o0130c
59791.020991  19.021  0.126    90   11 c  0   1.13 220.41696   3.00675  8153.35  7044.23 3.20 2.75 -18.7 -0.370 19.35 21.48 04a59791o0156c
59796.783106  19.806  0.751    43   33 o  0   0.84 220.41696   3.00675  5788.16  9704.89 2.64 2.27 -39.5 -0.404 18.46 18.86 03a59797o0189o
59796.786340  19.222  0.636    74   47 o  0   0.64 220.41696   3.00675  5806.63  9744.06 2.65 2.17 -41.2 -0.396 18.26 18.66 03a59797o0196o
59796.791480  18.984  0.398    93   37 o  0   0.69 220.41696   3.00675  5750.39  9664.14 2.57 2.25 -33.4 -0.401 18.47 18.86 03a59797o0207o
59796.801295  18.924  0.360    98   35 o  0   1.11 220.41696   3.00675  5727.13  9778.04 2.58 2.12 -35.3 -0.402 18.26 18.39 03a59797o0228o
59799.012854  19.937  0.771    38   30 o  0   1.07 220.41696   3.00675  4058.44  1353.67 2.76 2.63  48.1 -0.376 18.40 19.15 04a59799o0060o
59799.016008  18.600  0.233   132   31 o  0   0.65 220.41696   3.00675  4078.63  1391.73 2.68 2.59  41.6 -0.379 18.42 19.15 04a59799o0067o
59799.022404  19.207  0.423    75   32 o  0   1.14 220.41696   3.00675  4021.49  1309.97 3.13 2.99  56.2 -0.349 18.31 19.15 04a59799o0081o
